1
5.982476e-01
5.994036e-02
7.219631e-02
0
0
1.154264e-01
2.105014e-01
0
3.397574e-02
5.927234e-01
6.399092e-01
3.929410e-01
4.548622e-01
5.821703e-02
0
0
0
5.988626e-01
3.558266e-01
0
0
0
4.416691e-03
4.268277e-02
0
3.712697e-02
1.011214e-01
0
0
5.319804e-02
0
0
0
0
0
0
2.157495e-01
0
2.794649e-01
0
0
0
0
0
0
0
0
1.806455e-01
1.795561e-01
1.610833e-01
4.966193e-01
2.562394e-01
1.571272e-01
8.369734e-02
2.578780e-01
4.721836e-01
5.419405e-01
3.707817e-01
3.773034e-01
9.475626e-02
1.869427e-01
2.225956e-01
5.450722e-01
0
2.928021e-01
0
0
0
9.224531e-02
0
0
0
0
0
0
0
0
0
3.584870e-02
1.468954e-02
0
1.867541e-01
0
0
1.267259e-01
1.504037e-01
0
2.747202e-01
5.909442e-01
0
0
0
0
5.190572e-02
2.431342e-01
0
1.716962e-01
0
0
2.206194e-01
0
0
0
0
2.422373e-02
0
0
2.220441e-01
1.670673e-01
2.399440e-01
1.309785e-01
1.534906e-01
0
4.048083e-01
1.451741e-01
5.982476e-01
1.000000e+00
2.689834e-01
0
2.697367e-01
1.231659e-01
0
0
0
7.320984e-02
2.689449e-01
3.528229e-01
0
8.354603e-02
1.895442e-01
0
3.363046e-02
1.205830e-01
7.054580e-01
5.228352e-01
0
1.414490e-02
9.878800e-02
1.607563e-01
2.851512e-01
1.096376e-01
2.784073e-01
4.595097e-01
0
1.338402e-02
1.985638e-01
0
1.087577e-01
0
0
0
0
2.967320e-01
0
4.102448e-01
0
0
0
0
0
0
0
0
2.075047e-02
0
1.256762e-01
3.124693e-01
3.563820e-01
1.541896e-01
9.510510e-02
0
6.831781e-01
6.811516e-01
0
0
0
0
0
2.657677e-01
0
2.243583e-01
0
0
0
0
1.233140e-01
0
0
0
0
0
0
0
1.562953e-01
2.480005e-01
3.244410e-01
3.929990e-01
3.570238e-01
1.181849e-01
0
0
4.475102e-01
1.856455e-03
2.557184e-01
3.976954e-01
0
0
0
0
3.510672e-01
6.747544e-01
0
3.536050e-01
0
0
0
0
0
0
7.981582e-02
3.762977e-01
0
0
5.344545e-01
4.917097e-01
5.469914e-01
2.249553e-01
0
0
5.160774e-01
4.977333e-01
5.994036e-02
2.689834e-01
1.000000e+00
4.564753e-01
7.357604e-01
4.802395e-01
6.717619e-01
2.266297e-02
4.763170e-01
2.392050e-01
1.817560e-01
0
3.766788e-03
8.590787e-02
5.150943e-01
0
0
0
5.664565e-01
2.440999e-01
3.957981e-01
4.006300e-01
6.921675e-01
7.270310e-01
7.592101e-01
8.015220e-01
6.527966e-01
5.686118e-01
0
0
7.382396e-01
4.046433e-01
0
0
2.209362e-01
0
0
0
0
0
0
0
0
0
0
0
0
0
0
0
0
0
6.256926e-02
0
0
0
0
0
0
0
0
0
0
0
3.379367e-01
5.562375e-01
0
0
0
0
2.492424e-01
0
0
0
0
0
0
0
0
0
0
2.662610e-01
6.958846e-02
1.229169e-01
3.100984e-01
2.372770e-01
3.170927e-01
2.023582e-01
3.531014e-01
0
0
5.427634e-02
1.723277e-02
1.846968e-01
6.899333e-02
5.533555e-01
0
2.781639e-01
0
0
0
1.193771e-01
0
0
3.475009e-01
4.906694e-01
0
0
3.338155e-01
4.522557e-01
5.556795e-01
0
0
0
1.818554e-01
2.979312e-01
7.219631e-02
0
4.564753e-01
1.000000e+00
1.914543e-01
6.582047e-01
5.397579e-01
7.558668e-01
3.306835e-01
6.607440e-01
2.820514e-01
3.927579e-01
3.797963e-01
4.647224e-01
3.435107e-01
3.990105e-01
0
0
3.973785e-01
4.329839e-01
1.333468e-01
3.176102e-01
5.167560e-01
5.854678e-01
2.376430e-01
1.881377e-01
2.720140e-01
7.590923e-02
0
1.059286e-01
3.787828e-01
4.013819e-01
0
0
1.095209e-01
1.773482e-01
0
0
0
0
0
0
0
0
0
0
0
0
0
0
0
0
5.805803e-02
0
0
0
0
0
0
0
0
3.638296e-01
0
1.259105e-01
3.051758e-01
4.026252e-01
7.860560e-02
0
2.088709e-01
3.557924e-01
3.545021e-01
6.034194e-01
1.441951e-01
2.070002e-01
4.028901e-02
3.327510e-01
0
0
0
9.224051e-02
0
2.162606e-01
0
0
5.227440e-01
5.128255e-01
8.840374e-02
6.867967e-02
2.704128e-02
2.192791e-01
1.083481e-01
0
2.081409e-01
0
0
2.494916e-01
0
0
0
0
0
3.559664e-01
0
0
0
0
1.283487e-01
0
3.379308e-01
2.659821e-01
2.611072e-01
0
0
0
0
0
0
2.697367e-01
7.357604e-01
1.914543e-01
1
5.937213e-01
4.999152e-01
0
6.312526e-01
3.554631e-01
0
0
0
1.110983e-02
5.606285e-01
0
0
0
4.925386e-01
4.143712e-01
6.871972e-01
5.769273e-01
5.156464e-01
4.933780e-01
7.543528e-01
8.924400e-01
8.923693e-01
7.678987e-01
0
0
5.345367e-01
1.200930e-01
0
0
5.118240e-01
9.888173e-02
0
0
1.099434e-01
0
0
0
0
0
0
0
0
0
0
0
0
0
2.892299e-02
0
0
0
0
0
0
0
0
0
0
0
4.818528e-01
4.316199e-01
0
0
6.739715e-02
0
1.132653e-01
0
0
0
0
0
0
0
0
0
0
3.744906e-01
0
0
4.270233e-01
1.146266e-01
1.621511e-01
5.463382e-02
1.571997e-01
0
0
1.765575e-01
1.413488e-01
3.040655e-01
2.480620e-01
4.733241e-01
0
5.282884e-01
0
0
0
1.913084e-01
0
0
3.810205e-01
4.999671e-01
0
0
3.415510e-02
1.819147e-01
4.169647e-01
0
0
0
1.038558e-01
3.665968e-01
0
1.231659e-01
4.802395e-01
6.582047e-01
5.937213e-01
1
4.642841e-01
5.431562e-01
6.847673e-01
7.650744e-01
2.264246e-01
3.465788e-01
3.627942e-01
5.245711e-01
7.547044e-01
5.412181e-01
0
0
5.024461e-01
6.309421e-01
3.810402e-01
4.809754e-01
7.107508e-01
6.902932e-01
3.926711e-01
4.585235e-01
5.905418e-01
5.228581e-01
0
0
3.419051e-01
1.723486e-01
0
0
3.402287e-01
2.391835e-01
0
0
0
0
1.243171e-02
0
0
0
0
0
0
0
0
0
0
0
0
0
0
0
0
0
0
0
0
2.264412e-01
0
0
5.033857e-01
3.485636e-01
0
0
3.697566e-01
2.570925e-01
2.098510e-01
4.356732e-01
1.254660e-01
8.020248e-02
0
9.701774e-02
0
0
0
2.001855e-01
1.359020e-01
4.413572e-01
0
0
6.727770e-01
3.561340e-01
0
0
0
0
1.716120e-01
1.487646e-02
4.982616e-01
1.385503e-01
0
3.687278e-01
0
1.564579e-01
0
0
0
3.535676e-01
0
0
0
1.059171e-01
0
3.388142e-02
1.439234e-01
8.562873e-02
2.753607e-01
0
0
0
1.244224e-01
4.618484e-02
1.154264e-01
0
6.717619e-01
5.397579e-01
4.999152e-01
4.642841e-01
1.000000e+00
4.120025e-01
4.512467e-01
5.539729e-01
8.742900e-02
1.498371e-01
4.021635e-01
3.396779e-01
4.376828e-01
1.200211e-01
0
0
4.538407e-01
3.342457e-01
3.468246e-01
3.201860e-01
3.013102e-01
4.088148e-01
4.357065e-01
6.252232e-01
5.810643e-01
4.220084e-01
0
0
3.063050e-01
1.427344e-01
0
4.624332e-02
2.922186e-01
2.228748e-01
0
0
0
0
0
0
0
0
0
0
0
0
0
0
0
0
0
6.758433e-03
0
0
0
0
0
0
0
2.357561e-01
0
0
2.391625e-01
5.306629e-01
1.250889e-01
8.317193e-03
1.068125e-01
2.908003e-01
1.412282e-01
1.983751e-01
0
0
0
0
0
0
0
0
0
0
0
0
2.551965e-01
3.877508e-01
3.610272e-02
0
8.227099e-02
0
2.089102e-01
2.966198e-01
2.975635e-01
3.307662e-01
0
3.665048e-01
0
3.519658e-01
0
0
2.511583e-01
1.940278e-01
4.546960e-02
0
2.045525e-01
1.626435e-01
0
7.160867e-02
1.449480e-02
2.074169e-01
2.712862e-01
0
0
0
0
8.903158e-02
2.105014e-01
0
2.266297e-02
7.558668e-01
0
5.431562e-01
4.120025e-01
1
2.484482e-01
8.173578e-01
1.739426e-01
7.218719e-01
6.202259e-01
7.623591e-01
3.140939e-01
6.492110e-01
0
0
3.635062e-01
5.779656e-01
9.080753e-02
3.240664e-01
9.635144e-02
2.081900e-01
0
0
2.155219e-01
1.213475e-01
0
1.443714e-01
0
0
0
3.322222e-02
1.420262e-02
7.950853e-02
0
0
0
0
3.636763e-03
9.609776e-02
0
0
0
0
0
0
0
0
0
0
3.204440e-02
3.143423e-01
0
0
0
4.664612e-02
5.406567e-02
3.003060e-01
2.523239e-01
6.898864e-01
0
3.781277e-01
4.604755e-03
2.513755e-01
0
0
4.328922e-01
6.618270e-01
2.563024e-01
6.046098e-01
2.444346e-01
3.758600e-01
5.556562e-02
4.242197e-01
0
0
0
0
0
8.830269e-02
0
0
1.399931e-01
3.499095e-01
0
0
0
1.783907e-01
4.480618e-01
0
3.794236e-01
0
0
1.892109e-01
0
3.731849e-02
0
0
1.827149e-01
2.072524e-01
0
0
0
0
2.147962e-01
1.407693e-01
0
0
6.362957e-02
0
0
0
3.282104e-02
7.552596e-02
0
0
4.763170e-01
3.306835e-01
6.312526e-01
6.847673e-01
4.512467e-01
2.484482e-01
1.000000e+00
5.038992e-01
0
0
5.092717e-02
1.385762e-01
7.404105e-01
4.005248e-01
0
0
2.331665e-01
3.388714e-01
5.315388e-01
5.543906e-01
4.402319e-01
5.088733e-01
3.229725e-01
5.664593e-01
5.112983e-01
5.388076e-01
0
0
3.080447e-01
2.546948e-01
0
0
3.438199e-01
2.437543e-01
0
0
0
0
0
2.199231e-01
0
0
0
0
0
0
0
0
0
0
0
0
0
0
0
0
0
0
0
0
0
0
5.365090e-01
4.532883e-02
0
0
9.046168e-02
1.603455e-01
0
9.582202e-02
0
0
0
0
0
0
0
0
0
1.569459e-01
8.868491e-02
3.801452e-02
4.575536e-01
0
2.017408e-01
2.461934e-01
0
0
1.584741e-01
2.428088e-01
2.693392e-01
4.322055e-01
2.989715e-01
4.162628e-01
0
2.206251e-01
0
0
0
4.817470e-01
4.598146e-03
0
4.528003e-01
3.825129e-01
5.278109e-02
3.298482e-01
1.730380e-01
3.391449e-01
4.289371e-01
0
0
0
1.501546e-01
3.342820e-01
3.397574e-02
7.320984e-02
2.392050e-01
6.607440e-01
3.554631e-01
7.650744e-01
5.539729e-01
8.173578e-01
5.038992e-01
1
9.826498e-02
5.703725e-01
6.155469e-01
6.795632e-01
5.156837e-01
6.003002e-01
0
0
4.180610e-01
5.871485e-01
1.820353e-01
3.433201e-01
3.222206e-01
3.359919e-01
3.068746e-01
2.800347e-01
4.851092e-01
3.561564e-01
0
0
3.185120e-02
0
0
0
3.326589e-01
2.066809e-01
0
0
0
0
0
0
0
0
0
0
0
0
0
0
0
0
2.556331e-02
2.686441e-01
0
0
0
0
0
0
9.249260e-02
6.514917e-01
0
6.609582e-02
3.398840e-01
4.957457e-01
0
0
4.502686e-01
5.304077e-01
1.333825e-01
4.521776e-01
4.505532e-02
1.531911e-01
0
2.177495e-01
0
0
0
1.481785e-02
0
3.535323e-01
0
0
3.898340e-01
4.087447e-01
0
0
0
2.868746e-02
4.849754e-01
4.043746e-02
5.071122e-01
1.097200e-01
0
3.356013e-01
0
2.366958e-01
0
0
2.318972e-01
3.232451e-01
0
0
0
0
0
1.399206e-01
0
0
1.579653e-01
0
0
0
0
1.036244e-01
5.927234e-01
2.689449e-01
1.817560e-01
2.820514e-01
0
2.264246e-01
8.742900e-02
1.739426e-01
0
9.826498e-02
1.000000e+00
5.675055e-01
4.283598e-01
5.263974e-01
3.064767e-01
1.802353e-01
8.272075e-02
7.320970e-02
3.528614e-01
1.727748e-01
0
0
4.496118e-01
3.274170e-01
8.390853e-02
0
2.133852e-02
0
1.512302e-01
2.976373e-01
2.227041e-01
3.148099e-02
0
1.669327e-03
0
0
0
0
0
0
2.493360e-02
0
0
0
0
0
0
0
0
0
0
0
0
0
0
0
1.292064e-01
2.817271e-01
2.124455e-02
8.216875e-02
1.450436e-02
1.331202e-01
3.862387e-01
4.447751e-01
0
2.847047e-01
0
0
8.763951e-03
4.078720e-02
1.488780e-01
2.129734e-01
5.337087e-02
4.870043e-02
1.324033e-01
0
0
0
0
2.219241e-01
3.425866e-01
2.434999e-01
1.937647e-01
8.364450e-02
1.319597e-01
4.306164e-01
0
0
2.330374e-01
3.486808e-01
0
0
2.303884e-01
0
0
0
0
0
0
0
0
1.637351e-01
0
0
0
0
0
0
3.076033e-01
5.391155e-02
4.543435e-02
0
0
0
0
0
6.399092e-01
3.528229e-01
0
3.927579e-01
0
3.465788e-01
1.498371e-01
7.218719e-01
0
5.703725e-01
5.675055e-01
1
6.262675e-01
8.647782e-01
2.556367e-01
4.761222e-01
1.161188e-01
1.987537e-02
5.090571e-01
5.837186e-01
0
8.264743e-03
6.992388e-02
7.972564e-02
0
0
1.751459e-01
1.515495e-01
1.029791e-01
2.574901e-01
0
0
1.474923e-02
9.942925e-02
0
0
0
1.896583e-02
0
6.574234e-04
0
0
0
0
0
0
0
0
0
0
0
2.597624e-02
6.167080e-02
2.703536e-01
0
0
3.921141e-01
4.206657e-01
2.357256e-01
3.815259e-01
2.602340e-01
5.684799e-01
3.456076e-01
6.127993e-01
0
3.091063e-01
0
0
4.739682e-01
5.489908e-01
2.720513e-01
4.394299e-01
1.661209e-01
2.231128e-01
7.638505e-02
1.453246e-01
0
0
3.037010e-02
2.538899e-01
3.332659e-01
2.575276e-01
0
0
0
3.294748e-01
0
0
0
4.998874e-01
1.956241e-01
0
3.543148e-01
0
0
1.369407e-01
0
7.324175e-02
0
0
3.398163e-01
0
0
0
0
0
0
0
0
0
0
0
0
0
9.114312e-02
0
3.929410e-01
0
3.766788e-03
3.797963e-01
0
3.627942e-01
4.021635e-01
6.202259e-01
5.092717e-02
6.155469e-01
4.283598e-01
6.262675e-01
1.000000e+00
8.238763e-01
3.294852e-01
6.385060e-01
0
0
1.626672e-01
2.510468e-01
0
0
2.576137e-01
2.204489e-01
8.910114e-02
0
1.401869e-01
0
0
0
0
0
0
0
0
0
0
0
0
0
0
0
0
0
0
0
0
0
0
0
0
0
0
4.014612e-02
0
0
0
0
2.119853e-01
2.857750e-01
4.116608e-01
6.425871e-01
7.486819e-02
2.831195e-01
0
4.807602e-01
0
4.821809e-02
1.872495e-01
3.347873e-01
0
2.563871e-01
0
0
0
1.267497e-02
0
0
0
0
0
0
0
0
3.318175e-02
5.585883e-01
0
0
0
1.320932e-01
4.192724e-01
2.173106e-01
6.567029e-01
2.021792e-01
0
0
0
4.327895e-02
0
0
4.354691e-01
2.048895e-01
1.868329e-01
9.842438e-02
0
0
0
3.201748e-01
0
0
0
0
9.051692e-02
0
0
0
4.548622e-01
8.354603e-02
8.590787e-02
4.647224e-01
1.110983e-02
5.245711e-01
3.396779e-01
7.623591e-01
1.385762e-01
6.795632e-01
5.263974e-01
8.647782e-01
8.238763e-01
1
5.206525e-01
7.403450e-01
0
0
4.390781e-01
5.092989e-01
6.559397e-02
1.664203e-01
3.095840e-01
3.249909e-01
6.954392e-02
2.547524e-03
3.158353e-01
2.580077e-01
0
8.316811e-02
0
0
0
0
0
0
0
0
0
0
0
0
0
0
0
0
0
0
0
0
0
0
0
1.303663e-01
0
0
6.631226e-02
1.248412e-01
1.343332e-01
2.436075e-01
2.455865e-01
6.193456e-01
2.290448e-01
5.234575e-01
0
3.849437e-01
0
0
3.668415e-01
5.196013e-01
1.508738e-01
3.949454e-01
1.394718e-01
1.578071e-01
0
6.461948e-02
0
0
0
1.411930e-02
9.579430e-02
1.045316e-01
0
0
1.775100e-02
4.363777e-01
0
0
0
1.998413e-01
3.425698e-01
4.400624e-02
6.452193e-01
8.965545e-02
0
1.530857e-01
0
1.067235e-01
0
0
3.844885e-01
1.607731e-01
1.297374e-01
0
0
0
1.041942e-02
2.289598e-01
0
0
4.978614e-02
0
0
0
7.907694e-02
0
5.821703e-02
1.895442e-01
5.150943e-01
3.435107e-01
5.606285e-01
7.547044e-01
4.376828e-01
3.140939e-01
7.404105e-01
5.156837e-01
3.064767e-01
2.556367e-01
3.294852e-01
5.206525e-01
1
5.363221e-01
0
0
5.317442e-01
4.323092e-01
3.447123e-01
3.066863e-01
6.341442e-01
5.903488e-01
4.635173e-01
5.104994e-01
5.249298e-01
5.543708e-01
0
0
3.926528e-01
1.480305e-01
0
0
1.445381e-01
0
0
0
0
0
0
0
0
0
0
0
0
0
0
0
0
0
7.423100e-02
0
0
0
0
0
0
0
0
2.909390e-02
0
4.533987e-02
2.803320e-01
2.914845e-01
0
0
8.002472e-02
1.200853e-01
0
2.040005e-01
0
0
0
0
0
0
0
2.956441e-02
5.401496e-02
2.543087e-01
6.138871e-02
0
4.148045e-01
1.457518e-01
3.903160e-02
0
1.458956e-01
0
9.326582e-02
1.643546e-01
4.487687e-01
2.696099e-01
3.468205e-02
3.748871e-01
0
1.112905e-01
0
0
0
3.014831e-01
8.401260e-02
0
3.499277e-01
1.919767e-01
0
1.012270e-01
1.875147e-01
1.998286e-01
3.142389e-01
0
0
0
2.306190e-01
1.118369e-01
0
0
0
3.990105e-01
0
5.412181e-01
1.200211e-01
6.492110e-01
4.005248e-01
6.003002e-01
1.802353e-01
4.761222e-01
6.385060e-01
7.403450e-01
5.363221e-01
1
0
0
1.265976e-01
2.382966e-01
9.709253e-02
2.241051e-01
2.963625e-01
2.608102e-01
0
0
1.238109e-02
3.887325e-02
1.731235e-02
2.018468e-01
0
1.485109e-01
0
0
0
1.258278e-01
0
0
0
0
2.884238e-01
2.119014e-01
0
0
0
0
0
0
0
0
0
0
0
7.417654e-02
0
0
0
0
0
0
3.216501e-01
3.999156e-01
3.056528e-01
3.352307e-01
0
8.757715e-03
0
6.008722e-03
3.154815e-01
4.303449e-01
0
4.398555e-01
3.536780e-01
3.592430e-01
1.648052e-01
2.852385e-01
0
0
0
1.430382e-01
6.107230e-02
0
0
4.511039e-02
9.420966e-02
1.432371e-01
0
0
0
0
4.442138e-01
9.768486e-02
5.797504e-01
1.720753e-01
0
0
0
0
0
0
1.674403e-01
2.994821e-01
2.608217e-01
1.118191e-01
0
0
3.654144e-01
4.685864e-01
0
0
1.276545e-02
0
0
0
1.153676e-01
0
0
3.363046e-02
0
0
0
0
0
0
0
0
8.272075e-02
1.161188e-01
0
0
0
0
1.000000e+00
7.037724e-01
0
0
0
0
0
0
0
0
0
0
7.961762e-01
6.095383e-01
0
0
6.014426e-01
5.476143e-01
0
0
4.476534e-01
3.574806e-01
2.506349e-01
4.528402e-01
4.833613e-01
4.599932e-01
1.669290e-01
2.954189e-01
6.175339e-02
2.903742e-02
2.744249e-01
7.603303e-02
2.156678e-01
0
1.803701e-01
0
1.440519e-02
5.194331e-02
1.745613e-01
2.429172e-01
5.351321e-01
3.983746e-01
0
0
1.033773e-01
0
6.081995e-01
1.969774e-01
0
0
0
0
3.971919e-01
2.031286e-01
9.143542e-02
3.082164e-01
4.687119e-01
5.098633e-01
3.680918e-01
3.969743e-01
2.586299e-01
3.289474e-01
8.005476e-01
5.319891e-01
7.911759e-01
3.033219e-01
1.474510e-01
1.299468e-01
0
0
0
0
0
3.925369e-02
0
0
0
0
0
0
5.174457e-02
0
6.081152e-01
5.523410e-01
0
0
0
2.161196e-01
0
0
0
0
0
0
0
3.681553e-01
8.239955e-02
1.883454e-01
0
0
0
1.205830e-01
0
0
0
0
0
0
0
0
7.320970e-02
1.987537e-02
0
0
0
0
7.037724e-01
1
0
0
0
0
0
0
0
0
0
0
6.677754e-01
6.743771e-01
0
0
5.825053e-01
3.336163e-01
1.261962e-02
0
5.379854e-01
4.499039e-01
2.694411e-01
5.003571e-01
4.514728e-01
4.093930e-01
9.523412e-02
1.933834e-01
9.295398e-02
5.080971e-02
2.525588e-01
5.616008e-02
6.884296e-02
0
8.645207e-02
0
0
0
2.632359e-01
2.702212e-01
5.865868e-01
4.847199e-01
1.264914e-02
3.321061e-02
0
0
4.770128e-01
1.711026e-01
0
0
1.141314e-02
2.514868e-02
1.755857e-01
0
3.446444e-01
1.659613e-01
4.735324e-01
5.208168e-01
5.217395e-01
3.344785e-01
3.478779e-01
4.048594e-01
7.594138e-01
6.416579e-01
6.936503e-01
4.776919e-01
2.145825e-01
4.611336e-01
0
0
0
2.542545e-01
0
2.297263e-01
0
0
0
0
0
0
2.021755e-01
0
5.976870e-01
2.086480e-01
0
0
0
0
0
0
2.888106e-02
0
0
0
0
1.162695e-01
0
8.301915e-02
0
0
5.988626e-01
7.054580e-01
5.664565e-01
3.973785e-01
4.925386e-01
5.024461e-01
4.538407e-01
3.635062e-01
2.331665e-01
4.180610e-01
3.528614e-01
5.090571e-01
1.626672e-01
4.390781e-01
5.317442e-01
1.265976e-01
0
0
1.000000e+00
7.301837e-01
1.567574e-01
3.295246e-01
3.364416e-01
3.569579e-01
4.348466e-01
4.103306e-01
5.699695e-01
6.063089e-01
0
0
4.042155e-01
0
8.329720e-02
0
0
0
0
0
0
0
0
0
0
0
0
0
0
0
0
0
0
0
2.456617e-01
1.233099e-01
0
0
3.379765e-01
3.144563e-01
0
0
0
1.349623e-01
0
3.530905e-01
0
3.929733e-01
0
0
1.322145e-01
1.950913e-01
1.794722e-01
1.678592e-01
0
0
0
0
0
0
0
2.100700e-01
1.164179e-01
2.588289e-01
1.503226e-01
0
2.967966e-02
0
3.444267e-01
0
1.610250e-01
2.601457e-01
0
0
0
0
1.320811e-01
6.365162e-01
0
4.090804e-01
0
0
2.413865e-02
0
0
0
1.096774e-01
1.875009e-01
0
0
2.395969e-01
3.075827e-01
5.663416e-01
0
0
0
4.628844e-01
4.721897e-01
3.558266e-01
5.228352e-01
2.440999e-01
4.329839e-01
4.143712e-01
6.309421e-01
3.342457e-01
5.779656e-01
3.388714e-01
5.871485e-01
1.727748e-01
5.837186e-01
2.510468e-01
5.092989e-01
4.323092e-01
2.382966e-01
0
0
7.301837e-01
1
3.514761e-01
6.045562e-01
1.678724e-01
2.744736e-01
8.419172e-02
1.733094e-01
6.062084e-01
6.227091e-01
0
3.900335e-02
4.084624e-02
0
2.431968e-02
0
0
0
0
0
0
0
0
0
0
0
0
0
0
0
0
0
0
0
1.831099e-01
2.741989e-01
0
0
2.496768e-01
1.814388e-01
0
0
0
2.520626e-01
0
2.629390e-01
0
1.375046e-01
0
0
5.613015e-01
4.510861e-01
2.613910e-01
3.329210e-01
0
0
0
4.240830e-03
0
0
2.620772e-02
1.078846e-01
1.986571e-01
2.436545e-01
0
0
2.152422e-01
8.244330e-02
4.489312e-02
0
0
2.087335e-01
1.404570e-02
0
1.469114e-01
0
3.417517e-01
4.268117e-01
0
3.747163e-01
0
0
1.145378e-01
1.334446e-02
0
0
1.189850e-02
1.753284e-01
0
0
1.507263e-01
1.778537e-01
3.502443e-01
0
0
0
3.108452e-01
4.244083e-01
0
0
3.957981e-01
1.333468e-01
6.871972e-01
3.810402e-01
3.468246e-01
9.080753e-02
5.315388e-01
1.820353e-01
0
0
0
6.559397e-02
3.447123e-01
9.709253e-02
0
0
1.567574e-01
3.514761e-01
1.000000e+00
8.146212e-01
2.440612e-01
2.473810e-01
2.984425e-01
6.176631e-01
7.234003e-01
5.678488e-01
0
0
3.317028e-01
2.524558e-01
0
0
4.273422e-01
2.491878e-01
0
0
0
0
3.345977e-02
0
9.986192e-02
0
1.790425e-01
3.522153e-02
0
0
0
0
0
0
0
0
0
0
0
0
0
0
0
0
0
0
2.795226e-01
4.434731e-02
1.291776e-01
0
2.411166e-01
1.375128e-01
1.011187e-01
4.196018e-02
1.621298e-02
0
0
0
0
0
0
0
0
0
0
0
2.000313e-01
6.586486e-02
0
0
0
0
2.384244e-01
3.999718e-01
2.482778e-01
5.220881e-01
2.963446e-01
3.271407e-02
0
3.934918e-01
0
0
6.224885e-02
3.838679e-01
3.728422e-01
1.317172e-01
3.621825e-01
3.784716e-01
0
1.846156e-01
0
0
2.031478e-01
0
2.705222e-01
0
0
3.182419e-01
0
1.414490e-02
4.006300e-01
3.176102e-01
5.769273e-01
4.809754e-01
3.201860e-01
3.240664e-01
5.543906e-01
3.433201e-01
0
8.264743e-03
0
1.664203e-01
3.066863e-01
2.241051e-01
0
0
3.295246e-01
6.045562e-01
8.146212e-01
1
2.012006e-01
3.384927e-01
1.371390e-01
3.931804e-01
6.272642e-01
5.787936e-01
0
0
2.358423e-01
2.044351e-01
0
0
2.231633e-01
5.761927e-02
0
0
0
0
6.116012e-02
1.994099e-01
0
0
0
0
0
0
0
0
0
0
9.449371e-02
1.632742e-01
0
0
0
0
0
0
0
0
0
0
1.414539e-01
0
0
0
4.333018e-01
4.443576e-01
3.751619e-01
2.888530e-01
1.491308e-01
3.292609e-02
0
1.068391e-01
0
0
0
0
0
6.666855e-02
0
0
1.108913e-01
0
1.667111e-02
9.900063e-02
0
0
1.417715e-01
3.646067e-02
6.175941e-02
1.724990e-01
3.106981e-01
2.254532e-01
0
3.090968e-01
0
0
3.675429e-02
1.832391e-01
1.155823e-01
0
1.599368e-01
3.173990e-01
0
1.726275e-01
0
5.207457e-02
2.895959e-01
0
3.998583e-02
0
2.219870e-01
5.611748e-01
0
9.878800e-02
6.921675e-01
5.167560e-01
5.156464e-01
7.107508e-01
3.013102e-01
9.635144e-02
4.402319e-01
3.222206e-01
4.496118e-01
6.992388e-02
2.576137e-01
3.095840e-01
6.341442e-01
2.963625e-01
0
0
3.364416e-01
1.678724e-01
2.440612e-01
2.012006e-01
1.000000e+00
8.940362e-01
6.350877e-01
5.440035e-01
4.256561e-01
3.078179e-01
0
0
7.571043e-01
5.303746e-01
0
0
1.957446e-01
2.610042e-02
0
0
0
0
0
0
0
0
0
0
0
0
0
0
0
0
0
0
0
0
0
0
0
0
0
0
0
0
5.049821e-01
5.191090e-01
0
0
0
0
1.661072e-01
1.455973e-01
0
0
0
0
0
0
0
1.502550e-01
5.334973e-02
3.717297e-01
7.312054e-02
1.401584e-01
6.183184e-01
4.566493e-01
1.251861e-01
1.507734e-01
3.897949e-01
4.939854e-03
0
0
3.453172e-01
1.381846e-01
0
2.928871e-01
0
0
0
0
0
3.630324e-01
0
0
0
3.061967e-01
0
0
3.665156e-01
2.060397e-01
3.575648e-01
0
0
0
1.252753e-01
0
4.416691e-03
1.607563e-01
7.270310e-01
5.854678e-01
4.933780e-01
6.902932e-01
4.088148e-01
2.081900e-01
5.088733e-01
3.359919e-01
3.274170e-01
7.972564e-02
2.204489e-01
3.249909e-01
5.903488e-01
2.608102e-01
0
0
3.569579e-01
2.744736e-01
2.473810e-01
3.384927e-01
8.940362e-01
1
5.229666e-01
5.009249e-01
4.506545e-01
3.737678e-01
0
0
6.832156e-01
4.672439e-01
0
0
4.399916e-02
0
0
0
0
0
0
0
0
0
0
0
0
0
0
0
0
0
5.107723e-03
0
0
0
0
0
0
0
0
0
0
0
4.124890e-01
4.300881e-01
0
0
0
3.875217e-02
3.301700e-01
1.462767e-01
0
0
0
0
0
0
0
0
0
2.319578e-01
6.934476e-02
1.217596e-01
5.331552e-01
4.207568e-01
2.200871e-01
1.965892e-01
2.538243e-01
0
0
0
3.084591e-01
8.520327e-02
5.892225e-03
4.495488e-01
0
1.009451e-01
0
0
0
2.421905e-01
0
0
4.802629e-02
5.051556e-01
0
6.691404e-02
5.046572e-01
3.659113e-01
4.370750e-01
0
0
0
3.291167e-01
4.646017e-02
4.268277e-02
2.851512e-01
7.592101e-01
2.376430e-01
7.543528e-01
3.926711e-01
4.357065e-01
0
3.229725e-01
3.068746e-01
8.390853e-02
0
8.910114e-02
6.954392e-02
4.635173e-01
0
0
0
4.348466e-01
8.419172e-02
2.984425e-01
1.371390e-01
6.350877e-01
5.229666e-01
1
8.079868e-01
6.302848e-01
4.562972e-01
0
0
6.991017e-01
2.113880e-01
0
0
3.766490e-01
0
0
0
1.993598e-01
0
0
0
0
0
0
0
0
0
0
0
0
0
1.522209e-01
0
0
0
0
0
0
0
0
6.536963e-02
0
0
4.119618e-01
8.114562e-01
0
0
0
0
0
0
0
0
0
0
0
0
0
0
0
3.731129e-01
0
0
3.212776e-01
3.311629e-01
1.655149e-01
1.348311e-01
5.539590e-01
5.377629e-02
0
2.420741e-02
9.493959e-02
1.168810e-01
0
4.414845e-01
0
3.690525e-01
0
0
0
7.590514e-02
0
0
1.988946e-01
3.294596e-01
0
0
1.483216e-01
1.596729e-01
3.752237e-01
0
0
0
1.228734e-01
1.897006e-01
0
1.096376e-01
8.015220e-01
1.881377e-01
8.924400e-01
4.585235e-01
6.252232e-01
0
5.664593e-01
2.800347e-01
0
0
0
2.547524e-03
5.104994e-01
0
0
0
4.103306e-01
1.733094e-01
6.176631e-01
3.931804e-01
5.440035e-01
5.009249e-01
8.079868e-01
1
8.021101e-01
6.490905e-01
0
0
6.179945e-01
2.363756e-01
0
0
4.347603e-01
1.510685e-01
0
0
8.149344e-02
0
0
0
0
0
1.153776e-02
0
0
0
0
0
0
0
0
0
0
0
0
0
0
0
0
0
0
0
4.259840e-01
5.421342e-01
7.560562e-02
0
0
0
2.826277e-02
0
0
0
0
0
0
0
0
0
0
2.247532e-01
0
0
3.477966e-01
2.486171e-01
1.759988e-01
1.404954e-01
2.791882e-01
0
0
3.154622e-01
1.970136e-01
4.697747e-01
1.286954e-01
4.174674e-01
0
5.690151e-01
0
0
0
2.676451e-01
6.781238e-02
0
4.296772e-01
5.065003e-01
0
0
0
1.859226e-01
4.900843e-01
0
0
0
5.637806e-02
2.776384e-01
3.712697e-02
2.784073e-01
6.527966e-01
2.720140e-01
8.923693e-01
5.905418e-01
5.810643e-01
2.155219e-01
5.112983e-01
4.851092e-01
2.133852e-02
1.751459e-01
1.401869e-01
3.158353e-01
5.249298e-01
1.238109e-02
0
0
5.699695e-01
6.062084e-01
7.234003e-01
6.272642e-01
4.256561e-01
4.506545e-01
6.302848e-01
8.021101e-01
1
8.470494e-01
0
0
3.832184e-01
0
0
0
4.096089e-01
7.690581e-02
0
0
0
0
0
0
0
0
0
0
0
0
0
0
0
0
0
3.517093e-03
0
0
0
0
0
0
0
1.933025e-01
0
0
3.426135e-01
5.096753e-01
0
0
2.083594e-01
1.398403e-01
2.031551e-01
0
0
0
0
0
0
0
0
0
0
2.756576e-01
0
0
3.046639e-01
3.126729e-01
0
0
0
0
9.219485e-02
2.619939e-01
3.414378e-01
4.001512e-01
2.391271e-01
4.759815e-01
0
6.542588e-01
0
0
1.939905e-01
2.420923e-01
1.009383e-01
0
3.550923e-01
4.470924e-01
0
9.334127e-04
0
1.107859e-01
4.296376e-01
0
1.406471e-02
0
4.434614e-02
3.614722e-01
1.011214e-01
4.595097e-01
5.686118e-01
7.590923e-02
7.678987e-01
5.228581e-01
4.220084e-01
1.213475e-01
5.388076e-01
3.561564e-01
0
1.515495e-01
0
2.580077e-01
5.543708e-01
3.887325e-02
0
0
6.063089e-01
6.227091e-01
5.678488e-01
5.787936e-01
3.078179e-01
3.737678e-01
4.562972e-01
6.490905e-01
8.470494e-01
1.000000e+00
0
0
1.844679e-01
0
0
0
1.950929e-01
0
0
0
0
0
0
0
0
0
0
0
0
0
0
0
0
0
0
1.501869e-01
0
0
0
0
0
0
0
9.426361e-02
0
0
2.006961e-01
3.007140e-01
0
0
1.147280e-01
4.709718e-02
1.358700e-01
0
0
0
0
0
0
0
0
0
0
2.801897e-01
0
0
9.135965e-02
3.696204e-02
7.454618e-02
2.560298e-02
0
0
0
1.522384e-01
2.462816e-01
3.172465e-01
3.270001e-01
6.773813e-01
0
6.923670e-01
0
0
2.601084e-01
1.446614e-02
1.635352e-01
0
5.421165e-01
5.289362e-01
0
2.009237e-01
2.890980e-02
2.754268e-01
5.754604e-01
0
0
0
2.922229e-01
5.909210e-01
0
0
0
0
0
0
0
0
0
0
1.512302e-01
1.029791e-01
0
0
0
1.731235e-02
7.961762e-01
6.677754e-01
0
0
0
0
0
0
0
0
0
0
1
8.347580e-01
0
0
7.110337e-01
6.099799e-01
0
0
5.279047e-01
4.231307e-01
1.416100e-01
4.252613e-01
7.557979e-01
5.969167e-01
1.061568e-01
2.526263e-01
3.884968e-02
3.532480e-02
2.280622e-01
5.926732e-02
1.336279e-01
0
1.549220e-02
0
0
0
1.050796e-01
2.831145e-01
4.649428e-01
3.861503e-01
5.332615e-03
4.851941e-02
5.445051e-02
0
7.279555e-01
4.181365e-01
0
0
0
9.145771e-02
3.404414e-01
2.235245e-01
2.945949e-01
3.527080e-01
7.252109e-01
6.840268e-01
6.393353e-01
4.932766e-01
3.802838e-01
3.709066e-01
7.903976e-01
5.205763e-01
7.563633e-01
1.298667e-01
2.908488e-01
2.589834e-01
0
0
0
0
0
0
0
0
0
0
0
0
4.267817e-02
0
6.090962e-01
5.530299e-01
0
0
6.235108e-02
7.473270e-02
0
0
1.410969e-01
0
0
0
0
1.715767e-01
9.686436e-02
2.592527e-01
0
0
0
1.338402e-02
0
1.059286e-01
0
0
0
1.443714e-01
0
0
2.976373e-01
2.574901e-01
0
8.316811e-02
0
2.018468e-01
6.095383e-01
6.743771e-01
0
3.900335e-02
0
0
0
0
0
0
0
0
8.347580e-01
1
0
8.741041e-02
5.206410e-01
4.476470e-01
0
8.778424e-03
4.744492e-01
2.155374e-01
0
2.515390e-01
7.306411e-01
5.165157e-01
0
0
0
0
0
0
0
0
0
0
0
0
0
1.609160e-01
3.947067e-01
4.396627e-01
0
5.819033e-02
1.044435e-01
0
7.156206e-01
5.205761e-01
0
0
2.310689e-02
1.219122e-01
3.175574e-01
2.413499e-01
4.196767e-01
5.584814e-01
7.754499e-01
7.900271e-01
7.546248e-01
6.151290e-01
3.649117e-01
3.241611e-01
6.055535e-01
6.284204e-01
7.579942e-01
2.145056e-01
3.292174e-01
3.391082e-01
0
0
0
4.709486e-02
0
1.421754e-01
0
0
0
0
0
0
0
0
3.425290e-01
2.791446e-01
0
0
0
0
0
0
3.238355e-01
0
1.101747e-01
0
0
0
0
2.877158e-01
0
0
5.319804e-02
1.985638e-01
7.382396e-01
3.787828e-01
5.345367e-01
3.419051e-01
3.063050e-01
0
3.080447e-01
3.185120e-02
2.227041e-01
0
0
0
3.926528e-01
0
0
0
4.042155e-01
4.084624e-02
3.317028e-01
2.358423e-01
7.571043e-01
6.832156e-01
6.991017e-01
6.179945e-01
3.832184e-01
1.844679e-01
0
0
1
7.184047e-01
0
0
7.298923e-02
0
0
0
7.094431e-02
0
0
0
0
0
0
0
0
0
0
0
0
0
3.549207e-02
0
4.748520e-03
0
0
0
0
0
0
0
0
0
2.686688e-01
4.555863e-01
0
0
0
0
9.947429e-02
1.773381e-02
0
0
0
0
0
0
0
1.660364e-02
0
1.061169e-01
3.670078e-01
1.004639e-01
3.399272e-01
1.437715e-01
4.789999e-01
2.383866e-01
3.924529e-01
1.631363e-02
0
0
0
0
6.417981e-02
3.239283e-01
0
1.254395e-01
0
0
0
1.996473e-01
0
0
4.781683e-02
4.755713e-01
0
0
4.087420e-01
3.073587e-01
4.966551e-01
0
0
8.322904e-02
2.389984e-01
1.254459e-01
0
0
4.046433e-01
4.013819e-01
1.200930e-01
1.723486e-01
1.427344e-01
0
2.546948e-01
0
3.148099e-02
0
0
0
1.480305e-01
1.485109e-01
0
0
0
0
2.524558e-01
2.044351e-01
5.303746e-01
4.672439e-01
2.113880e-01
2.363756e-01
0
0
0
8.741041e-02
7.184047e-01
1.000000e+00
0
0
1.686186e-02
9.754237e-02
1.105270e-01
0
1.421106e-01
0
1.493683e-01
0
1.296746e-01
1.406719e-01
1.762614e-01
3.542950e-02
1.745096e-01
1.145690e-01
0
0
0
0
5.699077e-02
0
1.708044e-01
3.357350e-02
0
0
0
0
0
0
0
0
1.940779e-01
0
1.972402e-01
0
0
0
1.111375e-02
2.833381e-01
1.933848e-01
1.140687e-01
2.402363e-01
2.332647e-01
0
1.675202e-02
0
1.122028e-01
0
0
3.359171e-01
1.402615e-01
3.095433e-01
2.821588e-02
3.633233e-01
2.701733e-01
1.853199e-01
0
0
0
0
8.473356e-03
0
0
1.185031e-02
0
0
0
0
3.161200e-01
0
0
0
1.246808e-01
4.207607e-02
0
2.257798e-01
1.556519e-01
1.403374e-01
0
0
3.874095e-01
3.441003e-02
0
0
1.087577e-01
0
0
0
0
0
0
0
0
0
1.474923e-02
0
0
0
0
6.014426e-01
5.825053e-01
8.329720e-02
2.431968e-02
0
0
0
0
0
0
0
0
7.110337e-01
5.206410e-01
0
0
1
7.840770e-01
2.276049e-01
1.584309e-01
1.941827e-01
1.963041e-01
2.309898e-01
2.719488e-01
4.139609e-01
4.589645e-01
2.579510e-02
1.036431e-02
1.095977e-01
0
3.543284e-02
0
1.916960e-02
0
0
0
0
7.508517e-02
0
7.697315e-02
4.274670e-01
3.453310e-01
0
0
5.844496e-02
0
3.155898e-01
2.760569e-01
0
0
6.208445e-02
4.843487e-02
4.594586e-01
1.902495e-01
2.367756e-01
3.537765e-01
4.880559e-01
5.544613e-01
3.315074e-01
5.072933e-01
3.068216e-01
1.534505e-01
7.901080e-01
5.127074e-01
5.886871e-01
3.142610e-01
9.419797e-02
6.436347e-02
0
0
0
0
0
0
0
0
0
0
0
0
3.429829e-02
0
5.015641e-01
2.752792e-01
0
0
0
0
0
0
0
0
0
0
0
9.082833e-02
0
0
0
0
0
0
0
0
0
0
4.624332e-02
3.322222e-02
0
0
1.669327e-03
9.942925e-02
0
0
0
0
5.476143e-01
3.336163e-01
0
0
0
0
0
0
0
0
0
0
6.099799e-01
4.476470e-01
0
0
7.840770e-01
1
3.349537e-01
4.895739e-01
2.138667e-01
0
1.554121e-01
0
4.998532e-01
2.414546e-01
7.589210e-03
1.735346e-02
1.850039e-01
1.165833e-01
0
6.347254e-03
0
0
0
0
0
2.295474e-02
0
3.441472e-02
5.475634e-02
0
3.857351e-02
1.013077e-01
3.825303e-01
0
3.864132e-01
2.029970e-01
0
0
4.562157e-01
4.861227e-01
5.853823e-01
2.627227e-01
1.953936e-01
4.945139e-01
5.780791e-01
5.462245e-01
4.375666e-01
6.227249e-01
4.689355e-01
2.573149e-01
5.980851e-01
3.664663e-01
4.693625e-01
1.555835e-01
0
0
6.678956e-02
0
0
0
0
0
2.837198e-01
1.119681e-01
5.144331e-02
0
0
0
0
0
4.653718e-01
5.559925e-01
1.617152e-01
2.109850e-02
1.580338e-01
2.863039e-01
0
0
1.286361e-02
0
0
0
0
8.484155e-02
3.553716e-02
5.777681e-02
0
0
0
0
2.209362e-01
1.095209e-01
5.118240e-01
3.402287e-01
2.922186e-01
1.420262e-02
3.438199e-01
3.326589e-01
0
0
0
0
1.445381e-01
0
0
1.261962e-02
0
0
4.273422e-01
2.231633e-01
1.957446e-01
4.399916e-02
3.766490e-01
4.347603e-01
4.096089e-01
1.950929e-01
0
0
7.298923e-02
1.686186e-02
2.276049e-01
3.349537e-01
1
7.113839e-01
0
0
3.571566e-01
0
1.604062e-01
8.966318e-02
0
0
3.140685e-01
9.495968e-02
0
0
0
0
0
0
0
0
0
0
0
0
0
0
0
2.211978e-01
0
0
7.715157e-01
2.836484e-01
5.580402e-01
3.495235e-01
1.773189e-01
0
8.495839e-02
1.296923e-01
1.493944e-01
1.287989e-01
0
1.917813e-01
1.660711e-01
2.265771e-03
1.312421e-01
0
0
3.656738e-01
0
0
4.680056e-01
2.207734e-01
0
1.529978e-02
0
0
4.273493e-01
3.986549e-01
3.042627e-01
4.057089e-01
0
0
0
9.497198e-02
0
0
4.641457e-02
3.736145e-01
1.231687e-01
1.157605e-01
7.568762e-02
0
0
1.220630e-02
0
0
0
0
0
0
0
0
0
0
0
1.773482e-01
9.888173e-02
2.391835e-01
2.228748e-01
7.950853e-02
2.437543e-01
2.066809e-01
0
0
0
0
0
1.258278e-01
0
0
0
0
2.491878e-01
5.761927e-02
2.610042e-02
0
0
1.510685e-01
7.690581e-02
0
0
8.778424e-03
0
9.754237e-02
1.584309e-01
4.895739e-01
7.113839e-01
1.000000e+00
2.412561e-02
0
1.536756e-01
0
4.118300e-01
1.173980e-01
0
0
4.176149e-01
3.186698e-01
0
0
0
0
0
0
0
0
0
0
0
0
0
0
3.221298e-01
1.626715e-01
0
0
6.067836e-01
0
8.465409e-01
7.927801e-01
2.033382e-01
0
1.020257e-02
1.871765e-01
3.304717e-01
3.046456e-01
2.547521e-01
3.723981e-01
4.575366e-01
2.350199e-01
0
0
0
1.471048e-02
0
0
4.656405e-01
3.056173e-01
0
4.174869e-02
0
0
5.049861e-01
5.820538e-01
4.288750e-01
5.545336e-01
0
0
0
0
0
2.211035e-01
2.985635e-02
4.817071e-01
2.632374e-01
3.143266e-01
3.443022e-02
0
1.863409e-01
2.271906e-01
0
0
0
0
0
5.855808e-02
0
0
0
0
0
0
0
0
0
0
0
0
0
0
0
0
0
0
4.476534e-01
5.379854e-01
0
0
0
0
0
0
0
0
0
0
5.279047e-01
4.744492e-01
0
1.105270e-01
1.941827e-01
2.138667e-01
0
2.412561e-02
1
6.094243e-01
3.583273e-01
5.666140e-01
5.726711e-01
3.476521e-01
3.723684e-01
4.434947e-01
3.231597e-01
4.052754e-01
4.128080e-01
3.625410e-01
2.730208e-01
1.707768e-01
3.319458e-01
4.318162e-02
0
3.075389e-02
4.285692e-01
5.695379e-01
2.659304e-01
0
2.090749e-01
7.544216e-02
0
0
2.522157e-01
0
0
0
3.148740e-01
2.632707e-01
0
1.243474e-01
4.245399e-01
1.217385e-01
5.345316e-01
3.924287e-01
6.293926e-01
4.043613e-01
7.333582e-01
6.422514e-01
4.424604e-01
1.625435e-01
2.891352e-01
0
4.384169e-02
1.143062e-01
0
0
0
9.182835e-02
0
1.796339e-01
0
0
0
0
0
0
4.380622e-01
0
5.504908e-01
5.780579e-01
0
0
0
4.179884e-03
0
0
1.676358e-01
0
0
0
0
4.119538e-01
2.516165e-01
5.682129e-01
3.644046e-03
0
2.157495e-01
2.967320e-01
0
0
0
0
0
0
0
0
0
1.896583e-02
0
0
0
0
3.574806e-01
4.499039e-01
0
0
0
0
0
0
0
0
0
0
4.231307e-01
2.155374e-01
0
0
1.963041e-01
0
0
0
6.094243e-01
1.000000e+00
1.348709e-01
8.338791e-01
1.889021e-01
4.392216e-01
2.589128e-01
3.168852e-01
2.333550e-02
1.612177e-01
3.609810e-01
2.920570e-01
3.565719e-01
3.907530e-01
2.861600e-01
3.900064e-01
0
3.493239e-01
3.357467e-01
5.003469e-01
5.360509e-01
3.787775e-01
3.233032e-01
3.703321e-01
0
0
1.261677e-01
1.143540e-02
0
0
0
0
0
1.893663e-01
3.386509e-01
0
1.130337e-01
1.355115e-01
1.494610e-01
0
2.321768e-01
3.597711e-01
3.633332e-01
0
2.175244e-01
0
2.402504e-01
2.380898e-01
0
0
0
1.446603e-01
0
2.765886e-01
0
0
0
0
2.880391e-01
0
5.805453e-01
1.831525e-01
4.781197e-01
2.110209e-01
0
0
0
0
0
1.256985e-01
2.154884e-03
0
0
0
0
4.155489e-01
2.551177e-01
0
2.003300e-01
2.820292e-01
0
0
0
0
1.099434e-01
0
0
0
0
0
0
0
0
0
0
0
2.506349e-01
2.694411e-01
0
0
0
0
0
0
1.993598e-01
8.149344e-02
0
0
1.416100e-01
0
7.094431e-02
1.421106e-01
2.309898e-01
1.554121e-01
3.571566e-01
1.536756e-01
3.583273e-01
1.348709e-01
1
3.034259e-01
2.377687e-01
3.261544e-02
5.956950e-01
5.538662e-01
5.557239e-01
5.009301e-01
5.702505e-01
5.398071e-01
3.718322e-01
3.611373e-01
3.461791e-01
9.939139e-02
1.980375e-01
6.997702e-02
4.307808e-01
3.054116e-01
0
0
0
0
0
0
0
0
9.687450e-02
0
2.482645e-01
1.480871e-01
0
0
0
0
1.656645e-01
3.686408e-02
2.596585e-01
1.619069e-01
3.913571e-01
4.668417e-01
4.247147e-01
1.719467e-01
0
4.245574e-02
0
0
2.555001e-02
0
7.123105e-02
1.855177e-02
2.479232e-01
0
1.124987e-02
7.887699e-02
0
0
0
0
3.967386e-01
0
4.770681e-01
4.224447e-01
0
0
1.091417e-01
1.594386e-01
2.905333e-02
0
0
0
0
0
0
4.060791e-01
1.411250e-01
5.050048e-01
0
0
2.794649e-01
4.102448e-01
0
0
0
0
0
0
0
0
0
6.574234e-04
0
0
0
0
4.528402e-01
5.003571e-01
0
0
0
0
0
0
0
0
0
0
4.252613e-01
2.515390e-01
0
0
2.719488e-01
0
0
0
5.666140e-01
8.338791e-01
3.034259e-01
1
1.404543e-01
3.299380e-01
2.846371e-01
3.778672e-01
0
1.195612e-01
4.335995e-01
3.025363e-01
5.031615e-01
4.692960e-01
5.151704e-01
5.079376e-01
2.873224e-01
4.463547e-01
5.128281e-01
6.361771e-01
7.312770e-01
5.481432e-01
3.065947e-01
2.197948e-01
0
0
2.252008e-01
4.716732e-02
0
0
0
0
0
7.054873e-02
8.815610e-02
0
9.492491e-02
7.775061e-02
2.014072e-01
0
2.576801e-01
3.031452e-01
5.135690e-01
2.208223e-01
3.110854e-01
2.394116e-03
2.830458e-01
1.733811e-01
0
0
1.083931e-01
5.796187e-02
0
3.493064e-01
0
0
0
0
1.604626e-01
0
4.568177e-01
6.163866e-02
6.058715e-01
3.088441e-01
4.961375e-02
0
0
0
0
0
9.051693e-02
0
0
0
0
5.243643e-01
2.450543e-01
1.784245e-01
3.949904e-01
2.838870e-01
0
0
0
0
0
1.243171e-02
0
3.636763e-03
0
0
2.493360e-02
0
0
0
0
2.884238e-01
4.833613e-01
4.514728e-01
0
0
3.345977e-02
6.116012e-02
0
0
0
0
0
0
7.557979e-01
7.306411e-01
0
1.493683e-01
4.139609e-01
4.998532e-01
1.604062e-01
4.118300e-01
5.726711e-01
1.889021e-01
2.377687e-01
1.404543e-01
1
6.647847e-01
1.667795e-02
1.194166e-01
1.256401e-01
1.337751e-01
3.531314e-02
0
0
0
0
0
0
0
0
3.386644e-02
0
0
0
0
1.102362e-01
0
4.794247e-01
1.174234e-01
0
0
4.190324e-01
4.649236e-01
2.190326e-01
2.370101e-01
3.002488e-01
4.030223e-01
9.072987e-01
8.037808e-01
7.982794e-01
6.441702e-01
5.710998e-01
4.374143e-01
5.557725e-01
3.180891e-01
4.511447e-01
4.776131e-02
8.259081e-02
2.063510e-01
0
0
0
7.480191e-02
0
0
1.464127e-01
3.798999e-02
1.358665e-02
0
0
0
0
0
3.311637e-01
5.269695e-01
0
6.389776e-02
1.901640e-01
1.428636e-01
0
0
3.279435e-01
0
0
0
0
0
4.756535e-02
4.582366e-01
0
0
0
0
0
0
0
0
0
9.609776e-02
2.199231e-01
0
0
0
0
0
0
2.119014e-01
4.599932e-01
4.093930e-01
0
0
0
1.994099e-01
0
0
0
0
0
0
5.969167e-01
5.165157e-01
0
0
4.589645e-01
2.414546e-01
8.966318e-02
1.173980e-01
3.476521e-01
4.392216e-01
3.261544e-02
3.299380e-01
6.647847e-01
1
0
0
0
0
0
0
0
0
0
0
0
1.983258e-01
0
0
1.443006e-01
1.941635e-01
0
6.102086e-02
0
7.563098e-02
2.319457e-01
1.248613e-01
0
0
8.344839e-02
3.842192e-02
1.263275e-01
3.960991e-01
2.600242e-01
1.644815e-01
5.389524e-01
6.882459e-01
2.818969e-01
4.479129e-01
2.229645e-01
1.172375e-01
4.306666e-01
5.547243e-02
3.427722e-01
1.308797e-01
3.342194e-01
4.843147e-01
0
0
0
4.425115e-01
0
0
5.658754e-02
0
0
0
7.589415e-02
4.975836e-02
1.680713e-01
0
1.567544e-01
1.749907e-01
0
4.163583e-02
2.519058e-02
4.199533e-03
4.844643e-02
0
4.019142e-01
1.514245e-01
0
0
0
0
0
5.511548e-03
0
2.042717e-01
0
0
0
0
0
0
0
0
0
0
0
0
0
0
0
0
1.669290e-01
9.523412e-02
0
0
9.986192e-02
0
0
0
0
0
0
0
1.061568e-01
0
0
1.296746e-01
2.579510e-02
7.589210e-03
0
0
3.723684e-01
2.589128e-01
5.956950e-01
2.846371e-01
1.667795e-02
0
1
9.175744e-01
8.570235e-01
8.749339e-01
9.227127e-01
9.487172e-01
8.165958e-01
7.253285e-01
5.768953e-01
2.801935e-01
6.544959e-03
0
7.246127e-01
5.498536e-01
0
0
5.493273e-02
0
0
0
6.785866e-03
0
0
0
1.942437e-01
1.251668e-01
0
0
0
0
0
0
4.882245e-02
0
3.252763e-01
5.395601e-01
1.544270e-01
0
0
0
1.307315e-01
0
0
0
1.371534e-01
2.908108e-02
6.794988e-02
0
0
1.789217e-01
0
1.187825e-01
2.340595e-01
0
6.620267e-01
0
6.173186e-01
5.302894e-01
0
0
2.582462e-01
4.098556e-01
1.785214e-01
2.041519e-01
0
0
0
0
0
6.519693e-01
5.617156e-01
4.356013e-01
0
0
0
0
0
0
0
0
0
0
0
0
0
0
0
0
0
0
2.954189e-01
1.933834e-01
0
0
0
0
0
0
0
0
0
0
2.526263e-01
0
0
1.406719e-01
1.036431e-02
1.735346e-02
0
0
4.434947e-01
3.168852e-01
5.538662e-01
3.778672e-01
1.194166e-01
0
9.175744e-01
1
7.224000e-01
8.237353e-01
9.501688e-01
9.001691e-01
8.516952e-01
7.333471e-01
6.356275e-01
3.468344e-01
4.663719e-02
0
8.391558e-01
7.149533e-01
0
0
8.438289e-02
0
0
0
2.146919e-01
0
0
0
1.095605e-01
1.115306e-01
0
0
0
0
0
0
1.830004e-01
0
3.619281e-01
6.403869e-01
2.328876e-01
0
9.498606e-03
0
2.809607e-01
3.025305e-02
0
0
1.307762e-01
0
1.059379e-01
0
0
9.460958e-02
0
4.808201e-03
2.775355e-01
0
6.984178e-01
0
6.890259e-01
5.933980e-01
0
0
1.017182e-01
4.251564e-01
1.244352e-01
1.589840e-01
0
0
0
0
0
7.221562e-01
4.951470e-01
4.991677e-01
0
0
0
0
0
0
0
0
0
0
0
0
0
0
0
0
0
0
6.175339e-02
9.295398e-02
0
0
1.790425e-01
0
0
0
0
1.153776e-02
0
0
3.884968e-02
0
0
1.762614e-01
1.095977e-01
1.850039e-01
3.140685e-01
4.176149e-01
3.231597e-01
2.333550e-02
5.557239e-01
0
1.256401e-01
0
8.570235e-01
7.224000e-01
1
9.003723e-01
6.691999e-01
7.915705e-01
5.016731e-01
4.402657e-01
2.310655e-01
0
0
0
4.512187e-01
2.493028e-01
0
0
0
0
0
0
0
0
2.915202e-01
0
5.664020e-01
4.251460e-01
0
0
0
0
0
0
1.054143e-01
0
5.301981e-01
6.363758e-01
1.005974e-01
0
0
0
1.168070e-02
0
8.405672e-02
0
1.331845e-01
1.545075e-01
0
0
0
2.829561e-01
0
2.679443e-01
2.229329e-01
0
5.654076e-01
0
4.807396e-01
4.244742e-01
0
1.077479e-01
1.826938e-01
3.822360e-01
2.015432e-01
1.892612e-01
0
1.790728e-02
0
0
0
4.460616e-01
3.299686e-01
3.931257e-01
0
0
0
0
0
0
0
0
0
0
0
0
0
0
0
0
0
0
2.903742e-02
5.080971e-02
0
0
3.522153e-02
0
0
0
0
0
0
0
3.532480e-02
0
0
3.542950e-02
0
1.165833e-01
9.495968e-02
3.186698e-01
4.052754e-01
1.612177e-01
5.009301e-01
1.195612e-01
1.337751e-01
0
8.749339e-01
8.237353e-01
9.003723e-01
1.000000e+00
7.360399e-01
8.737046e-01
6.438062e-01
6.510188e-01
3.961198e-01
1.319725e-01
0
0
5.876920e-01
4.749018e-01
0
0
2.234042e-01
6.520324e-02
1.318101e-01
0
5.925154e-04
0
3.234388e-02
0
5.210477e-01
5.157030e-01
0
0
0
0
0
0
1.525156e-01
0
5.275221e-01
6.576063e-01
2.289532e-02
0
0
0
0
0
0
0
0
9.506867e-02
1.494160e-02
0
5.272068e-02
4.040840e-01
0
3.158754e-01
1.742052e-01
0
6.383936e-01
0
5.945354e-01
5.860516e-01
0
3.344069e-04
2.739102e-01
5.233842e-01
2.171888e-01
1.067737e-01
5.410963e-02
1.340272e-01
0
0
0
4.822523e-01
4.490248e-01
4.174100e-01
0
0
0
0
0
0
0
0
0
0
0
0
0
0
0
0
0
0
2.744249e-01
2.525588e-01
0
0
0
0
0
0
0
0
0
0
2.280622e-01
0
0
1.745096e-01
3.543284e-02
0
0
0
4.128080e-01
3.609810e-01
5.702505e-01
4.335995e-01
3.531314e-02
0
9.227127e-01
9.501688e-01
6.691999e-01
7.360399e-01
1
8.761973e-01
8.671054e-01
7.362348e-01
7.180194e-01
3.942297e-01
1.803310e-01
0
8.683688e-01
7.074189e-01
1.232088e-01
0
1.539293e-02
0
0
0
1.496763e-01
0
0
0
0
0
0
0
0
0
0
0
1.312661e-01
0
2.185894e-01
4.988969e-01
2.865607e-01
7.372730e-02
2.259455e-02
0
2.876856e-01
5.520948e-02
0
0
1.746781e-01
3.427929e-02
1.113975e-01
6.146283e-02
0
0
0
0
2.379987e-01
0
6.819137e-01
0
6.880063e-01
5.011397e-01
0
0
9.285550e-02
2.776208e-01
6.061692e-02
1.506778e-01
0
0
0
0
0
6.583950e-01
4.331577e-01
4.210527e-01
4.867838e-02
1.860780e-03
0
0
0
0
0
0
0
0
0
0
0
0
0
0
0
0
7.603303e-02
5.616008e-02
0
0
0
0
0
0
0
0
0
0
5.926732e-02
0
0
1.145690e-01
0
6.347254e-03
0
0
3.625410e-01
2.920570e-01
5.398071e-01
3.025363e-01
0
0
9.487172e-01
9.001691e-01
7.915705e-01
8.737046e-01
8.761973e-01
1.000000e+00
8.460374e-01
7.949681e-01
5.386010e-01
4.082669e-01
0
0
7.233913e-01
6.657800e-01
0
0
2.485966e-01
8.208503e-02
7.970055e-02
0
4.562804e-02
0
0
0
2.084291e-01
2.256566e-01
0
0
0
0
0
0
1.182348e-01
0
3.095015e-01
5.872642e-01
5.230284e-02
0
0
0
1.370900e-01
0
0
0
1.289809e-01
6.014327e-03
7.982634e-02
0
0
2.181991e-01
0
1.151533e-01
2.218623e-01
0
7.281364e-01
0
6.156936e-01
5.148049e-01
0
0
2.712594e-01
4.417400e-01
1.300505e-01
9.628086e-02
0
0
0
0
0
6.134658e-01
5.665066e-01
3.830681e-01
0
0
1.806455e-01
2.075047e-02
0
0
0
0
0
0
0
0
0
0
0
0
0
0
2.156678e-01
6.884296e-02
0
0
0
0
0
0
0
0
0
0
1.336279e-01
0
0
0
1.916960e-02
0
0
0
2.730208e-01
3.565719e-01
3.718322e-01
5.031615e-01
0
0
8.165958e-01
8.516952e-01
5.016731e-01
6.438062e-01
8.671054e-01
8.460374e-01
1.000000e+00
8.913709e-01
8.160150e-01
6.522829e-01
3.348038e-01
8.994849e-02
8.518873e-01
8.085369e-01
2.154422e-01
1.778258e-01
3.323597e-01
1.618216e-01
1.159633e-01
0
2.132718e-01
0
0
0
0
0
0
0
0
0
0
0
0
0
1.064126e-01
3.823977e-01
1.270714e-01
0
0
0
2.115387e-01
0
0
0
1.890111e-01
0
1.864572e-01
1.750682e-01
0
0
0
0
2.520829e-01
0
6.089223e-01
0
6.856469e-01
5.223322e-01
6.317012e-02
0
1.825826e-01
3.433797e-01
9.793782e-02
6.954315e-02
0
0
0
1.229557e-02
0
7.096894e-01
5.637477e-01
3.182855e-01
1.243402e-01
4.353394e-02
1.795561e-01
0
0
0
0
0
0
0
0
0
0
0
0
0
0
0
0
0
0
0
0
0
0
0
0
0
0
0
0
0
0
0
0
0
0
0
1.707768e-01
3.907530e-01
3.611373e-01
4.692960e-01
0
0
7.253285e-01
7.333471e-01
4.402657e-01
6.510188e-01
7.362348e-01
7.949681e-01
8.913709e-01
1.000000e+00
7.439232e-01
7.699435e-01
2.927888e-01
2.303250e-01
7.537821e-01
6.975828e-01
1.562376e-02
5.707028e-02
4.651857e-01
3.121185e-01
1.425312e-01
0
0
0
0
0
0
0
0
0
0
0
0
0
0
0
2.251345e-02
3.122882e-01
0
0
0
0
1.494910e-01
0
0
0
1.452574e-01
0
2.571686e-01
1.091522e-01
0
1.271721e-01
0
0
2.772605e-01
0
6.442103e-01
0
5.050005e-01
3.778980e-01
1.091653e-01
0
1.898013e-01
3.331281e-01
2.778493e-01
1.166006e-01
0
6.538003e-02
0
6.583662e-02
0
5.541241e-01
4.498087e-01
1.885380e-01
1.392029e-01
1.055011e-01
1.610833e-01
1.256762e-01
0
0
0
0
0
0
0
0
0
0
0
0
0
0
1.803701e-01
8.645207e-02
0
0
0
0
0
0
0
0
0
0
1.549220e-02
0
0
0
0
0
0
0
3.319458e-01
2.861600e-01
3.461791e-01
5.151704e-01
0
0
5.768953e-01
6.356275e-01
2.310655e-01
3.961198e-01
7.180194e-01
5.386010e-01
8.160150e-01
7.439232e-01
1.000000e+00
7.025388e-01
7.065889e-01
2.922606e-01
8.606066e-01
7.656887e-01
3.054246e-01
1.289598e-01
2.437624e-01
0
0
0
3.294786e-02
0
0
0
0
0
0
0
0
0
0
0
0
0
5.257657e-02
1.129583e-01
1.396459e-01
1.787094e-01
3.405607e-02
0
4.762230e-02
0
0
0
1.656218e-01
0
3.066182e-01
4.397620e-01
0
0
0
0
1.207699e-01
0
4.549545e-01
0
5.075102e-01
4.164572e-01
1.205835e-01
0
0
9.120485e-02
0
5.946667e-02
0
0
9.158161e-02
4.631426e-02
0
6.004400e-01
3.162691e-01
3.788601e-01
3.622289e-01
1.138599e-01
4.966193e-01
3.124693e-01
0
0
0
0
0
0
0
0
0
2.597624e-02
0
0
0
0
0
0
0
0
0
0
0
0
0
0
0
0
0
0
0
0
0
0
0
0
4.318162e-02
3.900064e-01
9.939139e-02
5.079376e-01
0
0
2.801935e-01
3.468344e-01
0
1.319725e-01
3.942297e-01
4.082669e-01
6.522829e-01
7.699435e-01
7.025388e-01
1
6.222982e-01
4.787201e-01
5.758870e-01
6.513087e-01
2.370762e-01
2.606540e-01
4.336247e-01
3.332740e-01
3.955290e-02
0
0
0
0
3.146221e-02
0
0
0
0
0
0
0
0
0
0
0
1.312762e-02
0
0
0
0
1.330780e-01
0
0
0
2.462240e-01
0
2.844609e-01
5.039401e-01
0
0
0
0
3.482648e-01
0
5.151942e-01
2.576120e-02
1.651043e-01
1.513259e-02
1.205712e-01
0
0
0
3.286676e-02
1.196443e-01
0
0
2.076534e-01
2.187997e-01
3.132599e-02
4.590568e-01
2.524582e-01
1.363807e-02
4.365956e-01
2.953942e-01
2.562394e-01
3.563820e-01
6.256926e-02
5.805803e-02
2.892299e-02
0
0
3.204440e-02
0
2.556331e-02
0
6.167080e-02
0
0
7.423100e-02
0
1.440519e-02
0
2.456617e-01
1.831099e-01
0
9.449371e-02
0
5.107723e-03
1.522209e-01
0
0
0
0
0
3.549207e-02
5.699077e-02
0
0
0
0
0
0
1.980375e-01
2.873224e-01
0
0
6.544959e-03
4.663719e-02
0
0
1.803310e-01
0
3.348038e-01
2.927888e-01
7.065889e-01
6.222982e-01
1
5.055873e-01
4.044578e-01
3.682213e-01
3.323651e-01
1.987956e-01
0
0
0
0
0
0
0
2.460877e-02
0
0
3.937077e-02
9.786296e-02
0
1.935800e-01
0
0
0
5.985249e-04
0
0
5.599346e-02
3.180387e-01
5.233077e-02
3.262250e-02
0
0
0
0
3.015022e-01
0
3.729231e-01
5.511413e-01
0
0
0
0
8.836347e-02
4.818621e-02
5.684598e-02
0
1.806809e-02
0
8.083965e-02
0
0
0
0
0
0
0
2.604338e-01
2.295663e-01
0
2.174990e-01
0
1.738958e-01
5.037504e-01
3.238867e-01
1.571272e-01
1.541896e-01
0
0
0
0
6.758433e-03
3.143423e-01
0
2.686441e-01
0
2.703536e-01
4.014612e-02
1.303663e-01
0
7.417654e-02
5.194331e-02
0
1.233099e-01
2.741989e-01
0
1.632742e-01
0
0
0
0
3.517093e-03
1.501869e-01
0
0
0
0
7.508517e-02
2.295474e-02
0
0
3.075389e-02
3.493239e-01
6.997702e-02
4.463547e-01
0
1.983258e-01
0
0
0
0
0
0
8.994849e-02
2.303250e-01
2.922606e-01
4.787201e-01
5.055873e-01
1
0
2.017962e-01
1.851294e-01
1.211969e-01
2.921674e-01
3.320194e-01
1.729314e-01
1.336354e-01
0
0
0
0
0
0
1.933242e-01
4.632007e-01
5.209583e-02
1.450937e-01
5.080671e-02
0
0
1.241114e-01
0
0
1.390241e-01
0
0
6.156150e-02
0
0
0
0
0
0
0
3.017011e-01
4.867040e-01
1.727251e-02
0
0
1.511507e-01
1.696765e-02
9.214755e-02
5.931798e-02
1.447111e-01
1.887846e-01
4.528123e-01
0
1.465955e-01
0
6.371193e-02
0
1.172624e-01
4.728979e-02
0
0
0
0
5.133652e-02
0
2.355564e-01
3.743186e-01
8.369734e-02
9.510510e-02
0
0
0
0
0
0
0
0
0
0
0
0
0
0
1.745613e-01
2.632359e-01
0
0
0
0
0
0
0
0
0
0
1.050796e-01
0
4.748520e-03
1.708044e-01
0
0
0
0
4.285692e-01
3.357467e-01
4.307808e-01
5.128281e-01
0
0
7.246127e-01
8.391558e-01
4.512187e-01
5.876920e-01
8.683688e-01
7.233913e-01
8.518873e-01
7.537821e-01
8.606066e-01
5.758870e-01
4.044578e-01
0
1
8.494173e-01
2.471261e-01
1.719389e-01
1.740558e-01
0
0
0
1.372136e-01
0
0
0
0
0
0
0
0
0
0
0
8.116147e-02
0
2.100339e-01
4.000701e-01
1.639899e-01
1.730721e-01
4.881428e-02
0
3.226869e-01
1.508656e-01
0
0
3.339181e-01
8.902154e-02
3.742495e-01
3.357133e-01
0
0
0
0
1.848424e-01
0
6.595021e-01
0
6.047295e-01
3.667007e-01
0
0
0
8.752587e-02
0
1.712926e-01
4.435441e-04
0
2.018141e-01
1.641701e-01
0
6.534074e-01
2.408867e-01
4.117721e-01
2.142398e-01
0
2.578780e-01
0
0
0
0
0
0
0
0
0
0
0
0
0
0
0
2.429172e-01
2.702212e-01
0
0
0
0
0
0
0
0
0
0
2.831145e-01
1.609160e-01
0
3.357350e-02
7.697315e-02
3.441472e-02
0
0
5.695379e-01
5.003469e-01
3.054116e-01
6.361771e-01
3.386644e-02
0
5.498536e-01
7.149533e-01
2.493028e-01
4.749018e-01
7.074189e-01
6.657800e-01
8.085369e-01
6.975828e-01
7.656887e-01
6.513087e-01
3.682213e-01
2.017962e-01
8.494173e-01
1
3.135569e-01
2.429933e-01
4.378465e-01
2.220841e-01
7.968396e-02
0
3.061923e-01
0
0
0
0
0
0
0
0
0
4.026315e-02
0
3.243776e-01
6.295130e-02
2.940312e-01
4.437277e-01
2.339293e-01
1.677518e-01
9.186307e-02
0
2.139732e-01
2.426222e-03
0
0
1.260720e-01
0
8.478208e-02
4.895973e-01
0
0
0
0
1.481270e-01
0
6.543592e-01
0
6.805938e-01
5.228202e-01
0
0
0
1.362798e-01
0
0
1.857809e-01
0
0
0
0
5.984264e-01
3.344386e-01
3.669555e-01
1.471966e-01
0
4.721836e-01
6.831781e-01
0
0
0
0
0
0
0
0
1.292064e-01
3.921141e-01
0
6.631226e-02
0
0
5.351321e-01
5.865868e-01
3.379765e-01
2.496768e-01
0
0
0
0
0
0
0
0
4.649428e-01
3.947067e-01
0
0
4.274670e-01
5.475634e-02
0
0
2.659304e-01
5.360509e-01
0
7.312770e-01
0
1.443006e-01
0
0
0
0
1.232088e-01
0
2.154422e-01
1.562376e-02
3.054246e-01
2.370762e-01
3.323651e-01
1.851294e-01
2.471261e-01
3.135569e-01
1
7.915963e-01
5.208701e-02
5.639315e-02
0
0
3.826354e-01
3.959934e-01
0
0
0
0
2.646961e-01
1.942281e-01
2.505326e-01
6.955327e-02
1.060814e-01
1.410587e-01
1.261781e-01
2.119775e-02
0
0
5.918810e-01
5.574907e-01
6.105324e-01
2.847207e-01
2.549988e-01
1.396701e-01
0
0
1.495922e-01
0
0
4.994572e-01
0
0
0
0
0
2.088371e-01
5.167862e-03
8.428359e-02
3.639899e-01
0
5.986736e-02
0
0
0
0
0
0
0
1.255598e-01
0
6.420848e-02
3.424836e-01
2.259491e-02
0
3.773565e-01
2.557983e-01
5.419405e-01
6.811516e-01
0
0
0
0
0
4.664612e-02
0
0
2.817271e-01
4.206657e-01
0
1.248412e-01
0
0
3.983746e-01
4.847199e-01
3.144563e-01
1.814388e-01
0
0
0
0
0
0
0
0
3.861503e-01
4.396627e-01
0
0
3.453310e-01
0
0
0
0
3.787775e-01
0
5.481432e-01
0
1.941635e-01
0
0
0
0
0
0
1.778258e-01
5.707028e-02
1.289598e-01
2.606540e-01
1.987956e-01
1.211969e-01
1.719389e-01
2.429933e-01
7.915963e-01
1.000000e+00
1.508883e-01
3.073597e-01
7.836085e-02
1.076405e-01
5.333581e-01
6.875813e-01
0
0
0
0
7.688411e-02
3.735251e-02
0
0
0
1.336499e-01
1.032191e-02
0
0
0
3.194018e-01
4.083599e-01
4.946697e-01
1.886037e-01
5.310433e-01
3.856990e-01
0
0
2.753962e-01
7.965734e-02
1.712638e-02
3.893005e-01
0
0
0
0
1.068313e-02
3.321712e-01
0
0
2.672121e-01
0
0
0
0
0
0
0
1.367467e-01
0
3.737549e-01
3.070934e-01
2.713308e-01
5.992044e-02
0
0
2.636942e-01
2.541858e-01
3.707817e-01
0
0
0
0
0
0
5.406567e-02
0
0
2.124455e-02
2.357256e-01
2.119853e-01
1.343332e-01
0
0
0
1.264914e-02
0
0
0
0
0
0
0
0
0
0
5.332615e-03
0
0
0
0
3.857351e-02
0
0
2.090749e-01
3.233032e-01
0
3.065947e-01
0
0
5.493273e-02
8.438289e-02
0
2.234042e-01
1.539293e-02
2.485966e-01
3.323597e-01
4.651857e-01
2.437624e-01
4.336247e-01
0
2.921674e-01
1.740558e-01
4.378465e-01
5.208701e-02
1.508883e-01
1
8.182102e-01
5.826533e-01
2.875211e-01
2.747622e-01
2.755308e-01
0
1.435281e-02
5.613793e-02
3.624428e-01
0
5.240179e-02
0
0
0
0
1.564380e-01
0
6.148255e-02
1.155587e-01
0
0
0
0
0
0
0
1.531265e-01
0
0
3.568906e-03
2.498990e-01
2.459204e-01
8.950436e-02
8.027054e-02
0
0
0
1.437077e-01
1.923395e-03
2.883159e-01
3.106025e-01
5.234640e-01
0
3.138202e-01
2.907339e-01
0
0
3.172526e-01
2.422970e-01
0
0
0
1.666461e-02
2.968010e-01
2.725046e-02
0
0
3.773034e-01
0
0
0
0
0
0
3.003060e-01
0
0
8.216875e-02
3.815259e-01
2.857750e-01
2.436075e-01
0
0
0
3.321061e-02
0
0
0
0
0
0
0
0
0
0
4.851941e-02
5.819033e-02
0
0
0
1.013077e-01
0
0
7.544216e-02
3.703321e-01
0
2.197948e-01
0
6.102086e-02
0
0
0
6.520324e-02
0
8.208503e-02
1.618216e-01
3.121185e-01
0
3.332740e-01
0
3.320194e-01
0
2.220841e-01
5.639315e-02
3.073597e-01
8.182102e-01
1.000000e+00
6.335469e-01
5.860727e-01
2.936322e-01
4.750397e-01
0
0
0
3.145833e-01
0
1.295757e-01
0
0
0
1.044146e-01
9.363479e-02
1.456799e-02
0
1.434864e-01
0
0
0
0
0
0
0
1.720818e-01
0
0
0
1.933674e-01
2.561037e-01
9.753396e-02
8.364699e-02
0
0
0
9.305710e-02
1.476726e-02
2.276417e-01
1.624585e-01
3.934397e-01
0
2.323178e-01
2.406186e-01
0
0
2.344605e-01
2.464948e-01
0
0
0
0
1.473456e-01
0
0
0
9.475626e-02
0
0
0
0
0
0
2.523239e-01
0
9.249260e-02
1.450436e-02
2.602340e-01
4.116608e-01
2.455865e-01
0
3.216501e-01
1.033773e-01
0
0
0
0
0
0
0
0
0
0
0
5.445051e-02
1.044435e-01
0
0
5.844496e-02
3.825303e-01
0
3.221298e-01
0
0
0
0
1.102362e-01
0
0
0
0
1.318101e-01
0
7.970055e-02
1.159633e-01
1.425312e-01
0
3.955290e-02
0
1.729314e-01
0
7.968396e-02
0
7.836085e-02
5.826533e-01
6.335469e-01
1.000000e+00
4.328542e-01
4.383372e-01
4.202757e-01
0
0
2.253587e-01
5.379303e-01
1.132062e-01
0
0
8.767452e-02
1.366021e-01
2.111757e-01
3.120982e-01
2.535228e-01
6.576429e-02
1.400840e-01
0
0
0
0
0
0
0
1.761491e-01
0
0
0
0
4.743885e-01
2.821488e-01
3.604117e-01
8.130826e-02
0
0
0
0
2.722043e-01
4.263577e-01
4.417676e-01
0
4.543808e-01
4.500605e-01
0
0
2.566421e-01
2.588051e-01
0
0
0
0
1.568672e-01
1.111301e-01
0
0
1.869427e-01
0
0
3.638296e-01
0
2.264412e-01
2.357561e-01
6.898864e-01
0
6.514917e-01
1.331202e-01
5.684799e-01
6.425871e-01
6.193456e-01
2.909390e-02
3.999156e-01
0
0
1.349623e-01
2.520626e-01
0
0
0
0
6.536963e-02
0
1.933025e-01
9.426361e-02
0
0
0
0
0
0
2.211978e-01
1.626715e-01
0
0
0
0
0
7.563098e-02
0
0
0
0
0
0
0
0
0
0
0
1.336354e-01
0
0
0
1.076405e-01
2.875211e-01
5.860727e-01
4.328542e-01
1.000000e+00
0
3.982025e-01
1.616722e-01
4.973781e-01
1.793481e-02
1.698962e-01
1.236362e-01
2.472195e-01
4.644625e-02
8.306740e-02
5.864035e-04
2.500778e-01
0
1.031566e-01
0
0
0
0
0
3.132608e-02
0
0
0
4.167356e-01
0
0
0
0
3.720743e-01
5.217960e-02
4.220018e-01
1.006054e-01
0
2.369829e-01
0
2.887678e-01
0
0
3.245127e-01
1.564790e-01
1.086672e-01
0
0
0
1.541868e-02
2.843968e-01
0
0
3.900060e-02
0
0
0
0
0
2.225956e-01
0
0
0
0
0
0
0
0
0
3.862387e-01
3.456076e-01
7.486819e-02
2.290448e-01
0
3.056528e-01
6.081995e-01
4.770128e-01
0
0
0
0
0
0
0
0
0
0
7.279555e-01
7.156206e-01
0
0
3.155898e-01
3.864132e-01
0
0
2.522157e-01
1.261677e-01
0
2.252008e-01
4.794247e-01
2.319457e-01
6.785866e-03
2.146919e-01
0
5.925154e-04
1.496763e-01
4.562804e-02
2.132718e-01
0
3.294786e-02
0
0
0
1.372136e-01
3.061923e-01
3.826354e-01
5.333581e-01
2.747622e-01
2.936322e-01
4.383372e-01
0
1.000000e+00
7.005572e-01
0
0
0
1.504444e-01
2.733830e-01
7.027309e-02
0
2.251569e-01
4.434168e-01
4.708553e-01
5.596647e-01
2.598416e-01
9.649356e-02
2.697801e-01
3.967978e-01
4.511926e-01
5.703027e-01
0
2.741053e-01
2.445413e-01
0
0
0
0
0
1.304990e-01
0
0
4.478928e-03
0
0
0
0
0
4.953058e-01
4.613380e-01
0
0
1.477366e-01
2.583492e-01
0
0
3.045419e-01
0
0
0
0
5.264418e-02
1.625096e-01
2.184966e-01
0
0
5.450722e-01
2.657677e-01
0
1.259105e-01
0
0
0
3.781277e-01
0
6.609582e-02
4.447751e-01
6.127993e-01
2.831195e-01
5.234575e-01
4.533987e-02
3.352307e-01
1.969774e-01
1.711026e-01
3.530905e-01
2.629390e-01
0
0
0
0
0
0
0
0
4.181365e-01
5.205761e-01
0
0
2.760569e-01
2.029970e-01
0
0
0
1.143540e-02
0
4.716732e-02
1.174234e-01
1.248613e-01
0
0
0
0
0
0
0
0
0
0
0
0
0
0
3.959934e-01
6.875813e-01
2.755308e-01
4.750397e-01
4.202757e-01
3.982025e-01
7.005572e-01
1
0
0
0
0
1.783177e-01
9.976190e-02
3.711031e-03
1.868729e-01
1.832928e-01
3.509614e-01
2.332627e-01
1.093485e-01
0
0
5.541383e-02
2.162063e-01
3.041875e-01
0
3.011768e-01
1.589575e-01
0
0
2.692316e-02
0
0
1.247235e-01
0
0
2.399506e-02
0
0
1.946270e-01
0
0
2.023670e-02
0
1.055239e-01
0
1.402756e-01
0
0
0
2.344380e-01
2.088624e-02
9.871168e-02
7.054407e-02
1.375928e-01
0
0
0
3.874342e-02
0
0
0
3.379367e-01
3.051758e-01
4.818528e-01
5.033857e-01
2.391625e-01
4.604755e-03
5.365090e-01
3.398840e-01
0
0
0
0
2.803320e-01
0
0
0
0
0
2.795226e-01
1.414539e-01
5.049821e-01
4.124890e-01
4.119618e-01
4.259840e-01
3.426135e-01
2.006961e-01
0
0
2.686688e-01
1.940779e-01
0
0
7.715157e-01
6.067836e-01
0
0
9.687450e-02
0
0
0
0
0
2.915202e-01
3.234388e-02
0
0
0
0
0
0
0
0
0
0
0
0
0
0
0
1.616722e-01
0
0
1
3.390893e-01
4.743683e-01
2.117412e-01
0
0
0
0
0
0
0
0
4.531645e-02
0
0
0
0
3.599258e-01
0
2.993829e-02
7.749555e-01
3.638249e-01
0
2.878316e-01
1.467354e-01
0
1.391457e-01
2.366727e-01
3.321047e-01
3.903457e-01
0
1.855556e-01
0
2.148861e-02
0
0
0
5.573259e-01
0
0
1.465387e-01
1.645282e-01
0
1.455478e-01
1.811314e-01
1.572617e-01
8.172819e-02
0
0
0
0
0
2.928021e-01
2.243583e-01
5.562375e-01
4.026252e-01
4.316199e-01
3.485636e-01
5.306629e-01
2.513755e-01
4.532883e-02
4.957457e-01
2.847047e-01
3.091063e-01
4.807602e-01
3.849437e-01
2.914845e-01
8.757715e-03
0
0
3.929733e-01
1.375046e-01
4.434731e-02
0
5.191090e-01
4.300881e-01
8.114562e-01
5.421342e-01
5.096753e-01
3.007140e-01
0
0
4.555863e-01
0
0
0
2.836484e-01
0
0
0
0
0
0
0
0
0
0
0
0
0
0
0
0
3.146221e-02
2.460877e-02
0
0
0
0
0
1.435281e-02
0
0
4.973781e-01
0
0
3.390893e-01
1
0
0
0
0
3.950581e-02
0
0
0
0
0
0
0
0
0
0
2.680810e-01
0
0
2.687697e-01
6.514844e-01
0
0
5.309562e-01
2.012481e-01
4.671275e-02
1.990396e-02
3.269329e-01
8.527045e-02
0
4.020170e-01
0
3.601003e-01
0
0
2.184992e-01
7.484388e-02
0
0
0
7.590431e-02
0
0
9.668713e-02
6.075181e-02
2.601890e-01
0
0
0
0
0
0
0
0
7.860560e-02
0
0
1.250889e-01
0
0
0
0
0
0
0
0
0
0
1.141314e-02
0
0
1.291776e-01
0
0
0
0
7.560562e-02
0
0
0
2.310689e-02
0
1.972402e-01
6.208445e-02
4.562157e-01
5.580402e-01
8.465409e-01
3.148740e-01
0
2.482645e-01
0
4.190324e-01
8.344839e-02
1.942437e-01
1.095605e-01
5.664020e-01
5.210477e-01
0
2.084291e-01
0
0
0
0
0
0
0
0
0
0
5.613793e-02
0
2.253587e-01
1.793481e-02
0
0
4.743683e-01
0
1
8.740729e-01
2.203333e-02
0
1.484794e-01
1.152202e-01
3.454431e-01
3.067271e-01
3.618851e-01
4.082405e-01
6.767948e-01
4.820576e-01
0
0
0
0
0
0
3.716713e-01
3.407627e-01
0
5.709294e-02
0
0
3.844692e-01
4.180349e-01
2.957542e-01
3.937639e-01
0
0
1.023540e-01
0
5.977113e-02
3.261713e-01
0
3.405666e-01
1.066522e-01
3.557898e-01
0
0
1.214532e-01
8.281953e-02
0
0
0
0
2.531564e-02
3.210218e-01
0
0
0
0
0
0
0
0
8.317193e-03
0
0
0
0
0
4.821809e-02
0
0
6.008722e-03
0
2.514868e-02
0
0
0
0
0
0
0
0
0
0
9.145771e-02
1.219122e-01
0
0
4.843487e-02
4.861227e-01
3.495235e-01
7.927801e-01
2.632707e-01
0
1.480871e-01
0
4.649236e-01
3.842192e-02
1.251668e-01
1.115306e-01
4.251460e-01
5.157030e-01
0
2.256566e-01
0
0
0
0
0
0
0
0
0
0
3.624428e-01
3.145833e-01
5.379303e-01
1.698962e-01
1.504444e-01
0
2.117412e-01
0
8.740729e-01
1
0
0
1.529420e-02
2.801627e-02
3.612041e-01
3.196356e-01
4.845772e-01
3.280050e-01
5.942012e-01
5.134805e-01
0
0
0
0
0
0
1.291202e-01
3.814568e-01
0
0
0
0
4.119243e-01
5.264844e-01
3.722091e-01
4.149434e-01
0
0
9.484225e-03
0
2.065544e-01
4.376707e-01
1.104084e-01
2.276011e-01
3.169365e-01
4.564361e-01
0
0
2.617144e-01
1.679366e-01
0
0
0
0
9.092117e-02
2.641829e-01
0
0
0
0
0
2.088709e-01
6.739715e-02
3.697566e-01
1.068125e-01
4.328922e-01
9.046168e-02
4.502686e-01
8.763951e-03
4.739682e-01
1.872495e-01
3.668415e-01
8.002472e-02
3.154815e-01
3.971919e-01
1.755857e-01
1.322145e-01
5.613015e-01
2.411166e-01
4.333018e-01
0
0
0
0
2.083594e-01
1.147280e-01
3.404414e-01
3.175574e-01
0
0
4.594586e-01
5.853823e-01
1.773189e-01
2.033382e-01
0
0
0
0
2.190326e-01
1.263275e-01
0
0
0
0
0
0
0
0
0
0
3.937077e-02
1.933242e-01
0
0
2.646961e-01
7.688411e-02
0
0
1.132062e-01
1.236362e-01
2.733830e-01
1.783177e-01
0
0
2.203333e-02
0
1
6.446462e-01
3.379126e-01
6.555795e-01
4.137122e-01
3.683872e-01
1.535576e-01
4.721135e-01
4.701331e-02
0
4.790020e-01
4.374029e-01
5.440300e-01
3.679496e-01
0
0
2.384516e-01
0
0
0
0
1.487023e-01
3.777055e-01
0
2.406016e-01
0
0
0
0
0
1.120359e-01
1.486695e-01
2.277105e-01
2.296452e-01
0
1.580476e-02
0
0
0
0
0
0
0
0
0
0
0
0
9.224531e-02
0
0
3.557924e-01
0
2.570925e-01
2.908003e-01
6.618270e-01
1.603455e-01
5.304077e-01
4.078720e-02
5.489908e-01
3.347873e-01
5.196013e-01
1.200853e-01
4.303449e-01
2.031286e-01
0
1.950913e-01
4.510861e-01
1.375128e-01
4.443576e-01
0
3.875217e-02
0
0
1.398403e-01
4.709718e-02
2.235245e-01
2.413499e-01
0
0
1.902495e-01
2.627227e-01
0
0
1.243474e-01
1.893663e-01
0
7.054873e-02
2.370101e-01
3.960991e-01
0
0
0
0
0
0
0
0
0
0
9.786296e-02
4.632007e-01
0
0
1.942281e-01
3.735251e-02
5.240179e-02
1.295757e-01
0
2.472195e-01
7.027309e-02
9.976190e-02
0
0
0
0
6.446462e-01
1
5.198494e-01
6.497622e-01
4.341141e-01
4.424021e-01
1.115391e-01
5.299779e-01
0
0
1.762426e-01
1.031791e-01
2.859599e-01
1.659382e-01
0
0
0
0
0
0
0
2.146865e-01
4.293382e-01
0
1.345108e-01
0
7.890715e-03
0
0
3.308064e-02
0
9.002692e-03
1.906572e-01
1.192575e-01
0
0
0
0
2.189896e-01
0
0
0
0
0
6.452419e-03
0
7.206235e-02
1.211174e-01
0
1.233140e-01
2.492424e-01
3.545021e-01
1.132653e-01
2.098510e-01
1.412282e-01
2.563024e-01
0
1.333825e-01
1.488780e-01
2.720513e-01
0
1.508738e-01
0
0
9.143542e-02
3.446444e-01
1.794722e-01
2.613910e-01
1.011187e-01
3.751619e-01
1.661072e-01
3.301700e-01
0
2.826277e-02
2.031551e-01
1.358700e-01
2.945949e-01
4.196767e-01
9.947429e-02
1.111375e-02
2.367756e-01
1.953936e-01
8.495839e-02
1.020257e-02
4.245399e-01
3.386509e-01
0
8.815610e-02
3.002488e-01
2.600242e-01
0
0
0
0
0
0
0
0
0
0
0
5.209583e-02
0
0
2.505326e-01
0
0
0
0
4.644625e-02
0
3.711031e-03
0
3.950581e-02
1.484794e-01
1.529420e-02
3.379126e-01
5.198494e-01
1
4.281396e-01
4.662169e-01
3.427574e-01
2.621532e-01
3.201091e-01
3.159745e-01
0
2.570069e-01
2.474891e-01
4.223514e-01
4.200975e-01
0
1.560445e-01
4.886473e-03
1.106502e-01
0
9.172055e-02
0
2.975055e-01
0
0
0
0
0
1.245125e-01
1.223072e-02
6.744236e-02
0
0
0
0
0
0
0
6.691243e-02
1.359123e-01
0
5.540980e-02
0
0
0
0
0
3.021944e-02
9.073494e-03
0
0
0
6.034194e-01
0
4.356732e-01
1.983751e-01
6.046098e-01
9.582202e-02
4.521776e-01
2.129734e-01
4.394299e-01
2.563871e-01
3.949454e-01
2.040005e-01
4.398555e-01
3.082164e-01
1.659613e-01
1.678592e-01
3.329210e-01
4.196018e-02
2.888530e-01
1.455973e-01
1.462767e-01
0
0
0
0
3.527080e-01
5.584814e-01
1.773381e-02
2.833381e-01
3.537765e-01
4.945139e-01
1.296923e-01
1.871765e-01
1.217385e-01
0
0
0
4.030223e-01
1.644815e-01
0
0
0
0
0
0
0
0
0
0
1.935800e-01
1.450937e-01
0
0
6.955327e-02
0
0
0
8.767452e-02
8.306740e-02
2.251569e-01
1.868729e-01
0
0
1.152202e-01
2.801627e-02
6.555795e-01
6.497622e-01
4.281396e-01
1
6.846638e-01
6.297067e-01
4.650633e-01
8.087302e-01
7.229246e-02
0
3.383629e-01
5.257080e-01
4.934926e-01
2.802121e-01
0
0
3.202510e-01
7.336311e-02
0
0
0
2.695494e-01
2.779531e-01
0
8.082011e-02
0
0
0
0
0
0
9.591139e-02
0
1.918364e-01
0
0
0
0
5.997707e-02
0
0
0
0
0
0
6.818123e-02
0
0
0
0
0
1.441951e-01
0
1.254660e-01
0
2.444346e-01
0
4.505532e-02
5.337087e-02
1.661209e-01
0
1.394718e-01
0
3.536780e-01
4.687119e-01
4.735324e-01
0
0
1.621298e-02
1.491308e-01
0
0
0
0
0
0
7.252109e-01
7.754499e-01
0
1.933848e-01
4.880559e-01
5.780791e-01
1.493944e-01
3.304717e-01
5.345316e-01
1.130337e-01
1.656645e-01
9.492491e-02
9.072987e-01
5.389524e-01
0
0
0
0
0
0
0
0
0
0
0
5.080671e-02
0
4.026315e-02
1.060814e-01
0
0
0
1.366021e-01
5.864035e-04
4.434168e-01
1.832928e-01
0
0
3.454431e-01
3.612041e-01
4.137122e-01
4.341141e-01
4.662169e-01
6.846638e-01
1
8.644237e-01
8.513611e-01
8.280016e-01
4.807620e-01
2.678639e-01
5.957787e-01
5.003901e-01
5.201136e-01
1.450931e-01
0
3.849401e-02
0
0
0
0
0
0
2.108011e-01
0
0
0
0
0
0
0
2.453151e-01
4.335267e-01
0
0
7.533950e-02
0
0
0
2.695449e-01
0
0
0
0
0
0
3.998660e-01
0
0
0
0
0
2.070002e-01
0
8.020248e-02
0
3.758600e-01
0
1.531911e-01
4.870043e-02
2.231128e-01
0
1.578071e-01
0
3.592430e-01
5.098633e-01
5.208168e-01
0
0
0
3.292609e-02
0
0
0
0
0
0
6.840268e-01
7.900271e-01
0
1.140687e-01
5.544613e-01
5.462245e-01
1.287989e-01
3.046456e-01
3.924287e-01
1.355115e-01
3.686408e-02
7.775061e-02
8.037808e-01
6.882459e-01
0
0
0
0
0
0
0
0
0
0
0
0
0
0
1.410587e-01
1.336499e-01
0
1.044146e-01
2.111757e-01
2.500778e-01
4.708553e-01
3.509614e-01
0
0
3.067271e-01
3.196356e-01
3.683872e-01
4.424021e-01
3.427574e-01
6.297067e-01
8.644237e-01
1.000000e+00
7.504934e-01
8.647181e-01
3.819664e-01
3.195010e-01
5.133999e-01
3.742810e-01
4.733441e-01
1.173230e-01
1.353240e-01
1.121896e-01
0
0
0
5.944334e-02
0
0
1.167004e-01
0
0
0
0
0
0
0
1.469401e-01
2.192100e-01
0
1.146275e-01
0
0
0
0
2.826223e-01
0
0
0
0
0
0
2.156091e-01
0
0
0
0
0
4.028901e-02
0
0
0
5.556562e-02
0
0
1.324033e-01
7.638505e-02
0
0
0
1.648052e-01
3.680918e-01
5.217395e-01
0
0
0
0
0
0
0
0
0
0
6.393353e-01
7.546248e-01
0
2.402363e-01
3.315074e-01
4.375666e-01
0
2.547521e-01
6.293926e-01
1.494610e-01
2.596585e-01
2.014072e-01
7.982794e-01
2.818969e-01
4.882245e-02
1.830004e-01
1.054143e-01
1.525156e-01
1.312661e-01
1.182348e-01
0
0
0
0
0
0
8.116147e-02
3.243776e-01
1.261781e-01
1.032191e-02
1.564380e-01
9.363479e-02
3.120982e-01
0
5.596647e-01
2.332627e-01
0
0
3.618851e-01
4.845772e-01
1.535576e-01
1.115391e-01
2.621532e-01
4.650633e-01
8.513611e-01
7.504934e-01
1
7.082170e-01
6.007184e-01
5.843819e-01
4.820515e-01
4.620328e-01
3.601407e-01
0
5.213802e-02
0
0
0
0
0
0
1.249511e-01
3.623885e-03
0
0
0
0
0
8.693084e-03
0
4.182856e-01
4.762785e-01
0
0
4.872117e-02
0
0
0
2.899933e-01
0
0
0
0
0
4.114865e-02
5.975463e-01
0
0
0
0
0
3.327510e-01
0
9.701774e-02
0
4.242197e-01
0
2.177495e-01
0
1.453246e-01
1.267497e-02
6.461948e-02
0
2.852385e-01
3.969743e-01
3.344785e-01
0
4.240830e-03
0
1.068391e-01
0
0
0
0
0
0
4.932766e-01
6.151290e-01
0
2.332647e-01
5.072933e-01
6.227249e-01
1.917813e-01
3.723981e-01
4.043613e-01
0
1.619069e-01
0
6.441702e-01
4.479129e-01
0
0
0
0
0
0
0
0
0
0
5.985249e-04
1.241114e-01
0
6.295130e-02
2.119775e-02
0
0
1.456799e-02
2.535228e-01
1.031566e-01
2.598416e-01
1.093485e-01
0
0
4.082405e-01
3.280050e-01
4.721135e-01
5.299779e-01
3.201091e-01
8.087302e-01
8.280016e-01
8.647181e-01
7.082170e-01
1
4.225374e-01
2.490083e-01
4.491109e-01
3.925351e-01
3.459383e-01
4.654243e-02
0
0
1.158848e-01
0
0
0
0
0
3.066233e-01
0
0
0
0
0
0
0
1.329207e-01
3.149678e-01
0
8.233211e-02
0
2.071925e-03
0
0
2.197622e-01
0
0
0
0
0
0
3.134423e-01
0
0
0
0
0
0
0
0
0
0
0
0
0
0
0
0
0
0
2.586299e-01
3.478779e-01
0
0
0
0
0
0
0
0
0
0
3.802838e-01
3.649117e-01
0
0
3.068216e-01
4.689355e-01
1.660711e-01
4.575366e-01
7.333582e-01
2.321768e-01
3.913571e-01
2.576801e-01
5.710998e-01
2.229645e-01
3.252763e-01
3.619281e-01
5.301981e-01
5.275221e-01
2.185894e-01
3.095015e-01
1.064126e-01
2.251345e-02
5.257657e-02
0
0
0
2.100339e-01
2.940312e-01
0
0
6.148255e-02
0
6.576429e-02
0
9.649356e-02
0
4.531645e-02
0
6.767948e-01
5.942012e-01
4.701331e-02
0
3.159745e-01
7.229246e-02
4.807620e-01
3.819664e-01
6.007184e-01
4.225374e-01
1.000000e+00
7.673378e-01
4.083132e-01
1.147053e-01
1.827758e-01
0
0
0
9.553043e-02
0
0
0
0
0
0
0
0
0
5.139564e-02
0
3.230439e-01
0
4.603795e-01
5.089937e-01
0
0
0
2.475171e-03
0
0
1.799045e-01
0
0
0
0
4.155819e-01
1.913693e-01
5.786131e-01
0
0
0
0
0
0
0
0
0
0
0
0
0
0
0
0
0
0
3.289474e-01
4.048594e-01
0
0
0
0
0
0
0
0
0
0
3.709066e-01
3.241611e-01
0
1.675202e-02
1.534505e-01
2.573149e-01
2.265771e-03
2.350199e-01
6.422514e-01
3.597711e-01
4.668417e-01
3.031452e-01
4.374143e-01
1.172375e-01
5.395601e-01
6.403869e-01
6.363758e-01
6.576063e-01
4.988969e-01
5.872642e-01
3.823977e-01
3.122882e-01
1.129583e-01
1.312762e-02
0
0
4.000701e-01
4.437277e-01
0
0
1.155587e-01
1.434864e-01
1.400840e-01
0
2.697801e-01
0
0
0
4.820576e-01
5.134805e-01
0
0
0
0
2.678639e-01
3.195010e-01
5.843819e-01
2.490083e-01
7.673378e-01
1
3.119725e-01
0
1.032841e-01
0
1.510607e-01
0
0
0
0
0
0
0
0
0
0
0
2.081363e-01
0
5.334080e-01
0
5.797709e-01
4.785800e-01
0
1.127489e-02
0
2.020656e-01
0
0
0
0
0
0
0
5.452846e-01
2.997589e-01
5.342194e-01
0
0
0
1.562953e-01
0
0
0
0
0
0
0
0
0
3.037010e-02
0
0
0
0
8.005476e-01
7.594138e-01
0
2.620772e-02
0
0
0
0
0
0
0
0
7.903976e-01
6.055535e-01
0
0
7.901080e-01
5.980851e-01
1.312421e-01
0
4.424604e-01
3.633332e-01
4.247147e-01
5.135690e-01
5.557725e-01
4.306666e-01
1.544270e-01
2.328876e-01
1.005974e-01
2.289532e-02
2.865607e-01
5.230284e-02
1.270714e-01
0
1.396459e-01
0
5.599346e-02
1.390241e-01
1.639899e-01
2.339293e-01
5.918810e-01
3.194018e-01
0
0
0
0
3.967978e-01
5.541383e-02
0
0
0
0
4.790020e-01
1.762426e-01
2.570069e-01
3.383629e-01
5.957787e-01
5.133999e-01
4.820515e-01
4.491109e-01
4.083132e-01
3.119725e-01
1
7.243246e-01
8.013108e-01
4.727509e-01
5.689356e-02
8.552555e-02
0
0
0
0
0
9.606404e-02
0
0
0
0
0
0
1.019330e-01
0
6.576986e-01
4.332315e-01
0
0
0
0
0
0
0
0
0
0
0
3.084831e-01
0
1.667089e-01
0
0
3.584870e-02
2.480005e-01
0
9.224051e-02
0
2.001855e-01
0
0
0
1.481785e-02
2.219241e-01
2.538899e-01
0
1.411930e-02
2.956441e-02
1.430382e-01
5.319891e-01
6.416579e-01
2.100700e-01
1.078846e-01
0
0
1.502550e-01
0
0
0
0
0
5.205763e-01
6.284204e-01
1.660364e-02
1.122028e-01
5.127074e-01
3.664663e-01
0
0
1.625435e-01
0
1.719467e-01
2.208223e-01
3.180891e-01
5.547243e-02
0
0
0
0
7.372730e-02
0
0
0
1.787094e-01
0
3.180387e-01
0
1.730721e-01
1.677518e-01
5.574907e-01
4.083599e-01
0
0
0
0
4.511926e-01
2.162063e-01
0
0
0
0
4.374029e-01
1.031791e-01
2.474891e-01
5.257080e-01
5.003901e-01
3.742810e-01
4.620328e-01
3.925351e-01
1.147053e-01
0
7.243246e-01
1
7.934541e-01
5.535839e-01
7.596921e-02
1.177448e-01
1.797632e-01
0
2.454340e-02
0
8.776567e-02
3.894921e-01
0
0
0
0
0
0
0
0
3.331164e-01
1.160403e-01
0
0
0
0
0
0
4.082683e-02
0
6.313641e-02
0
0
3.131920e-02
0
1.847651e-01
5.081103e-02
0
1.468954e-02
3.244410e-01
0
0
0
1.359020e-01
0
0
0
0
3.425866e-01
3.332659e-01
0
9.579430e-02
5.401496e-02
6.107230e-02
7.911759e-01
6.936503e-01
1.164179e-01
1.986571e-01
0
0
5.334973e-02
0
0
0
0
0
7.563633e-01
7.579942e-01
0
0
5.886871e-01
4.693625e-01
0
0
2.891352e-01
2.175244e-01
0
3.110854e-01
4.511447e-01
3.427722e-01
0
9.498606e-03
0
0
2.259455e-02
0
0
0
3.405607e-02
0
5.233077e-02
0
4.881428e-02
9.186307e-02
6.105324e-01
4.946697e-01
0
0
0
0
5.703027e-01
3.041875e-01
0
0
0
0
5.440300e-01
2.859599e-01
4.223514e-01
4.934926e-01
5.201136e-01
4.733441e-01
3.601407e-01
3.459383e-01
1.827758e-01
1.032841e-01
8.013108e-01
7.934541e-01
1.000000e+00
6.220967e-01
1.613824e-01
2.328903e-01
9.406791e-02
0
0
0
0
2.584237e-01
0
0
0
0
0
0
0
0
3.849823e-01
2.169072e-01
0
0
0
0
0
0
0
0
1.446976e-01
0
0
1.651465e-01
0
2.482450e-02
0
0
0
3.929990e-01
2.662610e-01
2.162606e-01
3.744906e-01
4.413572e-01
0
8.830269e-02
1.569459e-01
3.535323e-01
2.434999e-01
2.575276e-01
0
1.045316e-01
2.543087e-01
0
3.033219e-01
4.776919e-01
2.588289e-01
2.436545e-01
0
6.666855e-02
3.717297e-01
2.319578e-01
3.731129e-01
2.247532e-01
2.756576e-01
2.801897e-01
1.298667e-01
2.145056e-01
1.061169e-01
0
3.142610e-01
1.555835e-01
3.656738e-01
1.471048e-02
0
0
4.245574e-02
2.394116e-03
4.776131e-02
1.308797e-01
0
0
0
0
0
0
0
0
0
0
3.262250e-02
6.156150e-02
0
0
2.847207e-01
1.886037e-01
0
0
0
3.132608e-02
0
0
3.599258e-01
2.680810e-01
0
0
3.679496e-01
1.659382e-01
4.200975e-01
2.802121e-01
1.450931e-01
1.173230e-01
0
4.654243e-02
0
0
4.727509e-01
5.535839e-01
6.220967e-01
1
0
2.729394e-01
4.041984e-01
8.049182e-02
0
1.377827e-01
5.543651e-02
2.156947e-01
0
0
2.455100e-02
0
0
2.299522e-01
0
0
0
0
0
1.680313e-01
0
0
0
0
0
0
1.581761e-01
7.752033e-03
5.121343e-02
0
0
0
0
0
1.867541e-01
3.570238e-01
6.958846e-02
0
0
0
0
0
8.868491e-02
0
1.937647e-01
0
0
0
6.138871e-02
0
1.474510e-01
2.145825e-01
1.503226e-01
0
0
0
7.312054e-02
6.934476e-02
0
0
0
0
2.908488e-01
3.292174e-01
3.670078e-01
3.359171e-01
9.419797e-02
0
0
0
4.384169e-02
2.402504e-01
0
2.830458e-01
8.259081e-02
3.342194e-01
1.307315e-01
2.809607e-01
1.168070e-02
0
2.876856e-01
1.370900e-01
2.115387e-01
1.494910e-01
4.762230e-02
1.330780e-01
0
0
3.226869e-01
2.139732e-01
2.549988e-01
5.310433e-01
0
0
0
0
2.741053e-01
3.011768e-01
0
0
0
0
0
0
0
0
0
1.353240e-01
5.213802e-02
0
0
1.510607e-01
5.689356e-02
7.596921e-02
1.613824e-01
0
1.000000e+00
5.369423e-01
0
0
6.564245e-01
4.266674e-01
5.517853e-02
0
0
0
0
0
3.302087e-01
2.748708e-01
2.451276e-01
0
2.357564e-02
0
0
0
0
0
2.155527e-01
2.989666e-01
1.525657e-01
0
5.719010e-01
5.157828e-01
4.595164e-01
9.087541e-02
0
1.023897e-01
3.364753e-01
2.562284e-01
0
1.181849e-01
1.229169e-01
0
0
0
0
0
3.801452e-02
0
8.364450e-02
0
0
0
0
4.511039e-02
1.299468e-01
4.611336e-01
0
0
0
0
1.401584e-01
1.217596e-01
0
0
0
0
2.589834e-01
3.391082e-01
1.004639e-01
1.402615e-01
6.436347e-02
0
0
0
1.143062e-01
2.380898e-01
0
1.733811e-01
2.063510e-01
4.843147e-01
0
3.025305e-02
0
0
5.520948e-02
0
0
0
0
0
0
0
1.508656e-01
2.426222e-03
1.396701e-01
3.856990e-01
0
0
0
0
2.445413e-01
1.589575e-01
2.993829e-02
0
0
0
0
0
1.560445e-01
0
3.849401e-02
1.121896e-01
0
0
0
0
8.552555e-02
1.177448e-01
2.328903e-01
2.729394e-01
5.369423e-01
1
0
0
1.674768e-01
8.001607e-01
0
0
0
0
0
0
0
2.220107e-01
1.376630e-01
0
6.571347e-02
0
0
1.076940e-01
0
0
1.544456e-01
1.055526e-01
3.917932e-01
2.617078e-01
2.690940e-01
3.309494e-01
3.829869e-01
0
0
0
3.520833e-02
2.244021e-01
0
0
3.100984e-01
5.227440e-01
4.270233e-01
6.727770e-01
2.551965e-01
1.399931e-01
4.575536e-01
3.898340e-01
1.319597e-01
0
3.318175e-02
1.775100e-02
4.148045e-01
9.420966e-02
0
0
2.967966e-02
2.152422e-01
2.000313e-01
1.108913e-01
6.183184e-01
5.331552e-01
3.212776e-01
3.477966e-01
3.046639e-01
9.135965e-02
0
0
3.399272e-01
3.095433e-01
0
6.678956e-02
4.680056e-01
4.656405e-01
0
0
2.555001e-02
0
0
0
0
0
8.405672e-02
0
0
0
0
0
0
0
0
0
0
0
0
0
0
0
0
0
0
0
7.749555e-01
2.687697e-01
3.716713e-01
1.291202e-01
2.384516e-01
0
4.886473e-03
3.202510e-01
0
0
0
1.158848e-01
9.553043e-02
0
0
1.797632e-01
9.406791e-02
4.041984e-01
0
0
1
4.950281e-01
6.284179e-02
0
3.015708e-01
0
7.863908e-02
8.691877e-02
3.485082e-01
1.752351e-01
2.444611e-02
3.340046e-02
0
0
0
0
0
5.682931e-01
0
0
0
1.161888e-01
0
0
3.435528e-01
2.194165e-01
5.165206e-02
0
0
2.632883e-02
0
0
1.267259e-01
0
2.372770e-01
5.128255e-01
1.146266e-01
3.561340e-01
3.877508e-01
3.499095e-01
0
4.087447e-01
4.306164e-01
3.294748e-01
5.585883e-01
4.363777e-01
1.457518e-01
1.432371e-01
0
0
0
8.244330e-02
6.586486e-02
0
4.566493e-01
4.207568e-01
3.311629e-01
2.486171e-01
3.126729e-01
3.696204e-02
0
0
1.437715e-01
2.821588e-02
0
0
2.207734e-01
3.056173e-01
0
0
0
0
0
0
0
0
0
0
0
0
0
0
0
0
0
0
0
0
0
0
1.531265e-01
1.720818e-01
1.761491e-01
4.167356e-01
0
0
3.638249e-01
6.514844e-01
3.407627e-01
3.814568e-01
0
0
1.106502e-01
7.336311e-02
0
0
0
0
0
0
0
0
0
8.049182e-02
0
0
4.950281e-01
1.000000e+00
0
0
3.209434e-01
2.128593e-01
3.449655e-01
3.576043e-01
6.745882e-01
3.736140e-01
0
0
0
4.488517e-02
0
0
1.838914e-01
4.245205e-01
0
1.028218e-01
0
0
0
1.002669e-01
2.976691e-02
0
0
0
0
0
0
0
1.504037e-01
4.475102e-01
3.170927e-01
8.840374e-02
1.621511e-01
0
3.610272e-02
0
2.017408e-01
0
0
0
0
0
3.903160e-02
0
0
0
3.444267e-01
4.489312e-02
0
1.667111e-02
1.251861e-01
2.200871e-01
1.655149e-01
1.759988e-01
0
7.454618e-02
0
0
4.789999e-01
3.633233e-01
0
0
0
0
0
0
7.123105e-02
1.083931e-01
0
0
1.371534e-01
1.307762e-01
1.331845e-01
0
1.746781e-01
1.289809e-01
1.890111e-01
1.452574e-01
1.656218e-01
2.462240e-01
3.015022e-01
0
3.339181e-01
1.260720e-01
1.495922e-01
2.753962e-01
0
0
0
0
0
2.692316e-02
0
0
0
0
0
0
0
0
0
0
0
0
0
0
0
2.454340e-02
0
0
6.564245e-01
1.674768e-01
6.284179e-02
0
1
3.885692e-01
3.883531e-01
0
0
0
0
0
4.306697e-01
5.193445e-01
2.226776e-01
1.595687e-01
0
0
0
0
0
0
2.407325e-01
4.911146e-01
1.110913e-01
0
6.124924e-01
7.246210e-01
6.638911e-01
1.516794e-01
0
1.871583e-01
5.480468e-01
4.677170e-01
0
1.856455e-03
2.023582e-01
6.867967e-02
5.463382e-02
0
0
0
2.461934e-01
0
0
0
0
0
0
0
0
2.542545e-01
0
0
0
9.900063e-02
1.507734e-01
1.965892e-01
1.348311e-01
1.404954e-01
0
2.560298e-02
0
4.709486e-02
2.383866e-01
2.701733e-01
0
0
1.529978e-02
4.174869e-02
9.182835e-02
1.446603e-01
1.855177e-02
5.796187e-02
7.480191e-02
4.425115e-01
2.908108e-02
0
1.545075e-01
9.506867e-02
3.427929e-02
6.014327e-03
0
0
0
0
0
0
8.902154e-02
0
0
7.965734e-02
0
0
0
0
0
0
2.878316e-01
0
5.709294e-02
0
0
0
9.172055e-02
0
0
5.944334e-02
0
0
0
0
0
0
0
1.377827e-01
4.266674e-01
8.001607e-01
0
0
3.885692e-01
1
0
0
0
0
0
4.024354e-02
8.331631e-02
3.493717e-01
3.134330e-01
6.089510e-02
0
0
0
1.530862e-01
0
0
2.136545e-01
2.846465e-01
3.868138e-01
2.923764e-01
2.629041e-01
3.857547e-01
5.035290e-01
0
0
0
1.376579e-01
3.894851e-01
2.747202e-01
2.557184e-01
3.531014e-01
2.704128e-02
1.571997e-01
0
8.227099e-02
0
0
0
2.330374e-01
0
0
0
1.458956e-01
0
0
0
1.610250e-01
0
0
0
3.897949e-01
2.538243e-01
5.539590e-01
2.791882e-01
0
0
0
0
3.924529e-01
1.853199e-01
0
0
0
0
0
0
2.479232e-01
0
0
0
6.794988e-02
1.059379e-01
0
1.494160e-02
1.113975e-01
7.982634e-02
1.864572e-01
2.571686e-01
3.066182e-01
2.844609e-01
3.729231e-01
0
3.742495e-01
8.478208e-02
0
1.712638e-02
3.568906e-03
0
0
0
0
0
1.467354e-01
5.309562e-01
0
0
0
0
0
0
0
0
0
0
0
0
0
8.776567e-02
0
5.543651e-02
5.517853e-02
0
3.015708e-01
3.209434e-01
3.883531e-01
0
1
2.679591e-01
0
0
0
0
0
1.509206e-01
0
0
0
0
0
0
0
0
8.778779e-02
1.166675e-01
0
0
3.710184e-01
3.806931e-01
2.032561e-01
1.245178e-01
0
9.569459e-02
1.177237e-01
0
5.909442e-01
3.976954e-01
0
2.192791e-01
0
0
0
1.783907e-01
0
2.868746e-02
3.486808e-01
4.998874e-01
1.320932e-01
1.998413e-01
0
0
3.925369e-02
2.297263e-01
2.601457e-01
2.087335e-01
0
0
4.939854e-03
0
5.377629e-02
0
0
0
0
1.421754e-01
1.631363e-02
0
0
0
0
0
1.796339e-01
2.765886e-01
0
3.493064e-01
0
0
0
0
0
0
6.146283e-02
0
1.750682e-01
1.091522e-01
4.397620e-01
5.039401e-01
5.511413e-01
3.017011e-01
3.357133e-01
4.895973e-01
4.994572e-01
3.893005e-01
2.498990e-01
1.933674e-01
0
0
1.304990e-01
1.247235e-01
0
2.012481e-01
0
0
1.487023e-01
2.146865e-01
2.975055e-01
2.695494e-01
0
0
1.249511e-01
0
0
0
9.606404e-02
3.894921e-01
2.584237e-01
2.156947e-01
0
0
0
2.128593e-01
0
0
2.679591e-01
1
0
0
0
0
0
0
7.417141e-02
0
1.442459e-01
0
8.559987e-02
0
0
0
0
0
0
0
1.719293e-01
2.356098e-03
0
1.344900e-01
0
0
2.092463e-01
2.239297e-02
0
0
0
1.083481e-01
0
1.716120e-01
2.089102e-01
4.480618e-01
1.584741e-01
4.849754e-01
0
1.956241e-01
4.192724e-01
3.425698e-01
9.326582e-02
4.442138e-01
0
0
0
1.404570e-02
2.384244e-01
1.417715e-01
0
0
0
0
9.219485e-02
0
0
0
0
0
0
2.837198e-01
4.273493e-01
5.049861e-01
0
0
1.124987e-02
0
1.464127e-01
5.658754e-02
0
0
0
5.272068e-02
0
0
0
0
0
0
0
4.867040e-01
0
0
0
0
2.459204e-01
2.561037e-01
4.743885e-01
3.720743e-01
0
0
1.391457e-01
4.671275e-02
3.844692e-01
4.119243e-01
3.777055e-01
4.293382e-01
0
2.779531e-01
2.108011e-01
1.167004e-01
3.623885e-03
3.066233e-01
0
0
0
0
0
0
0
0
7.863908e-02
3.449655e-01
0
0
0
0
1.000000e+00
5.741581e-01
6.438101e-01
4.561016e-01
0
0
0
0
0
3.244511e-01
5.356276e-01
2.836050e-01
4.170704e-01
5.265062e-01
0
0
8.171414e-02
4.072531e-01
0
0
0
0
1.376195e-01
0
0
0
0
0
5.427634e-02
0
1.765575e-01
1.487646e-02
2.966198e-01
0
2.428088e-01
4.043746e-02
0
0
2.173106e-01
4.400624e-02
1.643546e-01
9.768486e-02
0
0
0
0
3.999718e-01
3.646067e-02
0
0
2.420741e-02
3.154622e-01
2.619939e-01
1.522384e-01
0
0
0
0
0
1.119681e-01
3.986549e-01
5.820538e-01
0
0
7.887699e-02
0
3.798999e-02
0
1.789217e-01
9.460958e-02
2.829561e-01
4.040840e-01
0
2.181991e-01
0
1.271721e-01
0
0
0
1.727251e-02
0
0
0
0
8.950436e-02
9.753396e-02
2.821488e-01
5.217960e-02
0
0
2.366727e-01
1.990396e-02
4.180349e-01
5.264844e-01
0
0
0
0
0
0
0
0
0
0
0
0
0
0
0
0
8.691877e-02
3.576043e-01
0
0
0
0
5.741581e-01
1
5.802897e-01
9.118988e-01
1.279567e-03
0
0
7.215042e-02
0
3.077712e-01
3.027435e-01
4.328772e-01
6.205196e-01
6.686669e-01
4.934142e-01
0
0
4.854314e-01
0
0
0
0
3.310167e-01
0
0
0
0
0
1.723277e-02
2.081409e-01
1.413488e-01
4.982616e-01
2.975635e-01
3.794236e-01
2.693392e-01
5.071122e-01
2.303884e-01
3.543148e-01
6.567029e-01
6.452193e-01
4.487687e-01
5.797504e-01
0
0
0
1.469114e-01
2.482778e-01
6.175941e-02
3.453172e-01
3.084591e-01
9.493959e-02
1.970136e-01
3.414378e-01
2.462816e-01
0
0
0
0
0
5.144331e-02
3.042627e-01
4.288750e-01
0
0
0
0
1.358665e-02
0
0
0
0
0
0
0
0
0
0
0
0
0
0
0
0
0
8.027054e-02
8.364699e-02
3.604117e-01
4.220018e-01
4.478928e-03
2.399506e-02
3.321047e-01
3.269329e-01
2.957542e-01
3.722091e-01
2.406016e-01
1.345108e-01
0
8.082011e-02
0
0
0
0
0
0
0
0
0
2.455100e-02
0
0
3.485082e-01
6.745882e-01
0
0
0
0
6.438101e-01
5.802897e-01
1
6.269832e-01
0
0
0
1.127062e-01
0
2.785404e-02
4.954730e-01
4.152416e-01
3.553366e-01
3.923981e-01
3.093335e-02
0
0
5.227388e-01
0
0
0
0
1.283565e-01
0
0
0
0
0
1.846968e-01
0
3.040655e-01
1.385503e-01
3.307662e-01
0
4.322055e-01
1.097200e-01
0
0
2.021792e-01
8.965545e-02
2.696099e-01
1.720753e-01
0
0
0
0
5.220881e-01
1.724990e-01
1.381846e-01
8.520327e-02
1.168810e-01
4.697747e-01
4.001512e-01
3.172465e-01
0
0
0
8.473356e-03
0
0
4.057089e-01
5.545336e-01
0
0
0
0
0
0
1.187825e-01
4.808201e-03
2.679443e-01
3.158754e-01
0
1.151533e-01
0
0
0
0
0
0
0
0
0
0
0
0
8.130826e-02
1.006054e-01
0
0
3.903457e-01
8.527045e-02
3.937639e-01
4.149434e-01
0
0
0
0
0
0
0
0
0
0
0
0
0
0
0
0
1.752351e-01
3.736140e-01
0
4.024354e-02
0
0
4.561016e-01
9.118988e-01
6.269832e-01
1
5.832015e-02
0
0
2.352173e-01
0
6.958922e-02
1.939745e-01
6.157622e-01
5.228078e-01
5.917442e-01
5.458977e-01
1.948039e-01
7.198306e-04
6.210589e-01
0
0
5.461393e-02
0
2.602053e-01
0
0
0
5.190572e-02
3.510672e-01
6.899333e-02
0
2.480620e-01
0
0
0
2.989715e-01
0
0
0
0
0
3.468205e-02
0
0
0
1.320811e-01
3.417517e-01
2.963446e-01
3.106981e-01
0
5.892225e-03
0
1.286954e-01
2.391271e-01
3.270001e-01
0
0
6.417981e-02
0
0
0
0
0
0
2.880391e-01
0
1.604626e-01
0
7.589415e-02
2.340595e-01
2.775355e-01
2.229329e-01
1.742052e-01
2.379987e-01
2.218623e-01
2.520829e-01
2.772605e-01
1.207699e-01
3.482648e-01
8.836347e-02
1.511507e-01
1.848424e-01
1.481270e-01
0
1.068313e-02
0
0
0
0
0
0
0
0
0
0
0
7.890715e-03
0
0
0
0
0
0
5.139564e-02
2.081363e-01
0
0
0
0
3.302087e-01
0
2.444611e-02
0
4.306697e-01
8.331631e-02
0
0
0
1.279567e-03
0
5.832015e-02
1.000000e+00
2.538543e-01
5.482090e-01
3.214176e-01
0
0
0
8.180853e-02
0
0
5.170369e-01
6.913429e-01
0
0
3.963631e-01
4.976011e-01
3.796027e-01
4.269534e-01
2.228699e-01
0
3.256394e-01
4.718037e-01
2.431342e-01
6.747544e-01
5.533555e-01
2.494916e-01
4.733241e-01
3.687278e-01
3.665048e-01
1.892109e-01
4.162628e-01
3.356013e-01
0
1.369407e-01
0
1.530857e-01
3.748871e-01
0
0
0
6.365162e-01
4.268117e-01
3.271407e-02
2.254532e-01
2.928871e-01
4.495488e-01
4.414845e-01
4.174674e-01
4.759815e-01
6.773813e-01
0
0
3.239283e-01
0
0
0
0
0
0
0
0
0
0
4.975836e-02
0
0
0
0
0
0
0
0
0
0
4.818621e-02
1.696765e-02
0
0
2.088371e-01
3.321712e-01
0
0
0
2.369829e-01
0
1.946270e-01
1.855556e-01
4.020170e-01
0
0
0
0
1.245125e-01
0
0
0
0
0
0
0
0
0
0
2.299522e-01
2.748708e-01
2.220107e-01
3.340046e-02
0
5.193445e-01
3.493717e-01
1.509206e-01
0
0
0
0
0
2.538543e-01
1
0
5.953556e-01
0
0
0
0
0
0
3.511098e-01
5.265292e-01
2.537938e-02
7.101205e-02
4.780568e-01
6.151688e-01
7.860611e-01
0
0
0
4.904577e-01
6.318017e-01
0
0
0
0
0
0
0
0
0
0
0
0
0
0
0
0
5.174457e-02
2.021755e-01
0
0
0
0
0
0
0
0
0
0
4.267817e-02
0
0
1.185031e-02
3.429829e-02
0
0
0
4.380622e-01
5.805453e-01
3.967386e-01
4.568177e-01
0
1.680713e-01
6.620267e-01
6.984178e-01
5.654076e-01
6.383936e-01
6.819137e-01
7.281364e-01
6.089223e-01
6.442103e-01
4.549545e-01
5.151942e-01
5.684598e-02
9.214755e-02
6.595021e-01
6.543592e-01
5.167862e-03
0
1.437077e-01
9.305710e-02
0
0
0
0
0
0
1.023540e-01
9.484225e-03
0
0
1.223072e-02
0
0
0
8.693084e-03
0
3.230439e-01
5.334080e-01
1.019330e-01
0
0
0
2.451276e-01
1.376630e-01
0
0
2.226776e-01
3.134330e-01
0
7.417141e-02
0
0
0
0
5.482090e-01
0
1
1.623378e-02
4.697726e-01
1.850140e-01
0
0
0
1.014637e-01
1.445659e-01
3.068274e-01
3.673248e-02
0
9.267091e-02
1.329443e-01
0
5.664267e-01
1.825712e-01
1.075337e-01
8.571044e-03
1.740593e-01
1.716962e-01
3.536050e-01
2.781639e-01
0
5.282884e-01
1.564579e-01
3.519658e-01
3.731849e-02
2.206251e-01
2.366958e-01
0
7.324175e-02
4.327895e-02
1.067235e-01
1.112905e-01
0
0
0
4.090804e-01
3.747163e-01
3.934918e-01
3.090968e-01
0
1.009451e-01
3.690525e-01
5.690151e-01
6.542588e-01
6.923670e-01
0
0
1.254395e-01
0
0
0
9.497198e-02
0
0
1.831525e-01
0
6.163866e-02
0
0
0
0
0
0
0
0
0
0
0
2.576120e-02
0
5.931798e-02
0
0
8.428359e-02
0
1.923395e-03
1.476726e-02
0
2.887678e-01
0
0
2.148861e-02
3.601003e-01
0
0
0
3.308064e-02
6.744236e-02
0
0
0
0
0
0
0
0
0
0
0
0
0
0
4.488517e-02
1.595687e-01
6.089510e-02
0
0
0
7.215042e-02
1.127062e-01
2.352173e-01
3.214176e-01
5.953556e-01
1.623378e-02
1
0
0
3.664997e-01
0
1.916168e-01
0
3.250915e-01
5.362862e-01
0
1.423904e-01
0
4.779959e-02
5.245049e-01
9.078895e-02
3.092171e-01
0
3.386010e-01
5.641888e-01
0
0
0
0
0
0
0
0
0
0
0
0
0
0
0
0
6.081152e-01
5.976870e-01
0
0
0
0
0
0
0
0
0
0
6.090962e-01
3.425290e-01
0
0
5.015641e-01
4.653718e-01
0
0
5.504908e-01
4.781197e-01
4.770681e-01
6.058715e-01
3.311637e-01
1.567544e-01
6.173186e-01
6.890259e-01
4.807396e-01
5.945354e-01
6.880063e-01
6.156936e-01
6.856469e-01
5.050005e-01
5.075102e-01
1.651043e-01
1.806809e-02
1.447111e-01
6.047295e-01
6.805938e-01
3.639899e-01
2.672121e-01
2.883159e-01
2.276417e-01
2.722043e-01
0
4.953058e-01
2.023670e-02
0
0
5.977113e-02
2.065544e-01
1.120359e-01
0
0
0
2.453151e-01
1.469401e-01
4.182856e-01
1.329207e-01
4.603795e-01
5.797709e-01
6.576986e-01
3.331164e-01
3.849823e-01
0
2.357564e-02
6.571347e-02
0
0
0
0
0
1.442459e-01
0
0
0
0
0
0
4.697726e-01
0
1
7.456082e-01
6.144699e-02
0
1.622415e-01
2.964070e-01
0
0
4.179927e-02
0
0
0
0
5.225366e-01
3.067097e-01
2.713441e-01
0
0
0
0
0
0
0
0
0
0
0
0
0
0
0
0
0
0
5.523410e-01
2.086480e-01
0
0
0
0
0
0
0
0
0
0
5.530299e-01
2.791446e-01
0
0
2.752792e-01
5.559925e-01
0
2.211035e-01
5.780579e-01
2.110209e-01
4.224447e-01
3.088441e-01
5.269695e-01
1.749907e-01
5.302894e-01
5.933980e-01
4.244742e-01
5.860516e-01
5.011397e-01
5.148049e-01
5.223322e-01
3.778980e-01
4.164572e-01
1.513259e-02
0
1.887846e-01
3.667007e-01
5.228202e-01
0
0
3.106025e-01
1.624585e-01
4.263577e-01
0
4.613380e-01
0
0
0
3.261713e-01
4.376707e-01
1.486695e-01
9.002692e-03
0
9.591139e-02
4.335267e-01
2.192100e-01
4.762785e-01
3.149678e-01
5.089937e-01
4.785800e-01
4.332315e-01
1.160403e-01
2.169072e-01
0
0
0
0
0
0
0
0
0
3.244511e-01
3.077712e-01
2.785404e-02
6.958922e-02
0
0
1.850140e-01
0
7.456082e-01
1
2.419972e-01
0
4.316240e-01
6.388323e-01
0
0
1.001671e-01
2.959446e-02
0
0
0
4.028816e-01
5.338584e-01
5.317406e-01
0
0
2.206194e-01
0
0
0
0
0
2.511583e-01
1.827149e-01
0
2.318972e-01
0
3.398163e-01
4.354691e-01
3.844885e-01
0
1.674403e-01
0
0
2.413865e-02
1.145378e-01
6.224885e-02
3.675429e-02
0
0
0
0
1.939905e-01
2.601084e-01
0
0
0
0
0
1.617152e-01
4.641457e-02
2.985635e-02
0
0
0
4.961375e-02
0
0
0
0
0
0
0
0
6.317012e-02
1.091653e-01
1.205835e-01
1.205712e-01
8.083965e-02
4.528123e-01
0
0
5.986736e-02
0
5.234640e-01
3.934397e-01
4.417676e-01
3.245127e-01
0
1.055239e-01
0
2.184992e-01
0
1.104084e-01
2.277105e-01
1.906572e-01
0
0
0
0
0
0
0
0
0
0
0
0
0
0
0
1.838914e-01
0
0
0
8.559987e-02
5.356276e-01
3.027435e-01
4.954730e-01
1.939745e-01
0
0
0
3.664997e-01
6.144699e-02
2.419972e-01
1
0
5.583652e-01
1.923558e-01
0
0
2.380986e-02
3.657709e-01
0
0
0
0
4.224109e-01
0
2.484995e-02
5.167146e-02
0
0
1.193771e-01
3.559664e-01
1.913084e-01
3.535676e-01
1.940278e-01
2.072524e-01
4.817470e-01
3.232451e-01
1.637351e-01
0
2.048895e-01
1.607731e-01
3.014831e-01
2.994821e-01
0
0
0
1.334446e-02
3.838679e-01
1.832391e-01
3.630324e-01
2.421905e-01
7.590514e-02
2.676451e-01
2.420923e-01
1.446614e-02
0
0
1.996473e-01
3.161200e-01
0
2.109850e-02
3.736145e-01
4.817071e-01
0
0
0
0
6.389776e-02
4.163583e-02
0
0
1.077479e-01
3.344069e-04
0
0
0
0
0
0
0
0
0
0
0
0
0
0
0
1.564790e-01
0
0
5.573259e-01
7.484388e-02
3.405666e-01
2.276011e-01
2.296452e-01
1.192575e-01
0
1.918364e-01
0
1.146275e-01
0
8.233211e-02
0
1.127489e-02
0
0
0
1.680313e-01
0
1.076940e-01
5.682931e-01
4.245205e-01
0
1.530862e-01
0
0
2.836050e-01
4.328772e-01
4.152416e-01
6.157622e-01
8.180853e-02
0
0
0
0
0
0
1
0
3.885601e-01
8.025708e-02
6.039297e-02
0
2.370288e-01
5.682130e-02
8.831532e-02
1.024162e-01
0
0
0
0
0
0
0
0
0
0
0
4.546960e-02
0
4.598146e-03
0
0
0
1.868329e-01
1.297374e-01
8.401260e-02
2.608217e-01
0
0
0
0
3.728422e-01
1.155823e-01
0
0
0
6.781238e-02
1.009383e-01
1.635352e-01
6.235108e-02
0
0
0
0
1.580338e-01
1.231687e-01
2.632374e-01
0
0
1.091417e-01
0
1.901640e-01
2.519058e-02
2.582462e-01
1.017182e-01
1.826938e-01
2.739102e-01
9.285550e-02
2.712594e-01
1.825826e-01
1.898013e-01
0
0
0
1.465955e-01
0
0
0
0
3.138202e-01
2.323178e-01
4.543808e-01
1.086672e-01
1.477366e-01
1.402756e-01
0
0
1.066522e-01
3.169365e-01
0
0
0
0
7.533950e-02
0
4.872117e-02
0
0
0
0
0
0
0
0
0
0
0
0
0
0
0
4.170704e-01
6.205196e-01
3.553366e-01
5.228078e-01
0
0
0
1.916168e-01
1.622415e-01
4.316240e-01
5.583652e-01
0
1
5.481946e-01
3.861332e-01
0
6.532893e-02
4.683281e-01
0
0
0
0
5.727622e-01
1.314511e-01
0
6.402689e-02
0
0
0
0
0
0
0
0
0
0
0
0
9.842438e-02
0
0
1.118191e-01
2.161196e-01
0
0
0
1.317172e-01
0
0
0
0
0
0
0
7.473270e-02
0
0
0
0
2.863039e-01
1.157605e-01
3.143266e-01
4.179884e-03
0
1.594386e-01
0
1.428636e-01
4.199533e-03
4.098556e-01
4.251564e-01
3.822360e-01
5.233842e-01
2.776208e-01
4.417400e-01
3.433797e-01
3.331281e-01
9.120485e-02
0
0
0
8.752587e-02
1.362798e-01
0
0
2.907339e-01
2.406186e-01
4.500605e-01
0
2.583492e-01
0
0
0
3.557898e-01
4.564361e-01
1.580476e-02
0
0
0
0
0
0
2.071925e-03
2.475171e-03
2.020656e-01
0
0
0
0
0
0
0
1.028218e-01
0
0
0
0
5.265062e-01
6.686669e-01
3.923981e-01
5.917442e-01
0
0
1.014637e-01
0
2.964070e-01
6.388323e-01
1.923558e-01
3.885601e-01
5.481946e-01
1
2.648634e-01
0
0
3.828215e-01
0
0
0
1.185297e-01
4.661336e-01
1.379575e-01
0
0
0
7.981582e-02
3.475009e-01
0
3.810205e-01
0
2.045525e-01
0
4.528003e-01
0
0
0
0
0
3.499277e-01
0
0
0
1.096774e-01
1.189850e-02
3.621825e-01
1.599368e-01
0
4.802629e-02
1.988946e-01
4.296772e-01
3.550923e-01
5.421165e-01
0
0
4.781683e-02
0
0
0
7.568762e-02
3.443022e-02
0
0
2.905333e-02
0
0
4.844643e-02
1.785214e-01
1.244352e-01
2.015432e-01
2.171888e-01
6.061692e-02
1.300505e-01
9.793782e-02
2.778493e-01
0
3.286676e-02
0
6.371193e-02
0
0
0
0
0
0
0
0
0
0
1.465387e-01
0
0
0
0
0
0
0
0
0
0
0
0
0
0
0
0
0
2.155527e-01
1.544456e-01
0
0
2.407325e-01
2.136545e-01
8.778779e-02
0
0
4.934142e-01
3.093335e-02
5.458977e-01
5.170369e-01
3.511098e-01
1.445659e-01
3.250915e-01
0
0
0
8.025708e-02
3.861332e-01
2.648634e-01
1
5.232348e-01
0
3.395195e-01
1.183341e-01
4.613105e-01
4.003614e-01
0
1.407161e-01
0
1.053214e-01
3.983627e-01
2.422373e-02
3.762977e-01
4.906694e-01
0
4.999671e-01
1.059171e-01
1.626435e-01
0
3.825129e-01
0
0
0
0
0
1.919767e-01
0
0
0
1.875009e-01
1.753284e-01
3.784716e-01
3.173990e-01
3.061967e-01
5.051556e-01
3.294596e-01
5.065003e-01
4.470924e-01
5.289362e-01
0
0
4.755713e-01
1.246808e-01
0
0
0
0
0
1.256985e-01
0
0
0
0
2.041519e-01
1.589840e-01
1.892612e-01
1.067737e-01
1.506778e-01
9.628086e-02
6.954315e-02
1.166006e-01
5.946667e-02
1.196443e-01
0
0
1.712926e-01
0
0
0
0
0
0
0
0
0
1.645282e-01
7.590431e-02
0
0
0
0
6.691243e-02
0
0
0
0
0
0
0
0
0
0
0
2.989666e-01
1.055526e-01
1.161888e-01
0
4.911146e-01
2.846465e-01
1.166675e-01
0
0
0
0
1.948039e-01
6.913429e-01
5.265292e-01
3.068274e-01
5.362862e-01
0
0
0
6.039297e-02
0
0
5.232348e-01
1
0
7.800408e-02
4.734789e-01
5.612735e-01
6.322388e-01
3.264101e-01
1.788862e-01
0
4.551271e-01
4.628985e-01
0
0
0
1.283487e-01
0
0
0
2.147962e-01
5.278109e-02
0
0
0
0
1.041942e-02
0
3.654144e-01
0
2.888106e-02
0
0
0
0
0
0
0
0
0
0
1.410969e-01
3.238355e-01
0
4.207607e-02
0
1.286361e-02
0
1.863409e-01
1.676358e-01
2.154884e-03
0
9.051693e-02
3.279435e-01
4.019142e-01
0
0
0
5.410963e-02
0
0
0
0
0
0
0
1.172624e-01
4.435441e-04
1.857809e-01
0
1.367467e-01
3.172526e-01
2.344605e-01
2.566421e-01
1.541868e-02
3.045419e-01
2.344380e-01
0
0
1.214532e-01
2.617144e-01
0
2.189896e-01
1.359123e-01
5.997707e-02
2.695449e-01
2.826223e-01
2.899933e-01
2.197622e-01
1.799045e-01
0
0
4.082683e-02
0
0
1.525657e-01
3.917932e-01
0
0
1.110913e-01
3.868138e-01
0
0
8.171414e-02
0
0
7.198306e-04
0
2.537938e-02
3.673248e-02
0
4.179927e-02
1.001671e-01
2.380986e-02
0
6.532893e-02
0
0
0
1
4.851679e-01
0
1.385761e-01
1.308353e-01
0
0
8.298415e-02
1.967433e-01
1.346352e-01
0
0
0
0
0
3.388142e-02
7.160867e-02
1.407693e-01
3.298482e-01
1.399206e-01
0
0
3.201748e-01
2.289598e-01
1.012270e-01
4.685864e-01
0
0
0
0
1.846156e-01
1.726275e-01
0
6.691404e-02
0
0
9.334127e-04
2.009237e-01
0
0
0
0
0
0
1.220630e-02
2.271906e-01
0
0
0
0
0
1.514245e-01
0
0
1.790728e-02
1.340272e-01
0
0
0
6.538003e-02
0
0
0
4.728979e-02
0
0
0
0
2.422970e-01
2.464948e-01
2.588051e-01
2.843968e-01
0
2.088624e-02
1.455478e-01
0
8.281953e-02
1.679366e-01
0
0
0
0
0
0
0
0
0
0
0
0
0
0
0
2.617078e-01
0
1.002669e-01
0
2.923764e-01
0
0
4.072531e-01
4.854314e-01
5.227388e-01
6.210589e-01
0
7.101205e-02
0
1.423904e-01
0
2.959446e-02
3.657709e-01
2.370288e-01
4.683281e-01
3.828215e-01
3.395195e-01
7.800408e-02
4.851679e-01
1
0
1.752711e-02
1.364009e-01
0
1.306417e-01
0
6.660286e-03
1.928596e-01
2.220441e-01
5.344545e-01
3.338155e-01
3.379308e-01
3.415510e-02
1.439234e-01
1.449480e-02
0
1.730380e-01
0
3.076033e-01
0
0
0
1.875147e-01
0
0
0
2.395969e-01
1.507263e-01
0
0
3.665156e-01
5.046572e-01
1.483216e-01
0
0
2.890980e-02
0
1.101747e-01
4.087420e-01
2.257798e-01
0
0
0
0
0
0
0
0
0
0
0
0
0
0
0
0
0
0
9.158161e-02
2.076534e-01
2.604338e-01
0
2.018141e-01
0
1.255598e-01
3.737549e-01
0
0
0
0
0
9.871168e-02
1.811314e-01
9.668713e-02
0
0
0
0
5.540980e-02
0
0
0
0
0
0
0
0
6.313641e-02
1.446976e-01
1.581761e-01
5.719010e-01
2.690940e-01
3.435528e-01
2.976691e-02
6.124924e-01
2.629041e-01
3.710184e-01
1.719293e-01
0
0
0
0
3.963631e-01
4.780568e-01
9.267091e-02
0
0
0
0
5.682130e-02
0
0
1.183341e-01
4.734789e-01
0
0
1.000000e+00
8.251862e-01
4.787452e-01
8.433954e-02
0
0
3.081245e-01
9.981345e-02
1.670673e-01
4.917097e-01
4.522557e-01
2.659821e-01
1.819147e-01
8.562873e-02
2.074169e-01
0
3.391449e-01
0
5.391155e-02
0
0
0
1.998286e-01
0
0
0
3.075827e-01
1.778537e-01
0
5.207457e-02
2.060397e-01
3.659113e-01
1.596729e-01
1.859226e-01
1.107859e-01
2.754268e-01
0
0
3.073587e-01
1.556519e-01
0
0
0
0
0
0
0
0
0
0
0
0
0
0
0
0
1.229557e-02
6.583662e-02
4.631426e-02
2.187997e-01
2.295663e-01
0
1.641701e-01
0
0
3.070934e-01
0
0
0
0
0
7.054407e-02
1.572617e-01
6.075181e-02
0
0
0
0
0
0
0
0
0
0
0
0
0
0
0
7.752033e-03
5.157828e-01
3.309494e-01
2.194165e-01
0
7.246210e-01
3.857547e-01
3.806931e-01
2.356098e-03
0
0
0
0
4.976011e-01
6.151688e-01
1.329443e-01
4.779959e-02
0
0
0
8.831532e-02
0
0
4.613105e-01
5.612735e-01
1.385761e-01
1.752711e-02
8.251862e-01
1
7.283797e-01
0
0
0
3.084146e-01
4.089121e-01
2.399440e-01
5.469914e-01
5.556795e-01
2.611072e-01
4.169647e-01
2.753607e-01
2.712862e-01
6.362957e-02
4.289371e-01
1.579653e-01
4.543435e-02
0
0
4.978614e-02
3.142389e-01
1.276545e-02
0
0
5.663416e-01
3.502443e-01
2.031478e-01
2.895959e-01
3.575648e-01
4.370750e-01
3.752237e-01
4.900843e-01
4.296376e-01
5.754604e-01
0
0
4.966551e-01
1.403374e-01
0
0
0
0
0
0
0
0
0
0
0
0
0
0
0
0
0
0
0
3.132599e-02
0
0
0
0
6.420848e-02
2.713308e-01
0
0
0
3.900060e-02
0
1.375928e-01
8.172819e-02
2.601890e-01
0
0
0
0
0
0
0
0
0
0
0
0
0
0
0
5.121343e-02
4.595164e-01
3.829869e-01
5.165206e-02
0
6.638911e-01
5.035290e-01
2.032561e-01
0
0
0
0
5.461393e-02
3.796027e-01
7.860611e-01
0
5.245049e-01
0
0
0
1.024162e-01
0
0
4.003614e-01
6.322388e-01
1.308353e-01
1.364009e-01
4.787452e-01
7.283797e-01
1.000000e+00
0
0
0
4.766617e-01
6.698225e-01
1.309785e-01
2.249553e-01
0
0
0
0
0
0
0
0
0
0
0
0
0
0
3.681553e-01
1.162695e-01
0
0
0
0
0
0
0
0
0
0
1.715767e-01
0
0
0
9.082833e-02
8.484155e-02
0
0
4.119538e-01
4.155489e-01
4.060791e-01
5.243643e-01
0
0
6.519693e-01
7.221562e-01
4.460616e-01
4.822523e-01
6.583950e-01
6.134658e-01
7.096894e-01
5.541241e-01
6.004400e-01
4.590568e-01
2.174990e-01
0
6.534074e-01
5.984264e-01
3.424836e-01
5.992044e-02
1.666461e-02
0
0
0
5.264418e-02
0
0
0
0
0
0
0
0
0
0
0
0
0
4.155819e-01
5.452846e-01
3.084831e-01
3.131920e-02
1.651465e-01
0
9.087541e-02
0
0
0
1.516794e-01
0
1.245178e-01
1.344900e-01
0
0
0
0
4.269534e-01
0
5.664267e-01
9.078895e-02
5.225366e-01
4.028816e-01
0
0
0
1.185297e-01
0
3.264101e-01
0
0
8.433954e-02
0
0
1
5.816694e-01
3.853754e-01
1.750085e-01
0
1.534906e-01
0
0
0
0
0
0
0
0
0
0
0
9.051692e-02
0
0
0
8.239955e-02
0
0
0
2.705222e-01
3.998583e-02
0
0
0
0
1.406471e-02
0
9.686436e-02
0
0
0
0
3.553716e-02
0
0
2.516165e-01
2.551177e-01
1.411250e-01
2.450543e-01
4.756535e-02
0
5.617156e-01
4.951470e-01
3.299686e-01
4.490248e-01
4.331577e-01
5.665066e-01
5.637477e-01
4.498087e-01
3.162691e-01
2.524582e-01
0
5.133652e-02
2.408867e-01
3.344386e-01
2.259491e-02
0
2.968010e-01
1.473456e-01
1.568672e-01
0
1.625096e-01
0
0
0
2.531564e-02
9.092117e-02
0
6.452419e-03
0
0
0
0
4.114865e-02
0
1.913693e-01
2.997589e-01
0
0
0
0
0
0
0
0
0
0
0
0
1.376195e-01
3.310167e-01
1.283565e-01
2.602053e-01
2.228699e-01
0
1.825712e-01
3.092171e-01
3.067097e-01
5.338584e-01
4.224109e-01
0
5.727622e-01
4.661336e-01
1.407161e-01
1.788862e-01
0
1.306417e-01
0
0
0
5.816694e-01
1
4.014521e-01
1.652547e-01
2.899180e-02
0
0
0
0
0
0
0
0
0
0
0
0
0
0
0
0
1.883454e-01
8.301915e-02
0
0
0
0
0
0
0
0
0
0
2.592527e-01
2.877158e-01
8.322904e-02
3.874095e-01
0
5.777681e-02
0
5.855808e-02
5.682129e-01
0
5.050048e-01
1.784245e-01
4.582366e-01
5.511548e-03
4.356013e-01
4.991677e-01
3.931257e-01
4.174100e-01
4.210527e-01
3.830681e-01
3.182855e-01
1.885380e-01
3.788601e-01
1.363807e-02
1.738958e-01
0
4.117721e-01
3.669555e-01
0
0
2.725046e-02
0
1.111301e-01
0
2.184966e-01
0
0
0
3.210218e-01
2.641829e-01
0
0
0
6.818123e-02
3.998660e-01
2.156091e-01
5.975463e-01
3.134423e-01
5.786131e-01
5.342194e-01
1.667089e-01
1.847651e-01
2.482450e-02
0
1.023897e-01
0
2.632883e-02
0
1.871583e-01
0
9.569459e-02
0
0
0
0
0
0
0
1.075337e-01
0
2.713441e-01
5.317406e-01
0
0
1.314511e-01
1.379575e-01
0
0
8.298415e-02
0
0
0
0
3.853754e-01
4.014521e-01
1
2.662061e-01
0
4.048083e-01
5.160774e-01
1.818554e-01
0
1.038558e-01
1.244224e-01
0
3.282104e-02
1.501546e-01
0
0
9.114312e-02
0
7.907694e-02
2.306190e-01
1.153676e-01
0
0
4.628844e-01
3.108452e-01
0
2.219870e-01
1.252753e-01
3.291167e-01
1.228734e-01
5.637806e-02
4.434614e-02
2.922229e-01
0
0
2.389984e-01
3.441003e-02
0
0
0
0
3.644046e-03
2.003300e-01
0
3.949904e-01
0
0
0
0
0
0
4.867838e-02
0
1.243402e-01
1.392029e-01
3.622289e-01
4.365956e-01
5.037504e-01
2.355564e-01
2.142398e-01
1.471966e-01
3.773565e-01
2.636942e-01
0
0
0
0
0
3.874342e-02
0
0
0
0
0
7.206235e-02
3.021944e-02
0
0
0
0
0
0
0
0
5.081103e-02
0
0
3.364753e-01
3.520833e-02
0
0
5.480468e-01
1.376579e-01
1.177237e-01
2.092463e-01
0
0
0
0
3.256394e-01
4.904577e-01
8.571044e-03
3.386010e-01
0
0
2.484995e-02
0
0
0
1.053214e-01
4.551271e-01
1.967433e-01
6.660286e-03
3.081245e-01
3.084146e-01
4.766617e-01
1.750085e-01
1.652547e-01
2.662061e-01
1.000000e+00
6.453132e-01
1.451741e-01
4.977333e-01
2.979312e-01
0
3.665968e-01
4.618484e-02
8.903158e-02
7.552596e-02
3.342820e-01
1.036244e-01
0
0
0
0
1.118369e-01
0
0
0
4.721897e-01
4.244083e-01
3.182419e-01
5.611748e-01
0
4.646017e-02
1.897006e-01
2.776384e-01
3.614722e-01
5.909210e-01
0
0
1.254459e-01
0
0
0
0
0
0
2.820292e-01
0
2.838870e-01
0
2.042717e-01
0
0
0
0
1.860780e-03
0
4.353394e-02
1.055011e-01
1.138599e-01
2.953942e-01
3.238867e-01
3.743186e-01
0
0
2.557983e-01
2.541858e-01
0
0
0
0
0
0
0
0
0
0
0
1.211174e-01
9.073494e-03
0
0
0
0
0
0
0
0
0
0
0
2.562284e-01
2.244021e-01
0
0
4.677170e-01
3.894851e-01
0
2.239297e-02
0
0
0
0
4.718037e-01
6.318017e-01
1.740593e-01
5.641888e-01
0
0
5.167146e-02
0
6.402689e-02
0
3.983627e-01
4.628985e-01
1.346352e-01
1.928596e-01
9.981345e-02
4.089121e-01
6.698225e-01
0
2.899180e-02
0
6.453132e-01
1
