1
5.700683e-01
7.746904e-02
1.357990e-01
0
0
2.457467e-01
8.907578e-02
0
0
5.051828e-01
5.845355e-01
4.772493e-01
4.014408e-01
0
0
0
0
5.948269e-01
4.804102e-01
1.806330e-01
1.586921e-01
0
1.334157e-01
1.018419e-01
1.314336e-01
3.449010e-01
2.147665e-01
0
0
7.023941e-02
0
0
0
0
0
0
0
0
9.990794e-02
0
0
0
0
0
0
0
0
6.324538e-02
0
2.132724e-01
3.813003e-01
3.160770e-01
6.206063e-02
0
9.429841e-02
2.892227e-01
4.213977e-01
4.013599e-01
3.385298e-01
1.532786e-01
0
1.652259e-01
4.458033e-01
0
3.601912e-01
0
0
3.331579e-01
4.148350e-01
0
0
0
0
0
0
0
0
0
0
0
0
0
0
0
8.027874e-02
0
0
3.472724e-01
1.274790e-01
0
2.072853e-01
0
0
3.841128e-01
1.251381e-01
1.626853e-02
4.304640e-01
0
4.529397e-02
3.781626e-01
0
3.335972e-01
3.455300e-01
4.604239e-01
3.836664e-01
0
9.968398e-02
2.562808e-01
4.656036e-01
4.768884e-01
2.099932e-01
5.206219e-01
0
4.817337e-01
2.280771e-01
5.700683e-01
1
0
0
1.519149e-01
2.053003e-01
0
3.782193e-02
0
0
1.858896e-01
3.603930e-01
4.000043e-02
1.344138e-01
8.371858e-02
0
0
0
7.651176e-01
7.438915e-01
7.466394e-02
3.222285e-01
0
2.305654e-01
0
8.438408e-02
3.957796e-01
5.097902e-01
8.092853e-02
0
0
0
1.209965e-01
0
0
0
0
8.529136e-03
0
1.776307e-01
0
0
0
0
0
0
4.653625e-02
0
1.183566e-01
0
1.409962e-01
1.465901e-01
3.088826e-01
0
6.189421e-02
0
5.438766e-01
5.758491e-01
0
0
0
0
1.384193e-01
3.210814e-01
0
1.027363e-01
0
0
5.152047e-01
3.737480e-01
0
0
0
0
0
0
0
0
0
0
1.597187e-01
1.427055e-01
0
0
0
0
0
0
1.189972e-01
0
0
0
0
0
5.623840e-01
3.456375e-01
1.741216e-01
4.250181e-01
1.286831e-01
0
8.895951e-02
0
1.121954e-01
0
4.870648e-01
4.879374e-01
0
0
4.643548e-01
6.386783e-01
6.164812e-01
4.059211e-01
2.543805e-01
3.473915e-02
4.863696e-01
3.616596e-01
7.746904e-02
0
1.000000e+00
6.411532e-01
3.815195e-01
3.200170e-01
8.444476e-01
3.224088e-01
4.765444e-01
5.230030e-01
3.196877e-01
0
4.320301e-01
1.430762e-01
3.513786e-01
0
0
0
1.218578e-01
8.044695e-02
1.130161e-01
2.725805e-01
6.128012e-01
5.398045e-01
5.756205e-01
5.322864e-01
1.144559e-01
9.224379e-02
0
0
7.208585e-01
4.012401e-01
0
0
4.581823e-01
4.512314e-01
1.734655e-01
0
5.328635e-02
0
0
0
0
0
0
0
0
0
0
0
0
0
0
2.238535e-01
0
0
0
0
0
0
0
2.896371e-01
0
0
5.054801e-01
4.091259e-01
1.995950e-01
1.195020e-01
0
0
1.189651e-01
1.817342e-01
0
0
0
0
1.259227e-01
0
0
0
0
0
0
0
3.617202e-01
2.581626e-01
0
0
7.001890e-02
0
5.479171e-02
5.427765e-01
1.638286e-01
4.766441e-01
0
2.202696e-01
0
6.725626e-02
0
0
0
4.695528e-01
0
0
0
1.611973e-01
0
3.019857e-01
3.220010e-01
2.327533e-02
0
0
0
0
7.963567e-02
0
1.357990e-01
0
6.411532e-01
1
2.615124e-01
5.447071e-01
6.094080e-01
6.859708e-01
4.372392e-01
6.260003e-01
2.743171e-01
2.870954e-01
5.034079e-01
4.183532e-01
2.973644e-01
1.959025e-01
0
0
2.387478e-01
2.949957e-01
1.165031e-01
3.017241e-01
5.761661e-01
6.723542e-01
3.953654e-01
2.312293e-01
1.666095e-01
3.861846e-02
0
0
4.170273e-01
4.379338e-01
0
0
3.668658e-01
3.877840e-01
0
0
0
0
0
0
0
0
0
0
0
0
0
0
0
0
0
6.989637e-02
0
0
0
0
0
0
1.055046e-01
4.522674e-01
0
8.148533e-02
4.470940e-01
5.609853e-01
1.705798e-01
9.102728e-02
0
1.745458e-01
4.011667e-02
3.560669e-01
0
7.433530e-02
0
2.880642e-01
0
0
0
0
0
0
0
0
4.559642e-01
5.600266e-01
0
0
1.017153e-01
5.294628e-02
3.344013e-01
2.366341e-01
3.055624e-01
2.104867e-01
4.244951e-02
2.835492e-01
0
1.761636e-02
0
0
0
3.805664e-01
0
0
0
1.102628e-01
0
2.918674e-01
2.840747e-01
2.777484e-01
1.504939e-01
0
0
0
1.357256e-01
1.289116e-01
0
1.519149e-01
3.815195e-01
2.615124e-01
1
3.014702e-01
3.824290e-01
0
4.670992e-01
2.278088e-01
0
0
0
0
2.056871e-01
0
0
0
1.095986e-01
2.329414e-01
4.141438e-01
2.987766e-01
2.101233e-01
3.782949e-01
5.878374e-01
7.750855e-01
6.905365e-01
5.078227e-01
0
0
0
0
7.105662e-02
9.538848e-02
3.981964e-01
4.139843e-01
0
0
9.924001e-02
0
0
0
0
0
0
0
0
0
0
0
0
0
7.140614e-02
2.685659e-01
0
0
0
0
0
0
0
2.223564e-03
0
0
5.342169e-01
3.731891e-01
3.506920e-01
1.875506e-01
0
0
0
0
0
0
0
0
3.275978e-02
0
0
0
0
1.678250e-02
0
0
4.210265e-01
2.237446e-01
2.236372e-01
1.667180e-01
2.944379e-01
0
9.189777e-02
2.701667e-01
1.531872e-01
2.212128e-01
2.263690e-01
3.035661e-01
0
3.604832e-01
0
0
4.191524e-02
8.650675e-02
0
0
3.852879e-01
3.796824e-01
0
2.235409e-01
9.971135e-02
3.177632e-01
1.969116e-01
0
0
0
3.666923e-01
2.246827e-01
0
2.053003e-01
3.200170e-01
5.447071e-01
3.014702e-01
1
2.544637e-01
7.199844e-01
7.270769e-01
8.193076e-01
2.758973e-01
3.664784e-01
3.795188e-01
5.666607e-01
7.705366e-01
5.723744e-01
0
0
4.974985e-01
5.362982e-01
0
2.900098e-01
6.576366e-01
7.655848e-01
0
8.467697e-02
2.230431e-01
4.776275e-01
0
1.810351e-02
2.298651e-01
2.135101e-01
1.723124e-02
0
1.498878e-01
2.788512e-01
0
0
0
0
0
0
0
0
0
0
0
0
0
0
0
0
0
0
0
0
0
0
0
0
0
4.644693e-01
0
2.154855e-01
3.198631e-01
1.809649e-01
0
0
1.285801e-01
1.719376e-01
1.164964e-01
3.468236e-01
0
0
0
5.984058e-02
0
0
0
0
6.075429e-02
2.656544e-01
0
0
4.091570e-01
2.999295e-01
0
0
0
0
3.750319e-01
1.534246e-01
7.413569e-01
2.994268e-01
1.309423e-01
4.525398e-01
0
0
0
0
0
1.260139e-01
0
0
1.574463e-03
1.478529e-01
0
1.064310e-02
1.614826e-01
1.159216e-01
1.839801e-01
0
0
0
2.178906e-02
1.084408e-01
2.457467e-01
0
8.444476e-01
6.094080e-01
3.824290e-01
2.544637e-01
1
3.984148e-01
4.115797e-01
4.937414e-01
1.054990e-01
1.101574e-02
6.193537e-01
2.335473e-01
2.998032e-01
0
0
0
2.218184e-01
1.845765e-01
2.864701e-01
3.954428e-01
3.616193e-01
3.447483e-01
5.453903e-01
5.263563e-01
2.425441e-01
1.453161e-01
0
0
4.453453e-01
2.628493e-01
1.131207e-01
5.858392e-02
3.892357e-01
3.927772e-01
0
0
0
0
0
0
0
0
0
0
0
0
0
0
0
0
2.820824e-02
3.848506e-01
0
0
0
0
0
0
2.339662e-01
4.003391e-01
0
0
3.538343e-01
5.851765e-01
1.867326e-01
1.374148e-01
0
8.441071e-02
5.180063e-02
1.702535e-01
0
0
0
1.567892e-01
0
0
0
0
0
0
0
0
7.103179e-02
2.196897e-01
0
0
1.097220e-01
0
3.678189e-01
7.314018e-01
2.280750e-01
4.629674e-01
0
1.161673e-01
0
1.155977e-01
0
0
1.141950e-01
2.271855e-01
0
0
9.536486e-02
5.586567e-02
0
4.235858e-01
1.420183e-02
0
0
0
0
0
1.672565e-01
4.688124e-02
8.907578e-02
3.782193e-02
3.224088e-01
6.859708e-01
0
7.199844e-01
3.984148e-01
1
4.470493e-01
8.149639e-01
1.965423e-01
5.574331e-01
5.604113e-01
7.484741e-01
5.146115e-01
5.873038e-01
0
0
5.150581e-01
5.368951e-01
1.212697e-01
4.588697e-01
3.807136e-01
5.604172e-01
0
1.388485e-03
1.886574e-01
3.465998e-01
0
0
1.782146e-01
1.914818e-01
0
0
0
1.235042e-01
0
0
0
0
0
0
0
0
0
0
0
0
0
0
0
0
0
6.162286e-02
0
0
0
0
0
0
0
7.269965e-01
0
3.406284e-01
3.832550e-02
3.140744e-01
0
0
1.775592e-01
5.041265e-01
1.427744e-01
4.721170e-01
0
9.579044e-04
0
2.576392e-01
0
0
0
0
0
0
0
0
2.371451e-02
3.508708e-01
0
0
0
0
6.307298e-01
2.973925e-01
6.447197e-01
2.820234e-01
6.280854e-02
3.313662e-01
0
0
0
0
1.567764e-01
1.188407e-01
4.881257e-02
0
3.428611e-03
4.335239e-03
3.124939e-02
2.309333e-01
1.640295e-02
9.861180e-02
1.784344e-01
0
0
0
0
2.109923e-01
0
0
4.765444e-01
4.372392e-01
4.670992e-01
7.270769e-01
4.115797e-01
4.470493e-01
1
7.467432e-01
0
0
3.322310e-01
2.816779e-01
7.189108e-01
4.284714e-01
0
0
8.564066e-03
1.024622e-01
1.262711e-02
2.053589e-01
5.469779e-01
5.701005e-01
2.042151e-01
2.398405e-01
5.726892e-02
3.490153e-01
0
0
2.682738e-01
2.594100e-01
4.200294e-04
0
5.440213e-01
4.851270e-01
0
0
0
0
0
2.203602e-03
0
0
0
0
0
0
0
0
0
0
0
7.922277e-02
0
0
0
0
0
0
0
3.164963e-01
0
0
5.711382e-01
1.001024e-01
5.678489e-02
0
0
0
0
0
0
0
0
0
0
0
0
0
0
9.330180e-02
0
0
3.531943e-01
1.259968e-01
0
0
0
0
4.866213e-01
3.668900e-01
6.136310e-01
5.936572e-01
1.107922e-01
4.831507e-01
0
5.860425e-02
0
0
0
2.583412e-01
0
0
5.964856e-02
2.357042e-01
0
4.602613e-01
1.372126e-02
0
1.536239e-02
0
0
0
2.190426e-01
2.645171e-01
0
0
5.230030e-01
6.260003e-01
2.278088e-01
8.193076e-01
4.937414e-01
8.149639e-01
7.467432e-01
1
1.303879e-01
1.919533e-01
4.846082e-01
5.308239e-01
6.162434e-01
5.426226e-01
0
0
3.190186e-01
3.570169e-01
0
3.070769e-01
5.932487e-01
6.114081e-01
2.118715e-01
2.078918e-01
5.582926e-02
2.823795e-01
0
0
3.914270e-01
2.960984e-01
1.411984e-02
0
3.526184e-01
4.268495e-01
0
0
0
0
0
0
0
0
0
0
0
0
0
0
0
0
0
7.543390e-02
0
0
0
0
0
0
0
6.316862e-01
0
4.324551e-02
3.582361e-01
2.870831e-01
0
0
0
2.208830e-01
0
2.821962e-01
0
0
0
4.303812e-02
0
0
0
0
0
0
0
0
1.789561e-01
3.100308e-01
0
0
0
0
5.308108e-01
3.834968e-01
6.747668e-01
4.705599e-01
5.642882e-02
4.134871e-01
0
0
0
0
0
1.883474e-01
0
0
0
1.078320e-01
0
2.470101e-01
3.020456e-03
0
3.805426e-02
0
0
0
4.552502e-02
2.134643e-01
5.051828e-01
1.858896e-01
3.196877e-01
2.743171e-01
0
2.758973e-01
1.054990e-01
1.965423e-01
0
1.303879e-01
1.000000e+00
6.033156e-01
4.628176e-01
5.068764e-01
3.975059e-01
1.131878e-01
3.847446e-02
0
3.629576e-01
2.018575e-01
0
0
5.483791e-01
5.222972e-01
0
0
0
2.273788e-02
1.214324e-01
2.018461e-01
5.198103e-01
3.326507e-01
0
0
0
0
0
0
0
0
2.630081e-02
0
0
0
0
0
0
0
0
0
0
0
0
0
0
0
7.618040e-02
7.712858e-02
0
0
0
4.832314e-02
2.734217e-01
4.562523e-01
0
5.905140e-02
0
0
2.164606e-01
1.342259e-01
3.213913e-02
2.770713e-01
0
5.161152e-02
8.311244e-02
0
0
0
0
1.844383e-01
2.665548e-01
0
3.545696e-01
0
2.638579e-01
2.587669e-01
0
0
4.622436e-02
0
0
1.584608e-01
2.922052e-01
1.380510e-01
3.326710e-02
7.033480e-02
0
0
0
0
0
3.871245e-01
0
0
0
1.551776e-01
6.439273e-02
0
4.099695e-01
2.516740e-02
1.587681e-01
5.971713e-02
0
0
0
0
5.845355e-01
3.603930e-01
0
2.870954e-01
0
3.664784e-01
1.101574e-02
5.574331e-01
0
1.919533e-01
6.033156e-01
1
4.765895e-01
8.325454e-01
3.947115e-01
4.009194e-01
0
0
6.832386e-01
6.017481e-01
2.714317e-01
3.777962e-01
1.608011e-01
4.176427e-01
0
0
3.701879e-01
3.935931e-01
1.206117e-01
1.171357e-01
3.264297e-02
0
0
0
0
0
0
0
0
0
0
0
0
0
0
0
0
0
0
0
0
0
0
0
0
0
1.809858e-01
3.342643e-01
5.805889e-02
1.261056e-01
2.511365e-02
2.035202e-01
4.720388e-01
7.299543e-01
0
6.170819e-02
0
0
6.717367e-01
6.606258e-01
9.545132e-02
3.924373e-01
3.726543e-02
4.774041e-02
7.246953e-02
1.383431e-01
0
0
0
0
1.936669e-01
0
0
0
4.122083e-03
1.796463e-01
0
0
0
0
2.421447e-01
9.243107e-02
4.792004e-01
8.203535e-02
9.856943e-02
1.381451e-01
0
1.228147e-01
0
0
3.102630e-01
1.746540e-01
4.021428e-01
2.861961e-01
1.443956e-01
9.614953e-02
1.309072e-01
3.904138e-02
1.196546e-01
2.036570e-01
4.728400e-01
0
1.717248e-01
0
9.331053e-02
1.253564e-01
4.772493e-01
4.000043e-02
4.320301e-01
5.034079e-01
0
3.795188e-01
6.193537e-01
5.604113e-01
3.322310e-01
4.846082e-01
4.628176e-01
4.765895e-01
1.000000e+00
6.159442e-01
5.158542e-01
2.558831e-01
0
0
4.127575e-01
2.456450e-01
7.687888e-02
2.429509e-01
3.699756e-01
4.459564e-01
2.280201e-01
1.507096e-01
1.271284e-01
1.794628e-01
0
0
3.843498e-01
3.277743e-01
0
0
4.069568e-02
3.453246e-04
0
0
0
0
0
0
0
0
0
0
0
0
0
0
0
0
0
1.248091e-01
0
0
0
0
0
1.221042e-01
4.184242e-01
5.872769e-01
0
3.472071e-01
1.047935e-01
5.736160e-01
0
0
0
2.901106e-01
0
2.067313e-01
0
0
0
1.514831e-01
0
0
0
0
0
0
0
0
1.670508e-02
1.775250e-01
0
0
3.204344e-02
0
5.578400e-01
6.883025e-01
5.429164e-01
3.562205e-01
0
2.200386e-01
0
1.889104e-02
0
0
2.187506e-01
2.958460e-01
6.091254e-02
1.185549e-01
1.355528e-01
1.226226e-01
0
3.925281e-01
0
0
7.571857e-02
0
6.149903e-02
0
1.270850e-01
1.441094e-01
4.014408e-01
1.344138e-01
1.430762e-01
4.183532e-01
0
5.666607e-01
2.335473e-01
7.484741e-01
2.816779e-01
5.308239e-01
5.068764e-01
8.325454e-01
6.159442e-01
1
6.250392e-01
7.042775e-01
0
0
5.727714e-01
5.631886e-01
2.313618e-01
3.620129e-01
3.910751e-01
5.879869e-01
0
7.591950e-02
3.333163e-01
3.973441e-01
0
0
1.126898e-01
4.565823e-02
0
0
0
0
0
0
0
0
0
0
0
0
0
0
0
0
0
0
0
0
0
0
0
0
0
2.514308e-02
0
2.130060e-02
6.145197e-03
4.861094e-01
2.274200e-01
6.113255e-01
0
2.209589e-01
0
0
3.941940e-01
5.770510e-01
0
3.083405e-01
1.402385e-02
8.352349e-03
0
1.023839e-02
0
0
0
0
0
0
0
0
0
3.521046e-01
0
0
0
0
4.077437e-01
2.997946e-01
7.497760e-01
4.101812e-01
6.673779e-03
2.186553e-01
0
1.628087e-01
0
0
2.947957e-01
2.250840e-01
3.673389e-01
1.069277e-01
1.463208e-01
7.230295e-02
4.516851e-02
3.493631e-01
0
1.565694e-01
3.851664e-01
0
1.045054e-01
0
1.571868e-01
1.166031e-01
0
8.371858e-02
3.513786e-01
2.973644e-01
2.056871e-01
7.705366e-01
2.998032e-01
5.146115e-01
7.189108e-01
6.162434e-01
3.975059e-01
3.947115e-01
5.158542e-01
6.250392e-01
1
5.979326e-01
0
0
3.621138e-01
3.155141e-01
0
1.558273e-01
6.388713e-01
7.192236e-01
4.618388e-02
1.351727e-01
1.481206e-01
4.498765e-01
0
0
2.815852e-01
1.873412e-01
0
0
2.694922e-02
9.721111e-02
0
0
0
0
0
0
0
0
0
0
0
0
0
0
0
0
0
0
0
0
0
0
0
0
3.475498e-03
3.069540e-01
0
2.465881e-01
2.505036e-01
1.104134e-01
0
0
4.667611e-02
8.853906e-02
0
2.605756e-01
0
0
0
0
0
0
0
0
1.829680e-02
0
8.833351e-02
0
3.873299e-01
1.600787e-01
0
0
0
0
3.215659e-01
3.733333e-01
7.957047e-01
4.240734e-01
0
3.354134e-01
0
0
0
0
3.765421e-02
2.793977e-01
0
0
8.610691e-02
1.192892e-01
1.588641e-02
2.068136e-01
2.266923e-01
1.177498e-02
5.709648e-02
0
0
0
8.680060e-02
0
0
0
0
1.959025e-01
0
5.723744e-01
0
5.873038e-01
4.284714e-01
5.426226e-01
1.131878e-01
4.009194e-01
2.558831e-01
7.042775e-01
5.979326e-01
1
8.163639e-02
0
1.076965e-01
2.225842e-01
1.025735e-01
2.404390e-01
4.301733e-01
3.892236e-01
0
0
1.578045e-02
9.419581e-02
1.713052e-01
2.750534e-01
0
2.190892e-01
0
0
0
1.173456e-01
0
0
0
0
2.812040e-01
1.228164e-01
0
0
0
0
0
0
0
0
0
0
0
0
0
0
0
0
0
0
0
3.908212e-01
2.428130e-01
2.798528e-01
0
0
0
0
1.822385e-01
2.983540e-01
7.379394e-02
4.433429e-01
3.226899e-01
2.283612e-01
5.110316e-02
1.520487e-01
0
0
0
0
1.158787e-01
1.382559e-01
9.957707e-02
3.790202e-01
4.492307e-03
2.286791e-01
0
1.914402e-01
0
0
3.708292e-01
7.005145e-02
7.084800e-01
3.322025e-01
0
0
0
0
0
0
1.183505e-02
2.843365e-01
1.701803e-01
6.930141e-03
0
0
5.902808e-02
2.166217e-01
0
0
0
0
0
0
0
0
0
0
0
0
0
0
0
0
0
0
3.847446e-02
0
0
0
0
8.163639e-02
1
7.474619e-01
0
0
0
0
0
0
0
0
0
0
7.549979e-01
7.011453e-01
0
1.226744e-01
1.571631e-01
1.508232e-01
0
0
3.136058e-01
1.667361e-01
2.257377e-01
3.055693e-01
4.687481e-01
3.689115e-01
5.072903e-01
6.460892e-01
3.574824e-01
4.482891e-01
5.614281e-01
3.952008e-01
4.826339e-01
3.208720e-01
2.569189e-01
0
3.773997e-02
0
4.772719e-01
4.297514e-01
6.607575e-01
3.070476e-01
0
0
0
0
5.351388e-01
4.598716e-02
0
0
0
0
2.560652e-01
0
2.265399e-01
2.622115e-01
4.686002e-01
3.803891e-01
4.272571e-01
1.270560e-01
4.173653e-01
4.223730e-01
7.709828e-01
6.711281e-01
7.365520e-01
3.037009e-01
5.974502e-01
4.765611e-01
0
0
1.604056e-01
1.319719e-01
0
3.343017e-02
0
0
0
0
0
0
0
0
5.977163e-01
6.476112e-01
0
3.876856e-02
2.730975e-02
2.414440e-01
0
0
1.772158e-01
0
3.511668e-02
0
0
3.376550e-01
4.489137e-02
3.734303e-01
0
0
0
0
0
0
0
0
0
0
0
0
0
0
0
0
0
0
7.474619e-01
1.000000e+00
0
0
0
0
0
0
0
0
0
0
5.728246e-01
7.566447e-01
0
1.824374e-01
2.099957e-01
2.646257e-01
4.763271e-02
1.040204e-01
4.122947e-01
3.152482e-01
4.090404e-01
2.786722e-01
6.217202e-01
4.624161e-01
3.574780e-01
4.477987e-01
5.137480e-01
4.721671e-01
3.707419e-01
2.709678e-01
1.809351e-01
7.989705e-02
9.302730e-02
0
0
0
3.920939e-01
3.314102e-01
4.422019e-01
2.455994e-01
2.271810e-02
0
0
0
3.942989e-01
0
8.648706e-02
0
2.797479e-01
2.814727e-01
3.167175e-02
0
3.593682e-01
1.223828e-01
4.437877e-01
5.977011e-01
4.743086e-01
2.286132e-01
4.907798e-01
5.346649e-01
8.117615e-01
7.536140e-01
6.395240e-01
4.578744e-01
4.853770e-01
5.442575e-01
1.347696e-01
0
3.956776e-01
4.149933e-01
0
2.314950e-01
0
0
0
0
0
0
4.779905e-02
0
5.374233e-01
3.676943e-01
0
1.437662e-01
0
2.871215e-03
0
0
3.235278e-01
0
0
0
0
9.343886e-02
0
2.366883e-01
0
0
5.948269e-01
7.651176e-01
1.218578e-01
2.387478e-01
1.095986e-01
4.974985e-01
2.218184e-01
5.150581e-01
8.564066e-03
3.190186e-01
3.629576e-01
6.832386e-01
4.127575e-01
5.727714e-01
3.621138e-01
1.076965e-01
0
0
1
8.952539e-01
1.923498e-01
5.127871e-01
1.175359e-01
4.230202e-01
0
1.668014e-01
5.224650e-01
6.487245e-01
4.540951e-02
0
4.068047e-02
0
9.566143e-02
0
0
0
0
0
0
0
0
0
0
0
0
0
0
0
0
0
0
0
9.534548e-02
0
0
0
2.007198e-01
3.474126e-01
0
0
0
2.853127e-01
1.156912e-01
6.369627e-01
0
2.964883e-01
0
0
5.682549e-01
5.688676e-01
1.103811e-01
2.661765e-01
0
0
4.063737e-02
2.000041e-01
0
0
0
0
0
0
0
0
0
0
0
0
0
0
1.808724e-01
1.142257e-01
3.162012e-01
0
3.209823e-01
3.688894e-01
0
3.061660e-01
0
0
3.289400e-01
0
3.089781e-01
0
4.111994e-01
2.936425e-01
0
0
2.382272e-01
4.414348e-01
5.354050e-01
1.689883e-02
1.613896e-01
0
2.578565e-01
2.981659e-01
4.804102e-01
7.438915e-01
8.044695e-02
2.949957e-01
2.329414e-01
5.362982e-01
1.845765e-01
5.368951e-01
1.024622e-01
3.570169e-01
2.018575e-01
6.017481e-01
2.456450e-01
5.631886e-01
3.155141e-01
2.225842e-01
0
0
8.952539e-01
1.000000e+00
3.666593e-01
6.802682e-01
1.455012e-01
4.827339e-01
0
2.328654e-01
6.089790e-01
6.783639e-01
0
0
0
0
7.536775e-02
0
0
0
0
0
0
0
0
0
0
0
0
0
0
0
0
0
0
0
2.500191e-01
2.940056e-02
0
0
1.568637e-01
2.803385e-01
0
0
0
1.781499e-01
3.746018e-02
4.225944e-01
0
2.201645e-01
0
0
6.035130e-01
6.776103e-01
1.267174e-01
2.515356e-01
4.848314e-02
0
4.831698e-03
1.627714e-01
0
0
0
0
0
6.695363e-02
0
0
0
6.139756e-02
0
0
0
0
1.941250e-01
9.310864e-04
2.764372e-01
0
4.158479e-01
2.790194e-01
0
3.680972e-01
0
0
2.409345e-01
0
2.193969e-01
0
4.387849e-01
3.256529e-01
0
1.330044e-02
2.564687e-01
5.906812e-01
5.822491e-01
0
1.443850e-01
0
4.377632e-01
3.467582e-01
1.806330e-01
7.466394e-02
1.130161e-01
1.165031e-01
4.141438e-01
0
2.864701e-01
1.212697e-01
1.262711e-02
0
0
2.714317e-01
7.687888e-02
2.313618e-01
0
1.025735e-01
0
0
1.923498e-01
3.666593e-01
1
7.509351e-01
0
7.694000e-02
2.051270e-01
4.881761e-01
6.822010e-01
4.224670e-01
0
0
0
0
0
6.827142e-03
0
0
0
0
0
0
0
8.769403e-02
0
0
0
0
0
0
0
0
1.242210e-01
0
2.196874e-01
2.059257e-01
0
0
0
0
3.716328e-01
1.208160e-01
0
3.839830e-02
2.133642e-02
1.203862e-01
0
1.739169e-01
9.978316e-02
6.642373e-02
2.247052e-01
3.661869e-01
2.698287e-01
0
3.007226e-01
1.531901e-01
2.271963e-01
1.658258e-01
0
0
0
0
0
0
0
1.531671e-01
0
7.222442e-02
0
2.142974e-01
0
9.782609e-02
1.982987e-01
2.341701e-01
7.989737e-02
2.746588e-01
0
0
9.646789e-03
3.343352e-01
0
0
2.583731e-01
2.916032e-01
2.841077e-01
3.091417e-01
3.696032e-01
7.554797e-02
0
4.020762e-01
0
1.175343e-01
2.286066e-01
0
3.923519e-01
1.265531e-01
2.775400e-01
1.156147e-01
1.586921e-01
3.222285e-01
2.725805e-01
3.017241e-01
2.987766e-01
2.900098e-01
3.954428e-01
4.588697e-01
2.053589e-01
3.070769e-01
0
3.777962e-01
2.429509e-01
3.620129e-01
1.558273e-01
2.404390e-01
0
0
5.127871e-01
6.802682e-01
7.509351e-01
1
8.060655e-02
2.502005e-01
8.059427e-02
3.224954e-01
5.433398e-01
5.335412e-01
3.349651e-02
0
0
0
1.508707e-01
0
0
0
0
0
0
0
0
1.735403e-01
0
0
0
0
0
0
0
0
0
0
2.520265e-01
3.534797e-01
0
0
4.908084e-02
1.681095e-02
0
0
0
1.975020e-01
0
2.016588e-01
0
1.100845e-01
0
0
4.542660e-01
7.072690e-01
4.487359e-01
3.655114e-01
3.909876e-01
2.249810e-01
2.211982e-01
4.278477e-01
0
0
0
0
0
0
0
1.569943e-01
0
0
0
1.402748e-01
0
0
3.626668e-01
2.324444e-01
1.242402e-01
1.490990e-01
5.202716e-02
0
0
1.817623e-01
0
0
1.822217e-01
2.103102e-01
9.973347e-02
0
2.391893e-01
3.883111e-02
0
3.228510e-01
5.182796e-03
1.860402e-01
2.303270e-01
0
9.947879e-02
0
2.645613e-01
2.752659e-01
0
0
6.128012e-01
5.761661e-01
2.101233e-01
6.576366e-01
3.616193e-01
3.807136e-01
5.469779e-01
5.932487e-01
5.483791e-01
1.608011e-01
3.699756e-01
3.910751e-01
6.388713e-01
4.301733e-01
0
0
1.175359e-01
1.455012e-01
0
8.060655e-02
1.000000e+00
8.285130e-01
3.857460e-01
2.552979e-01
1.702648e-03
0
0
9.618998e-02
7.240535e-01
5.756480e-01
0
0
2.544563e-01
3.398449e-01
3.068843e-02
0
0
0
1.513260e-01
0
0
0
0
0
0
0
0
0
0
0
0
0
0
0
0
0
0
0
0
3.065581e-01
0
3.208391e-02
5.309107e-01
3.001522e-01
0
0
0
0
6.417841e-02
3.167986e-01
8.461190e-02
9.233157e-02
0
0
7.998016e-02
5.381210e-02
0
7.241669e-02
0
4.624709e-02
2.562818e-01
1.071002e-01
6.062081e-01
4.547203e-01
0
2.901762e-02
3.757402e-02
0
0
1.559107e-01
4.716235e-01
3.686157e-01
0
8.241396e-02
0
0
0
0
0
6.563913e-01
0
0
0
2.760000e-02
0
6.832794e-02
4.528480e-01
8.642616e-03
0
0
0
0
0
0
1.334157e-01
2.305654e-01
5.398045e-01
6.723542e-01
3.782949e-01
7.655848e-01
3.447483e-01
5.604172e-01
5.701005e-01
6.114081e-01
5.222972e-01
4.176427e-01
4.459564e-01
5.879869e-01
7.192236e-01
3.892236e-01
0
0
4.230202e-01
4.827339e-01
7.694000e-02
2.502005e-01
8.285130e-01
1
3.766507e-01
3.928604e-01
3.749908e-01
3.858080e-01
0
0
4.503045e-01
1.960214e-01
0
0
7.401349e-02
1.564528e-01
0
0
0
0
0
0
0
0
0
0
0
0
0
0
0
0
0
0
0
0
0
0
0
0
0
3.623200e-01
0
1.377766e-01
4.154545e-01
4.309079e-01
0
0
8.980708e-02
1.528942e-01
0
2.209777e-01
0
0
0
0
0
0
0
0
0
1.443607e-01
0
0
6.362197e-01
5.343769e-01
0
0
7.976251e-02
0
7.950268e-02
1.781453e-01
5.762678e-01
3.023435e-01
1.616014e-01
3.946938e-01
0
1.039649e-01
0
0
0
4.763290e-01
0
0
5.796523e-02
3.266013e-01
0
1.998625e-01
5.428787e-01
3.784921e-01
3.621751e-01
0
0
0
2.269249e-01
3.653061e-02
1.018419e-01
0
5.756205e-01
3.953654e-01
5.878374e-01
0
5.453903e-01
0
2.042151e-01
2.118715e-01
0
0
2.280201e-01
0
4.618388e-02
0
0
0
0
0
2.051270e-01
8.059427e-02
3.857460e-01
3.766507e-01
1.000000e+00
7.546056e-01
3.160362e-01
0
0
0
4.542098e-01
6.396779e-02
0
0
3.646795e-01
2.620194e-01
1.227998e-01
0
3.696006e-01
1.380646e-02
0
0
0
0
0
0
0
0
0
0
6.703789e-02
2.369346e-01
2.592771e-01
2.940291e-01
0
0
0
0
8.495308e-02
0
8.871248e-03
1.914508e-01
0
0
5.714178e-01
7.451939e-01
2.991080e-01
1.554744e-01
0
0
0
0
0
0
0
0
0
8.569821e-03
0
0
0
0
0
0
3.484425e-01
3.669585e-01
1.435422e-01
2.107821e-01
6.011875e-01
1.331521e-01
0
2.975442e-01
0
1.430201e-01
1.451682e-02
7.441169e-02
0
2.215204e-01
0
0
0
3.337264e-01
0
0
1.000951e-01
2.469697e-01
0
2.864536e-01
3.813722e-01
3.182698e-01
6.335832e-02
0
0
0
3.158843e-01
0
1.314336e-01
8.438408e-02
5.322864e-01
2.312293e-01
7.750855e-01
8.467697e-02
5.263563e-01
1.388485e-03
2.398405e-01
2.078918e-01
0
0
1.507096e-01
7.591950e-02
1.351727e-01
0
0
0
1.668014e-01
2.328654e-01
4.881761e-01
3.224954e-01
2.552979e-01
3.928604e-01
7.546056e-01
1.000000e+00
6.886647e-01
4.197051e-01
0
0
2.209977e-01
0
0
0
2.238986e-01
2.816203e-01
3.188391e-02
0
1.077311e-01
3.710624e-02
0
0
0
0
0
0
0
0
0
0
0
2.349187e-02
6.653681e-02
2.648071e-01
0
0
0
0
1.517111e-01
0
0
1.336297e-01
0
0
3.727078e-01
5.442636e-01
2.889366e-01
2.091586e-01
0
3.262094e-04
0
0
0
0
0
0
6.882097e-04
0
0
0
0
0
0
0
2.509044e-01
3.182637e-01
8.675422e-03
1.806032e-01
3.370420e-01
2.565178e-03
0
4.343289e-01
1.601590e-01
3.661730e-01
1.224870e-01
2.015176e-01
0
5.031400e-01
0
0
1.661049e-01
2.729147e-01
0
0
2.949057e-01
4.155414e-01
0
3.764509e-01
9.194494e-02
2.830997e-01
2.853343e-01
0
1.604962e-01
0
3.964869e-01
1.965439e-01
3.449010e-01
3.957796e-01
1.144559e-01
1.666095e-01
6.905365e-01
2.230431e-01
2.425441e-01
1.886574e-01
5.726892e-02
5.582926e-02
0
3.701879e-01
1.271284e-01
3.333163e-01
1.481206e-01
1.578045e-02
0
0
5.224650e-01
6.089790e-01
6.822010e-01
5.433398e-01
1.702648e-03
3.749908e-01
3.160362e-01
6.886647e-01
1.000000e+00
7.197739e-01
0
0
0
0
0
0
0
0
0
0
0
0
0
0
0
0
0
0
0
0
0
0
0
0
1.503740e-01
1.410214e-01
0
0
1.539109e-02
1.469247e-01
2.532346e-01
1.145169e-01
0
1.677957e-01
0
1.852346e-01
0
4.226004e-01
3.460678e-02
6.504171e-02
2.774014e-01
3.484596e-01
1.573793e-01
0
1.506786e-02
0
6.459127e-02
5.866261e-03
0
0
0
0
0
0
0
0
9.930987e-02
2.808275e-01
0
9.432488e-02
1.446471e-01
2.239760e-02
1.615040e-01
2.486103e-01
2.553591e-01
1.336389e-01
2.485018e-01
1.974022e-01
0
5.171016e-01
0
0
4.167511e-01
8.245342e-03
3.339088e-01
1.024103e-01
6.183428e-01
3.242265e-01
0
1.911762e-01
3.758000e-02
4.218114e-01
5.022266e-01
0
2.539894e-01
1.970012e-02
3.446358e-01
2.266828e-01
2.147665e-01
5.097902e-01
9.224379e-02
3.861846e-02
5.078227e-01
4.776275e-01
1.453161e-01
3.465998e-01
3.490153e-01
2.823795e-01
2.273788e-02
3.935931e-01
1.794628e-01
3.973441e-01
4.498765e-01
9.419581e-02
0
0
6.487245e-01
6.783639e-01
4.224670e-01
5.335412e-01
0
3.858080e-01
0
4.197051e-01
7.197739e-01
1.000000e+00
0
0
0
0
0
0
0
0
0
0
0
0
0
8.905723e-02
0
0
0
0
0
0
0
0
0
0
0
1.705842e-01
0
0
0
1.429915e-01
0
0
0
2.182702e-01
0
3.099476e-01
0
7.022220e-02
0
0
3.538774e-01
4.193668e-01
9.654080e-02
0
0
0
0
0
0
0
0
0
0
1.895618e-02
0
0
0
0
0
0
0
0
3.144373e-01
2.889925e-01
4.512669e-01
2.287817e-01
5.120788e-01
5.774065e-01
0
5.292709e-01
0
0
4.863094e-01
0
3.761895e-01
0
6.572781e-01
5.547546e-01
1.370235e-01
2.405778e-01
5.243867e-03
3.223221e-01
5.429179e-01
0
1.733724e-01
0
4.114053e-01
5.402896e-01
0
8.092853e-02
0
0
0
0
0
0
0
0
1.214324e-01
1.206117e-01
0
0
0
1.713052e-01
7.549979e-01
5.728246e-01
4.540951e-02
0
0
3.349651e-02
0
0
0
0
0
0
1
7.875930e-01
0
1.363487e-01
5.042733e-01
4.584826e-01
0
0
1.181168e-01
1.641684e-01
0
0
4.180048e-01
2.438667e-01
4.070095e-01
4.776193e-01
2.908589e-01
3.517455e-01
4.778126e-01
3.032026e-01
3.461191e-01
5.780379e-02
0
0
0
0
1.995794e-01
2.540271e-01
4.949521e-01
3.289396e-01
0
0
0
0
7.109143e-01
3.899945e-01
0
0
0
0
3.336089e-01
4.518509e-02
4.721722e-01
3.523155e-01
5.841708e-01
4.825826e-01
5.354766e-01
3.492097e-01
4.188674e-01
3.482400e-01
5.043957e-01
4.252790e-01
6.905131e-01
2.596215e-01
3.303012e-01
3.870348e-01
0
0
0
0
0
0
0
0
0
0
0
0
0
0
6.255396e-01
5.457201e-01
0
0
1.531766e-01
1.076313e-01
0
0
0
0
0
0
0
2.153427e-01
7.803690e-02
2.786946e-01
0
0
0
0
0
0
0
1.810351e-02
0
0
0
0
2.018461e-01
1.171357e-01
0
0
0
2.750534e-01
7.011453e-01
7.566447e-01
0
0
0
0
9.618998e-02
0
0
0
0
0
7.875930e-01
1
0
2.331137e-01
2.951830e-01
3.859442e-01
0
3.781406e-02
2.394560e-01
3.620378e-02
0
0
6.553020e-01
3.293076e-01
1.425733e-01
3.068865e-01
2.214424e-01
2.526657e-01
2.608890e-01
5.849821e-02
1.068577e-01
0
0
0
0
0
2.220040e-01
2.072581e-01
3.674754e-01
2.417313e-01
0
0
0
0
6.200361e-01
2.780706e-01
0
0
1.059232e-02
7.242489e-02
3.163249e-01
0
4.939264e-01
4.892848e-01
6.954165e-01
6.788035e-01
5.549319e-01
3.701587e-01
4.060211e-01
3.851358e-01
6.559864e-01
6.830701e-01
7.968284e-01
5.453884e-01
4.547795e-01
6.201961e-01
1.037373e-01
0
2.877980e-02
2.789755e-01
0
1.661732e-01
0
0
0
0
0
0
0
0
4.609928e-01
3.270056e-01
0
1.337900e-01
0
0
0
0
1.982373e-01
0
1.382718e-03
0
0
0
0
2.565577e-01
0
0
7.023941e-02
0
7.208585e-01
4.170273e-01
0
2.298651e-01
4.453453e-01
1.782146e-01
2.682738e-01
3.914270e-01
5.198103e-01
3.264297e-02
3.843498e-01
1.126898e-01
2.815852e-01
0
0
0
4.068047e-02
0
0
0
7.240535e-01
4.503045e-01
4.542098e-01
2.209977e-01
0
0
0
0
1
6.745763e-01
0
0
2.341921e-01
1.463481e-01
2.609430e-01
0
6.928919e-02
0
0
0
0
0
0
0
0
0
0
0
0
0
0
0
0
0
0
0
0
0
0
2.365063e-01
0
0
3.372882e-01
2.832574e-01
0
0
0
0
0
1.195780e-01
0
0
0
0
1.590834e-01
1.350939e-01
0
5.121467e-02
0
0
3.327034e-01
0
3.393916e-01
1.882821e-01
0
0
8.351379e-02
0
0
2.110951e-01
1.133447e-01
3.623120e-01
0
1.031342e-01
0
0
0
0
0
5.911281e-01
0
0
0
1.311965e-01
0
2.809267e-02
4.461743e-01
0
0
0
0
0
0
0
0
0
4.012401e-01
4.379338e-01
0
2.135101e-01
2.628493e-01
1.914818e-01
2.594100e-01
2.960984e-01
3.326507e-01
0
3.277743e-01
4.565823e-02
1.873412e-01
2.190892e-01
1.226744e-01
1.824374e-01
0
0
0
0
5.756480e-01
1.960214e-01
6.396779e-02
0
0
0
1.363487e-01
2.331137e-01
6.745763e-01
1
4.723915e-02
0
3.246194e-01
2.892096e-01
7.394195e-02
0
2.507756e-02
0
6.154156e-02
0
5.627924e-02
1.070517e-01
1.857505e-01
8.248688e-02
3.640930e-02
0
0
0
0
0
0
0
0
0
0
0
0
0
2.232264e-01
1.849447e-01
3.850145e-02
0
3.364530e-01
8.647245e-02
2.190189e-01
1.269809e-01
0
0
1.487966e-01
4.272328e-01
1.334210e-01
1.712456e-01
1.382564e-01
2.548722e-01
1.377461e-01
1.236421e-01
9.765053e-02
3.216265e-01
5.106362e-02
0
2.005020e-01
0
3.390113e-01
2.063677e-01
4.909300e-02
0
0
0
3.697620e-02
7.370191e-02
1.364325e-01
2.364419e-01
0
0
0
0
0
0
0
5.601154e-01
0
0
0
0
0
0
1.020598e-01
0
0
0
0
0
0
0
0
1.209965e-01
0
0
7.105662e-02
1.723124e-02
1.131207e-01
0
4.200294e-04
1.411984e-02
0
0
0
0
0
0
1.571631e-01
2.099957e-01
9.566143e-02
7.536775e-02
0
1.508707e-01
0
0
0
0
0
0
5.042733e-01
2.951830e-01
0
4.723915e-02
1.000000e+00
7.979844e-01
2.632807e-01
2.523036e-01
1.324841e-01
3.477573e-02
1.073204e-01
0
1.994545e-01
1.369828e-01
5.933158e-02
0
1.086458e-01
0
1.000167e-01
0
3.234424e-04
0
2.881613e-02
0
0
0
4.767849e-02
3.058205e-02
1.662485e-01
1.891486e-01
0
0
2.513382e-02
0
2.011058e-01
2.025751e-01
2.221874e-02
0
8.316865e-02
0
6.905471e-02
0
1.162874e-01
9.010379e-02
3.492858e-01
3.740770e-01
2.372079e-01
4.627612e-01
2.007477e-01
5.705528e-02
2.233089e-01
8.056274e-02
1.765257e-01
7.273489e-02
0
1.639035e-01
0
0
0
3.623109e-03
0
0
0
0
0
0
0
0
1.810885e-01
0
3.773392e-01
1.900242e-01
0
0
0
0
0
0
0
0
0
0
0
0
0
1.024658e-01
0
7.342999e-02
0
0
0
0
9.538848e-02
0
5.858392e-02
0
0
0
0
0
0
0
0
0
1.508232e-01
2.646257e-01
0
0
6.827142e-03
0
0
0
0
0
0
0
4.584826e-01
3.859442e-01
0
0
7.979844e-01
1
2.119787e-01
3.223778e-01
0
0
1.038990e-01
0
2.637671e-01
5.540271e-02
0
0
1.114359e-01
1.714940e-04
0
0
2.367385e-02
0
1.456006e-01
0
4.294861e-02
0
8.050228e-02
1.110053e-01
1.047886e-01
2.319169e-01
7.639212e-02
0
3.698620e-01
0
3.581825e-01
2.013066e-01
4.642675e-03
0
3.658577e-01
3.460065e-01
4.252465e-02
0
1.590772e-01
1.467714e-01
4.221904e-01
3.699990e-01
3.825063e-01
4.861147e-01
1.564323e-01
4.810482e-02
2.499846e-01
2.036517e-01
1.830041e-01
8.519705e-02
0
1.076732e-01
0
0
9.266140e-02
0
7.769482e-02
1.372096e-01
0
0
0
0
0
0
0
0
3.897218e-01
4.058822e-01
4.242123e-02
0
6.795862e-02
3.042271e-03
0
0
0
0
0
0
0
0
0
3.698190e-01
0
0
0
0
4.581823e-01
3.668658e-01
3.981964e-01
1.498878e-01
3.892357e-01
0
5.440213e-01
3.526184e-01
0
0
4.069568e-02
0
2.694922e-02
0
0
4.763271e-02
0
0
0
0
2.544563e-01
7.401349e-02
3.646795e-01
2.238986e-01
0
0
0
0
2.341921e-01
3.246194e-01
2.632807e-01
2.119787e-01
1
8.908109e-01
1.788697e-01
0
4.598946e-01
0
2.242516e-01
9.938219e-02
0
0
2.834133e-01
0
0
0
0
0
0
0
0
1.845143e-01
0
0
0
0
0
0
2.368489e-01
1.883574e-01
0
0
8.036170e-01
1.809946e-01
6.544851e-01
5.180235e-01
0
0
0
0
0
4.275749e-02
0
0
1.096062e-01
0
9.904183e-02
7.562948e-02
0
0
0
0
3.007639e-01
1.807081e-01
2.199142e-01
9.238779e-02
3.336542e-02
0
1.486727e-01
2.980470e-01
6.674509e-02
3.227190e-01
0
2.745414e-01
0
0
0
0
0
1.341133e-01
0
0
0
8.624446e-02
7.049504e-02
2.975044e-01
0
0
0
0
0
0
0
1.003860e-01
0
0
4.512314e-01
3.877840e-01
4.139843e-01
2.788512e-01
3.927772e-01
1.235042e-01
4.851270e-01
4.268495e-01
0
0
3.453246e-04
0
9.721111e-02
1.173456e-01
0
1.040204e-01
0
0
0
0
3.398449e-01
1.564528e-01
2.620194e-01
2.816203e-01
0
0
0
3.781406e-02
1.463481e-01
2.892096e-01
2.523036e-01
3.223778e-01
8.908109e-01
1
2.103967e-01
0
3.750659e-01
0
4.590551e-01
1.563952e-01
0
0
2.708943e-01
0
0
0
0
0
0
0
0
1.042792e-01
0
0
0
0
0
0
1.596777e-01
3.088995e-01
0
0
7.630883e-01
1.553922e-01
6.581595e-01
5.897213e-01
0
0
1.510079e-01
1.103263e-03
1.008362e-01
2.202168e-01
0
6.077285e-02
2.957211e-01
7.190078e-02
1.383606e-01
1.128773e-01
0
3.459932e-02
0
5.920331e-02
3.177046e-01
3.142854e-01
1.447681e-01
2.135577e-01
0
0
1.349539e-01
3.239744e-01
2.308500e-01
3.351402e-01
0
1.162810e-01
0
0
0
0
0
1.868958e-01
0
0
0
0
1.586143e-01
1.755122e-01
0
0
0
0
0
0
0
0
0
0
1.734655e-01
0
0
0
0
0
0
0
0
0
0
0
0
0
3.136058e-01
4.122947e-01
0
0
0
0
3.068843e-02
0
1.227998e-01
3.188391e-02
0
0
1.181168e-01
2.394560e-01
2.609430e-01
7.394195e-02
1.324841e-01
0
1.788697e-01
2.103967e-01
1
5.278898e-01
6.952137e-01
5.927750e-01
6.636922e-01
3.813340e-01
2.696075e-01
3.512161e-01
2.841567e-01
2.412218e-01
2.546354e-01
2.255287e-01
1.827057e-01
2.338023e-01
1.963670e-01
2.153669e-01
0
2.772151e-01
4.244911e-01
4.652821e-01
1.187979e-01
0
0
0
0
0
0
0
3.433576e-02
0
0
6.487062e-03
0
0
2.118194e-01
4.060051e-02
3.732828e-01
2.404438e-01
1.895524e-01
0
5.583241e-01
5.811305e-01
5.904884e-01
2.584444e-01
8.494123e-02
0
5.388575e-01
5.140933e-01
0
0
0
4.103754e-01
0
3.821284e-01
0
0
0
0
0
0
2.474234e-01
0
1.876776e-01
1.768562e-01
0
2.060949e-01
0
0
0
0
1.553911e-01
0
2.602501e-02
0
0
4.800909e-02
0
0
0
0
0
8.529136e-03
0
0
0
0
0
0
0
0
0
0
0
0
0
0
1.667361e-01
3.152482e-01
0
0
0
0
0
0
0
0
0
0
1.641684e-01
3.620378e-02
0
0
3.477573e-02
0
0
0
5.278898e-01
1
2.750106e-01
6.972093e-01
2.508046e-01
4.373300e-01
4.297032e-01
3.875211e-01
3.124826e-01
3.889576e-01
4.725051e-01
5.039836e-01
3.716584e-01
4.626488e-01
1.517861e-01
3.411436e-01
0
1.928274e-01
4.194952e-01
5.102274e-01
2.584052e-01
1.215036e-01
1.174287e-01
3.246596e-01
0
0
0
0
0
0
0
0
0
3.905714e-02
3.783416e-02
0
0
0
0
0
2.255202e-01
3.144304e-01
3.180955e-01
3.147130e-03
1.551230e-01
1.234185e-01
3.518721e-01
1.935349e-01
0
0
0
2.055965e-01
0
1.423581e-01
0
0
0
0
4.065245e-01
5.284841e-02
6.262443e-01
1.973815e-01
5.402628e-01
3.055108e-01
5.371856e-02
0
5.614902e-02
0
0
2.692604e-01
2.562623e-01
0
0
0
3.209720e-02
4.012130e-01
1.768237e-01
0
3.255593e-02
3.182671e-01
0
0
5.328635e-02
0
9.924001e-02
0
0
0
0
0
0
0
0
0
0
0
2.257377e-01
4.090404e-01
0
0
0
0
0
0
3.696006e-01
1.077311e-01
0
0
0
0
6.928919e-02
2.507756e-02
1.073204e-01
1.038990e-01
4.598946e-01
3.750659e-01
6.952137e-01
2.750106e-01
1
5.096045e-01
4.323341e-01
2.279870e-01
3.427241e-01
3.408506e-01
5.068225e-01
3.478051e-01
2.243899e-01
2.767653e-01
2.099758e-01
3.209658e-01
4.014250e-01
3.136988e-01
1.612358e-01
3.286167e-01
4.924561e-01
3.990041e-01
0
0
3.680150e-02
0
0
0
0
0
3.838254e-01
0
3.478634e-01
2.748846e-01
0
0
0
0
7.103386e-02
2.394932e-02
5.586955e-02
0
4.535029e-01
5.299943e-01
5.319141e-01
2.723025e-01
0
0
3.352381e-01
2.274095e-01
7.348248e-02
0
3.849484e-01
3.531688e-01
3.141808e-01
3.919486e-01
0
0
0
0
0
0
2.405052e-01
0
1.800500e-01
2.255072e-01
0
0
0
0
0
0
4.278246e-02
0
3.692777e-02
0
0
8.820373e-02
0
1.338927e-01
0
0
9.990794e-02
1.776307e-01
0
0
0
0
0
0
0
0
0
0
0
0
0
0
3.055693e-01
2.786722e-01
0
0
0
0
0
0
1.380646e-02
3.710624e-02
0
0
0
0
0
0
0
0
0
0
5.927750e-01
6.972093e-01
5.096045e-01
1
2.749468e-01
5.174961e-01
1.635881e-01
2.139258e-01
0
4.752058e-02
2.320252e-01
2.615768e-01
3.302255e-01
3.793877e-01
5.023391e-01
5.716807e-01
2.975182e-01
4.682420e-01
5.237255e-01
5.418924e-01
5.732945e-01
3.236812e-01
2.770475e-01
1.586987e-01
0
0
0
0
0
0
0
0
9.465854e-02
1.119133e-01
0
0
1.095545e-02
3.383652e-02
9.477645e-03
0
1.252091e-01
1.965265e-01
4.320753e-01
1.192100e-01
1.422061e-01
2.980010e-02
3.494006e-01
2.379915e-01
0
0
0
2.358894e-01
4.815133e-02
3.885121e-01
0
0
0
0
2.587062e-01
0
3.699760e-01
1.657853e-01
4.044541e-01
4.145943e-01
1.950612e-01
0
5.041211e-02
0
1.634356e-02
2.020404e-01
3.597763e-01
0
9.815743e-02
1.824974e-01
7.597262e-02
3.098271e-01
2.047040e-01
0
2.428594e-01
2.147340e-01
0
0
0
0
0
0
0
0
0
0
2.630081e-02
0
0
0
0
2.812040e-01
4.687481e-01
6.217202e-01
0
0
0
0
1.513260e-01
0
0
0
0
0
4.180048e-01
6.553020e-01
0
6.154156e-02
1.994545e-01
2.637671e-01
2.242516e-01
4.590551e-01
6.636922e-01
2.508046e-01
4.323341e-01
2.749468e-01
1
6.505114e-01
5.625792e-02
1.532165e-01
2.580965e-01
1.969392e-01
1.911195e-02
0
0
0
0
0
0
2.591185e-02
1.146538e-01
1.212561e-01
5.232023e-02
0
0
0
0
0
8.606457e-02
0
1.855750e-01
0
2.053019e-01
2.942773e-01
0
0
4.084126e-01
2.196954e-01
6.705794e-01
6.458636e-01
4.131207e-01
1.006834e-01
5.220113e-01
4.710359e-01
6.808364e-01
4.683640e-01
3.567554e-01
1.847394e-01
5.072080e-01
7.291546e-01
0
0
0
5.198548e-01
0
2.171995e-01
0
0
0
0
0
0
0
0
1.611517e-01
2.475548e-01
0
2.748554e-01
0
0
0
0
4.196022e-01
0
0
0
0
0
0
0
0
0
0
0
0
0
0
0
0
0
2.203602e-03
0
0
0
0
0
0
1.228164e-01
3.689115e-01
4.624161e-01
0
0
8.769403e-02
1.735403e-01
0
0
0
0
0
8.905723e-02
2.438667e-01
3.293076e-01
0
0
1.369828e-01
5.540271e-02
9.938219e-02
1.563952e-01
3.813340e-01
4.373300e-01
2.279870e-01
5.174961e-01
6.505114e-01
1
0
0
0
0
0
0
0
0
1.560969e-03
0
0
2.891077e-01
0
0
2.823104e-01
1.908939e-01
1.380524e-01
1.106143e-01
0
0
6.083397e-03
0
8.428890e-02
0
5.904467e-02
8.930614e-02
9.706640e-02
1.648348e-01
2.061889e-01
0
4.350697e-01
6.089783e-01
1.672232e-01
1.024564e-01
1.163436e-01
2.014668e-02
4.616710e-01
1.734413e-01
2.336342e-01
2.445905e-01
2.903866e-01
6.209871e-01
0
0
0
6.266802e-01
0
0
0
0
0
0
0
0
1.260922e-02
1.763300e-02
1.727875e-01
2.213607e-01
5.296012e-02
2.322448e-02
1.279972e-01
0
0
0
5.780946e-01
3.391767e-01
0
0
1.006741e-03
0
0
0
0
1.459816e-01
0
0
0
0
0
0
0
0
0
0
0
0
0
0
0
0
5.072903e-01
3.574780e-01
0
0
0
0
0
0
0
0
0
0
4.070095e-01
1.425733e-01
0
5.627924e-02
5.933158e-02
0
0
0
2.696075e-01
4.297032e-01
3.427241e-01
1.635881e-01
5.625792e-02
0
1.000000e+00
9.312293e-01
8.283985e-01
8.952854e-01
9.262580e-01
9.343566e-01
8.333700e-01
7.971404e-01
2.699349e-01
1.918265e-01
0
0
6.430122e-01
5.930157e-01
1.635604e-01
0
0
0
0
0
1.671060e-01
0
0
0
0
0
0
0
0
0
0
0
0
0
4.908061e-01
6.028437e-01
3.958435e-01
1.884960e-01
2.344569e-01
4.935064e-02
3.941240e-01
8.983408e-02
0
0
2.185309e-01
0
0
0
0
0
0
0
0
0
4.684307e-01
0
6.794654e-01
4.947186e-01
0
0
6.333732e-02
1.305185e-01
0
0
0
0
0
0
0
6.989506e-01
3.423003e-01
4.084874e-01
0
0
0
0
0
0
0
0
0
0
0
0
0
0
0
0
0
0
6.460892e-01
4.477987e-01
0
0
0
0
0
0
0
0
0
0
4.776193e-01
3.068865e-01
0
1.070517e-01
0
0
0
0
3.512161e-01
3.875211e-01
3.408506e-01
2.139258e-01
1.532165e-01
0
9.312293e-01
1.000000e+00
7.085628e-01
8.488184e-01
9.338276e-01
8.717403e-01
8.560466e-01
7.665008e-01
4.019189e-01
2.244483e-01
0
0
7.651290e-01
7.136857e-01
2.999558e-01
0
0
0
0
0
2.881574e-01
0
0
0
0
0
0
0
4.804477e-02
0
6.036582e-02
0
1.317150e-01
0
5.106905e-01
6.780780e-01
5.156723e-01
3.271694e-01
3.896712e-01
1.058657e-01
4.695394e-01
2.096774e-01
0
0
1.818321e-01
1.637630e-03
0
1.017482e-01
0
0
0
0
0
0
4.284646e-01
0
6.937336e-01
5.760720e-01
0
0
0
1.992283e-01
0
0
0
0
0
0
0
7.233794e-01
3.602410e-01
5.105726e-01
0
0
0
0
0
0
0
0
0
0
0
0
0
0
0
0
0
0
3.574824e-01
5.137480e-01
0
0
0
0
0
0
0
0
0
0
2.908589e-01
2.214424e-01
0
1.857505e-01
1.086458e-01
1.114359e-01
2.834133e-01
2.708943e-01
2.841567e-01
3.124826e-01
5.068225e-01
0
2.580965e-01
0
8.283985e-01
7.085628e-01
1
8.968999e-01
6.489677e-01
6.779691e-01
4.594629e-01
5.073158e-01
0
0
0
0
3.867125e-01
2.860194e-01
0
0
0
0
0
0
0
0
1.682791e-01
0
3.223134e-01
2.453198e-01
0
0
1.406748e-01
0
0
0
1.553910e-02
0
6.681600e-01
6.701986e-01
4.707191e-01
3.291325e-01
1.775087e-01
1.567408e-01
3.666056e-01
1.105215e-01
0
0
5.151456e-01
1.505145e-01
0
0
0
0
0
0
0
0
2.769778e-01
0
4.640211e-01
2.242396e-01
0
0
0
0
0
0
0
0
0
0
0
4.120291e-01
0
2.818215e-01
0
0
0
0
0
0
0
0
0
0
0
0
0
0
0
0
0
0
4.482891e-01
4.721671e-01
0
0
0
0
0
0
0
0
0
0
3.517455e-01
2.526657e-01
0
8.248688e-02
0
1.714940e-04
0
0
2.412218e-01
3.889576e-01
3.478051e-01
4.752058e-02
1.969392e-01
0
8.952854e-01
8.488184e-01
8.968999e-01
1
7.614605e-01
8.272487e-01
6.647374e-01
7.228772e-01
1.342581e-01
4.802051e-02
0
0
5.212575e-01
5.054153e-01
2.290371e-02
0
5.900471e-03
6.868550e-02
0
0
1.230261e-01
0
0
0
2.078098e-01
1.972946e-01
0
0
1.866602e-01
0
0
0
5.778676e-02
0
6.187226e-01
6.534950e-01
4.693510e-01
2.947683e-01
2.452966e-01
1.578360e-01
3.380421e-01
1.389709e-01
0
0
3.581008e-01
9.769147e-02
0
0
0
0
0
0
0
0
3.350636e-01
0
5.751697e-01
4.335820e-01
0
0
2.734763e-02
1.287435e-01
0
0
0
0
0
0
0
5.255313e-01
1.691790e-01
4.085434e-01
0
0
0
4.653625e-02
0
0
0
0
0
0
0
0
0
0
0
0
0
0
5.614281e-01
3.707419e-01
0
0
0
0
0
0
0
0
0
0
4.778126e-01
2.608890e-01
0
3.640930e-02
1.000167e-01
0
0
0
2.546354e-01
4.725051e-01
2.243899e-01
2.320252e-01
1.911195e-02
0
9.262580e-01
9.338276e-01
6.489677e-01
7.614605e-01
1.000000e+00
9.056229e-01
8.913548e-01
7.595308e-01
3.803525e-01
2.725292e-01
1.452176e-02
0
7.766701e-01
7.233760e-01
3.205466e-01
5.695230e-02
0
0
0
0
3.221371e-01
0
0
0
0
0
0
0
0
0
0
0
8.978563e-03
0
3.466303e-01
5.270925e-01
4.076195e-01
2.456729e-01
4.183558e-01
2.255918e-01
4.333834e-01
1.560863e-01
0
0
8.573814e-02
0
0
5.358854e-02
0
0
0
0
1.066806e-01
0
5.853774e-01
0
7.995525e-01
5.248301e-01
0
0
3.176528e-02
1.218742e-01
0
0
0
0
0
0
0
7.493265e-01
3.105030e-01
4.301298e-01
0
0
0
0
0
0
0
0
0
0
0
0
0
0
0
0
0
0
3.952008e-01
2.709678e-01
0
0
0
0
0
0
0
0
0
0
3.032026e-01
5.849821e-02
0
0
0
0
0
0
2.255287e-01
5.039836e-01
2.767653e-01
2.615768e-01
0
0
9.343566e-01
8.717403e-01
6.779691e-01
8.272487e-01
9.056229e-01
1
9.065473e-01
8.743950e-01
3.757130e-01
3.916477e-01
2.792875e-03
0
7.225238e-01
7.278863e-01
2.322299e-01
0
1.248477e-01
1.658703e-01
0
0
1.920319e-01
0
0
0
0
0
0
0
0
0
0
0
1.709170e-02
0
3.406940e-01
5.473789e-01
2.667951e-01
4.835577e-02
1.425999e-01
1.453517e-02
2.990171e-01
5.705524e-02
0
0
1.117492e-01
0
0
6.145579e-02
0
0
0
0
5.751198e-02
0
5.859603e-01
0
7.301993e-01
5.375451e-01
1.992228e-02
0
2.369118e-01
2.451357e-01
0
0
0
0
0
0
0
6.946812e-01
4.578697e-01
4.358259e-01
0
0
6.324538e-02
1.183566e-01
0
0
0
0
0
0
0
0
0
0
0
0
0
0
4.826339e-01
1.809351e-01
0
0
0
0
0
0
0
0
0
0
3.461191e-01
1.068577e-01
0
0
3.234424e-04
2.367385e-02
0
0
1.827057e-01
3.716584e-01
2.099758e-01
3.302255e-01
0
0
8.333700e-01
8.560466e-01
4.594629e-01
6.647374e-01
8.913548e-01
9.065473e-01
1
8.602822e-01
6.132592e-01
5.108372e-01
3.093823e-01
0
8.404107e-01
8.272277e-01
4.043561e-01
1.400759e-01
1.440115e-01
3.698020e-02
0
0
2.913997e-01
0
0
0
0
0
9.850440e-02
0
0
0
0
0
6.026806e-02
0
2.288544e-01
4.359449e-01
2.744185e-01
8.930569e-02
2.515068e-01
3.104573e-02
2.484105e-01
9.095441e-02
0
0
3.501998e-02
0
0
2.094617e-01
0
0
0
0
8.376642e-02
0
5.255826e-01
0
7.646970e-01
6.835146e-01
1.021864e-01
0
2.986802e-01
3.564981e-01
0
0
0
0
0
0
0
7.237269e-01
5.478470e-01
5.248992e-01
0
0
0
0
0
0
0
0
0
0
0
0
0
0
0
0
0
0
3.208720e-01
7.989705e-02
0
0
0
0
0
0
0
0
0
0
5.780379e-02
0
0
0
0
0
0
0
2.338023e-01
4.626488e-01
3.209658e-01
3.793877e-01
0
0
7.971404e-01
7.665008e-01
5.073158e-01
7.228772e-01
7.595308e-01
8.743950e-01
8.602822e-01
1.000000e+00
4.898752e-01
6.453763e-01
2.098599e-01
3.893080e-02
6.716385e-01
7.074355e-01
1.794493e-01
0
2.123183e-01
2.505309e-01
0
0
0
0
0
0
0
0
0
0
0
0
0
0
0
0
2.529631e-01
3.920168e-01
2.070583e-01
0
1.879637e-02
0
3.236861e-01
0
0
0
1.076748e-01
0
0
9.065194e-02
0
0
0
0
1.496664e-01
0
4.655443e-01
0
5.174298e-01
5.394305e-01
1.500799e-01
0
2.373107e-01
2.996934e-01
0
0
0
0
0
0
0
6.484635e-01
4.169148e-01
2.950796e-01
0
0
2.132724e-01
1.409962e-01
0
0
0
0
0
0
0
0
0
0
0
0
0
0
2.569189e-01
9.302730e-02
0
0
1.242210e-01
0
0
0
6.703789e-02
0
0
0
0
0
0
0
2.881613e-02
1.456006e-01
0
0
1.963670e-01
1.517861e-01
4.014250e-01
5.023391e-01
0
1.560969e-03
2.699349e-01
4.019189e-01
0
1.342581e-01
3.803525e-01
3.757130e-01
6.132592e-01
4.898752e-01
1.000000e+00
7.313349e-01
8.340807e-01
4.095532e-01
7.642415e-01
7.263276e-01
4.188411e-01
2.955599e-01
4.783495e-01
7.717434e-02
0
0
3.101971e-02
0
0
0
0
0
7.849092e-02
3.979860e-02
0
0
7.226606e-02
0
1.721320e-01
5.768517e-02
0
1.575340e-01
1.807560e-01
2.344657e-02
0
0
0
7.749959e-02
0
0
8.460466e-02
7.047956e-02
4.597314e-01
6.345226e-01
0
0
0
0
8.452942e-02
0
4.750034e-01
0
4.213300e-01
5.909864e-01
1.224986e-01
0
6.937379e-02
4.310170e-01
1.459848e-01
0
0
0
1.431360e-01
2.874946e-01
0
3.428451e-01
4.073608e-01
4.991078e-01
3.122863e-01
0
3.813003e-01
1.465901e-01
0
0
0
0
0
0
0
0
0
0
0
0
0
0
0
0
0
0
0
0
0
0
2.369346e-01
2.349187e-02
0
0
0
0
0
0
0
0
0
0
2.153669e-01
3.411436e-01
3.136988e-01
5.716807e-01
0
0
1.918265e-01
2.244483e-01
0
4.802051e-02
2.725292e-01
3.916477e-01
5.108372e-01
6.453763e-01
7.313349e-01
1.000000e+00
6.595247e-01
5.041877e-01
5.705625e-01
6.085190e-01
1.509920e-01
5.686402e-02
4.290022e-01
3.361331e-01
0
0
0
0
0
8.022345e-02
0
0
0
1.570346e-01
0
0
0
0
0
0
0
0
0
0
0
0
0
0
0
1.099515e-02
0
0
3.437595e-01
4.943688e-01
0
0
0
0
4.203209e-01
0
5.219153e-01
2.141861e-01
1.400238e-01
2.505950e-01
2.940140e-01
0
1.194024e-01
2.590685e-01
2.225269e-01
2.368315e-01
0
5.205548e-02
2.437822e-01
3.940937e-01
9.476138e-02
3.536867e-01
3.829346e-01
4.965795e-02
4.397864e-01
2.013237e-01
3.160770e-01
3.088826e-01
0
0
7.140614e-02
0
2.820824e-02
0
0
0
0
0
0
0
0
0
3.773997e-02
0
9.534548e-02
2.500191e-01
2.196874e-01
2.520265e-01
0
0
2.592771e-01
6.653681e-02
1.503740e-01
0
0
0
0
0
0
4.294861e-02
0
0
0
0
1.612358e-01
2.975182e-01
0
0
0
0
0
0
1.452176e-02
2.792875e-03
3.093823e-01
2.098599e-01
8.340807e-01
6.595247e-01
1
4.549534e-01
4.568916e-01
4.177860e-01
3.504485e-01
2.998303e-01
3.767312e-01
0
0
0
0
0
0
1.208743e-01
0
0
2.715153e-01
2.886148e-01
0
1.644565e-01
9.730589e-02
0
1.114200e-01
2.482792e-01
0
0
0
0
0
0
0
1.392089e-02
0
0
0
7.676979e-02
5.200972e-01
5.575011e-01
0
0
0
0
7.298091e-02
0
2.260709e-01
1.608278e-02
8.594680e-02
2.777644e-01
1.861671e-01
0
6.692886e-02
3.217688e-01
2.367456e-01
0
0
3.358772e-03
3.661845e-01
5.741993e-01
8.057026e-02
5.023678e-02
1.990902e-01
3.768330e-01
4.158048e-01
1.733035e-02
6.206063e-02
0
2.238535e-01
6.989637e-02
2.685659e-01
0
3.848506e-01
6.162286e-02
7.922277e-02
7.543390e-02
0
0
1.248091e-01
0
0
0
0
0
0
2.940056e-02
2.059257e-01
3.534797e-01
0
0
2.940291e-01
2.648071e-01
1.410214e-01
1.705842e-01
0
0
0
0
0
0
1.845143e-01
1.042792e-01
2.772151e-01
1.928274e-01
3.286167e-01
4.682420e-01
2.591185e-02
2.891077e-01
0
0
0
0
0
0
0
3.893080e-02
4.095532e-01
5.041877e-01
4.549534e-01
1.000000e+00
0
1.031835e-01
0
0
2.856889e-01
2.130955e-01
5.152268e-02
0
0
0
1.085062e-01
8.136878e-02
0
0
0
2.747342e-01
2.546904e-02
3.789346e-02
0
0
0
1.421801e-01
0
0
0
0
0
0
0
0
0
0
0
1.647594e-02
5.172470e-02
2.826237e-01
3.607601e-01
4.495183e-01
0
0
1.432572e-01
0
5.609656e-02
4.120748e-03
0
1.578145e-01
4.211859e-01
0
0
7.415247e-03
2.162071e-01
7.939729e-02
3.203666e-01
3.780371e-01
0
9.097403e-02
0
0
2.029119e-02
0
3.065103e-01
3.159738e-01
0
6.189421e-02
0
0
0
0
0
0
0
0
0
0
0
0
0
0
4.772719e-01
3.920939e-01
0
0
0
0
0
0
0
0
0
0
1.995794e-01
2.220040e-01
0
0
4.767849e-02
8.050228e-02
0
0
4.244911e-01
4.194952e-01
4.924561e-01
5.237255e-01
1.146538e-01
0
6.430122e-01
7.651290e-01
3.867125e-01
5.212575e-01
7.766701e-01
7.225238e-01
8.404107e-01
6.716385e-01
7.642415e-01
5.705625e-01
4.568916e-01
0
1
9.062841e-01
4.492082e-01
1.869659e-01
1.533361e-01
0
0
0
1.876984e-01
0
0
0
0
0
4.511535e-02
0
0
0
6.446529e-02
0
1.129914e-01
0
2.468771e-01
5.301568e-01
4.709473e-01
2.737692e-01
3.252147e-01
2.239988e-01
3.016816e-01
3.228320e-01
0
0
1.334669e-01
2.065092e-01
2.224485e-01
5.896476e-01
0
0
0
0
9.866716e-02
0
6.451448e-01
0
7.407161e-01
5.688801e-01
0
0
0
1.571514e-01
0
0
0
0
1.089103e-01
1.262895e-01
0
5.982578e-01
3.003984e-01
5.324222e-01
3.275123e-02
0
9.429841e-02
0
0
0
0
0
0
0
0
0
0
0
0
0
0
0
4.297514e-01
3.314102e-01
0
0
0
0
0
0
0
0
0
0
2.540271e-01
2.072581e-01
0
0
3.058205e-02
1.110053e-01
0
0
4.652821e-01
5.102274e-01
3.990041e-01
5.418924e-01
1.212561e-01
0
5.930157e-01
7.136857e-01
2.860194e-01
5.054153e-01
7.233760e-01
7.278863e-01
8.272277e-01
7.074355e-01
7.263276e-01
6.085190e-01
4.177860e-01
1.031835e-01
9.062841e-01
1
4.383008e-01
1.536356e-01
2.967170e-01
1.709489e-01
0
0
1.882700e-01
0
0
0
0
0
8.247150e-02
5.385778e-03
0
0
1.473254e-01
0
1.994549e-01
0
2.417159e-01
4.525662e-01
4.319437e-01
2.256765e-01
2.607487e-01
7.155665e-02
2.111212e-01
1.952970e-01
0
0
0
3.566854e-02
7.417665e-02
6.318064e-01
0
0
0
0
4.857946e-02
0
5.937258e-01
0
7.418186e-01
6.977956e-01
3.848869e-03
0
5.193320e-02
2.258724e-01
0
0
0
0
0
0
0
5.331383e-01
3.624022e-01
3.937476e-01
0
0
2.892227e-01
5.438766e-01
0
0
0
0
0
0
0
0
7.618040e-02
1.809858e-01
0
0
0
0
6.607575e-01
4.422019e-01
2.007198e-01
1.568637e-01
0
4.908084e-02
0
0
0
0
1.539109e-02
0
4.949521e-01
3.674754e-01
0
0
1.662485e-01
1.047886e-01
0
0
1.187979e-01
2.584052e-01
0
5.732945e-01
5.232023e-02
2.823104e-01
1.635604e-01
2.999558e-01
0
2.290371e-02
3.205466e-01
2.322299e-01
4.043561e-01
1.794493e-01
4.188411e-01
1.509920e-01
3.504485e-01
0
4.492082e-01
4.383008e-01
1
7.502923e-01
2.481174e-01
0
0
0
4.903617e-01
2.465989e-01
0
0
0
0
6.248146e-01
2.902341e-01
9.343905e-02
7.986302e-02
2.676574e-01
2.470586e-01
3.564037e-01
1.331915e-01
8.960132e-02
1.185715e-01
4.448625e-01
3.397830e-01
5.802267e-01
2.743905e-01
2.144487e-01
2.588437e-01
0
0
6.705414e-02
3.683950e-02
8.431942e-02
1.955006e-01
0
0
0
0
1.991199e-02
0
1.114725e-01
7.039408e-02
5.802689e-01
5.038526e-01
8.046556e-02
0
2.260821e-01
2.953339e-01
1.637736e-02
0
1.349308e-01
0
1.978733e-01
2.134760e-01
2.658948e-01
4.238564e-01
2.866216e-01
2.526775e-01
7.185443e-02
4.224729e-03
4.213977e-01
5.758491e-01
0
0
0
0
0
0
0
0
7.712858e-02
3.342643e-01
0
2.514308e-02
0
0
3.070476e-01
2.455994e-01
3.474126e-01
2.803385e-01
0
1.681095e-02
0
0
0
0
1.469247e-01
1.429915e-01
3.289396e-01
2.417313e-01
0
0
1.891486e-01
2.319169e-01
0
0
0
1.215036e-01
0
3.236812e-01
0
1.908939e-01
0
0
0
0
5.695230e-02
0
1.400759e-01
0
2.955599e-01
5.686402e-02
2.998303e-01
0
1.869659e-01
1.536356e-01
7.502923e-01
1
3.066737e-01
1.641015e-01
1.577451e-01
0
6.215746e-01
5.137155e-01
0
0
0
0
5.390033e-01
2.839783e-01
0
0
6.155237e-02
2.768176e-01
2.729708e-01
2.664215e-01
0
0
1.627218e-02
1.134777e-01
4.115231e-01
2.718785e-01
0
3.963997e-02
0
0
1.031314e-01
0
2.103747e-01
1.643546e-01
0
0
0
0
1.678248e-01
8.006486e-02
6.769943e-02
1.390410e-01
4.332474e-01
3.290328e-01
2.142043e-01
0
3.676562e-01
4.096454e-01
3.601509e-01
1.164351e-01
8.475762e-02
0
1.073779e-01
3.830525e-01
4.610672e-01
1.627012e-01
1.606585e-01
2.103043e-01
2.320482e-01
2.442950e-01
4.013599e-01
0
0
0
0
0
0
0
0
0
0
5.805889e-02
0
0
0
0
0
2.271810e-02
0
0
3.716328e-01
0
0
0
8.495308e-02
1.517111e-01
2.532346e-01
0
0
0
0
0
0
7.639212e-02
0
0
0
1.174287e-01
3.680150e-02
2.770475e-01
0
1.380524e-01
0
0
0
5.900471e-03
0
1.248477e-01
1.440115e-01
2.123183e-01
4.783495e-01
4.290022e-01
3.767312e-01
2.856889e-01
1.533361e-01
2.967170e-01
2.481174e-01
3.066737e-01
1
7.902917e-01
4.895735e-01
0
1.279115e-01
2.105508e-02
0
1.498183e-01
3.224536e-01
4.739416e-01
7.013499e-02
1.515214e-01
0
0
1.919328e-02
7.764760e-02
1.866860e-01
4.709892e-02
0
0
0
0
0
0
0
0
0
0
0
7.717705e-03
3.798805e-01
4.034126e-01
0
9.402012e-02
0
0
0
0
1.081780e-01
2.569434e-01
8.047469e-02
3.989369e-01
4.911129e-01
0
4.846612e-01
7.258050e-01
3.563925e-01
0
2.716452e-01
2.771250e-01
0
7.575723e-02
1.194693e-01
0
4.484260e-01
2.347495e-01
1.502684e-01
6.789125e-02
3.385298e-01
0
0
0
0
0
0
0
0
0
0
1.261056e-01
1.221042e-01
2.130060e-02
0
0
0
0
0
0
1.208160e-01
0
0
0
0
0
1.145169e-01
0
0
0
0
0
0
0
0
0
0
3.246596e-01
0
1.586987e-01
0
1.106143e-01
0
0
0
6.868550e-02
0
1.658703e-01
3.698020e-02
2.505309e-01
7.717434e-02
3.361331e-01
0
2.130955e-01
0
1.709489e-01
0
1.641015e-01
7.902917e-01
1
4.860267e-01
1.834519e-01
3.182101e-02
9.484048e-02
0
1.536562e-01
2.555323e-01
5.045305e-01
0
1.281146e-01
0
0
0
2.079917e-02
0
0
0
0
0
0
0
0
0
0
0
1.167367e-01
0
0
4.674479e-02
1.755986e-01
2.175411e-01
1.906733e-01
0
0
9.565133e-02
5.182721e-02
1.229122e-01
2.750518e-01
4.815452e-02
2.168765e-01
5.212449e-01
0
5.048891e-01
4.891392e-01
3.338861e-01
3.503023e-02
3.720560e-01
2.679904e-01
0
0
1.203175e-01
0
2.170172e-01
0
0
1.929303e-01
1.532786e-01
0
0
1.055046e-01
0
0
2.339662e-01
0
0
0
0
2.511365e-02
4.184242e-01
6.145197e-03
3.475498e-03
0
0
0
0
0
0
0
0
0
8.871248e-03
0
0
0
0
0
0
2.232264e-01
2.513382e-02
3.698620e-01
2.368489e-01
1.596777e-01
0
0
0
0
0
0
0
0
0
0
0
0
0
0
0
0
0
5.152268e-02
0
0
0
1.577451e-01
4.895735e-01
4.860267e-01
1
1.132328e-01
2.124408e-01
1.556785e-01
1.509124e-01
3.111092e-01
4.739563e-01
5.696628e-01
0
0
0
0
0
5.888793e-02
8.292836e-02
2.712914e-01
0
0
0
2.336936e-03
0
0
0
0
5.141578e-02
1.179381e-02
2.813396e-01
0
3.755885e-01
0
3.746675e-01
3.367010e-01
9.114180e-02
1.389343e-02
0
0
0
0
0
2.026732e-01
3.135266e-01
0
2.394909e-01
5.275392e-01
1.867048e-01
0
9.189454e-02
2.125778e-01
0
0
0
0
4.714228e-02
1.962425e-01
0
0
0
0
2.896371e-01
4.522674e-01
2.223564e-03
4.644693e-01
4.003391e-01
7.269965e-01
3.164963e-01
6.316862e-01
4.832314e-02
2.035202e-01
5.872769e-01
4.861094e-01
3.069540e-01
3.908212e-01
0
0
2.853127e-01
1.781499e-01
3.839830e-02
1.975020e-01
3.065581e-01
3.623200e-01
1.914508e-01
1.336297e-01
1.677957e-01
2.182702e-01
0
0
2.365063e-01
1.849447e-01
0
0
1.883574e-01
3.088995e-01
0
0
0
0
0
0
0
0
0
0
0
0
0
0
0
0
0
0
0
0
0
0
0
1.834519e-01
1.132328e-01
1
0
2.584769e-01
2.792939e-01
5.557859e-01
0
4.365116e-02
0
1.126661e-01
1.673325e-01
1.600461e-01
0
1.478759e-01
1.618024e-02
2.083214e-01
0
0
0
0
0
0
0
0
0
3.030039e-01
0
6.144344e-02
0
0
5.016111e-01
4.511102e-01
5.471690e-01
3.284913e-01
0
3.005846e-01
0
2.395372e-02
0
0
1.377973e-01
1.225771e-01
9.680890e-02
0
3.219538e-02
0
0
2.467760e-01
0
0
1.650639e-02
0
0
0
0
6.105945e-02
1.652259e-01
1.384193e-01
0
0
0
0
0
0
0
0
2.734217e-01
4.720388e-01
0
2.274200e-01
0
2.428130e-01
5.351388e-01
3.942989e-01
1.156912e-01
3.746018e-02
2.133642e-02
0
0
0
0
0
0
0
7.109143e-01
6.200361e-01
0
3.850145e-02
2.011058e-01
3.581825e-01
0
0
0
0
0
0
8.606457e-02
6.083397e-03
1.671060e-01
2.881574e-01
0
1.230261e-01
3.221371e-01
1.920319e-01
2.913997e-01
0
3.101971e-02
0
0
0
1.876984e-01
1.882700e-01
4.903617e-01
6.215746e-01
1.279115e-01
3.182101e-02
2.124408e-01
0
1
6.076809e-01
0
0
0
0
5.042923e-01
1.367348e-01
4.087144e-02
1.278284e-01
2.470199e-01
3.281044e-01
3.239274e-01
1.853592e-01
0
0
2.037713e-01
3.719373e-01
6.523777e-01
3.099254e-01
9.968622e-02
2.146839e-01
0
0
0
0
0
1.874274e-02
0
0
5.176497e-02
0
0
0
0
0
5.233946e-01
4.527348e-01
3.827142e-03
0
4.055251e-01
5.184672e-01
0
0
0
0
0
0
1.594165e-01
2.132047e-01
2.534076e-01
4.049156e-01
0
0
4.458033e-01
3.210814e-01
0
8.148533e-02
0
2.154855e-01
0
3.406284e-01
0
4.324551e-02
4.562523e-01
7.299543e-01
3.472071e-01
6.113255e-01
2.465881e-01
2.798528e-01
4.598716e-02
0
6.369627e-01
4.225944e-01
1.203862e-01
2.016588e-01
3.208391e-02
1.377766e-01
0
0
1.852346e-01
3.099476e-01
3.899945e-01
2.780706e-01
0
0
2.025751e-01
2.013066e-01
0
0
0
0
0
0
0
0
0
0
0
0
0
0
0
0
0
0
0
0
0
0
2.465989e-01
5.137155e-01
2.105508e-02
9.484048e-02
1.556785e-01
2.584769e-01
6.076809e-01
1
0
4.979618e-02
0
0
4.760438e-01
3.266829e-01
4.216541e-02
2.570560e-01
1.850817e-01
3.528430e-01
2.498582e-01
3.047498e-01
0
0
0
0
2.114776e-01
0
0
0
0
0
0
0
0
0
3.527044e-02
2.861571e-02
3.184842e-01
0
0
1.558435e-01
0
5.176549e-02
0
2.048708e-02
2.923723e-01
0
4.884967e-01
2.367113e-01
1.622636e-01
0
9.362462e-03
0
0
6.669363e-02
3.334708e-01
0
1.408008e-01
0
0
7.713319e-02
0
0
5.054801e-01
4.470940e-01
5.342169e-01
3.198631e-01
3.538343e-01
3.832550e-02
5.711382e-01
3.582361e-01
0
0
1.047935e-01
0
2.505036e-01
0
0
8.648706e-02
0
0
0
0
5.309107e-01
4.154545e-01
5.714178e-01
3.727078e-01
0
0
0
0
3.372882e-01
3.364530e-01
2.221874e-02
4.642675e-03
8.036170e-01
7.630883e-01
3.433576e-02
0
3.838254e-01
0
1.855750e-01
8.428890e-02
0
0
1.682791e-01
0
0
0
0
0
0
0
0
1.085062e-01
0
0
0
0
0
0
1.509124e-01
2.792939e-01
0
0
1
3.942400e-01
5.860691e-01
4.078563e-01
0
0
2.813071e-02
0
0
1.447977e-01
0
3.919321e-02
1.269135e-01
3.039613e-02
0
7.877681e-02
0
2.628311e-02
0
0
6.497696e-01
2.559097e-01
4.547881e-01
2.633992e-01
2.242466e-01
0
2.186870e-02
2.091995e-01
1.314798e-01
1.407494e-01
0
2.143837e-01
0
0
0
0
0
3.875744e-01
0
0
0
4.672247e-02
3.877274e-02
1.792235e-01
1.652365e-01
0
0
0
0
0
0
0
3.601912e-01
1.027363e-01
4.091259e-01
5.609853e-01
3.731891e-01
1.809649e-01
5.851765e-01
3.140744e-01
1.001024e-01
2.870831e-01
5.905140e-02
6.170819e-02
5.736160e-01
2.209589e-01
1.104134e-01
0
0
0
2.964883e-01
2.201645e-01
1.739169e-01
1.100845e-01
3.001522e-01
4.309079e-01
7.451939e-01
5.442636e-01
4.226004e-01
7.022220e-02
0
0
2.832574e-01
8.647245e-02
0
0
1.809946e-01
1.553922e-01
0
0
0
0
0
0
0
0
0
0
0
0
0
0
0
8.022345e-02
1.208743e-01
8.136878e-02
0
0
0
0
1.498183e-01
1.536562e-01
3.111092e-01
5.557859e-01
0
4.979618e-02
3.942400e-01
1
2.280791e-01
1.910620e-01
0
0
0
0
0
0
4.633303e-03
1.450740e-01
0
0
0
0
0
0
0
0
2.237149e-01
5.175784e-01
9.219214e-02
0
5.176738e-01
0
2.348583e-01
3.975738e-01
1.970774e-01
1.042337e-01
6.855333e-03
1.735706e-01
0
2.242520e-01
0
0
6.817122e-02
1.480593e-01
0
0
2.895799e-01
1.799525e-01
0
2.118132e-01
1.646479e-01
2.814926e-01
1.818998e-01
0
0
0
1.895863e-01
4.492651e-02
0
0
1.995950e-01
1.705798e-01
3.506920e-01
0
1.867326e-01
0
5.678489e-02
0
0
0
0
0
0
0
0
2.797479e-01
0
0
9.978316e-02
0
0
0
2.991080e-01
2.889366e-01
3.460678e-02
0
0
1.059232e-02
0
2.190189e-01
8.316865e-02
3.658577e-01
6.544851e-01
6.581595e-01
0
0
3.478634e-01
0
2.053019e-01
5.904467e-02
0
0
3.223134e-01
2.078098e-01
0
0
0
0
0
0
0
0
0
0
0
0
3.224536e-01
2.555323e-01
4.739563e-01
0
0
0
5.860691e-01
2.280791e-01
1.000000e+00
9.059396e-01
0
0
7.066706e-02
0
2.473813e-02
1.894228e-01
5.761693e-02
3.225335e-02
1.696757e-01
1.329331e-01
1.635334e-01
1.465660e-01
0
3.970011e-03
0
3.521132e-03
3.340764e-01
3.160600e-01
4.191470e-01
2.201046e-01
3.045393e-01
1.420049e-01
0
1.145766e-01
0
1.653893e-01
0
0
0
0
0
0
0
2.304167e-01
0
0
0
0
9.770212e-02
1.510821e-01
0
0
0
0
0
2.017249e-01
0
0
0
0
1.195020e-01
9.102728e-02
1.875506e-01
0
1.374148e-01
0
0
0
0
0
0
0
0
0
0
2.814727e-01
0
0
6.642373e-02
0
0
0
1.554744e-01
2.091586e-01
6.504171e-02
0
0
7.242489e-02
0
1.269809e-01
0
3.460065e-01
5.180235e-01
5.897213e-01
6.487062e-03
0
2.748846e-01
0
2.942773e-01
8.930614e-02
0
0
2.453198e-01
1.972946e-01
0
0
0
0
0
0
0
0
0
0
0
0
4.739416e-01
5.045305e-01
5.696628e-01
4.365116e-02
0
0
4.078563e-01
1.910620e-01
9.059396e-01
1
0
0
1.108162e-01
0
6.754363e-02
2.557770e-01
1.575954e-01
1.111245e-02
1.325230e-01
1.337852e-01
1.486806e-01
1.495584e-01
0
0
0
0
1.965261e-01
3.340615e-01
3.369273e-01
9.085346e-02
2.444136e-01
1.793033e-01
0
2.338536e-01
0
1.399794e-01
0
0
0
0
0
2.111215e-02
2.796411e-04
1.814324e-01
0
1.249876e-01
0
0
2.862013e-01
1.249897e-01
0
0
0
0
0
9.853994e-02
0
0
3.331579e-01
5.152047e-01
0
0
0
1.285801e-01
0
1.775592e-01
0
0
2.164606e-01
6.717367e-01
0
3.941940e-01
4.667611e-02
1.822385e-01
2.560652e-01
3.167175e-02
5.682549e-01
6.035130e-01
2.247052e-01
4.542660e-01
0
8.980708e-02
0
0
2.774014e-01
3.538774e-01
3.336089e-01
3.163249e-01
0
0
6.905471e-02
4.252465e-02
0
0
0
0
0
9.465854e-02
0
9.706640e-02
0
0
0
0
0
0
9.850440e-02
0
7.849092e-02
0
2.715153e-01
0
4.511535e-02
8.247150e-02
6.248146e-01
5.390033e-01
7.013499e-02
0
0
0
5.042923e-01
4.760438e-01
0
0
0
0
1
7.560623e-01
1.328457e-01
3.434852e-01
1.975959e-01
1.763972e-01
7.584456e-02
2.128657e-01
0
0
9.878695e-02
2.308157e-01
5.489065e-01
3.987813e-01
0
1.603530e-01
0
0
0
0
0
4.300047e-02
0
0
0
0
1.573357e-01
9.937381e-02
0
2.215272e-01
2.428826e-01
1.431982e-01
2.649431e-01
0
3.958014e-01
2.112439e-01
1.177611e-01
4.983444e-02
2.306434e-01
0
1.418373e-01
3.827852e-01
5.657790e-01
1.231700e-01
1.291219e-01
0
2.013439e-01
2.737658e-01
4.148350e-01
3.737480e-01
0
1.745458e-01
0
1.719376e-01
8.441071e-02
5.041265e-01
0
2.208830e-01
1.342259e-01
6.606258e-01
2.901106e-01
5.770510e-01
8.853906e-02
2.983540e-01
0
0
5.688676e-01
6.776103e-01
3.661869e-01
7.072690e-01
0
1.528942e-01
0
3.262094e-04
3.484596e-01
4.193668e-01
4.518509e-02
0
0
0
0
0
0
0
0
3.905714e-02
0
1.119133e-01
0
1.648348e-01
0
0
0
0
0
0
0
0
3.979860e-02
1.570346e-01
2.886148e-01
2.747342e-01
0
5.385778e-03
2.902341e-01
2.839783e-01
1.515214e-01
1.281146e-01
0
1.126661e-01
1.367348e-01
3.266829e-01
0
0
0
0
7.560623e-01
1.000000e+00
1.804197e-01
3.544385e-01
1.663842e-01
7.514654e-02
6.718516e-03
2.511265e-01
0
0
0
0
5.908256e-02
2.136248e-02
0
5.964137e-02
0
0
0
0
0
3.870651e-02
4.099965e-01
7.241160e-02
1.425709e-01
2.041973e-02
2.164376e-01
8.484055e-02
0
2.610437e-01
0
1.984339e-02
4.259567e-01
0
3.741664e-01
1.756371e-01
2.225314e-01
8.523016e-02
2.478861e-01
2.809332e-01
0
2.972565e-01
4.489874e-01
0
1.856480e-01
0
3.196237e-01
4.318687e-01
0
0
1.189651e-01
4.011667e-02
0
1.164964e-01
5.180063e-02
1.427744e-01
0
0
3.213913e-02
9.545132e-02
0
0
0
7.379394e-02
2.265399e-01
3.593682e-01
1.103811e-01
1.267174e-01
2.698287e-01
4.487359e-01
6.417841e-02
0
0
0
1.573793e-01
9.654080e-02
4.721722e-01
4.939264e-01
0
1.487966e-01
1.162874e-01
1.590772e-01
0
1.510079e-01
2.118194e-01
3.783416e-02
0
0
4.084126e-01
2.061889e-01
0
4.804477e-02
1.406748e-01
1.866602e-01
0
0
0
0
0
0
0
2.546904e-02
0
0
9.343905e-02
0
0
0
0
1.673325e-01
4.087144e-02
4.216541e-02
2.813071e-02
0
7.066706e-02
1.108162e-01
1.328457e-01
1.804197e-01
1
5.873995e-01
6.764394e-01
4.683601e-01
6.887432e-01
5.280825e-01
6.038052e-01
4.001119e-01
2.143048e-01
1.514531e-01
1.798518e-01
4.116517e-02
0
2.832860e-01
1.568320e-02
0
0
1.926174e-01
0
0
0
6.693015e-02
0
0
0
0
0
0
1.173774e-02
5.221101e-02
0
2.238609e-01
0
0
0
0
1.821712e-01
0
0
0
0
0
0
0
0
0
0
0
1.817342e-01
3.560669e-01
0
3.468236e-01
1.702535e-01
4.721170e-01
0
2.821962e-01
2.770713e-01
3.924373e-01
2.067313e-01
3.083405e-01
2.605756e-01
4.433429e-01
2.622115e-01
1.223828e-01
2.661765e-01
2.515356e-01
0
3.655114e-01
3.167986e-01
2.209777e-01
0
0
0
0
3.523155e-01
4.892848e-01
1.195780e-01
4.272328e-01
9.010379e-02
1.467714e-01
0
1.103263e-03
4.060051e-02
0
0
0
2.196954e-01
0
0
0
0
0
0
0
0
0
0
0
1.644565e-01
3.789346e-02
0
0
7.986302e-02
0
0
0
0
1.600461e-01
1.278284e-01
2.570560e-01
0
0
0
0
3.434852e-01
3.544385e-01
5.873995e-01
1.000000e+00
6.327781e-01
4.193609e-01
5.415123e-01
7.011518e-01
1.601809e-01
0
1.029402e-01
2.952067e-01
2.614012e-01
5.981454e-02
5.549457e-02
1.434745e-01
1.765884e-01
0
0
0
0
1.102070e-01
1.068201e-01
0
9.626545e-02
0
0
0
0
0
0
5.709414e-02
0
2.387749e-01
0
0
0
0
1.117576e-01
0
1.881182e-01
0
0
0
0
0
0
0
0
0
0
0
0
0
0
0
0
0
0
3.726543e-02
0
1.402385e-02
0
3.226899e-01
4.686002e-01
4.437877e-01
0
4.848314e-02
3.007226e-01
3.909876e-01
8.461190e-02
0
0
0
1.506786e-02
0
5.841708e-01
6.954165e-01
0
1.334210e-01
3.492858e-01
4.221904e-01
0
1.008362e-01
3.732828e-01
0
7.103386e-02
1.095545e-02
6.705794e-01
4.350697e-01
0
6.036582e-02
0
0
0
0
0
0
7.226606e-02
0
9.730589e-02
0
6.446529e-02
1.473254e-01
2.676574e-01
6.155237e-02
1.919328e-02
0
0
0
2.470199e-01
1.850817e-01
0
0
2.473813e-02
6.754363e-02
1.975959e-01
1.663842e-01
6.764394e-01
6.327781e-01
1
7.743403e-01
8.156991e-01
6.371796e-01
4.105116e-01
3.669674e-01
3.868760e-01
2.154125e-01
2.581060e-01
4.123058e-02
1.093532e-01
6.729290e-01
0
0
0
4.292931e-01
0
2.461954e-01
0
0
0
0
0
0
0
0
1.461504e-01
3.053467e-01
0
2.213135e-01
0
0
0
0
7.121154e-02
0
0
0
0
0
0
2.301154e-01
0
0
0
0
0
7.433530e-02
0
0
0
9.579044e-04
0
0
5.161152e-02
4.774041e-02
0
8.352349e-03
0
2.283612e-01
3.803891e-01
5.977011e-01
0
0
1.531901e-01
2.249810e-01
9.233157e-02
0
0
0
0
0
4.825826e-01
6.788035e-01
0
1.712456e-01
3.740770e-01
3.699990e-01
4.275749e-02
2.202168e-01
2.404438e-01
0
2.394932e-02
3.383652e-02
6.458636e-01
6.089783e-01
0
0
0
0
0
0
0
0
0
0
0
0
0
0
2.470586e-01
2.768176e-01
7.764760e-02
2.079917e-02
5.888793e-02
1.478759e-01
3.281044e-01
3.528430e-01
1.447977e-01
0
1.894228e-01
2.557770e-01
1.763972e-01
7.514654e-02
4.683601e-01
4.193609e-01
7.743403e-01
1.000000e+00
6.708652e-01
6.467572e-01
1.280500e-01
1.422681e-01
3.512827e-01
3.095196e-01
2.909496e-01
1.489588e-01
1.804758e-01
5.996413e-01
0
0
0
4.753371e-01
0
9.936007e-02
0
0
0
0
0
0
0
0
5.554605e-02
7.733380e-02
0
2.838459e-01
0
0
0
0
2.969253e-01
2.085308e-02
0
0
0
0
0
0
0
0
0
0
0
0
0
0
0
0
0
0
8.311244e-02
7.246953e-02
0
0
0
5.110316e-02
4.272571e-01
4.743086e-01
4.063737e-02
4.831698e-03
2.271963e-01
2.211982e-01
0
0
0
0
6.459127e-02
0
5.354766e-01
5.549319e-01
0
1.382564e-01
2.372079e-01
3.825063e-01
0
0
1.895524e-01
0
5.586955e-02
9.477645e-03
4.131207e-01
1.672232e-01
0
1.317150e-01
1.553910e-02
5.778676e-02
8.978563e-03
1.709170e-02
6.026806e-02
0
1.721320e-01
0
1.114200e-01
0
1.129914e-01
1.994549e-01
3.564037e-01
2.729708e-01
1.866860e-01
0
8.292836e-02
1.618024e-02
3.239274e-01
2.498582e-01
0
4.633303e-03
5.761693e-02
1.575954e-01
7.584456e-02
6.718516e-03
6.887432e-01
5.415123e-01
8.156991e-01
6.708652e-01
1
6.890712e-01
3.767993e-01
5.093776e-01
1.977302e-01
1.251033e-01
1.291325e-01
0
0
3.903162e-01
0
0
4.305982e-02
2.297752e-01
9.927748e-03
2.807841e-01
0
0
0
0
0
0
0
0
1.678640e-01
3.317389e-01
0
1.680355e-01
0
1.649611e-01
0
0
0
0
0
0
0
0
0
3.540516e-01
0
0
0
0
0
2.880642e-01
0
5.984058e-02
1.567892e-01
2.576392e-01
0
4.303812e-02
0
1.383431e-01
1.514831e-01
1.023839e-02
0
1.520487e-01
1.270560e-01
2.286132e-01
2.000041e-01
1.627714e-01
1.658258e-01
4.278477e-01
0
0
0
0
5.866261e-03
0
3.492097e-01
3.701587e-01
0
2.548722e-01
4.627612e-01
4.861147e-01
0
6.077285e-02
0
0
0
0
1.006834e-01
1.024564e-01
0
0
0
0
0
0
0
0
5.768517e-02
0
2.482792e-01
1.421801e-01
0
0
1.331915e-01
2.664215e-01
4.709892e-02
0
2.712914e-01
2.083214e-01
1.853592e-01
3.047498e-01
3.919321e-02
1.450740e-01
3.225335e-02
1.111245e-02
2.128657e-01
2.511265e-01
5.280825e-01
7.011518e-01
6.371796e-01
6.467572e-01
6.890712e-01
1
0
0
0
5.072262e-02
8.801295e-03
0
0
1.480536e-01
0
0
0
1.142597e-01
0
1.211861e-01
2.060264e-01
0
0
0
0
0
0
0
0
9.449281e-02
0
2.059808e-02
0
2.647018e-02
0
0
0
0
0
0
0
0
0
8.423122e-02
0
0
0
0
1.259227e-01
0
3.275978e-02
0
0
0
0
0
0
0
0
0
0
0
4.173653e-01
4.907798e-01
0
0
0
0
7.998016e-02
0
0
6.882097e-04
0
0
4.188674e-01
4.060211e-01
1.590834e-01
1.377461e-01
2.007477e-01
1.564323e-01
1.096062e-01
2.957211e-01
5.583241e-01
2.255202e-01
4.535029e-01
1.252091e-01
5.220113e-01
1.163436e-01
4.908061e-01
5.106905e-01
6.681600e-01
6.187226e-01
3.466303e-01
3.406940e-01
2.288544e-01
2.529631e-01
0
0
0
0
2.468771e-01
2.417159e-01
8.960132e-02
0
0
0
0
0
0
0
1.269135e-01
0
1.696757e-01
1.325230e-01
0
0
6.038052e-01
1.601809e-01
4.105116e-01
1.280500e-01
3.767993e-01
0
1.000000e+00
8.000434e-01
5.866855e-01
3.186021e-01
2.395643e-01
1.174839e-01
3.733817e-01
3.363232e-01
4.582277e-02
0
2.856474e-01
2.175240e-01
0
0
0
0
0
0
0
0
2.538855e-02
0
2.809804e-01
1.769773e-01
0
1.293413e-02
0
0
0
0
0
0
0
0
0
2.210573e-01
0
1.433013e-01
0
0
0
0
0
0
0
0
0
0
0
0
0
0
0
0
0
0
4.223730e-01
5.346649e-01
0
0
0
0
5.381210e-02
0
8.569821e-03
0
0
0
3.482400e-01
3.851358e-01
1.350939e-01
1.236421e-01
5.705528e-02
4.810482e-02
0
7.190078e-02
5.811305e-01
3.144304e-01
5.299943e-01
1.965265e-01
4.710359e-01
2.014668e-02
6.028437e-01
6.780780e-01
6.701986e-01
6.534950e-01
5.270925e-01
5.473789e-01
4.359449e-01
3.920168e-01
1.575340e-01
0
0
0
5.301568e-01
4.525662e-01
1.185715e-01
0
0
0
0
0
0
0
3.039613e-02
0
1.329331e-01
1.337852e-01
0
0
4.001119e-01
0
3.669674e-01
1.422681e-01
5.093776e-01
0
8.000434e-01
1
4.367774e-01
1.767802e-01
1.341030e-01
8.622657e-04
4.471523e-01
4.398328e-01
0
3.667978e-02
2.766267e-01
3.530795e-01
0
2.257843e-01
0
0
0
0
0
0
2.520025e-01
0
3.704556e-01
2.242368e-01
0
6.493340e-02
0
0
0
0
0
0
1.770784e-02
0
0
2.909783e-01
6.454974e-02
3.819565e-01
0
0
0
0
0
0
0
0
0
0
0
0
0
0
0
0
0
0
7.709828e-01
8.117615e-01
0
0
0
0
0
0
0
0
0
0
5.043957e-01
6.559864e-01
0
9.765053e-02
2.233089e-01
2.499846e-01
9.904183e-02
1.383606e-01
5.904884e-01
3.180955e-01
5.319141e-01
4.320753e-01
6.808364e-01
4.616710e-01
3.958435e-01
5.156723e-01
4.707191e-01
4.693510e-01
4.076195e-01
2.667951e-01
2.744185e-01
2.070583e-01
1.807560e-01
0
0
0
4.709473e-01
4.319437e-01
4.448625e-01
1.627218e-02
0
0
0
0
2.037713e-01
0
0
0
1.635334e-01
1.486806e-01
9.878695e-02
0
2.143048e-01
1.029402e-01
3.868760e-01
3.512827e-01
1.977302e-01
0
5.866855e-01
4.367774e-01
1
8.348388e-01
6.993680e-01
4.478221e-01
5.855597e-01
4.853516e-01
1.016794e-01
0
2.383076e-01
2.459733e-01
0
2.193677e-01
0
0
0
0
0
0
2.867284e-02
0
5.367288e-01
4.760927e-01
0
7.017012e-02
0
0
0
0
4.025451e-01
0
4.645728e-03
0
0
2.388026e-01
0
1.417667e-01
0
0
0
0
0
0
0
0
0
0
0
0
1.844383e-01
0
0
0
0
0
6.711281e-01
7.536140e-01
0
0
0
0
7.241669e-02
0
0
0
0
0
4.252790e-01
6.830701e-01
5.121467e-02
3.216265e-01
8.056274e-02
2.036517e-01
7.562948e-02
1.128773e-01
2.584444e-01
3.147130e-03
2.723025e-01
1.192100e-01
4.683640e-01
1.734413e-01
1.884960e-01
3.271694e-01
3.291325e-01
2.947683e-01
2.456729e-01
4.835577e-02
8.930569e-02
0
2.344657e-02
0
0
0
2.737692e-01
2.256765e-01
3.397830e-01
1.134777e-01
0
0
2.336936e-03
0
3.719373e-01
0
7.877681e-02
0
1.465660e-01
1.495584e-01
2.308157e-01
0
1.514531e-01
2.952067e-01
2.154125e-01
3.095196e-01
1.251033e-01
5.072262e-02
3.186021e-01
1.767802e-01
8.348388e-01
1.000000e+00
7.933896e-01
5.323127e-01
4.980640e-01
2.469044e-01
4.369086e-01
0
3.843265e-01
9.091191e-03
0
1.932510e-01
0
0
0
0
0
0
0
0
3.539804e-01
2.891680e-01
0
2.169700e-01
0
0
0
0
4.666497e-01
0
1.323854e-01
0
0
1.590118e-01
0
5.845407e-02
0
0
0
1.597187e-01
0
0
0
6.075429e-02
0
0
0
0
2.665548e-01
1.936669e-01
0
0
1.829680e-02
1.158787e-01
7.365520e-01
6.395240e-01
0
0
0
0
0
0
0
0
0
0
6.905131e-01
7.968284e-01
0
5.106362e-02
1.765257e-01
1.830041e-01
0
0
8.494123e-02
1.551230e-01
0
1.422061e-01
3.567554e-01
2.336342e-01
2.344569e-01
3.896712e-01
1.775087e-01
2.452966e-01
4.183558e-01
1.425999e-01
2.515068e-01
1.879637e-02
0
0
0
0
3.252147e-01
2.607487e-01
5.802267e-01
4.115231e-01
0
0
0
0
6.523777e-01
2.114776e-01
0
0
0
0
5.489065e-01
5.908256e-02
1.798518e-01
2.614012e-01
2.581060e-01
2.909496e-01
1.291325e-01
8.801295e-03
2.395643e-01
1.341030e-01
6.993680e-01
7.933896e-01
1
7.411915e-01
5.182460e-01
3.609661e-01
1.792357e-01
0
1.202970e-01
7.409552e-03
0
4.331005e-02
0
0
0
0
0
0
0
0
5.905022e-01
3.495943e-01
0
0
0
0
0
0
2.894416e-01
0
1.583954e-01
0
7.413500e-02
3.370656e-01
0
1.493189e-01
0
0
0
1.427055e-01
0
0
1.678250e-02
2.656544e-01
0
0
9.330180e-02
0
0
0
0
0
0
1.382559e-01
3.037009e-01
4.578744e-01
0
6.695363e-02
0
0
4.624709e-02
1.443607e-01
0
0
0
1.895618e-02
2.596215e-01
5.453884e-01
0
0
7.273489e-02
8.519705e-02
0
3.459932e-02
0
1.234185e-01
0
2.980010e-02
1.847394e-01
2.445905e-01
4.935064e-02
1.058657e-01
1.567408e-01
1.578360e-01
2.255918e-01
1.453517e-02
3.104573e-02
0
0
0
0
0
2.239988e-01
7.155665e-02
2.743905e-01
2.718785e-01
0
0
0
0
3.099254e-01
0
2.628311e-02
0
3.970011e-03
0
3.987813e-01
2.136248e-02
4.116517e-02
5.981454e-02
4.123058e-02
1.489588e-01
0
0
1.174839e-01
8.622657e-04
4.478221e-01
5.323127e-01
7.411915e-01
1
2.728213e-01
3.766201e-01
3.699293e-01
2.729167e-02
2.140448e-01
3.210920e-01
0
8.927987e-02
0
0
0
0
1.848536e-01
2.314660e-01
1.642176e-01
0
4.205060e-01
0
0
0
0
0
0
2.981434e-02
2.004996e-01
0
1.891128e-01
2.767137e-01
2.991495e-01
1.215277e-01
0
1.344671e-01
0
7.405316e-02
0
0
0
0
0
0
0
0
0
0
3.545696e-01
0
0
0
8.833351e-02
9.957707e-02
5.974502e-01
4.853770e-01
0
0
0
0
2.562818e-01
0
0
0
0
0
3.303012e-01
4.547795e-01
3.327034e-01
2.005020e-01
0
0
0
0
5.388575e-01
3.518721e-01
3.352381e-01
3.494006e-01
5.072080e-01
2.903866e-01
3.941240e-01
4.695394e-01
3.666056e-01
3.380421e-01
4.333834e-01
2.990171e-01
2.484105e-01
3.236861e-01
0
0
0
0
3.016816e-01
2.111212e-01
2.144487e-01
0
0
0
0
0
9.968622e-02
0
0
0
0
0
0
0
0
5.549457e-02
1.093532e-01
1.804758e-01
0
0
3.733817e-01
4.471523e-01
5.855597e-01
4.980640e-01
5.182460e-01
2.728213e-01
1.000000e+00
3.809125e-01
3.738572e-02
0
4.245667e-02
1.588572e-01
0
0
0
0
0
0
0
0
0
0
2.506004e-01
1.354162e-01
0
1.411640e-01
0
0
0
0
2.295979e-01
0
3.037719e-01
0
0
2.508030e-01
0
0
0
0
0
0
0
0
0
0
0
0
0
0
0
0
0
0
0
3.790202e-01
4.765611e-01
5.442575e-01
0
0
1.531671e-01
1.569943e-01
1.071002e-01
0
0
0
0
0
3.870348e-01
6.201961e-01
0
0
1.639035e-01
1.076732e-01
0
5.920331e-02
5.140933e-01
1.935349e-01
2.274095e-01
2.379915e-01
7.291546e-01
6.209871e-01
8.983408e-02
2.096774e-01
1.105215e-01
1.389709e-01
1.560863e-01
5.705524e-02
9.095441e-02
0
7.749959e-02
0
1.392089e-02
0
3.228320e-01
1.952970e-01
2.588437e-01
3.963997e-02
0
0
0
0
2.146839e-01
0
0
0
3.521132e-03
0
1.603530e-01
5.964137e-02
2.832860e-01
1.434745e-01
6.729290e-01
5.996413e-01
3.903162e-01
1.480536e-01
3.363232e-01
4.398328e-01
4.853516e-01
2.469044e-01
3.609661e-01
3.766201e-01
3.809125e-01
1
0
0
0
8.322696e-01
0
2.835541e-01
0
0
0
0
0
0
1.011465e-01
0
2.480240e-01
1.222576e-01
0
2.516294e-01
0
0
0
0
8.110521e-02
0
0
0
0
0
0
2.069964e-01
0
0
0
0
3.617202e-01
4.559642e-01
4.210265e-01
4.091570e-01
7.103179e-02
2.371451e-02
3.531943e-01
1.789561e-01
2.638579e-01
4.122083e-03
1.670508e-02
0
3.873299e-01
4.492307e-03
0
1.347696e-01
0
0
0
0
6.062081e-01
6.362197e-01
3.484425e-01
2.509044e-01
9.930987e-02
0
0
1.037373e-01
3.393916e-01
3.390113e-01
0
0
3.007639e-01
3.177046e-01
0
0
7.348248e-02
0
0
0
0
0
0
0
0
0
0
0
0
0
0
0
0
0
0
0
0
0
5.141578e-02
0
0
0
6.497696e-01
2.237149e-01
3.340764e-01
1.965261e-01
0
0
1.568320e-02
1.765884e-01
0
0
0
0
4.582277e-02
0
1.016794e-01
4.369086e-01
1.792357e-01
3.699293e-01
3.738572e-02
0
1
4.007949e-01
5.908898e-01
6.647095e-03
4.434101e-01
8.064074e-02
0
0
1.584315e-01
0
0
1.906040e-01
0
0
0
0
0
4.561755e-01
0
0
0
1.108085e-01
1.042292e-01
0
5.570188e-01
1.966678e-01
4.940796e-02
0
0
0
0
0
8.027874e-02
0
2.581626e-01
5.600266e-01
2.237446e-01
2.999295e-01
2.196897e-01
3.508708e-01
1.259968e-01
3.100308e-01
2.587669e-01
1.796463e-01
1.775250e-01
3.521046e-01
1.600787e-01
2.286791e-01
0
0
0
6.139756e-02
7.222442e-02
0
4.547203e-01
5.343769e-01
3.669585e-01
3.182637e-01
2.808275e-01
0
0
0
1.882821e-01
2.063677e-01
0
0
1.807081e-01
3.142854e-01
0
0
0
0
0
0
0
0
0
0
0
0
0
0
0
1.099515e-02
0
0
0
0
0
0
0
1.167367e-01
1.179381e-02
3.030039e-01
0
0
2.559097e-01
5.175784e-01
3.160600e-01
3.340615e-01
0
0
0
0
0
0
0
0
0
3.667978e-02
0
0
0
2.729167e-02
0
0
4.007949e-01
1
0
7.106988e-02
2.541716e-01
3.030431e-01
7.782942e-02
1.550825e-01
4.191127e-01
3.288467e-01
4.825130e-02
4.333718e-03
0
6.865492e-02
0
0
0
3.060061e-01
0
0
0
8.901280e-02
0
4.411976e-02
1.126902e-01
1.663936e-01
8.508198e-02
0
0
1.150738e-02
0
0
0
0
0
0
2.236372e-01
0
0
0
0
0
0
0
0
0
0
0
1.604056e-01
3.956776e-01
0
0
0
0
0
0
1.435422e-01
8.675422e-03
0
0
0
2.877980e-02
0
4.909300e-02
0
9.266140e-02
2.199142e-01
1.447681e-01
0
0
3.849484e-01
0
0
0
2.185309e-01
1.818321e-01
5.151456e-01
3.581008e-01
8.573814e-02
1.117492e-01
3.501998e-02
1.076748e-01
8.460466e-02
0
0
0
1.334669e-01
0
6.705414e-02
1.031314e-01
0
0
2.813396e-01
0
0
0
4.547881e-01
9.219214e-02
4.191470e-01
3.369273e-01
0
0
0
0
0
0
4.305982e-02
0
2.856474e-01
2.766267e-01
2.383076e-01
3.843265e-01
1.202970e-01
2.140448e-01
4.245667e-02
0
5.908898e-01
0
1
0
5.171862e-01
0
0
0
0
0
0
5.887829e-02
0
0
9.772821e-02
0
0
0
0
5.318183e-03
0
0
1.308703e-02
0
2.215806e-01
0
0
2.465605e-01
0
3.037847e-01
0
0
0
0
0
0
1.667180e-01
0
0
0
0
0
0
0
0
0
0
1.914402e-01
1.319719e-01
4.149933e-01
0
0
2.142974e-01
1.402748e-01
2.901762e-02
0
2.107821e-01
1.806032e-01
9.432488e-02
0
0
2.789755e-01
0
0
3.623109e-03
0
9.238779e-02
2.135577e-01
4.103754e-01
2.055965e-01
3.531688e-01
2.358894e-01
5.198548e-01
6.266802e-01
0
1.637630e-03
1.505145e-01
9.769147e-02
0
0
0
0
7.047956e-02
0
7.676979e-02
1.647594e-02
2.065092e-01
3.566854e-02
3.683950e-02
0
7.717705e-03
0
0
6.144344e-02
0
0
2.633992e-01
0
2.201046e-01
9.085346e-02
0
0
1.926174e-01
0
4.292931e-01
4.753371e-01
2.297752e-01
1.142597e-01
2.175240e-01
3.530795e-01
2.459733e-01
9.091191e-03
7.409552e-03
3.210920e-01
1.588572e-01
8.322696e-01
6.647095e-03
7.106988e-02
0
1
0
2.879651e-01
0
0
0
0
0
0
2.422669e-01
0
5.029921e-02
0
0
2.020265e-01
0
0
0
0
8.437328e-02
9.327877e-02
0
7.500430e-02
9.407193e-03
0
0
1.362789e-01
0
0
3.472724e-01
1.189972e-01
7.001890e-02
1.017153e-01
2.944379e-01
0
1.097220e-01
0
0
0
4.622436e-02
0
3.204344e-02
0
0
0
0
0
0
0
0
0
3.757402e-02
7.976251e-02
6.011875e-01
3.370420e-01
1.446471e-01
0
0
0
8.351379e-02
0
0
7.769482e-02
3.336542e-02
0
0
0
3.141808e-01
4.815133e-02
0
0
0
0
0
0
0
0
0
0
4.597314e-01
3.437595e-01
5.200972e-01
5.172470e-02
2.224485e-01
7.417665e-02
8.431942e-02
2.103747e-01
3.798805e-01
4.674479e-02
3.755885e-01
0
0
0
2.242466e-01
5.176738e-01
3.045393e-01
2.444136e-01
0
0
0
0
0
0
9.927748e-03
0
0
0
0
0
0
0
0
0
4.434101e-01
2.541716e-01
5.171862e-01
0
1
4.319893e-01
0
0
0
0
0
0
0
4.878291e-02
0
0
0
6.708858e-02
0
2.538395e-01
1.617467e-01
1.231934e-01
0
0
4.005336e-01
4.111944e-01
7.610989e-02
8.783423e-02
9.084802e-02
4.030171e-01
2.688011e-01
0
1.274790e-01
0
0
5.294628e-02
0
0
0
0
0
0
0
0
0
0
0
0
3.343017e-02
2.314950e-01
0
0
9.782609e-02
0
0
0
1.331521e-01
2.565178e-03
2.239760e-02
0
0
1.661732e-01
0
0
0
1.372096e-01
0
0
3.821284e-01
1.423581e-01
3.919486e-01
3.885121e-01
2.171995e-01
0
0
1.017482e-01
0
0
5.358854e-02
6.145579e-02
2.094617e-01
9.065194e-02
6.345226e-01
4.943688e-01
5.575011e-01
2.826237e-01
5.896476e-01
6.318064e-01
1.955006e-01
1.643546e-01
4.034126e-01
1.755986e-01
0
0
1.874274e-02
0
0
0
1.420049e-01
1.793033e-01
4.300047e-02
3.870651e-02
0
1.102070e-01
2.461954e-01
9.936007e-02
2.807841e-01
1.211861e-01
0
2.257843e-01
2.193677e-01
1.932510e-01
4.331005e-02
8.927987e-02
0
2.835541e-01
8.064074e-02
3.030431e-01
0
2.879651e-01
4.319893e-01
1
0
0
0
0
0
0
3.079559e-01
0
2.137628e-01
2.603430e-01
0
9.523189e-02
0
1.129961e-01
0
0
7.634273e-02
0
1.377067e-01
2.548220e-01
0
0
1.748183e-02
2.598888e-01
7.888431e-02
0
0
0
5.479171e-02
3.344013e-01
9.189777e-02
3.750319e-01
3.678189e-01
6.307298e-01
4.866213e-01
5.308108e-01
0
2.421447e-01
5.578400e-01
4.077437e-01
3.215659e-01
3.708292e-01
0
0
1.808724e-01
1.941250e-01
1.982987e-01
3.626668e-01
0
7.950268e-02
0
0
1.615040e-01
3.144373e-01
0
0
0
3.697620e-02
0
0
1.486727e-01
1.349539e-01
0
0
0
0
0
0
0
0
0
0
0
0
0
0
0
0
0
3.607601e-01
0
0
0
0
0
2.175411e-01
3.746675e-01
5.016111e-01
0
3.527044e-02
2.186870e-02
2.348583e-01
0
0
0
4.099965e-01
0
1.068201e-01
0
0
0
2.060264e-01
0
0
0
0
0
0
0
0
0
7.782942e-02
0
0
0
0
1
5.330900e-01
5.524256e-01
3.570636e-01
9.223843e-02
2.553865e-01
0
5.276186e-02
0
0
4.716837e-01
0
2.402676e-01
1.437933e-01
2.800572e-01
1.825882e-02
7.750341e-02
4.241766e-01
0
0
2.940734e-03
0
9.152198e-03
0
1.192384e-01
4.333204e-01
2.072853e-01
0
5.427765e-01
2.366341e-01
2.701667e-01
1.534246e-01
7.314018e-01
2.973925e-01
3.668900e-01
3.834968e-01
1.584608e-01
9.243107e-02
6.883025e-01
2.997946e-01
3.733333e-01
7.005145e-02
0
0
1.142257e-01
9.310864e-04
2.341701e-01
2.324444e-01
1.559107e-01
1.781453e-01
2.975442e-01
4.343289e-01
2.486103e-01
2.889925e-01
0
0
2.110951e-01
7.370191e-02
0
0
2.980470e-01
3.239744e-01
0
0
0
0
0
0
0
0
0
0
0
0
0
0
0
0
0
4.495183e-01
0
0
0
0
9.402012e-02
1.906733e-01
3.367010e-01
4.511102e-01
0
2.861571e-02
2.091995e-01
3.975738e-01
1.145766e-01
2.338536e-01
0
7.241160e-02
6.693015e-02
0
0
0
0
0
0
0
0
0
0
0
0
0
0
1.550825e-01
0
0
0
0
5.330900e-01
1
4.893096e-01
6.052157e-01
0
8.158489e-02
0
4.213386e-02
0
0
3.612777e-01
2.332052e-01
3.063375e-02
3.642127e-02
1.716883e-01
1.228895e-01
6.153094e-02
4.394727e-01
0
0
0
0
2.238913e-01
0
4.317260e-02
9.636737e-02
0
0
1.638286e-01
3.055624e-01
1.531872e-01
7.413569e-01
2.280750e-01
6.447197e-01
6.136310e-01
6.747668e-01
2.922052e-01
4.792004e-01
5.429164e-01
7.497760e-01
7.957047e-01
7.084800e-01
0
0
3.162012e-01
2.764372e-01
7.989737e-02
1.242402e-01
4.716235e-01
5.762678e-01
0
1.601590e-01
2.553591e-01
4.512669e-01
0
0
1.133447e-01
1.364325e-01
0
0
6.674509e-02
2.308500e-01
0
0
0
0
0
0
0
0
0
0
0
0
0
0
0
0
0
0
0
0
0
0
0
0
9.114180e-02
5.471690e-01
5.176497e-02
3.184842e-01
1.314798e-01
1.970774e-01
0
0
0
1.425709e-01
0
9.626545e-02
0
0
0
0
0
0
0
0
0
0
0
0
1.584315e-01
4.191127e-01
0
0
0
0
5.524256e-01
4.893096e-01
1
6.109858e-01
0
3.099216e-01
0
8.579720e-03
0
0
1.963819e-01
2.259025e-01
1.753548e-01
0
7.940942e-02
1.116421e-01
1.655888e-02
2.392181e-01
0
0
1.022546e-01
0
0
0
0
6.804383e-02
0
0
4.766441e-01
2.104867e-01
2.212128e-01
2.994268e-01
4.629674e-01
2.820234e-01
5.936572e-01
4.705599e-01
1.380510e-01
8.203535e-02
3.562205e-01
4.101812e-01
4.240734e-01
3.322025e-01
0
0
0
0
2.746588e-01
1.490990e-01
3.686157e-01
3.023435e-01
1.430201e-01
3.661730e-01
1.336389e-01
2.287817e-01
0
0
3.623120e-01
2.364419e-01
0
0
3.227190e-01
3.351402e-01
0
0
0
0
0
0
0
0
0
0
0
0
0
0
0
0
0
0
0
0
0
0
0
0
1.389343e-02
3.284913e-01
0
0
1.407494e-01
1.042337e-01
1.653893e-01
1.399794e-01
0
2.041973e-02
0
0
0
0
0
0
0
0
0
0
0
0
0
0
0
3.288467e-01
0
0
0
0
3.570636e-01
6.052157e-01
6.109858e-01
1
2.025125e-02
2.076097e-01
0
3.054925e-01
0
0
2.257493e-02
3.852125e-01
3.729628e-03
0
3.504043e-02
2.157992e-01
0
5.588408e-01
0
0
8.243758e-03
0
2.064705e-01
0
1.232188e-01
1.228740e-01
3.841128e-01
5.623840e-01
0
4.244951e-02
2.263690e-01
1.309423e-01
0
6.280854e-02
1.107922e-01
5.642882e-02
3.326710e-02
9.856943e-02
0
6.673779e-03
0
0
0
0
3.209823e-01
4.158479e-01
0
5.202716e-02
0
1.616014e-01
1.451682e-02
1.224870e-01
2.485018e-01
5.120788e-01
0
0
0
0
0
0
0
0
0
4.065245e-01
0
2.587062e-01
0
0
0
0
0
0
1.066806e-01
5.751198e-02
8.376642e-02
1.496664e-01
8.452942e-02
4.203209e-01
7.298091e-02
1.432572e-01
9.866716e-02
4.857946e-02
1.991199e-02
1.678248e-01
0
9.565133e-02
0
0
0
0
0
6.855333e-03
0
0
1.573357e-01
2.164376e-01
0
0
0
0
0
0
0
0
0
0
0
1.848536e-01
0
0
0
4.825130e-02
0
0
0
0
9.223843e-02
0
0
2.025125e-02
1
6.401448e-01
5.453067e-01
6.735675e-01
8.618575e-02
0
1.703512e-01
0
4.765116e-02
0
5.678114e-01
8.754435e-01
0
1.158084e-01
2.720613e-01
6.015730e-01
6.424827e-01
4.611507e-01
1.727572e-01
0
7.097267e-01
7.274531e-01
1.251381e-01
3.456375e-01
2.202696e-01
2.835492e-01
3.035661e-01
4.525398e-01
1.161673e-01
3.313662e-01
4.831507e-01
4.134871e-01
7.033480e-02
1.381451e-01
2.200386e-01
2.186553e-01
3.354134e-01
0
0
0
3.688894e-01
2.790194e-01
0
0
8.241396e-02
3.946938e-01
7.441169e-02
2.015176e-01
1.974022e-01
5.774065e-01
0
0
1.031342e-01
0
0
0
2.745414e-01
1.162810e-01
0
5.284841e-02
0
0
0
0
0
0
0
0
0
0
0
0
0
0
0
0
0
0
0
8.006486e-02
0
5.182721e-02
0
3.005846e-01
0
1.558435e-01
2.143837e-01
1.735706e-01
0
0
9.937381e-02
8.484055e-02
0
0
0
0
0
0
0
0
0
0
0
2.314660e-01
0
0
1.906040e-01
4.333718e-03
5.887829e-02
0
0
0
2.553865e-01
8.158489e-02
3.099216e-01
2.076097e-01
6.401448e-01
1
0
6.139558e-01
0
0
2.004385e-01
0
7.388628e-02
0
4.494128e-01
7.204916e-01
1.630308e-01
2.957730e-01
1.562356e-01
4.063080e-01
6.369063e-01
3.733591e-02
0
0
4.441104e-01
7.317426e-01
1.626853e-02
1.741216e-01
0
0
0
0
0
0
0
0
0
0
0
0
0
0
0
4.779905e-02
0
0
9.646789e-03
0
0
0
0
0
0
0
0
0
0
0
1.810885e-01
0
0
0
2.474234e-01
6.262443e-01
2.405052e-01
3.699760e-01
0
1.260922e-02
4.684307e-01
4.284646e-01
2.769778e-01
3.350636e-01
5.853774e-01
5.859603e-01
5.255826e-01
4.655443e-01
4.750034e-01
5.219153e-01
2.260709e-01
5.609656e-02
6.451448e-01
5.937258e-01
1.114725e-01
6.769943e-02
1.081780e-01
1.229122e-01
0
0
0
0
0
0
0
0
0
0
0
0
0
0
0
0
2.538855e-02
2.520025e-01
2.867284e-02
0
0
1.642176e-01
0
1.011465e-01
0
0
0
2.422669e-01
0
3.079559e-01
0
0
0
0
5.453067e-01
0
1
3.539760e-01
5.496938e-01
1.236360e-01
0
0
0
0
1.614865e-01
3.208520e-01
0
0
0
2.635169e-01
1.831226e-01
4.793563e-01
2.555385e-01
2.195818e-01
3.574091e-01
3.394563e-01
4.304640e-01
4.250181e-01
6.725626e-02
1.761636e-02
3.604832e-01
0
1.155977e-01
0
5.860425e-02
0
0
1.228147e-01
1.889104e-02
1.628087e-01
0
0
0
0
3.061660e-01
3.680972e-01
3.343352e-01
1.817623e-01
0
1.039649e-01
2.215204e-01
5.031400e-01
5.171016e-01
5.292709e-01
0
0
0
0
0
0
0
0
0
1.973815e-01
0
1.657853e-01
0
1.763300e-02
0
0
0
0
0
0
0
0
0
2.141861e-01
1.608278e-02
4.120748e-03
0
0
7.039408e-02
1.390410e-01
2.569434e-01
2.750518e-01
0
2.395372e-02
0
5.176549e-02
0
2.242520e-01
0
0
2.215272e-01
2.610437e-01
0
0
0
0
0
0
0
0
0
0
0
0
0
0
0
6.865492e-02
0
0
4.878291e-02
0
5.276186e-02
4.213386e-02
8.579720e-03
3.054925e-01
6.735675e-01
6.139558e-01
3.539760e-01
1
0
0
3.781659e-01
0
3.601713e-01
2.336105e-02
6.623513e-01
7.570914e-01
0
4.673461e-01
0
5.662468e-01
8.035884e-01
1.831100e-01
4.042001e-01
0
7.294312e-01
7.022374e-01
0
1.286831e-01
0
0
0
0
0
0
0
0
0
0
0
0
0
0
5.977163e-01
5.374233e-01
0
0
0
0
0
0
0
0
0
0
6.255396e-01
4.609928e-01
0
0
3.773392e-01
3.897218e-01
0
0
1.876776e-01
5.402628e-01
1.800500e-01
4.044541e-01
1.611517e-01
1.727875e-01
6.794654e-01
6.937336e-01
4.640211e-01
5.751697e-01
7.995525e-01
7.301993e-01
7.646970e-01
5.174298e-01
4.213300e-01
1.400238e-01
8.594680e-02
0
7.407161e-01
7.418186e-01
5.802689e-01
4.332474e-01
8.047469e-02
4.815452e-02
0
0
5.233946e-01
0
0
0
0
0
2.428826e-01
0
1.173774e-02
0
1.461504e-01
5.554605e-02
1.678640e-01
0
2.809804e-01
3.704556e-01
5.367288e-01
3.539804e-01
5.905022e-01
4.205060e-01
2.506004e-01
2.480240e-01
0
0
9.772821e-02
5.029921e-02
0
2.137628e-01
0
0
0
0
8.618575e-02
0
5.496938e-01
0
1
7.090493e-01
9.065899e-03
0
2.394165e-01
1.684015e-01
0
0
0
0
0
0
0
5.982318e-01
2.582342e-01
4.520333e-01
0
0
4.529397e-02
0
0
0
0
0
0
0
0
0
0
0
0
0
0
0
6.476112e-01
3.676943e-01
0
0
0
0
0
0
0
0
0
0
5.457201e-01
3.270056e-01
0
0
1.900242e-01
4.058822e-01
0
0
1.768562e-01
3.055108e-01
2.255072e-01
4.145943e-01
2.475548e-01
2.213607e-01
4.947186e-01
5.760720e-01
2.242396e-01
4.335820e-01
5.248301e-01
5.375451e-01
6.835146e-01
5.394305e-01
5.909864e-01
2.505950e-01
2.777644e-01
1.578145e-01
5.688801e-01
6.977956e-01
5.038526e-01
3.290328e-01
3.989369e-01
2.168765e-01
2.026732e-01
0
4.527348e-01
2.048708e-02
0
0
0
2.111215e-02
1.431982e-01
1.984339e-02
5.221101e-02
5.709414e-02
3.053467e-01
7.733380e-02
3.317389e-01
9.449281e-02
1.769773e-01
2.242368e-01
4.760927e-01
2.891680e-01
3.495943e-01
0
1.354162e-01
1.222576e-01
0
0
0
0
0
2.603430e-01
0
0
0
0
0
0
1.236360e-01
0
7.090493e-01
1
3.279742e-01
0
4.241092e-01
5.510146e-01
0
0
1.453855e-01
0
0
0
0
3.688973e-01
4.593636e-01
4.428566e-01
0
0
3.781626e-01
8.895951e-02
0
0
4.191524e-02
0
1.141950e-01
1.567764e-01
0
0
0
3.102630e-01
2.187506e-01
2.947957e-01
3.765421e-02
1.183505e-02
0
0
3.289400e-01
2.409345e-01
2.583731e-01
1.822217e-01
0
0
0
1.661049e-01
4.167511e-01
4.863094e-01
0
0
0
0
0
4.242123e-02
0
0
0
5.371856e-02
0
1.950612e-01
0
5.296012e-02
0
0
0
0
0
1.992228e-02
1.021864e-01
1.500799e-01
1.224986e-01
2.940140e-01
1.861671e-01
4.211859e-01
0
3.848869e-03
8.046556e-02
2.142043e-01
4.911129e-01
5.212449e-01
3.135266e-01
1.377973e-01
3.827142e-03
2.923723e-01
0
6.817122e-02
0
2.796411e-04
2.649431e-01
4.259567e-01
0
0
0
0
0
0
0
0
0
0
0
0
0
0
0
0
0
0
0
0
4.716837e-01
3.612777e-01
1.963819e-01
2.257493e-02
1.703512e-01
2.004385e-01
0
3.781659e-01
9.065899e-03
3.279742e-01
1.000000e+00
0
8.102038e-01
4.633064e-01
5.646307e-01
1.111687e-01
3.054295e-01
2.712842e-01
0
9.042784e-02
2.296768e-01
0
4.946406e-01
0
2.322309e-01
3.860432e-01
0
0
4.695528e-01
3.805664e-01
8.650675e-02
1.260139e-01
2.271855e-01
1.188407e-01
2.583412e-01
1.883474e-01
3.871245e-01
1.746540e-01
2.958460e-01
2.250840e-01
2.793977e-01
2.843365e-01
3.876856e-02
1.437662e-01
0
0
2.916032e-01
2.103102e-01
6.563913e-01
4.763290e-01
3.337264e-01
2.729147e-01
8.245342e-03
0
0
1.337900e-01
5.911281e-01
5.601154e-01
0
0
1.341133e-01
1.868958e-01
2.060949e-01
0
0
0
2.748554e-01
2.322448e-02
0
0
0
0
0
0
0
0
0
0
0
0
0
0
0
0
0
0
0
1.225771e-01
0
0
3.875744e-01
1.480593e-01
2.304167e-01
1.814324e-01
0
0
2.238609e-01
2.387749e-01
2.213135e-01
2.838459e-01
1.680355e-01
2.059808e-02
1.293413e-02
6.493340e-02
7.017012e-02
2.169700e-01
0
0
1.411640e-01
2.516294e-01
4.561755e-01
3.060061e-01
0
2.020265e-01
6.708858e-02
9.523189e-02
0
2.332052e-01
2.259025e-01
3.852125e-01
0
0
0
0
0
0
0
1
0
4.285464e-03
0
0
1.550500e-01
2.836877e-01
2.236689e-01
0
0
0
0
0
0
0
3.335972e-01
1.121954e-01
0
0
0
0
0
4.881257e-02
0
0
0
4.021428e-01
6.091254e-02
3.673389e-01
0
1.701803e-01
2.730975e-02
0
3.089781e-01
2.193969e-01
2.841077e-01
9.973347e-02
0
0
0
0
3.339088e-01
3.761895e-01
1.531766e-01
0
0
0
0
6.795862e-02
0
0
0
5.614902e-02
0
5.041211e-02
0
1.279972e-01
6.333732e-02
0
0
2.734763e-02
3.176528e-02
2.369118e-01
2.986802e-01
2.373107e-01
6.937379e-02
1.194024e-01
6.692886e-02
0
0
5.193320e-02
2.260821e-01
3.676562e-01
4.846612e-01
5.048891e-01
2.394909e-01
9.680890e-02
4.055251e-01
4.884967e-01
0
0
0
0
3.958014e-01
3.741664e-01
0
0
0
0
0
0
0
0
0
0
0
0
0
0
0
0
0
0
0
0
2.402676e-01
3.063375e-02
1.753548e-01
3.729628e-03
4.765116e-02
7.388628e-02
0
3.601713e-01
2.394165e-01
4.241092e-01
8.102038e-01
0
1
6.414403e-01
5.510448e-01
0
1.541301e-01
1.582888e-01
0
6.187345e-02
3.346172e-01
5.927113e-02
5.642341e-01
1.384372e-01
9.122188e-02
1.926948e-01
3.455300e-01
0
0
0
0
0
0
0
0
0
0
2.861961e-01
1.185549e-01
1.069277e-01
0
6.930141e-03
2.414440e-01
2.871215e-03
0
0
3.091417e-01
0
0
0
0
0
1.024103e-01
0
1.076313e-01
0
0
0
0
3.042271e-03
0
0
0
0
0
0
0
0
1.305185e-01
1.992283e-01
0
1.287435e-01
1.218742e-01
2.451357e-01
3.564981e-01
2.996934e-01
4.310170e-01
2.590685e-01
3.217688e-01
7.415247e-03
1.571514e-01
2.258724e-01
2.953339e-01
4.096454e-01
7.258050e-01
4.891392e-01
5.275392e-01
0
5.184672e-01
2.367113e-01
0
0
0
1.249876e-01
2.112439e-01
1.756371e-01
0
0
0
0
1.649611e-01
2.647018e-02
0
0
0
0
0
0
0
0
0
0
5.318183e-03
0
2.538395e-01
1.129961e-01
1.437933e-01
3.642127e-02
0
0
0
0
0
2.336105e-02
1.684015e-01
5.510146e-01
4.633064e-01
4.285464e-03
6.414403e-01
1
3.579827e-01
0
8.834010e-02
1.589935e-01
0
0
6.166078e-02
1.469569e-01
5.901239e-01
4.367511e-01
7.018866e-02
0
4.604239e-01
4.870648e-01
0
0
3.852879e-01
1.574463e-03
9.536486e-02
3.428611e-03
5.964856e-02
0
0
1.443956e-01
1.355528e-01
1.463208e-01
8.610691e-02
0
0
0
4.111994e-01
4.387849e-01
3.696032e-01
2.391893e-01
0
5.796523e-02
1.000951e-01
2.949057e-01
6.183428e-01
6.572781e-01
0
0
0
0
0
0
0
0
0
0
0
1.634356e-02
0
0
0
0
0
0
0
0
0
0
1.459848e-01
2.225269e-01
2.367456e-01
2.162071e-01
0
0
1.637736e-02
3.601509e-01
3.563925e-01
3.338861e-01
1.867048e-01
3.219538e-02
0
1.622636e-01
0
2.895799e-01
0
0
1.177611e-01
2.225314e-01
0
0
0
0
0
0
0
0
0
0
0
0
0
0
0
0
0
0
1.617467e-01
0
2.800572e-01
1.716883e-01
7.940942e-02
3.504043e-02
5.678114e-01
4.494128e-01
1.614865e-01
6.623513e-01
0
0
5.646307e-01
0
5.510448e-01
3.579827e-01
1
5.375949e-01
0
3.555120e-01
0
5.300342e-01
5.606397e-01
7.230234e-02
4.076490e-01
1.015363e-01
6.326733e-01
5.414812e-01
3.836664e-01
4.879374e-01
1.611973e-01
1.102628e-01
3.796824e-01
1.478529e-01
5.586567e-02
4.335239e-03
2.357042e-01
1.078320e-01
1.551776e-01
9.614953e-02
1.226226e-01
7.230295e-02
1.192892e-01
0
0
0
2.936425e-01
3.256529e-01
7.554797e-02
3.883111e-02
2.760000e-02
3.266013e-01
2.469697e-01
4.155414e-01
3.242265e-01
5.547546e-01
0
0
1.311965e-01
0
0
0
8.624446e-02
0
0
2.692604e-01
0
2.020404e-01
0
0
0
0
0
0
0
0
0
0
0
2.368315e-01
0
7.939729e-02
0
0
0
1.164351e-01
0
3.503023e-02
0
0
0
0
4.672247e-02
1.799525e-01
0
0
4.983444e-02
8.523016e-02
0
0
0
0
0
0
0
0
0
0
0
2.981434e-02
0
0
1.108085e-01
8.901280e-02
0
0
1.231934e-01
0
1.825882e-02
1.228895e-01
1.116421e-01
2.157992e-01
8.754435e-01
7.204916e-01
3.208520e-01
7.570914e-01
0
0
1.111687e-01
0
0
0
5.375949e-01
1
0
3.143663e-01
2.647653e-01
5.292557e-01
7.035664e-01
3.315923e-01
1.895129e-01
0
7.585379e-01
7.451779e-01
0
0
0
0
0
0
0
3.124939e-02
0
0
6.439273e-02
1.309072e-01
0
4.516851e-02
1.588641e-02
5.902808e-02
1.772158e-01
3.235278e-01
0
0
0
0
0
0
0
0
0
1.370235e-01
0
1.982373e-01
0
0
0
0
7.049504e-02
1.586143e-01
1.553911e-01
2.562623e-01
4.278246e-02
3.597763e-01
4.196022e-01
5.780946e-01
0
0
0
0
0
0
0
0
0
0
0
3.203666e-01
0
0
1.349308e-01
8.475762e-02
2.716452e-01
3.720560e-01
9.189454e-02
0
0
9.362462e-03
3.877274e-02
0
9.770212e-02
2.862013e-01
2.306434e-01
2.478861e-01
1.821712e-01
1.117576e-01
7.121154e-02
2.969253e-01
0
0
0
0
4.025451e-01
4.666497e-01
2.894416e-01
2.004996e-01
2.295979e-01
8.110521e-02
1.042292e-01
0
1.308703e-02
8.437328e-02
0
7.634273e-02
7.750341e-02
6.153094e-02
1.655888e-02
0
0
1.630308e-01
0
0
0
1.453855e-01
3.054295e-01
1.550500e-01
1.541301e-01
8.834010e-02
0
0
1
2.308206e-01
0
0
2.560325e-02
0
0
0
0
1.808708e-01
9.968398e-02
0
3.019857e-01
2.918674e-01
2.235409e-01
1.064310e-02
4.235858e-01
2.309333e-01
4.602613e-01
2.470101e-01
0
3.904138e-02
3.925281e-01
3.493631e-01
2.068136e-01
2.166217e-01
0
0
0
1.330044e-02
4.020762e-01
3.228510e-01
6.832794e-02
1.998625e-01
2.864536e-01
3.764509e-01
1.911762e-01
2.405778e-01
0
0
2.809267e-02
0
0
0
2.975044e-01
1.755122e-01
0
0
0
0
0
3.391767e-01
0
0
0
0
0
0
0
0
0
5.205548e-02
3.358772e-03
3.780371e-01
0
0
0
0
2.771250e-01
2.679904e-01
2.125778e-01
2.467760e-01
0
0
1.792235e-01
2.118132e-01
1.510821e-01
1.249897e-01
0
2.809332e-01
0
0
0
2.085308e-02
0
0
0
0
0
0
0
0
0
0
0
4.411976e-02
0
9.327877e-02
0
0
4.241766e-01
4.394727e-01
2.392181e-01
5.588408e-01
1.158084e-01
2.957730e-01
0
4.673461e-01
0
0
2.712842e-01
2.836877e-01
1.582888e-01
1.589935e-01
3.555120e-01
3.143663e-01
2.308206e-01
1
0
1.377301e-01
2.739807e-01
0
1.160054e-01
0
5.593194e-01
4.863174e-01
2.562808e-01
4.643548e-01
3.220010e-01
2.840747e-01
9.971135e-02
1.614826e-01
1.420183e-02
1.640295e-02
1.372126e-02
3.020456e-03
4.099695e-01
1.196546e-01
0
0
2.266923e-01
0
3.511668e-02
0
2.382272e-01
2.564687e-01
0
5.182796e-03
4.528480e-01
5.428787e-01
3.813722e-01
9.194494e-02
3.758000e-02
5.243867e-03
0
1.382718e-03
4.461743e-01
1.020598e-01
0
0
0
0
2.602501e-02
0
3.692777e-02
9.815743e-02
0
0
0
0
0
0
0
0
0
0
1.431360e-01
2.437822e-01
3.661845e-01
0
1.089103e-01
0
1.978733e-01
1.073779e-01
0
0
0
0
0
0
1.652365e-01
1.646479e-01
0
0
1.418373e-01
0
0
1.881182e-01
0
0
0
0
0
1.770784e-02
4.645728e-03
1.323854e-01
1.583954e-01
1.891128e-01
3.037719e-01
0
5.570188e-01
1.126902e-01
2.215806e-01
0
4.005336e-01
1.377067e-01
0
0
0
0
2.720613e-01
1.562356e-01
0
0
0
0
0
2.236689e-01
0
0
0
2.647653e-01
0
0
1
5.942099e-01
2.690326e-01
1.221946e-01
0
0
2.485898e-01
0
4.656036e-01
6.386783e-01
2.327533e-02
2.777484e-01
3.177632e-01
1.159216e-01
0
9.861180e-02
0
0
2.516740e-02
2.036570e-01
0
1.565694e-01
1.177498e-02
0
0
0
4.414348e-01
5.906812e-01
1.175343e-01
1.860402e-01
8.642616e-03
3.784921e-01
3.182698e-01
2.830997e-01
4.218114e-01
3.223221e-01
0
0
0
0
0
0
0
0
0
0
0
1.824974e-01
0
0
0
0
0
0
0
0
0
0
2.874946e-01
3.940937e-01
5.741993e-01
9.097403e-02
1.262895e-01
0
2.134760e-01
3.830525e-01
7.575723e-02
0
0
0
0
6.669363e-02
0
2.814926e-01
0
0
3.827852e-01
2.972565e-01
0
0
0
0
0
0
0
0
0
0
0
2.767137e-01
0
0
1.966678e-01
1.663936e-01
0
7.500430e-02
4.111944e-01
2.548220e-01
0
0
0
0
6.015730e-01
4.063080e-01
2.635169e-01
5.662468e-01
0
0
9.042784e-02
0
6.187345e-02
0
5.300342e-01
5.292557e-01
0
1.377301e-01
5.942099e-01
1
7.295714e-01
4.006061e-02
0
4.825985e-02
7.365375e-01
4.295108e-01
4.768884e-01
6.164812e-01
0
1.504939e-01
1.969116e-01
1.839801e-01
0
1.784344e-01
1.536239e-02
3.805426e-02
1.587681e-01
4.728400e-01
7.571857e-02
3.851664e-01
5.709648e-02
0
0
0
5.354050e-01
5.822491e-01
2.286066e-01
2.303270e-01
0
3.621751e-01
6.335832e-02
2.853343e-01
5.022266e-01
5.429179e-01
0
0
0
0
0
0
0
0
0
3.209720e-02
0
7.597262e-02
0
1.006741e-03
0
0
0
0
0
0
0
0
0
9.476138e-02
8.057026e-02
0
0
0
2.658948e-01
4.610672e-01
1.194693e-01
1.203175e-01
0
1.650639e-02
1.594165e-01
3.334708e-01
0
1.818998e-01
0
0
5.657790e-01
4.489874e-01
0
0
0
0
0
0
0
0
0
0
7.413500e-02
2.991495e-01
0
0
4.940796e-02
8.508198e-02
0
9.407193e-03
7.610989e-02
0
2.940734e-03
0
1.022546e-01
8.243758e-03
6.424827e-01
6.369063e-01
1.831226e-01
8.035884e-01
0
0
2.296768e-01
0
3.346172e-01
6.166078e-02
5.606397e-01
7.035664e-01
2.560325e-02
2.739807e-01
2.690326e-01
7.295714e-01
1
1.159079e-01
1.601721e-01
0
6.666443e-01
6.698199e-01
2.099932e-01
4.059211e-01
0
0
0
0
0
0
0
0
5.971713e-02
0
0
0
0
0
3.376550e-01
9.343886e-02
1.689883e-02
0
0
0
0
0
0
0
0
0
2.153427e-01
0
0
0
0
0
0
0
4.800909e-02
4.012130e-01
8.820373e-02
3.098271e-01
0
0
6.989506e-01
7.233794e-01
4.120291e-01
5.255313e-01
7.493265e-01
6.946812e-01
7.237269e-01
6.484635e-01
3.428451e-01
3.536867e-01
5.023678e-02
0
5.982578e-01
5.331383e-01
4.238564e-01
1.627012e-01
0
0
0
0
2.132047e-01
0
0
0
0
0
1.231700e-01
0
0
0
0
0
0
0
2.210573e-01
2.909783e-01
2.388026e-01
1.590118e-01
3.370656e-01
1.215277e-01
2.508030e-01
0
0
0
2.465605e-01
0
8.783423e-02
0
0
0
0
0
4.611507e-01
3.733591e-02
4.793563e-01
1.831100e-01
5.982318e-01
3.688973e-01
0
0
5.927113e-02
1.469569e-01
7.230234e-02
3.315923e-01
0
0
1.221946e-01
4.006061e-02
1.159079e-01
1.000000e+00
4.944831e-01
2.648988e-01
1.595666e-01
9.438535e-02
5.206219e-01
2.543805e-01
0
0
0
0
0
0
0
0
0
1.717248e-01
6.149903e-02
1.045054e-01
0
0
4.489137e-02
0
1.613896e-01
1.443850e-01
3.923519e-01
9.947879e-02
0
0
0
1.604962e-01
2.539894e-01
1.733724e-01
7.803690e-02
0
0
0
0
0
0
0
0
1.768237e-01
0
2.047040e-01
0
0
3.423003e-01
3.602410e-01
0
1.691790e-01
3.105030e-01
4.578697e-01
5.478470e-01
4.169148e-01
4.073608e-01
3.829346e-01
1.990902e-01
2.029119e-02
3.003984e-01
3.624022e-01
2.866216e-01
1.606585e-01
4.484260e-01
2.170172e-01
4.714228e-02
0
2.534076e-01
1.408008e-01
0
0
0
0
1.291219e-01
1.856480e-01
0
0
0
0
0
0
0
6.454974e-02
0
0
0
0
0
0
0
0
0
0
9.084802e-02
1.748183e-02
9.152198e-03
2.238913e-01
0
2.064705e-01
1.727572e-01
0
2.555385e-01
4.042001e-01
2.582342e-01
4.593636e-01
4.946406e-01
0
5.642341e-01
5.901239e-01
4.076490e-01
1.895129e-01
0
1.160054e-01
0
0
1.601721e-01
4.944831e-01
1
3.279372e-01
3.391162e-01
9.390496e-02
0
3.473915e-02
0
0
0
0
0
0
0
0
0
0
0
0
0
0
3.734303e-01
2.366883e-01
0
0
1.265531e-01
0
0
0
0
0
1.970012e-02
0
2.786946e-01
2.565577e-01
0
0
1.024658e-01
3.698190e-01
0
0
0
0
1.338927e-01
0
0
0
4.084874e-01
5.105726e-01
2.818215e-01
4.085434e-01
4.301298e-01
4.358259e-01
5.248992e-01
2.950796e-01
4.991078e-01
4.965795e-02
3.768330e-01
0
5.324222e-01
3.937476e-01
2.526775e-01
2.103043e-01
2.347495e-01
0
1.962425e-01
0
4.049156e-01
0
0
0
2.017249e-01
9.853994e-02
0
0
0
0
2.301154e-01
0
3.540516e-01
8.423122e-02
1.433013e-01
3.819565e-01
1.417667e-01
5.845407e-02
1.493189e-01
1.344671e-01
0
2.069964e-01
0
1.150738e-02
3.037847e-01
1.362789e-01
4.030171e-01
2.598888e-01
0
0
0
0
0
0
2.195818e-01
0
4.520333e-01
4.428566e-01
0
0
1.384372e-01
4.367511e-01
1.015363e-01
0
0
0
0
4.825985e-02
0
2.648988e-01
3.279372e-01
1
0
0
4.817337e-01
4.863696e-01
7.963567e-02
1.357256e-01
3.666923e-01
2.178906e-02
1.672565e-01
0
2.190426e-01
4.552502e-02
0
9.331053e-02
1.270850e-01
1.571868e-01
8.680060e-02
0
0
0
2.578565e-01
4.377632e-01
2.775400e-01
2.645613e-01
0
2.269249e-01
3.158843e-01
3.964869e-01
3.446358e-01
4.114053e-01
0
0
0
0
0
0
0
0
0
3.255593e-02
0
2.428594e-01
0
0
0
0
0
0
0
0
0
0
3.122863e-01
4.397864e-01
4.158048e-01
3.065103e-01
3.275123e-02
0
7.185443e-02
2.320482e-01
1.502684e-01
0
0
0
0
0
0
1.895863e-01
0
0
2.013439e-01
3.196237e-01
0
0
0
0
0
0
0
0
0
0
0
0
0
0
0
0
0
0
2.688011e-01
7.888431e-02
1.192384e-01
4.317260e-02
0
1.232188e-01
7.097267e-01
4.441104e-01
3.574091e-01
7.294312e-01
0
0
2.322309e-01
0
9.122188e-02
7.018866e-02
6.326733e-01
7.585379e-01
0
5.593194e-01
2.485898e-01
7.365375e-01
6.666443e-01
1.595666e-01
3.391162e-01
0
1
7.020680e-01
2.280771e-01
3.616596e-01
0
1.289116e-01
2.246827e-01
1.084408e-01
4.688124e-02
2.109923e-01
2.645171e-01
2.134643e-01
0
1.253564e-01
1.441094e-01
1.166031e-01
0
0
0
0
2.981659e-01
3.467582e-01
1.156147e-01
2.752659e-01
0
3.653061e-02
0
1.965439e-01
2.266828e-01
5.402896e-01
0
0
0
0
7.342999e-02
0
1.003860e-01
0
0
3.182671e-01
0
2.147340e-01
0
1.459816e-01
0
0
0
0
0
0
0
0
0
2.013237e-01
1.733035e-02
3.159738e-01
0
0
4.224729e-03
2.442950e-01
6.789125e-02
1.929303e-01
0
6.105945e-02
0
7.713319e-02
0
4.492651e-02
0
0
2.737658e-01
4.318687e-01
0
0
0
0
0
0
0
0
0
0
0
7.405316e-02
0
0
0
0
0
0
0
0
4.333204e-01
9.636737e-02
6.804383e-02
1.228740e-01
7.274531e-01
7.317426e-01
3.394563e-01
7.022374e-01
0
0
3.860432e-01
0
1.926948e-01
0
5.414812e-01
7.451779e-01
1.808708e-01
4.863174e-01
0
4.295108e-01
6.698199e-01
9.438535e-02
9.390496e-02
0
7.020680e-01
1
