1.000000e+00
5.947208e-01
6.156817e-02
1.994208e-01
0
0
2.070593e-01
1.428226e-01
0
0
4.872500e-01
6.122695e-01
4.749442e-01
4.337650e-01
5.877464e-02
0
0
0
6.314646e-01
5.589867e-01
2.145369e-01
2.167528e-01
0
1.907655e-01
1.410409e-01
2.031564e-01
4.355363e-01
2.855265e-01
0
0
2.386119e-02
0
0
0
0
0
0
0
0
4.279061e-02
0
0
0
0
0
0
0
0
1.944587e-02
0
2.327342e-01
3.779286e-01
4.015984e-01
6.738268e-02
0
2.338825e-02
3.036039e-01
4.191694e-01
3.736371e-01
2.854323e-01
1.291991e-01
0
1.665463e-01
4.332763e-01
0
4.063251e-01
0
0
4.162386e-01
4.486088e-01
0
0
0
0
0
0
0
0
0
0
0
0
0
0
0
1.596771e-01
0
0
4.277421e-01
1.801576e-01
6.697863e-05
1.461345e-01
0
0
3.387794e-01
1.542755e-01
0
4.216567e-01
0
0
3.906545e-01
0
3.073036e-01
3.422830e-01
4.186520e-01
3.843849e-01
0
6.478752e-02
2.400362e-01
5.270497e-01
4.935569e-01
1.978899e-01
4.603470e-01
0
4.911453e-01
2.556896e-01
5.947208e-01
1
0
0
1.653595e-01
2.131076e-01
0
4.551274e-02
0
0
2.058714e-01
3.814136e-01
5.698898e-02
1.627563e-01
8.549863e-02
0
0
0
7.546111e-01
7.593472e-01
7.829451e-02
3.403165e-01
0
2.243206e-01
0
1.006500e-01
4.235850e-01
5.204917e-01
8.593705e-02
0
0
0
1.057558e-01
0
0
0
0
5.508249e-02
0
1.893797e-01
0
0
0
0
0
0
2.007764e-02
0
1.108562e-01
0
1.409837e-01
1.509539e-01
3.139487e-01
0
4.253188e-02
0
5.663846e-01
5.964935e-01
0
0
0
0
1.708441e-01
3.499524e-01
0
1.293818e-01
0
0
5.448693e-01
3.946870e-01
0
0
0
0
0
0
0
0
0
0
1.622101e-01
1.447402e-01
0
0
0
0
4.407090e-02
0
1.348894e-01
0
0
0
0
0
5.212228e-01
3.581432e-01
1.131549e-01
4.366754e-01
9.947590e-02
0
9.742345e-02
0
1.321590e-01
0
4.574752e-01
4.939284e-01
0
0
4.079882e-01
6.444807e-01
6.245959e-01
4.107548e-01
2.474742e-01
0
4.772296e-01
3.814538e-01
6.156817e-02
0
1.000000e+00
6.245097e-01
3.185298e-01
2.662662e-01
8.518704e-01
2.661267e-01
4.895773e-01
4.815575e-01
3.112229e-01
0
4.252667e-01
6.965615e-02
2.853795e-01
0
0
0
0
0
8.808352e-02
2.053410e-01
6.261091e-01
5.040683e-01
5.253556e-01
4.660718e-01
1.957556e-02
0
0
0
7.575191e-01
4.088243e-01
5.818468e-02
0
4.874240e-01
4.963935e-01
2.254253e-01
0
9.260989e-02
0
4.098970e-02
0
0
0
0
0
0
0
0
0
0
0
0
2.131086e-01
0
0
0
0
0
0
0
3.105356e-01
0
0
5.026317e-01
3.384336e-01
2.074049e-01
1.416657e-01
0
0
1.101972e-01
1.449903e-01
0
0
0
0
1.925589e-01
0
0
0
0
0
0
0
3.018346e-01
1.679820e-01
0
0
0
0
7.444503e-02
5.858836e-01
1.514783e-01
5.159009e-01
1.255030e-02
1.650232e-01
0
8.113975e-02
0
0
0
3.859394e-01
0
0
0
1.271487e-01
0
3.386066e-01
3.594333e-01
0
0
0
0
0
7.428524e-02
0
1.994208e-01
0
6.245097e-01
1.000000e+00
1.292052e-01
4.773025e-01
5.807981e-01
6.586436e-01
3.876114e-01
5.831054e-01
3.508993e-01
2.070066e-01
5.563973e-01
4.026135e-01
2.215645e-01
1.484236e-01
0
0
1.609839e-01
2.067744e-01
8.080840e-02
2.475355e-01
5.590235e-01
6.337922e-01
3.638937e-01
1.428970e-01
6.955621e-02
0
0
0
4.673257e-01
4.516408e-01
7.357745e-03
0
3.699491e-01
3.516288e-01
0
0
0
0
0
0
0
0
0
0
0
0
0
0
0
0
0
4.408437e-02
0
0
0
0
0
8.406434e-02
1.177653e-01
5.339431e-01
0
8.284002e-02
4.012972e-01
5.390833e-01
1.497523e-01
1.197148e-01
0
1.387866e-01
2.161501e-02
2.901568e-01
0
1.522241e-01
0
2.592402e-01
0
0
0
0
0
0
0
0
3.318308e-01
4.997926e-01
0
0
6.651290e-03
0
2.961745e-01
2.815347e-01
2.581148e-01
2.586015e-01
7.091954e-02
2.651485e-01
0
5.107830e-02
0
0
0
3.425384e-01
0
0
0
1.194716e-01
0
3.660797e-01
2.750502e-01
2.261747e-01
1.407981e-01
0
0
0
1.312425e-01
1.045294e-01
0
1.653595e-01
3.185298e-01
1.292052e-01
1
1.671551e-01
2.979131e-01
0
3.718631e-01
1.267076e-01
0
0
0
0
1.088081e-01
0
0
0
8.387978e-02
1.669871e-01
3.952828e-01
2.513409e-01
1.334365e-01
2.913003e-01
5.924071e-01
7.618176e-01
6.611174e-01
4.799703e-01
0
0
0
0
1.181531e-01
5.021268e-02
3.847029e-01
3.211214e-01
0
9.555356e-03
1.089646e-01
3.842959e-02
0
1.376086e-01
0
0
0
0
0
0
0
0
0
0
0
2.605093e-01
0
0
0
0
0
0
0
7.480489e-02
0
0
4.737617e-01
3.724042e-01
3.271417e-01
2.323152e-01
0
0
0
0
0
0
0
0
1.475063e-02
0
0
0
0
0
0
1.029770e-03
2.199164e-01
1.357085e-01
1.044769e-01
2.067112e-01
2.202077e-01
0
0
3.259955e-01
7.922943e-02
2.787242e-01
2.650447e-01
3.203716e-01
2.365685e-02
4.496614e-01
0
0
2.182239e-02
6.124231e-02
0
0
4.775334e-01
4.584714e-01
0
3.167665e-01
3.186748e-02
2.644636e-01
2.193484e-01
0
1.470541e-02
0
3.879469e-01
2.597189e-01
0
2.131076e-01
2.662662e-01
4.773025e-01
1.671551e-01
1
1.833141e-01
7.074404e-01
6.747589e-01
8.061049e-01
3.902538e-01
3.311832e-01
4.429808e-01
5.880638e-01
7.528163e-01
5.597772e-01
0
0
4.623824e-01
4.865052e-01
0
2.441812e-01
6.263174e-01
7.428720e-01
0
0
1.411270e-01
4.328653e-01
5.694828e-02
4.748955e-02
2.586655e-01
1.966498e-01
5.259518e-02
0
1.231939e-01
2.045799e-01
0
0
0
0
0
0
0
0
0
0
0
0
0
0
0
0
0
0
0
0
0
0
0
0
0
5.636937e-01
0
2.744015e-01
2.502215e-01
1.563959e-01
0
0
5.819838e-02
1.656691e-01
9.622598e-02
2.646760e-01
0
3.963527e-03
0
1.273777e-02
0
0
0
0
5.490304e-02
1.966650e-01
9.785452e-02
0
2.610578e-01
2.301897e-01
0
0
0
0
3.241305e-01
1.945438e-01
7.304735e-01
3.496934e-01
1.576572e-01
4.663793e-01
0
0
0
0
0
1.047934e-01
0
0
4.127833e-02
1.876948e-01
0
6.320713e-02
1.177302e-01
4.848133e-02
1.953258e-01
0
0
0
5.783980e-03
1.230966e-01
2.070593e-01
0
8.518704e-01
5.807981e-01
2.979131e-01
1.833141e-01
1
3.190421e-01
4.376805e-01
4.233882e-01
7.951945e-02
0
5.753042e-01
1.233581e-01
2.152752e-01
0
0
0
2.364637e-02
2.182170e-02
2.512742e-01
2.983541e-01
3.938769e-01
2.940588e-01
4.687900e-01
4.210021e-01
1.180198e-01
0
0
0
4.990096e-01
2.848334e-01
1.790001e-01
1.010225e-01
4.261900e-01
4.635340e-01
0
0
3.464415e-03
0
0
0
0
0
0
0
0
0
0
0
0
0
0
3.571287e-01
0
0
0
0
1.454807e-02
5.707813e-02
2.851926e-01
3.982432e-01
0
0
3.479199e-01
4.662643e-01
1.968368e-01
1.587329e-01
0
0
4.779816e-02
1.331568e-01
1.005640e-02
0
1.928783e-02
1.141113e-01
2.603580e-02
0
0
0
0
0
0
0
0
1.045511e-01
0
0
0
0
3.785631e-01
7.507512e-01
2.009893e-01
4.957770e-01
0
4.337044e-02
0
1.215634e-01
0
0
8.338022e-02
1.160503e-01
0
0
1.697401e-01
5.691282e-03
0
4.523612e-01
9.633463e-02
0
0
0
7.085365e-02
0
1.610532e-01
0
1.428226e-01
4.551274e-02
2.661267e-01
6.586436e-01
0
7.074404e-01
3.190421e-01
1
3.865086e-01
8.031103e-01
2.585465e-01
5.254294e-01
5.928452e-01
7.544943e-01
4.941995e-01
5.778249e-01
0
0
4.916632e-01
5.128389e-01
9.413144e-02
4.420824e-01
3.309321e-01
5.346518e-01
0
0
1.522751e-01
3.280307e-01
0
0
1.719480e-01
1.705051e-01
0
0
0
4.952218e-02
0
0
0
0
0
0
0
0
0
0
0
0
0
0
0
0
0
4.640432e-02
0
0
0
0
0
3.995728e-02
0
7.815872e-01
0
3.693381e-01
0
3.069559e-01
0
0
1.530008e-01
5.049207e-01
1.297451e-01
4.350014e-01
8.644300e-03
5.734104e-02
0
2.385578e-01
0
0
0
0
0
0
0
0
0
3.227429e-01
0
0
0
0
5.875435e-01
2.971173e-01
6.154710e-01
2.906220e-01
6.285399e-02
3.349355e-01
0
1.490429e-02
0
0
1.480704e-01
1.125189e-01
9.708245e-02
0
1.783705e-02
2.871570e-02
2.974064e-02
2.598144e-01
0
6.705000e-02
1.861890e-01
0
0
0
0
2.264539e-01
0
0
4.895773e-01
3.876114e-01
3.718631e-01
6.747589e-01
4.376805e-01
3.865086e-01
1
7.072418e-01
0
0
3.581738e-01
2.206767e-01
6.512718e-01
3.702213e-01
0
0
0
0
0
1.317802e-01
5.532940e-01
5.162093e-01
1.538278e-01
1.531709e-01
0
2.015935e-01
0
0
3.372981e-01
2.750338e-01
7.001959e-02
0
5.752559e-01
5.094238e-01
0
0
0
0
2.268527e-02
1.515464e-01
0
0
0
0
0
0
0
0
0
0
0
5.946499e-02
0
0
0
0
0
0
3.079980e-02
3.751299e-01
0
0
5.536508e-01
4.002179e-02
5.442694e-02
0
0
0
0
0
0
0
0
0
0
0
0
0
0
6.435528e-03
0
0
2.174598e-01
1.887043e-02
0
0
0
0
4.827308e-01
4.345403e-01
5.884469e-01
6.599219e-01
1.590837e-01
4.376121e-01
0
9.183939e-02
0
0
0
1.923514e-01
0
0
1.177478e-01
2.182631e-01
0
5.298457e-01
2.268604e-02
0
0
0
0
0
2.108890e-01
1.965161e-01
0
0
4.815575e-01
5.831054e-01
1.267076e-01
8.061049e-01
4.233882e-01
8.031103e-01
7.072418e-01
1
2.096389e-01
1.618940e-01
5.235947e-01
5.313329e-01
5.960420e-01
5.207000e-01
0
0
2.854105e-01
3.068867e-01
0
2.681715e-01
5.588688e-01
5.897498e-01
1.806428e-01
1.463546e-01
0
2.448395e-01
0
0
4.061697e-01
2.718988e-01
3.400227e-02
0
3.301448e-01
3.570325e-01
1.219682e-02
0
0
0
0
0
0
0
0
0
0
0
0
0
0
0
0
6.952699e-02
0
0
0
0
0
0
0
6.986090e-01
0
9.457048e-02
3.102349e-01
2.647547e-01
0
0
0
2.135932e-01
0
2.138717e-01
0
0
0
2.654524e-03
0
0
0
0
0
0
6.518496e-02
0
3.602874e-02
2.543252e-01
0
0
0
0
4.969378e-01
4.187686e-01
6.614547e-01
5.050722e-01
8.334075e-02
4.167175e-01
0
5.849448e-03
0
0
0
1.727440e-01
0
0
0
1.416593e-01
0
2.902650e-01
0
0
4.052528e-02
0
0
0
3.759331e-02
2.242089e-01
4.872500e-01
2.058714e-01
3.112229e-01
3.508993e-01
0
3.902538e-01
7.951945e-02
2.585465e-01
0
2.096389e-01
1
6.261987e-01
4.673064e-01
5.378369e-01
4.875167e-01
1.600907e-01
0
0
4.242586e-01
2.872350e-01
0
0
5.528333e-01
6.184197e-01
0
2.649274e-02
5.755858e-02
1.139962e-01
4.778128e-02
2.047960e-01
4.719643e-01
3.143725e-01
0
0
0
0
0
0
0
0
0
0
0
0
0
0
0
0
0
0
0
0
0
0
0
0
7.836774e-02
7.293905e-02
0
0
0
2.480967e-02
2.636730e-01
4.382475e-01
0
1.117279e-01
0
0
3.130007e-01
1.853028e-01
4.056244e-02
3.491932e-01
0
2.002282e-02
2.256352e-02
0
0
0
0
2.558583e-01
2.826600e-01
1.098313e-02
3.162757e-01
0
5.020735e-01
3.444414e-01
0
0
1.288803e-01
1.285800e-02
0
1.240855e-01
3.423580e-01
1.064577e-01
4.601334e-03
1.061107e-01
0
0
0
0
0
4.443774e-01
0
0
0
1.711936e-01
8.539559e-02
0
3.989583e-01
7.276359e-02
1.847042e-01
4.127572e-02
0
0
0
0
6.122695e-01
3.814136e-01
0
2.070066e-01
0
3.311832e-01
0
5.254294e-01
0
1.618940e-01
6.261987e-01
1
4.546683e-01
8.261687e-01
3.865968e-01
3.981867e-01
0
0
7.343718e-01
6.458154e-01
2.314372e-01
3.813328e-01
2.510382e-02
3.635790e-01
0
0
3.991823e-01
4.882866e-01
1.236277e-01
2.134128e-01
0
0
0
0
0
0
0
0
0
0
0
0
0
0
0
0
0
0
0
0
0
0
0
0
0
0
2.775145e-01
4.071818e-01
5.971931e-02
1.303359e-01
0
1.957713e-01
5.380307e-01
8.176466e-01
0
1.165019e-01
0
0
7.089527e-01
6.707335e-01
7.048706e-02
3.251323e-01
2.664698e-02
1.182310e-01
0
1.273865e-01
0
0
0
0
2.027089e-01
1.159435e-02
0
6.927261e-02
0
2.200184e-01
0
0
0
5.564021e-03
1.168836e-01
0
3.857592e-01
1.229702e-02
1.582056e-02
1.846051e-01
0
1.146332e-01
0
0
2.791884e-01
2.297887e-01
4.039168e-01
3.454517e-01
7.432918e-02
1.544893e-01
1.379595e-01
1.207745e-02
0
1.970239e-01
4.718453e-01
0
1.018658e-01
0
7.453571e-02
2.302514e-01
4.749442e-01
5.698898e-02
4.252667e-01
5.563973e-01
0
4.429808e-01
5.753042e-01
5.928452e-01
3.581738e-01
5.235947e-01
4.673064e-01
4.546683e-01
1
6.141690e-01
5.717977e-01
2.716197e-01
0
0
4.100788e-01
2.706020e-01
7.799623e-02
2.622447e-01
3.720174e-01
5.025193e-01
2.437500e-01
1.764279e-01
1.568665e-01
2.005722e-01
0
0
3.586986e-01
3.155247e-01
0
0
2.913075e-02
0
0
0
0
0
0
0
0
0
0
0
0
0
0
0
0
0
0
1.417617e-01
0
0
0
0
0
9.805981e-02
4.004257e-01
5.776032e-01
0
3.077599e-01
1.204068e-01
5.820077e-01
0
0
0
2.960515e-01
0
2.373396e-01
0
0
0
1.587645e-01
0
0
0
0
0
0
0
0
8.564245e-02
2.056595e-01
0
0
6.641778e-02
0
5.680033e-01
6.613275e-01
5.620934e-01
3.385629e-01
0
2.312590e-01
0
0
0
0
2.171989e-01
3.042750e-01
3.975242e-02
1.181974e-01
1.382247e-01
1.318806e-01
0
3.791175e-01
7.875040e-03
0
8.184323e-02
0
2.896652e-02
0
1.367257e-01
1.515217e-01
4.337650e-01
1.627563e-01
6.965615e-02
4.026135e-01
0
5.880638e-01
1.233581e-01
7.544943e-01
2.206767e-01
5.313329e-01
5.378369e-01
8.261687e-01
6.141690e-01
1
6.459724e-01
7.099378e-01
0
0
6.016688e-01
5.985032e-01
2.201692e-01
3.779679e-01
3.210125e-01
5.914745e-01
0
8.960670e-02
3.651592e-01
4.440564e-01
0
0
5.763227e-02
1.246810e-02
0
0
0
0
0
0
0
0
0
0
0
0
0
0
0
0
0
0
0
0
0
0
0
0
0
7.826155e-02
0
2.150305e-02
0
4.829105e-01
2.768412e-01
6.338733e-01
0
2.448509e-01
0
0
4.376276e-01
5.958111e-01
0
2.970192e-01
7.996440e-03
3.998993e-02
0
1.160865e-02
0
0
0
0
0
0
0
4.185842e-02
0
3.802966e-01
0
0
0
0
3.504058e-01
2.411681e-01
7.135441e-01
3.650005e-01
0
2.428971e-01
0
1.581722e-01
0
0
2.876141e-01
2.540074e-01
3.798121e-01
1.474575e-01
1.176757e-01
1.051080e-01
5.587897e-02
3.285222e-01
0
1.676161e-01
3.985974e-01
0
7.177049e-02
0
1.508340e-01
1.699897e-01
5.877464e-02
8.549863e-02
2.853795e-01
2.215645e-01
1.088081e-01
7.528163e-01
2.152752e-01
4.941995e-01
6.512718e-01
5.960420e-01
4.875167e-01
3.865968e-01
5.717977e-01
6.459724e-01
1
5.909190e-01
0
0
3.577527e-01
2.904806e-01
0
1.270594e-01
5.860718e-01
6.923446e-01
1.672149e-02
8.851014e-02
1.020241e-01
4.331114e-01
0
0
2.836110e-01
1.616613e-01
0
0
0
1.844638e-02
0
0
0
0
0
0
0
0
0
0
0
0
0
0
0
0
0
0
0
0
0
0
0
0
0
3.714680e-01
2.914224e-02
3.149697e-01
1.877852e-01
1.087564e-01
0
0
2.568203e-02
1.021801e-01
0
1.928033e-01
0
0
0
0
0
0
0
0
1.248051e-02
0
2.233990e-01
0
3.060819e-01
1.164182e-01
0
0
0
0
2.682652e-01
3.872942e-01
7.779864e-01
4.501760e-01
0
3.454546e-01
0
0
0
0
3.769617e-02
2.869143e-01
5.573342e-02
0
9.511240e-02
1.532691e-01
1.478766e-02
2.460722e-01
1.617459e-01
0
6.993587e-02
0
0
0
7.160388e-02
8.064814e-03
0
0
0
1.484236e-01
0
5.597772e-01
0
5.778249e-01
3.702213e-01
5.207000e-01
1.600907e-01
3.981867e-01
2.716197e-01
7.099378e-01
5.909190e-01
1
1.159899e-01
0
1.244100e-01
2.198987e-01
8.488321e-02
2.287024e-01
3.760665e-01
3.619028e-01
0
0
0
1.052272e-01
2.249511e-01
3.091756e-01
0
1.986250e-01
0
0
0
3.492198e-02
0
0
0
0
3.022974e-01
1.539185e-01
0
0
0
0
0
0
0
0
0
0
0
0
0
0
0
0
0
0
0
4.176508e-01
2.956340e-01
3.215009e-01
0
0
0
0
1.760890e-01
3.039239e-01
6.301781e-02
4.165455e-01
3.331708e-01
2.823581e-01
5.222181e-02
1.370753e-01
0
0
0
0
1.211501e-01
1.158333e-01
1.936690e-01
4.218826e-01
0
2.142317e-01
0
1.990738e-01
0
0
3.196264e-01
5.333421e-02
6.728064e-01
3.248171e-01
0
0
0
0
0
0
0
2.818217e-01
2.073838e-01
4.753011e-02
0
0
5.817186e-02
2.326185e-01
0
0
0
0
0
0
0
0
0
0
0
0
0
0
0
0
0
0
0
0
0
0
0
1.159899e-01
1
7.382373e-01
0
0
0
0
0
0
0
0
0
0
7.467894e-01
6.896126e-01
0
1.395145e-01
1.387051e-01
1.684848e-01
0
0
2.747029e-01
8.008448e-02
2.215694e-01
2.614236e-01
4.412061e-01
3.155218e-01
4.627863e-01
6.114184e-01
3.411986e-01
4.262598e-01
5.234579e-01
3.352091e-01
4.633326e-01
2.906265e-01
2.697380e-01
0
9.936919e-02
0
4.644191e-01
3.937809e-01
6.434153e-01
2.803798e-01
0
0
0
0
5.104548e-01
2.064762e-02
0
0
0
0
2.999177e-01
0
2.443001e-01
3.369535e-01
4.689381e-01
3.595298e-01
4.052390e-01
1.577785e-01
4.034831e-01
4.000826e-01
7.794337e-01
7.389993e-01
7.526685e-01
3.642194e-01
5.750139e-01
4.351579e-01
7.606799e-03
0
2.256601e-01
1.245881e-01
0
6.569880e-02
0
0
0
0
0
0
0
0
5.589904e-01
6.038947e-01
0
5.450375e-02
0
2.181087e-01
0
0
1.805024e-01
0
4.767149e-02
0
0
3.261203e-01
0
3.332464e-01
0
0
0
0
0
0
0
0
0
0
0
0
0
0
0
0
0
0
7.382373e-01
1
0
0
0
0
0
0
0
0
0
0
5.538530e-01
7.520179e-01
0
1.711774e-01
1.784824e-01
2.556959e-01
3.273005e-02
7.623476e-02
3.906967e-01
3.110880e-01
3.892146e-01
2.556207e-01
5.955572e-01
4.130456e-01
2.936502e-01
3.953274e-01
4.769709e-01
4.315443e-01
3.154558e-01
1.907198e-01
1.516515e-01
4.335505e-02
1.066196e-01
0
0
0
3.735551e-01
2.799288e-01
4.398790e-01
2.460026e-01
0
0
0
0
3.911504e-01
0
1.076640e-01
0
2.828974e-01
2.680532e-01
9.020548e-02
0
3.672849e-01
1.633032e-01
4.268769e-01
5.926788e-01
4.331491e-01
2.499812e-01
4.446508e-01
5.150613e-01
8.057320e-01
8.131964e-01
6.537220e-01
5.134037e-01
4.874321e-01
5.297369e-01
2.699174e-01
0
4.638343e-01
4.127237e-01
0
2.697176e-01
0
0
0
0
0
0
0
0
4.814722e-01
3.115174e-01
0
1.739091e-01
0
2.353867e-03
0
0
3.349843e-01
0
0
0
0
8.473439e-02
0
1.595800e-01
0
0
6.314646e-01
7.546111e-01
0
1.609839e-01
8.387978e-02
4.623824e-01
2.364637e-02
4.916632e-01
0
2.854105e-01
4.242586e-01
7.343718e-01
4.100788e-01
6.016688e-01
3.577527e-01
1.244100e-01
0
0
1
9.032536e-01
1.550075e-01
5.051755e-01
4.880898e-04
3.787886e-01
0
1.714697e-01
5.347423e-01
6.972673e-01
5.935044e-02
0
0
0
3.269121e-02
0
0
0
0
0
0
0
0
0
0
0
0
0
0
0
0
0
0
0
7.321547e-02
0
0
0
2.842144e-01
4.230817e-01
0
0
0
2.825202e-01
2.158542e-01
7.367871e-01
0
3.233949e-01
0
0
6.124932e-01
5.965713e-01
8.421179e-02
2.053031e-01
0
0
0
1.814359e-01
0
0
0
0
0
0
0
0
0
1.267995e-03
0
0
0
0
7.747440e-02
4.170690e-02
2.579274e-01
0
2.396978e-01
3.922110e-01
0
2.885226e-01
0
0
3.079478e-01
0
3.344478e-01
2.436382e-02
3.399834e-01
3.378130e-01
0
0
1.141286e-01
4.204606e-01
5.386965e-01
4.081635e-02
1.140557e-01
0
2.281339e-01
3.770425e-01
5.589867e-01
7.593472e-01
0
2.067744e-01
1.669871e-01
4.865052e-01
2.182170e-02
5.128389e-01
0
3.068867e-01
2.872350e-01
6.458154e-01
2.706020e-01
5.985032e-01
2.904806e-01
2.198987e-01
0
0
9.032536e-01
1.000000e+00
3.299533e-01
6.684283e-01
3.593783e-02
4.273083e-01
0
2.050986e-01
6.044345e-01
7.018635e-01
2.129099e-02
0
0
0
4.405700e-02
0
0
0
0
0
0
0
0
0
0
0
0
0
0
0
0
0
0
3.521939e-02
2.029286e-01
6.193309e-03
0
0
2.470789e-01
3.713662e-01
0
0
0
2.064886e-01
1.449850e-01
5.510915e-01
0
2.384007e-01
0
0
6.224594e-01
6.991041e-01
1.029821e-01
1.799865e-01
5.305205e-02
0
0
1.411599e-01
0
0
0
0
0
3.610058e-02
0
1.074001e-01
0
5.790057e-02
0
0
0
0
9.240019e-02
0
2.129682e-01
0
3.613489e-01
3.032595e-01
0
3.787357e-01
0
0
2.278291e-01
0
2.766793e-01
0
4.107920e-01
3.694573e-01
0
1.987079e-02
1.513979e-01
5.670278e-01
5.964634e-01
0
1.473100e-01
0
4.156864e-01
4.060711e-01
2.145369e-01
7.829451e-02
8.808352e-02
8.080840e-02
3.952828e-01
0
2.512742e-01
9.413144e-02
0
0
0
2.314372e-01
7.799623e-02
2.201692e-01
0
8.488321e-02
0
0
1.550075e-01
3.299533e-01
1
7.355259e-01
0
3.661858e-02
1.849584e-01
4.551820e-01
6.605384e-01
3.687667e-01
0
0
0
0
0
0
0
0
0
0
0
0
0
1.381424e-01
0
0
0
0
0
0
0
0
1.279577e-01
0
1.995325e-01
1.899323e-01
0
0
0
0
4.099684e-01
1.903769e-01
0
4.952938e-02
4.863105e-02
1.172436e-01
0
1.497833e-01
8.305275e-02
7.286084e-02
1.795200e-01
3.393372e-01
2.666952e-01
0
3.225180e-01
1.874610e-01
2.504143e-01
1.491038e-01
0
0
0
0
0
0
0
1.692038e-01
0
3.871658e-02
0
2.226108e-01
0
7.779219e-02
1.633831e-01
2.242017e-01
3.766277e-02
2.777795e-01
0
0
4.528613e-02
3.488983e-01
0
0
2.373683e-01
2.591295e-01
3.095802e-01
3.269924e-01
3.963113e-01
7.371684e-02
0
4.290270e-01
0
1.022717e-01
2.189391e-01
0
4.335260e-01
1.226964e-01
2.804036e-01
9.748829e-02
2.167528e-01
3.403165e-01
2.053410e-01
2.475355e-01
2.513409e-01
2.441812e-01
2.983541e-01
4.420824e-01
1.317802e-01
2.681715e-01
0
3.813328e-01
2.622447e-01
3.779679e-01
1.270594e-01
2.287024e-01
0
0
5.051755e-01
6.684283e-01
7.355259e-01
1
2.123704e-02
2.101641e-01
6.096989e-02
2.922938e-01
5.304651e-01
5.222984e-01
8.960849e-02
0
0
0
1.471020e-01
0
0
0
0
0
0
0
0
2.194639e-01
0
0
0
0
0
0
0
0
0
0
2.182069e-01
3.425344e-01
0
0
9.866030e-02
7.562980e-02
1.727006e-02
0
0
2.242502e-01
0
2.692722e-01
0
1.051658e-01
0
0
4.417039e-01
7.106875e-01
4.395037e-01
3.235909e-01
4.013615e-01
2.876300e-01
2.233707e-01
4.132116e-01
0
0
0
0
0
0
0
2.244479e-01
0
0
0
1.511379e-01
0
0
3.058961e-01
2.183008e-01
8.253034e-02
1.445334e-01
4.454239e-02
0
0
1.969560e-01
0
0
1.710032e-01
2.102990e-01
1.438486e-01
2.609069e-02
2.519285e-01
6.846754e-02
0
3.446390e-01
0
1.675825e-01
2.416292e-01
0
1.271371e-01
0
2.613209e-01
2.977802e-01
0
0
6.261091e-01
5.590235e-01
1.334365e-01
6.263174e-01
3.938769e-01
3.309321e-01
5.532940e-01
5.588688e-01
5.528333e-01
2.510382e-02
3.720174e-01
3.210125e-01
5.860718e-01
3.760665e-01
0
0
4.880898e-04
3.593783e-02
0
2.123704e-02
1.000000e+00
8.067597e-01
3.455965e-01
1.921484e-01
0
0
0
4.935161e-02
7.601721e-01
5.776543e-01
0
0
2.846769e-01
3.783018e-01
8.366244e-02
0
0
0
2.102786e-01
0
0
0
0
0
0
0
0
0
0
0
0
0
0
0
0
0
0
0
0
3.325872e-01
0
0
5.259817e-01
2.427075e-01
1.979940e-03
0
0
0
5.596587e-02
2.822382e-01
9.742245e-02
1.035885e-01
5.105869e-02
0
1.372014e-01
9.928233e-02
0
2.138346e-02
0
0
2.967846e-01
3.233156e-02
6.018176e-01
3.750508e-01
0
3.644136e-02
0
0
0
2.130325e-01
4.535346e-01
4.100085e-01
0
3.987062e-02
0
0
0
0
0
5.817869e-01
0
0
0
6.844309e-03
0
1.080604e-01
4.809852e-01
0
0
0
0
0
0
0
1.907655e-01
2.243206e-01
5.040683e-01
6.337922e-01
2.913003e-01
7.428720e-01
2.940588e-01
5.346518e-01
5.162093e-01
5.897498e-01
6.184197e-01
3.635790e-01
5.025193e-01
5.914745e-01
6.923446e-01
3.619028e-01
0
0
3.787886e-01
4.273083e-01
3.661858e-02
2.101641e-01
8.067597e-01
1
3.547162e-01
3.516989e-01
3.185291e-01
3.346700e-01
0
0
4.828945e-01
1.798678e-01
0
0
6.046187e-02
1.145509e-01
0
0
0
0
0
0
0
0
0
0
0
0
0
0
0
0
0
0
0
0
0
0
0
0
0
4.380373e-01
0
1.714224e-01
3.745845e-01
4.253982e-01
0
0
3.387743e-02
1.468448e-01
0
1.454153e-01
0
0
0
0
0
0
0
0
0
7.345940e-02
1.084467e-01
0
6.048180e-01
4.904747e-01
0
0
7.954412e-03
0
3.354666e-02
2.203577e-01
5.623754e-01
3.469021e-01
1.825889e-01
3.953087e-01
0
1.402083e-01
0
0
0
4.732181e-01
0
0
8.506048e-02
3.585704e-01
0
2.517268e-01
5.149358e-01
3.339994e-01
3.754063e-01
0
0
0
2.187295e-01
4.579381e-02
1.410409e-01
0
5.253556e-01
3.638937e-01
5.924071e-01
0
4.687900e-01
0
1.538278e-01
1.806428e-01
0
0
2.437500e-01
0
1.672149e-02
0
0
0
0
0
1.849584e-01
6.096989e-02
3.455965e-01
3.547162e-01
1
7.513376e-01
2.956787e-01
0
0
0
4.419036e-01
4.515698e-02
0
0
3.339609e-01
1.935125e-01
1.646002e-01
0
3.627123e-01
6.347027e-02
0
0
0
0
0
0
0
0
0
0
6.774607e-02
2.580608e-01
2.326484e-01
2.866840e-01
0
0
0
0
1.131230e-01
0
0
2.148156e-01
0
0
5.415436e-01
7.424101e-01
2.762205e-01
1.596165e-01
0
0
0
0
0
0
0
0
0
3.968793e-02
0
0
0
0
0
0
3.311732e-01
3.487273e-01
1.185958e-01
2.201725e-01
5.916949e-01
1.200984e-01
0
2.932160e-01
0
1.455033e-01
1.478657e-02
7.671823e-02
0
2.351901e-01
0
0
0
3.284846e-01
0
0
1.122343e-01
2.660385e-01
0
3.059160e-01
3.556111e-01
3.065068e-01
6.900628e-02
0
0
0
3.136280e-01
1.290846e-02
2.031564e-01
1.006500e-01
4.660718e-01
1.428970e-01
7.618176e-01
0
4.210021e-01
0
1.531709e-01
1.463546e-01
2.649274e-02
0
1.764279e-01
8.960670e-02
8.851014e-02
0
0
0
1.714697e-01
2.050986e-01
4.551820e-01
2.922938e-01
1.921484e-01
3.516989e-01
7.513376e-01
1.000000e+00
6.656899e-01
4.082544e-01
0
0
2.134883e-01
0
0
0
1.785821e-01
1.797721e-01
1.094048e-01
0
9.970561e-02
1.392313e-01
0
5.498244e-02
0
0
0
0
0
0
0
0
0
6.165910e-02
0
2.642033e-01
0
0
0
0
2.073209e-01
9.954405e-03
0
1.708092e-01
0
0
3.109897e-01
5.407775e-01
2.474352e-01
2.199913e-01
0
7.410307e-03
0
0
0
0
0
0
0
0
0
0
0
0
0
4.586374e-02
1.298024e-01
2.750563e-01
0
2.034450e-01
3.085096e-01
0
0
4.519583e-01
1.198452e-01
3.837310e-01
1.383535e-01
2.108248e-01
0
5.375793e-01
0
0
1.559143e-01
2.721767e-01
0
0
3.365655e-01
4.683257e-01
0
4.185411e-01
5.311364e-02
2.599367e-01
3.037443e-01
0
2.193105e-01
0
4.013563e-01
2.291896e-01
4.355363e-01
4.235850e-01
1.957556e-02
6.955621e-02
6.611174e-01
1.411270e-01
1.180198e-01
1.522751e-01
0
0
5.755858e-02
3.991823e-01
1.568665e-01
3.651592e-01
1.020241e-01
0
0
0
5.347423e-01
6.044345e-01
6.605384e-01
5.304651e-01
0
3.185291e-01
2.956787e-01
6.656899e-01
1
7.160154e-01
0
0
0
0
0
0
0
0
0
0
0
0
0
2.240517e-02
0
0
0
0
0
0
0
0
0
0
8.476228e-02
1.207936e-01
0
0
9.092210e-02
2.353067e-01
3.107343e-01
2.236696e-01
0
2.098521e-01
0
3.063061e-01
0
4.266772e-01
0
6.828685e-02
2.704378e-01
3.699531e-01
1.382871e-01
0
2.796794e-02
2.806319e-02
6.745225e-02
0
0
0
0
0
0
0
0
6.008196e-02
0
2.514779e-01
0
1.085728e-01
1.162765e-01
2.993110e-03
7.630201e-02
2.329495e-01
1.993660e-01
1.296446e-01
2.365551e-01
2.127897e-01
0
5.526212e-01
0
0
4.111326e-01
1.436764e-02
4.130526e-01
1.774703e-01
6.424917e-01
3.706950e-01
0
2.205189e-01
0
4.005580e-01
5.261191e-01
0
3.023762e-01
0
3.404995e-01
2.712497e-01
2.855265e-01
5.204917e-01
0
0
4.799703e-01
4.328653e-01
0
3.280307e-01
2.015935e-01
2.448395e-01
1.139962e-01
4.882866e-01
2.005722e-01
4.440564e-01
4.331114e-01
1.052272e-01
0
0
6.972673e-01
7.018635e-01
3.687667e-01
5.222984e-01
0
3.346700e-01
0
4.082544e-01
7.160154e-01
1
0
0
0
0
0
0
0
0
0
1.786364e-01
0
1.664114e-02
0
5.376296e-02
0
0
0
0
0
0
0
0
0
0
0
1.470324e-01
0
0
9.074298e-02
2.399498e-01
0
0
0
2.311975e-01
4.300939e-02
4.820719e-01
0
1.112632e-01
0
0
4.110147e-01
4.626959e-01
6.949681e-02
0
0
0
0
0
0
0
0
0
0
4.871500e-03
0
0
0
0
0
0
0
0
2.014584e-01
2.109732e-01
3.842877e-01
1.735835e-01
4.236682e-01
5.855232e-01
0
5.083130e-01
0
0
4.606429e-01
0
4.135449e-01
3.922858e-02
5.800046e-01
5.823512e-01
1.479424e-01
2.165000e-01
0
2.986189e-01
5.504076e-01
1.796697e-03
1.423370e-01
0
3.720260e-01
5.942944e-01
0
8.593705e-02
0
0
0
5.694828e-02
0
0
0
0
4.778128e-02
1.236277e-01
0
0
0
2.249511e-01
7.467894e-01
5.538530e-01
5.935044e-02
2.129099e-02
0
8.960849e-02
0
0
0
0
0
0
1
7.768774e-01
0
1.733522e-01
4.984153e-01
5.100025e-01
0
0
4.212981e-02
0
0
0
3.816131e-01
1.609063e-01
3.615710e-01
4.401162e-01
2.859769e-01
3.361311e-01
4.340666e-01
2.356317e-01
3.158778e-01
0
0
0
0
0
1.819227e-01
2.204864e-01
4.670912e-01
2.785592e-01
0
0
0
0
6.712788e-01
2.740744e-01
0
0
0
0
3.940823e-01
5.060415e-02
5.164989e-01
4.827557e-01
5.974734e-01
4.443892e-01
5.231187e-01
4.093088e-01
4.316343e-01
3.081827e-01
5.241181e-01
5.192024e-01
7.240599e-01
3.522730e-01
2.337938e-01
3.231625e-01
0
0
0
0
0
0
0
0
0
0
0
0
0
0
5.898749e-01
4.976473e-01
0
0
9.377057e-02
5.772022e-02
0
0
0
0
0
0
0
1.929782e-01
1.231559e-02
2.941350e-01
0
0
0
0
0
0
0
4.748955e-02
0
0
0
0
2.047960e-01
2.134128e-01
0
0
0
3.091756e-01
6.896126e-01
7.520179e-01
0
0
0
0
4.935161e-02
0
0
0
0
0
7.768774e-01
1
0
2.130748e-01
2.453283e-01
3.476914e-01
0
0
2.082956e-01
4.811709e-02
0
0
6.037355e-01
2.496007e-01
6.213411e-02
2.339172e-01
1.624535e-01
1.950210e-01
1.884316e-01
0
7.757600e-02
0
0
0
0
0
1.821439e-01
1.283029e-01
4.050181e-01
2.658228e-01
0
0
0
0
6.390693e-01
3.432030e-01
0
0
0
5.693494e-02
3.870892e-01
0
4.835824e-01
5.150634e-01
6.747309e-01
6.961665e-01
4.897265e-01
3.847788e-01
3.194590e-01
3.653484e-01
6.288353e-01
7.051988e-01
7.895426e-01
5.777903e-01
4.865636e-01
6.439388e-01
1.792680e-01
0
1.522648e-01
2.645923e-01
0
2.010577e-01
0
0
0
0
0
0
0
0
3.781854e-01
2.391353e-01
0
1.716871e-01
0
0
0
0
1.983417e-01
0
0
0
0
0
0
1.145321e-01
0
0
2.386119e-02
0
7.575191e-01
4.673257e-01
0
2.586655e-01
4.990096e-01
1.719480e-01
3.372981e-01
4.061697e-01
4.719643e-01
0
3.586986e-01
5.763227e-02
2.836110e-01
0
0
0
0
0
0
0
7.601721e-01
4.828945e-01
4.419036e-01
2.134883e-01
0
0
0
0
1
6.788681e-01
0
0
2.744875e-01
2.291947e-01
2.547562e-01
0
9.772556e-02
0
0
0
0
4.148117e-03
3.404056e-02
0
0
0
0
0
0
0
0
0
0
0
0
0
0
0
0
2.201814e-01
0
0
3.813904e-01
2.427621e-01
5.075923e-03
0
0
0
0
1.475705e-01
0
0
0
0
2.099613e-01
1.290696e-01
0
5.326414e-02
0
0
2.842066e-01
0
4.381761e-01
1.632037e-01
0
0
5.951365e-02
0
0
2.399215e-01
1.347482e-01
3.766710e-01
0
7.063997e-02
0
0
0
0
0
5.296570e-01
0
0
0
9.454410e-02
0
3.430232e-02
5.084002e-01
0
0
0
0
0
0
0
0
0
4.088243e-01
4.516408e-01
0
1.966498e-01
2.848334e-01
1.705051e-01
2.750338e-01
2.718988e-01
3.143725e-01
0
3.155247e-01
1.246810e-02
1.616613e-01
1.986250e-01
1.395145e-01
1.711774e-01
0
0
0
0
5.776543e-01
1.798678e-01
4.515698e-02
0
0
0
1.733522e-01
2.130748e-01
6.788681e-01
1.000000e+00
6.956041e-02
0
3.327404e-01
2.955492e-01
8.299858e-02
0
4.627856e-02
0
8.244072e-02
0
1.074637e-01
1.584523e-01
2.061898e-01
1.201343e-01
8.802912e-02
0
0
0
0
0
0
0
0
0
0
0
0
0
2.447948e-01
1.863642e-01
2.219403e-02
0
3.318233e-01
5.142433e-02
2.241125e-01
1.356666e-01
0
0
1.507528e-01
4.340630e-01
1.542571e-01
1.709098e-01
1.724426e-01
2.433701e-01
1.677616e-01
1.476422e-01
1.056289e-01
2.984515e-01
4.327805e-02
0
2.142822e-01
0
3.537517e-01
1.737434e-01
0
0
0
0
3.754142e-02
8.018563e-02
1.110530e-01
2.460893e-01
0
0
0
0
0
0
0
4.982720e-01
0
0
0
0
0
0
1.324957e-01
0
0
0
0
6.727607e-02
0
0
0
1.057558e-01
5.818468e-02
7.357745e-03
1.181531e-01
5.259518e-02
1.790001e-01
0
7.001959e-02
3.400227e-02
0
0
0
0
0
0
1.387051e-01
1.784824e-01
3.269121e-02
4.405700e-02
0
1.471020e-01
0
0
0
0
0
0
4.984153e-01
2.453283e-01
0
6.956041e-02
1.000000e+00
8.178106e-01
2.954911e-01
3.103823e-01
1.142228e-01
0
1.276362e-01
0
1.993989e-01
1.464915e-01
8.002514e-02
1.101007e-02
1.306931e-01
0
1.141237e-01
0
0
0
2.850996e-02
0
0
0
6.106914e-02
6.021951e-02
1.084634e-01
1.379161e-01
0
0
5.661611e-02
0
1.431941e-01
6.259032e-02
6.845300e-02
0
1.081156e-01
0
3.286418e-02
0
1.268458e-01
1.296238e-01
3.415144e-01
3.311446e-01
2.492633e-01
4.687264e-01
2.364489e-01
4.109483e-02
2.269691e-01
9.635466e-02
1.714043e-01
9.224737e-02
0
7.707307e-02
0
0
0
2.839940e-03
0
0
0
0
0
0
0
0
2.153356e-01
0
3.914231e-01
2.089829e-01
0
0
0
0
0
0
0
0
0
0
0
0
0
1.788522e-01
0
2.292080e-02
0
0
0
0
5.021268e-02
0
1.010225e-01
0
0
0
0
0
0
0
0
0
1.684848e-01
2.556959e-01
0
0
0
0
0
0
0
0
0
0
5.100025e-01
3.476914e-01
0
0
8.178106e-01
1
2.315387e-01
3.414429e-01
0
0
1.279095e-01
0
2.984075e-01
1.243950e-01
5.279281e-02
3.997112e-02
1.445937e-01
4.653055e-02
5.393991e-02
3.547409e-02
5.677016e-02
0
1.359147e-01
0
1.644183e-02
0
1.091291e-01
1.693276e-01
7.455841e-02
2.080954e-01
9.881387e-02
0
3.898850e-01
0
3.317115e-01
8.990858e-02
3.313880e-04
0
3.693814e-01
3.561966e-01
0
0
1.573716e-01
1.325461e-01
4.316705e-01
3.733169e-01
4.193480e-01
4.681138e-01
1.941687e-01
7.687217e-02
2.568901e-01
1.734839e-01
1.701970e-01
5.756206e-02
0
5.261325e-02
0
0
0
0
2.618417e-02
1.019151e-01
0
0
0
0
0
0
7.253596e-02
0
4.470621e-01
4.683912e-01
2.550148e-02
0
7.362268e-02
0
2.444714e-02
0
0
0
0
0
0
0
3.235470e-02
4.011300e-01
0
0
0
0
4.874240e-01
3.699491e-01
3.847029e-01
1.231939e-01
4.261900e-01
0
5.752559e-01
3.301448e-01
0
0
2.913075e-02
0
0
0
0
3.273005e-02
0
0
0
0
2.846769e-01
6.046187e-02
3.339609e-01
1.785821e-01
0
0
0
0
2.744875e-01
3.327404e-01
2.954911e-01
2.315387e-01
1.000000e+00
8.847840e-01
2.073306e-01
0
4.791019e-01
0
2.623364e-01
1.803708e-01
0
0
3.196953e-01
2.252546e-02
0
0
0
0
0
0
0
1.854857e-01
0
0
0
0
0
0
2.655270e-01
1.900279e-01
0
0
8.146899e-01
1.274256e-01
6.544600e-01
5.221150e-01
0
0
0
0
0
2.637660e-02
0
0
1.629793e-01
0
1.069893e-01
4.630181e-02
0
0
0
0
2.963427e-01
1.207057e-01
8.504767e-02
9.732557e-02
0
0
1.706771e-01
3.360267e-01
6.646178e-02
3.496450e-01
0
2.305004e-01
9.879434e-02
0
0
0
0
7.708354e-02
0
0
0
6.043444e-02
5.721116e-02
3.182673e-01
0
0
0
0
0
0
0
3.342883e-02
0
0
4.963935e-01
3.516288e-01
3.211214e-01
2.045799e-01
4.635340e-01
4.952218e-02
5.094238e-01
3.570325e-01
0
0
0
0
1.844638e-02
3.492198e-02
0
7.623476e-02
0
0
0
0
3.783018e-01
1.145509e-01
1.935125e-01
1.797721e-01
0
0
0
0
2.291947e-01
2.955492e-01
3.103823e-01
3.414429e-01
8.847840e-01
1
2.610983e-01
0
4.048479e-01
0
5.114313e-01
3.062662e-01
0
0
3.371047e-01
8.443312e-02
0
0
0
0
0
0
0
1.040194e-01
0
0
0
0
0
0
2.141468e-01
3.057451e-01
0
0
7.407725e-01
5.480882e-02
6.324948e-01
5.768748e-01
0
0
1.362284e-01
0
1.047410e-01
1.875125e-01
2.116580e-02
1.651165e-02
3.734143e-01
1.164049e-01
1.469275e-01
4.786355e-02
0
0
0
0
2.217844e-01
1.802554e-01
0
2.106335e-01
0
0
1.699374e-01
3.971962e-01
2.179634e-01
3.809790e-01
0
4.115511e-02
1.234015e-02
0
0
0
0
7.868105e-02
0
0
0
0
1.260470e-01
2.135350e-01
0
0
0
0
0
0
0
0
0
0
2.254253e-01
0
0
0
0
0
0
1.219682e-02
0
0
0
0
0
0
2.747029e-01
3.906967e-01
0
0
0
0
8.366244e-02
0
1.646002e-01
1.094048e-01
0
0
4.212981e-02
2.082956e-01
2.547562e-01
8.299858e-02
1.142228e-01
0
2.073306e-01
2.610983e-01
1
4.609016e-01
7.069378e-01
5.629923e-01
6.469084e-01
3.264866e-01
2.190657e-01
3.039478e-01
2.784096e-01
2.151107e-01
1.993997e-01
1.580626e-01
1.422241e-01
1.782439e-01
2.099849e-01
2.016584e-01
5.028620e-02
3.149701e-01
4.176797e-01
4.334079e-01
7.580025e-02
0
0
0
0
0
0
0
1.112505e-01
0
1.911854e-02
0
0
0
2.344367e-01
1.211791e-01
3.541016e-01
1.849917e-01
1.593983e-01
0
5.600391e-01
5.508710e-01
6.027822e-01
3.375062e-01
9.353779e-02
0
4.781715e-01
4.405040e-01
0
0
0
4.143355e-01
0
4.357195e-01
0
0
0
0
0
0
1.957126e-01
0
1.373197e-01
1.252044e-01
0
2.347961e-01
0
0
0
0
1.717631e-01
0
6.958034e-02
0
0
2.125393e-02
0
0
0
0
0
5.508249e-02
0
0
9.555356e-03
0
0
0
0
0
0
0
0
0
0
0
8.008448e-02
3.110880e-01
0
0
0
0
0
0
0
0
0
1.786364e-01
0
4.811709e-02
0
0
0
0
0
0
4.609016e-01
1.000000e+00
2.634963e-01
6.503995e-01
1.425667e-01
2.455779e-01
2.664613e-01
2.346442e-01
2.648824e-01
3.098124e-01
3.178663e-01
2.876873e-01
2.924413e-01
3.631877e-01
2.120802e-01
3.605044e-01
0
2.723000e-01
3.953086e-01
4.016021e-01
2.743753e-01
9.025858e-02
1.211840e-02
1.368335e-01
0
0
0
0
0
0
0
0
1.380851e-01
1.449281e-01
7.827927e-02
0
0
0
0
0
1.790282e-01
2.146380e-01
3.423106e-01
1.735174e-01
2.131389e-01
3.170279e-01
2.165203e-01
2.140095e-01
0
0
1.484998e-01
2.105784e-01
0
3.025964e-01
0
0
0
0
3.922147e-01
1.328571e-01
4.397539e-01
1.712632e-01
4.070563e-01
1.247336e-01
1.108798e-01
0
0
0
0
3.127450e-01
3.324489e-01
0
0
0
8.110878e-02
4.058353e-01
7.708292e-03
0
5.636154e-02
4.287287e-01
0
0
9.260989e-02
0
1.089646e-01
0
3.464415e-03
0
0
0
0
0
0
0
0
0
2.215694e-01
3.892146e-01
0
0
0
0
0
0
3.627123e-01
9.970561e-02
0
0
0
0
9.772556e-02
4.627856e-02
1.276362e-01
1.279095e-01
4.791019e-01
4.048479e-01
7.069378e-01
2.634963e-01
1.000000e+00
5.181369e-01
4.450800e-01
2.586338e-01
3.716968e-01
3.667116e-01
5.204744e-01
3.661863e-01
2.529997e-01
3.150967e-01
2.195379e-01
3.324282e-01
3.899002e-01
2.994592e-01
1.676954e-01
3.265880e-01
5.013248e-01
4.217494e-01
0
0
3.739287e-02
0
0
0
0
0
4.101748e-01
0
3.642239e-01
2.807197e-01
0
0
0
0
7.579471e-02
4.143451e-03
8.027204e-02
0
4.712997e-01
5.391036e-01
5.330276e-01
2.713851e-01
0
0
3.195100e-01
1.521543e-01
9.023242e-02
0
3.071374e-01
3.491599e-01
2.926452e-01
3.738140e-01
0
0
0
0
0
0
2.771752e-01
0
2.090925e-01
2.548920e-01
0
0
0
0
0
0
3.346766e-02
0
7.154611e-02
0
0
8.102667e-02
0
1.880331e-01
0
0
4.279061e-02
1.893797e-01
0
0
3.842959e-02
0
0
0
0
0
0
0
0
0
0
0
2.614236e-01
2.556207e-01
0
0
0
0
0
0
6.347027e-02
1.392313e-01
0
1.664114e-02
0
0
0
0
0
0
0
0
5.629923e-01
6.503995e-01
5.181369e-01
1
2.304815e-01
4.492571e-01
9.006659e-02
1.413142e-01
0
2.891638e-03
1.546462e-01
1.682434e-01
2.866551e-01
3.194073e-01
5.348115e-01
5.743684e-01
4.199776e-01
5.192767e-01
5.149943e-01
4.960252e-01
5.465919e-01
2.870832e-01
2.325518e-01
5.016172e-02
0
0
0
0
0
0
0
0
1.766534e-01
1.428913e-01
0
0
0
0
0
0
1.220809e-01
1.351730e-01
4.445331e-01
2.078671e-01
1.567437e-01
1.070512e-01
2.586392e-01
1.871868e-01
0
0
6.891130e-02
2.339455e-01
1.326905e-01
4.613843e-01
0
0
0
0
2.532893e-01
0
2.895037e-01
1.473025e-01
3.422032e-01
3.494978e-01
2.323222e-01
0
0
0
0
1.985843e-01
3.902480e-01
0
1.323390e-01
2.562917e-01
8.944739e-02
2.919033e-01
1.393876e-01
0
2.634634e-01
2.268685e-01
0
0
4.098970e-02
0
0
0
0
0
2.268527e-02
0
0
0
0
0
0
3.022974e-01
4.412061e-01
5.955572e-01
0
0
0
0
2.102786e-01
0
0
0
0
0
3.816131e-01
6.037355e-01
0
8.244072e-02
1.993989e-01
2.984075e-01
2.623364e-01
5.114313e-01
6.469084e-01
1.425667e-01
4.450800e-01
2.304815e-01
1
6.391289e-01
4.089634e-02
1.333866e-01
2.677454e-01
1.925045e-01
0
0
0
0
0
0
0
4.680998e-02
1.094029e-01
1.155057e-01
7.954286e-06
0
0
0
0
0
2.406440e-02
0
2.588720e-01
0
2.431510e-01
2.941020e-01
0
0
4.291689e-01
2.960298e-01
6.598553e-01
6.079155e-01
4.066593e-01
1.249082e-01
5.387326e-01
4.460331e-01
6.902374e-01
5.288615e-01
3.594864e-01
2.333120e-01
4.446489e-01
6.145547e-01
9.471117e-02
0
0
5.199748e-01
0
2.393874e-01
0
0
0
7.922258e-04
0
0
0
0
1.432608e-01
2.294404e-01
0
2.745497e-01
0
0
0
0
4.258613e-01
0
0
0
0
0
0
8.145151e-04
0
0
0
0
0
0
1.376086e-01
0
0
0
1.515464e-01
0
0
0
0
0
0
1.539185e-01
3.155218e-01
4.130456e-01
0
0
1.381424e-01
2.194639e-01
0
0
0
5.498244e-02
2.240517e-02
5.376296e-02
1.609063e-01
2.496007e-01
0
0
1.464915e-01
1.243950e-01
1.803708e-01
3.062662e-01
3.264866e-01
2.455779e-01
2.586338e-01
4.492571e-01
6.391289e-01
1
0
0
2.043635e-02
0
0
0
0
0
0
0
4.507375e-03
3.309230e-01
0
0
1.878684e-01
8.872978e-02
8.356208e-02
0
0
0
0
0
2.115593e-01
0
1.291003e-01
8.938464e-02
1.090044e-01
1.405895e-01
2.406097e-01
5.126358e-02
4.256896e-01
5.364678e-01
1.659633e-01
1.471263e-01
1.800810e-01
0
4.820387e-01
2.556755e-01
2.336465e-01
3.272644e-01
1.281638e-01
4.552905e-01
0
0
0
6.338233e-01
0
2.414805e-02
0
0
0
0
0
0
2.040300e-02
0
1.525169e-01
1.976696e-01
7.741223e-02
1.967962e-02
5.753170e-02
0
0
0
5.955300e-01
3.212705e-01
0
0
0
0
0
0
0
8.584175e-02
0
0
0
0
0
0
0
0
0
0
0
0
0
0
0
0
4.627863e-01
2.936502e-01
0
0
0
0
0
0
0
0
0
0
3.615710e-01
6.213411e-02
0
1.074637e-01
8.002514e-02
5.279281e-02
0
0
2.190657e-01
2.664613e-01
3.716968e-01
9.006659e-02
4.089634e-02
0
1.000000e+00
9.334470e-01
8.443428e-01
9.009739e-01
9.268144e-01
9.362676e-01
8.153963e-01
7.721289e-01
2.615985e-01
1.528203e-01
0
0
6.456114e-01
6.120071e-01
6.516630e-02
0
0
0
0
0
5.731173e-02
0
0
0
0
0
0
0
6.377102e-03
0
0
0
2.008841e-02
0
5.449620e-01
5.679719e-01
4.007715e-01
2.275693e-01
2.203803e-01
9.074157e-02
2.656827e-01
0
0
0
1.584057e-01
0
0
0
0
0
0
0
1.656420e-03
0
4.971963e-01
0
6.851728e-01
5.025287e-01
0
0
0
4.415920e-02
0
0
0
0
0
0
0
6.599036e-01
3.305676e-01
5.073922e-01
0
0
0
0
0
0
0
0
0
0
0
0
0
0
0
0
0
0
6.114184e-01
3.953274e-01
0
0
0
0
0
0
0
0
0
0
4.401162e-01
2.339172e-01
4.148117e-03
1.584523e-01
1.101007e-02
3.997112e-02
0
0
3.039478e-01
2.346442e-01
3.667116e-01
1.413142e-01
1.333866e-01
0
9.334470e-01
1
7.294252e-01
8.563882e-01
9.346202e-01
8.723104e-01
8.442489e-01
7.449735e-01
3.942434e-01
1.857263e-01
5.619775e-02
0
7.642794e-01
7.204410e-01
2.171871e-01
0
0
0
0
0
1.911565e-01
0
0
0
0
0
0
0
7.087347e-02
0
6.259913e-02
0
1.479030e-01
0
5.572748e-01
6.530870e-01
5.248178e-01
3.730337e-01
3.772062e-01
1.483232e-01
3.575777e-01
7.372368e-02
0
0
1.475233e-01
0
0
1.068466e-01
0
0
0
0
0
0
4.411796e-01
0
6.959590e-01
5.732202e-01
0
0
0
1.211830e-01
0
0
0
0
8.626756e-03
0
0
6.935107e-01
3.501107e-01
5.725185e-01
0
0
0
0
0
0
0
0
0
0
0
0
0
0
0
0
0
0
3.411986e-01
4.769709e-01
0
0
0
0
0
0
0
0
0
0
2.859769e-01
1.624535e-01
3.404056e-02
2.061898e-01
1.306931e-01
1.445937e-01
3.196953e-01
3.371047e-01
2.784096e-01
2.648824e-01
5.204744e-01
0
2.677454e-01
2.043635e-02
8.443428e-01
7.294252e-01
1
9.015539e-01
6.724303e-01
7.058897e-01
4.631456e-01
5.125120e-01
0
0
0
0
3.994845e-01
3.204937e-01
0
0
0
0
0
0
0
0
2.112755e-01
0
3.441611e-01
2.483604e-01
0
0
1.469364e-01
0
0
0
4.378166e-02
0
6.859370e-01
6.666647e-01
4.695185e-01
3.342595e-01
1.644571e-01
1.614530e-01
3.230427e-01
1.467209e-02
1.097796e-02
0
4.124998e-01
1.478465e-01
0
0
0
0
0
0
0
0
3.258452e-01
0
4.898587e-01
2.592675e-01
0
0
0
0
0
0
0
0
0
0
0
3.943407e-01
0
3.438684e-01
0
0
0
0
0
0
0
0
0
0
0
0
0
0
0
0
0
0
4.262598e-01
4.315443e-01
0
0
0
0
0
0
0
0
0
0
3.361311e-01
1.950210e-01
0
1.201343e-01
0
4.653055e-02
2.252546e-02
8.443312e-02
2.151107e-01
3.098124e-01
3.661863e-01
2.891638e-03
1.925045e-01
0
9.009739e-01
8.563882e-01
9.015539e-01
1
7.718579e-01
8.367179e-01
6.601055e-01
7.185005e-01
1.252289e-01
2.190546e-02
0
0
5.228228e-01
5.202177e-01
0
0
0
3.878909e-02
0
0
5.497314e-02
0
0
0
2.444905e-01
2.022958e-01
0
0
1.990622e-01
0
3.911254e-03
0
8.031374e-02
0
6.425178e-01
6.427269e-01
4.722355e-01
3.132692e-01
2.313796e-01
1.774360e-01
2.673970e-01
3.730148e-02
0
0
2.938805e-01
9.018494e-02
0
0
0
0
0
5.774769e-03
0
0
3.602597e-01
0
5.868926e-01
4.451359e-01
0
0
0
7.290587e-02
0
0
0
0
0
0
0
5.020807e-01
1.725582e-01
4.566777e-01
0
0
0
2.007764e-02
0
0
0
0
0
0
0
0
0
0
0
0
0
0
5.234579e-01
3.154558e-01
0
0
0
0
0
0
0
0
0
0
4.340666e-01
1.884316e-01
0
8.802912e-02
1.141237e-01
5.393991e-02
0
0
1.993997e-01
3.178663e-01
2.529997e-01
1.546462e-01
0
0
9.268144e-01
9.346202e-01
6.724303e-01
7.718579e-01
1
9.016939e-01
8.803895e-01
7.364937e-01
3.784421e-01
2.355122e-01
8.823067e-02
0
7.808646e-01
7.322188e-01
2.324794e-01
0
0
0
0
0
2.202871e-01
0
0
0
0
0
0
0
0
0
0
0
2.212189e-02
0
4.023273e-01
4.945097e-01
4.181688e-01
2.982626e-01
4.108257e-01
2.816169e-01
3.108102e-01
1.982984e-02
0
0
6.414555e-02
0
0
6.460852e-02
0
0
0
0
1.241712e-01
0
5.901851e-01
0
7.998125e-01
5.205633e-01
0
0
0
4.089752e-02
0
0
0
0
0
0
0
7.213262e-01
2.922910e-01
5.098020e-01
0
0
0
0
0
0
0
0
0
0
0
0
0
0
0
0
0
0
3.352091e-01
1.907198e-01
0
0
0
0
0
0
0
0
0
0
2.356317e-01
0
0
0
0
3.547409e-02
0
0
1.580626e-01
2.876873e-01
3.150967e-01
1.682434e-01
0
0
9.362676e-01
8.723104e-01
7.058897e-01
8.367179e-01
9.016939e-01
1
8.778898e-01
8.338592e-01
3.635134e-01
3.391349e-01
8.795835e-02
0
7.228788e-01
7.471255e-01
1.046828e-01
0
7.789027e-02
7.888163e-02
0
0
5.207949e-02
0
0
0
0
0
0
0
0
0
0
0
4.429589e-02
0
4.211769e-01
4.964434e-01
2.747190e-01
9.796487e-02
1.269533e-01
6.785170e-02
1.224091e-01
0
0
0
4.816602e-02
0
0
6.456246e-02
0
0
0
0
9.839094e-02
0
6.176026e-01
0
7.336331e-01
5.438892e-01
2.311703e-02
0
1.534632e-01
1.334807e-01
0
0
0
0
0
0
0
6.432866e-01
4.386703e-01
5.684023e-01
0
0
1.944587e-02
1.108562e-01
0
0
0
0
0
0
0
0
0
0
0
0
0
0
4.633326e-01
1.516515e-01
0
0
0
0
0
0
0
0
0
0
3.158778e-01
7.757600e-02
0
0
0
5.677016e-02
0
0
1.422241e-01
2.924413e-01
2.195379e-01
2.866551e-01
0
0
8.153963e-01
8.442489e-01
4.631456e-01
6.601055e-01
8.803895e-01
8.778898e-01
1
8.571750e-01
6.236504e-01
4.960131e-01
3.834942e-01
0
8.423917e-01
8.132678e-01
3.631223e-01
9.057319e-02
1.176794e-01
0
0
0
2.409459e-01
0
0
0
0
0
1.134654e-01
0
0
0
0
0
5.443003e-02
0
2.474565e-01
4.157509e-01
2.805685e-01
1.295567e-01
2.531589e-01
7.182136e-02
1.751055e-01
2.949738e-02
0
0
5.873167e-02
0
1.654664e-02
2.315490e-01
0
0
0
0
8.056135e-02
0
4.941324e-01
0
7.503659e-01
6.651085e-01
1.114662e-01
0
2.670847e-01
3.164130e-01
0
0
0
0
0
0
0
7.145341e-01
5.346721e-01
5.126468e-01
0
0
0
0
0
0
0
0
0
0
0
0
0
0
0
0
0
0
2.906265e-01
4.335505e-02
0
0
0
0
0
0
0
0
0
0
0
0
0
0
0
0
0
0
1.782439e-01
3.631877e-01
3.324282e-01
3.194073e-01
0
0
7.721289e-01
7.449735e-01
5.125120e-01
7.185005e-01
7.364937e-01
8.338592e-01
8.571750e-01
1
5.089355e-01
6.367936e-01
3.036478e-01
4.923264e-02
6.707422e-01
6.870497e-01
1.439181e-01
0
1.782298e-01
1.826236e-01
0
0
0
0
0
0
0
0
0
0
0
0
0
0
0
0
2.709243e-01
3.610412e-01
2.154883e-01
4.295029e-02
1.922003e-02
0
2.328278e-01
0
0
0
1.646038e-01
0
7.039686e-03
1.257498e-01
0
0
0
0
1.355793e-01
0
4.166848e-01
0
4.884077e-01
5.019498e-01
1.698579e-01
0
1.952145e-01
2.557035e-01
0
0
0
0
5.438959e-03
0
0
6.420150e-01
3.869535e-01
3.109912e-01
0
0
2.327342e-01
1.409837e-01
0
0
0
0
0
0
0
0
0
0
0
0
0
0
2.697380e-01
1.066196e-01
0
0
1.279577e-01
0
0
0
6.774607e-02
0
0
0
0
0
0
0
2.850996e-02
1.359147e-01
0
0
2.099849e-01
2.120802e-01
3.899002e-01
5.348115e-01
0
0
2.615985e-01
3.942434e-01
0
1.252289e-01
3.784421e-01
3.635134e-01
6.236504e-01
5.089355e-01
1
7.362575e-01
8.616285e-01
3.970665e-01
7.578749e-01
7.005455e-01
4.339068e-01
3.095997e-01
4.943124e-01
9.655711e-02
0
0
5.234791e-02
0
0
0
0
0
9.366491e-02
5.326027e-02
0
0
7.860719e-02
0
1.680661e-01
6.054008e-02
0
1.705667e-01
1.807479e-01
1.647813e-02
0
0
0
1.001331e-01
0
0
9.426583e-02
6.808887e-02
4.641850e-01
6.373446e-01
0
0
0
0
6.414540e-02
0
4.330001e-01
0
4.146617e-01
5.826176e-01
1.289432e-01
0
8.937189e-02
4.447189e-01
1.294935e-01
0
0
0
1.045163e-01
2.796771e-01
0
3.497560e-01
4.224728e-01
3.953121e-01
3.064953e-01
0
3.779286e-01
1.509539e-01
0
0
0
0
0
0
0
0
0
0
0
0
0
0
0
0
0
3.521939e-02
0
0
0
0
2.580608e-01
6.165910e-02
0
0
0
0
0
0
0
0
0
0
2.016584e-01
3.605044e-01
2.994592e-01
5.743684e-01
0
0
1.528203e-01
1.857263e-01
0
2.190546e-02
2.355122e-01
3.391349e-01
4.960131e-01
6.367936e-01
7.362575e-01
1.000000e+00
7.163133e-01
5.074340e-01
5.531171e-01
5.632315e-01
1.559923e-01
5.550379e-02
4.201508e-01
3.248670e-01
0
0
0
0
0
1.076761e-01
0
0
0
1.786296e-01
0
0
0
0
0
0
0
0
0
0
0
0
0
0
0
4.537228e-02
0
0
3.798878e-01
5.182885e-01
0
0
0
0
3.957046e-01
0
4.493310e-01
2.155776e-01
1.032895e-01
2.102903e-01
3.103738e-01
0
1.162921e-01
2.581047e-01
1.960131e-01
2.382297e-01
0
3.759186e-02
2.232480e-01
4.170900e-01
1.057544e-01
3.487000e-01
3.653132e-01
6.385106e-03
4.398921e-01
2.154259e-01
4.015984e-01
3.139487e-01
0
0
0
0
0
0
0
0
0
0
0
0
0
0
9.936919e-02
0
7.321547e-02
2.029286e-01
1.995325e-01
2.182069e-01
0
0
2.326484e-01
0
8.476228e-02
0
0
0
0
0
0
1.644183e-02
0
0
5.028620e-02
0
1.676954e-01
4.199776e-01
0
4.507375e-03
0
5.619775e-02
0
0
8.823067e-02
8.795835e-02
3.834942e-01
3.036478e-01
8.616285e-01
7.163133e-01
1.000000e+00
4.416397e-01
4.991922e-01
4.683780e-01
4.115526e-01
3.688515e-01
4.619856e-01
1.127828e-01
0
0
0
0
0
1.074331e-01
0
0
2.277533e-01
2.884129e-01
0
8.420886e-02
1.297105e-01
0
1.555257e-01
2.291381e-01
0
0
0
0
0
0
0
7.219901e-02
0
0
0
8.897720e-02
4.775068e-01
5.379126e-01
0
0
0
0
7.174338e-02
0
2.777603e-01
5.594541e-02
1.538215e-01
3.577576e-01
1.856327e-01
0
1.477239e-01
3.878308e-01
2.649710e-01
0
0
4.984211e-02
3.153055e-01
5.454376e-01
8.371584e-02
8.530968e-02
2.935458e-01
3.035345e-01
4.198193e-01
2.681002e-02
6.738268e-02
0
2.131086e-01
4.408437e-02
2.605093e-01
0
3.571287e-01
4.640432e-02
5.946499e-02
6.952699e-02
0
0
1.417617e-01
0
0
0
0
0
0
6.193309e-03
1.899323e-01
3.425344e-01
0
0
2.866840e-01
2.642033e-01
1.207936e-01
1.470324e-01
0
0
0
0
0
0
1.854857e-01
1.040194e-01
3.149701e-01
2.723000e-01
3.265880e-01
5.192767e-01
4.680998e-02
3.309230e-01
0
0
0
0
0
0
0
4.923264e-02
3.970665e-01
5.074340e-01
4.416397e-01
1
0
1.100580e-01
0
0
3.004270e-01
2.525651e-01
4.855166e-02
0
0
0
1.030731e-01
7.947700e-02
0
0
0
2.705573e-01
1.627006e-02
1.163033e-02
0
0
0
1.338600e-01
0
0
0
0
0
0
0
0
0
0
0
1.837202e-02
2.963397e-02
2.663329e-01
3.592086e-01
4.644886e-01
0
0
1.520890e-01
0
7.516259e-02
1.388214e-02
0
1.800224e-01
4.339855e-01
0
0
1.771725e-02
2.207678e-01
8.866222e-02
3.217852e-01
3.908792e-01
0
6.662305e-02
0
0
4.884805e-02
0
2.976102e-01
3.098080e-01
0
4.253188e-02
0
0
0
0
0
0
0
0
0
0
0
0
0
0
4.644191e-01
3.735551e-01
0
0
0
0
0
0
0
0
0
0
1.819227e-01
1.821439e-01
0
0
6.106914e-02
1.091291e-01
0
0
4.176797e-01
3.953086e-01
5.013248e-01
5.149943e-01
1.094029e-01
0
6.456114e-01
7.642794e-01
3.994845e-01
5.228228e-01
7.808646e-01
7.228788e-01
8.423917e-01
6.707422e-01
7.578749e-01
5.531171e-01
4.991922e-01
0
1.000000e+00
8.979487e-01
4.061816e-01
1.445419e-01
1.407441e-01
0
0
0
1.444133e-01
0
0
0
0
0
3.983560e-02
0
0
0
6.367036e-02
0
1.210780e-01
0
2.683074e-01
5.272846e-01
4.767813e-01
2.978051e-01
3.165708e-01
2.420767e-01
2.581846e-01
2.438491e-01
0
0
1.096008e-01
2.001329e-01
2.264925e-01
5.926761e-01
0
0
0
0
1.015192e-01
0
6.296626e-01
0
7.427720e-01
5.694050e-01
0
0
0
1.234132e-01
0
0
0
0
1.285752e-01
1.323230e-01
0
5.873807e-01
3.064272e-01
5.117043e-01
3.339784e-02
0
2.338825e-02
0
0
0
0
0
0
0
0
0
0
0
0
0
0
0
3.937809e-01
2.799288e-01
0
0
0
0
0
0
0
0
0
0
2.204864e-01
1.283029e-01
0
0
6.021951e-02
1.693276e-01
0
0
4.334079e-01
4.016021e-01
4.217494e-01
4.960252e-01
1.155057e-01
0
6.120071e-01
7.204410e-01
3.204937e-01
5.202177e-01
7.322188e-01
7.471255e-01
8.132678e-01
6.870497e-01
7.005455e-01
5.632315e-01
4.683780e-01
1.100580e-01
8.979487e-01
1
3.439428e-01
6.372215e-02
2.719320e-01
1.307246e-01
0
0
9.417600e-02
0
0
0
0
0
4.051200e-02
0
3.041330e-03
4.328477e-02
1.473142e-01
0
2.234413e-01
0
3.017352e-01
4.289769e-01
4.357744e-01
2.501150e-01
2.394547e-01
9.223277e-02
9.857616e-02
5.399368e-02
0
0
0
2.552184e-02
6.339648e-02
6.142514e-01
0
0
0
0
7.085408e-02
0
6.128275e-01
0
7.513425e-01
7.059324e-01
1.235923e-02
0
1.003053e-02
1.497488e-01
0
0
0
0
8.185451e-03
0
0
4.988832e-01
3.680147e-01
4.705722e-01
0
0
3.036039e-01
5.663846e-01
0
0
0
0
0
0
0
0
7.836774e-02
2.775145e-01
0
0
0
0
6.434153e-01
4.398790e-01
2.842144e-01
2.470789e-01
0
9.866030e-02
0
0
0
0
9.092210e-02
9.074298e-02
4.670912e-01
4.050181e-01
0
0
1.084634e-01
7.455841e-02
0
0
7.580025e-02
2.743753e-01
0
5.465919e-01
7.954286e-06
1.878684e-01
6.516630e-02
2.171871e-01
0
0
2.324794e-01
1.046828e-01
3.631223e-01
1.439181e-01
4.339068e-01
1.559923e-01
4.115526e-01
0
4.061816e-01
3.439428e-01
1
7.566418e-01
2.230120e-01
0
0
0
5.099373e-01
3.160676e-01
0
0
0
0
6.903692e-01
3.289939e-01
9.681171e-02
1.114935e-01
2.540656e-01
2.496404e-01
2.875881e-01
1.537966e-01
1.912856e-02
8.744301e-02
4.215154e-01
3.769031e-01
5.876907e-01
3.247954e-01
2.251685e-01
3.183180e-01
0
0
2.101009e-01
3.081699e-02
1.556192e-01
2.437315e-01
0
0
0
0
0
0
0
5.766131e-02
4.808430e-01
4.014304e-01
7.945630e-02
0
2.044935e-01
3.094888e-01
0
0
1.428514e-01
0
1.537328e-01
2.552153e-01
2.830497e-01
4.131963e-01
2.137565e-01
1.107619e-01
7.498765e-02
6.110706e-02
4.191694e-01
5.964935e-01
0
0
0
0
0
0
0
0
7.293905e-02
4.071818e-01
0
7.826155e-02
0
0
2.803798e-01
2.460026e-01
4.230817e-01
3.713662e-01
0
7.562980e-02
0
0
0
0
2.353067e-01
2.399498e-01
2.785592e-01
2.658228e-01
0
0
1.379161e-01
2.080954e-01
0
0
0
9.025858e-02
0
2.870832e-01
0
8.872978e-02
0
0
0
0
0
0
9.057319e-02
0
3.095997e-01
5.550379e-02
3.688515e-01
0
1.445419e-01
6.372215e-02
7.566418e-01
1.000000e+00
2.726123e-01
9.658675e-02
1.158095e-01
0
6.275717e-01
5.245553e-01
0
0
0
0
6.306552e-01
3.358260e-01
0
2.665633e-02
4.041580e-02
2.706157e-01
2.052400e-01
2.968559e-01
0
0
3.581125e-03
1.689842e-01
4.251066e-01
3.307323e-01
0
9.323491e-02
0
0
2.416100e-01
0
2.916152e-01
2.182904e-01
0
0
0
0
1.193150e-01
1.194001e-01
0
1.260643e-01
3.356272e-01
2.277434e-01
2.325593e-01
0
3.526381e-01
4.167425e-01
3.045118e-01
1.359236e-01
1.015421e-01
0
6.726303e-02
4.307767e-01
4.834066e-01
1.509306e-01
8.806904e-02
7.648095e-02
2.313131e-01
2.937098e-01
3.736371e-01
0
0
0
0
0
1.454807e-02
0
0
0
0
5.971931e-02
0
0
0
0
0
0
0
0
4.099684e-01
1.727006e-02
0
0
1.131230e-01
2.073209e-01
3.107343e-01
0
0
0
0
0
0
9.881387e-02
0
0
0
1.211840e-02
3.739287e-02
2.325518e-01
0
8.356208e-02
0
0
0
0
0
7.789027e-02
1.176794e-01
1.782298e-01
4.943124e-01
4.201508e-01
4.619856e-01
3.004270e-01
1.407441e-01
2.719320e-01
2.230120e-01
2.726123e-01
1
7.905654e-01
4.987267e-01
0
9.117098e-02
0
0
1.685023e-01
3.534668e-01
4.739650e-01
1.033995e-01
1.539980e-01
0
0
1.347875e-02
3.703941e-02
1.691499e-01
7.365777e-02
0
0
0
0
0
0
0
0
0
2.054801e-02
4.940551e-02
0
4.330080e-01
4.402406e-01
3.235554e-02
7.402749e-02
0
0
0
0
6.941131e-02
2.489416e-01
4.513583e-02
3.628481e-01
5.074586e-01
0
4.618313e-01
7.020307e-01
3.451119e-01
0
2.767884e-01
2.605521e-01
0
1.159784e-01
1.185742e-01
0
4.210915e-01
2.308045e-01
1.618008e-01
5.604481e-02
2.854323e-01
0
0
8.406434e-02
0
0
5.707813e-02
3.995728e-02
0
0
0
1.303359e-01
9.805981e-02
2.150305e-02
0
0
0
0
0
0
1.903769e-01
0
0
0
0
9.954405e-03
2.236696e-01
0
0
0
0
0
0
0
0
0
0
1.368335e-01
0
5.016172e-02
0
0
0
0
0
3.878909e-02
0
7.888163e-02
0
1.826236e-01
9.655711e-02
3.248670e-01
1.127828e-01
2.525651e-01
0
1.307246e-01
0
9.658675e-02
7.905654e-01
1
5.336641e-01
1.445465e-01
0
0
0
1.976557e-01
3.269901e-01
5.238961e-01
0
1.412685e-01
0
0
0
0
0
2.533355e-02
0
0
0
0
0
0
0
0
0
2.210826e-01
9.728962e-03
0
1.365703e-01
2.464684e-01
3.135179e-01
1.650387e-01
0
0
8.331778e-02
6.416936e-02
5.556610e-02
2.656701e-01
0
1.453092e-01
5.758588e-01
0
4.651248e-01
4.526848e-01
3.219350e-01
0
4.018466e-01
2.403250e-01
0
2.417814e-02
1.240534e-01
0
1.465136e-01
0
2.922128e-03
1.766276e-01
1.291991e-01
0
0
1.177653e-01
0
0
2.851926e-01
0
3.079980e-02
0
0
0
4.004257e-01
0
0
0
0
0
0
0
0
0
0
0
0
0
0
0
0
0
0
2.447948e-01
5.661611e-02
3.898850e-01
2.655270e-01
2.141468e-01
0
0
0
0
0
0
0
0
0
0
0
0
0
0
0
0
0
4.855166e-02
0
0
0
1.158095e-01
4.987267e-01
5.336641e-01
1
1.111503e-01
1.677990e-01
2.199490e-02
1.663195e-01
2.652852e-01
4.834044e-01
5.710515e-01
0
0
0
0
0
4.006789e-02
1.231135e-01
2.584091e-01
0
0
0
0
0
0
0
0
2.517056e-02
0
1.728423e-01
0
3.306497e-01
0
3.917929e-01
3.518468e-01
8.581206e-02
3.919625e-02
0
0
0
0
0
2.569305e-01
2.945745e-01
0
2.304826e-01
4.836358e-01
2.192400e-01
0
7.497404e-02
2.295674e-01
0
0
0
0
8.322245e-02
2.717431e-01
0
0
0
0
3.105356e-01
5.339431e-01
7.480489e-02
5.636937e-01
3.982432e-01
7.815872e-01
3.751299e-01
6.986090e-01
2.480967e-02
1.957713e-01
5.776032e-01
4.829105e-01
3.714680e-01
4.176508e-01
0
0
2.825202e-01
2.064886e-01
4.952938e-02
2.242502e-01
3.325872e-01
4.380373e-01
2.148156e-01
1.708092e-01
2.098521e-01
2.311975e-01
0
0
2.201814e-01
1.863642e-01
0
0
1.900279e-01
3.057451e-01
0
0
0
0
0
0
0
0
0
0
0
0
0
0
0
0
0
0
0
0
0
0
0
1.445465e-01
1.111503e-01
1.000000e+00
0
1.983936e-01
3.232807e-01
5.676928e-01
0
3.050173e-02
0
1.143381e-01
1.813329e-01
2.126321e-01
0
1.092693e-01
0
2.256330e-01
0
0
0
0
0
0
0
0
0
3.470426e-01
0
6.246406e-02
0
0
5.352411e-01
4.334477e-01
5.828520e-01
3.132489e-01
0
3.105836e-01
0
0
0
0
1.360481e-01
1.281802e-01
5.911623e-02
0
3.534694e-02
0
0
2.283736e-01
0
0
1.709256e-02
0
0
0
0
5.727668e-02
1.665463e-01
1.708441e-01
0
0
0
0
0
0
0
0
2.636730e-01
5.380307e-01
0
2.768412e-01
2.914224e-02
2.956340e-01
5.104548e-01
3.911504e-01
2.158542e-01
1.449850e-01
4.863105e-02
0
0
0
0
0
0
4.300939e-02
6.712788e-01
6.390693e-01
0
2.219403e-02
1.431941e-01
3.317115e-01
0
0
0
0
0
0
2.406440e-02
0
5.731173e-02
1.911565e-01
0
5.497314e-02
2.202871e-01
5.207949e-02
2.409459e-01
0
5.234791e-02
0
0
0
1.444133e-01
9.417600e-02
5.099373e-01
6.275717e-01
9.117098e-02
0
1.677990e-01
0
1
6.070172e-01
0
0
0
0
6.003973e-01
1.925410e-01
4.892771e-02
1.819224e-01
2.274934e-01
3.198472e-01
2.519497e-01
2.178426e-01
0
0
1.888530e-01
4.334402e-01
6.665480e-01
3.776253e-01
7.285743e-02
2.626273e-01
0
0
9.595602e-02
0
0
7.898995e-02
0
0
6.724335e-02
0
0
0
0
0
4.182610e-01
3.423134e-01
1.704043e-02
1.498014e-02
3.819122e-01
5.227118e-01
0
0
1.095280e-02
0
0
0
1.855912e-01
2.010334e-01
1.723237e-01
2.436251e-01
0
0
4.332763e-01
3.499524e-01
0
8.284002e-02
0
2.744015e-01
0
3.693381e-01
0
9.457048e-02
4.382475e-01
8.176466e-01
3.077599e-01
6.338733e-01
3.149697e-01
3.215009e-01
2.064762e-02
0
7.367871e-01
5.510915e-01
1.172436e-01
2.692722e-01
0
1.714224e-01
0
0
3.063061e-01
4.820719e-01
2.740744e-01
3.432030e-01
0
0
6.259032e-02
8.990858e-02
0
0
0
0
0
0
0
0
0
0
0
0
0
0
0
0
0
0
0
0
0
0
3.160676e-01
5.245553e-01
0
0
2.199490e-02
1.983936e-01
6.070172e-01
1
0
1.463706e-01
0
0
6.015920e-01
4.034117e-01
3.377152e-02
2.547503e-01
1.235177e-01
3.335372e-01
8.217730e-02
2.966322e-01
0
0
0
3.857534e-02
2.229833e-01
0
3.451813e-02
1.773535e-01
0
1.393269e-02
7.162604e-02
0
3.997576e-02
0
0
0
2.716522e-01
0
0
2.217684e-01
0
2.367190e-02
0
0
2.674279e-01
8.028008e-02
4.137411e-01
2.730691e-01
4.304412e-02
6.029902e-02
4.561699e-02
0
0
1.237269e-01
3.501175e-01
0
0
0
0
2.173510e-01
0
0
5.026317e-01
4.012972e-01
4.737617e-01
2.502215e-01
3.479199e-01
0
5.536508e-01
3.102349e-01
0
0
1.204068e-01
0
1.877852e-01
0
0
1.076640e-01
0
0
0
0
5.259817e-01
3.745845e-01
5.415436e-01
3.109897e-01
0
0
0
0
3.813904e-01
3.318233e-01
6.845300e-02
3.313880e-04
8.146899e-01
7.407725e-01
1.112505e-01
0
4.101748e-01
0
2.588720e-01
2.115593e-01
0
0
2.112755e-01
0
0
0
0
0
0
0
0
1.030731e-01
0
0
0
0
0
0
1.663195e-01
3.232807e-01
0
0
1
3.508776e-01
5.820724e-01
4.356825e-01
0
0
1.195905e-02
0
0
1.870966e-01
0
0
1.597013e-01
8.995108e-02
5.510132e-03
1.774285e-02
0
0
5.771735e-02
0
6.296939e-01
1.738142e-01
2.959018e-01
2.816516e-01
1.463828e-01
0
3.670052e-03
2.683574e-01
1.086538e-01
1.860842e-01
0
1.861620e-01
0
0
0
0
0
3.440844e-01
0
0
0
5.098953e-02
2.983787e-02
2.264116e-01
1.764214e-01
0
0
0
0
0
0
0
4.063251e-01
1.293818e-01
3.384336e-01
5.390833e-01
3.724042e-01
1.563959e-01
4.662643e-01
3.069559e-01
4.002179e-02
2.647547e-01
1.117279e-01
1.165019e-01
5.820077e-01
2.448509e-01
1.087564e-01
0
0
0
3.233949e-01
2.384007e-01
1.497833e-01
1.051658e-01
2.427075e-01
4.253982e-01
7.424101e-01
5.407775e-01
4.266772e-01
1.112632e-01
0
0
2.427621e-01
5.142433e-02
0
0
1.274256e-01
5.480882e-02
0
0
0
0
0
0
0
0
0
0
0
0
0
0
0
1.076761e-01
1.074331e-01
7.947700e-02
0
0
0
0
1.685023e-01
1.976557e-01
2.652852e-01
5.676928e-01
0
1.463706e-01
3.508776e-01
1
1.900734e-01
1.816100e-01
0
0
0
0
0
0
0
1.301312e-01
0
0
0
0
0
0
0
0
2.117465e-01
5.213986e-01
1.239989e-01
0
5.318214e-01
0
1.833345e-01
3.662118e-01
1.703148e-01
8.463063e-02
0
1.904799e-01
0
2.231544e-01
0
0
5.626064e-02
1.601751e-01
0
0
2.943450e-01
2.137309e-01
0
2.119515e-01
1.332566e-01
2.888288e-01
1.970255e-01
0
0
0
1.883212e-01
8.644737e-02
0
0
2.074049e-01
1.497523e-01
3.271417e-01
0
1.968368e-01
0
5.442694e-02
0
0
0
0
0
0
0
0
2.828974e-01
0
0
8.305275e-02
0
1.979940e-03
0
2.762205e-01
2.474352e-01
0
0
0
0
5.075923e-03
2.241125e-01
1.081156e-01
3.693814e-01
6.544600e-01
6.324948e-01
1.911854e-02
0
3.642239e-01
0
2.431510e-01
1.291003e-01
0
0
3.441611e-01
2.444905e-01
0
0
0
0
0
0
0
0
0
0
0
0
3.534668e-01
3.269901e-01
4.834044e-01
0
0
0
5.820724e-01
1.900734e-01
1.000000e+00
9.188863e-01
0
0
6.675143e-02
0
3.705552e-02
2.021444e-01
9.361458e-02
1.042626e-02
1.936874e-01
1.674654e-01
1.701809e-01
1.151133e-01
0
0
0
0
3.198628e-01
2.719052e-01
3.168967e-01
2.286559e-01
2.623033e-01
1.117963e-01
0
1.397402e-01
0
1.857642e-01
0
0
7.165547e-02
0
0
0
0
1.875410e-01
0
0
0
0
8.784746e-02
1.762538e-01
0
0
0
0
0
2.310677e-01
0
0
0
0
1.416657e-01
1.197148e-01
2.323152e-01
0
1.587329e-01
0
0
0
0
0
0
0
0
0
0
2.680532e-01
0
0
7.286084e-02
0
0
0
1.596165e-01
2.199913e-01
6.828685e-02
0
0
5.693494e-02
0
1.356666e-01
0
3.561966e-01
5.221150e-01
5.768748e-01
0
0
2.807197e-01
0
2.941020e-01
8.938464e-02
0
0
2.483604e-01
2.022958e-01
0
0
0
0
0
0
0
0
0
0
0
0
4.739650e-01
5.238961e-01
5.710515e-01
3.050173e-02
0
0
4.356825e-01
1.816100e-01
9.188863e-01
1
0
0
1.170191e-01
0
6.625902e-02
2.380678e-01
1.602934e-01
1.408867e-02
1.443609e-01
1.275631e-01
1.503513e-01
1.619410e-01
0
0
0
0
2.765329e-01
3.426754e-01
3.136016e-01
9.085874e-02
2.518031e-01
1.832093e-01
0
2.319240e-01
0
1.401594e-01
0
0
0
0
0
2.558615e-02
0
1.669711e-01
0
1.064223e-01
0
0
2.837775e-01
1.221981e-01
0
0
0
0
0
1.233897e-01
0
0
4.162386e-01
5.448693e-01
0
0
0
5.819838e-02
0
1.530008e-01
0
0
3.130007e-01
7.089527e-01
0
4.376276e-01
2.568203e-02
1.760890e-01
2.999177e-01
9.020548e-02
6.124932e-01
6.224594e-01
1.795200e-01
4.417039e-01
0
3.387743e-02
0
0
2.704378e-01
4.110147e-01
3.940823e-01
3.870892e-01
0
0
3.286418e-02
0
0
0
0
1.380851e-01
0
1.766534e-01
0
1.090044e-01
0
0
0
0
0
0
1.134654e-01
0
9.366491e-02
0
2.277533e-01
0
3.983560e-02
4.051200e-02
6.903692e-01
6.306552e-01
1.033995e-01
0
0
0
6.003973e-01
6.015920e-01
0
0
0
0
1.000000e+00
7.764295e-01
1.074262e-01
2.681896e-01
1.895415e-01
2.572493e-01
4.128152e-02
1.845179e-01
0
0
8.241995e-02
1.984058e-01
5.567862e-01
3.725595e-01
7.075886e-02
2.998084e-01
0
0
0
0
0
5.044054e-02
0
0
0
0
1.243291e-01
1.326943e-01
0
2.263830e-01
2.109027e-01
1.222250e-01
2.482523e-01
0
4.525525e-01
2.950863e-01
1.077263e-01
1.144247e-01
2.397646e-01
0
5.312310e-02
3.675152e-01
5.840872e-01
1.566737e-01
1.292555e-01
0
1.876322e-01
3.439056e-01
4.486088e-01
3.946870e-01
0
1.387866e-01
0
1.656691e-01
0
5.049207e-01
0
2.135932e-01
1.853028e-01
6.707335e-01
2.960515e-01
5.958111e-01
1.021801e-01
3.039239e-01
0
0
5.965713e-01
6.991041e-01
3.393372e-01
7.106875e-01
0
1.468448e-01
0
7.410307e-03
3.699531e-01
4.626959e-01
5.060415e-02
0
0
0
0
0
0
0
0
1.449281e-01
0
1.428913e-01
0
1.405895e-01
0
0
0
0
0
0
0
0
5.326027e-02
1.786296e-01
2.884129e-01
2.705573e-01
0
0
3.289939e-01
3.358260e-01
1.539980e-01
1.412685e-01
0
1.143381e-01
1.925410e-01
4.034117e-01
0
0
0
0
7.764295e-01
1.000000e+00
1.654515e-01
3.309552e-01
1.472423e-01
1.083114e-01
0
2.414809e-01
0
0
0
0
7.404408e-02
2.385912e-02
0
1.476811e-01
0
0
0
0
0
6.042566e-02
3.526079e-01
4.052329e-02
1.266819e-01
0
1.869635e-01
1.147030e-01
0
2.524648e-01
0
0
4.180454e-01
3.334975e-02
3.953294e-01
2.207612e-01
2.013462e-01
1.276673e-01
2.575297e-01
2.627496e-01
0
3.050492e-01
4.629740e-01
0
1.602490e-01
0
3.083406e-01
4.699232e-01
0
0
1.101972e-01
2.161501e-02
0
9.622598e-02
4.779816e-02
1.297451e-01
0
0
4.056244e-02
7.048706e-02
0
0
0
6.301781e-02
2.443001e-01
3.672849e-01
8.421179e-02
1.029821e-01
2.666952e-01
4.395037e-01
5.596587e-02
0
0
0
1.382871e-01
6.949681e-02
5.164989e-01
4.835824e-01
0
1.507528e-01
1.268458e-01
1.573716e-01
0
1.362284e-01
2.344367e-01
7.827927e-02
0
0
4.291689e-01
2.406097e-01
6.377102e-03
7.087347e-02
1.469364e-01
1.990622e-01
0
0
0
0
0
0
0
1.627006e-02
0
3.041330e-03
9.681171e-02
0
0
0
0
1.813329e-01
4.892771e-02
3.377152e-02
1.195905e-02
0
6.675143e-02
1.170191e-01
1.074262e-01
1.654515e-01
1
5.961064e-01
6.826080e-01
4.951358e-01
6.985607e-01
5.255238e-01
5.876991e-01
4.284768e-01
2.174732e-01
1.358591e-01
1.760971e-01
2.392954e-02
0
2.666968e-01
0
0
0
1.951986e-01
0
0
0
7.015039e-02
0
0
0
0
0
0
3.429795e-02
7.486831e-02
0
2.069549e-01
0
0
0
0
1.758186e-01
0
0
0
0
0
0
0
0
0
0
0
1.449903e-01
2.901568e-01
0
2.646760e-01
1.331568e-01
4.350014e-01
0
2.138717e-01
3.491932e-01
3.251323e-01
2.373396e-01
2.970192e-01
1.928033e-01
4.165455e-01
3.369535e-01
1.633032e-01
2.053031e-01
1.799865e-01
0
3.235909e-01
2.822382e-01
1.454153e-01
0
0
0
0
4.827557e-01
5.150634e-01
1.475705e-01
4.340630e-01
1.296238e-01
1.325461e-01
0
0
1.211791e-01
0
0
0
2.960298e-01
5.126358e-02
0
0
0
0
0
0
0
0
0
0
8.420886e-02
1.163033e-02
0
4.328477e-02
1.114935e-01
2.665633e-02
0
0
0
2.126321e-01
1.819224e-01
2.547503e-01
0
0
0
0
2.681896e-01
3.309552e-01
5.961064e-01
1.000000e+00
6.847138e-01
5.167797e-01
6.115623e-01
6.982029e-01
1.706737e-01
6.249439e-02
1.147436e-01
2.371063e-01
2.620661e-01
0
1.862904e-01
1.719332e-01
0
0
0
0
0
5.948708e-02
5.357974e-02
0
3.856725e-02
0
0
0
0
0
0
1.484923e-01
0
2.031142e-01
0
0
0
0
1.013208e-01
0
1.681868e-01
0
0
0
0
0
0
0
0
0
0
0
0
0
1.005640e-02
8.644300e-03
0
0
0
2.664698e-02
0
7.996440e-03
0
3.331708e-01
4.689381e-01
4.268769e-01
0
5.305205e-02
3.225180e-01
4.013615e-01
9.742245e-02
0
0
0
2.796794e-02
0
5.974734e-01
6.747309e-01
0
1.542571e-01
3.415144e-01
4.316705e-01
0
1.047410e-01
3.541016e-01
0
7.579471e-02
0
6.598553e-01
4.256896e-01
0
6.259913e-02
0
3.911254e-03
0
0
0
0
7.860719e-02
0
1.297105e-01
0
6.367036e-02
1.473142e-01
2.540656e-01
4.041580e-02
1.347875e-02
0
0
0
2.274934e-01
1.235177e-01
0
0
3.705552e-02
6.625902e-02
1.895415e-01
1.472423e-01
6.826080e-01
6.847138e-01
1
7.699908e-01
8.058548e-01
6.484833e-01
4.029772e-01
3.655067e-01
3.872835e-01
2.261419e-01
2.580557e-01
6.164871e-02
8.554544e-02
6.088525e-01
0
0
0
4.229640e-01
0
2.531192e-01
0
0
0
0
0
0
0
0
1.421970e-01
2.940087e-01
0
2.007422e-01
0
0
0
0
6.145703e-02
0
0
0
0
0
0
2.353367e-01
0
0
0
0
0
1.522241e-01
0
3.963527e-03
0
5.734104e-02
0
0
2.002282e-02
1.182310e-01
0
3.998993e-02
0
2.823581e-01
3.595298e-01
5.926788e-01
0
0
1.874610e-01
2.876300e-01
1.035885e-01
0
0
0
2.806319e-02
0
4.443892e-01
6.961665e-01
0
1.709098e-01
3.311446e-01
3.733169e-01
2.637660e-02
1.875125e-01
1.849917e-01
0
4.143451e-03
0
6.079155e-01
5.364678e-01
0
0
0
0
0
0
0
0
0
0
0
0
0
0
2.496404e-01
2.706157e-01
3.703941e-02
0
4.006789e-02
1.092693e-01
3.198472e-01
3.335372e-01
1.870966e-01
0
2.021444e-01
2.380678e-01
2.572493e-01
1.083114e-01
4.951358e-01
5.167797e-01
7.699908e-01
1
6.253756e-01
6.982290e-01
9.254973e-02
9.320609e-02
3.491382e-01
3.852969e-01
3.184050e-01
2.302291e-01
1.298260e-01
5.919085e-01
1.408725e-01
0
0
4.799620e-01
0
1.609267e-01
0
0
0
0
0
0
0
0
0
0
0
3.204185e-01
0
0
0
0
3.154880e-01
0
0
0
0
0
0
0
0
0
0
0
0
0
0
0
1.928783e-02
0
0
0
2.256352e-02
0
0
0
0
5.222181e-02
4.052390e-01
4.331491e-01
0
0
2.504143e-01
2.233707e-01
5.105869e-02
0
0
0
6.745225e-02
0
5.231187e-01
4.897265e-01
0
1.724426e-01
2.492633e-01
4.193480e-01
0
2.116580e-02
1.593983e-01
0
8.027204e-02
0
4.066593e-01
1.659633e-01
2.008841e-02
1.479030e-01
4.378166e-02
8.031374e-02
2.212189e-02
4.429589e-02
5.443003e-02
0
1.680661e-01
0
1.555257e-01
0
1.210780e-01
2.234413e-01
2.875881e-01
2.052400e-01
1.691499e-01
0
1.231135e-01
0
2.519497e-01
8.217730e-02
0
0
9.361458e-02
1.602934e-01
4.128152e-02
0
6.985607e-01
6.115623e-01
8.058548e-01
6.253756e-01
1.000000e+00
7.012114e-01
4.117459e-01
4.951941e-01
2.037614e-01
1.454003e-01
1.206724e-01
0
0
2.720292e-01
0
0
5.860645e-03
2.228458e-01
8.201710e-03
2.778086e-01
0
0
0
0
0
0
0
0
1.829374e-01
3.428043e-01
0
1.333273e-01
0
1.091011e-01
0
0
0
0
1.396775e-02
0
0
0
0
4.112548e-01
0
0
0
0
0
2.592402e-01
0
1.273777e-02
1.141113e-01
2.385578e-01
0
2.654524e-03
0
1.273865e-01
1.587645e-01
1.160865e-02
0
1.370753e-01
1.577785e-01
2.499812e-01
1.814359e-01
1.411599e-01
1.491038e-01
4.132116e-01
0
0
0
0
0
0
4.093088e-01
3.847788e-01
0
2.433701e-01
4.687264e-01
4.681138e-01
0
1.651165e-02
0
0
0
0
1.249082e-01
1.471263e-01
0
0
0
0
0
0
0
0
6.054008e-02
0
2.291381e-01
1.338600e-01
0
0
1.537966e-01
2.968559e-01
7.365777e-02
2.533355e-02
2.584091e-01
2.256330e-01
2.178426e-01
2.966322e-01
0
1.301312e-01
1.042626e-02
1.408867e-02
1.845179e-01
2.414809e-01
5.255238e-01
6.982029e-01
6.484833e-01
6.982290e-01
7.012114e-01
1
0
0
0
2.096605e-02
1.043527e-02
0
0
1.735237e-01
0
0
0
1.228781e-01
0
1.073203e-01
1.729290e-01
0
0
0
0
0
0
0
2.160530e-02
1.242118e-01
0
6.919111e-03
0
5.175134e-02
0
0
0
0
0
0
0
0
0
5.775503e-02
0
0
0
0
1.925589e-01
0
1.475063e-02
0
2.603580e-02
0
0
0
0
0
0
0
0
0
4.034831e-01
4.446508e-01
0
0
0
0
1.372014e-01
0
0
0
0
0
4.316343e-01
3.194590e-01
2.099613e-01
1.677616e-01
2.364489e-01
1.941687e-01
1.629793e-01
3.734143e-01
5.600391e-01
1.790282e-01
4.712997e-01
1.220809e-01
5.387326e-01
1.800810e-01
5.449620e-01
5.572748e-01
6.859370e-01
6.425178e-01
4.023273e-01
4.211769e-01
2.474565e-01
2.709243e-01
0
0
0
0
2.683074e-01
3.017352e-01
1.912856e-02
0
0
0
0
0
0
0
1.597013e-01
0
1.936874e-01
1.443609e-01
0
0
5.876991e-01
1.706737e-01
4.029772e-01
9.254973e-02
4.117459e-01
0
1
7.987383e-01
5.766104e-01
2.956293e-01
2.119562e-01
9.735544e-02
3.328563e-01
1.950750e-01
2.941122e-02
0
1.402751e-01
2.104190e-01
0
0
0
0
0
7.303888e-03
0
0
1.324144e-01
0
3.389150e-01
2.427834e-01
0
0
0
0
0
0
0
0
2.169999e-02
0
0
2.049712e-01
0
2.601037e-01
0
0
0
0
0
0
0
0
0
0
0
0
0
0
0
0
0
0
4.000826e-01
5.150613e-01
0
0
0
0
9.928233e-02
0
3.968793e-02
0
0
0
3.081827e-01
3.653484e-01
1.290696e-01
1.476422e-01
4.109483e-02
7.687217e-02
0
1.164049e-01
5.508710e-01
2.146380e-01
5.391036e-01
1.351730e-01
4.460331e-01
0
5.679719e-01
6.530870e-01
6.666647e-01
6.427269e-01
4.945097e-01
4.964434e-01
4.157509e-01
3.610412e-01
1.705667e-01
0
0
0
5.272846e-01
4.289769e-01
8.744301e-02
0
0
0
0
0
0
0
8.995108e-02
0
1.674654e-01
1.275631e-01
0
0
4.284768e-01
6.249439e-02
3.655067e-01
9.320609e-02
4.951941e-01
0
7.987383e-01
1.000000e+00
4.462739e-01
2.355186e-01
1.423214e-01
5.682600e-02
3.881749e-01
3.761638e-01
1.002630e-01
9.214947e-02
3.302262e-01
3.523481e-01
3.463555e-02
2.656216e-01
0
0
0
0
0
0
2.072012e-01
0
3.359663e-01
1.807155e-01
0
7.474324e-02
0
0
0
0
0
0
5.578069e-02
0
0
2.752324e-01
1.480380e-02
3.737456e-01
0
0
0
0
0
0
0
0
0
0
0
0
0
0
0
0
0
0
7.794337e-01
8.057320e-01
0
0
0
0
0
0
0
0
0
0
5.241181e-01
6.288353e-01
0
1.056289e-01
2.269691e-01
2.568901e-01
1.069893e-01
1.469275e-01
6.027822e-01
3.423106e-01
5.330276e-01
4.445331e-01
6.902374e-01
4.820387e-01
4.007715e-01
5.248178e-01
4.695185e-01
4.722355e-01
4.181688e-01
2.747190e-01
2.805685e-01
2.154883e-01
1.807479e-01
0
0
0
4.767813e-01
4.357744e-01
4.215154e-01
3.581125e-03
0
0
0
0
1.888530e-01
0
5.510132e-03
0
1.701809e-01
1.503513e-01
8.241995e-02
0
2.174732e-01
1.147436e-01
3.872835e-01
3.491382e-01
2.037614e-01
0
5.766104e-01
4.462739e-01
1
8.542901e-01
6.967478e-01
4.627013e-01
6.114460e-01
4.327424e-01
1.300432e-01
0
2.124250e-01
2.459029e-01
0
2.169949e-01
0
0
0
0
0
0
4.328305e-02
0
5.433761e-01
4.851636e-01
0
5.724449e-02
0
0
0
0
3.969989e-01
0
2.109775e-02
0
0
2.373021e-01
0
1.510725e-01
0
0
0
0
0
0
0
0
0
0
0
0
2.558583e-01
0
0
0
0
0
7.389993e-01
8.131964e-01
0
0
0
0
2.138346e-02
0
0
0
0
0
5.192024e-01
7.051988e-01
5.326414e-02
2.984515e-01
9.635466e-02
1.734839e-01
4.630181e-02
4.786355e-02
3.375062e-01
1.735174e-01
2.713851e-01
2.078671e-01
5.288615e-01
2.556755e-01
2.275693e-01
3.730337e-01
3.342595e-01
3.132692e-01
2.982626e-01
9.796487e-02
1.295567e-01
4.295029e-02
1.647813e-02
0
0
0
2.978051e-01
2.501150e-01
3.769031e-01
1.689842e-01
0
0
0
0
4.334402e-01
3.857534e-02
1.774285e-02
0
1.151133e-01
1.619410e-01
1.984058e-01
0
1.358591e-01
2.371063e-01
2.261419e-01
3.852969e-01
1.454003e-01
2.096605e-02
2.956293e-01
2.355186e-01
8.542901e-01
1
8.100421e-01
5.049546e-01
6.574207e-01
2.892216e-01
3.856907e-01
0
3.206419e-01
1.980434e-02
0
1.672572e-01
0
0
0
0
0
0
0
0
4.005647e-01
3.439668e-01
0
2.123401e-01
0
0
0
0
4.763189e-01
0
9.219339e-02
0
0
1.903161e-01
0
2.705852e-03
0
0
0
1.622101e-01
0
0
0
5.490304e-02
0
0
0
0
2.826600e-01
2.027089e-01
0
0
1.248051e-02
1.211501e-01
7.526685e-01
6.537220e-01
0
0
0
0
0
0
0
0
0
0
7.240599e-01
7.895426e-01
0
4.327805e-02
1.714043e-01
1.701970e-01
0
0
9.353779e-02
2.131389e-01
0
1.567437e-01
3.594864e-01
2.336465e-01
2.203803e-01
3.772062e-01
1.644571e-01
2.313796e-01
4.108257e-01
1.269533e-01
2.531589e-01
1.922003e-02
0
0
0
0
3.165708e-01
2.394547e-01
5.876907e-01
4.251066e-01
0
0
0
0
6.665480e-01
2.229833e-01
0
0
0
0
5.567862e-01
7.404408e-02
1.760971e-01
2.620661e-01
2.580557e-01
3.184050e-01
1.206724e-01
1.043527e-02
2.119562e-01
1.423214e-01
6.967478e-01
8.100421e-01
1.000000e+00
7.568000e-01
5.760199e-01
3.645093e-01
2.016230e-01
0
1.333002e-01
5.844905e-03
0
4.486893e-02
0
0
0
0
0
0
0
0
5.776447e-01
3.370957e-01
0
0
0
7.334475e-04
0
0
2.896126e-01
0
1.252297e-01
0
8.217437e-02
3.427319e-01
0
8.945049e-02
0
0
0
1.447402e-01
0
0
0
1.966650e-01
0
0
6.435528e-03
0
1.098313e-02
1.159435e-02
0
0
0
1.158333e-01
3.642194e-01
5.134037e-01
0
3.610058e-02
0
0
0
7.345940e-02
0
0
0
4.871500e-03
3.522730e-01
5.777903e-01
0
0
9.224737e-02
5.756206e-02
0
0
0
3.170279e-01
0
1.070512e-01
2.333120e-01
3.272644e-01
9.074157e-02
1.483232e-01
1.614530e-01
1.774360e-01
2.816169e-01
6.785170e-02
7.182136e-02
0
0
0
0
0
2.420767e-01
9.223277e-02
3.247954e-01
3.307323e-01
0
0
0
0
3.776253e-01
0
0
0
0
0
3.725595e-01
2.385912e-02
2.392954e-02
0
6.164871e-02
2.302291e-01
0
0
9.735544e-02
5.682600e-02
4.627013e-01
5.049546e-01
7.568000e-01
1
4.147381e-01
4.218901e-01
2.887276e-01
0
1.598312e-01
3.381896e-01
0
5.710151e-02
0
0
0
0
1.805461e-01
2.325855e-01
1.876646e-01
2.861624e-02
4.721516e-01
0
0
0
0
0
0
4.971615e-02
1.985343e-01
0
1.328929e-01
2.369278e-01
3.102095e-01
1.527001e-01
0
7.023473e-02
0
9.141601e-02
0
0
0
0
0
9.785452e-02
0
0
0
6.518496e-02
3.162757e-01
0
0
0
2.233990e-01
1.936690e-01
5.750139e-01
4.874321e-01
0
0
0
0
2.967846e-01
1.084467e-01
0
0
0
0
2.337938e-01
4.865636e-01
2.842066e-01
2.142822e-01
0
0
0
0
4.781715e-01
2.165203e-01
3.195100e-01
2.586392e-01
4.446489e-01
1.281638e-01
2.656827e-01
3.575777e-01
3.230427e-01
2.673970e-01
3.108102e-01
1.224091e-01
1.751055e-01
2.328278e-01
0
0
0
0
2.581846e-01
9.857616e-02
2.251685e-01
0
0
0
0
0
7.285743e-02
3.451813e-02
5.771735e-02
0
0
0
7.075886e-02
0
0
1.862904e-01
8.554544e-02
1.298260e-01
0
0
3.328563e-01
3.881749e-01
6.114460e-01
6.574207e-01
5.760199e-01
4.147381e-01
1
3.933875e-01
3.656802e-01
0
2.618268e-01
1.494711e-01
0
1.054711e-02
0
0
0
0
0
0
0
0
1.222462e-01
0
0
2.288796e-01
0
0
0
0
2.660108e-01
0
3.158331e-01
0
0
2.309882e-01
0
0
0
0
0
0
0
0
1.029770e-03
0
0
0
0
0
0
6.927261e-02
0
4.185842e-02
0
4.218826e-01
4.351579e-01
5.297369e-01
0
1.074001e-01
1.692038e-01
2.244479e-01
3.233156e-02
0
0
4.586374e-02
6.008196e-02
0
3.231625e-01
6.439388e-01
0
0
7.707307e-02
5.261325e-02
0
0
4.405040e-01
2.140095e-01
1.521543e-01
1.871868e-01
6.145547e-01
4.552905e-01
0
7.372368e-02
1.467209e-02
3.730148e-02
1.982984e-02
0
2.949738e-02
0
1.001331e-01
0
7.219901e-02
0
2.438491e-01
5.399368e-02
3.183180e-01
9.323491e-02
0
0
0
0
2.626273e-01
1.773535e-01
0
0
0
0
2.998084e-01
1.476811e-01
2.666968e-01
1.719332e-01
6.088525e-01
5.919085e-01
2.720292e-01
1.735237e-01
1.950750e-01
3.761638e-01
4.327424e-01
2.892216e-01
3.645093e-01
4.218901e-01
3.933875e-01
1
0
3.327677e-02
6.181954e-03
7.665000e-01
0
3.386430e-01
0
0
0
0
0
0
0
0
1.030667e-01
0
0
3.159232e-01
0
0
0
0
9.607887e-02
0
0
0
0
0
0
0
0
0
0
0
3.018346e-01
3.318308e-01
2.199164e-01
2.610578e-01
0
0
2.174598e-01
3.602874e-02
5.020735e-01
0
8.564245e-02
0
3.060819e-01
0
7.606799e-03
2.699174e-01
0
0
0
0
6.018176e-01
6.048180e-01
3.311732e-01
1.298024e-01
0
0
0
1.792680e-01
4.381761e-01
3.537517e-01
0
0
2.963427e-01
2.217844e-01
0
0
9.023242e-02
0
9.471117e-02
0
0
0
1.097796e-02
0
0
0
0
0
0
0
0
0
0
0
0
0
0
0
2.517056e-02
0
0
0
6.296939e-01
2.117465e-01
3.198628e-01
2.765329e-01
0
0
0
0
0
1.408725e-01
0
0
2.941122e-02
1.002630e-01
1.300432e-01
3.856907e-01
2.016230e-01
2.887276e-01
3.656802e-01
0
1.000000e+00
3.253548e-01
4.857234e-01
3.791434e-02
3.868034e-01
0
0
0
7.458372e-02
0
0
2.101054e-01
0
0
0
0
0
5.078842e-01
0
0
0
1.966155e-01
1.145732e-01
0
5.728382e-01
9.938593e-02
6.340205e-02
0
0
0
0
0
1.596771e-01
0
1.679820e-01
4.997926e-01
1.357085e-01
2.301897e-01
1.045511e-01
3.227429e-01
1.887043e-02
2.543252e-01
3.444414e-01
2.200184e-01
2.056595e-01
3.802966e-01
1.164182e-01
2.142317e-01
0
0
1.267995e-03
5.790057e-02
3.871658e-02
0
3.750508e-01
4.904747e-01
3.487273e-01
2.750563e-01
2.514779e-01
0
0
0
1.632037e-01
1.737434e-01
0
0
1.207057e-01
1.802554e-01
0
0
0
0
0
0
0
0
0
0
0
0
0
0
0
4.537228e-02
0
0
0
0
0
0
2.054801e-02
2.210826e-01
0
3.470426e-01
0
1.393269e-02
1.738142e-01
5.213986e-01
2.719052e-01
3.426754e-01
0
0
0
0
0
0
0
0
0
9.214947e-02
0
0
0
0
0
3.327677e-02
3.253548e-01
1
0
8.353505e-02
2.301331e-01
2.914302e-01
0
1.373956e-01
3.659994e-01
3.264170e-01
3.362852e-02
1.546920e-02
0
9.031937e-02
0
0
0
3.093826e-01
0
0
0
1.278708e-01
0
6.878613e-02
4.681660e-02
1.347599e-01
1.007654e-01
0
0
0
0
0
0
4.407090e-02
0
0
1.044769e-01
0
0
0
0
0
0
0
0
0
0
0
2.256601e-01
4.638343e-01
0
0
0
0
0
0
1.185958e-01
0
0
0
0
1.522648e-01
0
0
0
0
8.504767e-02
0
0
1.484998e-01
3.071374e-01
6.891130e-02
0
0
1.584057e-01
1.475233e-01
4.124998e-01
2.938805e-01
6.414555e-02
4.816602e-02
5.873167e-02
1.646038e-01
9.426583e-02
0
0
0
1.096008e-01
0
2.101009e-01
2.416100e-01
4.940551e-02
9.728962e-03
1.728423e-01
0
9.595602e-02
7.162604e-02
2.959018e-01
1.239989e-01
3.168967e-01
3.136016e-01
0
0
0
0
0
0
5.860645e-03
0
1.402751e-01
3.302262e-01
2.124250e-01
3.206419e-01
1.333002e-01
1.598312e-01
2.618268e-01
6.181954e-03
4.857234e-01
0
1
0
4.977948e-01
0
0
0
0
0
0
1.018274e-01
0
0
6.078733e-02
0
0
0
0
1.262103e-01
0
6.211860e-02
2.137751e-02
0
5.714707e-02
0
0
2.843647e-01
0
1.890577e-02
0
0
0
0
0
0
2.067112e-01
0
0
0
0
0
0
0
0
0
0
1.990738e-01
1.245881e-01
4.127237e-01
0
0
2.226108e-01
1.511379e-01
3.644136e-02
0
2.201725e-01
2.034450e-01
1.085728e-01
0
0
2.645923e-01
0
0
2.839940e-03
0
9.732557e-02
2.106335e-01
4.143355e-01
2.105784e-01
3.491599e-01
2.339455e-01
5.199748e-01
6.338233e-01
0
0
1.478465e-01
9.018494e-02
0
0
0
0
6.808887e-02
0
8.897720e-02
1.837202e-02
2.001329e-01
2.552184e-02
3.081699e-02
0
0
0
0
6.246406e-02
0
0
2.816516e-01
0
2.286559e-01
9.085874e-02
0
0
1.951986e-01
0
4.229640e-01
4.799620e-01
2.228458e-01
1.228781e-01
2.104190e-01
3.523481e-01
2.459029e-01
1.980434e-02
5.844905e-03
3.381896e-01
1.494711e-01
7.665000e-01
3.791434e-02
8.353505e-02
0
1
0
2.948160e-01
0
0
0
0
0
0
2.202844e-01
0
4.039981e-02
0
0
2.070837e-01
0
0
0
0
8.553604e-02
8.920627e-02
0
7.974212e-02
1.114731e-02
0
0
1.163012e-01
0
0
4.277421e-01
1.348894e-01
0
6.651290e-03
2.202077e-01
0
0
0
0
0
1.288803e-01
0
6.641778e-02
0
0
0
0
0
0
0
0
0
0
7.954412e-03
5.916949e-01
3.085096e-01
1.162765e-01
0
0
0
5.951365e-02
0
0
2.618417e-02
0
0
0
0
2.926452e-01
1.326905e-01
0
0
0
0
0
0
0
0
1.654664e-02
7.039686e-03
4.641850e-01
3.798878e-01
4.775068e-01
2.963397e-02
2.264925e-01
6.339648e-02
1.556192e-01
2.916152e-01
4.330080e-01
1.365703e-01
3.306497e-01
0
0
3.997576e-02
1.463828e-01
5.318214e-01
2.623033e-01
2.518031e-01
0
0
0
0
0
0
8.201710e-03
0
0
3.463555e-02
0
0
0
0
0
0
3.868034e-01
2.301331e-01
4.977948e-01
0
1
4.220024e-01
0
0
0
0
0
0
0
7.417255e-02
0
0
0
8.472259e-02
0
3.256366e-01
1.598038e-01
1.663393e-01
0
0
3.207898e-01
3.813992e-01
9.756566e-02
1.204411e-01
1.304760e-01
2.393300e-01
2.567725e-01
0
1.801576e-01
0
0
0
0
0
0
0
0
0
1.285800e-02
5.564021e-03
0
0
0
0
6.569880e-02
2.697176e-01
0
0
7.779219e-02
0
0
0
1.200984e-01
0
2.993110e-03
0
0
2.010577e-01
0
0
0
1.019151e-01
0
0
4.357195e-01
3.025964e-01
3.738140e-01
4.613843e-01
2.393874e-01
2.414805e-02
0
1.068466e-01
0
0
6.460852e-02
6.456246e-02
2.315490e-01
1.257498e-01
6.373446e-01
5.182885e-01
5.379126e-01
2.663329e-01
5.926761e-01
6.142514e-01
2.437315e-01
2.182904e-01
4.402406e-01
2.464684e-01
0
0
7.898995e-02
0
0
0
1.117963e-01
1.832093e-01
5.044054e-02
6.042566e-02
0
5.948708e-02
2.531192e-01
1.609267e-01
2.778086e-01
1.073203e-01
0
2.656216e-01
2.169949e-01
1.672572e-01
4.486893e-02
5.710151e-02
1.054711e-02
3.386430e-01
0
2.914302e-01
0
2.948160e-01
4.220024e-01
1
0
0
0
0
0
0
2.787810e-01
0
2.191592e-01
2.684815e-01
0
1.074580e-01
0
1.602333e-01
0
0
7.792867e-02
0
7.618720e-02
2.306083e-01
0
0
4.139028e-02
1.462312e-01
6.784794e-02
0
6.697863e-05
0
7.444503e-02
2.961745e-01
0
3.241305e-01
3.785631e-01
5.875435e-01
4.827308e-01
4.969378e-01
0
1.168836e-01
5.680033e-01
3.504058e-01
2.682652e-01
3.196264e-01
0
0
7.747440e-02
9.240019e-02
1.633831e-01
3.058961e-01
0
3.354666e-02
0
0
7.630201e-02
2.014584e-01
0
0
0
3.754142e-02
0
0
1.706771e-01
1.699374e-01
0
0
0
0
0
0
0
0
0
0
0
0
0
0
0
0
0
3.592086e-01
0
0
0
0
3.235554e-02
3.135179e-01
3.917929e-01
5.352411e-01
0
0
3.670052e-03
1.833345e-01
0
0
0
3.526079e-01
0
5.357974e-02
0
0
0
1.729290e-01
0
0
0
0
0
0
0
0
0
0
0
0
0
0
1
5.826525e-01
5.407258e-01
3.992550e-01
1.415015e-01
2.196491e-01
0
6.528010e-02
0
0
4.627757e-01
0
2.814936e-01
1.438181e-01
3.348701e-01
1.339478e-02
6.766644e-02
4.643373e-01
0
0
0
0
8.722759e-02
0
1.140428e-01
3.725283e-01
1.461345e-01
0
5.858836e-01
2.815347e-01
3.259955e-01
1.945438e-01
7.507512e-01
2.971173e-01
4.345403e-01
4.187686e-01
1.240855e-01
0
6.613275e-01
2.411681e-01
3.872942e-01
5.333421e-02
0
0
4.170690e-02
0
2.242017e-01
2.183008e-01
2.130325e-01
2.203577e-01
2.932160e-01
4.519583e-01
2.329495e-01
2.109732e-01
0
0
2.399215e-01
8.018563e-02
0
0
3.360267e-01
3.971962e-01
0
0
0
0
0
0
0
0
0
0
0
0
0
0
0
0
0
4.644886e-01
0
0
0
0
7.402749e-02
1.650387e-01
3.518468e-01
4.334477e-01
0
0
2.683574e-01
3.662118e-01
1.397402e-01
2.319240e-01
0
4.052329e-02
7.015039e-02
0
0
0
0
0
0
0
0
0
0
0
0
0
0
1.373956e-01
0
0
0
0
5.826525e-01
1
5.286372e-01
6.123562e-01
0
6.028174e-02
0
2.711977e-02
0
0
3.655349e-01
2.088082e-01
1.112518e-02
0
1.916539e-01
1.016985e-01
6.325211e-02
4.259503e-01
0
0
0
0
2.325883e-01
0
4.571904e-02
5.122247e-02
0
0
1.514783e-01
2.581148e-01
7.922943e-02
7.304735e-01
2.009893e-01
6.154710e-01
5.884469e-01
6.614547e-01
3.423580e-01
3.857592e-01
5.620934e-01
7.135441e-01
7.779864e-01
6.728064e-01
0
0
2.579274e-01
2.129682e-01
3.766277e-02
8.253034e-02
4.535346e-01
5.623754e-01
0
1.198452e-01
1.993660e-01
3.842877e-01
0
0
1.347482e-01
1.110530e-01
0
0
6.646178e-02
2.179634e-01
0
0
0
0
0
0
0
0
0
0
0
0
0
0
0
0
0
0
0
0
0
0
0
0
8.581206e-02
5.828520e-01
6.724335e-02
2.716522e-01
1.086538e-01
1.703148e-01
0
0
0
1.266819e-01
0
3.856725e-02
0
0
0
0
0
0
0
0
0
0
0
0
7.458372e-02
3.659994e-01
0
0
0
0
5.407258e-01
5.286372e-01
1
6.380170e-01
1.612718e-02
2.965442e-01
0
1.657135e-02
0
0
1.982317e-01
2.099180e-01
2.235843e-01
0
1.137325e-01
1.313155e-01
1.988241e-02
2.639605e-01
0
0
1.002048e-01
0
4.295175e-02
0
0
6.619729e-02
0
0
5.159009e-01
2.586015e-01
2.787242e-01
3.496934e-01
4.957770e-01
2.906220e-01
6.599219e-01
5.050722e-01
1.064577e-01
1.229702e-02
3.385629e-01
3.650005e-01
4.501760e-01
3.248171e-01
0
0
0
0
2.777795e-01
1.445334e-01
4.100085e-01
3.469021e-01
1.455033e-01
3.837310e-01
1.296446e-01
1.735835e-01
0
0
3.766710e-01
2.460893e-01
0
0
3.496450e-01
3.809790e-01
0
0
0
0
7.922258e-04
0
0
0
0
5.774769e-03
0
0
0
0
0
0
0
0
0
0
0
0
0
0
3.919625e-02
3.132489e-01
0
0
1.860842e-01
8.463063e-02
1.857642e-01
1.401594e-01
0
0
0
0
0
0
0
0
7.303888e-03
0
0
0
0
0
0
0
0
3.264170e-01
0
0
0
0
3.992550e-01
6.123562e-01
6.380170e-01
1
4.991874e-02
1.888634e-01
0
2.917151e-01
0
0
2.260253e-02
3.574879e-01
0
0
5.597224e-02
1.931829e-01
0
5.545445e-01
0
0
0
0
2.085666e-01
0
1.306445e-01
8.027249e-02
3.387794e-01
5.212228e-01
1.255030e-02
7.091954e-02
2.650447e-01
1.576572e-01
0
6.285399e-02
1.590837e-01
8.334075e-02
4.601334e-03
1.582056e-02
0
0
0
0
0
0
2.396978e-01
3.613489e-01
0
4.454239e-02
0
1.825889e-01
1.478657e-02
1.383535e-01
2.365551e-01
4.236682e-01
0
0
0
0
0
0
0
0
0
3.922147e-01
0
2.532893e-01
0
0
1.656420e-03
0
0
0
1.241712e-01
9.839094e-02
8.056135e-02
1.355793e-01
6.414540e-02
3.957046e-01
7.174338e-02
1.520890e-01
1.015192e-01
7.085408e-02
0
1.193150e-01
0
8.331778e-02
0
0
0
0
0
0
0
0
1.243291e-01
1.869635e-01
0
0
0
0
0
0
0
0
0
0
0
1.805461e-01
0
0
0
3.362852e-02
0
0
0
0
1.415015e-01
0
1.612718e-02
4.991874e-02
1
6.075037e-01
5.600205e-01
6.723574e-01
1.088914e-01
0
1.869829e-01
0
4.470144e-02
0
5.704076e-01
8.319666e-01
0
1.196705e-01
2.966072e-01
5.987557e-01
6.165969e-01
4.431604e-01
1.953988e-01
0
6.988816e-01
6.539570e-01
1.542755e-01
3.581432e-01
1.650232e-01
2.651485e-01
3.203716e-01
4.663793e-01
4.337044e-02
3.349355e-01
4.376121e-01
4.167175e-01
1.061107e-01
1.846051e-01
2.312590e-01
2.428971e-01
3.454546e-01
0
0
0
3.922110e-01
3.032595e-01
0
0
3.987062e-02
3.953087e-01
7.671823e-02
2.108248e-01
2.127897e-01
5.855232e-01
0
0
7.063997e-02
0
0
0
2.305004e-01
4.115511e-02
0
1.328571e-01
0
0
0
0
0
0
0
0
0
0
0
0
0
0
0
0
0
0
0
1.194001e-01
0
6.416936e-02
0
3.105836e-01
0
2.217684e-01
1.861620e-01
1.904799e-01
0
0
1.326943e-01
1.147030e-01
0
0
0
0
0
0
0
0
0
0
0
2.325855e-01
0
0
2.101054e-01
1.546920e-02
1.018274e-01
0
0
0
2.196491e-01
6.028174e-02
2.965442e-01
1.888634e-01
6.075037e-01
1.000000e+00
0
6.142376e-01
0
0
2.024132e-01
0
9.451762e-02
0
4.316506e-01
7.319542e-01
1.702113e-01
2.886544e-01
1.126144e-01
4.108281e-01
6.441121e-01
4.697960e-02
0
0
4.350858e-01
7.373390e-01
0
1.131549e-01
0
0
2.365685e-02
0
0
0
0
0
0
0
0
0
0
0
0
0
0
0
4.528613e-02
0
0
0
0
0
0
0
0
0
0
0
2.153356e-01
7.253596e-02
9.879434e-02
1.234015e-02
1.957126e-01
4.397539e-01
2.771752e-01
2.895037e-01
0
2.040300e-02
4.971963e-01
4.411796e-01
3.258452e-01
3.602597e-01
5.901851e-01
6.176026e-01
4.941324e-01
4.166848e-01
4.330001e-01
4.493310e-01
2.777603e-01
7.516259e-02
6.296626e-01
6.128275e-01
0
0
6.941131e-02
5.556610e-02
0
0
0
0
0
0
7.165547e-02
0
0
0
0
0
0
0
0
0
1.324144e-01
2.072012e-01
4.328305e-02
0
0
1.876646e-01
0
0
0
0
0
2.202844e-01
0
2.787810e-01
0
0
0
0
5.600205e-01
0
1
3.262058e-01
5.625002e-01
1.563659e-01
0
0
0
0
1.787313e-01
2.291745e-01
0
0
4.656276e-02
2.766741e-01
1.303288e-01
4.195878e-01
2.572092e-01
3.820240e-01
3.528473e-01
2.033177e-01
4.216567e-01
4.366754e-01
8.113975e-02
5.107830e-02
4.496614e-01
0
1.215634e-01
1.490429e-02
9.183939e-02
5.849448e-03
0
1.146332e-01
0
1.581722e-01
0
0
0
0
2.885226e-01
3.787357e-01
3.488983e-01
1.969560e-01
0
1.402083e-01
2.351901e-01
5.375793e-01
5.526212e-01
5.083130e-01
0
0
0
0
0
0
0
0
0
1.712632e-01
0
1.473025e-01
0
0
0
0
0
0
0
0
0
0
0
2.155776e-01
5.594541e-02
1.388214e-02
0
0
5.766131e-02
1.260643e-01
2.489416e-01
2.656701e-01
0
0
0
2.367190e-02
0
2.231544e-01
0
0
2.263830e-01
2.524648e-01
0
0
0
0
0
0
0
0
0
0
0
2.861624e-02
0
0
0
9.031937e-02
0
0
7.417255e-02
0
6.528010e-02
2.711977e-02
1.657135e-02
2.917151e-01
6.723574e-01
6.142376e-01
3.262058e-01
1.000000e+00
0
0
3.734131e-01
0
3.411272e-01
9.895508e-03
6.753458e-01
7.465058e-01
0
4.607284e-01
2.921201e-02
6.182603e-01
8.000557e-01
1.791443e-01
3.875456e-01
0
7.475125e-01
6.685231e-01
0
9.947590e-02
0
0
0
0
0
0
0
0
0
0
0
0
0
0
5.589904e-01
4.814722e-01
0
0
0
0
0
0
0
0
0
0
5.898749e-01
3.781854e-01
0
0
3.914231e-01
4.470621e-01
0
0
1.373197e-01
4.070563e-01
2.090925e-01
3.422032e-01
1.432608e-01
1.525169e-01
6.851728e-01
6.959590e-01
4.898587e-01
5.868926e-01
7.998125e-01
7.336331e-01
7.503659e-01
4.884077e-01
4.146617e-01
1.032895e-01
1.538215e-01
0
7.427720e-01
7.513425e-01
4.808430e-01
3.356272e-01
4.513583e-02
0
0
0
4.182610e-01
0
0
0
0
0
2.109027e-01
0
3.429795e-02
0
1.421970e-01
0
1.829374e-01
2.160530e-02
3.389150e-01
3.359663e-01
5.433761e-01
4.005647e-01
5.776447e-01
4.721516e-01
1.222462e-01
1.030667e-01
0
0
6.078733e-02
4.039981e-02
0
2.191592e-01
0
0
0
0
1.088914e-01
0
5.625002e-01
0
1
7.099506e-01
1.513466e-02
0
1.827685e-01
8.899523e-02
0
0
0
0
0
0
0
5.663831e-01
2.447047e-01
5.271553e-01
0
0
0
0
0
0
0
0
0
0
0
0
0
0
0
0
0
0
6.038947e-01
3.115174e-01
0
0
0
0
0
0
0
0
0
0
4.976473e-01
2.391353e-01
0
0
2.089829e-01
4.683912e-01
0
0
1.252044e-01
1.247336e-01
2.548920e-01
3.494978e-01
2.294404e-01
1.976696e-01
5.025287e-01
5.732202e-01
2.592675e-01
4.451359e-01
5.205633e-01
5.438892e-01
6.651085e-01
5.019498e-01
5.826176e-01
2.102903e-01
3.577576e-01
1.800224e-01
5.694050e-01
7.059324e-01
4.014304e-01
2.277434e-01
3.628481e-01
1.453092e-01
2.569305e-01
0
3.423134e-01
0
0
0
0
2.558615e-02
1.222250e-01
0
7.486831e-02
1.484923e-01
2.940087e-01
0
3.428043e-01
1.242118e-01
2.427834e-01
1.807155e-01
4.851636e-01
3.439668e-01
3.370957e-01
0
0
0
0
0
0
0
0
2.684815e-01
0
0
0
0
0
0
1.563659e-01
0
7.099506e-01
1.000000e+00
3.449541e-01
0
3.741848e-01
4.664716e-01
0
0
1.387340e-01
0
0
0
0
3.344242e-01
4.499540e-01
5.189204e-01
0
0
3.906545e-01
9.742345e-02
0
0
2.182239e-02
0
8.338022e-02
1.480704e-01
0
0
0
2.791884e-01
2.171989e-01
2.876141e-01
3.769617e-02
0
0
0
3.079478e-01
2.278291e-01
2.373683e-01
1.710032e-01
0
0
0
1.559143e-01
4.111326e-01
4.606429e-01
0
0
0
0
0
2.550148e-02
0
0
0
1.108798e-01
0
2.323222e-01
0
7.741223e-02
0
0
0
0
0
2.311703e-02
1.114662e-01
1.698579e-01
1.289432e-01
3.103738e-01
1.856327e-01
4.339855e-01
0
1.235923e-02
7.945630e-02
2.325593e-01
5.074586e-01
5.758588e-01
2.945745e-01
1.360481e-01
1.704043e-02
2.674279e-01
0
5.626064e-02
0
0
2.482523e-01
4.180454e-01
0
0
0
0
0
0
0
0
0
0
0
0
0
0
0
0
0
0
0
0
4.627757e-01
3.655349e-01
1.982317e-01
2.260253e-02
1.869829e-01
2.024132e-01
0
3.734131e-01
1.513466e-02
3.449541e-01
1
0
8.402509e-01
4.785007e-01
5.890913e-01
1.296087e-01
3.130097e-01
2.738375e-01
0
9.633921e-02
2.323723e-01
0
5.113911e-01
0
2.351416e-01
3.814078e-01
0
0
3.859394e-01
3.425384e-01
6.124231e-02
1.047934e-01
1.160503e-01
1.125189e-01
1.923514e-01
1.727440e-01
4.443774e-01
2.297887e-01
3.042750e-01
2.540074e-01
2.869143e-01
2.818217e-01
5.450375e-02
1.739091e-01
0
0
2.591295e-01
2.102990e-01
5.817869e-01
4.732181e-01
3.284846e-01
2.721767e-01
1.436764e-02
0
0
1.716871e-01
5.296570e-01
4.982720e-01
0
0
7.708354e-02
7.868105e-02
2.347961e-01
0
0
0
2.745497e-01
1.967962e-02
0
0
0
0
0
0
0
0
0
0
0
0
0
0
0
0
0
0
0
1.281802e-01
1.498014e-02
8.028008e-02
3.440844e-01
1.601751e-01
1.875410e-01
1.669711e-01
0
3.334975e-02
2.069549e-01
2.031142e-01
2.007422e-01
3.204185e-01
1.333273e-01
6.919111e-03
0
7.474324e-02
5.724449e-02
2.123401e-01
0
0
2.288796e-01
3.159232e-01
5.078842e-01
3.093826e-01
0
2.070837e-01
8.472259e-02
1.074580e-01
0
2.088082e-01
2.099180e-01
3.574879e-01
0
0
0
0
0
0
0
1
0
5.552382e-02
0
0
1.682775e-01
2.734108e-01
1.776054e-01
0
0
0
0
0
0
0
3.073036e-01
1.321590e-01
0
0
0
0
0
9.708245e-02
0
0
0
4.039168e-01
3.975242e-02
3.798121e-01
5.573342e-02
2.073838e-01
0
0
3.344478e-01
2.766793e-01
3.095802e-01
1.438486e-01
0
0
0
0
4.130526e-01
4.135449e-01
9.377057e-02
0
0
0
0
7.362268e-02
0
0
0
0
0
0
0
5.753170e-02
0
0
0
0
0
1.534632e-01
2.670847e-01
1.952145e-01
8.937189e-02
1.162921e-01
1.477239e-01
0
0
1.003053e-02
2.044935e-01
3.526381e-01
4.618313e-01
4.651248e-01
2.304826e-01
5.911623e-02
3.819122e-01
4.137411e-01
0
0
0
0
4.525525e-01
3.953294e-01
0
0
0
0
0
0
0
0
0
0
0
0
0
0
0
0
0
0
0
0
2.814936e-01
1.112518e-02
2.235843e-01
0
4.470144e-02
9.451762e-02
0
3.411272e-01
1.827685e-01
3.741848e-01
8.402509e-01
0
1.000000e+00
6.335484e-01
5.516129e-01
0
1.726458e-01
1.245076e-01
0
1.236698e-01
3.495488e-01
4.228196e-02
5.225222e-01
1.100404e-01
1.060714e-01
2.041247e-01
3.422830e-01
0
0
0
0
0
0
0
0
0
0
3.454517e-01
1.181974e-01
1.474575e-01
0
4.753011e-02
2.181087e-01
2.353867e-03
2.436382e-02
0
3.269924e-01
2.609069e-02
0
0
0
0
1.774703e-01
3.922858e-02
5.772022e-02
0
0
0
0
0
0
0
0
0
0
0
0
0
4.415920e-02
1.211830e-01
0
7.290587e-02
4.089752e-02
1.334807e-01
3.164130e-01
2.557035e-01
4.447189e-01
2.581047e-01
3.878308e-01
1.771725e-02
1.234132e-01
1.497488e-01
3.094888e-01
4.167425e-01
7.020307e-01
4.526848e-01
4.836358e-01
0
5.227118e-01
2.730691e-01
0
0
0
1.064223e-01
2.950863e-01
2.207612e-01
0
0
0
0
1.091011e-01
5.175134e-02
0
0
0
0
7.334475e-04
0
0
0
0
0
1.262103e-01
0
3.256366e-01
1.602333e-01
1.438181e-01
0
0
0
0
0
0
9.895508e-03
8.899523e-02
4.664716e-01
4.785007e-01
5.552382e-02
6.335484e-01
1.000000e+00
3.150096e-01
0
1.034930e-01
1.245299e-01
0
0
8.562884e-02
1.369044e-01
5.349605e-01
2.913712e-01
7.189485e-02
8.154217e-04
4.186520e-01
4.574752e-01
0
0
4.775334e-01
4.127833e-02
1.697401e-01
1.783705e-02
1.177478e-01
0
0
7.432918e-02
1.382247e-01
1.176757e-01
9.511240e-02
0
0
0
3.399834e-01
4.107920e-01
3.963113e-01
2.519285e-01
0
8.506048e-02
1.122343e-01
3.365655e-01
6.424917e-01
5.800046e-01
0
0
0
0
0
2.444714e-02
0
0
0
0
0
0
0
0
0
0
0
0
0
0
0
0
1.294935e-01
1.960131e-01
2.649710e-01
2.207678e-01
0
0
0
3.045118e-01
3.451119e-01
3.219350e-01
2.192400e-01
3.534694e-02
0
4.304412e-02
0
2.943450e-01
0
0
1.077263e-01
2.013462e-01
0
0
0
0
0
0
0
0
0
0
0
0
0
0
0
0
0
0
1.598038e-01
0
3.348701e-01
1.916539e-01
1.137325e-01
5.597224e-02
5.704076e-01
4.316506e-01
1.787313e-01
6.753458e-01
0
0
5.890913e-01
0
5.516129e-01
3.150096e-01
1
5.013109e-01
0
3.589419e-01
1.490287e-02
5.435561e-01
5.463026e-01
5.281441e-02
4.236252e-01
1.548557e-01
6.353024e-01
4.859295e-01
3.843849e-01
4.939284e-01
1.271487e-01
1.194716e-01
4.584714e-01
1.876948e-01
5.691282e-03
2.871570e-02
2.182631e-01
1.416593e-01
1.711936e-01
1.544893e-01
1.318806e-01
1.051080e-01
1.532691e-01
0
0
0
3.378130e-01
3.694573e-01
7.371684e-02
6.846754e-02
6.844309e-03
3.585704e-01
2.660385e-01
4.683257e-01
3.706950e-01
5.823512e-01
0
0
9.454410e-02
0
0
0
6.043444e-02
0
0
3.127450e-01
0
1.985843e-01
0
0
0
0
0
0
0
0
0
0
0
2.382297e-01
0
8.866222e-02
0
0
0
1.359236e-01
0
0
0
0
0
6.029902e-02
5.098953e-02
2.137309e-01
0
0
1.144247e-01
1.276673e-01
0
0
0
0
0
0
0
0
0
0
0
4.971615e-02
0
0
1.966155e-01
1.278708e-01
6.211860e-02
0
1.663393e-01
0
1.339478e-02
1.016985e-01
1.313155e-01
1.931829e-01
8.319666e-01
7.319542e-01
2.291745e-01
7.465058e-01
0
0
1.296087e-01
0
0
0
5.013109e-01
1
0
2.895896e-01
2.254979e-01
5.504991e-01
7.126973e-01
3.253089e-01
1.553147e-01
0
7.449912e-01
7.548530e-01
0
0
0
0
0
0
0
2.974064e-02
0
0
8.539559e-02
1.379595e-01
0
5.587897e-02
1.478766e-02
5.817186e-02
1.805024e-01
3.349843e-01
0
0
0
0
0
0
0
0
0
1.479424e-01
0
1.983417e-01
0
0
0
0
5.721116e-02
1.260470e-01
1.717631e-01
3.324489e-01
3.346766e-02
3.902480e-01
4.258613e-01
5.955300e-01
0
0
0
0
0
0
0
0
0
0
0
3.217852e-01
0
0
1.428514e-01
1.015421e-01
2.767884e-01
4.018466e-01
7.497404e-02
0
1.095280e-02
4.561699e-02
2.983787e-02
0
8.784746e-02
2.837775e-01
2.397646e-01
2.575297e-01
1.758186e-01
1.013208e-01
6.145703e-02
3.154880e-01
0
0
0
0
3.969989e-01
4.763189e-01
2.896126e-01
1.985343e-01
2.660108e-01
9.607887e-02
1.145732e-01
0
2.137751e-02
8.553604e-02
0
7.792867e-02
6.766644e-02
6.325211e-02
1.988241e-02
0
0
1.702113e-01
0
0
0
1.387340e-01
3.130097e-01
1.682775e-01
1.726458e-01
1.034930e-01
0
0
1.000000e+00
2.296966e-01
0
0
3.544532e-02
0
0
0
0
1.953227e-01
6.478752e-02
0
3.386066e-01
3.660797e-01
3.167665e-01
6.320713e-02
4.523612e-01
2.598144e-01
5.298457e-01
2.902650e-01
0
1.207745e-02
3.791175e-01
3.285222e-01
2.460722e-01
2.326185e-01
0
0
0
1.987079e-02
4.290270e-01
3.446390e-01
1.080604e-01
2.517268e-01
3.059160e-01
4.185411e-01
2.205189e-01
2.165000e-01
0
0
3.430232e-02
0
0
0
3.182673e-01
2.135350e-01
0
0
0
0
0
3.212705e-01
0
0
0
0
0
0
0
0
0
3.759186e-02
4.984211e-02
3.908792e-01
0
0
0
0
2.605521e-01
2.403250e-01
2.295674e-01
2.283736e-01
0
0
2.264116e-01
2.119515e-01
1.762538e-01
1.221981e-01
0
2.627496e-01
0
0
0
0
0
0
0
0
0
0
0
0
0
0
0
6.878613e-02
0
8.920627e-02
0
0
4.643373e-01
4.259503e-01
2.639605e-01
5.545445e-01
1.196705e-01
2.886544e-01
0
4.607284e-01
0
0
2.738375e-01
2.734108e-01
1.245076e-01
1.245299e-01
3.589419e-01
2.895896e-01
2.296966e-01
1
0
1.717723e-01
2.637217e-01
0
9.364098e-02
0
5.741101e-01
4.419814e-01
2.400362e-01
4.079882e-01
3.594333e-01
2.750502e-01
3.186748e-02
1.177302e-01
9.633463e-02
0
2.268604e-02
0
3.989583e-01
0
7.875040e-03
0
1.617459e-01
0
4.767149e-02
0
1.141286e-01
1.513979e-01
0
0
4.809852e-01
5.149358e-01
3.556111e-01
5.311364e-02
0
0
0
0
5.084002e-01
1.324957e-01
0
0
0
0
6.958034e-02
0
7.154611e-02
1.323390e-01
0
0
0
8.626756e-03
0
0
0
0
0
5.438959e-03
1.045163e-01
2.232480e-01
3.153055e-01
0
1.285752e-01
8.185451e-03
1.537328e-01
6.726303e-02
0
0
0
0
0
0
1.764214e-01
1.332566e-01
0
0
5.312310e-02
0
0
1.681868e-01
0
0
1.396775e-02
0
2.169999e-02
5.578069e-02
2.109775e-02
9.219339e-02
1.252297e-01
1.328929e-01
3.158331e-01
0
5.728382e-01
4.681660e-02
5.714707e-02
0
3.207898e-01
7.618720e-02
0
0
0
0
2.966072e-01
1.126144e-01
4.656276e-02
2.921201e-02
0
0
0
1.776054e-01
0
0
1.490287e-02
2.254979e-01
0
0
1
5.439103e-01
2.396490e-01
1.218435e-01
0
8.977235e-02
2.349625e-01
0
5.270497e-01
6.444807e-01
0
2.261747e-01
2.644636e-01
4.848133e-02
0
6.705000e-02
0
0
7.276359e-02
1.970239e-01
0
1.676161e-01
0
0
0
0
4.204606e-01
5.670278e-01
1.022717e-01
1.675825e-01
0
3.339994e-01
3.065068e-01
2.599367e-01
4.005580e-01
2.986189e-01
0
0
0
0
0
0
0
0
0
0
0
2.562917e-01
0
0
0
0
0
0
0
0
0
0
2.796771e-01
4.170900e-01
5.454376e-01
6.662305e-02
1.323230e-01
0
2.552153e-01
4.307767e-01
1.159784e-01
2.417814e-02
0
0
0
1.237269e-01
0
2.888288e-01
0
0
3.675152e-01
3.050492e-01
0
0
0
0
0
0
0
0
0
0
0
2.369278e-01
0
0
9.938593e-02
1.347599e-01
0
7.974212e-02
3.813992e-01
2.306083e-01
0
0
0
0
5.987557e-01
4.108281e-01
2.766741e-01
6.182603e-01
0
0
9.633921e-02
0
1.236698e-01
0
5.435561e-01
5.504991e-01
0
1.717723e-01
5.439103e-01
1
7.495805e-01
6.119444e-02
4.532903e-02
0
7.418200e-01
4.404759e-01
4.935569e-01
6.245959e-01
0
1.407981e-01
2.193484e-01
1.953258e-01
0
1.861890e-01
0
4.052528e-02
1.847042e-01
4.718453e-01
8.184323e-02
3.985974e-01
6.993587e-02
0
0
0
5.386965e-01
5.964634e-01
2.189391e-01
2.416292e-01
0
3.754063e-01
6.900628e-02
3.037443e-01
5.261191e-01
5.504076e-01
0
0
0
0
0
0
0
0
0
8.110878e-02
0
8.944739e-02
0
0
0
0
0
0
0
0
0
0
0
1.057544e-01
8.371584e-02
0
0
0
2.830497e-01
4.834066e-01
1.185742e-01
1.240534e-01
0
1.709256e-02
1.855912e-01
3.501175e-01
0
1.970255e-01
0
0
5.840872e-01
4.629740e-01
0
0
0
0
0
0
0
0
0
0
8.217437e-02
3.102095e-01
0
0
6.340205e-02
1.007654e-01
0
1.114731e-02
9.756566e-02
0
0
0
1.002048e-01
0
6.165969e-01
6.441121e-01
1.303288e-01
8.000557e-01
0
0
2.323723e-01
0
3.495488e-01
8.562884e-02
5.463026e-01
7.126973e-01
3.544532e-02
2.637217e-01
2.396490e-01
7.495805e-01
1
1.211079e-01
1.451562e-01
0
6.600163e-01
6.731135e-01
1.978899e-01
4.107548e-01
0
0
0
0
0
0
0
0
4.127572e-02
0
0
0
0
0
3.261203e-01
8.473439e-02
4.081635e-02
0
0
0
0
0
0
0
0
1.796697e-03
1.929782e-01
0
0
0
0
0
0
0
2.125393e-02
4.058353e-01
8.102667e-02
2.919033e-01
0
0
6.599036e-01
6.935107e-01
3.943407e-01
5.020807e-01
7.213262e-01
6.432866e-01
7.145341e-01
6.420150e-01
3.497560e-01
3.487000e-01
8.530968e-02
0
5.873807e-01
4.988832e-01
4.131963e-01
1.509306e-01
0
0
0
0
2.010334e-01
0
0
0
0
0
1.566737e-01
0
0
0
0
0
0
0
2.049712e-01
2.752324e-01
2.373021e-01
1.903161e-01
3.427319e-01
1.527001e-01
2.309882e-01
0
0
0
2.843647e-01
0
1.204411e-01
0
0
0
0
0
4.431604e-01
4.697960e-02
4.195878e-01
1.791443e-01
5.663831e-01
3.344242e-01
0
0
4.228196e-02
1.369044e-01
5.281441e-02
3.253089e-01
0
0
1.218435e-01
6.119444e-02
1.211079e-01
1
4.768837e-01
2.174261e-01
1.632239e-01
9.970605e-02
4.603470e-01
2.474742e-01
0
0
1.470541e-02
0
7.085365e-02
0
0
0
0
1.018658e-01
2.896652e-02
7.177049e-02
0
0
0
0
1.140557e-01
1.473100e-01
4.335260e-01
1.271371e-01
0
0
0
2.193105e-01
3.023762e-01
1.423370e-01
1.231559e-02
0
0
0
0
3.235470e-02
0
0
0
7.708292e-03
0
1.393876e-01
0
0
3.305676e-01
3.501107e-01
0
1.725582e-01
2.922910e-01
4.386703e-01
5.346721e-01
3.869535e-01
4.224728e-01
3.653132e-01
2.935458e-01
4.884805e-02
3.064272e-01
3.680147e-01
2.137565e-01
8.806904e-02
4.210915e-01
1.465136e-01
8.322245e-02
0
1.723237e-01
0
0
0
0
0
1.292555e-01
1.602490e-01
0
0
0
0
0
0
0
1.480380e-02
0
0
0
0
0
0
0
0
0
0
1.304760e-01
4.139028e-02
8.722759e-02
2.325883e-01
4.295175e-02
2.085666e-01
1.953988e-01
0
2.572092e-01
3.875456e-01
2.447047e-01
4.499540e-01
5.113911e-01
0
5.225222e-01
5.349605e-01
4.236252e-01
1.553147e-01
0
9.364098e-02
0
4.532903e-02
1.451562e-01
4.768837e-01
1.000000e+00
3.875258e-01
3.637608e-01
4.504123e-02
0
0
0
0
0
0
0
0
0
0
0
0
0
0
0
0
3.332464e-01
1.595800e-01
0
0
1.226964e-01
0
0
0
0
0
0
0
2.941350e-01
1.145321e-01
0
6.727607e-02
1.788522e-01
4.011300e-01
0
0
0
0
1.880331e-01
0
8.145151e-04
0
5.073922e-01
5.725185e-01
3.438684e-01
4.566777e-01
5.098020e-01
5.684023e-01
5.126468e-01
3.109912e-01
3.953121e-01
6.385106e-03
3.035345e-01
0
5.117043e-01
4.705722e-01
1.107619e-01
7.648095e-02
2.308045e-01
0
2.717431e-01
0
2.436251e-01
0
0
0
2.310677e-01
1.233897e-01
0
0
0
0
2.353367e-01
0
4.112548e-01
5.775503e-02
2.601037e-01
3.737456e-01
1.510725e-01
2.705852e-03
8.945049e-02
7.023473e-02
0
0
0
0
1.890577e-02
1.163012e-01
2.393300e-01
1.462312e-01
0
0
0
0
0
0
3.820240e-01
0
5.271553e-01
5.189204e-01
0
0
1.100404e-01
2.913712e-01
1.548557e-01
0
0
0
8.977235e-02
0
0
2.174261e-01
3.875258e-01
1
0
0
4.911453e-01
4.772296e-01
7.428524e-02
1.312425e-01
3.879469e-01
5.783980e-03
1.610532e-01
0
2.108890e-01
3.759331e-02
0
7.453571e-02
1.367257e-01
1.508340e-01
7.160388e-02
0
0
0
2.281339e-01
4.156864e-01
2.804036e-01
2.613209e-01
0
2.187295e-01
3.136280e-01
4.013563e-01
3.404995e-01
3.720260e-01
0
0
0
0
0
0
0
0
0
5.636154e-02
0
2.634634e-01
0
0
0
0
0
0
0
0
0
0
3.064953e-01
4.398921e-01
4.198193e-01
2.976102e-01
3.339784e-02
0
7.498765e-02
2.313131e-01
1.618008e-01
2.922128e-03
0
0
0
0
0
1.883212e-01
0
0
1.876322e-01
3.083406e-01
0
0
0
0
0
0
0
0
0
0
0
0
0
0
0
0
0
0
2.567725e-01
6.784794e-02
1.140428e-01
4.571904e-02
0
1.306445e-01
6.988816e-01
4.350858e-01
3.528473e-01
7.475125e-01
0
0
2.351416e-01
0
1.060714e-01
7.189485e-02
6.353024e-01
7.449912e-01
0
5.741101e-01
2.349625e-01
7.418200e-01
6.600163e-01
1.632239e-01
3.637608e-01
0
1
6.679459e-01
2.556896e-01
3.814538e-01
0
1.045294e-01
2.597189e-01
1.230966e-01
0
2.264539e-01
1.965161e-01
2.242089e-01
0
2.302514e-01
1.515217e-01
1.699897e-01
8.064814e-03
0
0
0
3.770425e-01
4.060711e-01
9.748829e-02
2.977802e-01
0
4.579381e-02
1.290846e-02
2.291896e-01
2.712497e-01
5.942944e-01
0
0
0
0
2.292080e-02
0
3.342883e-02
0
0
4.287287e-01
0
2.268685e-01
0
8.584175e-02
0
0
0
0
0
0
0
0
0
2.154259e-01
2.681002e-02
3.098080e-01
0
0
6.110706e-02
2.937098e-01
5.604481e-02
1.766276e-01
0
5.727668e-02
0
2.173510e-01
0
8.644737e-02
0
0
3.439056e-01
4.699232e-01
0
0
0
0
0
0
0
0
0
0
0
9.141601e-02
0
0
0
0
0
0
0
0
3.725283e-01
5.122247e-02
6.619729e-02
8.027249e-02
6.539570e-01
7.373390e-01
2.033177e-01
6.685231e-01
0
0
3.814078e-01
0
2.041247e-01
8.154217e-04
4.859295e-01
7.548530e-01
1.953227e-01
4.419814e-01
0
4.404759e-01
6.731135e-01
9.970605e-02
4.504123e-02
0
6.679459e-01
1
