1
6.239549e-01
0
1.668113e-01
9.321831e-02
0
1.301880e-01
1.265095e-01
0
0
3.918530e-01
5.613449e-01
4.370065e-01
4.203904e-01
9.000304e-02
0
0
0
6.564561e-01
6.142519e-01
3.011923e-01
2.278220e-01
0
2.183363e-01
1.672768e-01
2.491952e-01
5.179764e-01
3.699031e-01
0
0
0
0
0
0
0
0
0
0
0
5.772870e-02
0
0
0
0
0
0
0
0
2.409201e-02
0
2.234460e-01
3.472950e-01
3.697062e-01
0
0
0
3.744073e-01
4.212540e-01
3.755526e-01
2.437755e-01
6.650709e-02
0
1.648036e-01
4.517866e-01
0
4.215763e-01
0
0
4.383907e-01
4.328141e-01
0
0
0
0
0
0
0
0
0
0
0
0
0
0
0
2.785765e-01
0
0
3.935164e-01
1.254660e-01
0
3.175780e-02
0
0
3.159863e-01
1.878365e-01
0
5.114320e-01
0
0
3.313922e-01
0
2.905348e-01
3.030353e-01
4.182620e-01
4.293778e-01
0
4.748369e-02
2.240021e-01
5.462115e-01
5.014248e-01
2.571768e-01
4.213059e-01
0
5.429278e-01
2.411013e-01
6.239549e-01
1
0
0
2.145197e-01
2.032662e-01
0
1.511522e-01
0
0
6.382134e-02
5.077332e-01
2.381756e-02
3.121666e-01
6.354952e-02
0
0
0
7.660503e-01
7.458303e-01
2.107788e-01
3.607779e-01
0
1.747012e-01
6.040141e-02
2.234752e-01
5.834677e-01
5.955063e-01
5.010782e-02
0
0
0
5.074298e-03
0
0
0
0
7.256605e-02
0
2.343972e-01
0
0
0
0
0
0
0
0
7.535504e-02
0
8.197489e-02
1.559804e-01
3.308504e-01
0
0
0
6.138994e-01
6.685776e-01
0
0
0
7.326713e-03
2.124352e-01
5.272002e-01
0
2.068736e-01
0
0
5.884496e-01
3.503283e-01
0
0
0
0
0
0
0
0
0
0
1.430699e-01
1.944708e-01
0
8.547310e-02
0
0
1.935473e-01
0
1.596886e-01
7.165080e-03
0
0
0
0
3.739519e-01
3.999906e-01
0
5.241300e-01
4.034527e-02
0
1.780377e-01
0
1.678325e-01
0
3.856185e-01
4.075688e-01
0
0
3.014289e-01
6.432999e-01
6.699997e-01
3.434678e-01
1.311154e-01
0
4.509825e-01
3.814631e-01
0
0
1
5.708953e-01
2.539920e-01
2.247736e-01
8.728774e-01
1.256958e-01
5.726002e-01
4.889883e-01
4.179086e-01
0
4.620635e-01
0
2.448022e-01
0
0
0
0
0
0
1.429913e-01
6.362858e-01
5.089903e-01
3.871569e-01
3.008996e-01
0
0
0
0
7.433606e-01
3.871260e-01
2.055578e-01
0
5.250280e-01
5.282196e-01
3.674776e-01
0
0
0
8.384031e-02
2.393193e-02
0
0
0
0
0
0
0
0
0
0
0
2.003094e-01
0
0
0
0
0
0
7.589270e-02
2.185121e-01
0
0
6.035424e-01
2.643349e-01
3.335456e-01
1.742616e-01
0
0
1.590638e-01
1.065611e-01
1.550281e-02
2.013122e-02
0
9.674899e-02
1.547381e-01
0
2.595797e-02
0
0
0
0
0
3.768704e-01
0
0
0
0
0
1.409080e-01
6.841185e-01
2.473456e-01
6.282122e-01
1.509626e-01
9.224613e-02
0
1.671567e-02
0
0
0
5.085536e-01
0
0
0
2.241813e-01
0
4.101697e-01
4.123955e-01
0
0
0
0
0
5.654637e-02
0
1.668113e-01
0
5.708953e-01
1
2.065653e-01
5.041521e-01
5.049385e-01
6.187007e-01
4.321352e-01
5.688135e-01
3.222685e-01
1.397404e-01
5.218315e-01
3.349526e-01
2.652025e-01
1.115459e-01
0
0
1.111506e-01
1.842773e-01
9.701963e-02
2.397398e-01
5.877702e-01
7.011527e-01
3.882779e-01
1.738278e-01
8.320253e-02
0
0
0
4.640541e-01
4.308819e-01
0
0
3.673743e-01
3.269713e-01
0
0
0
0
0
0
0
0
0
0
0
0
0
0
0
0
0
8.090194e-02
0
0
0
0
0
4.872407e-02
6.066359e-02
5.367553e-01
0
0
4.066805e-01
5.417114e-01
1.393263e-01
1.024760e-01
0
9.589948e-02
5.604134e-03
2.519214e-01
0
4.114157e-02
0
1.450774e-01
0
0
0
0
0
0
0
0
3.915828e-01
5.249769e-01
0
0
1.410046e-02
9.722921e-03
2.865938e-01
2.396556e-01
2.711003e-01
2.303328e-01
1.790636e-01
2.549370e-01
0
5.177584e-02
0
0
0
2.977118e-01
0
0
7.618763e-03
2.029544e-01
0
3.427707e-01
3.638585e-01
2.467326e-01
1.350221e-01
0
0
0
1.888916e-01
1.039600e-01
9.321831e-02
2.145197e-01
2.539920e-01
2.065653e-01
1
1.299319e-01
2.698748e-01
0
2.773976e-01
1.582449e-01
0
0
5.654621e-02
2.009667e-02
9.476166e-02
0
0
0
1.716249e-01
1.864228e-01
3.401370e-01
3.001232e-01
3.734721e-02
1.796158e-01
5.813850e-01
7.179708e-01
5.679177e-01
4.343069e-01
0
0
0
0
3.280693e-01
2.087669e-01
3.468585e-01
2.431991e-01
0
0
1.289808e-01
1.184367e-01
0
1.486063e-01
0
0
0
0
0
0
0
0
0
0
1.005889e-01
3.381202e-01
0
0
0
9.760302e-02
3.695750e-02
0
4.913464e-02
1.213136e-01
0
1.199218e-01
3.174517e-01
3.996928e-01
1.711419e-01
1.537386e-01
0
0
0
0
0
8.131123e-02
0
0
0
0
0
0
0
0
0
6.154323e-02
6.409740e-02
0
8.064679e-02
1.605657e-01
2.763510e-01
0
1.885993e-02
1.593809e-01
0
6.281055e-02
1.088171e-01
3.629682e-01
0
4.264680e-01
0
0
1.467467e-01
0
0
0
4.156772e-01
3.195161e-01
0
3.214643e-01
0
3.328075e-01
2.296060e-01
0
0
0
4.095940e-01
3.381530e-01
0
2.032662e-01
2.247736e-01
5.041521e-01
1.299319e-01
1
1.530444e-01
7.411857e-01
6.285854e-01
8.133602e-01
3.471111e-01
3.209257e-01
4.489903e-01
5.800344e-01
7.579451e-01
5.491264e-01
0
0
4.513108e-01
4.396350e-01
0
2.448254e-01
6.041483e-01
7.300955e-01
0
0
1.184389e-01
4.088237e-01
6.000529e-02
4.647685e-02
2.713789e-01
2.197786e-01
9.384392e-02
0
1.185867e-01
1.965344e-01
0
0
0
0
0
0
0
0
0
0
0
0
0
0
0
0
0
0
0
0
0
0
0
0
0
6.589937e-01
1.335770e-02
3.394319e-01
1.961106e-01
1.680735e-01
0
0
7.601343e-02
1.717140e-01
5.341856e-02
3.267334e-01
0
1.386623e-02
0
2.270510e-02
0
0
0
0
5.879145e-02
1.762750e-01
1.061104e-01
0
2.128811e-01
2.101578e-01
0
0
0
0
3.306912e-01
1.302301e-01
6.987899e-01
2.481541e-01
1.314407e-01
4.667426e-01
0
0
0
0
0
5.066661e-02
0
0
1.588808e-02
1.539838e-01
0
5.243267e-02
9.902605e-02
3.859957e-02
2.035422e-01
0
0
0
0
1.343747e-01
1.301880e-01
0
8.728774e-01
5.049385e-01
2.698748e-01
1.530444e-01
1
1.386955e-01
5.473752e-01
4.148612e-01
2.322785e-01
0
5.955838e-01
0
1.995642e-01
0
0
0
0
0
1.037711e-01
2.260202e-01
4.416110e-01
3.417438e-01
3.264746e-01
2.429205e-01
0
0
0
0
4.771150e-01
2.495452e-01
2.672399e-01
1.500067e-01
4.430144e-01
4.550389e-01
1.906490e-01
0
0
0
0
0
0
0
0
0
0
0
0
0
0
0
0
2.654382e-01
0
0
0
0
0
0
3.249096e-01
2.640911e-01
0
0
4.885022e-01
3.650651e-01
3.413467e-01
1.789321e-01
0
4.074849e-02
1.536711e-01
8.206794e-02
8.174392e-02
0
9.322975e-02
2.660475e-01
3.873687e-03
0
0
0
0
0
0
0
7.040511e-02
0
0
0
0
0
3.764580e-01
8.111774e-01
2.757395e-01
6.489294e-01
1.527390e-01
0
5.144838e-02
8.224052e-02
0
1.593536e-02
0
3.315390e-01
0
0
2.300753e-01
1.530467e-01
0
5.172045e-01
1.799330e-01
0
0
0
2.369540e-01
7.317237e-02
1.708860e-01
0
1.265095e-01
1.511522e-01
1.256958e-01
6.187007e-01
0
7.411857e-01
1.386955e-01
1.000000e+00
3.517435e-01
7.379843e-01
1.214216e-01
5.388830e-01
4.720193e-01
7.547459e-01
5.608714e-01
5.995779e-01
0
0
4.351874e-01
4.916112e-01
1.918319e-01
4.468943e-01
3.130107e-01
5.689743e-01
3.804017e-02
7.250469e-02
3.171448e-01
4.386098e-01
0
0
1.279657e-01
1.150317e-01
0
0
0
0
0
0
0
0
0
0
0
0
0
0
0
0
0
0
0
0
0
1.001787e-01
0
0
0
0
0
1.141803e-01
0
8.294172e-01
0
3.503561e-01
0
3.080031e-01
0
0
9.768455e-02
4.090317e-01
5.343641e-02
4.154106e-01
0
0
0
0
0
0
0
0
0
0
0
4.076169e-02
0
4.622500e-01
0
1.435670e-02
0
0
5.245545e-01
8.878881e-02
5.511046e-01
9.392810e-02
1.110976e-01
3.424998e-01
0
3.576591e-02
0
0
1.608728e-01
0
2.246092e-02
0
5.275108e-02
4.774694e-02
0
1.426297e-01
2.504092e-02
1.257999e-01
2.095905e-01
0
0
0
5.162930e-02
2.294104e-01
0
0
5.726002e-01
4.321352e-01
2.773976e-01
6.285854e-01
5.473752e-01
3.517435e-01
1
7.536371e-01
1.073986e-01
0
4.516087e-01
1.086574e-01
5.822241e-01
2.510165e-01
0
0
0
0
0
1.053730e-01
5.693633e-01
4.976654e-01
6.817086e-02
4.259391e-02
0
5.161484e-02
0
0
4.049651e-01
3.241541e-01
2.679482e-01
0
6.227719e-01
5.744962e-01
0
0
0
0
7.565214e-02
2.306181e-01
0
0
2.757591e-02
0
0
0
0
0
0
0
0
3.117950e-02
0
0
0
0
0
0
1.598017e-01
4.360016e-01
0
0
6.063687e-01
4.358286e-02
1.783704e-01
0
0
0
0
0
0
1.897719e-02
0
0
0
0
0
0
0
0
0
0
2.142489e-01
0
0
0
0
0
5.309801e-01
5.277588e-01
6.381066e-01
7.027338e-01
1.699754e-01
3.968858e-01
0
6.540537e-02
0
0
0
3.053471e-01
0
0
1.041782e-01
2.278854e-01
0
5.965972e-01
0
0
0
0
0
0
1.368178e-01
1.853703e-01
0
0
4.889883e-01
5.688135e-01
1.582449e-01
8.133602e-01
4.148612e-01
7.379843e-01
7.536371e-01
1.000000e+00
2.288505e-01
4.505938e-02
5.087305e-01
4.098845e-01
6.151558e-01
4.237422e-01
0
0
2.196287e-01
2.378970e-01
0
2.448539e-01
5.903600e-01
6.363976e-01
1.715464e-01
1.469524e-01
0
2.115742e-01
0
0
4.299771e-01
2.550401e-01
4.676546e-02
0
3.633227e-01
3.883154e-01
6.036646e-02
0
0
0
1.815433e-03
0
0
0
0
0
0
0
0
0
0
0
0
1.062202e-01
0
0
0
0
0
0
0
7.157126e-01
0
0
3.606038e-01
2.484429e-01
0
0
0
1.920317e-01
0
1.712307e-01
0
0
0
0
0
0
0
0
0
0
2.369759e-02
0
8.857816e-02
2.067999e-01
0
0
0
0
5.098825e-01
4.201096e-01
6.940915e-01
4.910567e-01
1.860465e-01
3.843900e-01
0
0
0
0
0
2.037779e-01
0
0
0
2.133415e-01
0
2.931700e-01
2.999450e-02
0
2.011668e-02
0
0
0
4.866322e-02
2.150812e-01
3.918530e-01
6.382134e-02
4.179086e-01
3.222685e-01
0
3.471111e-01
2.322785e-01
1.214216e-01
1.073986e-01
2.288505e-01
1
2.901352e-01
5.065652e-01
2.801685e-01
4.408416e-01
1.238365e-05
3.021967e-02
0
3.662364e-01
2.237371e-01
0
0
5.684472e-01
6.355535e-01
0
0
0
7.077647e-03
1.165299e-01
1.333080e-01
4.630468e-01
2.988892e-01
0
0
0
0
1.041664e-01
0
0
0
2.100294e-02
0
0
0
0
0
0
0
0
0
0
0
0
0
0
0
0
0
0
0
0
0
2.174609e-01
2.687045e-01
9.668684e-02
8.129241e-02
0
0
2.659680e-01
2.280333e-01
1.449672e-01
3.079311e-01
3.200560e-02
1.356254e-01
9.100692e-02
5.323752e-02
0
0
9.746097e-02
3.039776e-01
2.497210e-01
0
1.639491e-01
0
5.828323e-01
1.733016e-01
0
0
3.162388e-02
0
0
3.279163e-01
3.916094e-01
3.357142e-01
1.134750e-01
6.220830e-02
0
0
0
0
0
5.718647e-01
0
1.075638e-01
0
2.856343e-01
7.505387e-02
0
4.208722e-01
5.923958e-03
1.265574e-01
9.510916e-02
4.327385e-02
0
0
0
5.613449e-01
5.077332e-01
0
1.397404e-01
0
3.209257e-01
0
5.388830e-01
0
4.505938e-02
2.901352e-01
1
2.389426e-01
8.509623e-01
4.032036e-01
4.851335e-01
0
0
6.306119e-01
5.946747e-01
3.858061e-01
3.665979e-01
0
3.028864e-01
0
1.554476e-01
6.472220e-01
6.229680e-01
0
2.420474e-01
0
0
0
0
0
0
0
0
0
0
0
0
0
0
0
0
0
0
0
0
0
1.071900e-01
1.580054e-01
0
0
0
3.501875e-01
4.744257e-01
1.153809e-01
3.001030e-01
0
2.295438e-01
4.789140e-01
8.462078e-01
0
1.405783e-01
0
0
6.240827e-01
4.708696e-01
0
2.809223e-01
0
0
0
0
0
0
0
0
1.941809e-01
1.548613e-01
1.715075e-01
3.324845e-01
0
4.579015e-01
1.957646e-01
0
6.463562e-02
2.775305e-01
0
0
1.904046e-01
0
0
2.111375e-01
0
1.651529e-01
0
0
3.080232e-01
0
2.859058e-01
6.882164e-02
5.075718e-02
8.271731e-02
9.392005e-02
0
0
2.733323e-01
4.754581e-01
0
0
0
1.330079e-01
2.219991e-01
4.370065e-01
2.381756e-02
4.620635e-01
5.218315e-01
5.654621e-02
4.489903e-01
5.955838e-01
4.720193e-01
4.516087e-01
5.087305e-01
5.065652e-01
2.389426e-01
1
4.278799e-01
6.115076e-01
1.678222e-01
0
0
3.894713e-01
2.793729e-01
4.446774e-02
2.404294e-01
4.248938e-01
5.876053e-01
2.101830e-01
1.297235e-01
7.509679e-02
1.808618e-01
0
0
3.276439e-01
2.831769e-01
0
0
4.232212e-02
0
0
0
0
0
0
0
0
0
0
0
0
0
0
0
0
0
0
7.366579e-02
0
0
0
0
0
0
3.923126e-01
5.177222e-01
0
1.568189e-01
2.269771e-01
5.558093e-01
0
0
0
3.159786e-01
9.037815e-03
2.008626e-01
0
0
0
2.018739e-01
0
0
0
0
0
0
0
0
2.006915e-01
1.597685e-01
0
0
1.005212e-02
0
5.284737e-01
6.536114e-01
5.712772e-01
4.449610e-01
7.541865e-02
2.104355e-01
0
1.585940e-02
0
0
9.893052e-02
3.962714e-01
6.942584e-03
2.115445e-01
2.052003e-01
2.658830e-01
0
4.207124e-01
7.626562e-02
0
4.684312e-02
0
1.292767e-01
0
1.896977e-01
1.266998e-01
4.203904e-01
3.121666e-01
0
3.349526e-01
2.009667e-02
5.800344e-01
0
7.547459e-01
1.086574e-01
4.098845e-01
2.801685e-01
8.509623e-01
4.278799e-01
1.000000e+00
6.773652e-01
7.479876e-01
0
0
5.386419e-01
5.735387e-01
3.456508e-01
3.746531e-01
2.429784e-01
5.587938e-01
1.835481e-02
2.486122e-01
5.782987e-01
5.702839e-01
0
3.594473e-02
0
0
0
0
0
0
0
0
0
0
0
0
0
0
0
0
0
0
0
0
0
0
1.659635e-02
0
0
0
5.369225e-03
1.717363e-01
0
1.616972e-01
0
5.001178e-01
2.494495e-01
6.687655e-01
0
2.445703e-01
0
0
4.019084e-01
4.568681e-01
0
2.814755e-01
0
0
0
0
0
0
0
0
0
4.833132e-02
1.035169e-01
2.536143e-01
0
5.644213e-01
0
0
0
9.439553e-02
2.363666e-01
0
5.313671e-01
2.790645e-02
0
2.601562e-01
0
1.919874e-01
0
0
3.136402e-01
0
2.862300e-01
0
1.079096e-01
6.102750e-02
3.084146e-02
1.395895e-01
0
2.469129e-01
4.144185e-01
0
0
0
2.119147e-01
1.716032e-01
9.000304e-02
6.354952e-02
2.448022e-01
2.652025e-01
9.476166e-02
7.579451e-01
1.995642e-01
5.608714e-01
5.822241e-01
6.151558e-01
4.408416e-01
4.032036e-01
6.115076e-01
6.773652e-01
1
6.068055e-01
0
0
3.871252e-01
2.828669e-01
0
1.396124e-01
5.762477e-01
6.910828e-01
3.006032e-02
1.353016e-01
1.453744e-01
4.444611e-01
0
0
3.034910e-01
1.939949e-01
0
0
0
2.776327e-02
0
0
0
0
0
0
0
0
0
0
0
0
0
0
0
0
0
0
0
0
0
0
0
0
1.348574e-02
5.422509e-01
6.502806e-02
4.393598e-01
1.385951e-01
1.794917e-01
0
0
4.807873e-02
1.052503e-01
0
2.272756e-01
0
0
0
0
0
0
0
0
0
0
2.222733e-01
0
2.422422e-01
1.668586e-01
0
0
0
0
2.579635e-01
2.885581e-01
7.621944e-01
3.712537e-01
0
3.795551e-01
0
0
0
0
9.303844e-02
2.254239e-01
1.281387e-01
0
5.562426e-02
1.223344e-01
3.215331e-02
2.491553e-01
7.351582e-02
0
1.110408e-01
0
0
0
2.432784e-02
1.540992e-02
0
0
0
1.115459e-01
0
5.491264e-01
0
5.995779e-01
2.510165e-01
4.237422e-01
1.238365e-05
4.851335e-01
1.678222e-01
7.479876e-01
6.068055e-01
1
8.125857e-02
0
1.309515e-01
2.536019e-01
2.145791e-01
2.394562e-01
3.103443e-01
3.426981e-01
0
0
2.133020e-01
2.357784e-01
1.322288e-01
3.248105e-01
0
1.524254e-01
0
0
0
0
0
0
0
0
2.428022e-01
6.066559e-02
0
0
0
0
0
0
0
0
0
0
0
0
0
0
0
0
0
0
0
4.777667e-01
2.857806e-01
3.909331e-01
0
0
0
0
1.681387e-01
2.170114e-01
3.371236e-03
4.178474e-01
2.316169e-01
1.371645e-01
0
0
0
1.412092e-02
0
0
1.194573e-01
2.018949e-01
2.939631e-01
5.164557e-01
0
3.906664e-01
0
3.019819e-01
0
1.312499e-02
2.181020e-01
0
5.244328e-01
7.308691e-02
0
0
0
0
0
0
4.455086e-02
4.987046e-02
1.678625e-01
0
0
0
4.824830e-02
1.050993e-01
0
0
0
0
0
0
0
0
0
0
0
0
0
0
0
0
0
0
3.021967e-02
0
0
0
0
8.125857e-02
1
7.571126e-01
0
0
0
0
0
0
0
0
0
0
7.652441e-01
6.927607e-01
0
1.219459e-01
5.827573e-02
1.198694e-01
0
0
2.967209e-01
1.262970e-01
1.540583e-01
1.707483e-01
4.891663e-01
3.232401e-01
4.736075e-01
6.539333e-01
4.074528e-01
5.273947e-01
5.277760e-01
3.391370e-01
4.319715e-01
2.651893e-01
1.518193e-01
0
0
0
4.157301e-01
2.641533e-01
5.931710e-01
1.936329e-01
0
0
0
0
5.059100e-01
0
0
0
0
0
2.804997e-01
0
3.762888e-01
2.749010e-01
5.313737e-01
4.709899e-01
4.760771e-01
1.865443e-01
4.562299e-01
4.484139e-01
7.590759e-01
6.692560e-01
7.206237e-01
3.466310e-01
5.250057e-01
3.630911e-01
4.661189e-02
0
1.801060e-01
1.331540e-01
0
0
0
0
0
0
0
0
0
0
5.549542e-01
5.319266e-01
0
1.640295e-01
2.485353e-02
2.570175e-01
0
0
1.977508e-01
0
0
0
0
3.715236e-01
8.456839e-02
3.708008e-01
0
0
0
0
0
0
0
0
0
0
0
0
0
0
0
0
0
0
7.571126e-01
1
0
0
0
0
0
0
0
0
0
0
5.448349e-01
7.131902e-01
0
1.607011e-01
1.713370e-01
2.522795e-01
4.650928e-02
7.868764e-02
3.871021e-01
3.358566e-01
3.596170e-01
2.221456e-01
5.939108e-01
4.106618e-01
3.180318e-01
4.441444e-01
5.128035e-01
4.888203e-01
3.454511e-01
1.980353e-01
1.616183e-01
4.873720e-02
1.205404e-01
0
0
0
4.047977e-01
2.552701e-01
3.754108e-01
2.025045e-01
0
0
0
0
3.775127e-01
0
1.488439e-01
0
3.204355e-01
3.016766e-01
6.763045e-02
0
3.809683e-01
1.423994e-01
3.849236e-01
5.794044e-01
4.254799e-01
2.441600e-01
4.673030e-01
5.153926e-01
7.812713e-01
8.286224e-01
6.708605e-01
4.964896e-01
4.446072e-01
4.132371e-01
3.251205e-01
0
3.716331e-01
3.772538e-01
0
1.777773e-01
0
0
0
0
0
0
1.310488e-02
0
4.785343e-01
3.223935e-01
0
2.040187e-01
0
3.755197e-02
0
0
3.246024e-01
0
0
0
0
1.269823e-01
0
1.899173e-01
0
0
6.564561e-01
7.660503e-01
0
1.111506e-01
1.716249e-01
4.513108e-01
0
4.351874e-01
0
2.196287e-01
3.662364e-01
6.306119e-01
3.894713e-01
5.386419e-01
3.871252e-01
1.309515e-01
0
0
1
9.229480e-01
2.219393e-01
4.994824e-01
0
4.085855e-01
0
1.886004e-01
5.704579e-01
7.504811e-01
7.706523e-02
7.972830e-03
0
0
0
0
0
0
0
0
0
0
0
0
0
0
0
0
0
0
0
0
0
0
2.420494e-02
0
0
0
3.439716e-01
4.131902e-01
0
0
0
2.700322e-01
2.119019e-01
7.286393e-01
0
3.282182e-01
0
0
6.260860e-01
5.871410e-01
1.442941e-01
1.798808e-01
1.982960e-02
0
0
1.470367e-01
0
0
0
0
0
0
0
5.713741e-03
0
8.969122e-02
0
0
0
0
0
0
1.803900e-01
0
2.560937e-01
4.088855e-01
0
3.758625e-01
0
0
2.362353e-01
0
3.195001e-01
6.126640e-02
3.581461e-01
4.182476e-01
0
0
1.097656e-01
4.360700e-01
5.404451e-01
1.273989e-01
1.372610e-01
0
2.952109e-01
3.638734e-01
6.142519e-01
7.458303e-01
0
1.842773e-01
1.864228e-01
4.396350e-01
0
4.916112e-01
0
2.378970e-01
2.237371e-01
5.946747e-01
2.793729e-01
5.735387e-01
2.828669e-01
2.536019e-01
0
0
9.229480e-01
1.000000e+00
3.827492e-01
6.472613e-01
0
3.965129e-01
0
1.836433e-01
6.045195e-01
7.119638e-01
8.245083e-02
5.927805e-02
0
0
0
0
0
0
0
0
0
0
0
0
0
0
0
0
0
0
0
0
0
0
1.518427e-01
0
0
0
3.623031e-01
4.057288e-01
0
0
0
2.365281e-01
1.849448e-01
6.284473e-01
0
2.512904e-01
0
0
6.779379e-01
7.019688e-01
1.542673e-01
2.239748e-01
1.804305e-01
9.199324e-02
2.253805e-02
1.947344e-01
0
0
0
0
4.945447e-04
8.117577e-02
0
1.665390e-01
0
1.318491e-01
0
0
0
0
0
0
9.401926e-02
0
2.739091e-01
3.286370e-01
0
4.614106e-01
0
0
1.943244e-01
0
3.010946e-01
0
3.616807e-01
3.655336e-01
0
3.187820e-02
8.522147e-02
5.553248e-01
5.872961e-01
0
1.315203e-01
0
4.382240e-01
3.860616e-01
3.011923e-01
2.107788e-01
0
9.701963e-02
3.401370e-01
0
1.037711e-01
1.918319e-01
0
0
0
3.858061e-01
4.446774e-02
3.456508e-01
0
2.145791e-01
0
0
2.219393e-01
3.827492e-01
1
7.783310e-01
0
0
1.614570e-01
3.883575e-01
6.431231e-01
3.824673e-01
0
2.997704e-02
0
0
0
1.932857e-02
0
0
0
0
0
0
0
8.049738e-02
0
0
0
0
0
0
0
0
2.851827e-01
1.150323e-01
4.834365e-01
2.593432e-01
0
0
1.741091e-01
1.735893e-01
4.419931e-01
2.417949e-01
0
0
1.407327e-01
3.009451e-01
0
9.296536e-02
0
0
3.316924e-01
4.079345e-01
1.469958e-01
1.568650e-01
3.185112e-01
1.608123e-01
2.024736e-01
1.841244e-01
0
0
0
0
0
0
0
2.900225e-01
0
9.923665e-03
0
2.173649e-01
0
2.257076e-01
1.346144e-01
0
0
0
0
0
0
2.807445e-01
0
0
3.134083e-01
1.517261e-02
3.113741e-01
2.383634e-01
3.314110e-01
0
0
3.241475e-01
0
2.137242e-01
2.083433e-01
0
2.721308e-01
4.079395e-02
3.351085e-01
1.289857e-01
2.278220e-01
3.607779e-01
1.429913e-01
2.397398e-01
3.001232e-01
2.448254e-01
2.260202e-01
4.468943e-01
1.053730e-01
2.448539e-01
0
3.665979e-01
2.404294e-01
3.746531e-01
1.396124e-01
2.394562e-01
0
0
4.994824e-01
6.472613e-01
7.783310e-01
1.000000e+00
4.300770e-03
2.074783e-01
7.383213e-02
3.204442e-01
5.438653e-01
5.452010e-01
7.821153e-02
0
0
0
1.058871e-01
0
0
0
0
0
0
0
0
1.921128e-01
0
0
0
0
0
0
0
0
1.180207e-02
0
2.535631e-01
3.148496e-01
0
0
1.253466e-01
1.002971e-01
2.630722e-02
0
0
2.455553e-01
0
2.983388e-01
0
1.091704e-01
0
0
4.604881e-01
7.040389e-01
4.062731e-01
3.597435e-01
3.542392e-01
2.576935e-01
2.029609e-01
3.712294e-01
0
0
0
0
0
0
0
2.315744e-01
0
0
0
1.644312e-01
0
0
2.716234e-01
1.207813e-01
4.894550e-02
7.551802e-02
3.684905e-02
0
0
2.185531e-01
0
0
1.742047e-01
1.374222e-01
1.403310e-01
5.326252e-03
2.544511e-01
6.887264e-02
0
3.067638e-01
0
1.852525e-01
2.514473e-01
0
1.075898e-01
0
2.861260e-01
3.015974e-01
0
0
6.362858e-01
5.877702e-01
3.734721e-02
6.041483e-01
4.416110e-01
3.130107e-01
5.693633e-01
5.903600e-01
5.684472e-01
0
4.248938e-01
2.429784e-01
5.762477e-01
3.103443e-01
0
0
0
0
0
4.300770e-03
1
8.059717e-01
2.756628e-01
8.743737e-02
0
0
0
2.794218e-02
7.686597e-01
6.139771e-01
5.640542e-02
0
3.009405e-01
3.871916e-01
1.532241e-01
0
0
0
2.355949e-01
0
0
0
0
0
0
0
0
0
0
0
0
0
0
0
0
0
0
0
0
3.393475e-01
0
0
5.233073e-01
2.141659e-01
2.577292e-02
0
0
0
5.919892e-02
3.805042e-01
1.323845e-01
1.895418e-01
9.658252e-02
5.503652e-02
9.429309e-02
0
0
9.254094e-02
0
0
2.346800e-01
0
6.047117e-01
2.342436e-01
0
0
0
0
0
2.653883e-01
4.629928e-01
4.026945e-01
0
1.480235e-02
0
0
0
0
0
5.422728e-01
0
0
0
0
0
1.484749e-01
5.180535e-01
0
0
0
0
0
0
0
2.183363e-01
1.747012e-01
5.089903e-01
7.011527e-01
1.796158e-01
7.300955e-01
3.417438e-01
5.689743e-01
4.976654e-01
6.363976e-01
6.355535e-01
3.028864e-01
5.876053e-01
5.587938e-01
6.910828e-01
3.426981e-01
0
0
4.085855e-01
3.965129e-01
0
2.074783e-01
8.059717e-01
1.000000e+00
2.916779e-01
2.523049e-01
1.655536e-01
2.367162e-01
0
0
5.091288e-01
2.392775e-01
0
0
6.551133e-02
1.154963e-01
0
0
0
0
0
0
0
0
0
0
0
0
0
0
0
0
0
0
0
0
0
0
0
0
0
5.135532e-01
0
2.541581e-01
3.453062e-01
4.369677e-01
0
0
1.075767e-01
2.318432e-01
0
2.698558e-01
0
1.258381e-01
0
1.546661e-04
0
0
0
0
0
2.167201e-02
8.637777e-02
0
5.721801e-01
3.730371e-01
0
0
0
0
7.009892e-02
2.293283e-01
5.484778e-01
3.191781e-01
1.340994e-01
3.938693e-01
0
1.124133e-01
0
0
0
4.371792e-01
0
0
3.492840e-02
3.207622e-01
0
2.926411e-01
5.238277e-01
3.145904e-01
3.670353e-01
0
0
0
1.908833e-01
5.649776e-02
1.672768e-01
6.040141e-02
3.871569e-01
3.882779e-01
5.813850e-01
0
3.264746e-01
3.804017e-02
6.817086e-02
1.715464e-01
0
0
2.101830e-01
1.835481e-02
3.006032e-02
0
0
0
0
0
1.614570e-01
7.383213e-02
2.756628e-01
2.916779e-01
1
7.614338e-01
2.925471e-01
0
0
0
4.102274e-01
7.343632e-02
0
0
2.697455e-01
1.218096e-01
6.140712e-02
0
4.126015e-01
1.544327e-01
0
0
0
0
0
0
0
0
0
0
1.535995e-01
3.489308e-01
4.218591e-01
3.587490e-01
0
0
0
0
1.411877e-01
4.955646e-02
0
2.413490e-01
0
0
3.673397e-01
7.495087e-01
1.075076e-01
7.447558e-02
0
0
0
0
0
0
0
0
0
4.560492e-02
0
0
0
0
0
5.856005e-02
2.448097e-01
3.342070e-01
1.814050e-01
2.413009e-01
6.437994e-01
2.420270e-01
0
8.558053e-02
0
0
0
7.897910e-02
0
1.791302e-01
0
0
0
1.224081e-01
0
0
5.274907e-02
1.490337e-01
0
2.172681e-01
3.707026e-01
3.596815e-01
6.856658e-02
0
0
0
3.192124e-01
3.937386e-02
2.491952e-01
2.234752e-01
3.008996e-01
1.738278e-01
7.179708e-01
0
2.429205e-01
7.250469e-02
4.259391e-02
1.469524e-01
0
1.554476e-01
1.297235e-01
2.486122e-01
1.353016e-01
0
0
0
1.886004e-01
1.836433e-01
3.883575e-01
3.204442e-01
8.743737e-02
2.523049e-01
7.614338e-01
1
6.239550e-01
3.851704e-01
0
0
1.825613e-01
0
0
0
9.855022e-02
7.599039e-02
0
0
2.118779e-01
3.149089e-01
0
2.415329e-03
0
0
0
0
0
0
0
0
7.530630e-02
2.475899e-01
3.453178e-01
4.556679e-01
0
0
0
0
2.422496e-01
1.303141e-01
0
1.547403e-01
0
1.472308e-01
8.000417e-02
5.122095e-01
0
3.535948e-02
0
4.985511e-02
0
0
0
0
0
0
0
0
0
0
0
0
0
1.774289e-01
0
2.032839e-01
7.636523e-02
2.257719e-01
4.377858e-01
2.261554e-01
0
1.387385e-01
0
0
1.134361e-02
2.072894e-01
0
4.241719e-01
0
0
2.958429e-01
0
0
0
2.579454e-01
2.825847e-01
0
2.888119e-01
9.462258e-02
3.756312e-01
2.944219e-01
0
3.294445e-02
0
4.391930e-01
2.846978e-01
5.179764e-01
5.834677e-01
0
8.320253e-02
5.679177e-01
1.184389e-01
0
3.171448e-01
0
0
0
6.472220e-01
7.509679e-02
5.782987e-01
1.453744e-01
2.133020e-01
0
0
5.704579e-01
6.045195e-01
6.431231e-01
5.438653e-01
0
1.655536e-01
2.925471e-01
6.239550e-01
1
7.254252e-01
0
0
0
0
0
0
0
0
0
0
0
1.962988e-01
0
0
0
0
0
0
0
0
0
0
6.363567e-02
1.672470e-01
4.405994e-01
2.161106e-01
0
0
3.359767e-01
5.140616e-01
3.673993e-01
3.926314e-01
0
2.319067e-01
1.151780e-01
5.993763e-01
0
3.804367e-01
0
0
4.331858e-01
3.847498e-01
0
1.943616e-02
0
0
0
0
0
0
0
0
0
4.453825e-03
0
3.115419e-01
0
2.834343e-01
1.537739e-01
1.742373e-01
2.423934e-01
2.972089e-01
2.641837e-02
0
0
0
9.480355e-03
2.340044e-01
0
4.643533e-01
0
0
5.421175e-01
0
4.005488e-01
0
4.907027e-01
1.092644e-01
0
3.495759e-02
0
5.131584e-01
5.161617e-01
0
3.720750e-02
0
3.618496e-01
3.088095e-01
3.699031e-01
5.955063e-01
0
0
4.343069e-01
4.088237e-01
0
4.386098e-01
5.161484e-02
2.115742e-01
7.077647e-03
6.229680e-01
1.808618e-01
5.702839e-01
4.444611e-01
2.357784e-01
0
0
7.504811e-01
7.119638e-01
3.824673e-01
5.452010e-01
0
2.367162e-01
0
3.851704e-01
7.254252e-01
1
0
0
0
0
0
0
0
0
0
1.558308e-01
0
1.109865e-01
0
0
0
0
0
0
0
0
0
0
0
0
7.431471e-03
1.522613e-01
0
0
2.613462e-01
4.169957e-01
0
9.635733e-02
0
2.905199e-01
1.435000e-01
7.194257e-01
0
1.152557e-01
0
0
5.495748e-01
5.031868e-01
0
0
0
0
0
0
0
0
0
0
2.317204e-02
7.518930e-02
0
1.577909e-01
0
0
1.032649e-01
0
0
0
1.512279e-01
0
2.176153e-01
0
2.521848e-01
6.059369e-01
0
4.947311e-01
0
0
5.437188e-01
0
4.486838e-01
0
4.833116e-01
4.327562e-01
1.717652e-01
1.293901e-01
0
3.628143e-01
5.637615e-01
0
0
0
3.750102e-01
6.172900e-01
0
5.010782e-02
0
0
0
6.000529e-02
0
0
0
0
1.165299e-01
0
0
0
0
1.322288e-01
7.652441e-01
5.448349e-01
7.706523e-02
8.245083e-02
0
7.821153e-02
0
0
0
0
0
0
1
7.326326e-01
0
1.302171e-01
4.165863e-01
4.515328e-01
0
0
1.295274e-01
3.921773e-02
0
0
4.080451e-01
1.823203e-01
3.901684e-01
5.186005e-01
3.636771e-01
4.350858e-01
4.832799e-01
2.371238e-01
3.159431e-01
0
0
0
0
0
1.798920e-01
1.051937e-01
4.042768e-01
1.599511e-01
0
0
0
0
6.246189e-01
1.432731e-01
0
0
0
0
3.548959e-01
5.427760e-02
6.311793e-01
4.235515e-01
6.258277e-01
5.001546e-01
5.605971e-01
4.375627e-01
4.580471e-01
3.005753e-01
5.616570e-01
4.630437e-01
7.014891e-01
3.328294e-01
1.802632e-01
1.943332e-01
0
0
0
0
0
0
0
0
0
1.586926e-02
0
0
0
0
6.063991e-01
5.040722e-01
0
6.226953e-02
8.362573e-02
1.647459e-01
0
0
0
0
0
0
0
3.039086e-01
1.352428e-01
3.797287e-01
0
0
0
0
0
0
0
4.647685e-02
0
0
0
0
1.333080e-01
2.420474e-01
0
3.594473e-02
0
3.248105e-01
6.927607e-01
7.131902e-01
7.972830e-03
5.927805e-02
2.997704e-02
0
2.794218e-02
0
0
0
0
0
7.326326e-01
1
0
1.699042e-01
6.801662e-02
2.196419e-01
0
0
1.337342e-01
1.275316e-01
0
0
5.653051e-01
1.855000e-01
5.418838e-02
2.753534e-01
1.395413e-01
2.539982e-01
1.990648e-01
0
9.267800e-02
0
0
0
0
0
1.750135e-01
8.924500e-02
4.559187e-01
2.699131e-01
0
0
0
0
6.347861e-01
3.646285e-01
0
0
0
5.717848e-02
3.843061e-01
0
4.994383e-01
4.938848e-01
6.366443e-01
6.536750e-01
4.591779e-01
2.818884e-01
3.381682e-01
4.631502e-01
5.386851e-01
5.870995e-01
7.833646e-01
6.135692e-01
5.283359e-01
6.339791e-01
1.732248e-01
2.454261e-02
2.544301e-01
2.932508e-01
0
1.635622e-01
0
0
0
0
0
0
0
0
3.493211e-01
1.266242e-01
0
1.179346e-01
0
0
0
0
1.887654e-01
0
0
0
0
0
0
1.069382e-01
0
0
0
0
7.433606e-01
4.640541e-01
0
2.713789e-01
4.771150e-01
1.279657e-01
4.049651e-01
4.299771e-01
4.630468e-01
0
3.276439e-01
0
3.034910e-01
0
0
0
0
0
0
0
7.686597e-01
5.091288e-01
4.102274e-01
1.825613e-01
0
0
0
0
1
6.713509e-01
2.420913e-02
0
3.272300e-01
3.017421e-01
2.664989e-01
0
1.034320e-01
0
0
0
2.435463e-02
4.192078e-02
9.148883e-02
0
0
0
0
0
0
0
0
0
0
0
0
0
0
0
0
1.566232e-01
0
0
4.183370e-01
1.949061e-01
2.089267e-02
0
0
0
0
1.508923e-01
0
0
0
0
2.313517e-01
9.438374e-02
2.914143e-03
1.309260e-01
0
0
2.088248e-01
0
5.056115e-01
5.429857e-02
0
0
7.185675e-02
0
0
2.747760e-01
1.987120e-01
3.367005e-01
3.120422e-02
2.154372e-02
0
0
0
0
0
4.650415e-01
0
0
0
1.140514e-01
0
3.098905e-02
6.156199e-01
0
0
0
0
0
0
0
0
0
3.871260e-01
4.308819e-01
0
2.197786e-01
2.495452e-01
1.150317e-01
3.241541e-01
2.550401e-01
2.988892e-01
0
2.831769e-01
0
1.939949e-01
1.524254e-01
1.219459e-01
1.607011e-01
0
0
0
0
6.139771e-01
2.392775e-01
7.343632e-02
0
0
0
1.302171e-01
1.699042e-01
6.713509e-01
1
0
0
3.377863e-01
2.858120e-01
8.603575e-02
0
5.584751e-02
0
7.803130e-02
0
1.609510e-01
2.359452e-01
2.737631e-01
2.084152e-01
1.326117e-01
1.723899e-02
0
0
0
0
0
0
0
0
0
0
0
0
1.975290e-01
1.645242e-01
0
0
3.644891e-01
4.779778e-02
2.616343e-01
1.633097e-01
0
0
1.690565e-01
3.976591e-01
9.263986e-02
8.880425e-02
1.447865e-01
1.414171e-01
2.254973e-01
2.213855e-01
9.891891e-02
2.765127e-01
2.399845e-02
0
2.034362e-01
0
4.380042e-01
2.200303e-01
8.754713e-03
0
0
0
2.028088e-02
9.648308e-02
1.386804e-01
2.584850e-01
0
0
0
0
0
0
0
4.622318e-01
0
0
0
0
0
0
1.875697e-01
0
0
0
0
1.096225e-01
0
0
0
5.074298e-03
2.055578e-01
0
3.280693e-01
9.384392e-02
2.672399e-01
0
2.679482e-01
4.676546e-02
0
0
0
0
0
0
5.827573e-02
1.713370e-01
0
0
0
1.058871e-01
5.640542e-02
0
0
0
0
0
4.165863e-01
6.801662e-02
2.420913e-02
0
1
8.000347e-01
4.270735e-01
4.600955e-01
2.323130e-01
6.783823e-03
9.854293e-02
0
2.358626e-01
2.016202e-01
2.364743e-01
1.605152e-01
3.751753e-01
1.045858e-01
2.224665e-01
1.055225e-01
1.009681e-02
0
1.754311e-02
0
0
2.423143e-03
1.328350e-01
1.851610e-02
0
0
0
0
0
0
0
0
3.167866e-01
0
3.267822e-01
7.569064e-02
0
0
2.119071e-01
0
1.946792e-01
1.988412e-01
2.330018e-01
3.240416e-01
3.763063e-01
1.226940e-01
2.738946e-01
8.296457e-02
9.524737e-02
2.275752e-02
0
0
0
0
0
0
0
0
0
1.664323e-01
0
1.545144e-01
1.570972e-01
0
4.536569e-01
0
3.860557e-01
2.595187e-01
0
0
0
0
1.050887e-01
3.479216e-02
0
0
0
0
0
9.742634e-02
1.093839e-01
3.317505e-01
3.864189e-03
0
0
0
0
0
2.087669e-01
0
1.500067e-01
0
0
0
0
0
0
0
0
0
1.198694e-01
2.522795e-01
0
0
1.932857e-02
0
0
0
0
0
0
0
4.515328e-01
2.196419e-01
0
0
8.000347e-01
1
3.185100e-01
4.265241e-01
3.988695e-02
0
1.146632e-01
0
3.238226e-01
1.590365e-01
1.847958e-01
1.771805e-01
3.349012e-01
2.135308e-01
1.526997e-01
1.319557e-01
8.902423e-02
0
1.595412e-01
0
0
0
1.836373e-01
1.511367e-01
0
4.063527e-02
3.536851e-02
0
3.505759e-01
0
2.391211e-01
0
1.776833e-01
0
5.234308e-01
4.709272e-01
0
0
2.176069e-01
0
3.058000e-01
2.607593e-01
4.051124e-01
3.381273e-01
3.016631e-01
1.620079e-01
2.862458e-01
1.556734e-01
1.190858e-01
1.077045e-02
0
0
0
0
0
0
0
0
0
1.265662e-01
0
2.557233e-02
0
0
2.576454e-01
0
4.533411e-01
5.008333e-01
0
0
1.176123e-02
3.438112e-02
1.571198e-01
0
0
0
0
0
0
0
1.782951e-01
5.264891e-01
0
0
0
0
5.250280e-01
3.673743e-01
3.468585e-01
1.185867e-01
4.430144e-01
0
6.227719e-01
3.633227e-01
0
0
4.232212e-02
0
0
0
0
4.650928e-02
0
0
0
0
3.009405e-01
6.551133e-02
2.697455e-01
9.855022e-02
0
0
0
0
3.272300e-01
3.377863e-01
4.270735e-01
3.185100e-01
1.000000e+00
8.928581e-01
2.589920e-01
0
4.244986e-01
0
2.536649e-01
2.183144e-01
0
0
3.757491e-01
2.557038e-02
0
0
0
0
0
0
0
2.880323e-01
0
0
0
0
0
0
3.054368e-01
1.285764e-01
0
0
8.131713e-01
7.652982e-02
6.504867e-01
5.335899e-01
0
0
0
0
0
0
0
0
1.539735e-01
0
1.533699e-01
1.504335e-01
0
0
0
0
3.461679e-01
0
0
2.657444e-02
0
0
2.463157e-01
3.896659e-01
1.479114e-01
3.507446e-01
7.779883e-02
1.630396e-01
1.924363e-01
0
0
0
0
1.388471e-01
0
0
0
7.736423e-02
3.147829e-02
3.211578e-01
0
0
0
0
0
0
0
2.847210e-02
0
0
5.282196e-01
3.269713e-01
2.431991e-01
1.965344e-01
4.550389e-01
0
5.744962e-01
3.883154e-01
0
0
0
0
2.776327e-02
0
0
7.868764e-02
0
0
0
0
3.871916e-01
1.154963e-01
1.218096e-01
7.599039e-02
0
0
0
0
3.017421e-01
2.858120e-01
4.600955e-01
4.265241e-01
8.928581e-01
1
2.991421e-01
0
3.721920e-01
0
4.640996e-01
3.358340e-01
3.922625e-02
0
3.995088e-01
9.269208e-02
0
0
0
0
0
0
0
2.940455e-01
0
0
0
0
0
0
2.412212e-01
1.984772e-01
0
0
7.355353e-01
0
5.747524e-01
5.301247e-01
0
0
3.523370e-02
0
0
6.433082e-02
0
1.101000e-02
3.591106e-01
2.801571e-02
1.800629e-01
1.850323e-01
0
0
0
0
2.749782e-01
0
0
1.211053e-01
0
0
2.790218e-01
4.390586e-01
3.045041e-01
3.397792e-01
0
0
1.565234e-01
0
0
5.961752e-03
0
1.149521e-01
0
0
0
0
7.867831e-02
1.983724e-01
0
0
0
0
0
3.156343e-02
0
0
0
0
3.674776e-01
0
0
0
1.906490e-01
0
0
6.036646e-02
1.041664e-01
0
0
0
0
0
2.967209e-01
3.871021e-01
0
0
0
0
1.532241e-01
0
6.140712e-02
0
0
0
1.295274e-01
1.337342e-01
2.664989e-01
8.603575e-02
2.323130e-01
3.988695e-02
2.589920e-01
2.991421e-01
1.000000e+00
3.986923e-01
5.014676e-01
3.587706e-01
6.387207e-01
3.821124e-01
2.319857e-01
3.133110e-01
3.554717e-01
2.230960e-01
2.274636e-01
1.442031e-01
1.143794e-01
7.487662e-02
1.555428e-01
4.157268e-02
0
2.063934e-01
3.925501e-01
2.766449e-01
0
0
0
0
0
0
0
0
2.831325e-01
0
2.111027e-01
6.013102e-02
0
0
3.288471e-01
9.415015e-02
3.897600e-01
3.166159e-01
2.320993e-01
1.536282e-01
4.897620e-01
3.339029e-01
6.702985e-01
3.863255e-01
7.234728e-02
0
2.820692e-01
1.236646e-01
6.013766e-02
0
0
2.155122e-01
0
7.857776e-02
0
2.279047e-01
0
2.470078e-01
0
0
2.708210e-01
0
1.961931e-01
2.921347e-01
0
4.255557e-01
0
0
0
0
1.639734e-01
6.982719e-03
1.036247e-01
0
0
6.638647e-02
2.408315e-02
0
0
0
0
7.256605e-02
0
0
0
0
0
0
0
0
0
0
0
0
0
0
1.262970e-01
3.358566e-01
0
0
0
0
0
0
0
0
0
1.558308e-01
3.921773e-02
1.275316e-01
0
0
6.783823e-03
0
0
0
3.986923e-01
1
2.564398e-01
6.583138e-01
1.378388e-01
2.327035e-01
1.921540e-01
1.686331e-01
1.701670e-01
2.385390e-01
2.719169e-01
2.222063e-01
2.838819e-01
3.376694e-01
2.432869e-01
3.514081e-01
2.503054e-02
2.717396e-01
3.913924e-01
4.074379e-01
3.413878e-01
1.755970e-01
3.445042e-02
1.564862e-01
0
0
0
0
0
0
0
0
2.491850e-01
2.180637e-01
5.739477e-02
0
0
0
0
0
1.339536e-01
1.451833e-01
3.364244e-01
2.286062e-01
2.744789e-01
3.510511e-01
2.321513e-01
2.427893e-01
0
0
1.496819e-01
1.923208e-01
0
2.882573e-01
0
0
0
0
2.958251e-01
1.486182e-01
3.410424e-01
1.406693e-01
4.118548e-01
1.271731e-01
1.559453e-01
0
0
0
0
2.242119e-01
3.747248e-01
0
0
3.261069e-03
8.022100e-02
3.668870e-01
0
0
3.003408e-02
4.542810e-01
0
0
0
0
1.289808e-01
0
0
0
0
0
0
0
0
0
0
0
1.540583e-01
3.596170e-01
0
0
0
0
0
0
4.126015e-01
2.118779e-01
0
0
0
0
1.034320e-01
5.584751e-02
9.854293e-02
1.146632e-01
4.244986e-01
3.721920e-01
5.014676e-01
2.564398e-01
1
5.504998e-01
4.048280e-01
1.971778e-01
3.359524e-01
3.208254e-01
4.462097e-01
3.530112e-01
1.931527e-01
3.097897e-01
1.951866e-01
3.409499e-01
3.872512e-01
3.372830e-01
2.390286e-01
3.356248e-01
4.729658e-01
4.568797e-01
0
0
9.571824e-02
6.691706e-02
0
0
0
0
2.624115e-01
0
2.511261e-01
3.000479e-01
0
0
0
0
0
0
3.566500e-02
0
4.967180e-01
6.181203e-01
3.630877e-01
2.245447e-01
0
0
3.432813e-01
2.405265e-01
3.019119e-03
0
3.567120e-01
4.277357e-01
3.286536e-01
4.411865e-01
0
0
0
0
0
0
2.003442e-01
0
1.387024e-01
1.081455e-01
0
0
0
0
0
0
3.501849e-02
0
1.839795e-02
0
0
0
0
9.212511e-02
0
0
5.772870e-02
2.343972e-01
0
0
1.184367e-01
0
0
0
0
0
0
0
0
0
0
0
1.707483e-01
2.221456e-01
0
0
0
0
0
0
1.544327e-01
3.149089e-01
1.962988e-01
1.109865e-01
0
0
0
0
0
0
0
0
3.587706e-01
6.583138e-01
5.504998e-01
1
2.108686e-01
3.664300e-01
4.535698e-02
8.690180e-02
0
2.990358e-04
7.708457e-02
1.585310e-01
2.413391e-01
3.302736e-01
4.929206e-01
5.737617e-01
4.424404e-01
4.514671e-01
4.597068e-01
4.985919e-01
5.270806e-01
3.339289e-01
2.997087e-01
2.204044e-01
0
0
0
0
0
0
0
0
1.750397e-01
7.288232e-02
0
0
0
0
0
0
1.784633e-01
2.680634e-01
2.631681e-01
1.102436e-01
1.210092e-01
1.528665e-01
2.958947e-01
3.032086e-01
0
0
1.967039e-01
3.538313e-01
1.687556e-01
4.996544e-01
0
0
0
0
1.557457e-01
4.494047e-03
1.949981e-01
2.164723e-01
2.526631e-01
1.438331e-01
3.130008e-01
0
7.867040e-03
0
0
1.240572e-01
3.901890e-01
0
5.869362e-02
2.617776e-01
1.505365e-01
2.151144e-01
3.149361e-02
0
2.297041e-01
2.253854e-01
0
0
8.384031e-02
0
0
0
0
0
7.565214e-02
1.815433e-03
2.100294e-02
0
0
0
0
2.428022e-01
4.891663e-01
5.939108e-01
0
0
0
0
2.355949e-01
0
0
0
0
0
4.080451e-01
5.653051e-01
0
7.803130e-02
2.358626e-01
3.238226e-01
2.536649e-01
4.640996e-01
6.387207e-01
1.378388e-01
4.048280e-01
2.108686e-01
1
6.517472e-01
6.016251e-02
1.708945e-01
2.862636e-01
2.047348e-01
3.430841e-02
0
0
0
0
0
0
3.100249e-02
1.418801e-01
1.042500e-01
0
0
0
0
0
0
1.147405e-02
0
2.848255e-01
0
2.576718e-01
2.875231e-01
0
0
4.370484e-01
3.460474e-01
6.274020e-01
6.278072e-01
4.213792e-01
1.955707e-01
5.329820e-01
3.804171e-01
7.000601e-01
5.620188e-01
3.877264e-01
2.162471e-01
3.986939e-01
4.409394e-01
1.316940e-01
0
0
4.355404e-01
0
1.180344e-01
0
2.154069e-02
0
7.250624e-02
0
0
0
0
1.905700e-01
3.064785e-01
0
2.886270e-01
0
0
0
0
4.286848e-01
0
0
0
0
0
0
4.985440e-02
0
0
0
0
2.393193e-02
0
1.486063e-01
0
0
0
2.306181e-01
0
0
0
0
0
0
6.066559e-02
3.232401e-01
4.106618e-01
0
0
8.049738e-02
1.921128e-01
0
0
0
2.415329e-03
0
0
1.823203e-01
1.855000e-01
0
0
2.016202e-01
1.590365e-01
2.183144e-01
3.358340e-01
3.821124e-01
2.327035e-01
1.971778e-01
3.664300e-01
6.517472e-01
1.000000e+00
0
0
9.229523e-02
1.258663e-02
0
0
0
0
0
0
0
2.824446e-01
0
0
9.574117e-02
4.382523e-03
3.903996e-02
0
0
0
0
0
3.003127e-01
0
2.201210e-01
1.250003e-01
7.835307e-02
1.596188e-01
2.835467e-01
2.599272e-02
4.025171e-01
5.616042e-01
2.002132e-01
2.215732e-01
1.845628e-01
0
5.128345e-01
2.863922e-01
2.227670e-01
2.676898e-01
4.748416e-02
2.496614e-01
0
0
0
5.268029e-01
0
0
2.334359e-02
3.725142e-02
0
5.839344e-02
0
0
9.573090e-02
0
1.880877e-01
2.812998e-01
1.734342e-02
1.364820e-01
6.051188e-02
0
2.011903e-02
0
5.809204e-01
3.560958e-01
0
0
0
0
0
3.350444e-02
0
6.417421e-02
0
0
0
0
0
0
0
0
0
0
0
0
0
0
0
0
4.736075e-01
3.180318e-01
0
0
0
0
0
0
0
0
0
0
3.901684e-01
5.418838e-02
2.435463e-02
1.609510e-01
2.364743e-01
1.847958e-01
0
3.922625e-02
2.319857e-01
1.921540e-01
3.359524e-01
4.535698e-02
6.016251e-02
0
1
9.308078e-01
8.463727e-01
9.099006e-01
9.250053e-01
9.351390e-01
8.146283e-01
7.180671e-01
2.624218e-01
1.047078e-01
0
0
6.566272e-01
6.053026e-01
1.037748e-02
0
0
0
0
0
7.816247e-02
0
0
0
4.890311e-03
0
0
0
0
0
0
0
5.205656e-02
0
5.393638e-01
4.759407e-01
4.081606e-01
3.171712e-01
2.398621e-01
4.840392e-02
1.900424e-01
0
0
0
4.059930e-02
0
0
0
0
0
0
0
0
0
4.873522e-01
0
6.888337e-01
5.447123e-01
0
0
3.344018e-02
4.658108e-02
0
0
0
0
0
0
0
6.177803e-01
3.017212e-01
4.961314e-01
0
0
0
0
0
0
0
0
0
0
0
0
0
0
0
0
0
0
6.539333e-01
4.441444e-01
0
0
0
0
0
0
0
0
0
0
5.186005e-01
2.753534e-01
4.192078e-02
2.359452e-01
1.605152e-01
1.771805e-01
0
0
3.133110e-01
1.686331e-01
3.208254e-01
8.690180e-02
1.708945e-01
0
9.308078e-01
1
7.255956e-01
8.702499e-01
9.365768e-01
8.803610e-01
8.508970e-01
6.884428e-01
3.591203e-01
9.251614e-02
1.223665e-02
0
7.586628e-01
6.959291e-01
2.143811e-01
0
0
0
0
0
2.572961e-01
0
0
0
0
0
0
0
9.102578e-02
3.182715e-02
1.458398e-01
0
2.250316e-01
0
5.495997e-01
5.765864e-01
5.372075e-01
4.472835e-01
4.052665e-01
1.074255e-01
3.056341e-01
3.372396e-02
0
0
4.141382e-02
0
0
3.968887e-02
0
0
0
0
0
0
3.940608e-01
0
7.299651e-01
6.023386e-01
0
0
0
1.335037e-01
0
0
0
0
0
0
0
6.489279e-01
3.324356e-01
5.562152e-01
0
0
0
0
0
0
0
0
0
0
2.757591e-02
0
0
0
0
0
0
0
4.074528e-01
5.128035e-01
0
0
0
0
0
0
0
0
0
0
3.636771e-01
1.395413e-01
9.148883e-02
2.737631e-01
3.751753e-01
3.349012e-01
3.757491e-01
3.995088e-01
3.554717e-01
1.701670e-01
4.462097e-01
0
2.862636e-01
9.229523e-02
8.463727e-01
7.255956e-01
1.000000e+00
8.705589e-01
6.945302e-01
6.901094e-01
4.731493e-01
4.309833e-01
8.168464e-03
0
0
0
4.348398e-01
3.187029e-01
0
0
0
0
8.954332e-02
0
0
0
2.648180e-01
0
3.669223e-01
2.442502e-01
0
0
1.258007e-01
0
0
0
8.658126e-02
5.391365e-03
6.262999e-01
4.651286e-01
5.463651e-01
4.988764e-01
2.166822e-01
8.563925e-02
2.167742e-01
0
3.031172e-02
0
1.616965e-01
1.646508e-02
0
0
0
0
0
6.146138e-02
0
0
3.501524e-01
0
5.376229e-01
4.291764e-01
0
0
0
0
0
0
0
0
0
0
0
3.616464e-01
0
3.640506e-01
0
0
0
0
0
0
0
0
0
0
0
0
0
0
0
0
0
0
5.273947e-01
4.888203e-01
0
0
0
0
0
0
0
0
0
0
4.350858e-01
2.539982e-01
0
2.084152e-01
1.045858e-01
2.135308e-01
2.557038e-02
9.269208e-02
2.230960e-01
2.385390e-01
3.530112e-01
2.990358e-04
2.047348e-01
1.258663e-02
9.099006e-01
8.702499e-01
8.705589e-01
1
8.043382e-01
8.450401e-01
7.134219e-01
7.075872e-01
1.695605e-01
1.751971e-03
0
0
5.649783e-01
5.681974e-01
1.340313e-02
0
0
4.719171e-02
6.843974e-02
0
1.385740e-01
0
0
0
1.915918e-01
1.813384e-01
0
0
1.534656e-01
0
6.346552e-02
0
1.191765e-01
0
6.064732e-01
5.250242e-01
5.130958e-01
4.544262e-01
3.164455e-01
1.605360e-01
2.545035e-01
4.573137e-03
0
0
1.816758e-01
1.859598e-02
0
0
0
0
0
0
0
0
3.074869e-01
0
6.513534e-01
5.470701e-01
0
0
4.750862e-02
9.327490e-02
0
0
0
0
0
0
0
4.646181e-01
1.152134e-01
4.332218e-01
0
0
0
0
0
0
0
0
0
0
0
0
0
0
0
0
0
0
5.277760e-01
3.454511e-01
0
0
0
0
0
0
0
0
0
0
4.832799e-01
1.990648e-01
0
1.326117e-01
2.224665e-01
1.526997e-01
0
0
2.274636e-01
2.719169e-01
1.931527e-01
7.708457e-02
3.430841e-02
0
9.250053e-01
9.365768e-01
6.945302e-01
8.043382e-01
1.000000e+00
9.053791e-01
8.669810e-01
6.729750e-01
3.159516e-01
1.250870e-01
0
0
7.639878e-01
6.699543e-01
1.887894e-01
0
0
0
0
0
2.469240e-01
0
0
0
0
0
3.311622e-03
0
1.975699e-02
0
3.973374e-02
0
9.573131e-02
0
4.060976e-01
4.275749e-01
4.308883e-01
3.349033e-01
4.109397e-01
2.409048e-01
2.338388e-01
0
0
0
0
0
0
0
0
0
0
0
7.338010e-02
0
5.719477e-01
0
8.154710e-01
5.309186e-01
0
0
2.670992e-02
6.769701e-02
0
0
0
0
0
0
0
6.984345e-01
3.027387e-01
5.145814e-01
0
0
0
0
0
0
0
0
0
0
0
0
0
0
0
0
0
0
3.391370e-01
1.980353e-01
0
0
0
0
0
0
0
0
0
0
2.371238e-01
0
0
1.723899e-02
1.055225e-01
1.319557e-01
0
0
1.442031e-01
2.222063e-01
3.097897e-01
1.585310e-01
0
0
9.351390e-01
8.803610e-01
6.901094e-01
8.450401e-01
9.053791e-01
1
8.923783e-01
8.138244e-01
4.063812e-01
3.315899e-01
1.534250e-01
0
7.587210e-01
7.696369e-01
5.918174e-02
0
7.367376e-02
7.990975e-02
0
0
5.981179e-02
0
0
0
0
0
0
0
0
0
0
0
4.839381e-02
0
4.242487e-01
4.352407e-01
2.642982e-01
1.706629e-01
1.532322e-01
5.458628e-02
7.720839e-02
0
0
0
0
0
0
7.630969e-02
0
0
0
0
7.479567e-02
0
6.042838e-01
0
7.268657e-01
5.638956e-01
6.238142e-02
0
1.684514e-01
9.500053e-02
0
0
0
0
0
0
0
6.139746e-01
3.823618e-01
5.510213e-01
0
0
2.409201e-02
7.535504e-02
0
0
0
0
0
0
0
0
0
0
0
0
0
0
4.319715e-01
1.616183e-01
0
0
0
0
0
0
0
0
0
0
3.159431e-01
9.267800e-02
0
0
1.009681e-02
8.902423e-02
0
0
1.143794e-01
2.838819e-01
1.951866e-01
2.413391e-01
0
0
8.146283e-01
8.508970e-01
4.731493e-01
7.134219e-01
8.669810e-01
8.923783e-01
1
8.457807e-01
5.939947e-01
4.337310e-01
3.313064e-01
0
8.303034e-01
7.720865e-01
3.289828e-01
7.739201e-02
1.627720e-01
4.190752e-02
0
0
2.618375e-01
0
0
0
0
0
1.264798e-01
0
0
0
1.093935e-02
0
9.202045e-02
0
2.744455e-01
4.413145e-01
2.383053e-01
1.038113e-01
2.266372e-01
5.692577e-02
1.412745e-01
4.676004e-02
0
0
5.179382e-02
0
1.729260e-04
1.789373e-01
0
0
0
0
2.047543e-02
0
4.606192e-01
0
7.284106e-01
5.876716e-01
1.467037e-01
0
3.311421e-01
2.664570e-01
0
0
0
0
0
0
0
7.011504e-01
5.182883e-01
4.918931e-01
0
0
0
0
0
0
0
0
0
0
0
0
0
0
0
0
0
0
2.651893e-01
4.873720e-02
0
0
0
0
0
0
0
0
0
0
0
0
0
0
0
0
0
0
7.487662e-02
3.376694e-01
3.409499e-01
3.302736e-01
0
0
7.180671e-01
6.884428e-01
4.309833e-01
7.075872e-01
6.729750e-01
8.138244e-01
8.457807e-01
1
4.864448e-01
6.169352e-01
3.440749e-01
1.244487e-02
6.276043e-01
6.853078e-01
2.035900e-01
0
2.630785e-01
3.295318e-01
0
0
0
0
0
0
0
0
0
0
0
0
0
0
0
0
2.639865e-01
3.850969e-01
1.258498e-01
1.656965e-02
7.635202e-03
0
2.558736e-01
0
0
0
2.126895e-01
0
3.245585e-02
1.847205e-01
0
0
0
0
0
0
2.967527e-01
0
4.477829e-01
3.810048e-01
2.759835e-01
0
2.724944e-01
1.531711e-01
0
0
0
0
0
0
0
5.635474e-01
2.831033e-01
2.154780e-01
0
0
2.234460e-01
8.197489e-02
0
0
0
0
0
0
0
0
0
0
0
0
0
0
1.518193e-01
1.205404e-01
0
0
2.851827e-01
1.180207e-02
0
0
1.535995e-01
7.530630e-02
6.363567e-02
0
0
0
0
0
1.754311e-02
1.595412e-01
0
0
1.555428e-01
2.432869e-01
3.872512e-01
4.929206e-01
0
0
2.624218e-01
3.591203e-01
8.168464e-03
1.695605e-01
3.159516e-01
4.063812e-01
5.939947e-01
4.864448e-01
1
7.082950e-01
8.257886e-01
3.347232e-01
7.301611e-01
6.721080e-01
3.567225e-01
2.897007e-01
6.204757e-01
2.705002e-01
0
0
5.940322e-02
0
0
0
8.487564e-03
1.268713e-02
5.303545e-02
0
0
0
4.770202e-02
0
2.020651e-01
3.861468e-03
0
2.845264e-01
8.071556e-02
0
0
0
0
1.461632e-01
0
0
1.232866e-01
1.762217e-01
4.768756e-01
5.858469e-01
0
0
0
0
0
0
4.301716e-01
5.601237e-02
3.454773e-01
4.315477e-01
2.106536e-01
0
1.729026e-01
3.537360e-01
1.227618e-01
0
0
0
0
2.309060e-01
0
2.784836e-01
4.354802e-01
3.546021e-01
2.387116e-01
0
3.472950e-01
1.559804e-01
0
0
0
0
0
0
0
0
0
1.071900e-01
0
0
0
0
0
0
0
0
1.150323e-01
0
0
0
3.489308e-01
2.475899e-01
1.672470e-01
0
0
0
0
0
0
0
0
0
4.157268e-02
3.514081e-01
3.372830e-01
5.737617e-01
0
0
1.047078e-01
9.251614e-02
0
1.751971e-03
1.250870e-01
3.315899e-01
4.337310e-01
6.169352e-01
7.082950e-01
1
7.709145e-01
5.045380e-01
4.841417e-01
5.715704e-01
1.222469e-01
1.041001e-01
5.064176e-01
5.302845e-01
0
0
0
0
0
2.197504e-01
0
0
0
1.021575e-01
0
0
0
0
0
0
0
9.603166e-02
0
0
0
0
0
0
0
1.984753e-01
1.032661e-01
1.004902e-01
4.260823e-01
5.849676e-01
0
0
0
0
2.801416e-01
0
3.560365e-01
2.596711e-01
0
0
4.318813e-01
0
1.544068e-01
6.372275e-02
1.461556e-01
1.340430e-01
0
0
1.197934e-01
4.060642e-01
1.793075e-01
2.197179e-01
2.342076e-01
0
3.610794e-01
2.281949e-01
3.697062e-01
3.308504e-01
0
0
1.005889e-01
0
0
0
0
0
0
1.580054e-01
0
1.659635e-02
0
0
0
0
2.420494e-02
1.518427e-01
4.834365e-01
2.535631e-01
0
0
4.218591e-01
3.453178e-01
4.405994e-01
7.431471e-03
0
0
0
0
0
0
0
0
0
2.503054e-02
2.390286e-01
4.424404e-01
0
0
0
1.223665e-02
0
0
0
1.534250e-01
3.313064e-01
3.440749e-01
8.257886e-01
7.709145e-01
1
4.066081e-01
4.377703e-01
4.786851e-01
3.166288e-01
3.606122e-01
6.042346e-01
4.155186e-01
0
0
0
1.267533e-02
0
2.983504e-01
0
0
1.204047e-01
1.208546e-01
0
0
0
0
9.726357e-02
0
0
1.861288e-01
0
0
0
0
0
2.434681e-01
0
1.035126e-01
1.194436e-01
3.300281e-01
5.335339e-01
6.407828e-01
0
0
0
0
1.995976e-02
0
2.618695e-01
2.234038e-01
0
2.804365e-02
3.081368e-01
0
1.877159e-01
1.518713e-01
2.865755e-01
0
0
0
1.914206e-01
5.284221e-01
2.176230e-01
0
2.417669e-01
2.014033e-01
3.769479e-01
3.710488e-02
0
0
2.003094e-01
8.090194e-02
3.381202e-01
0
2.654382e-01
1.001787e-01
3.117950e-02
1.062202e-01
0
0
7.366579e-02
0
0
0
0
0
0
0
2.593432e-01
3.148496e-01
0
0
3.587490e-01
4.556679e-01
2.161106e-01
1.522613e-01
0
0
0
0
2.423143e-03
0
2.880323e-01
2.940455e-01
2.063934e-01
2.717396e-01
3.356248e-01
4.514671e-01
3.100249e-02
2.824446e-01
0
0
0
0
0
0
0
1.244487e-02
3.347232e-01
5.045380e-01
4.066081e-01
1
0
1.341773e-01
0
0
3.276961e-01
4.015644e-01
3.813239e-02
1.531527e-01
0
0
1.221423e-01
1.732854e-01
1.122932e-02
1.239188e-01
0
1.328154e-01
0
0
0
0
0
0
0
0
0
0
0
0
0
0
0
0
0
1.444909e-01
6.933573e-02
3.316179e-01
4.000734e-01
3.567874e-01
0
0
1.688414e-01
0
1.335393e-01
1.512008e-02
0
2.019824e-02
4.969677e-01
0
1.991709e-03
0
2.299914e-01
6.961062e-02
2.574265e-01
3.032248e-01
0
2.070481e-03
0
0
2.201194e-02
0
1.875234e-01
2.969547e-01
0
0
0
0
0
0
0
0
0
0
0
0
0
0
0
0
4.157301e-01
4.047977e-01
0
0
0
0
0
0
0
0
0
0
1.798920e-01
1.750135e-01
0
0
1.328350e-01
1.836373e-01
0
0
3.925501e-01
3.913924e-01
4.729658e-01
4.597068e-01
1.418801e-01
0
6.566272e-01
7.586628e-01
4.348398e-01
5.649783e-01
7.639878e-01
7.587210e-01
8.303034e-01
6.276043e-01
7.301611e-01
4.841417e-01
4.377703e-01
0
1
8.674309e-01
3.335485e-01
1.228461e-01
1.972935e-01
0
0
0
1.660175e-01
0
0
0
0
0
3.591053e-02
0
0
0
7.420143e-02
0
1.694552e-01
0
2.981056e-01
5.514741e-01
4.293143e-01
3.002422e-01
2.792651e-01
1.924522e-01
1.989031e-01
2.073085e-01
0
0
5.415074e-02
2.345442e-01
2.044126e-01
4.831196e-01
0
0
0
0
4.025371e-02
0
6.240881e-01
0
7.250901e-01
5.082809e-01
0
0
3.440670e-03
8.801536e-02
0
0
0
0
4.076523e-02
7.701143e-02
0
5.380006e-01
3.086540e-01
4.880951e-01
0
0
0
0
0
0
0
0
0
0
0
0
0
0
0
0
0
0
2.641533e-01
2.552701e-01
0
0
0
0
0
0
0
0
0
0
1.051937e-01
8.924500e-02
0
0
1.851610e-02
1.511367e-01
0
0
2.766449e-01
4.074379e-01
4.568797e-01
4.985919e-01
1.042500e-01
0
6.053026e-01
6.959291e-01
3.187029e-01
5.681974e-01
6.699543e-01
7.696369e-01
7.720865e-01
6.853078e-01
6.721080e-01
5.715704e-01
4.786851e-01
1.341773e-01
8.674309e-01
1
2.539207e-01
6.792228e-02
3.331153e-01
3.030184e-01
0
0
7.636676e-02
0
0
0
0
0
0
0
0
0
2.002080e-02
0
1.773438e-01
0
3.798277e-01
5.629254e-01
2.603098e-01
1.838334e-01
1.793803e-01
8.980315e-02
9.516082e-02
1.355089e-01
0
0
1.368718e-03
1.596903e-01
1.012301e-01
6.262451e-01
0
0
0
0
1.967354e-02
0
5.706463e-01
0
6.349398e-01
4.969563e-01
1.083637e-01
0
2.451880e-02
0
0
0
0
0
0
0
0
4.174610e-01
2.794898e-01
3.817533e-01
0
0
3.744073e-01
6.138994e-01
0
0
0
0
0
0
0
0
0
3.501875e-01
0
5.369225e-03
0
0
5.931710e-01
3.754108e-01
3.439716e-01
3.623031e-01
1.741091e-01
1.253466e-01
0
0
0
0
3.359767e-01
2.613462e-01
4.042768e-01
4.559187e-01
0
0
0
0
0
0
0
3.413878e-01
0
5.270806e-01
0
9.574117e-02
1.037748e-02
2.143811e-01
0
1.340313e-02
1.887894e-01
5.918174e-02
3.289828e-01
2.035900e-01
3.567225e-01
1.222469e-01
3.166288e-01
0
3.335485e-01
2.539207e-01
1
7.315521e-01
2.617961e-01
0
0
0
4.815088e-01
3.770970e-01
0
0
0
0
6.766419e-01
2.659810e-01
1.625204e-01
5.738310e-02
3.031566e-01
2.359541e-01
2.675760e-01
3.765039e-02
5.939608e-02
2.327393e-01
2.869769e-01
1.775968e-01
5.351902e-01
3.987401e-01
3.074449e-01
4.283009e-01
0
0
3.566564e-01
1.231607e-01
1.359971e-01
2.013228e-01
0
0
0
0
0
0
0
2.304044e-01
4.073224e-01
1.784067e-01
5.143045e-02
0
1.889464e-01
2.136689e-01
0
1.761655e-02
1.516631e-01
0
6.880742e-02
2.701250e-01
3.275179e-01
4.458157e-01
1.594590e-01
7.106734e-02
1.301988e-01
5.268270e-02
4.212540e-01
6.685776e-01
0
0
9.760302e-02
0
0
0
0
0
0
4.744257e-01
0
1.717363e-01
0
0
1.936329e-01
2.025045e-01
4.131902e-01
4.057288e-01
1.735893e-01
1.002971e-01
0
0
0
0
5.140616e-01
4.169957e-01
1.599511e-01
2.699131e-01
0
0
0
4.063527e-02
0
0
0
1.755970e-01
0
3.339289e-01
0
4.382523e-03
0
0
0
0
0
0
7.739201e-02
0
2.897007e-01
1.041001e-01
3.606122e-01
0
1.228461e-01
6.792228e-02
7.315521e-01
1.000000e+00
3.230616e-01
2.134089e-01
0
0
5.981152e-01
5.576468e-01
0
1.893422e-02
0
0
5.885895e-01
2.240642e-01
0
0
0
1.294102e-01
1.439617e-01
4.486795e-02
0
0
0
1.128748e-02
3.873526e-01
4.098113e-01
0
2.485792e-01
0
0
4.160933e-01
1.060241e-01
3.240353e-01
2.940181e-01
0
0
0
0
1.170505e-01
1.697674e-01
0
2.577277e-01
2.453963e-01
3.490838e-04
2.432106e-01
0
3.220125e-01
2.455611e-01
3.379538e-01
1.843071e-01
8.600672e-02
0
3.130939e-02
4.639229e-01
5.565686e-01
1.821136e-01
3.468350e-02
3.659680e-02
2.737945e-01
2.904826e-01
3.755526e-01
0
0
0
3.695750e-02
0
0
0
0
0
0
1.153809e-01
0
0
0
0
0
0
0
0
4.419931e-01
2.630722e-02
0
0
1.411877e-01
2.422496e-01
3.673993e-01
0
0
0
0
0
0
3.536851e-02
0
0
0
3.445042e-02
9.571824e-02
2.997087e-01
0
3.903996e-02
0
0
0
0
0
7.367376e-02
1.627720e-01
2.630785e-01
6.204757e-01
5.064176e-01
6.042346e-01
3.276961e-01
1.972935e-01
3.331153e-01
2.617961e-01
3.230616e-01
1
7.510240e-01
4.426330e-01
0
8.695273e-02
0
0
1.434853e-01
2.442482e-01
4.309690e-01
1.120699e-01
1.309294e-01
0
0
0
0
1.084474e-01
0
0
0
0
0
0
0
0
0
0
7.308667e-02
1.510871e-01
3.833357e-02
4.744132e-01
4.570884e-01
1.389200e-03
0
0
0
0
0
4.607015e-02
2.398244e-01
3.228442e-02
3.083029e-01
5.040243e-01
0
4.232882e-01
5.763033e-01
3.622046e-01
0
2.670592e-01
1.835029e-01
0
1.800965e-01
1.170141e-01
0
3.507684e-01
2.142212e-01
2.205552e-01
6.167935e-02
2.437755e-01
0
0
4.872407e-02
0
0
0
1.141803e-01
0
0
0
3.001030e-01
0
1.616972e-01
0
0
0
0
0
0
2.417949e-01
0
0
0
4.955646e-02
1.303141e-01
3.926314e-01
9.635733e-02
0
0
0
0
0
0
0
0
0
1.564862e-01
6.691706e-02
2.204044e-01
0
0
0
0
0
4.719171e-02
0
7.990975e-02
4.190752e-02
3.295318e-01
2.705002e-01
5.302845e-01
4.155186e-01
4.015644e-01
0
3.030184e-01
0
2.134089e-01
7.510240e-01
1.000000e+00
3.630585e-01
9.261535e-02
0
4.099608e-02
0
1.524896e-01
4.856606e-02
3.755872e-01
0
3.703713e-02
0
0
0
0
0
0
0
0
0
0
0
0
0
0
0
3.368149e-01
2.710246e-01
2.186157e-02
2.760416e-01
4.963764e-01
2.597534e-01
0
0
0
6.510616e-02
6.443243e-02
0
1.835324e-01
0
0
6.030911e-01
0
3.314466e-01
1.716938e-01
3.053141e-01
0
3.387751e-01
2.775644e-02
0
1.504771e-01
1.295505e-01
0
0
0
6.874113e-02
1.850729e-01
6.650709e-02
0
7.589270e-02
6.066359e-02
4.913464e-02
0
3.249096e-01
0
1.598017e-01
0
0
0
3.923126e-01
0
1.348574e-02
0
0
0
0
0
0
0
0
0
0
0
0
0
0
0
0
1.975290e-01
0
3.505759e-01
3.054368e-01
2.412212e-01
0
0
0
0
0
0
0
0
8.954332e-02
6.843974e-02
0
0
0
0
0
0
0
3.813239e-02
0
0
0
0
4.426330e-01
3.630585e-01
1
1.323852e-02
8.892472e-02
0
2.987633e-01
2.393204e-01
5.917562e-01
6.531237e-01
0
0
0
0
0
0
1.201537e-01
1.999645e-01
0
0
0
0
0
0
0
0
1.626254e-01
0
8.736622e-02
0
2.871776e-01
0
3.886871e-01
4.301586e-01
1.602772e-01
2.001558e-01
0
0
0
0
0
3.203427e-01
1.849035e-01
7.272572e-02
1.840353e-01
5.131253e-01
3.325944e-01
0
4.726087e-02
2.691439e-01
0
0
0
0
1.978463e-01
3.840626e-01
0
0
0
7.326713e-03
2.185121e-01
5.367553e-01
1.213136e-01
6.589937e-01
2.640911e-01
8.294172e-01
4.360016e-01
7.157126e-01
0
2.295438e-01
5.177222e-01
5.001178e-01
5.422509e-01
4.777667e-01
0
0
2.700322e-01
2.365281e-01
0
2.455553e-01
3.393475e-01
5.135532e-01
2.413490e-01
1.547403e-01
2.319067e-01
2.905199e-01
0
0
1.566232e-01
1.645242e-01
0
0
1.285764e-01
1.984772e-01
0
0
0
0
0
0
0
0
0
0
0
0
0
0
0
0
0
1.531527e-01
0
0
0
0
0
9.261535e-02
1.323852e-02
1
0
1.557310e-01
2.456900e-01
5.224673e-01
0
0
0
1.103006e-01
8.513262e-02
3.284853e-01
0
0
0
9.537083e-02
0
0
0
0
0
0
0
0
2.202259e-02
3.618472e-01
0
8.072785e-02
0
0
5.547867e-01
2.413287e-01
5.321954e-01
9.838617e-02
0
3.115100e-01
0
0
0
0
1.256833e-01
0
0
0
6.896652e-02
0
0
1.286426e-01
0
0
0
0
0
0
0
7.022661e-02
1.648036e-01
2.124352e-01
0
0
0
1.335770e-02
0
0
0
0
2.174609e-01
4.789140e-01
0
2.494495e-01
6.502806e-02
2.857806e-01
5.059100e-01
3.775127e-01
2.119019e-01
1.849448e-01
1.407327e-01
0
0
0
0
0
1.151780e-01
1.435000e-01
6.246189e-01
6.347861e-01
0
0
0
2.391211e-01
0
0
0
0
0
0
1.147405e-02
0
7.816247e-02
2.572961e-01
0
1.385740e-01
2.469240e-01
5.981179e-02
2.618375e-01
0
5.940322e-02
0
0
0
1.660175e-01
7.636676e-02
4.815088e-01
5.981152e-01
8.695273e-02
0
8.892472e-02
0
1.000000e+00
5.748066e-01
0
0
0
0
5.811933e-01
1.425982e-01
8.836252e-02
1.071681e-01
1.882814e-01
2.428997e-01
2.219128e-01
8.912022e-02
0
5.371167e-02
1.526195e-01
3.724973e-01
6.831962e-01
4.263460e-01
9.912328e-02
2.812400e-01
1.915614e-02
0
1.813897e-01
0
8.366578e-04
7.789356e-02
0
0
5.576977e-02
0
0
0
0
0
3.882858e-01
2.565277e-01
0
1.747533e-02
3.525219e-01
4.605458e-01
0
0
0
0
0
0
2.107623e-01
2.873805e-01
1.843752e-01
2.682275e-01
0
0
4.517866e-01
5.272002e-01
0
0
1.199218e-01
3.394319e-01
0
3.503561e-01
0
0
2.687045e-01
8.462078e-01
1.568189e-01
6.687655e-01
4.393598e-01
3.909331e-01
0
0
7.286393e-01
6.284473e-01
3.009451e-01
2.983388e-01
0
2.541581e-01
0
1.472308e-01
5.993763e-01
7.194257e-01
1.432731e-01
3.646285e-01
0
0
0
0
0
0
0
0
0
0
0
0
0
0
0
0
0
0
0
0
0
0
1.267533e-02
0
0
0
3.770970e-01
5.576468e-01
0
4.099608e-02
0
1.557310e-01
5.748066e-01
1
0
1.565366e-01
0
0
5.638978e-01
2.913777e-01
1.013392e-02
1.539352e-01
4.052972e-03
6.910016e-02
0
0
0
0
0
0
2.414936e-01
1.458249e-01
1.762497e-01
3.589181e-01
2.007221e-02
2.826507e-01
3.611677e-01
0
1.271468e-01
1.028131e-01
0
0
1.830690e-01
0
0
2.641737e-01
0
1.101902e-01
0
0
2.247840e-01
0
3.054219e-01
1.311694e-01
1.166698e-01
1.594082e-01
2.025185e-03
0
0
2.323290e-01
4.026943e-01
0
0
0
7.635167e-02
2.243679e-01
0
0
6.035424e-01
4.066805e-01
3.174517e-01
1.961106e-01
4.885022e-01
0
6.063687e-01
3.606038e-01
9.668684e-02
0
2.269771e-01
0
1.385951e-01
0
0
1.488439e-01
0
0
0
0
5.233073e-01
3.453062e-01
3.673397e-01
8.000417e-02
0
0
0
0
4.183370e-01
3.644891e-01
3.167866e-01
1.776833e-01
8.131713e-01
7.355353e-01
2.831325e-01
0
2.624115e-01
0
2.848255e-01
3.003127e-01
0
0
2.648180e-01
0
0
0
0
0
0
0
0
1.221423e-01
0
0
0
0
0
0
2.987633e-01
2.456900e-01
0
0
1
2.725522e-01
6.438891e-01
4.482791e-01
0
0
5.564473e-02
0
8.493113e-03
3.337168e-01
4.396374e-02
2.658123e-01
6.901555e-02
0
1.736532e-01
1.726875e-01
0
0
0
0
6.472912e-01
0
0
7.349853e-02
5.269640e-02
0
9.983955e-02
4.472538e-01
1.843828e-01
3.491440e-01
0
1.110701e-01
0
0
0
0
0
4.668078e-01
0
0
0
7.315532e-02
3.770195e-02
3.279616e-01
2.132392e-01
0
0
0
0
0
0
0
4.215763e-01
2.068736e-01
2.643349e-01
5.417114e-01
3.996928e-01
1.680735e-01
3.650651e-01
3.080031e-01
4.358286e-02
2.484429e-01
8.129241e-02
1.405783e-01
5.558093e-01
2.445703e-01
1.794917e-01
0
0
0
3.282182e-01
2.512904e-01
9.296536e-02
1.091704e-01
2.141659e-01
4.369677e-01
7.495087e-01
5.122095e-01
3.804367e-01
1.152557e-01
0
0
1.949061e-01
4.779778e-02
0
0
7.652982e-02
0
0
0
0
0
0
0
0
0
0
0
0
0
0
0
0
2.197504e-01
2.983504e-01
1.732854e-01
0
0
0
1.893422e-02
1.434853e-01
1.524896e-01
2.393204e-01
5.224673e-01
0
1.565366e-01
2.725522e-01
1.000000e+00
6.470619e-02
6.550868e-02
0
0
0
0
0
0
0
9.656760e-02
0
0
0
0
0
0
0
0
2.280615e-01
4.871619e-01
1.716971e-01
0
5.956442e-01
6.248111e-02
1.756586e-01
2.201946e-01
1.003427e-01
0
9.444704e-03
1.789336e-01
0
1.543719e-01
0
0
4.951211e-02
6.614040e-02
0
0
3.094829e-01
1.972148e-01
0
1.624543e-01
2.294436e-01
3.770424e-01
1.686799e-01
0
0
0
2.619474e-01
1.042861e-01
0
0
3.335456e-01
1.393263e-01
1.711419e-01
0
3.413467e-01
0
1.783704e-01
0
0
0
0
0
0
0
0
3.204355e-01
0
0
0
0
2.577292e-02
0
1.075076e-01
0
0
0
0
0
2.089267e-02
2.616343e-01
3.267822e-01
5.234308e-01
6.504867e-01
5.747524e-01
2.111027e-01
0
2.511261e-01
0
2.576718e-01
2.201210e-01
4.890311e-03
0
3.669223e-01
1.915918e-01
0
0
0
0
8.487564e-03
0
0
1.122932e-02
0
0
0
0
2.442482e-01
4.856606e-02
5.917562e-01
0
0
0
6.438891e-01
6.470619e-02
1.000000e+00
8.762458e-01
0
0
1.002326e-01
0
1.269567e-01
3.281922e-01
1.483451e-01
2.849545e-01
7.911300e-02
0
3.660688e-01
2.949684e-01
0
0
0
0
3.938724e-01
0
1.933789e-02
0
1.901668e-01
0
0
3.229496e-01
0
3.218598e-01
0
0
1.483598e-01
0
3.869792e-02
2.395529e-01
0
3.448577e-01
0
2.002323e-01
0
0
9.098003e-02
2.856476e-01
0
0
0
0
0
3.207092e-01
0
0
0
0
1.742616e-01
1.024760e-01
1.537386e-01
0
1.789321e-01
0
0
0
0
0
0
0
0
0
0
3.016766e-01
0
0
0
0
0
0
7.447558e-02
3.535948e-02
0
0
0
5.717848e-02
0
1.633097e-01
7.569064e-02
4.709272e-01
5.335899e-01
5.301247e-01
6.013102e-02
0
3.000479e-01
0
2.875231e-01
1.250003e-01
0
0
2.442502e-01
1.813384e-01
0
0
0
0
1.268713e-02
0
0
1.239188e-01
0
0
0
0
4.309690e-01
3.755872e-01
6.531237e-01
0
0
0
4.482791e-01
6.550868e-02
8.762458e-01
1
0
0
6.115240e-02
0
4.935694e-02
2.149263e-01
1.366976e-01
1.036677e-01
8.746086e-02
0
2.606360e-01
3.224172e-01
0
0
0
0
3.513680e-01
1.474010e-01
2.100681e-01
0
2.928483e-01
1.589358e-01
0
2.435555e-01
0
1.044664e-01
0
0
0
0
0
2.217309e-01
0
1.738779e-01
0
1.831686e-01
0
0
2.934581e-01
1.379994e-01
0
0
0
0
0
1.785272e-01
0
0
4.383907e-01
5.884496e-01
0
0
0
7.601343e-02
0
9.768455e-02
0
0
2.659680e-01
6.240827e-01
0
4.019084e-01
4.807873e-02
1.681387e-01
2.804997e-01
6.763045e-02
6.260860e-01
6.779379e-01
3.316924e-01
4.604881e-01
0
1.075767e-01
0
0
4.331858e-01
5.495748e-01
3.548959e-01
3.843061e-01
0
0
0
0
0
0
0
2.491850e-01
0
1.750397e-01
0
7.835307e-02
0
0
0
0
3.311622e-03
0
1.264798e-01
0
5.303545e-02
0
1.204047e-01
0
3.591053e-02
0
6.766419e-01
5.885895e-01
1.120699e-01
0
0
0
5.811933e-01
5.638978e-01
0
0
0
0
1
7.428862e-01
1.900870e-01
1.524238e-01
1.907371e-01
2.107559e-01
3.738828e-02
4.443423e-02
0
0
4.808004e-02
7.203837e-02
5.450831e-01
4.218558e-01
1.070879e-01
3.170044e-01
0
0
0
0
0
5.623576e-03
0
0
0
0
2.059332e-01
1.708327e-01
0
3.818875e-01
1.954439e-01
2.041148e-02
1.836407e-01
0
4.519326e-01
2.746103e-01
1.749161e-01
2.629544e-01
2.325771e-01
0
4.573000e-02
3.819704e-01
6.472898e-01
2.700127e-01
1.908095e-01
0
2.632776e-01
3.417140e-01
4.328141e-01
3.503283e-01
0
9.589948e-02
0
1.717140e-01
4.074849e-02
4.090317e-01
0
1.920317e-01
2.280333e-01
4.708696e-01
3.159786e-01
4.568681e-01
1.052503e-01
2.170114e-01
0
0
5.871410e-01
7.019688e-01
4.079345e-01
7.040389e-01
0
2.318432e-01
0
4.985511e-02
3.847498e-01
5.031868e-01
5.427760e-02
0
0
0
0
0
0
0
0
2.180637e-01
0
7.288232e-02
0
1.596188e-01
0
0
0
0
0
0
0
0
0
1.021575e-01
1.208546e-01
1.328154e-01
0
0
2.659810e-01
2.240642e-01
1.309294e-01
3.703713e-02
0
1.103006e-01
1.425982e-01
2.913777e-01
0
0
0
0
7.428862e-01
1.000000e+00
2.810181e-01
2.321733e-01
1.869851e-01
1.402905e-01
7.520201e-03
2.233962e-01
0
0
0
0
2.209211e-02
6.562290e-03
0
6.706712e-02
0
0
0
0
0
0
2.984411e-01
1.473426e-01
1.698179e-01
1.809255e-01
2.984734e-01
1.243812e-01
0
3.659239e-01
0
0
3.170673e-01
1.740439e-01
4.040970e-01
2.812560e-01
2.753428e-01
2.950598e-01
2.504129e-01
3.193161e-01
0
2.708397e-01
4.786756e-01
0
2.759995e-01
0
3.556800e-01
4.529761e-01
0
0
1.590638e-01
5.604134e-03
0
5.341856e-02
1.536711e-01
5.343641e-02
0
0
1.449672e-01
0
9.037815e-03
0
0
3.371236e-03
3.762888e-01
3.809683e-01
1.442941e-01
1.542673e-01
1.469958e-01
4.062731e-01
5.919892e-02
0
0
0
0
0
6.311793e-01
4.994383e-01
0
1.690565e-01
2.119071e-01
2.176069e-01
0
3.523370e-02
3.288471e-01
5.739477e-02
0
0
4.370484e-01
2.835467e-01
0
9.102578e-02
1.258007e-01
1.534656e-01
1.975699e-02
0
0
0
0
0
0
0
0
0
1.625204e-01
0
0
0
0
8.513262e-02
8.836252e-02
1.013392e-02
5.564473e-02
0
1.002326e-01
6.115240e-02
1.900870e-01
2.810181e-01
1
7.312855e-01
7.600747e-01
6.477847e-01
7.401644e-01
7.464243e-01
4.780780e-01
2.299400e-01
3.477142e-01
1.966532e-01
2.307722e-01
0
0
1.054160e-01
0
0
0
2.307549e-02
0
0
0
1.618068e-01
0
4.090721e-02
0
0
0
0
1.477607e-01
2.512692e-01
0
2.986304e-01
0
3.615837e-02
0
0
1.984914e-01
0
0
0
0
0
0
2.721561e-02
0
0
0
0
1.065611e-01
2.519214e-01
0
3.267334e-01
8.206794e-02
4.154106e-01
0
1.712307e-01
3.079311e-01
2.809223e-01
2.008626e-01
2.814755e-01
2.272756e-01
4.178474e-01
2.749010e-01
1.423994e-01
1.798808e-01
2.239748e-01
1.568650e-01
3.597435e-01
3.805042e-01
2.698558e-01
0
0
1.943616e-02
0
4.235515e-01
4.938848e-01
1.508923e-01
3.976591e-01
0
0
0
0
9.415015e-02
0
0
0
3.460474e-01
2.599272e-02
0
3.182715e-02
0
0
0
0
0
0
0
0
0
0
0
0
5.738310e-02
0
0
0
0
3.284853e-01
1.071681e-01
1.539352e-01
0
0
0
0
1.524238e-01
2.321733e-01
7.312855e-01
1
6.417822e-01
4.563639e-01
6.606641e-01
5.254383e-01
3.349626e-01
3.107666e-01
3.893368e-02
7.597522e-02
1.934471e-01
2.003371e-03
2.206416e-01
2.050317e-01
5.496985e-02
1.284409e-01
0
3.755698e-02
0
2.523116e-02
0
0
9.427046e-02
0
0
0
0
0
0
1.480383e-04
0
2.299719e-01
0
0
0
0
7.902359e-02
0
1.814659e-01
0
0
0
0
0
0
0
0
0
1.550281e-02
0
0
0
8.174392e-02
0
0
0
3.200560e-02
0
0
0
0
2.316169e-01
5.313737e-01
3.849236e-01
1.982960e-02
1.804305e-01
3.185112e-01
3.542392e-01
1.323845e-01
0
0
0
0
0
6.258277e-01
6.366443e-01
0
9.263986e-02
1.946792e-01
3.058000e-01
0
0
3.897600e-01
0
0
0
6.274020e-01
4.025171e-01
0
1.458398e-01
0
6.346552e-02
3.973374e-02
0
1.093935e-02
0
4.770202e-02
0
0
0
7.420143e-02
2.002080e-02
3.031566e-01
0
0
0
0
0
1.882814e-01
4.052972e-03
8.493113e-03
0
1.269567e-01
4.935694e-02
1.907371e-01
1.869851e-01
7.600747e-01
6.417822e-01
1
8.077472e-01
7.924678e-01
6.888973e-01
3.523423e-01
2.867086e-01
4.480880e-01
1.410861e-01
2.500228e-01
8.510908e-02
8.924634e-02
4.078048e-01
0
0
0
2.726580e-01
0
0
0
0
0
3.212672e-02
0
0
0
0
2.215511e-01
3.375786e-01
0
3.091887e-01
0
1.278888e-01
0
0
7.647345e-02
0
0
0
0
0
0
3.180626e-01
0
0
0
0
2.013122e-02
4.114157e-02
8.131123e-02
1.386623e-02
0
0
1.897719e-02
0
1.356254e-01
0
0
0
0
1.371645e-01
4.709899e-01
5.794044e-01
0
9.199324e-02
1.608123e-01
2.576935e-01
1.895418e-01
1.258381e-01
0
0
0
0
5.001546e-01
6.536750e-01
0
8.880425e-02
1.988412e-01
2.607593e-01
0
6.433082e-02
3.166159e-01
0
0
0
6.278072e-01
5.616042e-01
0
0
0
0
0
0
0
0
0
0
0
0
0
0
2.359541e-01
1.294102e-01
0
0
0
0
2.428997e-01
6.910016e-02
3.337168e-01
0
3.281922e-01
2.149263e-01
2.107559e-01
1.402905e-01
6.477847e-01
4.563639e-01
8.077472e-01
1
6.503713e-01
7.297148e-01
1.089733e-01
5.373315e-02
4.911579e-01
3.586850e-01
3.460601e-01
2.526780e-01
1.033531e-01
3.638300e-01
3.340174e-01
0
0
3.338684e-01
0
0
0
0
0
0
0
0
0
0
7.850095e-02
1.433515e-01
0
4.918298e-01
0
1.421233e-01
0
0
3.011204e-01
8.315045e-02
3.581787e-02
0
0
0
0
1.247108e-01
0
0
0
0
0
0
0
0
9.322975e-02
0
0
0
9.100692e-02
0
0
0
0
0
4.760771e-01
4.254799e-01
0
2.253805e-02
2.024736e-01
2.029609e-01
9.658252e-02
0
0
0
0
0
5.605971e-01
4.591779e-01
0
1.447865e-01
2.330018e-01
4.051124e-01
0
0
2.320993e-01
0
3.566500e-02
0
4.213792e-01
2.002132e-01
5.205656e-02
2.250316e-01
8.658126e-02
1.191765e-01
9.573131e-02
4.839381e-02
9.202045e-02
0
2.020651e-01
0
9.726357e-02
0
1.694552e-01
1.773438e-01
2.675760e-01
1.439617e-01
1.084474e-01
0
1.201537e-01
0
2.219128e-01
0
4.396374e-02
0
1.483451e-01
1.366976e-01
3.738828e-02
7.520201e-03
7.401644e-01
6.606641e-01
7.924678e-01
6.503713e-01
1.000000e+00
7.661126e-01
4.033476e-01
4.226395e-01
2.884855e-01
1.566843e-01
1.452134e-01
0
0
1.313363e-01
4.010292e-02
0
0
1.231947e-01
0
8.568220e-02
0
3.876612e-02
0
0
0
0
0
0
2.505238e-01
4.354967e-01
0
2.229609e-01
0
2.061815e-01
0
0
0
0
8.664361e-02
0
0
0
7.811406e-02
4.881353e-01
0
0
0
0
9.674899e-02
1.450774e-01
0
2.270510e-02
2.660475e-01
0
0
0
5.323752e-02
0
2.018739e-01
0
0
0
1.865443e-01
2.441600e-01
1.470367e-01
1.947344e-01
1.841244e-01
3.712294e-01
5.503652e-02
1.546661e-04
0
0
0
0
4.375627e-01
2.818884e-01
0
1.414171e-01
3.240416e-01
3.381273e-01
0
1.101000e-02
1.536282e-01
0
0
0
1.955707e-01
2.215732e-01
0
0
5.391365e-03
0
0
0
0
0
3.861468e-03
0
0
0
0
0
3.765039e-02
4.486795e-02
0
0
1.999645e-01
9.537083e-02
8.912022e-02
0
2.658123e-01
9.656760e-02
2.849545e-01
1.036677e-01
4.443423e-02
2.233962e-01
7.464243e-01
5.254383e-01
6.888973e-01
7.297148e-01
7.661126e-01
1
6.190736e-02
0
1.142533e-01
0
0
0
0
0
6.422170e-02
0
0
1.622833e-02
0
0
1.021815e-01
2.311358e-01
0
4.231400e-02
0
0
1.308213e-02
0
1.089900e-01
2.434253e-01
0
3.333529e-01
0
2.606254e-01
0
0
0
0
0
0
0
0
0
2.769105e-01
0
0
0
0
1.547381e-01
0
0
0
3.873687e-03
0
0
0
0
0
0
0
0
0
4.562299e-01
4.673030e-01
0
0
0
0
9.429309e-02
0
0
0
0
0
4.580471e-01
3.381682e-01
2.313517e-01
2.254973e-01
3.763063e-01
3.016631e-01
1.539735e-01
3.591106e-01
4.897620e-01
1.339536e-01
4.967180e-01
1.784633e-01
5.329820e-01
1.845628e-01
5.393638e-01
5.495997e-01
6.262999e-01
6.064732e-01
4.060976e-01
4.242487e-01
2.744455e-01
2.639865e-01
0
0
0
0
2.981056e-01
3.798277e-01
5.939608e-02
0
0
0
0
0
0
0
6.901555e-02
0
7.911300e-02
8.746086e-02
0
0
4.780780e-01
3.349626e-01
3.523423e-01
1.089733e-01
4.033476e-01
6.190736e-02
1
7.550466e-01
5.368848e-01
3.830991e-01
2.752042e-01
9.003481e-02
3.486372e-01
1.838898e-01
0
0
9.821072e-02
1.923417e-01
0
7.881243e-03
0
0
0
0
0
0
8.586533e-02
0
3.577397e-01
2.786311e-01
0
0
0
0
0
0
0
0
1.650438e-02
0
0
1.442006e-01
0
2.018503e-01
0
0
0
0
0
0
0
0
0
0
0
0
0
0
0
0
0
1.412092e-02
4.484139e-01
5.153926e-01
0
0
0
0
0
0
4.560492e-02
0
0
0
3.005753e-01
4.631502e-01
9.438374e-02
2.213855e-01
1.226940e-01
1.620079e-01
0
2.801571e-02
3.339029e-01
1.451833e-01
6.181203e-01
2.680634e-01
3.804171e-01
0
4.759407e-01
5.765864e-01
4.651286e-01
5.250242e-01
4.275749e-01
4.352407e-01
4.413145e-01
3.850969e-01
2.845264e-01
9.603166e-02
1.861288e-01
0
5.514741e-01
5.629254e-01
2.327393e-01
0
0
0
0
0
5.371167e-02
0
0
0
0
0
0
0
2.299400e-01
3.107666e-01
2.867086e-01
5.373315e-02
4.226395e-01
0
7.550466e-01
1
3.134882e-01
2.996382e-01
2.415817e-01
1.302446e-01
4.870792e-01
5.056926e-01
0
8.351894e-02
4.250155e-01
4.004285e-01
1.556826e-01
4.702727e-01
0
0
0
0
0
0
3.237836e-02
0
2.965195e-01
1.027893e-01
0
0
0
0
0
0
0
0
1.952345e-02
0
0
1.531183e-01
0
2.130009e-01
0
0
0
0
2.595797e-02
0
0
0
0
0
0
0
9.746097e-02
0
0
0
0
0
7.590759e-01
7.812713e-01
0
0
0
0
0
0
0
0
0
0
5.616570e-01
5.386851e-01
2.914143e-03
9.891891e-02
2.738946e-01
2.862458e-01
1.533699e-01
1.800629e-01
6.702985e-01
3.364244e-01
3.630877e-01
2.631681e-01
7.000601e-01
5.128345e-01
4.081606e-01
5.372075e-01
5.463651e-01
5.130958e-01
4.308883e-01
2.642982e-01
2.383053e-01
1.258498e-01
8.071556e-02
0
0
0
4.293143e-01
2.603098e-01
2.869769e-01
0
0
0
0
0
1.526195e-01
0
1.736532e-01
0
3.660688e-01
2.606360e-01
4.808004e-02
0
3.477142e-01
3.893368e-02
4.480880e-01
4.911579e-01
2.884855e-01
1.142533e-01
5.368848e-01
3.134882e-01
1
8.200962e-01
6.253064e-01
3.397932e-01
4.369687e-01
1.756568e-01
2.135672e-01
0
0
1.144119e-01
0
0
0
0
0
9.317299e-02
0
0
1.174868e-01
0
5.548180e-01
5.450853e-01
0
2.855345e-01
0
4.855312e-02
0
0
3.799263e-01
0
2.540112e-03
0
0
2.817011e-01
0
2.371496e-01
0
0
0
0
0
0
0
0
0
0
0
0
3.039776e-01
0
0
0
0
0
6.692560e-01
8.286224e-01
0
0
0
0
9.254094e-02
0
0
0
0
0
4.630437e-01
5.870995e-01
1.309260e-01
2.765127e-01
8.296457e-02
1.556734e-01
1.504335e-01
1.850323e-01
3.863255e-01
2.286062e-01
2.245447e-01
1.102436e-01
5.620188e-01
2.863922e-01
3.171712e-01
4.472835e-01
4.988764e-01
4.544262e-01
3.349033e-01
1.706629e-01
1.038113e-01
1.656965e-02
0
0
0
0
3.002422e-01
1.838334e-01
1.775968e-01
1.128748e-02
0
0
0
0
3.724973e-01
0
1.726875e-01
0
2.949684e-01
3.224172e-01
7.203837e-02
0
1.966532e-01
7.597522e-02
1.410861e-01
3.586850e-01
1.566843e-01
0
3.830991e-01
2.996382e-01
8.200962e-01
1.000000e+00
7.567338e-01
4.211165e-01
5.386978e-01
1.396546e-01
4.926741e-01
0
1.959324e-01
3.326962e-02
0
4.557221e-02
0
0
0
0
0
0
0
0
3.680782e-01
3.219096e-01
0
3.280145e-01
0
2.875170e-02
0
0
4.481072e-01
0
9.463040e-02
0
0
2.337950e-01
0
6.606752e-02
0
0
0
1.430699e-01
0
0
0
5.879145e-02
0
0
0
0
2.497210e-01
1.941809e-01
0
0
0
1.194573e-01
7.206237e-01
6.708605e-01
0
4.945447e-04
0
0
0
0
0
0
0
2.317204e-02
7.014891e-01
7.833646e-01
0
2.399845e-02
9.524737e-02
1.190858e-01
0
0
7.234728e-02
2.744789e-01
0
1.210092e-01
3.877264e-01
2.227670e-01
2.398621e-01
4.052665e-01
2.166822e-01
3.164455e-01
4.109397e-01
1.532322e-01
2.266372e-01
7.635202e-03
0
0
0
0
2.792651e-01
1.793803e-01
5.351902e-01
3.873526e-01
0
0
0
0
6.831962e-01
2.414936e-01
0
0
0
0
5.450831e-01
2.209211e-02
2.307722e-01
1.934471e-01
2.500228e-01
3.460601e-01
1.452134e-01
0
2.752042e-01
2.415817e-01
6.253064e-01
7.567338e-01
1
7.574983e-01
5.607690e-01
3.507102e-01
2.095336e-01
0
1.511391e-01
6.839533e-02
0
7.709634e-03
0
0
0
0
0
0
0
0
5.508397e-01
2.291515e-01
0
1.102225e-02
1.407199e-02
0
0
0
2.982159e-01
0
5.935215e-02
0
1.369946e-01
3.646391e-01
0
8.563014e-02
0
0
0
1.944708e-01
0
0
0
1.762750e-01
0
0
0
0
0
1.548613e-01
0
4.833132e-02
0
2.018949e-01
3.466310e-01
4.964896e-01
0
8.117577e-02
0
0
0
2.167201e-02
0
0
4.453825e-03
7.518930e-02
3.328294e-01
6.135692e-01
0
0
2.275752e-02
1.077045e-02
0
0
0
3.510511e-01
0
1.528665e-01
2.162471e-01
2.676898e-01
4.840392e-02
1.074255e-01
8.563925e-02
1.605360e-01
2.409048e-01
5.458628e-02
5.692577e-02
0
0
0
0
0
1.924522e-01
8.980315e-02
3.987401e-01
4.098113e-01
0
0
0
0
4.263460e-01
1.458249e-01
0
0
0
0
4.218558e-01
6.562290e-03
0
2.003371e-03
8.510908e-02
2.526780e-01
0
0
9.003481e-02
1.302446e-01
3.397932e-01
4.211165e-01
7.574983e-01
1
4.683197e-01
4.811431e-01
1.762057e-01
1.006886e-01
2.380639e-01
3.911414e-01
0
1.151875e-01
0
0
0
0
6.774345e-02
2.738403e-01
8.613656e-02
1.120826e-01
4.327807e-01
0
0
0
0
0
0
0
2.120641e-01
0
3.549456e-02
2.372493e-01
3.594073e-01
1.105304e-01
0
0
0
1.059549e-01
0
0
0
0
0
1.061104e-01
0
0
0
2.369759e-02
1.639491e-01
1.715075e-01
0
1.035169e-01
2.222733e-01
2.939631e-01
5.250057e-01
4.446072e-01
0
0
0
0
2.346800e-01
8.637777e-02
0
0
0
0
1.802632e-01
5.283359e-01
2.088248e-01
2.034362e-01
0
0
0
0
2.820692e-01
2.321513e-01
3.432813e-01
2.958947e-01
3.986939e-01
4.748416e-02
1.900424e-01
3.056341e-01
2.167742e-01
2.545035e-01
2.338388e-01
7.720839e-02
1.412745e-01
2.558736e-01
0
0
0
0
1.989031e-01
9.516082e-02
3.074449e-01
0
0
0
0
0
9.912328e-02
1.762497e-01
0
0
0
0
1.070879e-01
0
0
2.206416e-01
8.924634e-02
1.033531e-01
0
0
3.486372e-01
4.870792e-01
4.369687e-01
5.386978e-01
5.607690e-01
4.683197e-01
1
4.957367e-01
2.853170e-01
1.412890e-01
3.843404e-01
2.446289e-01
0
1.191121e-01
0
0
0
0
0
5.060560e-02
0
0
5.850367e-02
0
0
4.199932e-02
0
0
0
0
2.715843e-01
0
2.374854e-01
0
0
1.850633e-01
0
0
0
0
0
8.547310e-02
0
0
6.154323e-02
0
0
4.076169e-02
0
0
0
3.324845e-01
0
2.536143e-01
0
5.164557e-01
3.630911e-01
4.132371e-01
5.713741e-03
1.665390e-01
2.900225e-01
2.315744e-01
0
0
5.856005e-02
1.774289e-01
3.115419e-01
1.577909e-01
1.943332e-01
6.339791e-01
0
0
0
0
0
0
1.236646e-01
2.427893e-01
2.405265e-01
3.032086e-01
4.409394e-01
2.496614e-01
0
3.372396e-02
0
4.573137e-03
0
0
4.676004e-02
0
1.461632e-01
0
2.434681e-01
0
2.073085e-01
1.355089e-01
4.283009e-01
2.485792e-01
0
0
0
0
2.812400e-01
3.589181e-01
0
0
0
0
3.170044e-01
6.706712e-02
1.054160e-01
2.050317e-01
4.078048e-01
3.638300e-01
1.313363e-01
0
1.838898e-01
5.056926e-01
1.756568e-01
1.396546e-01
3.507102e-01
4.811431e-01
4.957367e-01
1
0
2.456635e-01
2.982009e-01
7.767974e-01
0
4.843353e-01
0
0
0
0
0
0
0
0
8.588512e-03
0
0
0
0
0
0
0
7.684859e-02
0
0
7.387626e-02
3.629732e-02
0
0
0
0
0
0
0
3.768704e-01
3.915828e-01
6.409740e-02
2.128811e-01
7.040511e-02
0
2.142489e-01
8.857816e-02
5.828323e-01
0
2.006915e-01
0
2.422422e-01
0
4.661189e-02
3.251205e-01
0
0
0
0
6.047117e-01
5.721801e-01
2.448097e-01
0
0
0
0
1.732248e-01
5.056115e-01
4.380042e-01
0
0
3.461679e-01
2.749782e-01
6.013766e-02
0
3.019119e-03
0
1.316940e-01
0
0
0
3.031172e-02
0
0
0
0
0
0
0
0
0
0
0
0
0
0
0
1.626254e-01
2.202259e-02
1.915614e-02
2.007221e-02
6.472912e-01
2.280615e-01
3.938724e-01
3.513680e-01
0
0
0
5.496985e-02
0
3.340174e-01
4.010292e-02
6.422170e-02
0
0
2.135672e-01
4.926741e-01
2.095336e-01
1.762057e-01
2.853170e-01
0
1
1.520378e-01
2.336262e-01
0
3.199733e-01
0
0
5.259195e-02
1.107686e-01
7.306740e-02
0
1.927702e-01
0
0
0
0
0
5.512993e-01
0
0
0
1.772739e-01
1.354321e-01
0
5.576081e-01
2.517494e-02
4.313296e-02
0
0
0
0
0
2.785765e-01
0
0
5.249769e-01
0
2.101578e-01
0
4.622500e-01
0
2.067999e-01
1.733016e-01
4.579015e-01
1.597685e-01
5.644213e-01
1.668586e-01
3.906664e-01
0
0
8.969122e-02
1.318491e-01
9.923665e-03
0
2.342436e-01
3.730371e-01
3.342070e-01
2.032839e-01
2.834343e-01
0
0
2.454261e-02
5.429857e-02
2.200303e-01
0
0
0
0
0
0
0
0
0
0
0
0
0
0
0
0
0
0
0
1.984753e-01
1.035126e-01
0
0
0
0
0
7.308667e-02
3.368149e-01
0
3.618472e-01
0
2.826507e-01
0
4.871619e-01
0
1.474010e-01
0
0
0
1.284409e-01
0
0
0
0
0
8.351894e-02
0
0
0
1.006886e-01
1.412890e-01
2.456635e-01
1.520378e-01
1.000000e+00
1.572807e-01
1.116630e-01
3.337386e-01
4.651432e-01
0
0
1.412710e-01
0
0
4.326954e-02
0
1.441349e-02
0
0
0
0
0
0
0
0
0
0
3.429038e-02
2.566129e-01
9.983807e-02
0
0
0
6.969175e-03
0
0
1.935473e-01
0
0
8.064679e-02
0
0
0
0
0
0
1.957646e-01
0
0
0
0
1.801060e-01
3.716331e-01
0
0
0
0
0
0
1.814050e-01
7.636523e-02
1.537739e-01
1.032649e-01
0
2.544301e-01
0
8.754713e-03
0
0
0
0
0
1.496819e-01
3.567120e-01
1.967039e-01
0
0
4.059930e-02
4.141382e-02
1.616965e-01
1.816758e-01
0
0
5.179382e-02
2.126895e-01
1.232866e-01
1.032661e-01
1.194436e-01
0
5.415074e-02
1.368718e-03
3.566564e-01
4.160933e-01
1.510871e-01
2.710246e-01
8.736622e-02
0
1.813897e-01
3.611677e-01
0
1.716971e-01
1.933789e-02
2.100681e-01
0
0
0
0
0
0
0
0
9.821072e-02
4.250155e-01
0
1.959324e-01
1.511391e-01
2.380639e-01
3.843404e-01
2.982009e-01
2.336262e-01
1.572807e-01
1.000000e+00
1.332843e-01
5.275714e-01
2.674778e-01
0
0
0
0
0
1.481982e-01
0
0
0
0
0
0
0
0
0
0
2.557881e-02
0
0
0
0
1.599488e-01
0
0
0
0
0
0
0
0
1.605657e-01
0
0
1.435670e-02
0
0
0
0
0
0
0
3.019819e-01
1.331540e-01
3.772538e-01
0
0
2.173649e-01
1.644312e-01
0
0
2.413009e-01
2.257719e-01
1.742373e-01
0
0
2.932508e-01
0
0
0
0
2.657444e-02
1.211053e-01
2.155122e-01
1.923208e-01
4.277357e-01
3.538313e-01
4.355404e-01
5.268029e-01
0
0
1.646508e-02
1.859598e-02
0
0
0
0
1.762217e-01
1.004902e-01
3.300281e-01
1.444909e-01
2.345442e-01
1.596903e-01
1.231607e-01
1.060241e-01
3.833357e-02
2.186157e-02
0
8.072785e-02
0
0
7.349853e-02
0
0
0
0
0
2.307549e-02
3.755698e-02
2.726580e-01
3.338684e-01
1.231947e-01
1.622833e-02
1.923417e-01
4.004285e-01
1.144119e-01
3.326962e-02
6.839533e-02
3.911414e-01
2.446289e-01
7.767974e-01
0
1.116630e-01
1.332843e-01
1
3.516796e-03
4.554037e-01
0
0
0
0
0
0
1.163879e-01
0
1.391533e-03
0
0
0
0
0
0
0
7.941121e-02
0
0
1.525328e-01
2.038325e-02
0
0
4.645282e-03
0
0
3.935164e-01
1.596886e-01
0
1.410046e-02
2.763510e-01
0
0
0
0
0
3.162388e-02
6.463562e-02
1.005212e-02
0
0
0
0
0
0
0
0
0
0
0
6.437994e-01
4.377858e-01
2.423934e-01
0
0
0
7.185675e-02
0
0
0
0
0
0
0
3.286536e-01
1.687556e-01
0
0
0
0
0
0
0
0
1.729260e-04
3.245585e-02
4.768756e-01
4.260823e-01
5.335339e-01
6.933573e-02
2.044126e-01
1.012301e-01
1.359971e-01
3.240353e-01
4.744132e-01
2.760416e-01
2.871776e-01
0
8.366578e-04
1.271468e-01
5.269640e-02
5.956442e-01
1.901668e-01
2.928483e-01
0
0
0
0
0
0
0
0
0
1.556826e-01
0
0
0
0
0
0
3.199733e-01
3.337386e-01
5.275714e-01
3.516796e-03
1
4.722742e-01
0
0
0
0
0
0
0
1.015567e-01
0
0
1.700468e-02
0
0
1.722734e-01
1.373636e-01
1.197555e-01
0
0
2.704405e-01
3.780036e-01
1.420064e-01
6.939637e-02
5.571393e-02
1.505391e-01
2.282804e-01
0
1.254660e-01
7.165080e-03
0
9.722921e-03
0
0
0
0
0
0
0
2.775305e-01
0
9.439553e-02
0
1.312499e-02
0
1.777773e-01
0
0
2.257076e-01
0
0
0
2.420270e-01
2.261554e-01
2.972089e-01
0
0
1.635622e-01
0
0
0
0
0
0
7.857776e-02
2.882573e-01
4.411865e-01
4.996544e-01
1.180344e-01
0
0
3.968887e-02
0
0
0
7.630969e-02
1.789373e-01
1.847205e-01
5.858469e-01
5.849676e-01
6.407828e-01
3.316179e-01
4.831196e-01
6.262451e-01
2.013228e-01
2.940181e-01
4.570884e-01
4.963764e-01
0
0
7.789356e-02
1.028131e-01
0
6.248111e-02
0
1.589358e-01
5.623576e-03
0
0
2.523116e-02
0
0
8.568220e-02
0
7.881243e-03
4.702727e-01
0
4.557221e-02
7.709634e-03
1.151875e-01
1.191121e-01
4.843353e-01
0
4.651432e-01
2.674778e-01
4.554037e-01
4.722742e-01
1
0
0
0
0
0
0
1.371071e-01
0
2.676668e-02
0
1.009830e-01
0
0
0
0
0
3.170009e-02
0
0
2.394740e-01
0
0
0
0
2.137628e-02
0
0
0
1.409080e-01
2.865938e-01
1.885993e-02
3.306912e-01
3.764580e-01
5.245545e-01
5.309801e-01
5.098825e-01
0
0
5.284737e-01
2.363666e-01
2.579635e-01
2.181020e-01
0
0
0
0
1.346144e-01
2.716234e-01
0
7.009892e-02
0
0
2.641837e-02
1.512279e-01
0
0
0
2.028088e-02
0
0
2.463157e-01
2.790218e-01
0
0
0
0
0
2.334359e-02
0
0
0
0
0
0
0
0
0
0
0
4.000734e-01
0
0
0
0
1.389200e-03
2.597534e-01
3.886871e-01
5.547867e-01
0
0
9.983955e-02
1.756586e-01
0
0
0
2.984411e-01
0
0
0
0
0
1.021815e-01
0
0
0
0
0
0
0
0
0
0
0
0
0
0
1.000000e+00
5.574517e-01
6.060574e-01
3.973122e-01
2.506360e-01
1.768561e-01
1.049331e-01
3.188541e-02
0
0
4.320409e-01
0
2.632557e-01
1.132068e-01
3.836210e-01
6.867971e-02
3.831151e-02
4.363742e-01
0
0
0
0
1.347591e-01
0
9.358215e-02
3.487282e-01
3.175780e-02
0
6.841185e-01
2.396556e-01
1.593809e-01
1.302301e-01
8.111774e-01
8.878881e-02
5.277588e-01
4.201096e-01
3.279163e-01
0
6.536114e-01
0
2.885581e-01
0
0
0
0
0
0
1.207813e-01
2.653883e-01
2.293283e-01
8.558053e-02
1.387385e-01
0
0
0
0
2.747760e-01
9.648308e-02
1.664323e-01
1.265662e-01
3.896659e-01
4.390586e-01
2.279047e-01
0
0
0
2.154069e-02
3.725142e-02
0
0
0
0
0
0
0
0
0
0
0
3.567874e-01
0
0
0
0
0
0
4.301586e-01
2.413287e-01
0
0
4.472538e-01
2.201946e-01
3.229496e-01
2.435555e-01
0
1.473426e-01
1.618068e-01
0
0
0
3.876612e-02
2.311358e-01
0
0
0
0
0
0
0
0
5.259195e-02
0
0
0
0
0
5.574517e-01
1
5.486440e-01
7.395561e-01
1.367776e-01
0
0
0
0
2.201404e-01
1.695246e-01
4.480076e-01
4.124632e-02
2.246839e-01
2.092112e-01
1.933730e-01
5.637880e-02
4.953444e-01
0
0
0
0
3.645339e-01
0
7.280604e-03
1.380352e-02
0
0
2.473456e-01
2.711003e-01
0
6.987899e-01
2.757395e-01
5.511046e-01
6.381066e-01
6.940915e-01
3.916094e-01
1.904046e-01
5.712772e-01
5.313671e-01
7.621944e-01
5.244328e-01
0
0
1.803900e-01
9.401926e-02
0
4.894550e-02
4.629928e-01
5.484778e-01
0
0
0
2.176153e-01
0
0
1.987120e-01
1.386804e-01
0
0
1.479114e-01
3.045041e-01
0
0
0
0
0
0
0
0
0
0
0
0
0
0
0
0
0
0
0
0
0
0
0
0
1.602772e-01
5.321954e-01
5.576977e-02
1.830690e-01
1.843828e-01
1.003427e-01
0
0
0
1.698179e-01
0
9.427046e-02
0
0
0
0
0
0
0
0
0
0
0
0
1.107686e-01
1.412710e-01
0
0
0
0
6.060574e-01
5.486440e-01
1
5.776728e-01
8.595047e-02
2.231814e-01
0
0
0
0
1.830001e-01
2.437139e-01
2.250390e-01
2.705673e-02
1.232012e-01
1.171185e-01
1.158042e-02
2.808117e-01
0
0
3.468312e-02
0
8.005624e-02
0
0
6.096142e-02
0
0
6.282122e-01
2.303328e-01
6.281055e-02
2.481541e-01
6.489294e-01
9.392810e-02
7.027338e-01
4.910567e-01
3.357142e-01
0
4.449610e-01
2.790645e-02
3.712537e-01
7.308691e-02
0
0
0
0
0
7.551802e-02
4.026945e-01
3.191781e-01
0
0
0
0
1.586926e-02
0
3.367005e-01
2.584850e-01
1.545144e-01
2.557233e-02
3.507446e-01
3.397792e-01
2.470078e-01
0
0
0
7.250624e-02
5.839344e-02
0
0
6.146138e-02
0
0
0
0
0
0
0
0
0
0
0
0
0
0
0
2.001558e-01
9.838617e-02
0
0
3.491440e-01
0
3.218598e-01
1.044664e-01
0
1.809255e-01
4.090721e-02
0
3.212672e-02
0
0
4.231400e-02
0
0
9.317299e-02
0
0
0
0
0
7.306740e-02
0
0
0
0
0
3.973122e-01
7.395561e-01
5.776728e-01
1
1.373295e-01
8.676991e-02
0
1.341068e-01
0
1.139633e-01
0
5.591592e-01
2.340721e-02
2.047170e-01
6.676951e-02
2.432014e-01
0
6.273549e-01
0
0
0
0
3.357125e-01
1.864543e-02
1.062611e-01
4.614202e-02
3.159863e-01
3.739519e-01
1.509626e-01
1.790636e-01
1.088171e-01
1.314407e-01
1.527390e-01
1.110976e-01
1.699754e-01
1.860465e-01
1.134750e-01
0
7.541865e-02
0
0
0
0
0
2.560937e-01
2.739091e-01
0
3.684905e-02
0
1.340994e-01
0
1.134361e-02
9.480355e-03
2.521848e-01
0
0
3.120422e-02
0
1.570972e-01
0
7.779883e-02
0
0
2.958251e-01
0
1.557457e-01
0
0
0
0
0
0
7.338010e-02
7.479567e-02
2.047543e-02
0
0
2.801416e-01
1.995976e-02
1.688414e-01
4.025371e-02
1.967354e-02
0
1.170505e-01
0
6.510616e-02
0
0
0
0
0
9.444704e-03
0
0
2.059332e-01
2.984734e-01
0
0
0
0
0
0
0
0
0
0
0
6.774345e-02
0
0
0
0
0
0
0
0
2.506360e-01
1.367776e-01
8.595047e-02
1.373295e-01
1.000000e+00
6.011235e-01
5.643866e-01
6.421575e-01
1.505804e-01
0
2.473395e-01
0
1.581246e-01
0
5.432486e-01
8.045048e-01
0
2.033576e-01
2.661318e-01
5.538536e-01
6.190671e-01
3.436149e-01
2.154960e-01
0
6.235138e-01
6.809969e-01
1.878365e-01
3.999906e-01
9.224613e-02
2.549370e-01
3.629682e-01
4.667426e-01
0
3.424998e-01
3.968858e-01
3.843900e-01
6.220830e-02
2.111375e-01
2.104355e-01
2.601562e-01
3.795551e-01
0
0
0
4.088855e-01
3.286370e-01
0
0
1.480235e-02
3.938693e-01
7.897910e-02
2.072894e-01
2.340044e-01
6.059369e-01
0
0
2.154372e-02
0
0
0
1.630396e-01
0
0
1.486182e-01
0
4.494047e-03
0
0
0
0
0
0
0
0
0
0
0
0
0
0
0
0
0
1.697674e-01
0
6.443243e-02
0
3.115100e-01
0
2.641737e-01
1.110701e-01
1.789336e-01
0
0
1.708327e-01
1.243812e-01
0
0
0
0
0
0
0
0
0
0
0
2.738403e-01
5.060560e-02
0
1.927702e-01
4.326954e-02
1.481982e-01
0
0
0
1.768561e-01
0
2.231814e-01
8.676991e-02
6.011235e-01
1.000000e+00
0
6.354926e-01
0
0
1.997641e-01
0
8.222511e-02
0
4.255544e-01
7.418425e-01
1.748430e-01
2.450367e-01
1.261891e-01
4.492420e-01
6.436468e-01
7.219920e-02
0
0
4.780333e-01
7.387558e-01
0
0
0
0
0
0
5.144838e-02
0
0
0
0
0
0
0
0
0
0
1.310488e-02
0
0
0
0
0
0
0
0
0
0
0
0
0
0
4.536569e-01
2.576454e-01
1.924363e-01
1.565234e-01
2.708210e-01
3.410424e-01
2.003442e-01
1.949981e-01
0
9.573090e-02
4.873522e-01
3.940608e-01
3.501524e-01
3.074869e-01
5.719477e-01
6.042838e-01
4.606192e-01
2.967527e-01
4.301716e-01
3.560365e-01
2.618695e-01
1.335393e-01
6.240881e-01
5.706463e-01
0
0
4.607015e-02
0
0
0
0
0
0
0
1.483598e-01
0
0
0
0
0
0
0
0
1.308213e-02
8.586533e-02
3.237836e-02
1.174868e-01
0
0
8.613656e-02
0
0
0
0
0
1.163879e-01
0
1.371071e-01
1.049331e-01
0
0
0
5.643866e-01
0
1
2.306244e-01
5.730439e-01
2.815444e-01
0
0
0
0
1.582410e-01
1.803264e-01
0
0
5.505288e-02
2.203811e-01
8.940968e-02
3.440387e-01
2.704913e-01
3.864871e-01
2.689742e-01
1.923133e-01
5.114320e-01
5.241300e-01
1.671567e-02
5.177584e-02
4.264680e-01
0
8.224052e-02
3.576591e-02
6.540537e-02
0
0
1.651529e-01
1.585940e-02
1.919874e-01
0
0
0
0
3.758625e-01
4.614106e-01
2.807445e-01
2.185531e-01
0
1.124133e-01
1.791302e-01
4.241719e-01
4.643533e-01
4.947311e-01
0
0
0
0
0
0
0
0
0
1.406693e-01
0
2.164723e-01
0
0
0
0
0
0
0
0
0
0
5.601237e-02
2.596711e-01
2.234038e-01
1.512008e-02
0
0
2.304044e-01
2.577277e-01
2.398244e-01
1.835324e-01
0
0
0
1.101902e-01
0
1.543719e-01
0
0
3.818875e-01
3.659239e-01
0
0
0
0
0
0
0
0
0
0
0
1.120826e-01
0
0
0
1.441349e-02
0
0
1.015567e-01
0
3.188541e-02
0
0
1.341068e-01
6.421575e-01
6.354926e-01
2.306244e-01
1
0
0
3.730952e-01
0
3.491385e-01
5.190918e-02
6.606213e-01
7.192442e-01
0
4.294910e-01
7.992018e-02
7.302232e-01
7.882095e-01
2.237841e-01
3.121271e-01
0
8.524538e-01
7.023087e-01
0
4.034527e-02
0
0
0
0
0
0
0
0
0
0
0
0
0
0
5.549542e-01
4.785343e-01
0
0
0
0
0
0
0
0
0
0
6.063991e-01
3.493211e-01
0
0
3.860557e-01
4.533411e-01
0
0
1.961931e-01
4.118548e-01
1.387024e-01
2.526631e-01
1.905700e-01
1.880877e-01
6.888337e-01
7.299651e-01
5.376229e-01
6.513534e-01
8.154710e-01
7.268657e-01
7.284106e-01
4.477829e-01
3.454773e-01
0
0
0
7.250901e-01
6.349398e-01
4.073224e-01
2.453963e-01
3.228442e-02
0
0
0
3.882858e-01
0
0
0
3.869792e-02
0
1.954439e-01
0
1.477607e-01
0
2.215511e-01
7.850095e-02
2.505238e-01
1.089900e-01
3.577397e-01
2.965195e-01
5.548180e-01
3.680782e-01
5.508397e-01
4.327807e-01
5.850367e-02
8.588512e-03
0
0
0
1.391533e-03
0
2.676668e-02
0
0
0
0
1.505804e-01
0
5.730439e-01
0
1
6.997442e-01
0
0
2.116671e-01
1.517764e-01
0
0
0
0
0
0
0
6.097661e-01
3.163880e-01
5.712617e-01
0
0
0
0
0
0
0
0
1.593536e-02
0
0
0
0
0
0
0
0
0
5.319266e-01
3.223935e-01
0
0
0
0
0
0
0
0
0
0
5.040722e-01
1.266242e-01
0
0
2.595187e-01
5.008333e-01
0
5.961752e-03
2.921347e-01
1.271731e-01
1.081455e-01
1.438331e-01
3.064785e-01
2.812998e-01
5.447123e-01
6.023386e-01
4.291764e-01
5.470701e-01
5.309186e-01
5.638956e-01
5.876716e-01
3.810048e-01
4.315477e-01
0
2.804365e-02
2.019824e-02
5.082809e-01
4.969563e-01
1.784067e-01
3.490838e-04
3.083029e-01
0
3.203427e-01
0
2.565277e-01
0
0
0
2.395529e-01
2.217309e-01
2.041148e-02
0
2.512692e-01
1.480383e-04
3.375786e-01
1.433515e-01
4.354967e-01
2.434253e-01
2.786311e-01
1.027893e-01
5.450853e-01
3.219096e-01
2.291515e-01
0
0
0
0
0
0
0
0
0
0
2.201404e-01
0
1.139633e-01
0
0
2.815444e-01
0
6.997442e-01
1
2.153886e-01
0
4.178014e-01
5.441464e-01
7.280943e-02
0
1.368926e-01
0
0
0
0
3.660757e-01
6.138189e-01
6.105488e-01
0
0
3.313922e-01
1.780377e-01
0
0
1.467467e-01
0
0
1.608728e-01
0
0
0
3.080232e-01
9.893052e-02
3.136402e-01
9.303844e-02
4.455086e-02
0
0
2.362353e-01
1.943244e-01
3.134083e-01
1.742047e-01
0
0
0
2.958429e-01
5.421175e-01
5.437188e-01
0
0
0
0
0
0
0
0
0
1.559453e-01
0
3.130008e-01
0
1.734342e-02
0
0
0
0
0
6.238142e-02
1.467037e-01
2.759835e-01
2.106536e-01
4.318813e-01
3.081368e-01
4.969677e-01
0
1.083637e-01
5.143045e-02
2.432106e-01
5.040243e-01
6.030911e-01
1.849035e-01
1.256833e-01
0
2.247840e-01
0
4.951211e-02
0
0
1.836407e-01
3.170673e-01
0
0
0
0
0
0
0
0
0
0
0
0
0
0
0
0
0
0
1.700468e-02
1.009830e-01
4.320409e-01
1.695246e-01
1.830001e-01
0
2.473395e-01
1.997641e-01
0
3.730952e-01
0
2.153886e-01
1
0
7.781356e-01
2.914852e-01
6.349147e-01
1.410704e-01
2.759068e-01
1.508688e-01
0
1.506594e-01
2.482170e-01
2.477006e-02
4.225559e-01
0
2.824444e-01
3.778029e-01
0
0
5.085536e-01
2.977118e-01
0
5.066661e-02
3.315390e-01
0
3.053471e-01
2.037779e-01
5.718647e-01
0
3.962714e-01
0
2.254239e-01
4.987046e-02
1.640295e-01
2.040187e-01
0
0
1.517261e-02
1.374222e-01
5.422728e-01
4.371792e-01
1.224081e-01
0
0
0
6.226953e-02
1.179346e-01
4.650415e-01
4.622318e-01
0
0
1.388471e-01
1.149521e-01
4.255557e-01
0
0
0
2.886270e-01
1.364820e-01
0
0
0
0
0
0
0
0
0
0
0
0
0
0
0
0
0
0
7.272572e-02
0
1.747533e-02
0
4.668078e-01
6.614040e-02
3.448577e-01
1.738779e-01
0
1.740439e-01
2.986304e-01
2.299719e-01
3.091887e-01
4.918298e-01
2.229609e-01
3.333529e-01
0
0
2.855345e-01
3.280145e-01
1.102225e-02
0
4.199932e-02
0
5.512993e-01
0
0
0
0
0
0
4.480076e-01
2.437139e-01
5.591592e-01
0
0
0
0
0
0
0
1
0
2.997299e-01
0
6.582220e-02
1.560890e-01
3.993381e-01
2.080248e-01
0
0
0
0
0
0
0
2.905348e-01
1.678325e-01
0
0
0
0
0
2.246092e-02
0
0
0
2.859058e-01
6.942584e-03
2.862300e-01
1.281387e-01
1.678625e-01
2.485353e-02
0
3.195001e-01
3.010946e-01
3.113741e-01
1.403310e-01
0
0
0
0
4.005488e-01
4.486838e-01
8.362573e-02
0
0
0
0
1.176123e-02
0
0
0
0
0
7.867040e-03
0
6.051188e-02
3.344018e-02
0
0
4.750862e-02
2.670992e-02
1.684514e-01
3.311421e-01
2.724944e-01
1.729026e-01
1.544068e-01
1.877159e-01
1.991709e-03
3.440670e-03
2.451880e-02
1.889464e-01
3.220125e-01
4.232882e-01
3.314466e-01
1.840353e-01
0
3.525219e-01
3.054219e-01
0
0
0
0
4.519326e-01
4.040970e-01
0
0
0
0
0
0
0
0
0
0
1.407199e-02
0
0
0
0
0
0
0
0
0
2.632557e-01
4.124632e-02
2.250390e-01
2.340721e-02
1.581246e-01
8.222511e-02
0
3.491385e-01
2.116671e-01
4.178014e-01
7.781356e-01
0
1
6.203937e-01
6.493629e-01
5.921309e-02
1.655452e-01
1.189948e-01
0
1.706861e-01
3.327245e-01
1.530375e-01
5.559233e-01
1.841145e-01
1.897121e-01
1.954481e-01
3.030353e-01
0
0
0
0
0
0
0
0
0
1.075638e-01
6.882164e-02
2.115445e-01
0
0
0
2.570175e-01
3.755197e-02
6.126640e-02
0
2.383634e-01
5.326252e-03
0
0
0
0
0
0
1.647459e-01
0
0
0
0
3.438112e-02
0
0
0
0
0
0
0
0
4.658108e-02
1.335037e-01
0
9.327490e-02
6.769701e-02
9.500053e-02
2.664570e-01
1.531711e-01
3.537360e-01
6.372275e-02
1.518713e-01
0
8.801536e-02
0
2.136689e-01
2.455611e-01
5.763033e-01
1.716938e-01
5.131253e-01
0
4.605458e-01
1.311694e-01
0
0
2.002323e-01
1.831686e-01
2.746103e-01
2.812560e-01
3.615837e-02
0
1.278888e-01
1.421233e-01
2.061815e-01
2.606254e-01
0
0
4.855312e-02
2.875170e-02
0
0
0
0
0
0
0
0
1.722734e-01
0
1.132068e-01
2.246839e-01
2.705673e-02
2.047170e-01
0
0
0
5.190918e-02
1.517764e-01
5.441464e-01
2.914852e-01
2.997299e-01
6.203937e-01
1.000000e+00
3.323175e-01
8.790807e-03
1.109705e-01
2.560722e-01
0
0
4.279575e-02
1.954785e-01
6.159190e-01
3.671722e-01
7.226820e-02
0
4.182620e-01
3.856185e-01
0
7.618763e-03
4.156772e-01
1.588808e-02
2.300753e-01
5.275108e-02
1.041782e-01
0
0
5.075718e-02
2.052003e-01
1.079096e-01
5.562426e-02
0
0
0
3.581461e-01
3.616807e-01
3.314110e-01
2.544511e-01
0
3.492840e-02
5.274907e-02
2.579454e-01
4.907027e-01
4.833116e-01
0
0
0
0
1.050887e-01
1.571198e-01
0
0
0
0
0
0
0
2.011903e-02
0
0
0
0
0
0
0
0
1.227618e-01
1.461556e-01
2.865755e-01
2.299914e-01
0
0
0
3.379538e-01
3.622046e-01
3.053141e-01
3.325944e-01
6.896652e-02
0
1.166698e-01
0
3.094829e-01
0
0
1.749161e-01
2.753428e-01
0
0
0
0
0
0
0
0
0
0
0
0
0
0
0
0
0
0
1.373636e-01
0
3.836210e-01
2.092112e-01
1.232012e-01
6.676951e-02
5.432486e-01
4.255544e-01
1.582410e-01
6.606213e-01
0
7.280943e-02
6.349147e-01
0
6.493629e-01
3.323175e-01
1.000000e+00
4.621492e-01
0
3.910055e-01
0
5.320485e-01
5.457163e-01
0
4.169590e-01
1.377423e-01
6.070588e-01
5.041872e-01
4.293778e-01
4.075688e-01
2.241813e-01
2.029544e-01
3.195161e-01
1.539838e-01
1.530467e-01
4.774694e-02
2.278854e-01
2.133415e-01
2.856343e-01
8.271731e-02
2.658830e-01
6.102750e-02
1.223344e-01
0
0
0
4.182476e-01
3.655336e-01
0
6.887264e-02
0
3.207622e-01
1.490337e-01
2.825847e-01
1.092644e-01
4.327562e-01
0
0
1.140514e-01
0
3.479216e-02
0
7.736423e-02
0
0
2.242119e-01
0
1.240572e-01
0
0
0
0
0
0
0
0
0
0
0
1.340430e-01
0
6.961062e-02
0
0
1.761655e-02
1.843071e-01
0
0
0
0
0
1.594082e-01
7.315532e-02
1.972148e-01
0
0
2.629544e-01
2.950598e-01
0
0
0
0
0
0
0
0
0
0
0
0
0
0
1.772739e-01
0
0
0
1.197555e-01
0
6.867971e-02
1.933730e-01
1.171185e-01
2.432014e-01
8.045048e-01
7.418425e-01
1.803264e-01
7.192442e-01
0
0
1.410704e-01
6.582220e-02
5.921309e-02
8.790807e-03
4.621492e-01
1
4.895650e-02
3.839975e-01
2.157279e-01
5.552437e-01
7.001967e-01
2.810023e-01
1.679259e-01
0
7.386147e-01
7.966793e-01
0
0
0
0
0
0
0
0
0
0
7.505387e-02
9.392005e-02
0
3.084146e-02
3.215331e-02
4.824830e-02
1.977508e-01
3.246024e-01
0
0
0
0
0
0
0
0
0
1.717652e-01
0
1.887654e-01
0
0
0
0
3.147829e-02
7.867831e-02
1.639734e-01
3.747248e-01
3.501849e-02
3.901890e-01
4.286848e-01
5.809204e-01
0
0
0
0
0
0
0
0
0
0
0
2.574265e-01
0
0
1.516631e-01
8.600672e-02
2.670592e-01
3.387751e-01
4.726087e-02
0
0
2.025185e-03
3.770195e-02
0
9.098003e-02
2.934581e-01
2.325771e-01
2.504129e-01
1.984914e-01
7.902359e-02
7.647345e-02
3.011204e-01
0
0
0
0
3.799263e-01
4.481072e-01
2.982159e-01
2.120641e-01
2.715843e-01
7.684859e-02
1.354321e-01
0
2.557881e-02
7.941121e-02
0
3.170009e-02
3.831151e-02
5.637880e-02
1.158042e-02
0
0
1.748430e-01
0
0
0
1.368926e-01
2.759068e-01
1.560890e-01
1.655452e-01
1.109705e-01
0
4.895650e-02
1
2.227660e-01
0
0
3.457606e-02
0
0
0
0
1.875989e-01
4.748369e-02
0
4.101697e-01
3.427707e-01
3.214643e-01
5.243267e-02
5.172045e-01
1.426297e-01
5.965972e-01
2.931700e-01
0
0
4.207124e-01
1.395895e-01
2.491553e-01
1.050993e-01
0
0
0
3.187820e-02
3.241475e-01
3.067638e-01
1.484749e-01
2.926411e-01
2.172681e-01
2.888119e-01
3.495759e-02
1.293901e-01
0
0
3.098905e-02
0
0
0
3.211578e-01
1.983724e-01
6.982719e-03
0
0
0
0
3.560958e-01
0
0
0
0
0
0
0
0
0
0
0
3.032248e-01
0
0
0
0
1.835029e-01
2.775644e-02
2.691439e-01
1.286426e-01
0
0
3.279616e-01
1.624543e-01
2.856476e-01
1.379994e-01
0
3.193161e-01
0
0
0
8.315045e-02
0
0
0
0
0
0
0
0
0
0
0
0
0
0
0
0
4.363742e-01
4.953444e-01
2.808117e-01
6.273549e-01
2.033576e-01
2.450367e-01
0
4.294910e-01
0
0
1.508688e-01
3.993381e-01
1.189948e-01
2.560722e-01
3.910055e-01
3.839975e-01
2.227660e-01
1
0
1.414204e-01
2.023993e-01
0
1.907122e-01
0
5.798975e-01
4.012537e-01
2.240021e-01
3.014289e-01
4.123955e-01
3.638585e-01
0
9.902605e-02
1.799330e-01
2.504092e-02
0
2.999450e-02
4.208722e-01
0
7.626562e-02
0
7.351582e-02
0
0
0
1.097656e-01
8.522147e-02
0
0
5.180535e-01
5.238277e-01
3.707026e-01
9.462258e-02
0
0
0
0
6.156199e-01
1.875697e-01
0
0
0
0
1.036247e-01
0
1.839795e-02
5.869362e-02
0
0
0
0
0
0
0
0
0
0
0
1.197934e-01
1.914206e-01
0
4.076523e-02
0
6.880742e-02
3.130939e-02
0
0
0
0
0
0
2.132392e-01
2.294436e-01
0
0
4.573000e-02
0
0
1.814659e-01
0
3.581787e-02
8.664361e-02
0
1.650438e-02
1.952345e-02
2.540112e-03
9.463040e-02
5.935215e-02
3.549456e-02
2.374854e-01
0
5.576081e-01
3.429038e-02
0
0
2.704405e-01
0
0
0
0
0
2.661318e-01
1.261891e-01
5.505288e-02
7.992018e-02
0
0
0
2.080248e-01
0
0
0
2.157279e-01
0
0
1
4.817694e-01
2.899699e-01
1.676658e-02
0
6.395705e-02
1.447333e-01
0
5.462115e-01
6.432999e-01
0
2.467326e-01
3.328075e-01
3.859957e-02
0
1.257999e-01
0
0
5.923958e-03
2.733323e-01
0
2.469129e-01
0
0
0
0
4.360700e-01
5.553248e-01
2.137242e-01
1.852525e-01
0
3.145904e-01
3.596815e-01
3.756312e-01
5.131584e-01
3.628143e-01
0
0
0
0
0
0
0
0
0
3.261069e-03
0
2.617776e-01
0
0
0
0
0
0
0
0
0
0
2.309060e-01
4.060642e-01
5.284221e-01
2.070481e-03
7.701143e-02
0
2.701250e-01
4.639229e-01
1.800965e-01
1.504771e-01
0
0
0
2.323290e-01
0
3.770424e-01
0
0
3.819704e-01
2.708397e-01
0
0
0
0
0
0
0
0
0
0
0
2.372493e-01
0
7.387626e-02
2.517494e-02
2.566129e-01
0
1.525328e-01
3.780036e-01
2.394740e-01
0
0
0
0
5.538536e-01
4.492420e-01
2.203811e-01
7.302232e-01
0
0
1.506594e-01
0
1.706861e-01
0
5.320485e-01
5.552437e-01
0
1.414204e-01
4.817694e-01
1
8.164423e-01
1.615537e-02
1.722640e-02
0
7.396406e-01
4.542186e-01
5.014248e-01
6.699997e-01
0
1.350221e-01
2.296060e-01
2.035422e-01
0
2.095905e-01
0
2.011668e-02
1.265574e-01
4.754581e-01
4.684312e-02
4.144185e-01
1.110408e-01
0
0
0
5.404451e-01
5.872961e-01
2.083433e-01
2.514473e-01
0
3.670353e-01
6.856658e-02
2.944219e-01
5.161617e-01
5.637615e-01
0
0
0
0
0
0
0
0
0
8.022100e-02
0
1.505365e-01
0
0
0
0
0
0
0
0
0
0
0
1.793075e-01
2.176230e-01
0
0
0
3.275179e-01
5.565686e-01
1.170141e-01
1.295505e-01
0
0
2.107623e-01
4.026943e-01
0
1.686799e-01
0
0
6.472898e-01
4.786756e-01
0
0
0
0
0
0
0
0
0
0
1.369946e-01
3.594073e-01
0
3.629732e-02
4.313296e-02
9.983807e-02
0
2.038325e-02
1.420064e-01
0
0
0
3.468312e-02
0
6.190671e-01
6.436468e-01
8.940968e-02
7.882095e-01
0
0
2.482170e-01
0
3.327245e-01
4.279575e-02
5.457163e-01
7.001967e-01
3.457606e-02
2.023993e-01
2.899699e-01
8.164423e-01
1.000000e+00
1.414429e-01
7.686697e-02
0
7.142122e-01
6.877493e-01
2.571768e-01
3.434678e-01
0
0
0
0
0
0
0
0
9.510916e-02
0
0
0
0
0
3.715236e-01
1.269823e-01
1.273989e-01
0
0
0
0
0
0
0
0
0
3.039086e-01
0
0
0
9.742634e-02
0
0
0
6.638647e-02
3.668870e-01
0
2.151144e-01
0
0
6.177803e-01
6.489279e-01
3.616464e-01
4.646181e-01
6.984345e-01
6.139746e-01
7.011504e-01
5.635474e-01
2.784836e-01
2.197179e-01
0
0
5.380006e-01
4.174610e-01
4.458157e-01
1.821136e-01
0
0
0
0
2.873805e-01
0
0
0
0
0
2.700127e-01
0
0
0
0
0
0
0
1.442006e-01
1.531183e-01
2.817011e-01
2.337950e-01
3.646391e-01
1.105304e-01
1.850633e-01
0
0
0
1.599488e-01
0
6.939637e-02
0
0
0
0
0
3.436149e-01
7.219920e-02
3.440387e-01
2.237841e-01
6.097661e-01
3.660757e-01
2.477006e-02
0
1.530375e-01
1.954785e-01
0
2.810023e-01
0
0
1.676658e-02
1.615537e-02
1.414429e-01
1
4.828514e-01
1.920280e-01
9.487273e-02
1.065305e-01
4.213059e-01
1.311154e-01
0
0
0
0
2.369540e-01
0
0
0
4.327385e-02
0
1.292767e-01
0
0
0
8.456839e-02
0
1.372610e-01
1.315203e-01
2.721308e-01
1.075898e-01
0
0
0
3.294445e-02
3.720750e-02
0
1.352428e-01
0
0
0
1.093839e-01
1.782951e-01
0
0
2.408315e-02
0
0
3.149361e-02
0
0
3.017212e-01
3.324356e-01
0
1.152134e-01
3.027387e-01
3.823618e-01
5.182883e-01
2.831033e-01
4.354802e-01
2.342076e-01
2.417669e-01
2.201194e-02
3.086540e-01
2.794898e-01
1.594590e-01
3.468350e-02
3.507684e-01
0
1.978463e-01
0
1.843752e-01
0
0
0
0
0
1.908095e-01
2.759995e-01
0
0
0
0
7.811406e-02
0
0
0
0
0
0
0
0
0
0
0
0
0
5.571393e-02
0
1.347591e-01
3.645339e-01
8.005624e-02
3.357125e-01
2.154960e-01
0
2.704913e-01
3.121271e-01
3.163880e-01
6.138189e-01
4.225559e-01
0
5.559233e-01
6.159190e-01
4.169590e-01
1.679259e-01
0
1.907122e-01
0
1.722640e-02
7.686697e-02
4.828514e-01
1
4.412266e-01
3.389510e-01
2.748333e-02
0
0
0
0
0
0
7.317237e-02
0
0
0
0
0
0
0
0
0
3.708008e-01
1.899173e-01
0
0
4.079395e-02
0
0
0
0
0
0
0
3.797287e-01
1.069382e-01
0
1.096225e-01
3.317505e-01
5.264891e-01
0
3.156343e-02
0
0
9.212511e-02
0
4.985440e-02
3.350444e-02
4.961314e-01
5.562152e-01
3.640506e-01
4.332218e-01
5.145814e-01
5.510213e-01
4.918931e-01
2.154780e-01
3.546021e-01
0
2.014033e-01
0
4.880951e-01
3.817533e-01
7.106734e-02
3.659680e-02
2.142212e-01
0
3.840626e-01
0
2.682275e-01
0
0
0
3.207092e-01
1.785272e-01
0
0
2.721561e-02
0
3.180626e-01
1.247108e-01
4.881353e-01
2.769105e-01
2.018503e-01
2.130009e-01
2.371496e-01
6.606752e-02
8.563014e-02
0
0
0
0
0
0
4.645282e-03
1.505391e-01
0
0
0
0
1.864543e-02
0
0
3.864871e-01
0
5.712617e-01
6.105488e-01
0
0
1.841145e-01
3.671722e-01
1.377423e-01
0
0
0
6.395705e-02
0
0
1.920280e-01
4.412266e-01
1
0
0
5.429278e-01
4.509825e-01
5.654637e-02
1.888916e-01
4.095940e-01
0
1.708860e-01
5.162930e-02
1.368178e-01
4.866322e-02
0
1.330079e-01
1.896977e-01
2.119147e-01
2.432784e-02
0
0
0
2.952109e-01
4.382240e-01
3.351085e-01
2.861260e-01
0
1.908833e-01
3.192124e-01
4.391930e-01
3.618496e-01
3.750102e-01
0
0
0
0
3.864189e-03
0
0
0
0
3.003408e-02
0
2.297041e-01
0
0
0
0
0
0
0
0
0
0
2.387116e-01
3.610794e-01
3.769479e-01
1.875234e-01
0
0
1.301988e-01
2.737945e-01
2.205552e-01
6.874113e-02
0
0
0
7.635167e-02
0
2.619474e-01
0
0
2.632776e-01
3.556800e-01
0
0
0
0
0
0
0
0
0
0
0
0
0
0
0
6.969175e-03
0
0
2.282804e-01
2.137628e-02
9.358215e-02
7.280604e-03
0
1.062611e-01
6.235138e-01
4.780333e-01
2.689742e-01
8.524538e-01
0
0
2.824444e-01
0
1.897121e-01
7.226820e-02
6.070588e-01
7.386147e-01
0
5.798975e-01
1.447333e-01
7.396406e-01
7.142122e-01
9.487273e-02
3.389510e-01
0
1
6.890049e-01
2.411013e-01
3.814631e-01
0
1.039600e-01
3.381530e-01
1.343747e-01
0
2.294104e-01
1.853703e-01
2.150812e-01
0
2.219991e-01
1.266998e-01
1.716032e-01
1.540992e-02
0
0
0
3.638734e-01
3.860616e-01
1.289857e-01
3.015974e-01
0
5.649776e-02
3.937386e-02
2.846978e-01
3.088095e-01
6.172900e-01
0
0
0
0
0
0
2.847210e-02
0
0
4.542810e-01
0
2.253854e-01
0
6.417421e-02
0
0
0
0
0
0
0
0
0
2.281949e-01
3.710488e-02
2.969547e-01
0
0
5.268270e-02
2.904826e-01
6.167935e-02
1.850729e-01
0
7.022661e-02
0
2.243679e-01
0
1.042861e-01
0
0
3.417140e-01
4.529761e-01
0
0
0
0
0
0
0
0
0
0
0
1.059549e-01
0
0
0
0
0
0
0
0
3.487282e-01
1.380352e-02
6.096142e-02
4.614202e-02
6.809969e-01
7.387558e-01
1.923133e-01
7.023087e-01
0
0
3.778029e-01
0
1.954481e-01
0
5.041872e-01
7.966793e-01
1.875989e-01
4.012537e-01
0
4.542186e-01
6.877493e-01
1.065305e-01
2.748333e-02
0
6.890049e-01
1
