1
6.260054e-01
7.386046e-03
2.055915e-01
9.372621e-02
0
1.828745e-01
1.698999e-01
0
0
3.939662e-01
5.360830e-01
4.580756e-01
4.594601e-01
8.510545e-02
0
0
0
6.764003e-01
6.401778e-01
3.181364e-01
2.563877e-01
0
2.792182e-01
1.456041e-01
2.543752e-01
5.477715e-01
3.471518e-01
0
0
0
0
0
0
0
0
0
0
0
4.663619e-02
0
0
0
0
0
0
0
0
0
0
1.472643e-01
2.676971e-01
2.385569e-01
0
0
0
3.877402e-01
4.116400e-01
3.750712e-01
1.995174e-01
8.111440e-02
0
1.633415e-01
4.718972e-01
0
3.848095e-01
0
0
4.590932e-01
4.737540e-01
0
4.610186e-02
0
0
3.619320e-02
5.984508e-02
0
0
0
0
0
0
0
0
0
3.144891e-01
0
0
2.873447e-01
2.898952e-02
0
6.736483e-02
0
0
2.894313e-01
1.904995e-01
0
5.288795e-01
0
0
2.960217e-01
0
3.043514e-01
3.000010e-01
3.817398e-01
4.086952e-01
0
2.663228e-02
2.137201e-01
4.964703e-01
4.757682e-01
2.551566e-01
4.131292e-01
0
5.405610e-01
2.163763e-01
6.260054e-01
1
0
3.791132e-02
2.556806e-01
2.825087e-01
0
2.447562e-01
0
0
1.139522e-01
5.425105e-01
5.900285e-02
4.000791e-01
8.442534e-02
0
0
0
8.032018e-01
7.860458e-01
2.630150e-01
4.388135e-01
0
2.666941e-01
2.076253e-02
2.502493e-01
6.813478e-01
6.112995e-01
1.055056e-01
4.858451e-02
0
0
1.912027e-02
0
0
0
0
3.077306e-02
0
1.777251e-01
0
0
0
0
0
0
0
0
0
0
0
1.680776e-02
2.067957e-01
0
0
0
5.754597e-01
6.590041e-01
0
0
0
8.333695e-02
2.320680e-01
5.733413e-01
0
1.986200e-01
0
0
6.119367e-01
4.249344e-01
5.820551e-02
8.645706e-02
0
0
3.595615e-02
3.167357e-02
0
0
0
0
1.632487e-01
2.384060e-01
0
1.016096e-01
0
1.008585e-02
1.001961e-01
0
6.071675e-02
0
0
0
0
0
3.279473e-01
3.983351e-01
0
5.155659e-01
1.593432e-02
0
1.633570e-01
0
1.843395e-01
0
3.693949e-01
3.627587e-01
0
0
2.717102e-01
6.035901e-01
6.601620e-01
2.571160e-01
7.856419e-02
0
4.091167e-01
3.491314e-01
7.386046e-03
0
1.000000e+00
5.364711e-01
2.152280e-01
1.772203e-01
8.415971e-01
6.724165e-02
5.629879e-01
4.621737e-01
3.925178e-01
0
4.536253e-01
0
2.439963e-01
0
0
0
0
0
0
1.028305e-01
5.831254e-01
4.409347e-01
4.236937e-01
2.685691e-01
0
0
0
0
7.855746e-01
3.866151e-01
1.895243e-01
0
4.996312e-01
4.722091e-01
3.730107e-01
0
6.156224e-02
0
0
0
0
0
0
0
0
0
0
0
0
0
0
2.124633e-01
0
0
0
0
0
0
5.281190e-02
1.536802e-01
0
0
5.908745e-01
2.544856e-01
2.676670e-01
6.863688e-02
0
0
5.122916e-02
3.027772e-02
0
0
0
6.586388e-03
1.096925e-01
0
1.887062e-02
0
0
0
0
0
3.516800e-01
0
0
0
0
0
1.175848e-01
6.592546e-01
1.881884e-01
5.978353e-01
2.287311e-01
1.063325e-01
3.456142e-02
2.142912e-02
0
0
0
4.822829e-01
0
0
0
2.956450e-01
0
3.935191e-01
4.845548e-01
0
0
0
1.964560e-02
0
1.445101e-01
0
2.055915e-01
3.791132e-02
5.364711e-01
1
1.767704e-01
4.542788e-01
4.415503e-01
5.673292e-01
4.054120e-01
5.367278e-01
2.868745e-01
1.227753e-01
5.172666e-01
2.730262e-01
2.684049e-01
3.425823e-02
0
0
8.569422e-02
1.395221e-01
5.187437e-02
1.735305e-01
5.131161e-01
6.121096e-01
4.645735e-01
1.438630e-01
6.364809e-03
0
0
0
5.228440e-01
4.410124e-01
0
0
3.560959e-01
2.417993e-01
0
0
0
0
0
0
0
0
0
0
0
0
0
0
0
6.788717e-02
4.630704e-02
1.373712e-01
0
0
0
0
0
3.797174e-02
2.638088e-02
4.911574e-01
0
0
3.928768e-01
5.843915e-01
3.486201e-02
0
0
0
0
1.136660e-01
0
0
0
0
0
0
0
0
0
0
0
0
3.884614e-01
4.871214e-01
0
0
1.540373e-01
6.940848e-02
2.508670e-01
1.665237e-01
1.795008e-01
1.611819e-01
2.952087e-01
3.019885e-01
2.436912e-02
7.229824e-02
0
0
0
2.673907e-01
0
0
4.609736e-02
3.298734e-01
0
3.473669e-01
4.588837e-01
3.439100e-01
1.896396e-01
0
0
0
3.308362e-01
1.833983e-01
9.372621e-02
2.556806e-01
2.152280e-01
1.767704e-01
1.000000e+00
9.509096e-02
2.019976e-01
0
2.578159e-01
1.248928e-01
0
0
3.673435e-02
0
1.158616e-01
0
0
0
1.348480e-01
1.356833e-01
3.335628e-01
2.765927e-01
0
8.480586e-02
5.994960e-01
6.908456e-01
5.493593e-01
4.500902e-01
0
0
0
0
2.926246e-01
1.829295e-01
3.528786e-01
2.192064e-01
0
0
1.800361e-01
1.531298e-01
0
9.123710e-02
0
0
0
0
0
0
0
0
3.669077e-02
9.009016e-03
2.409764e-01
3.903713e-01
0
0
0
1.421254e-01
3.251242e-02
1.307053e-02
3.762757e-02
6.740779e-02
0
9.670188e-02
2.979807e-01
4.060421e-01
1.116893e-01
9.299566e-02
0
0
0
0
0
0
0
0
0
0
0
0
0
0
0
8.482685e-02
6.733049e-02
0
1.684766e-01
1.556235e-01
3.590161e-01
8.844255e-02
7.260949e-03
1.075418e-01
0
5.241683e-03
1.656593e-01
3.690487e-01
0
3.801060e-01
0
0
1.839849e-01
0
0
0
4.498666e-01
3.758145e-01
0
3.438832e-01
2.754220e-03
3.915055e-01
2.537139e-01
0
0
0
4.890404e-01
3.841122e-01
0
2.825087e-01
1.772203e-01
4.542788e-01
9.509096e-02
1
1.075707e-01
7.214900e-01
6.185053e-01
8.051673e-01
3.049182e-01
2.876840e-01
4.368250e-01
5.533290e-01
7.496502e-01
5.162129e-01
0
0
4.460321e-01
4.189909e-01
0
2.052809e-01
5.696404e-01
6.900883e-01
0
0
6.359691e-02
3.953659e-01
2.545487e-02
0
3.042259e-01
2.023031e-01
8.613959e-02
0
8.593204e-02
1.173183e-01
0
0
0
0
0
0
0
0
0
0
0
0
0
0
0
0
0
0
0
0
0
0
0
0
0
6.384599e-01
8.453572e-04
3.279742e-01
1.720894e-01
1.630730e-01
0
0
6.075994e-02
1.254181e-01
0
2.587425e-01
0
0
0
0
0
0
0
0
5.256971e-02
1.532935e-01
1.554481e-01
0
1.805809e-01
1.525864e-01
0
0
0
0
3.076355e-01
8.225290e-02
6.767139e-01
2.032926e-01
2.019223e-01
4.999782e-01
0
6.094876e-03
0
0
0
1.274270e-03
0
0
2.532939e-02
2.223152e-01
0
1.984990e-02
1.499752e-01
7.457367e-02
2.267798e-01
0
0
0
6.233667e-02
1.823616e-01
1.828745e-01
0
8.415971e-01
4.415503e-01
2.019976e-01
1.075707e-01
1
1.056561e-01
5.324000e-01
3.818860e-01
1.637031e-01
0
5.911648e-01
0
1.617064e-01
0
0
0
1.290253e-02
2.496289e-02
7.081624e-02
2.045766e-01
4.450455e-01
3.335058e-01
3.391104e-01
2.096990e-01
0
0
0
0
4.835354e-01
2.028571e-01
2.760625e-01
9.329095e-02
3.450027e-01
3.346660e-01
2.073468e-01
0
0
0
0
0
0
0
0
0
0
0
0
0
0
0
0
1.232119e-01
0
0
0
0
0
0
3.041303e-01
2.098064e-01
0
0
4.490190e-01
2.954397e-01
2.735329e-01
5.930400e-02
0
5.533723e-02
8.909103e-02
7.316419e-02
1.025092e-01
0
1.105499e-01
2.950539e-01
0
0
0
0
0
0
0
0
0
0
0
0
0
0
3.506421e-01
7.993310e-01
2.378613e-01
6.251185e-01
2.024289e-01
3.141809e-03
1.142894e-01
1.498820e-01
0
1.054438e-01
0
2.597332e-01
0
0
2.045118e-01
1.872907e-01
0
4.222696e-01
2.348754e-01
0
0
0
2.989709e-01
1.092051e-01
2.557544e-01
0
1.698999e-01
2.447562e-01
6.724165e-02
5.673292e-01
0
7.214900e-01
1.056561e-01
1
3.295565e-01
7.262866e-01
5.340514e-02
4.909882e-01
4.667339e-01
7.376373e-01
5.380651e-01
5.629380e-01
0
0
4.483017e-01
4.923629e-01
1.522959e-01
4.152310e-01
2.946338e-01
5.419259e-01
8.328656e-02
6.744700e-02
2.707725e-01
4.159542e-01
0
0
1.590478e-01
8.066280e-02
0
0
0
0
0
0
0
0
0
0
0
0
0
0
0
0
0
0
0
7.781003e-02
0
3.964689e-02
0
0
0
0
0
4.883778e-02
0
8.261755e-01
0
3.457922e-01
0
2.990776e-01
0
0
1.003641e-01
3.774095e-01
0
3.555870e-01
0
0
0
0
0
0
0
0
0
0
3.365972e-02
0
0
4.212453e-01
0
0
0
0
5.024572e-01
4.088871e-02
5.188278e-01
4.325395e-02
1.845145e-01
3.838720e-01
0
1.042506e-01
0
0
1.549171e-01
0
2.745274e-02
0
5.296689e-02
1.193539e-01
0
8.755772e-02
7.973485e-02
1.565409e-01
2.338727e-01
0
0
0
1.470699e-01
2.848000e-01
0
0
5.629879e-01
4.054120e-01
2.578159e-01
6.185053e-01
5.324000e-01
3.295565e-01
1
7.482370e-01
7.346408e-02
0
4.430440e-01
7.839522e-02
5.648838e-01
2.223224e-01
0
0
0
0
0
8.002158e-02
5.475673e-01
4.745546e-01
8.949927e-02
3.526159e-02
0
3.587013e-02
0
0
4.225444e-01
3.070748e-01
2.619616e-01
0
5.827902e-01
5.389943e-01
0
0
0
0
3.526987e-02
2.094504e-01
0
0
6.047346e-02
0
0
0
0
0
0
0
0
1.049138e-02
0
0
0
0
0
0
1.444251e-01
4.200025e-01
0
0
5.998885e-01
3.369336e-02
1.445988e-01
0
0
0
0
0
0
0
0
0
0
0
0
0
0
0
0
0
1.869248e-01
0
0
0
0
0
5.198373e-01
5.164189e-01
6.290754e-01
6.992539e-01
2.106579e-01
4.128549e-01
0
9.309062e-02
0
0
0
2.755843e-01
0
0
1.042439e-01
2.677443e-01
0
5.484427e-01
1.387605e-02
0
0
0
0
0
1.901777e-01
2.116522e-01
0
0
4.621737e-01
5.367278e-01
1.248928e-01
8.051673e-01
3.818860e-01
7.262866e-01
7.482370e-01
1
1.907510e-01
1.658841e-02
4.987117e-01
3.818364e-01
6.048753e-01
3.940486e-01
0
0
2.108318e-01
2.199016e-01
0
2.147843e-01
5.550612e-01
5.959847e-01
2.009960e-01
1.307101e-01
0
1.965464e-01
0
0
4.565133e-01
2.407805e-01
4.035160e-02
0
3.303905e-01
3.304449e-01
6.082711e-02
0
0
0
0
0
0
0
0
0
0
0
0
0
0
0
0
9.469376e-02
0
0
0
0
0
0
0
7.012453e-01
0
0
3.422528e-01
2.368028e-01
0
0
0
1.554769e-01
0
1.129386e-01
0
0
0
0
0
0
0
0
0
0
6.327272e-02
0
5.735703e-02
1.553352e-01
0
0
0
0
4.984133e-01
3.918966e-01
6.760635e-01
4.638351e-01
2.474206e-01
4.052634e-01
0
7.248426e-03
0
0
0
1.652404e-01
0
0
0
2.689283e-01
0
2.601184e-01
7.059294e-02
0
3.244179e-02
0
0
0
1.175544e-01
2.564799e-01
3.939662e-01
1.139522e-01
3.925178e-01
2.868745e-01
0
3.049182e-01
1.637031e-01
5.340514e-02
7.346408e-02
1.907510e-01
1.000000e+00
2.972366e-01
4.861503e-01
2.344944e-01
4.492465e-01
0
2.757427e-02
0
3.287165e-01
1.653761e-01
0
0
4.787399e-01
5.401255e-01
0
0
0
2.733223e-02
6.013988e-02
9.759231e-02
4.876218e-01
3.079950e-01
0
0
0
0
8.900214e-02
0
0
0
0
0
0
0
0
0
0
0
0
0
0
0
0
0
0
0
0
0
0
0
0
0
2.183826e-01
2.276287e-01
8.382215e-02
1.239148e-01
0
0
1.820255e-01
1.337301e-01
5.220508e-02
2.000687e-01
0
0
0
0
0
0
7.756140e-02
3.065534e-01
2.274288e-01
0
2.226614e-01
0
5.934193e-01
1.453344e-01
0
0
1.531655e-01
0
0
2.786551e-01
3.342947e-01
2.980679e-01
1.772141e-01
8.222624e-02
0
0
0
0
0
5.701654e-01
0
1.304195e-01
0
3.693487e-01
0
1.381414e-02
4.619201e-01
7.680694e-02
1.699719e-01
2.223776e-01
9.944316e-02
0
3.623795e-03
0
5.360830e-01
5.425105e-01
0
1.227753e-01
0
2.876840e-01
0
4.909882e-01
0
1.658841e-02
2.972366e-01
1
2.161927e-01
8.208130e-01
4.139811e-01
4.626754e-01
0
0
5.725504e-01
5.063298e-01
3.709615e-01
3.200814e-01
0
2.069395e-01
0
1.575132e-01
6.538693e-01
6.403464e-01
0
2.266949e-01
0
0
0
0
0
0
0
4.919175e-03
0
0
0
0
0
0
0
0
0
0
0
0
0
2.349947e-01
2.818556e-01
4.877264e-03
0
0
2.811017e-01
4.971235e-01
1.203639e-01
3.378743e-01
0
2.119871e-01
4.718291e-01
7.832583e-01
0
2.067063e-01
0
0
4.924862e-01
3.587291e-01
0
1.667109e-01
0
0
0
0
0
0
0
0
1.567541e-01
1.234581e-01
2.144102e-01
3.698937e-01
0
4.692915e-01
3.155442e-01
0
1.924261e-01
3.457016e-01
0
0
1.377561e-01
0
0
2.276421e-01
0
1.312462e-01
0
0
3.400534e-01
0
2.486083e-01
7.860468e-02
9.631827e-02
1.524567e-01
0
0
0
3.380359e-01
5.167377e-01
8.743918e-03
0
0
1.757630e-01
2.605090e-01
4.580756e-01
5.900285e-02
4.536253e-01
5.172666e-01
3.673435e-02
4.368250e-01
5.911648e-01
4.667339e-01
4.430440e-01
4.987117e-01
4.861503e-01
2.161927e-01
1
4.202950e-01
5.980499e-01
1.532287e-01
0
0
3.937405e-01
2.821036e-01
3.222323e-02
2.258911e-01
4.101122e-01
5.731433e-01
2.198322e-01
1.160926e-01
5.189071e-02
1.676696e-01
0
0
3.293904e-01
2.653856e-01
0
0
1.128464e-02
0
0
0
0
0
0
0
0
0
0
0
0
0
0
0
0
0
0
2.984672e-02
0
0
0
0
0
0
3.865634e-01
5.169805e-01
0
1.545297e-01
2.139941e-01
5.364339e-01
0
0
0
3.000116e-01
0
1.859990e-01
0
0
0
1.680103e-01
0
0
0
0
0
0
0
0
1.788117e-01
1.416809e-01
0
0
1.613399e-02
0
5.141743e-01
6.511928e-01
5.614986e-01
4.438734e-01
9.967950e-02
2.255782e-01
0
4.478465e-02
0
0
9.225667e-02
3.757864e-01
1.240426e-02
2.286163e-01
2.008070e-01
3.005298e-01
0
3.861413e-01
9.869609e-02
0
5.387419e-02
0
1.638138e-01
0
2.359743e-01
1.427350e-01
4.594601e-01
4.000791e-01
0
2.730262e-01
0
5.533290e-01
0
7.376373e-01
7.839522e-02
3.818364e-01
2.344944e-01
8.208130e-01
4.202950e-01
1
6.644532e-01
7.296000e-01
0
0
5.434955e-01
5.630538e-01
3.202502e-01
3.417517e-01
2.146634e-01
5.233394e-01
5.422086e-02
2.501679e-01
5.580062e-01
5.568022e-01
0
0
0
0
0
0
0
0
0
0
0
0
0
0
0
0
0
0
0
0
0
0
0
9.017763e-02
6.432872e-02
0
0
0
7.023508e-02
2.197809e-01
0
1.155558e-01
0
4.751759e-01
2.419105e-01
6.670014e-01
0
2.421946e-01
0
0
3.837576e-01
4.183831e-01
0
2.145688e-01
0
0
0
0
0
0
0
0
0
2.580170e-02
1.505516e-01
2.093691e-01
0
5.417235e-01
0
0
0
6.037160e-02
2.047091e-01
0
4.994740e-01
0
0
2.919834e-01
0
2.418904e-01
0
0
3.160108e-01
0
2.926143e-01
0
1.148703e-01
1.270181e-01
0
1.035913e-01
0
2.823318e-01
4.437835e-01
0
0
0
3.059432e-01
2.179071e-01
8.510545e-02
8.442534e-02
2.439963e-01
2.684049e-01
1.158616e-01
7.496502e-01
1.617064e-01
5.380651e-01
5.648838e-01
6.048753e-01
4.492465e-01
4.139811e-01
5.980499e-01
6.644532e-01
1
6.040483e-01
0
0
3.563375e-01
2.355818e-01
0
1.075301e-01
5.070264e-01
6.268055e-01
5.179651e-02
1.372790e-01
1.492163e-01
4.605106e-01
0
0
3.124672e-01
2.059450e-01
0
0
1.661074e-02
3.421517e-02
0
0
0
0
0
0
0
0
0
0
0
0
0
0
0
0
0
0
0
0
0
0
0
0
9.247932e-03
5.510674e-01
6.169964e-02
4.015184e-01
1.445542e-01
2.271158e-01
0
0
0
3.601085e-02
0
1.531653e-01
0
0
0
0
0
0
0
0
0
0
2.538989e-01
0
2.710953e-01
1.792939e-01
0
0
0
0
2.392478e-01
2.655699e-01
7.431057e-01
3.673506e-01
0
3.946890e-01
0
0
0
0
1.176735e-01
2.422272e-01
1.052897e-01
0
8.665151e-02
1.751390e-01
0
2.787798e-01
8.129342e-02
0
1.469013e-01
0
0
0
5.152890e-02
4.103831e-02
0
0
0
3.425823e-02
0
5.162129e-01
0
5.629380e-01
2.223224e-01
3.940486e-01
0
4.626754e-01
1.532287e-01
7.296000e-01
6.040483e-01
1
1.084720e-01
0
1.261408e-01
2.342084e-01
1.862870e-01
1.901731e-01
2.647904e-01
2.820027e-01
0
0
1.764795e-01
2.329232e-01
9.351361e-02
2.755416e-01
0
1.376491e-01
0
0
0
0
0
0
0
0
1.506448e-01
1.548292e-03
0
0
0
0
0
0
0
0
0
0
0
0
0
0
0
3.854295e-03
0
0
0
4.551789e-01
2.803225e-01
3.716742e-01
0
0
0
0
1.322174e-01
1.525104e-01
0
3.361833e-01
1.341238e-01
3.046061e-02
0
0
0
3.891711e-02
0
0
1.022076e-01
1.806949e-01
3.601921e-01
4.904885e-01
0
3.674661e-01
0
2.925619e-01
0
2.115967e-02
1.800546e-01
0
4.820559e-01
3.029333e-02
0
0
0
0
0
0
5.427334e-02
1.631987e-02
1.638452e-01
0
0
0
0
9.276028e-02
0
0
2.521688e-02
0
0
0
0
0
0
0
0
0
0
0
0
0
0
0
2.757427e-02
0
0
0
0
1.084720e-01
1
7.570658e-01
0
0
0
0
1.610577e-02
0
0
0
0
0
8.063271e-01
7.307174e-01
0
9.753609e-02
9.283672e-02
1.553271e-01
0
0
3.157592e-01
9.795128e-02
1.127549e-01
1.579563e-01
6.130919e-01
3.912623e-01
4.708676e-01
6.637911e-01
4.133396e-01
5.377974e-01
5.395817e-01
3.386000e-01
4.312405e-01
2.591595e-01
2.432293e-02
0
0
0
3.788267e-01
2.116753e-01
6.025004e-01
1.607916e-01
0
0
0
0
4.921588e-01
2.181924e-02
0
0
1.739273e-02
0
3.332267e-01
0
5.099505e-01
3.759782e-01
6.382946e-01
5.903835e-01
5.624601e-01
3.000448e-01
5.033255e-01
4.139437e-01
7.741107e-01
6.441815e-01
7.311123e-01
3.810250e-01
4.803075e-01
3.067819e-01
2.774659e-02
0
4.665042e-02
1.263117e-01
0
0
0
0
0
0
0
0
0
0
5.625477e-01
5.425517e-01
0
1.630259e-01
4.606656e-02
2.365006e-01
0
0
2.874663e-01
0
0
0
0
3.676956e-01
5.238851e-02
3.779188e-01
0
0
0
0
0
0
0
0
0
0
0
0
0
0
0
0
0
0
7.570658e-01
1
0
0
0
0
0
0
0
0
0
0
5.296277e-01
7.269863e-01
0
1.602149e-01
1.630860e-01
2.506320e-01
4.925237e-02
7.496113e-02
3.824250e-01
3.484311e-01
3.857121e-01
2.396276e-01
5.757065e-01
3.968510e-01
3.601977e-01
4.717542e-01
5.227809e-01
4.879572e-01
3.754010e-01
2.205818e-01
1.957249e-01
6.668560e-02
1.635520e-01
0
0
0
4.680065e-01
2.782801e-01
3.564032e-01
2.119828e-01
0
0
0
0
3.783892e-01
0
1.473930e-01
0
3.298124e-01
3.189443e-01
5.087848e-02
0
3.908681e-01
1.228481e-01
3.316568e-01
5.128593e-01
3.886613e-01
1.644653e-01
4.713447e-01
5.221227e-01
7.749266e-01
8.292206e-01
6.689237e-01
4.903833e-01
4.594490e-01
3.976696e-01
3.196677e-01
0
3.564737e-01
3.760854e-01
0
1.658666e-01
0
0
0
0
0
0
2.697519e-02
0
4.454013e-01
2.984382e-01
0
1.997598e-01
0
3.992470e-02
0
0
3.021638e-01
0
0
0
0
1.746039e-01
0
1.891779e-01
0
0
6.764003e-01
8.032018e-01
0
8.569422e-02
1.348480e-01
4.460321e-01
1.290253e-02
4.483017e-01
0
2.108318e-01
3.287165e-01
5.725504e-01
3.937405e-01
5.434955e-01
3.563375e-01
1.261408e-01
0
0
1
9.251895e-01
2.130392e-01
5.029073e-01
3.464642e-02
4.342306e-01
0
1.709499e-01
5.528355e-01
6.931685e-01
1.086816e-01
0
0
0
0
0
0
0
0
0
0
0
0
0
0
0
0
0
0
0
0
0
0
0
0
0
0
0
4.005785e-01
4.267393e-01
0
0
0
2.637745e-01
2.053085e-01
7.355904e-01
0
2.695843e-01
0
0
6.375966e-01
6.053051e-01
1.632173e-01
2.212744e-01
9.552813e-02
6.906048e-02
4.248433e-02
2.199178e-01
0
0
0
0
1.475765e-02
0
0
0
0
6.589137e-02
0
0
0
0
0
0
1.779745e-01
0
2.614948e-01
4.117739e-01
0
4.154426e-01
0
0
1.994267e-01
0
3.350518e-01
7.450370e-02
3.193253e-01
4.190553e-01
0
0
1.278291e-01
3.975355e-01
5.109631e-01
2.013876e-01
1.561861e-01
0
3.278047e-01
3.577912e-01
6.401778e-01
7.860458e-01
0
1.395221e-01
1.356833e-01
4.189909e-01
2.496289e-02
4.923629e-01
0
2.199016e-01
1.653761e-01
5.063298e-01
2.821036e-01
5.630538e-01
2.355818e-01
2.342084e-01
0
0
9.251895e-01
1
3.587127e-01
6.366469e-01
5.340636e-02
4.295795e-01
0
1.678296e-01
5.678671e-01
6.307372e-01
1.183073e-01
2.174374e-02
0
0
0
0
0
0
0
2.964981e-03
0
3.495283e-02
0
0
0
0
0
0
0
0
0
0
0
0
3.474785e-02
0
0
0
4.458014e-01
4.169286e-01
0
0
0
2.195265e-01
1.675466e-01
6.337220e-01
0
1.786117e-01
0
0
6.962338e-01
7.169242e-01
1.644854e-01
2.645115e-01
2.637932e-01
1.831772e-01
9.399373e-02
2.925960e-01
0
0
0
0
1.861247e-02
9.141415e-02
0
7.163575e-02
0
9.578657e-02
0
0
0
0
0
0
8.508230e-02
0
2.791595e-01
3.340635e-01
0
5.203384e-01
0
0
1.426668e-01
0
3.201187e-01
7.789380e-03
3.062853e-01
3.649152e-01
0
0
1.099643e-01
4.951001e-01
5.439210e-01
8.193382e-02
1.582511e-01
0
4.797820e-01
3.750341e-01
3.181364e-01
2.630150e-01
0
5.187437e-02
3.335628e-01
0
7.081624e-02
1.522959e-01
0
0
0
3.709615e-01
3.222323e-02
3.202502e-01
0
1.862870e-01
0
0
2.130392e-01
3.587127e-01
1
7.652731e-01
0
0
1.880889e-01
3.904511e-01
6.398194e-01
3.793596e-01
0
0
0
0
0
0
0
0
0
0
0
1.731563e-02
0
4.111212e-02
0
0
0
0
0
0
0
0
3.932724e-01
2.066823e-01
5.146271e-01
2.319351e-01
0
9.832438e-03
1.922585e-01
2.069357e-01
4.441283e-01
2.241513e-01
0
0
1.361201e-01
2.833199e-01
0
1.050622e-01
0
0
2.927662e-01
3.596964e-01
9.306335e-02
9.391230e-02
2.407145e-01
8.207167e-02
1.508519e-01
9.074180e-02
0
0
0
0
0
0
0
2.738843e-01
0
0
0
2.092764e-01
4.858618e-02
2.087087e-01
1.097720e-01
0
0
0
0
0
0
2.959346e-01
0
0
3.212440e-01
0
3.061922e-01
2.592764e-01
3.444101e-01
0
0
3.113119e-01
0
2.482586e-01
2.320010e-01
0
3.258662e-01
5.048917e-02
4.060908e-01
1.615482e-01
2.563877e-01
4.388135e-01
1.028305e-01
1.735305e-01
2.765927e-01
2.052809e-01
2.045766e-01
4.152310e-01
8.002158e-02
2.147843e-01
0
3.200814e-01
2.258911e-01
3.417517e-01
1.075301e-01
1.901731e-01
0
0
5.029073e-01
6.366469e-01
7.652731e-01
1
0
1.795960e-01
1.123169e-01
3.372420e-01
5.236135e-01
5.209507e-01
5.455184e-02
0
0
0
1.072664e-01
0
0
0
0
0
0
3.022407e-02
0
1.645025e-01
0
0
0
0
0
0
0
0
9.202917e-02
3.121883e-02
2.642051e-01
2.293815e-01
0
0
1.880489e-01
1.338625e-01
1.678472e-02
0
0
2.082059e-01
0
2.910398e-01
0
9.784120e-02
0
0
4.497657e-01
6.788309e-01
3.589405e-01
3.133973e-01
2.966941e-01
2.022003e-01
1.721349e-01
2.956204e-01
0
0
0
0
0
0
0
1.778583e-01
0
0
0
1.368989e-01
0
0
2.455164e-01
8.862779e-02
1.161495e-03
3.742174e-02
8.577263e-02
3.505634e-03
0
2.713470e-01
0
0
1.658546e-01
9.000488e-02
1.453087e-01
2.027916e-02
2.528920e-01
1.191238e-01
0
2.533671e-01
0
2.028050e-01
2.661549e-01
0
1.638282e-01
0
3.698991e-01
3.426121e-01
0
0
5.831254e-01
5.131161e-01
0
5.696404e-01
4.450455e-01
2.946338e-01
5.475673e-01
5.550612e-01
4.787399e-01
0
4.101122e-01
2.146634e-01
5.070264e-01
2.647904e-01
1.610577e-02
0
3.464642e-02
5.340636e-02
0
0
1
8.140421e-01
2.779963e-01
5.967831e-02
0
0
0
0
7.575697e-01
5.380926e-01
9.454910e-02
0
1.837306e-01
2.505543e-01
1.733259e-01
0
0
0
2.607337e-01
0
0
0
0
0
0
0
0
0
0
0
0
0
0
0
0
0
0
0
0
2.855151e-01
0
0
4.701288e-01
1.175056e-01
0
0
0
0
0
4.105611e-01
1.898957e-01
2.482223e-01
1.460747e-01
1.882098e-01
5.873075e-02
0
1.086380e-03
7.001712e-02
2.062181e-02
0
2.461929e-01
0
4.845169e-01
1.504189e-01
0
0
0
0
0
2.459385e-01
4.403121e-01
3.659933e-01
0
2.203459e-02
0
0
0
0
0
4.442301e-01
0
0
0
0
0
3.579336e-02
5.630549e-01
0
0
0
0
4.259659e-03
0
0
2.792182e-01
2.666941e-01
4.409347e-01
6.121096e-01
8.480586e-02
6.900883e-01
3.335058e-01
5.419259e-01
4.745546e-01
5.959847e-01
5.401255e-01
2.069395e-01
5.731433e-01
5.233394e-01
6.268055e-01
2.820027e-01
0
0
4.342306e-01
4.295795e-01
0
1.795960e-01
8.140421e-01
1.000000e+00
3.109300e-01
2.202265e-01
7.302253e-02
1.625198e-01
0
0
5.215065e-01
1.733795e-01
0
0
0
0
0
0
0
0
0
0
0
0
0
0
0
0
0
0
0
0
0
0
0
0
0
0
0
0
0
4.475466e-01
0
2.753399e-01
2.881916e-01
3.373065e-01
0
0
1.827963e-01
2.573085e-01
0
2.700342e-01
0
1.575077e-01
0
1.249010e-01
0
0
0
0
0
9.493748e-03
1.196071e-01
0
4.532970e-01
2.720838e-01
0
0
0
0
3.307210e-02
1.931890e-01
5.129267e-01
2.650034e-01
1.939228e-01
4.084647e-01
0
2.050249e-01
0
0
0
3.328461e-01
0
0
0
3.565280e-01
0
1.673116e-01
5.986012e-01
2.916817e-01
3.416785e-01
0
0
0
2.931486e-01
8.387193e-02
1.456041e-01
2.076253e-02
4.236937e-01
4.645735e-01
5.994960e-01
0
3.391104e-01
8.328656e-02
8.949927e-02
2.009960e-01
0
0
2.198322e-01
5.422086e-02
5.179651e-02
0
0
0
0
0
1.880889e-01
1.123169e-01
2.779963e-01
3.109300e-01
1
7.767305e-01
3.222868e-01
0
0
0
4.024031e-01
9.388885e-02
0
0
2.867699e-01
1.754395e-01
5.647150e-02
0
3.995228e-01
1.223076e-01
0
0
0
0
0
0
0
0
0
0
1.537363e-01
3.548778e-01
4.051884e-01
3.435754e-01
0
0
0
0
1.433702e-01
7.609899e-02
0
2.716184e-01
0
0
3.809420e-01
7.287084e-01
1.339615e-01
1.261171e-01
0
0
0
0
0
0
0
0
0
3.409612e-02
0
0
0
0
0
7.781847e-02
2.510303e-01
3.653058e-01
1.416933e-01
2.503358e-01
5.912075e-01
2.367685e-01
0
1.051371e-01
0
0
0
5.363308e-02
0
1.266840e-01
0
0
0
1.434780e-01
0
0
5.153312e-02
1.073965e-01
0
2.289445e-01
3.652748e-01
3.440303e-01
4.775682e-02
0
0
0
3.005967e-01
2.020780e-02
2.543752e-01
2.502493e-01
2.685691e-01
1.438630e-01
6.908456e-01
0
2.096990e-01
6.744700e-02
3.526159e-02
1.307101e-01
0
1.575132e-01
1.160926e-01
2.501679e-01
1.372790e-01
0
0
0
1.709499e-01
1.678296e-01
3.904511e-01
3.372420e-01
5.967831e-02
2.202265e-01
7.767305e-01
1.000000e+00
6.081972e-01
3.731575e-01
0
0
1.858869e-01
0
0
0
7.765013e-02
3.326068e-02
0
0
2.453453e-01
3.715175e-01
0
0
0
0
0
0
0
0
0
0
1.896300e-01
3.605730e-01
3.982362e-01
4.277505e-01
0
0
0
2.240508e-02
2.338014e-01
1.133804e-01
0
1.051796e-01
0
1.611497e-01
4.432881e-02
4.616895e-01
0
0
0
5.525093e-02
0
0
0
0
0
0
0
0
0
0
0
0
0
1.488406e-01
0
1.436033e-01
5.819368e-02
1.947894e-01
4.289864e-01
2.100544e-01
0
1.109804e-01
0
0
4.186526e-02
1.910867e-01
0
3.972285e-01
0
0
3.093949e-01
0
0
0
2.610983e-01
2.851615e-01
0
2.619348e-01
1.271583e-01
3.853533e-01
2.798803e-01
0
4.372069e-02
0
5.044823e-01
3.095440e-01
5.477715e-01
6.813478e-01
0
6.364809e-03
5.493593e-01
6.359691e-02
0
2.707725e-01
0
0
0
6.538693e-01
5.189071e-02
5.580062e-01
1.492163e-01
1.764795e-01
0
0
5.528355e-01
5.678671e-01
6.398194e-01
5.236135e-01
0
7.302253e-02
3.222868e-01
6.081972e-01
1
7.360896e-01
0
0
0
0
0
0
0
0
0
0
0
2.753237e-01
0
0
0
0
0
0
0
0
0
0
2.339425e-01
3.470645e-01
5.565003e-01
2.483840e-01
0
0
3.587444e-01
5.931698e-01
3.698172e-01
3.827160e-01
0
1.688934e-01
1.277979e-01
5.923352e-01
0
3.816981e-01
0
0
3.868799e-01
3.240663e-01
0
0
0
0
0
0
0
0
0
0
0
0
0
3.004164e-01
0
2.275486e-01
2.244772e-01
1.541924e-01
3.260666e-01
3.113980e-01
0
0
0
0
7.905030e-02
2.528921e-01
0
4.631651e-01
0
0
5.769309e-01
0
4.030083e-01
2.592461e-02
5.256801e-01
1.779156e-01
0
3.756569e-02
0
5.801521e-01
5.533714e-01
0
1.000092e-01
0
4.736021e-01
3.702491e-01
3.471518e-01
6.112995e-01
0
0
4.500902e-01
3.953659e-01
0
4.159542e-01
3.587013e-02
1.965464e-01
2.733223e-02
6.403464e-01
1.676696e-01
5.568022e-01
4.605106e-01
2.329232e-01
0
0
6.931685e-01
6.307372e-01
3.793596e-01
5.209507e-01
0
1.625198e-01
0
3.731575e-01
7.360896e-01
1
0
0
0
0
0
0
0
0
0
1.691191e-01
0
1.030939e-01
0
0
0
0
0
0
0
0
0
0
0
4.063752e-02
1.174157e-01
2.274208e-01
0
0
1.949562e-01
4.322829e-01
0
1.454193e-01
0
2.839659e-01
1.504682e-01
6.728800e-01
0
1.591516e-01
0
0
4.427657e-01
4.181329e-01
0
0
0
0
0
0
0
0
0
0
3.672701e-03
5.439467e-02
0
2.021435e-01
0
0
1.970114e-01
0
0
0
1.414102e-01
0
1.852390e-01
0
2.806279e-01
6.042358e-01
0
4.353952e-01
0
0
5.624793e-01
0
4.150407e-01
0
5.056060e-01
4.754472e-01
9.950163e-02
1.774705e-01
0
4.057163e-01
5.844595e-01
0
1.251738e-02
0
4.055899e-01
6.379855e-01
0
1.055056e-01
0
0
0
2.545487e-02
0
0
0
0
6.013988e-02
0
0
0
0
9.351361e-02
8.063271e-01
5.296277e-01
1.086816e-01
1.183073e-01
0
5.455184e-02
0
0
0
0
0
0
1
6.958195e-01
0
8.614039e-02
4.125864e-01
4.143557e-01
0
0
1.466321e-01
5.571496e-02
0
0
4.178626e-01
1.848795e-01
4.994833e-01
6.268389e-01
4.116928e-01
4.772821e-01
6.197163e-01
3.371896e-01
4.445819e-01
9.516699e-02
0
0
0
0
2.501097e-01
1.191963e-01
4.801237e-01
1.824142e-01
0
0
0
0
6.031253e-01
1.495658e-01
0
0
0
0
3.778013e-01
6.645421e-02
6.537661e-01
4.215471e-01
6.273934e-01
5.069300e-01
5.703517e-01
4.249499e-01
4.530954e-01
2.867279e-01
5.666313e-01
4.260122e-01
7.006615e-01
3.329996e-01
1.939631e-01
1.168063e-01
0
0
0
0
0
0
0
0
0
5.569093e-03
0
0
0
0
6.601078e-01
5.282887e-01
0
1.274815e-02
1.002204e-01
1.782031e-01
0
0
0
0
0
0
0
4.710358e-01
1.800829e-01
4.067128e-01
0
0
0
4.858451e-02
0
0
0
0
0
0
0
0
9.759231e-02
2.266949e-01
0
0
0
2.755416e-01
7.307174e-01
7.269863e-01
0
2.174374e-02
0
0
0
0
0
0
0
0
6.958195e-01
1
0
1.647497e-01
1.771210e-02
1.474960e-01
0
0
1.303685e-01
1.808779e-01
5.396041e-02
2.149041e-02
4.539232e-01
1.094338e-01
1.595280e-01
3.671640e-01
1.822337e-01
2.789228e-01
3.018071e-01
2.723323e-02
2.118747e-01
0
2.806291e-02
0
0
0
3.190242e-01
1.536004e-01
4.823979e-01
3.341719e-01
0
0
0
0
6.454620e-01
3.315992e-01
0
0
0
0
3.159783e-01
0
4.386918e-01
3.837347e-01
4.878668e-01
4.868900e-01
3.597801e-01
9.922236e-02
3.211363e-01
5.154793e-01
5.380394e-01
5.871281e-01
7.824072e-01
6.017528e-01
6.208141e-01
6.298350e-01
1.783625e-01
0
3.577781e-01
2.966123e-01
0
1.904357e-01
0
0
0
0
0
0
0
0
3.526801e-01
8.740380e-02
0
9.610634e-02
0
1.894050e-03
0
0
8.816234e-02
0
0
0
0
1.625224e-01
0
1.241463e-01
0
0
0
0
7.855746e-01
5.228440e-01
0
3.042259e-01
4.835354e-01
1.590478e-01
4.225444e-01
4.565133e-01
4.876218e-01
0
3.293904e-01
0
3.124672e-01
0
0
0
0
0
0
0
7.575697e-01
5.215065e-01
4.024031e-01
1.858869e-01
0
0
0
0
1.000000e+00
6.800095e-01
3.817740e-02
0
3.368661e-01
3.507778e-01
2.616917e-01
0
8.691860e-02
0
0
0
0
1.510989e-02
7.689174e-02
0
0
0
0
0
0
0
0
0
0
0
0
0
0
0
0
1.756754e-01
0
0
4.297508e-01
1.839448e-01
3.882693e-02
0
0
0
0
1.937619e-01
0
0
0
0
2.432881e-01
9.135341e-02
4.118436e-03
1.503827e-01
0
0
1.966768e-01
0
5.035475e-01
6.580316e-02
0
0
5.411195e-02
0
0
2.933318e-01
2.304115e-01
3.523495e-01
1.515417e-02
3.224490e-03
0
0
0
0
0
4.790971e-01
0
0
0
8.492972e-02
0
3.953832e-02
6.137479e-01
0
0
0
0
0
0
0
0
0
3.866151e-01
4.410124e-01
0
2.023031e-01
2.028571e-01
8.066280e-02
3.070748e-01
2.407805e-01
3.079950e-01
0
2.653856e-01
0
2.059450e-01
1.376491e-01
9.753609e-02
1.602149e-01
0
0
0
0
5.380926e-01
1.733795e-01
9.388885e-02
0
0
0
8.614039e-02
1.647497e-01
6.800095e-01
1
0
0
3.606393e-01
3.077786e-01
6.970243e-02
0
8.684215e-02
0
0
0
1.790485e-01
2.263015e-01
2.676480e-01
1.878876e-01
1.151282e-01
9.912806e-03
0
0
0
0
0
0
0
0
0
0
0
0
1.901273e-01
1.530019e-01
0
0
3.684673e-01
9.196359e-02
2.635841e-01
1.700321e-01
0
0
1.323000e-01
3.338855e-01
0
0
6.255682e-02
0
2.190635e-01
2.489190e-01
8.062883e-02
2.811914e-01
2.605633e-03
0
2.306591e-01
0
4.571615e-01
2.247487e-01
1.033453e-01
0
4.286668e-02
0
9.138239e-03
6.792061e-02
1.077954e-01
2.419961e-01
0
0
0
0
0
0
0
4.734046e-01
0
0
0
0
0
0
1.950159e-01
0
0
0
0
9.754978e-02
0
0
0
1.912027e-02
1.895243e-01
0
2.926246e-01
8.613959e-02
2.760625e-01
0
2.619616e-01
4.035160e-02
0
0
0
0
0
0
9.283672e-02
1.630860e-01
0
0
0
1.072664e-01
9.454910e-02
0
0
0
0
0
4.125864e-01
1.771210e-02
3.817740e-02
0
1
7.992380e-01
3.623758e-01
4.191295e-01
2.387458e-01
1.343173e-02
1.103472e-01
0
2.667969e-01
2.181370e-01
3.179963e-01
2.419092e-01
4.185215e-01
1.559096e-01
3.231012e-01
1.877369e-01
9.050248e-02
0
1.866102e-02
0
0
0
1.740882e-01
3.746037e-02
0
0
0
0
0
0
0
0
2.981292e-01
0
3.189769e-01
4.087520e-02
0
0
1.907536e-01
0
2.158509e-01
2.338465e-01
2.557259e-01
3.437796e-01
3.769721e-01
1.137919e-01
2.740311e-01
7.796462e-02
1.061151e-01
2.360042e-02
0
0
0
0
0
0
0
0
0
1.688141e-01
0
1.391347e-01
1.620404e-01
0
4.885962e-01
0
4.233048e-01
3.119764e-01
0
0
0
0
6.962929e-02
1.466454e-02
0
0
0
0
0
1.687685e-01
1.102976e-01
3.381694e-01
1.281701e-02
0
0
0
0
0
1.829295e-01
0
9.329095e-02
0
0
0
0
0
0
0
0
0
1.553271e-01
2.506320e-01
0
0
0
0
0
0
0
0
0
0
4.143557e-01
1.474960e-01
0
0
7.992380e-01
1
2.983867e-01
3.731714e-01
3.702731e-02
0
1.977364e-01
0
2.316707e-01
1.027584e-01
3.308140e-01
2.945077e-01
4.057098e-01
2.631055e-01
2.896504e-01
2.548015e-01
2.390345e-01
0
3.237584e-01
0
0
0
3.344801e-01
2.355986e-01
0
8.209241e-02
2.457228e-02
0
3.285471e-01
0
2.325592e-01
0
1.557162e-01
0
4.942169e-01
4.218176e-01
0
0
1.018334e-01
0
1.850292e-01
1.385436e-01
3.270878e-01
2.013270e-01
2.839117e-01
1.997785e-01
2.812845e-01
1.578777e-01
1.096607e-01
0
0
0
0
0
0
0
6.726180e-02
1.216424e-02
0
7.287888e-02
0
0
0
0
3.563315e-01
0
4.778639e-01
5.028792e-01
0
0
3.345801e-03
5.356006e-02
1.745905e-01
0
0
0
0
0
0
1.313831e-01
2.500158e-01
5.571980e-01
0
0
0
0
4.996312e-01
3.560959e-01
3.528786e-01
8.593204e-02
3.450027e-01
0
5.827902e-01
3.303905e-01
0
0
1.128464e-02
0
1.661074e-02
0
0
4.925237e-02
0
0
0
0
1.837306e-01
0
2.867699e-01
7.765013e-02
0
0
0
0
3.368661e-01
3.606393e-01
3.623758e-01
2.983867e-01
1
9.195913e-01
2.215615e-01
0
4.714875e-01
0
1.126317e-01
1.330125e-01
1.694736e-02
0
3.561024e-01
0
0
0
0
0
0
0
0
4.035061e-01
0
0
0
0
0
0
2.856925e-01
8.899801e-02
0
0
7.931419e-01
1.297568e-01
6.360227e-01
5.473284e-01
0
0
0
0
0
0
0
0
1.286179e-01
0
1.212022e-01
1.749885e-01
0
0
0
0
3.720302e-01
0
9.565547e-02
5.496903e-02
1.216743e-01
2.774075e-02
2.340980e-01
3.310752e-01
9.416245e-02
2.989337e-01
1.242777e-01
1.567895e-01
2.248375e-01
0
0
0
0
1.541300e-01
0
0
0
1.264347e-01
0
3.619551e-01
0
0
0
0
0
0
0
6.723720e-02
0
0
4.722091e-01
2.417993e-01
2.192064e-01
1.173183e-01
3.346660e-01
0
5.389943e-01
3.304449e-01
0
0
0
0
3.421517e-02
0
0
7.496113e-02
0
0
0
0
2.505543e-01
0
1.754395e-01
3.326068e-02
0
0
0
0
3.507778e-01
3.077786e-01
4.191295e-01
3.731714e-01
9.195913e-01
1
2.787868e-01
0
5.055723e-01
0
2.673260e-01
2.224358e-01
1.775352e-01
0
4.533939e-01
1.092749e-01
0
3.119413e-02
0
0
0
0
0
4.276718e-01
0
0
0
0
0
0
2.090692e-01
9.888007e-02
0
0
7.278365e-01
4.461061e-03
5.088678e-01
4.590504e-01
0
0
0
0
0
0
0
0
3.139026e-01
9.520444e-02
1.523130e-01
2.177815e-01
0
0
0
0
2.817519e-01
0
0
1.192441e-01
1.929723e-02
5.796833e-02
2.526017e-01
3.540567e-01
2.063939e-01
2.467404e-01
7.864771e-02
0
2.694846e-01
0
0
0
0
8.549834e-02
0
0
0
0
0
2.275330e-01
5.805069e-04
0
0
0
0
3.030938e-02
0
0
0
0
3.730107e-01
0
0
0
2.073468e-01
0
0
6.082711e-02
8.900214e-02
0
0
0
0
0
3.157592e-01
3.824250e-01
0
0
0
0
1.733259e-01
0
5.647150e-02
0
0
0
1.466321e-01
1.303685e-01
2.616917e-01
6.970243e-02
2.387458e-01
3.702731e-02
2.215615e-01
2.787868e-01
1.000000e+00
3.999898e-01
5.111896e-01
3.851765e-01
6.736579e-01
3.993274e-01
2.647720e-01
3.505756e-01
3.661685e-01
2.352825e-01
2.732352e-01
1.730233e-01
1.504734e-01
1.084549e-01
1.523874e-01
1.945960e-02
0
1.184124e-01
4.340094e-01
2.822556e-01
8.632228e-04
0
0
0
0
0
0
0
2.770093e-01
0
2.156794e-01
4.812391e-02
0
0
3.674275e-01
1.243335e-01
4.095426e-01
3.420794e-01
2.554942e-01
1.817409e-01
4.939259e-01
3.157683e-01
6.739832e-01
3.760352e-01
8.241844e-02
0
2.796456e-01
8.816811e-02
3.510608e-02
0
0
1.954080e-01
0
1.605822e-02
0
2.382940e-01
0
2.554083e-01
0
0
2.822506e-01
0
2.224866e-01
3.090950e-01
0
4.067309e-01
0
0
0
0
1.884497e-01
0
1.106404e-01
0
0
9.445571e-02
2.664333e-02
0
0
0
0
3.077306e-02
0
0
0
0
0
0
0
0
0
4.919175e-03
0
0
0
0
9.795128e-02
3.484311e-01
0
2.964981e-03
0
0
0
0
0
0
0
1.691191e-01
5.571496e-02
1.808779e-01
0
0
1.343173e-02
0
0
0
3.999898e-01
1
2.280041e-01
6.368972e-01
1.914967e-01
2.650436e-01
1.354334e-01
1.079519e-01
1.421110e-01
2.129317e-01
2.045974e-01
1.658292e-01
2.283732e-01
2.785247e-01
1.987367e-01
3.125986e-01
0
2.392437e-01
3.637669e-01
3.872088e-01
2.860414e-01
1.513502e-01
4.203752e-02
1.792959e-01
0
0
0
0
0
0
0
0
2.400330e-01
2.419469e-01
1.373553e-01
0
0
0
0
0
1.646367e-01
1.380875e-01
3.423244e-01
2.389278e-01
2.811173e-01
3.728107e-01
2.080645e-01
2.628085e-01
0
0
1.158182e-01
2.172287e-01
0
2.585487e-01
0
0
0
0
2.696529e-01
1.381143e-01
3.131626e-01
1.132030e-01
3.497544e-01
1.006248e-01
1.555736e-01
0
0
0
0
1.940189e-01
4.116577e-01
0
0
0
7.110133e-02
3.316379e-01
0
0
0
4.398135e-01
0
0
6.156224e-02
0
1.800361e-01
0
0
0
0
0
0
0
0
0
0
0
1.127549e-01
3.857121e-01
0
0
0
0
0
0
3.995228e-01
2.453453e-01
0
0
0
5.396041e-02
8.691860e-02
8.684215e-02
1.103472e-01
1.977364e-01
4.714875e-01
5.055723e-01
5.111896e-01
2.280041e-01
1
5.010865e-01
5.034841e-01
2.505645e-01
2.519093e-01
2.304873e-01
4.089500e-01
3.155328e-01
7.157477e-02
2.193389e-01
7.965878e-02
2.372649e-01
3.307088e-01
2.653873e-01
1.807913e-01
3.151554e-01
4.219756e-01
4.283704e-01
0
0
1.097531e-01
1.158425e-01
0
0
0
0
3.091861e-01
0
3.629250e-01
4.723762e-01
0
0
0
0
5.781590e-02
8.034585e-03
7.907205e-02
0
5.614635e-01
6.199255e-01
3.787378e-01
2.491602e-01
0
0
3.125138e-01
2.851032e-01
4.418105e-02
5.629313e-02
2.990916e-01
4.762044e-01
2.733054e-01
4.119936e-01
0
0
0
0
0
0
1.412945e-01
0
6.490409e-02
7.364434e-02
0
0
0
0
0
0
9.108830e-02
0
0
0
0
0
0
7.006580e-02
0
0
4.663619e-02
1.777251e-01
0
0
1.531298e-01
0
0
0
0
0
0
0
0
0
0
0
1.579563e-01
2.396276e-01
0
3.495283e-02
1.731563e-02
3.022407e-02
0
0
1.223076e-01
3.715175e-01
2.753237e-01
1.030939e-01
0
2.149041e-02
0
0
0
0
0
0
3.851765e-01
6.368972e-01
5.010865e-01
1
3.828139e-01
4.743890e-01
0
1.482232e-02
0
0
0
8.577705e-02
1.526511e-01
2.627380e-01
3.732485e-01
4.419932e-01
2.582887e-01
2.936010e-01
3.837740e-01
4.474729e-01
5.093802e-01
2.947605e-01
3.170780e-01
2.052948e-01
0
0
0
0
0
0
0
0
2.417003e-01
1.787445e-01
0
0
1.084718e-01
9.268076e-02
5.891294e-02
0
2.388493e-01
2.318076e-01
2.936000e-01
1.108369e-01
1.477850e-01
2.053065e-01
2.373662e-01
2.909213e-01
0
0
4.934938e-02
3.746729e-01
2.458863e-02
3.504303e-01
0
0
0
0
8.145632e-02
0
1.281684e-01
2.249502e-01
2.457556e-01
1.697980e-01
2.827595e-01
0
2.962570e-02
0
0
3.888013e-02
5.243401e-01
0
1.088755e-02
1.856761e-01
1.103158e-01
8.749231e-02
0
0
1.537410e-01
1.735626e-01
0
0
0
0
0
0
0
0
3.526987e-02
0
0
0
0
0
0
1.506448e-01
6.130919e-01
5.757065e-01
0
0
0
0
2.607337e-01
0
0
0
0
0
4.178626e-01
4.539232e-01
0
0
2.667969e-01
2.316707e-01
1.126317e-01
2.673260e-01
6.736579e-01
1.914967e-01
5.034841e-01
3.828139e-01
1
6.491550e-01
2.832074e-01
4.137157e-01
4.027634e-01
3.175176e-01
3.263539e-01
1.603597e-01
1.482365e-01
6.016680e-02
0
0
0
0
3.271815e-01
1.881202e-01
1.903912e-01
0
0
0
0
0
0
0
2.234853e-01
0
1.406382e-01
1.023393e-01
0
0
3.375427e-01
3.173490e-01
6.261595e-01
6.274481e-01
4.396521e-01
2.902039e-01
4.948287e-01
3.680648e-01
7.224427e-01
5.285648e-01
4.120063e-01
2.020237e-01
4.517845e-01
2.770019e-01
6.541311e-03
0
0
3.402513e-01
0
0
0
0
0
1.867757e-03
0
0
0
0
3.813409e-01
4.367906e-01
0
1.651416e-01
0
0
0
0
4.283714e-01
0
0
0
0
0
0
1.098114e-01
0
0
0
0
0
0
9.123710e-02
0
0
0
2.094504e-01
0
0
0
0
0
0
1.548292e-03
3.912623e-01
3.968510e-01
0
0
4.111212e-02
1.645025e-01
0
0
0
0
0
0
1.848795e-01
1.094338e-01
0
0
2.181370e-01
1.027584e-01
1.330125e-01
2.224358e-01
3.993274e-01
2.650436e-01
2.505645e-01
4.743890e-01
6.491550e-01
1
6.770869e-02
4.354754e-02
1.595729e-01
7.929296e-02
7.751305e-02
2.082571e-02
0
0
2.620360e-02
0
0
1.289060e-01
8.779499e-02
0
2.056792e-01
3.841652e-02
2.366539e-02
0
0
0
0
0
2.666877e-01
0
1.587642e-01
1.367926e-02
1.252925e-01
1.686562e-01
2.272306e-01
0
3.980687e-01
5.492555e-01
2.116046e-01
2.562342e-01
1.590219e-01
0
5.217338e-01
2.622828e-01
2.332162e-01
2.597550e-01
7.082574e-02
1.509484e-01
0
0
0
4.694183e-01
0
0
0
8.821220e-03
0
1.948202e-02
0
0
1.643486e-01
6.183013e-02
2.938795e-01
3.496400e-01
0
6.278233e-02
8.113751e-02
0
0
0
5.789074e-01
2.589290e-01
0
0
0
0
0
6.820336e-02
4.544359e-02
8.770397e-02
0
0
0
0
0
0
0
0
0
0
0
0
0
0
0
0
4.708676e-01
3.601977e-01
0
0
0
0
0
0
0
0
0
0
4.994833e-01
1.595280e-01
0
1.790485e-01
3.179963e-01
3.308140e-01
1.694736e-02
1.775352e-01
2.647720e-01
1.354334e-01
2.519093e-01
0
2.832074e-01
6.770869e-02
1
9.176778e-01
8.685851e-01
9.469294e-01
8.994524e-01
9.245939e-01
7.828057e-01
6.704576e-01
5.806574e-02
0
0
0
5.788484e-01
5.596276e-01
0
0
0
0
8.320914e-03
0
8.918114e-02
0
0
0
1.518667e-01
7.400167e-02
0
0
2.086812e-01
6.389234e-02
1.535823e-01
0
2.122445e-01
7.877850e-02
6.703936e-01
4.597491e-01
4.635648e-01
3.496771e-01
2.876272e-01
1.130340e-01
9.718421e-02
0
0
0
0
0
0
0
0
0
0
7.617454e-02
0
0
4.306542e-01
0
6.719662e-01
5.850057e-01
0
0
5.876655e-02
0
0
0
0
0
0
0
0
5.205871e-01
2.144883e-01
5.134088e-01
0
0
0
0
0
0
0
0
0
0
0
0
0
0
0
0
0
0
6.637911e-01
4.717542e-01
0
0
0
0
0
0
0
0
0
0
6.268389e-01
3.671640e-01
1.510989e-02
2.263015e-01
2.419092e-01
2.945077e-01
0
0
3.505756e-01
1.079519e-01
2.304873e-01
1.482232e-02
4.137157e-01
4.354754e-02
9.176778e-01
1
7.327305e-01
8.963350e-01
9.317375e-01
8.711151e-01
8.357066e-01
6.603405e-01
1.470038e-01
0
0
0
6.862501e-01
6.333896e-01
2.212482e-01
0
0
0
0
0
2.616482e-01
0
0
0
1.049555e-01
4.556829e-02
4.841361e-02
0
3.088461e-01
2.437382e-01
3.897550e-01
1.405160e-01
4.106306e-01
1.931186e-01
6.549970e-01
5.343425e-01
5.875414e-01
4.543954e-01
4.533805e-01
1.759424e-01
2.118114e-01
0
0
0
0
0
0
0
0
0
0
1.621305e-02
0
0
3.262850e-01
0
7.389530e-01
6.564812e-01
0
0
1.926771e-02
9.002055e-02
0
0
0
0
0
0
0
5.791465e-01
2.509675e-01
5.714346e-01
0
0
0
0
0
0
0
0
0
0
6.047346e-02
0
0
0
0
0
0
0
4.133396e-01
5.227809e-01
0
0
0
0
0
0
0
0
0
0
4.116928e-01
1.822337e-01
7.689174e-02
2.676480e-01
4.185215e-01
4.057098e-01
3.561024e-01
4.533939e-01
3.661685e-01
1.421110e-01
4.089500e-01
0
4.027634e-01
1.595729e-01
8.685851e-01
7.327305e-01
1
8.712184e-01
7.061017e-01
6.942801e-01
4.759667e-01
4.298525e-01
0
0
0
0
4.085425e-01
2.953012e-01
0
0
0
0
1.048069e-01
0
0
0
2.789632e-01
0
4.386876e-01
3.344864e-01
0
0
2.207450e-01
0
9.916479e-02
8.337970e-02
1.687545e-01
1.319347e-01
6.673930e-01
4.343651e-01
5.642799e-01
5.115481e-01
2.462436e-01
1.134788e-01
1.691521e-01
0
9.917117e-03
0
3.405471e-02
8.767291e-03
0
0
0
3.730490e-02
0
9.737419e-02
0
0
3.234976e-01
0
5.241524e-01
4.578898e-01
0
0
0
0
0
0
0
0
0
0
0
3.284019e-01
0
3.614718e-01
0
0
0
0
0
0
0
0
0
0
0
0
0
0
0
0
0
0
5.377974e-01
4.879572e-01
0
0
0
0
0
0
0
0
0
0
4.772821e-01
2.789228e-01
0
1.878876e-01
1.559096e-01
2.631055e-01
0
1.092749e-01
2.352825e-01
2.129317e-01
3.155328e-01
0
3.175176e-01
7.929296e-02
9.469294e-01
8.963350e-01
8.712184e-01
1.000000e+00
8.419249e-01
8.704083e-01
7.583761e-01
7.422909e-01
8.780650e-02
0
0
0
5.589244e-01
5.499158e-01
3.939640e-02
0
0
2.735060e-03
7.684808e-02
0
1.374542e-01
0
0
0
2.369570e-01
2.401426e-01
0
0
2.361149e-01
8.396828e-02
1.787529e-01
9.321861e-03
2.060284e-01
8.335892e-02
6.354175e-01
4.847546e-01
5.252843e-01
4.517016e-01
3.415809e-01
1.861285e-01
2.062035e-01
0
0
0
3.727061e-02
4.062799e-04
0
0
0
0
0
0
0
0
2.863122e-01
0
6.474338e-01
5.773722e-01
0
0
7.027232e-02
7.340904e-02
0
0
7.555046e-02
0
0
0
0
4.742813e-01
7.240588e-02
4.321751e-01
0
0
0
0
0
0
0
0
0
0
0
0
0
0
0
0
0
0
5.395817e-01
3.754010e-01
0
0
0
0
0
0
0
0
0
0
6.197163e-01
3.018071e-01
0
1.151282e-01
3.231012e-01
2.896504e-01
0
0
2.732352e-01
2.045974e-01
7.157477e-02
0
3.263539e-01
7.751305e-02
8.994524e-01
9.317375e-01
7.061017e-01
8.419249e-01
1
8.956962e-01
8.393507e-01
6.350124e-01
3.677022e-02
0
0
0
6.631164e-01
5.864480e-01
2.084699e-01
0
0
0
0
0
2.506055e-01
0
0
0
2.889626e-02
0
1.498067e-01
0
2.775663e-01
2.039723e-01
3.499720e-01
1.474932e-01
3.295132e-01
2.704198e-01
5.257734e-01
3.709830e-01
4.919761e-01
3.357708e-01
4.711140e-01
3.340327e-01
1.161761e-01
0
0
0
0
0
0
0
0
0
0
2.543885e-02
0
0
5.039169e-01
0
8.461560e-01
6.101609e-01
0
0
7.243266e-02
1.305711e-02
0
0
0
0
0
0
0
6.085274e-01
2.041925e-01
5.373495e-01
0
0
0
0
0
0
0
0
0
0
0
0
0
0
0
0
0
0
3.386000e-01
2.205818e-01
0
0
0
0
0
0
0
0
0
0
3.371896e-01
2.723323e-02
0
9.912806e-03
1.877369e-01
2.548015e-01
0
3.119413e-02
1.730233e-01
1.658292e-01
2.193389e-01
8.577705e-02
1.603597e-01
2.082571e-02
9.245939e-01
8.711151e-01
6.942801e-01
8.704083e-01
8.956962e-01
1.000000e+00
8.855139e-01
7.962946e-01
2.200777e-01
1.080412e-01
0
0
6.943144e-01
7.262086e-01
5.292655e-02
0
8.087447e-02
4.820598e-02
2.286364e-02
0
6.405022e-02
0
0
0
5.373952e-02
3.203392e-02
0
0
8.691465e-02
5.213495e-02
1.148818e-01
0
2.242022e-01
9.493382e-02
5.218151e-01
3.939824e-01
3.063575e-01
1.804784e-01
1.968099e-01
1.187847e-01
0
0
0
0
0
0
0
0
9.777426e-03
0
0
0
0
0
5.549474e-01
0
7.284510e-01
6.202045e-01
8.444739e-03
0
2.074682e-01
5.125167e-02
0
0
0
0
0
0
0
5.311296e-01
3.016496e-01
5.658396e-01
0
0
0
0
0
0
0
0
0
0
0
0
0
0
0
0
0
0
4.312405e-01
1.957249e-01
0
0
0
0
0
0
0
0
0
0
4.445819e-01
2.118747e-01
0
0
9.050248e-02
2.390345e-01
0
0
1.504734e-01
2.283732e-01
7.965878e-02
1.526511e-01
1.482365e-01
0
7.828057e-01
8.357066e-01
4.759667e-01
7.583761e-01
8.393507e-01
8.855139e-01
1
8.174814e-01
3.968070e-01
1.799161e-01
5.204295e-02
0
7.665928e-01
7.314954e-01
3.153114e-01
0
1.914183e-01
2.677536e-02
0
0
2.847774e-01
0
0
0
0
0
2.416929e-01
6.408699e-02
1.556521e-01
1.069907e-01
2.825675e-01
0
2.998963e-01
1.213385e-01
4.074508e-01
4.214878e-01
2.936973e-01
1.088356e-01
2.775908e-01
1.392492e-01
2.513569e-02
3.599430e-02
0
0
0
0
0
2.488996e-02
0
0
0
0
0
0
3.929779e-01
0
7.413233e-01
6.498313e-01
9.705077e-02
0
3.924289e-01
2.302318e-01
0
0
0
0
0
0
0
6.113493e-01
4.532897e-01
5.240064e-01
0
0
0
0
0
0
0
0
0
0
0
0
0
0
0
0
0
0
2.591595e-01
6.668560e-02
0
0
0
0
0
0
0
0
0
0
9.516699e-02
0
0
0
0
0
0
0
1.084549e-01
2.785247e-01
2.372649e-01
2.627380e-01
6.016680e-02
0
6.704576e-01
6.603405e-01
4.298525e-01
7.422909e-01
6.350124e-01
7.962946e-01
8.174814e-01
1
2.597712e-01
3.784299e-01
3.805872e-02
0
5.144174e-01
6.175841e-01
2.043774e-01
0
2.821121e-01
2.851201e-01
0
0
0
0
0
0
0
1.240677e-04
8.994015e-02
3.455410e-02
4.261881e-02
1.150017e-01
1.117033e-01
0
8.415519e-02
2.940126e-02
3.742101e-01
3.375080e-01
1.685679e-01
1.458958e-02
4.594274e-02
4.437817e-02
1.407443e-01
0
0
4.582728e-02
0
0
0
0
0
0
0
0
0
0
2.095253e-01
0
4.674487e-01
4.562413e-01
2.144489e-01
0
3.241422e-01
1.003048e-01
0
0
1.640382e-01
0
0
0
0
4.387567e-01
1.788376e-01
2.187490e-01
0
0
1.472643e-01
0
0
0
3.669077e-02
0
0
0
0
0
0
0
0
0
0
0
2.432293e-02
1.635520e-01
0
0
3.932724e-01
9.202917e-02
0
0
1.537363e-01
1.896300e-01
2.339425e-01
0
0
2.806291e-02
0
0
1.866102e-02
3.237584e-01
0
0
1.523874e-01
1.987367e-01
3.307088e-01
3.732485e-01
0
2.620360e-02
5.806574e-02
1.470038e-01
0
8.780650e-02
3.677022e-02
2.200777e-01
3.968070e-01
2.597712e-01
1
6.521911e-01
7.905288e-01
4.128249e-01
6.474439e-01
6.366143e-01
1.770592e-01
2.179712e-01
7.156444e-01
4.213205e-01
4.687697e-02
0
7.126820e-02
0
0
8.705140e-02
2.223851e-01
3.192339e-01
0
1.121837e-02
0
0
9.239614e-02
0
2.450441e-01
0
3.839974e-02
3.246668e-01
7.778064e-02
0
0
0
0
2.893651e-01
0
1.478965e-02
1.398335e-01
3.090474e-01
4.802450e-01
6.565845e-01
0
0
0
0
0
0
3.522998e-01
0
1.558687e-01
3.098483e-01
2.503859e-01
0
1.571483e-01
3.207592e-01
1.492518e-01
0
0
0
0
2.170282e-01
0
6.103187e-03
3.654535e-01
3.271636e-01
1.000036e-01
0
2.676971e-01
1.680776e-02
0
6.788717e-02
9.009016e-03
0
0
7.781003e-02
0
0
0
2.349947e-01
0
9.017763e-02
0
0
0
0
0
0
2.066823e-01
3.121883e-02
0
0
3.548778e-01
3.605730e-01
3.470645e-01
4.063752e-02
0
0
0
0
0
0
0
0
1.945960e-02
3.125986e-01
2.653873e-01
4.419932e-01
0
0
0
0
0
0
0
1.080412e-01
1.799161e-01
3.784299e-01
6.521911e-01
1
7.579251e-01
6.026959e-01
3.391696e-01
5.177747e-01
0
1.261988e-02
5.797172e-01
7.061977e-01
0
5.210982e-03
0
0
0
3.371739e-01
0
7.157141e-02
0
1.216564e-01
0
0
0
0
0
0
0
1.185954e-01
0
0
0
0
0
1.546228e-01
0
4.054959e-01
1.427503e-01
2.291936e-01
4.389525e-01
6.846591e-01
6.413840e-02
0
0
0
1.981717e-01
0
2.555264e-01
1.457834e-01
0
0
4.956565e-01
0
1.286878e-01
2.463633e-03
1.828857e-01
5.506151e-02
2.109104e-03
8.054815e-02
1.883552e-02
4.121929e-01
1.968027e-01
0
1.296043e-01
0
2.325929e-01
1.838239e-01
2.385569e-01
2.067957e-01
0
4.630704e-02
2.409764e-01
0
0
0
0
0
0
2.818556e-01
0
6.432872e-02
0
0
0
0
0
3.474785e-02
5.146271e-01
2.642051e-01
0
0
4.051884e-01
3.982362e-01
5.565003e-01
1.174157e-01
0
0
0
0
0
0
0
0
0
0
1.807913e-01
2.582887e-01
0
0
0
0
0
0
0
0
5.204295e-02
3.805872e-02
7.905288e-01
7.579251e-01
1
5.690419e-01
2.977884e-01
3.914871e-01
3.757236e-02
2.774953e-01
5.985574e-01
5.688885e-01
0
0
0
0
0
4.318970e-01
0
5.917007e-02
0
2.454131e-02
0
0
0
0
0
0
0
2.296266e-01
0
0
0
0
0
4.117761e-01
0
2.544838e-01
2.814133e-01
4.421348e-01
6.083312e-01
7.588980e-01
0
0
0
0
0
0
1.569124e-01
5.586106e-02
0
0
3.583475e-01
0
1.103357e-01
9.663875e-02
3.361302e-01
0
0
1.370948e-01
9.675001e-02
5.428232e-01
2.547459e-01
0
1.557167e-01
1.148646e-01
2.541698e-01
1.691960e-02
0
0
2.124633e-01
1.373712e-01
3.903713e-01
0
1.232119e-01
3.964689e-02
1.049138e-02
9.469376e-02
0
4.877264e-03
2.984672e-02
0
0
0
0
0
0
0
2.319351e-01
2.293815e-01
0
0
3.435754e-01
4.277505e-01
2.483840e-01
2.274208e-01
0
0
0
0
0
0
4.035061e-01
4.276718e-01
1.184124e-01
2.392437e-01
3.151554e-01
2.936010e-01
0
1.289060e-01
0
0
0
0
0
0
0
0
4.128249e-01
6.026959e-01
5.690419e-01
1
0
1.280501e-01
0
0
2.940440e-01
5.044137e-01
3.853660e-02
1.559406e-01
0
0
1.557584e-01
3.038590e-01
6.913139e-02
2.303579e-01
0
0
0
0
0
0
0
0
0
3.023582e-03
0
0
0
0
0
8.468036e-02
0
0
1.643038e-01
2.318732e-01
2.904391e-01
5.298626e-01
3.461808e-01
2.675160e-01
0
0
1.629063e-01
0
9.837302e-02
0
0
0
5.019381e-01
1.700313e-02
0
0
2.846575e-01
1.127376e-01
5.448365e-02
4.005846e-01
0
1.121709e-01
0
0
5.503451e-03
0
1.318296e-01
2.826095e-01
0
0
0
0
0
0
0
0
0
0
0
0
0
0
0
0
3.788267e-01
4.680065e-01
0
0
0
0
0
0
0
0
0
0
2.501097e-01
3.190242e-01
0
0
1.740882e-01
3.344801e-01
0
0
4.340094e-01
3.637669e-01
4.219756e-01
3.837740e-01
3.271815e-01
8.779499e-02
5.788484e-01
6.862501e-01
4.085425e-01
5.589244e-01
6.631164e-01
6.943144e-01
7.665928e-01
5.144174e-01
6.474439e-01
3.391696e-01
2.977884e-01
0
1.000000e+00
8.652085e-01
2.506361e-01
4.712066e-02
2.371936e-01
3.824786e-02
0
0
1.904840e-01
0
0
0
1.324600e-01
1.306975e-01
6.368822e-02
0
5.001637e-02
0
2.251932e-01
4.274168e-02
2.877073e-01
0
4.212705e-01
5.767157e-01
4.839183e-01
3.407855e-01
3.137622e-01
2.659857e-01
1.246638e-01
2.750055e-01
0
0
0
3.181155e-01
1.001081e-01
4.383155e-01
0
0
0
0
0
0
5.877152e-01
0
6.575668e-01
4.868236e-01
0
0
5.205879e-03
4.192221e-02
0
0
0
0
0
7.667246e-03
0
4.039591e-01
2.336756e-01
5.022372e-01
0
0
0
0
0
0
0
0
0
0
0
0
0
0
0
0
0
0
2.116753e-01
2.782801e-01
0
0
9.832438e-03
0
0
0
0
0
0
0
1.191963e-01
1.536004e-01
0
0
3.746037e-02
2.355986e-01
0
0
2.822556e-01
3.872088e-01
4.283704e-01
4.474729e-01
1.881202e-01
0
5.596276e-01
6.333896e-01
2.953012e-01
5.499158e-01
5.864480e-01
7.262086e-01
7.314954e-01
6.175841e-01
6.366143e-01
5.177747e-01
3.914871e-01
1.280501e-01
8.652085e-01
1
1.729299e-01
1.170094e-02
3.567700e-01
3.424765e-01
0
0
7.537779e-02
0
0
0
0
1.174797e-01
0
0
4.719515e-02
5.699825e-02
7.203863e-02
0
2.176137e-01
0
4.602023e-01
5.783162e-01
2.678426e-01
1.988010e-01
1.774757e-01
1.182416e-01
3.946417e-02
1.774231e-01
0
7.121094e-02
0
2.119662e-01
5.853887e-02
5.601992e-01
0
0
0
0
0
0
5.439833e-01
0
5.407080e-01
4.415092e-01
1.063709e-01
0
1.680888e-02
0
0
0
0
0
0
0
0
3.355214e-01
2.277719e-01
3.676906e-01
0
0
3.877402e-01
5.754597e-01
0
0
0
0
0
0
0
0
0
2.811017e-01
0
7.023508e-02
0
0
6.025004e-01
3.564032e-01
4.005785e-01
4.458014e-01
1.922585e-01
1.880489e-01
0
0
0
0
3.587444e-01
1.949562e-01
4.801237e-01
4.823979e-01
0
0
0
0
0
0
8.632228e-04
2.860414e-01
0
5.093802e-01
1.903912e-01
2.056792e-01
0
2.212482e-01
0
3.939640e-02
2.084699e-01
5.292655e-02
3.153114e-01
2.043774e-01
1.770592e-01
0
3.757236e-02
0
2.506361e-01
1.729299e-01
1
6.743053e-01
2.480649e-01
0
0
0
4.552276e-01
4.265765e-01
0
0
0
0
7.442221e-01
3.912083e-01
3.165492e-01
2.308175e-01
5.162693e-01
4.681560e-01
4.254112e-01
3.054158e-01
8.998621e-02
1.506119e-01
3.110698e-01
1.391733e-01
5.503117e-01
4.356838e-01
2.323447e-01
3.089497e-01
0
0
9.852114e-02
8.036227e-02
0
0
0
0
0
0
0
0
0
2.927318e-01
4.678613e-01
2.643880e-01
0
0
2.265419e-01
1.898856e-01
0
0
3.017998e-01
0
4.353079e-02
1.484604e-01
2.506361e-01
4.181902e-01
1.101278e-01
9.006785e-02
7.443036e-02
0
4.116400e-01
6.590041e-01
0
0
1.421254e-01
0
0
0
0
0
0
4.971235e-01
0
2.197809e-01
0
3.854295e-03
1.607916e-01
2.119828e-01
4.267393e-01
4.169286e-01
2.069357e-01
1.338625e-01
0
0
0
2.240508e-02
5.931698e-01
4.322829e-01
1.824142e-01
3.341719e-01
0
0
0
8.209241e-02
0
0
0
1.513502e-01
0
2.947605e-01
0
3.841652e-02
0
0
0
0
0
0
0
0
2.179712e-01
1.261988e-02
2.774953e-01
0
4.712066e-02
1.170094e-02
6.743053e-01
1
3.399017e-01
2.301558e-01
9.249745e-03
0
6.114904e-01
5.730729e-01
0
4.023176e-02
0
0
5.692675e-01
2.503911e-01
6.400251e-03
0
3.630320e-02
1.863103e-01
1.836942e-01
6.669595e-02
0
0
0
4.019989e-03
3.895967e-01
4.405236e-01
0
2.699235e-01
1.717294e-02
0
3.574800e-01
1.354171e-01
2.734204e-01
2.470453e-01
0
0
0
0
7.699981e-02
1.713334e-01
0
2.493740e-01
1.959551e-01
0
2.370051e-01
0
3.242865e-01
2.331760e-01
3.322983e-01
1.619944e-01
1.300315e-01
0
0
4.430394e-01
5.592413e-01
1.048410e-01
0
2.556045e-02
2.374783e-01
2.702285e-01
3.750712e-01
0
0
0
3.251242e-02
0
0
0
0
0
0
1.203639e-01
0
0
0
0
0
0
0
0
4.441283e-01
1.678472e-02
0
0
1.433702e-01
2.338014e-01
3.698172e-01
0
0
0
0
0
0
2.457228e-02
0
0
0
4.203752e-02
1.097531e-01
3.170780e-01
0
2.366539e-02
0
0
0
0
0
8.087447e-02
1.914183e-01
2.821121e-01
7.156444e-01
5.797172e-01
5.985574e-01
2.940440e-01
2.371936e-01
3.567700e-01
2.480649e-01
3.399017e-01
1
7.228001e-01
4.431418e-01
0
9.190794e-02
0
0
1.461202e-01
2.438750e-01
4.584446e-01
9.188966e-02
1.102280e-01
0
0
0
0
8.371663e-02
0
0
0
0
0
0
0
0
0
0
6.679273e-02
1.627178e-01
3.751739e-02
4.727861e-01
4.073332e-01
0
0
0
0
0
0
5.601471e-02
2.276972e-01
2.575411e-02
2.819941e-01
5.053805e-01
0
4.168197e-01
5.870760e-01
3.661422e-01
0
2.457867e-01
1.860400e-01
0
1.945162e-01
1.247430e-01
0
3.725506e-01
2.138660e-01
2.464125e-01
7.221535e-02
1.995174e-01
0
0
3.797174e-02
1.307053e-02
0
0
4.883778e-02
0
0
0
3.378743e-01
0
1.155558e-01
0
0
0
0
0
0
2.241513e-01
0
0
0
7.609899e-02
1.133804e-01
3.827160e-01
1.454193e-01
0
0
0
0
0
0
0
0
0
1.792959e-01
1.158425e-01
2.052948e-01
0
0
0
0
0
2.735060e-03
0
4.820598e-02
2.677536e-02
2.851201e-01
4.213205e-01
7.061977e-01
5.688885e-01
5.044137e-01
3.824786e-02
3.424765e-01
0
2.301558e-01
7.228001e-01
1
3.395608e-01
6.199260e-02
0
0
0
2.286093e-01
2.583302e-02
3.858102e-01
0
0
0
0
0
0
0
0
0
0
0
0
0
0
0
1.968835e-02
0
3.335705e-01
4.185496e-01
6.559730e-02
4.206022e-01
5.782216e-01
2.344073e-01
0
0
0
1.120440e-01
7.157435e-02
2.524143e-02
9.990173e-02
0
0
6.281983e-01
0
2.702404e-01
1.752470e-01
3.518767e-01
0
1.930543e-01
1.146516e-01
0
2.340194e-01
1.802534e-01
0
0
0
1.023054e-01
2.227631e-01
8.111440e-02
0
5.281190e-02
2.638088e-02
3.762757e-02
0
3.041303e-01
0
1.444251e-01
0
0
0
3.865634e-01
0
9.247932e-03
0
0
0
0
0
0
0
0
0
0
0
0
0
0
0
0
1.901273e-01
0
3.285471e-01
2.856925e-01
2.090692e-01
0
0
0
0
0
0
8.320914e-03
0
1.048069e-01
7.684808e-02
0
2.286364e-02
0
0
4.687697e-02
0
0
3.853660e-02
0
0
0
9.249745e-03
4.431418e-01
3.395608e-01
1.000000e+00
0
8.548894e-02
0
2.914097e-01
2.438271e-01
6.001054e-01
6.770906e-01
0
0
0
0
0
0
8.483944e-02
1.214340e-01
0
0
0
0
0
0
0
0
1.547143e-01
0
1.162467e-01
0
3.114122e-01
0
3.740977e-01
4.159436e-01
1.295840e-01
1.848045e-01
0
0
0
0
0
2.993517e-01
1.891671e-01
5.874609e-02
1.801348e-01
5.321863e-01
3.393139e-01
0
1.175931e-02
2.570076e-01
0
0
0
0
2.372409e-01
3.928779e-01
0
0
0
8.333695e-02
1.536802e-01
4.911574e-01
6.740779e-02
6.384599e-01
2.098064e-01
8.261755e-01
4.200025e-01
7.012453e-01
0
2.119871e-01
5.169805e-01
4.751759e-01
5.510674e-01
4.551789e-01
0
0
2.637745e-01
2.195265e-01
0
2.082059e-01
2.855151e-01
4.475466e-01
2.716184e-01
1.051796e-01
1.688934e-01
2.839659e-01
0
0
1.756754e-01
1.530019e-01
0
0
8.899801e-02
9.888007e-02
0
0
0
0
0
0
0
0
0
0
0
0
0
0
0
5.210982e-03
0
1.559406e-01
0
0
0
0
0
6.199260e-02
0
1
0
1.446070e-01
2.111077e-01
5.142534e-01
0
0
0
5.827256e-02
0
2.708239e-01
0
0
0
1.695075e-02
0
0
0
0
0
0
0
0
0
3.015602e-01
2.273801e-02
4.296225e-02
0
0
5.491094e-01
1.870903e-01
4.885950e-01
2.864278e-02
0
3.416924e-01
0
0
0
0
1.434391e-01
0
0
0
8.751186e-02
0
0
1.097168e-01
4.988890e-02
0
0
0
0
0
0
1.231933e-01
1.633415e-01
2.320680e-01
0
0
0
8.453572e-04
0
0
0
0
2.183826e-01
4.718291e-01
0
2.419105e-01
6.169964e-02
2.803225e-01
4.921588e-01
3.783892e-01
2.053085e-01
1.675466e-01
1.361201e-01
0
0
0
0
0
1.277979e-01
1.504682e-01
6.031253e-01
6.454620e-01
0
0
0
2.325592e-01
0
0
0
0
0
0
0
0
8.918114e-02
2.616482e-01
0
1.374542e-01
2.506055e-01
6.405022e-02
2.847774e-01
0
7.126820e-02
0
0
0
1.904840e-01
7.537779e-02
4.552276e-01
6.114904e-01
9.190794e-02
0
8.548894e-02
0
1.000000e+00
5.583107e-01
0
0
0
0
5.270443e-01
1.109543e-01
8.348831e-02
6.477700e-02
1.439448e-01
1.916941e-01
1.905447e-01
2.653765e-02
0
7.021689e-02
1.448150e-01
3.623933e-01
6.693849e-01
4.248708e-01
1.074504e-01
2.830848e-01
3.666282e-02
0
2.040969e-01
0
3.770643e-02
8.200013e-02
0
0
4.431433e-02
0
0
0
0
0
3.503967e-01
2.112928e-01
0
2.491852e-02
3.419505e-01
4.631222e-01
0
0
0
0
0
0
2.315613e-01
3.593738e-01
2.048620e-01
2.680737e-01
0
0
4.718972e-01
5.733413e-01
0
0
9.670188e-02
3.279742e-01
0
3.457922e-01
0
0
2.276287e-01
7.832583e-01
1.545297e-01
6.670014e-01
4.015184e-01
3.716742e-01
2.181924e-02
0
7.355904e-01
6.337220e-01
2.833199e-01
2.910398e-01
0
2.753399e-01
0
1.611497e-01
5.923352e-01
6.728800e-01
1.495658e-01
3.315992e-01
0
0
0
0
0
0
0
0
0
0
0
0
0
0
0
0
0
0
0
0
0
0
0
0
0
0
4.265765e-01
5.730729e-01
0
0
0
1.446070e-01
5.583107e-01
1
0
1.262381e-01
0
0
5.691460e-01
3.038713e-01
0
1.564323e-01
3.977128e-02
1.036446e-01
0
2.759799e-02
0
0
0
0
2.436022e-01
1.475793e-01
1.784085e-01
2.872249e-01
0
2.655242e-01
2.765770e-01
0
8.524218e-02
4.465984e-03
0
0
1.774530e-01
0
0
2.757882e-01
0
1.669091e-01
0
0
1.941236e-01
0
3.161089e-01
1.359516e-01
9.273833e-02
1.733517e-01
1.837920e-02
0
0
2.103714e-01
3.911859e-01
6.107691e-02
0
0
1.069721e-01
2.307093e-01
0
0
5.908745e-01
3.928768e-01
2.979807e-01
1.720894e-01
4.490190e-01
0
5.998885e-01
3.422528e-01
8.382215e-02
0
2.139941e-01
0
1.445542e-01
0
0
1.473930e-01
0
0
0
0
4.701288e-01
2.881916e-01
3.809420e-01
4.432881e-02
0
0
0
0
4.297508e-01
3.684673e-01
2.981292e-01
1.557162e-01
7.931419e-01
7.278365e-01
2.770093e-01
0
3.091861e-01
0
2.234853e-01
2.666877e-01
0
0
2.789632e-01
0
0
0
0
0
0
0
0
1.557584e-01
0
0
0
0
0
0
2.914097e-01
2.111077e-01
0
0
1
2.661478e-01
6.369062e-01
4.336727e-01
0
0
0
0
0
2.400756e-01
0
1.482197e-01
3.728304e-02
0
1.686169e-01
1.859372e-01
0
0
0
0
6.323561e-01
0
1.057877e-02
6.084272e-02
1.048666e-01
0
9.083619e-02
4.218898e-01
1.486414e-01
3.182973e-01
0
1.135799e-01
0
0
0
0
0
4.547247e-01
0
0
0
1.061962e-01
0
3.239207e-01
2.457612e-01
0
0
0
0
0
0
0
3.848095e-01
1.986200e-01
2.544856e-01
5.843915e-01
4.060421e-01
1.630730e-01
2.954397e-01
2.990776e-01
3.369336e-02
2.368028e-01
1.239148e-01
2.067063e-01
5.364339e-01
2.421946e-01
2.271158e-01
0
0
0
2.695843e-01
1.786117e-01
1.050622e-01
9.784120e-02
1.175056e-01
3.373065e-01
7.287084e-01
4.616895e-01
3.816981e-01
1.591516e-01
0
0
1.839448e-01
9.196359e-02
0
0
1.297568e-01
4.461061e-03
0
0
0
0
0
0
0
0
0
0
0
0
0
0
8.705140e-02
3.371739e-01
4.318970e-01
3.038590e-01
0
0
0
4.023176e-02
1.461202e-01
2.286093e-01
2.438271e-01
5.142534e-01
0
1.262381e-01
2.661478e-01
1
4.306993e-02
6.983147e-02
0
0
0
0
0
0
0
0
0
0
0
0
0
0
0
0
2.668863e-01
4.956195e-01
2.716599e-01
0
6.553065e-01
2.046610e-01
1.841531e-01
1.842272e-01
6.832433e-02
0
3.281687e-02
1.666342e-01
0
5.647719e-02
0
0
1.024153e-01
1.027876e-01
0
0
3.477703e-01
2.214861e-01
0
2.361907e-01
2.309950e-01
4.277067e-01
1.911609e-01
0
0
0
2.795618e-01
1.247155e-01
0
0
2.676670e-01
3.486201e-02
1.116893e-01
0
2.735329e-01
0
1.445988e-01
0
0
0
0
0
0
0
1.739273e-02
3.298124e-01
0
0
0
0
0
0
1.339615e-01
0
0
0
0
0
3.882693e-02
2.635841e-01
3.189769e-01
4.942169e-01
6.360227e-01
5.088678e-01
2.156794e-01
0
3.629250e-01
0
1.406382e-01
1.587642e-01
1.518667e-01
1.049555e-01
4.386876e-01
2.369570e-01
2.889626e-02
5.373952e-02
0
0
2.223851e-01
0
0
6.913139e-02
1.324600e-01
0
0
0
2.438750e-01
2.583302e-02
6.001054e-01
0
0
0
6.369062e-01
4.306993e-02
1
8.578832e-01
0
0
0
0
0
1.869136e-01
5.610570e-02
1.450991e-01
1.109112e-02
0
3.799112e-01
3.249419e-01
0
0
0
0
3.676613e-01
0
9.871779e-02
0
2.883320e-01
0
0
2.631621e-01
0
2.524149e-01
0
0
2.576106e-01
0
9.243983e-02
2.741081e-01
0
3.064542e-01
0
2.590854e-01
1.370072e-03
0
0
2.748742e-01
0
0
0
0
0
3.610859e-01
0
0
0
0
6.863688e-02
0
9.299566e-02
0
5.930400e-02
0
0
0
0
0
0
0
0
0
0
3.189443e-01
0
0
0
0
0
0
1.261171e-01
0
0
0
0
0
0
1.700321e-01
4.087520e-02
4.218176e-01
5.473284e-01
4.590504e-01
4.812391e-02
0
4.723762e-01
0
1.023393e-01
1.367926e-02
7.400167e-02
4.556829e-02
3.344864e-01
2.401426e-01
0
3.203392e-02
0
1.240677e-04
3.192339e-01
7.157141e-02
5.917007e-02
2.303579e-01
1.306975e-01
1.174797e-01
0
0
4.584446e-01
3.858102e-01
6.770906e-01
0
0
0
4.336727e-01
6.983147e-02
8.578832e-01
1
0
0
0
0
0
0
0
0
5.113888e-03
4.900936e-02
2.648259e-01
3.711775e-01
0
0
0
0
3.426240e-01
2.415805e-02
3.623810e-01
0
4.796230e-01
2.421920e-01
0
1.480652e-01
0
0
0
0
2.273424e-02
0
0
2.416361e-01
0
1.203405e-01
0
2.588537e-01
7.226219e-03
0
1.620186e-01
1.419282e-01
0
0
0
0
0
2.170260e-01
0
0
4.590932e-01
6.119367e-01
0
0
0
6.075994e-02
0
1.003641e-01
0
0
1.820255e-01
4.924862e-01
0
3.837576e-01
0
1.322174e-01
3.332267e-01
5.087848e-02
6.375966e-01
6.962338e-01
2.927662e-01
4.497657e-01
0
1.827963e-01
0
0
3.868799e-01
4.427657e-01
3.778013e-01
3.159783e-01
0
0
0
0
0
0
0
2.400330e-01
0
2.417003e-01
0
1.252925e-01
0
4.841361e-02
0
0
1.498067e-01
0
2.416929e-01
8.994015e-02
0
0
0
0
6.368822e-02
0
7.442221e-01
5.692675e-01
9.188966e-02
0
0
0
5.270443e-01
5.691460e-01
0
0
0
0
1.000000e+00
7.686770e-01
1.962068e-01
2.069043e-01
2.998352e-01
3.283414e-01
1.358718e-01
2.353350e-01
0
0
6.911198e-02
3.328392e-02
5.390424e-01
4.180885e-01
8.239911e-02
1.713407e-01
0
0
0
0
0
0
0
0
0
0
1.978104e-01
1.716903e-01
0
4.626683e-01
3.168004e-01
1.362897e-01
1.087337e-01
0
4.627722e-01
2.634691e-01
1.047195e-01
2.370646e-01
2.951245e-01
0
6.727679e-02
2.916855e-01
5.710761e-01
3.908220e-01
2.018243e-01
0
2.853795e-01
3.148646e-01
4.737540e-01
4.249344e-01
0
0
0
1.254181e-01
5.533723e-02
3.774095e-01
0
1.554769e-01
1.337301e-01
3.587291e-01
3.000116e-01
4.183831e-01
3.601085e-02
1.525104e-01
0
0
6.053051e-01
7.169242e-01
3.596964e-01
6.788309e-01
0
2.573085e-01
0
5.525093e-02
3.240663e-01
4.181329e-01
6.645421e-02
0
0
0
0
0
0
0
0
2.419469e-01
0
1.787445e-01
0
1.686562e-01
0
0
0
0
0
0
6.408699e-02
3.455410e-02
1.121837e-02
1.216564e-01
2.454131e-02
0
0
0
3.912083e-01
2.503911e-01
1.102280e-01
0
0
5.827256e-02
1.109543e-01
3.038713e-01
0
0
0
0
7.686770e-01
1.000000e+00
2.269405e-01
2.282104e-01
2.292775e-01
1.931023e-01
5.632628e-02
3.112342e-01
0
0
0
0
3.434930e-02
3.883674e-03
0
0
0
0
0
0
0
0
2.593388e-01
1.302799e-01
1.412642e-01
1.500300e-01
3.360645e-01
1.406084e-01
3.013195e-02
4.625249e-01
4.762998e-02
9.684915e-02
2.573767e-01
8.208803e-02
4.237618e-01
2.916643e-01
2.235822e-01
3.170457e-01
2.690788e-01
1.868935e-01
0
2.295344e-01
4.470692e-01
9.958860e-02
3.272043e-01
0
4.314858e-01
4.648060e-01
0
5.820551e-02
5.122916e-02
0
0
0
8.909103e-02
0
0
0
5.220508e-02
0
0
0
0
0
5.099505e-01
3.908681e-01
1.632173e-01
1.644854e-01
9.306335e-02
3.589405e-01
0
0
0
0
0
0
6.537661e-01
4.386918e-01
0
1.323000e-01
1.907536e-01
1.018334e-01
0
0
3.674275e-01
1.373553e-01
0
0
3.375427e-01
2.272306e-01
2.086812e-01
3.088461e-01
2.207450e-01
2.361149e-01
2.775663e-01
8.691465e-02
1.556521e-01
4.261881e-02
0
0
0
0
5.001637e-02
4.719515e-02
3.165492e-01
6.400251e-03
0
0
0
0
8.348831e-02
0
0
0
0
0
1.962068e-01
2.269405e-01
1
6.926627e-01
6.841207e-01
5.473787e-01
7.082032e-01
6.058784e-01
4.458884e-01
2.641102e-01
3.768687e-01
1.824842e-01
2.502521e-01
0
7.382697e-02
2.794573e-02
0
0
0
0
0
0
0
7.819436e-02
0
0
0
0
0
0
2.876684e-01
3.225752e-01
0
2.285229e-01
0
1.039288e-01
0
0
1.180042e-01
0
1.171946e-02
0
0
8.917249e-02
0
7.859654e-02
0
0
4.610186e-02
8.645706e-02
3.027772e-02
1.136660e-01
0
2.587425e-01
7.316419e-02
3.555870e-01
0
1.129386e-01
2.000687e-01
1.667109e-01
1.859990e-01
2.145688e-01
1.531653e-01
3.361833e-01
3.759782e-01
1.228481e-01
2.212744e-01
2.645115e-01
9.391230e-02
3.133973e-01
4.105611e-01
2.700342e-01
0
0
0
0
4.215471e-01
3.837347e-01
1.937619e-01
3.338855e-01
0
0
0
0
1.243335e-01
0
0
0
3.173490e-01
0
6.389234e-02
2.437382e-01
0
8.396828e-02
2.039723e-01
5.213495e-02
1.069907e-01
1.150017e-01
0
0
0
0
0
5.699825e-02
2.308175e-01
0
0
0
0
2.708239e-01
6.477700e-02
1.564323e-01
0
0
0
0
2.069043e-01
2.282104e-01
6.926627e-01
1
6.280602e-01
4.445281e-01
6.726340e-01
5.218735e-01
3.215056e-01
3.275991e-01
4.557032e-02
2.768508e-02
1.950157e-01
0
2.733845e-01
7.533310e-02
0
3.339467e-02
0
0
0
0
0
0
2.189633e-02
0
0
0
0
0
5.715475e-02
9.976956e-02
0
1.300147e-01
0
0
0
0
5.532386e-02
0
2.651132e-01
0
0
0
0
4.303521e-02
0
0
0
0
0
0
0
0
1.025092e-01
0
0
0
0
0
0
0
0
1.341238e-01
6.382946e-01
3.316568e-01
9.552813e-02
2.637932e-01
2.407145e-01
2.966941e-01
1.898957e-01
0
0
0
0
0
6.273934e-01
4.878668e-01
0
0
2.158509e-01
1.850292e-01
0
0
4.095426e-01
0
5.781590e-02
1.084718e-01
6.261595e-01
3.980687e-01
1.535823e-01
3.897550e-01
9.916479e-02
1.787529e-01
3.499720e-01
1.148818e-01
2.825675e-01
1.117033e-01
9.239614e-02
0
0
0
2.251932e-01
7.203863e-02
5.162693e-01
3.630320e-02
0
0
0
0
1.439448e-01
3.977128e-02
0
0
0
0
2.998352e-01
2.292775e-01
6.841207e-01
6.280602e-01
1.000000e+00
8.271408e-01
8.075251e-01
7.387860e-01
2.842544e-01
2.261529e-01
4.501646e-01
7.051372e-02
2.632719e-01
7.964129e-02
1.205415e-01
1.866316e-01
0
0
0
1.394232e-01
0
0
0
0
0
0
0
0
0
0
4.447980e-01
4.756673e-01
0
1.550113e-01
6.025991e-03
1.643811e-01
0
0
1.139615e-01
0
2.355112e-02
0
0
0
8.689637e-02
3.730291e-01
0
0
0
0
0
0
0
0
0
0
0
0
0
0
0
0
0
3.046061e-02
5.903835e-01
5.128593e-01
6.906048e-02
1.831772e-01
8.207167e-02
2.022003e-01
2.482223e-01
1.575077e-01
0
0
0
0
5.069300e-01
4.868900e-01
0
0
2.338465e-01
1.385436e-01
0
0
3.420794e-01
0
8.034585e-03
9.268076e-02
6.274481e-01
5.492555e-01
0
1.405160e-01
8.337970e-02
9.321861e-03
1.474932e-01
0
0
0
0
0
0
0
4.274168e-02
0
4.681560e-01
1.863103e-01
0
0
0
0
1.916941e-01
1.036446e-01
2.400756e-01
0
1.869136e-01
0
3.283414e-01
1.931023e-01
5.473787e-01
4.445281e-01
8.271408e-01
1.000000e+00
6.796905e-01
7.849230e-01
4.860937e-02
8.732654e-03
4.902641e-01
2.770455e-01
3.573320e-01
2.354608e-01
1.304036e-01
1.288537e-01
1.488752e-01
0
0
1.865648e-01
0
0
0
0
0
0
0
0
0
0
3.346022e-01
3.223630e-01
0
3.112404e-01
0
1.753568e-01
0
0
3.266853e-01
0
1.216826e-01
0
0
0
0
1.941057e-01
0
0
3.619320e-02
3.595615e-02
0
0
0
0
1.105499e-01
0
0
0
0
0
0
0
0
0
5.624601e-01
3.886613e-01
4.248433e-02
9.399373e-02
1.508519e-01
1.721349e-01
1.460747e-01
0
0
0
0
0
5.703517e-01
3.597801e-01
0
6.255682e-02
2.557259e-01
3.270878e-01
0
0
2.554942e-01
0
7.907205e-02
5.891294e-02
4.396521e-01
2.116046e-01
2.122445e-01
4.106306e-01
1.687545e-01
2.060284e-01
3.295132e-01
2.242022e-01
2.998963e-01
8.415519e-02
2.450441e-01
0
0
0
2.877073e-01
2.176137e-01
4.254112e-01
1.836942e-01
8.371663e-02
0
8.483944e-02
0
1.905447e-01
0
0
0
5.610570e-02
0
1.358718e-01
5.632628e-02
7.082032e-01
6.726340e-01
8.075251e-01
6.796905e-01
1
7.618235e-01
3.585017e-01
3.732408e-01
2.997644e-01
1.093635e-01
1.640404e-01
0
0
0
0
0
0
3.022561e-02
0
0
0
1.537014e-02
0
0
0
0
0
0
4.125534e-01
5.345851e-01
0
1.113083e-01
0
2.285021e-01
0
0
0
0
1.443305e-01
0
0
0
1.407044e-01
5.235788e-01
0
0
5.984508e-02
3.167357e-02
6.586388e-03
0
0
0
2.950539e-01
0
0
0
0
0
1.680103e-01
0
0
0
3.000448e-01
1.644653e-01
2.199178e-01
2.925960e-01
9.074180e-02
2.956204e-01
1.882098e-01
1.249010e-01
0
0
0
0
4.249499e-01
9.922236e-02
0
0
3.437796e-01
2.013270e-01
0
0
1.817409e-01
0
0
0
2.902039e-01
2.562342e-01
7.877850e-02
1.931186e-01
1.319347e-01
8.335892e-02
2.704198e-01
9.493382e-02
1.213385e-01
2.940126e-02
0
0
0
0
0
0
3.054158e-01
6.669595e-02
0
0
1.214340e-01
1.695075e-02
2.653765e-02
2.759799e-02
1.482197e-01
0
1.450991e-01
0
2.353350e-01
3.112342e-01
6.058784e-01
5.218735e-01
7.387860e-01
7.849230e-01
7.618235e-01
1
2.363823e-02
0
1.355970e-01
0
1.344090e-03
0
0
0
0
0
0
0
0
0
3.643254e-02
1.975318e-01
0
1.395998e-02
0
0
8.857775e-02
0
3.772948e-01
4.220914e-01
0
1.103136e-01
2.121606e-02
2.286955e-01
0
0
6.236919e-02
0
4.102456e-02
0
0
0
2.968013e-02
2.995800e-01
0
0
0
0
1.096925e-01
0
0
0
0
0
0
0
0
0
0
0
0
0
5.033255e-01
4.713447e-01
0
0
0
0
5.873075e-02
0
0
0
0
0
4.530954e-01
3.211363e-01
2.432881e-01
2.190635e-01
3.769721e-01
2.839117e-01
1.286179e-01
3.139026e-01
4.939259e-01
1.646367e-01
5.614635e-01
2.388493e-01
4.948287e-01
1.590219e-01
6.703936e-01
6.549970e-01
6.673930e-01
6.354175e-01
5.257734e-01
5.218151e-01
4.074508e-01
3.742101e-01
3.839974e-02
0
0
0
4.212705e-01
4.602023e-01
8.998621e-02
0
0
0
0
0
0
0
3.728304e-02
0
1.109112e-02
5.113888e-03
0
0
4.458884e-01
3.215056e-01
2.842544e-01
4.860937e-02
3.585017e-01
2.363823e-02
1
7.715597e-01
5.438751e-01
4.016929e-01
2.936210e-01
7.108460e-02
3.934542e-01
1.545796e-01
0
0
1.088837e-01
1.649452e-01
0
1.741541e-02
0
0
0
0
0
0
1.379506e-01
0
3.784948e-01
3.030582e-01
0
0
0
0
0
0
0
0
5.139937e-02
0
0
2.750835e-01
0
2.155308e-01
0
0
0
0
0
0
0
0
0
0
0
0
0
0
0
0
0
3.891711e-02
4.139437e-01
5.221227e-01
0
0
0
0
0
0
3.409612e-02
0
0
0
2.867279e-01
5.154793e-01
9.135341e-02
2.489190e-01
1.137919e-01
1.997785e-01
0
9.520444e-02
3.157683e-01
1.380875e-01
6.199255e-01
2.318076e-01
3.680648e-01
0
4.597491e-01
5.343425e-01
4.343651e-01
4.847546e-01
3.709830e-01
3.939824e-01
4.214878e-01
3.375080e-01
3.246668e-01
1.185954e-01
2.296266e-01
3.023582e-03
5.767157e-01
5.783162e-01
1.506119e-01
0
0
0
0
0
7.021689e-02
0
0
0
0
4.900936e-02
0
0
2.641102e-01
3.275991e-01
2.261529e-01
8.732654e-03
3.732408e-01
0
7.715597e-01
1
3.026565e-01
3.244021e-01
2.405397e-01
1.259886e-01
4.844915e-01
5.298769e-01
0
1.072130e-01
4.201929e-01
4.231280e-01
1.791486e-01
4.744889e-01
0
0
0
0
0
0
1.157949e-02
0
2.079646e-01
5.688341e-02
0
0
0
0
0
0
0
0
1.072548e-03
0
0
1.078067e-01
0
1.894596e-01
0
0
0
0
1.887062e-02
0
0
0
0
0
0
0
7.756140e-02
0
0
0
0
0
7.741107e-01
7.749266e-01
0
0
0
0
1.086380e-03
0
0
0
0
0
5.666313e-01
5.380394e-01
4.118436e-03
8.062883e-02
2.740311e-01
2.812845e-01
1.212022e-01
1.523130e-01
6.739832e-01
3.423244e-01
3.787378e-01
2.936000e-01
7.224427e-01
5.217338e-01
4.635648e-01
5.875414e-01
5.642799e-01
5.252843e-01
4.919761e-01
3.063575e-01
2.936973e-01
1.685679e-01
7.778064e-02
0
0
0
4.839183e-01
2.678426e-01
3.110698e-01
0
0
0
0
0
1.448150e-01
0
1.686169e-01
0
3.799112e-01
2.648259e-01
6.911198e-02
0
3.768687e-01
4.557032e-02
4.501646e-01
4.902641e-01
2.997644e-01
1.355970e-01
5.438751e-01
3.026565e-01
1
8.031528e-01
6.284464e-01
3.434380e-01
4.407827e-01
1.384993e-01
1.883561e-01
0
0
9.805215e-02
0
0
0
0
0
9.605649e-02
0
0
1.315697e-01
0
5.575784e-01
5.393204e-01
0
2.664515e-01
0
5.175835e-02
0
0
3.911449e-01
0
1.105545e-02
0
0
3.643804e-01
0
2.470939e-01
0
0
0
0
0
0
0
0
0
0
0
0
3.065534e-01
0
0
0
0
0
6.441815e-01
8.292206e-01
0
0
0
0
7.001712e-02
0
0
0
0
0
4.260122e-01
5.871281e-01
1.503827e-01
2.811914e-01
7.796462e-02
1.578777e-01
1.749885e-01
2.177815e-01
3.760352e-01
2.389278e-01
2.491602e-01
1.108369e-01
5.285648e-01
2.622828e-01
3.496771e-01
4.543954e-01
5.115481e-01
4.517016e-01
3.357708e-01
1.804784e-01
1.088356e-01
1.458958e-02
0
0
0
0
3.407855e-01
1.988010e-01
1.391733e-01
4.019989e-03
0
0
0
0
3.623933e-01
0
1.859372e-01
0
3.249419e-01
3.711775e-01
3.328392e-02
0
1.824842e-01
2.768508e-02
7.051372e-02
2.770455e-01
1.093635e-01
0
4.016929e-01
3.244021e-01
8.031528e-01
1
7.385265e-01
4.100155e-01
5.436489e-01
1.515125e-01
5.007247e-01
0
2.208590e-01
5.219966e-02
0
7.704917e-02
0
0
0
0
0
0
0
0
3.103448e-01
2.707662e-01
0
3.340795e-01
0
1.771074e-02
0
0
4.083171e-01
0
9.213880e-02
0
0
2.819270e-01
0
5.694833e-02
0
0
0
1.632487e-01
0
0
0
5.256971e-02
0
0
0
0
2.274288e-01
1.567541e-01
0
0
0
1.022076e-01
7.311123e-01
6.689237e-01
1.475765e-02
1.861247e-02
0
0
2.062181e-02
0
0
0
0
3.672701e-03
7.006615e-01
7.824072e-01
0
2.605633e-03
1.061151e-01
1.096607e-01
0
0
8.241844e-02
2.811173e-01
0
1.477850e-01
4.120063e-01
2.332162e-01
2.876272e-01
4.533805e-01
2.462436e-01
3.415809e-01
4.711140e-01
1.968099e-01
2.775908e-01
4.594274e-02
0
0
0
0
3.137622e-01
1.774757e-01
5.503117e-01
3.895967e-01
0
0
0
0
6.693849e-01
2.436022e-01
0
0
0
0
5.390424e-01
3.434930e-02
2.502521e-01
1.950157e-01
2.632719e-01
3.573320e-01
1.640404e-01
1.344090e-03
2.936210e-01
2.405397e-01
6.284464e-01
7.385265e-01
1
7.671282e-01
5.598658e-01
3.040009e-01
1.892746e-01
0
1.050486e-01
5.944628e-02
0
0
0
0
0
0
0
3.118883e-03
0
0
5.547300e-01
2.367350e-01
0
0
2.013351e-02
0
0
0
3.114256e-01
0
6.418742e-02
0
1.349577e-01
4.638237e-01
0
9.657675e-02
0
0
0
2.384060e-01
0
0
0
1.532935e-01
0
0
0
0
0
1.234581e-01
0
2.580170e-02
0
1.806949e-01
3.810250e-01
4.903833e-01
0
9.141415e-02
0
0
0
9.493748e-03
0
0
0
5.439467e-02
3.329996e-01
6.017528e-01
0
0
2.360042e-02
0
0
0
0
3.728107e-01
0
2.053065e-01
2.020237e-01
2.597550e-01
1.130340e-01
1.759424e-01
1.134788e-01
1.861285e-01
3.340327e-01
1.187847e-01
1.392492e-01
4.437817e-02
0
0
0
0
2.659857e-01
1.182416e-01
4.356838e-01
4.405236e-01
0
0
0
0
4.248708e-01
1.475793e-01
0
0
0
0
4.180885e-01
3.883674e-03
0
0
7.964129e-02
2.354608e-01
0
0
7.108460e-02
1.259886e-01
3.434380e-01
4.100155e-01
7.671282e-01
1
4.952995e-01
4.247010e-01
1.415614e-01
6.583648e-02
2.039374e-01
3.632687e-01
0
5.808021e-02
0
0
0
0
9.541904e-02
2.858619e-01
1.220723e-01
1.446444e-01
4.609147e-01
0
0
0
0
0
0
8.721812e-03
2.032594e-01
0
6.182034e-02
2.388265e-01
3.587275e-01
2.163278e-01
0
6.307399e-03
0
1.224782e-01
0
0
0
0
0
1.554481e-01
0
3.365972e-02
0
6.327272e-02
2.226614e-01
2.144102e-01
0
1.505516e-01
2.538989e-01
3.601921e-01
4.803075e-01
4.594490e-01
0
0
0
0
2.461929e-01
1.196071e-01
0
0
0
0
1.939631e-01
6.208141e-01
1.966768e-01
2.306591e-01
0
0
0
0
2.796456e-01
2.080645e-01
3.125138e-01
2.373662e-01
4.517845e-01
7.082574e-02
9.718421e-02
2.118114e-01
1.691521e-01
2.062035e-01
1.161761e-01
0
2.513569e-02
1.407443e-01
0
0
0
0
1.246638e-01
3.946417e-02
2.323447e-01
0
0
0
0
0
1.074504e-01
1.784085e-01
0
0
0
0
8.239911e-02
0
7.382697e-02
2.733845e-01
1.205415e-01
1.304036e-01
0
0
3.934542e-01
4.844915e-01
4.407827e-01
5.436489e-01
5.598658e-01
4.952995e-01
1
5.357100e-01
3.368328e-01
2.267722e-01
3.614725e-01
2.888137e-01
0
1.398092e-01
0
0
0
0
0
4.865628e-02
0
0
0
0
0
1.013130e-01
0
0
0
0
3.000316e-01
0
2.045388e-01
0
0
8.677551e-02
0
0
0
0
0
1.016096e-01
0
0
8.482685e-02
0
0
0
0
0
0
3.698937e-01
0
2.093691e-01
0
4.904885e-01
3.067819e-01
3.976696e-01
0
7.163575e-02
2.738843e-01
1.778583e-01
0
0
7.781847e-02
1.488406e-01
3.004164e-01
2.021435e-01
1.168063e-01
6.298350e-01
0
0
0
0
0
0
8.816811e-02
2.628085e-01
2.851032e-01
2.909213e-01
2.770019e-01
1.509484e-01
0
0
0
0
0
0
3.599430e-02
0
2.893651e-01
1.546228e-01
4.117761e-01
8.468036e-02
2.750055e-01
1.774231e-01
3.089497e-01
2.699235e-01
0
1.968835e-02
0
0
2.830848e-01
2.872249e-01
0
0
0
0
1.713407e-01
0
2.794573e-02
7.533310e-02
1.866316e-01
1.288537e-01
0
0
1.545796e-01
5.298769e-01
1.384993e-01
1.515125e-01
3.040009e-01
4.247010e-01
5.357100e-01
1
0
2.415446e-01
4.363786e-01
7.787680e-01
1.527549e-01
5.630342e-01
0
0
0
0
0
0
0
0
0
0
0
0
0
0
0
0
0
0
0
1.617904e-01
9.027791e-02
0
0
0
0
0
0
0
3.516800e-01
3.884614e-01
6.733049e-02
1.805809e-01
0
0
1.869248e-01
5.735703e-02
5.934193e-01
0
1.788117e-01
0
2.710953e-01
0
2.774659e-02
3.196677e-01
0
0
0
0
4.845169e-01
4.532970e-01
2.510303e-01
0
0
0
0
1.783625e-01
5.035475e-01
4.571615e-01
0
0
3.720302e-01
2.817519e-01
3.510608e-02
0
4.418105e-02
0
6.541311e-03
0
0
0
9.917117e-03
0
0
0
0
0
0
0
0
0
0
0
0
1.717294e-02
0
0
1.547143e-01
0
3.666282e-02
0
6.323561e-01
2.668863e-01
3.676613e-01
3.426240e-01
0
0
0
0
0
1.488752e-01
0
0
0
0
1.883561e-01
5.007247e-01
1.892746e-01
1.415614e-01
3.368328e-01
0
1
1.357381e-01
3.456586e-01
0
4.245881e-01
2.339474e-02
0
0
5.235513e-02
2.954326e-02
0
1.956887e-01
0
0
0
0
0
5.605120e-01
0
0
0
2.339765e-01
3.438407e-02
5.366497e-02
5.737108e-01
1.003974e-01
8.223645e-02
0
0
0
0
0
3.144891e-01
1.008585e-02
0
4.871214e-01
0
1.525864e-01
0
4.212453e-01
0
1.553352e-01
1.453344e-01
4.692915e-01
1.416809e-01
5.417235e-01
1.792939e-01
3.674661e-01
0
0
6.589137e-02
9.578657e-02
0
0
1.504189e-01
2.720838e-01
3.653058e-01
1.436033e-01
2.275486e-01
0
0
0
6.580316e-02
2.247487e-01
0
0
0
0
0
0
5.629313e-02
0
0
0
0
0
0
0
0
0
0
4.582728e-02
1.478965e-02
4.054959e-01
2.544838e-01
0
0
7.121094e-02
0
0
6.679273e-02
3.335705e-01
0
3.015602e-01
0
2.655242e-01
0
4.956195e-01
0
2.415805e-02
0
0
0
3.339467e-02
0
0
0
0
0
1.072130e-01
0
0
0
6.583648e-02
2.267722e-01
2.415446e-01
1.357381e-01
1.000000e+00
2.480990e-01
8.736282e-02
4.334837e-01
4.730665e-01
0
0
5.569066e-02
0
0
6.122761e-02
0
5.120826e-03
0
0
0
0
0
0
0
0
0
0
9.280440e-02
3.352236e-01
1.335222e-01
0
0
0
1.059632e-01
0
0
1.001961e-01
0
0
1.684766e-01
0
0
0
0
0
0
3.155442e-01
0
0
0
0
4.665042e-02
3.564737e-01
0
0
0
0
0
0
1.416933e-01
5.819368e-02
2.244772e-01
1.970114e-01
0
3.577781e-01
0
1.033453e-01
0
0
9.565547e-02
0
0
1.158182e-01
2.990916e-01
4.934938e-02
0
0
0
0
3.405471e-02
3.727061e-02
0
0
0
0
1.398335e-01
1.427503e-01
2.814133e-01
1.643038e-01
0
0
9.852114e-02
3.574800e-01
1.627178e-01
4.185496e-01
1.162467e-01
2.273801e-02
2.040969e-01
2.765770e-01
1.057877e-02
2.716599e-01
9.871779e-02
3.623810e-01
0
0
0
0
0
0
0
0
1.088837e-01
4.201929e-01
0
2.208590e-01
1.050486e-01
2.039374e-01
3.614725e-01
4.363786e-01
3.456586e-01
2.480990e-01
1
2.210227e-01
5.942905e-01
4.657120e-01
0
0
0
0
0
1.181809e-01
0
0
0
0
5.517000e-02
0
0
0
0
0
0
0
0
6.811282e-02
9.125682e-03
0
0
0
0
0
0
0
0
0
1.556235e-01
0
0
0
0
0
0
0
0
0
0
2.925619e-01
1.263117e-01
3.760854e-01
0
0
2.092764e-01
1.368989e-01
0
0
2.503358e-01
1.947894e-01
1.541924e-01
0
0
2.966123e-01
0
0
0
0
5.496903e-02
1.192441e-01
1.954080e-01
2.172287e-01
4.762044e-01
3.746729e-01
3.402513e-01
4.694183e-01
0
0
8.767291e-03
4.062799e-04
0
0
0
0
3.090474e-01
2.291936e-01
4.421348e-01
2.318732e-01
3.181155e-01
2.119662e-01
8.036227e-02
1.354171e-01
3.751739e-02
6.559730e-02
0
4.296225e-02
0
0
6.084272e-02
0
0
0
0
0
0
0
1.394232e-01
1.865648e-01
3.022561e-02
0
1.649452e-01
4.231280e-01
9.805215e-02
5.219966e-02
5.944628e-02
3.632687e-01
2.888137e-01
7.787680e-01
0
8.736282e-02
2.210227e-01
1.000000e+00
1.008070e-01
4.846290e-01
0
0
0
0
0
0
1.475768e-01
0
0
0
0
0
0
0
0
0
1.507098e-03
5.502037e-03
0
2.062360e-01
4.670159e-02
0
0
0
0
0
2.873447e-01
6.071675e-02
0
1.540373e-01
3.590161e-01
0
0
0
0
0
1.531655e-01
1.924261e-01
1.613399e-02
0
0
0
0
0
0
0
4.858618e-02
0
0
0
5.912075e-01
4.289864e-01
3.260666e-01
0
0
0
5.411195e-02
4.286668e-02
0
6.726180e-02
1.216743e-01
1.929723e-02
0
0
2.733054e-01
2.458863e-02
0
0
0
0
0
0
0
0
0
0
4.802450e-01
4.389525e-01
6.083312e-01
2.904391e-01
1.001081e-01
5.853887e-02
0
2.734204e-01
4.727861e-01
4.206022e-01
3.114122e-01
0
3.770643e-02
8.524218e-02
1.048666e-01
6.553065e-01
2.883320e-01
4.796230e-01
0
0
0
0
0
0
0
0
0
1.791486e-01
0
0
0
0
0
1.527549e-01
4.245881e-01
4.334837e-01
5.942905e-01
1.008070e-01
1
6.064900e-01
0
0
0
0
0
0
0
0
0
0
8.742934e-02
8.099442e-02
0
1.404702e-01
1.911008e-01
9.328780e-02
0
3.870259e-02
1.980363e-01
4.036051e-01
1.662450e-01
0
0
8.159382e-02
1.386865e-01
0
2.898952e-02
0
0
6.940848e-02
8.844255e-02
0
0
0
0
0
0
3.457016e-01
0
6.037160e-02
0
2.115967e-02
0
1.658666e-01
0
0
2.087087e-01
0
0
0
2.367685e-01
2.100544e-01
3.113980e-01
0
0
1.904357e-01
0
0
0
1.216424e-02
2.774075e-02
5.796833e-02
1.605822e-02
2.585487e-01
4.119936e-01
3.504303e-01
0
0
0
0
0
0
0
0
2.488996e-02
0
6.565845e-01
6.846591e-01
7.588980e-01
5.298626e-01
4.383155e-01
5.601992e-01
0
2.470453e-01
4.073332e-01
5.782216e-01
0
0
8.200013e-02
4.465984e-03
0
2.046610e-01
0
2.421920e-01
0
0
0
0
0
0
0
0
1.741541e-02
4.744889e-01
0
7.704917e-02
0
5.808021e-02
1.398092e-01
5.630342e-01
2.339474e-02
4.730665e-01
4.657120e-01
4.846290e-01
6.064900e-01
1.000000e+00
0
0
0
0
0
0
1.036676e-01
0
0
0
1.791727e-01
0
0
0
0
0
0
0
0
3.148634e-01
7.797932e-02
0
0
0
2.227274e-03
0
0
0
1.175848e-01
2.508670e-01
7.260949e-03
3.076355e-01
3.506421e-01
5.024572e-01
5.198373e-01
4.984133e-01
0
0
5.141743e-01
2.047091e-01
2.392478e-01
1.800546e-01
0
0
0
0
1.097720e-01
2.455164e-01
0
3.307210e-02
0
0
0
1.414102e-01
0
0
0
9.138239e-03
0
0
2.340980e-01
2.526017e-01
0
0
0
0
0
0
0
0
0
0
0
9.777426e-03
0
0
0
6.413840e-02
0
3.461808e-01
0
0
0
0
0
2.344073e-01
3.740977e-01
5.491094e-01
0
0
9.083619e-02
1.841531e-01
0
0
0
2.593388e-01
0
0
0
0
0
3.643254e-02
0
0
0
0
0
0
0
0
0
0
0
0
0
0
1
5.457103e-01
5.962966e-01
3.809439e-01
2.970616e-01
1.902191e-01
1.551373e-01
5.286506e-02
0
0
4.338616e-01
0
2.572205e-01
1.203470e-01
3.900092e-01
1.085423e-01
0
4.024777e-01
0
0
0
0
1.730595e-01
0
1.396470e-01
3.828054e-01
6.736483e-02
0
6.592546e-01
1.665237e-01
1.075418e-01
8.225290e-02
7.993310e-01
4.088871e-02
5.164189e-01
3.918966e-01
2.786551e-01
0
6.511928e-01
0
2.655699e-01
0
0
0
0
0
0
8.862779e-02
2.459385e-01
1.931890e-01
1.051371e-01
1.109804e-01
0
0
0
0
2.933318e-01
6.792061e-02
1.688141e-01
7.287888e-02
3.310752e-01
3.540567e-01
2.382940e-01
0
0
0
0
8.821220e-03
0
0
3.730490e-02
0
0
0
0
0
0
0
0
2.675160e-01
0
0
0
0
0
0
4.159436e-01
1.870903e-01
0
0
4.218898e-01
1.842272e-01
2.631621e-01
1.480652e-01
0
1.302799e-01
7.819436e-02
0
0
0
1.537014e-02
1.975318e-01
0
0
0
0
0
0
0
0
0
0
0
0
0
0
5.457103e-01
1
5.223505e-01
7.232452e-01
1.971557e-01
0
0
0
0
2.679486e-01
1.634368e-01
3.987537e-01
5.214911e-02
2.574691e-01
2.060971e-01
2.439137e-01
2.458282e-02
4.355555e-01
0
0
0
0
4.375552e-01
0
8.273805e-02
4.634879e-02
0
0
1.881884e-01
1.795008e-01
0
6.767139e-01
2.378613e-01
5.188278e-01
6.290754e-01
6.760635e-01
3.342947e-01
1.377561e-01
5.614986e-01
4.994740e-01
7.431057e-01
4.820559e-01
0
0
1.779745e-01
8.508230e-02
0
1.161495e-03
4.403121e-01
5.129267e-01
0
0
0
1.852390e-01
0
0
2.304115e-01
1.077954e-01
0
0
9.416245e-02
2.063939e-01
0
0
0
0
0
0
0
0
0
0
0
0
0
0
0
0
0
0
0
0
0
0
0
0
1.295840e-01
4.885950e-01
4.431433e-02
1.774530e-01
1.486414e-01
6.832433e-02
0
0
0
1.412642e-01
0
2.189633e-02
0
0
0
0
0
0
0
0
0
0
0
0
5.235513e-02
5.569066e-02
0
0
0
0
5.962966e-01
5.223505e-01
1
5.437527e-01
1.583897e-01
2.448245e-01
0
0
0
0
1.799941e-01
1.795659e-01
2.374397e-01
5.270902e-02
1.228674e-01
1.757733e-01
0
2.178760e-01
0
0
4.108162e-02
0
1.488270e-01
0
5.132733e-03
1.054513e-01
0
0
5.978353e-01
1.611819e-01
5.241683e-03
2.032926e-01
6.251185e-01
4.325395e-02
6.992539e-01
4.638351e-01
2.980679e-01
0
4.438734e-01
0
3.673506e-01
3.029333e-02
0
0
0
0
0
3.742174e-02
3.659933e-01
2.650034e-01
0
0
0
0
5.569093e-03
0
3.523495e-01
2.419961e-01
1.391347e-01
0
2.989337e-01
2.467404e-01
2.554083e-01
0
0
0
1.867757e-03
1.948202e-02
7.617454e-02
1.621305e-02
9.737419e-02
0
2.543885e-02
0
0
0
0
0
0
0
0
0
0
0
0
0
1.848045e-01
2.864278e-02
0
0
3.182973e-01
0
2.524149e-01
0
0
1.500300e-01
0
0
0
0
0
1.395998e-02
0
0
9.605649e-02
0
0
0
0
0
2.954326e-02
0
0
0
0
0
3.809439e-01
7.232452e-01
5.437527e-01
1
2.063732e-01
1.050362e-01
5.923066e-02
1.621317e-01
0
1.519208e-01
0
5.249447e-01
3.141300e-02
2.491194e-01
7.422311e-02
3.101082e-01
0
5.901829e-01
0
0
0
7.493693e-02
4.184378e-01
4.269776e-02
1.999675e-01
8.650791e-02
2.894313e-01
3.279473e-01
2.287311e-01
2.952087e-01
1.656593e-01
2.019223e-01
2.024289e-01
1.845145e-01
2.106579e-01
2.474206e-01
1.772141e-01
0
9.967950e-02
0
0
0
0
0
2.614948e-01
2.791595e-01
0
8.577263e-02
0
1.939228e-01
0
4.186526e-02
7.905030e-02
2.806279e-01
0
0
1.515417e-02
0
1.620404e-01
0
1.242777e-01
7.864771e-02
0
2.696529e-01
0
8.145632e-02
0
0
0
0
0
0
0
0
0
0
0
1.981717e-01
0
1.629063e-01
0
0
0
7.699981e-02
0
1.120440e-01
0
0
0
0
0
3.281687e-02
0
0
1.978104e-01
3.360645e-01
0
0
0
0
0
0
0
0
0
0
0
9.541904e-02
0
0
0
0
0
0
0
0
2.970616e-01
1.971557e-01
1.583897e-01
2.063732e-01
1.000000e+00
6.039578e-01
5.307634e-01
6.086848e-01
7.594699e-02
0
2.523718e-01
0
1.571947e-01
0
5.482152e-01
7.927601e-01
1.962022e-02
2.394031e-01
2.292307e-01
5.344757e-01
6.233978e-01
2.495949e-01
1.667175e-01
0
5.913563e-01
6.708392e-01
1.904995e-01
3.983351e-01
1.063325e-01
3.019885e-01
3.690487e-01
4.999782e-01
3.141809e-03
3.838720e-01
4.128549e-01
4.052634e-01
8.222624e-02
2.276421e-01
2.255782e-01
2.919834e-01
3.946890e-01
0
0
0
4.117739e-01
3.340635e-01
0
3.505634e-03
2.203459e-02
4.084647e-01
5.363308e-02
1.910867e-01
2.528921e-01
6.042358e-01
0
0
3.224490e-03
0
0
0
1.567895e-01
0
0
1.381143e-01
0
0
0
0
0
0
0
0
0
0
0
0
0
0
0
0
0
0
0
1.713334e-01
0
7.157435e-02
0
3.416924e-01
0
2.757882e-01
1.135799e-01
1.666342e-01
0
0
1.716903e-01
1.406084e-01
0
0
0
0
0
0
0
0
0
0
3.118883e-03
2.858619e-01
4.865628e-02
0
1.956887e-01
6.122761e-02
1.181809e-01
0
0
0
1.902191e-01
0
2.448245e-01
1.050362e-01
6.039578e-01
1
0
6.096931e-01
0
0
1.979213e-01
0
8.749174e-02
0
4.179992e-01
7.439180e-01
1.986722e-01
2.500845e-01
1.204225e-01
4.376669e-01
6.345931e-01
4.060527e-02
0
0
4.867976e-01
7.371054e-01
0
0
3.456142e-02
2.436912e-02
0
0
1.142894e-01
0
0
0
0
0
0
0
0
0
0
2.697519e-02
0
0
0
0
0
0
0
0
0
0
0
0
0
0
4.885962e-01
3.563315e-01
2.248375e-01
2.694846e-01
2.822506e-01
3.131626e-01
1.412945e-01
1.281684e-01
0
1.643486e-01
4.306542e-01
3.262850e-01
3.234976e-01
2.863122e-01
5.039169e-01
5.549474e-01
3.929779e-01
2.095253e-01
3.522998e-01
2.555264e-01
1.569124e-01
9.837302e-02
5.877152e-01
5.439833e-01
0
0
5.601471e-02
2.524143e-02
0
0
0
0
0
0
2.576106e-01
2.273424e-02
0
3.013195e-02
0
0
0
0
0
8.857775e-02
1.379506e-01
1.157949e-02
1.315697e-01
0
0
1.220723e-01
0
0
0
0
0
1.475768e-01
0
1.036676e-01
1.551373e-01
0
0
5.923066e-02
5.307634e-01
0
1
2.040672e-01
5.125772e-01
2.691250e-01
0
0
0
0
1.417252e-01
1.114668e-01
0
0
6.322118e-03
1.708011e-01
6.202606e-02
2.438434e-01
2.132261e-01
3.798419e-01
1.991272e-01
1.513950e-01
5.288795e-01
5.155659e-01
2.142912e-02
7.229824e-02
3.801060e-01
6.094876e-03
1.498820e-01
1.042506e-01
9.309062e-02
7.248426e-03
0
1.312462e-01
4.478465e-02
2.418904e-01
0
0
0
0
4.154426e-01
5.203384e-01
2.959346e-01
2.713470e-01
0
2.050249e-01
1.266840e-01
3.972285e-01
4.631651e-01
4.353952e-01
0
0
0
0
0
0
0
0
0
1.132030e-01
0
2.249502e-01
0
6.183013e-02
0
0
0
0
0
0
0
0
0
1.457834e-01
5.586106e-02
0
0
0
2.927318e-01
2.493740e-01
2.276972e-01
9.990173e-02
0
0
0
1.669091e-01
0
5.647719e-02
0
0
4.626683e-01
4.625249e-01
0
0
0
0
0
0
0
0
0
0
0
1.446444e-01
0
0
0
5.120826e-03
0
0
0
0
5.286506e-02
0
0
1.621317e-01
6.086848e-01
6.096931e-01
2.040672e-01
1
7.875649e-02
0
3.145319e-01
0
3.820276e-01
5.506855e-02
5.856867e-01
6.545798e-01
8.190990e-02
3.398392e-01
7.710930e-02
6.328674e-01
7.139174e-01
2.215691e-01
2.861752e-01
0
8.517347e-01
6.580443e-01
0
1.593432e-02
0
0
0
0
0
0
0
0
0
0
0
0
0
0
5.625477e-01
4.454013e-01
0
0
0
0
0
0
0
0
0
0
6.601078e-01
3.526801e-01
0
0
4.233048e-01
4.778639e-01
0
0
2.224866e-01
3.497544e-01
6.490409e-02
2.457556e-01
3.813409e-01
2.938795e-01
6.719662e-01
7.389530e-01
5.241524e-01
6.474338e-01
8.461560e-01
7.284510e-01
7.413233e-01
4.674487e-01
1.558687e-01
0
0
0
6.575668e-01
5.407080e-01
4.678613e-01
1.959551e-01
2.575411e-02
0
0
0
3.503967e-01
0
0
0
9.243983e-02
0
3.168004e-01
4.762998e-02
2.876684e-01
5.715475e-02
4.447980e-01
3.346022e-01
4.125534e-01
3.772948e-01
3.784948e-01
2.079646e-01
5.575784e-01
3.103448e-01
5.547300e-01
4.609147e-01
0
0
0
0
0
0
0
0
0
0
0
0
7.594699e-02
0
5.125772e-01
7.875649e-02
1
7.369879e-01
0
0
2.470926e-01
1.243113e-01
0
0
1.229312e-01
0
0
0
0
6.087436e-01
2.612275e-01
5.612775e-01
0
0
0
0
0
0
0
0
1.054438e-01
0
0
0
0
0
0
0
0
0
5.425517e-01
2.984382e-01
0
0
0
0
0
0
0
0
0
0
5.282887e-01
8.740380e-02
0
0
3.119764e-01
5.028792e-01
0
0
3.090950e-01
1.006248e-01
7.364434e-02
1.697980e-01
4.367906e-01
3.496400e-01
5.850057e-01
6.564812e-01
4.578898e-01
5.773722e-01
6.101609e-01
6.202045e-01
6.498313e-01
4.562413e-01
3.098483e-01
0
0
0
4.868236e-01
4.415092e-01
2.643880e-01
0
2.819941e-01
0
2.993517e-01
0
2.112928e-01
0
0
0
2.741081e-01
2.416361e-01
1.362897e-01
9.684915e-02
3.225752e-01
9.976956e-02
4.756673e-01
3.223630e-01
5.345851e-01
4.220914e-01
3.030582e-01
5.688341e-02
5.393204e-01
2.707662e-01
2.367350e-01
0
0
0
0
0
0
0
0
0
0
2.679486e-01
0
1.519208e-01
0
0
2.691250e-01
0
7.369879e-01
1
1.276059e-01
0
4.299719e-01
4.936542e-01
0
0
2.436555e-01
0
0
0
0
4.070536e-01
5.721895e-01
6.022000e-01
0
0
2.960217e-01
1.633570e-01
0
0
1.839849e-01
0
0
1.549171e-01
0
0
0
3.400534e-01
9.225667e-02
3.160108e-01
1.176735e-01
5.427334e-02
0
0
1.994267e-01
1.426668e-01
3.212440e-01
1.658546e-01
0
0
0
3.093949e-01
5.769309e-01
5.624793e-01
0
0
0
0
0
0
0
0
0
1.555736e-01
0
2.827595e-01
0
0
0
0
0
0
0
8.444739e-03
9.705077e-02
2.144489e-01
2.503859e-01
4.956565e-01
3.583475e-01
5.019381e-01
0
1.063709e-01
0
2.370051e-01
5.053805e-01
6.281983e-01
1.891671e-01
1.434391e-01
0
1.941236e-01
0
1.024153e-01
0
0
1.087337e-01
2.573767e-01
0
0
0
0
0
0
0
0
0
0
0
0
0
0
0
0
5.517000e-02
0
8.742934e-02
1.791727e-01
4.338616e-01
1.634368e-01
1.799941e-01
0
2.523718e-01
1.979213e-01
0
3.145319e-01
0
1.276059e-01
1.000000e+00
0
7.371276e-01
2.824869e-01
6.467960e-01
1.590609e-01
2.246088e-01
1.990840e-01
0
1.818014e-01
2.692681e-01
0
4.217692e-01
0
2.781590e-01
3.845602e-01
0
0
4.822829e-01
2.673907e-01
0
1.274270e-03
2.597332e-01
0
2.755843e-01
1.652404e-01
5.701654e-01
0
3.757864e-01
0
2.422272e-01
1.631987e-02
1.630259e-01
1.997598e-01
0
0
0
9.000488e-02
4.442301e-01
3.328461e-01
1.434780e-01
0
0
0
1.274815e-02
9.610634e-02
4.790971e-01
4.734046e-01
0
0
1.541300e-01
8.549834e-02
4.067309e-01
0
0
0
1.651416e-01
6.278233e-02
0
0
0
0
0
0
0
0
0
0
0
1.700313e-02
0
0
0
0
0
0
5.874609e-02
0
2.491852e-02
0
4.547247e-01
1.027876e-01
3.064542e-01
1.203405e-01
0
8.208803e-02
2.285229e-01
1.300147e-01
1.550113e-01
3.112404e-01
1.113083e-01
1.103136e-01
0
0
2.664515e-01
3.340795e-01
0
0
1.013130e-01
0
5.605120e-01
0
0
0
8.099442e-02
0
0
3.987537e-01
1.795659e-01
5.249447e-01
0
0
0
0
0
0
0
1.000000e+00
0
3.269456e-01
0
1.371903e-01
5.741993e-02
4.235441e-01
2.420054e-01
0
0
0
3.045400e-02
0
0
0
3.043514e-01
1.843395e-01
0
0
0
0
0
2.745274e-02
0
0
0
2.486083e-01
1.240426e-02
2.926143e-01
1.052897e-01
1.638452e-01
4.606656e-02
0
3.350518e-01
3.201187e-01
3.061922e-01
1.453087e-01
0
0
0
0
4.030083e-01
4.150407e-01
1.002204e-01
0
0
0
0
3.345801e-03
0
0
0
0
0
2.962570e-02
0
8.113751e-02
5.876655e-02
1.926771e-02
0
7.027232e-02
7.243266e-02
2.074682e-01
3.924289e-01
3.241422e-01
1.571483e-01
1.286878e-01
1.103357e-01
0
5.205879e-03
1.680888e-02
2.265419e-01
3.242865e-01
4.168197e-01
2.702404e-01
1.801348e-01
0
3.419505e-01
3.161089e-01
0
0
0
0
4.627722e-01
4.237618e-01
0
0
6.025991e-03
0
0
2.121606e-02
0
0
0
0
2.013351e-02
0
0
0
0
0
0
0
0
0
2.572205e-01
5.214911e-02
2.374397e-01
3.141300e-02
1.571947e-01
8.749174e-02
0
3.820276e-01
2.470926e-01
4.299719e-01
7.371276e-01
0
1.000000e+00
6.188807e-01
6.135153e-01
5.436606e-02
1.946014e-01
7.459130e-02
0
1.430404e-01
3.164697e-01
2.041825e-01
5.719177e-01
1.959401e-01
2.032320e-01
1.901856e-01
3.000010e-01
0
0
0
0
0
0
0
0
0
1.304195e-01
7.860468e-02
2.286163e-01
0
0
0
2.365006e-01
3.992470e-02
7.450370e-02
7.789380e-03
2.592764e-01
2.027916e-02
0
0
0
0
2.592461e-02
0
1.782031e-01
1.894050e-03
0
0
0
5.356006e-02
0
0
0
0
0
0
0
0
0
9.002055e-02
0
7.340904e-02
1.305711e-02
5.125167e-02
2.302318e-01
1.003048e-01
3.207592e-01
2.463633e-03
9.663875e-02
0
4.192221e-02
0
1.898856e-01
2.331760e-01
5.870760e-01
1.752470e-01
5.321863e-01
0
4.631222e-01
1.359516e-01
0
0
2.590854e-01
2.588537e-01
2.634691e-01
2.916643e-01
1.039288e-01
0
1.643811e-01
1.753568e-01
2.285021e-01
2.286955e-01
0
0
5.175835e-02
1.771074e-02
0
0
0
0
0
0
0
0
1.404702e-01
0
1.203470e-01
2.574691e-01
5.270902e-02
2.491194e-01
0
0
0
5.506855e-02
1.243113e-01
4.936542e-01
2.824869e-01
3.269456e-01
6.188807e-01
1
3.249093e-01
0
1.373167e-01
2.603830e-01
0
0
4.448148e-02
1.684954e-01
6.183022e-01
3.630083e-01
4.758741e-02
0
3.817398e-01
3.693949e-01
0
4.609736e-02
4.498666e-01
2.532939e-02
2.045118e-01
5.296689e-02
1.042439e-01
0
0
9.631827e-02
2.008070e-01
1.148703e-01
8.665151e-02
0
0
0
3.193253e-01
3.062853e-01
3.444101e-01
2.528920e-01
0
0
5.153312e-02
2.610983e-01
5.256801e-01
5.056060e-01
0
0
0
0
6.962929e-02
1.745905e-01
0
0
0
0
0
0
0
0
0
0
0
0
0
0
0
0
1.492518e-01
1.828857e-01
3.361302e-01
2.846575e-01
0
0
0
3.322983e-01
3.661422e-01
3.518767e-01
3.393139e-01
8.751186e-02
0
9.273833e-02
0
3.477703e-01
1.370072e-03
7.226219e-03
1.047195e-01
2.235822e-01
0
0
0
0
0
0
0
0
0
0
0
0
0
0
0
0
0
0
1.911008e-01
0
3.900092e-01
2.060971e-01
1.228674e-01
7.422311e-02
5.482152e-01
4.179992e-01
1.417252e-01
5.856867e-01
0
0
6.467960e-01
0
6.135153e-01
3.249093e-01
1
4.759163e-01
0
4.283949e-01
0
5.499030e-01
5.570978e-01
0
4.119839e-01
1.146018e-01
6.090463e-01
5.069707e-01
4.086952e-01
3.627587e-01
2.956450e-01
3.298734e-01
3.758145e-01
2.223152e-01
1.872907e-01
1.193539e-01
2.677443e-01
2.689283e-01
3.693487e-01
1.524567e-01
3.005298e-01
1.270181e-01
1.751390e-01
0
0
0
4.190553e-01
3.649152e-01
0
1.191238e-01
0
3.565280e-01
1.073965e-01
2.851615e-01
1.779156e-01
4.754472e-01
0
0
8.492972e-02
0
1.466454e-02
0
1.264347e-01
0
0
1.940189e-01
0
3.888013e-02
0
0
0
0
0
0
0
0
0
0
0
5.506151e-02
0
1.127376e-01
0
0
0
1.619944e-01
0
0
0
0
0
1.733517e-01
1.061962e-01
2.214861e-01
0
0
2.370646e-01
3.170457e-01
0
0
0
0
0
0
0
0
0
0
0
8.721812e-03
0
0
2.339765e-01
0
0
0
9.328780e-02
0
1.085423e-01
2.439137e-01
1.757733e-01
3.101082e-01
7.927601e-01
7.439180e-01
1.114668e-01
6.545798e-01
0
0
1.590609e-01
1.371903e-01
5.436606e-02
0
4.759163e-01
1
8.855298e-02
4.445007e-01
1.797764e-01
5.524035e-01
7.076866e-01
1.661371e-01
1.222409e-01
0
7.198969e-01
7.902605e-01
0
0
0
0
0
0
0
0
0
0
0
0
0
0
0
0
2.874663e-01
3.021638e-01
0
0
0
0
0
0
0
0
0
9.950163e-02
0
8.816234e-02
0
0
0
0
0
0
1.884497e-01
4.116577e-01
9.108830e-02
5.243401e-01
4.283714e-01
5.789074e-01
0
0
0
7.555046e-02
0
0
0
1.640382e-01
0
2.109104e-03
0
5.448365e-02
0
0
3.017998e-01
1.300315e-01
2.457867e-01
1.930543e-01
1.175931e-02
0
0
1.837920e-02
0
0
0
1.620186e-01
2.951245e-01
2.690788e-01
1.180042e-01
5.532386e-02
1.139615e-01
3.266853e-01
0
6.236919e-02
0
0
3.911449e-01
4.083171e-01
3.114256e-01
2.032594e-01
3.000316e-01
0
3.438407e-02
0
0
1.507098e-03
0
0
0
2.458282e-02
0
0
1.962022e-02
1.986722e-01
0
8.190990e-02
1.229312e-01
2.436555e-01
2.246088e-01
5.741993e-02
1.946014e-01
1.373167e-01
0
8.855298e-02
1
9.977579e-02
0
0
1.970246e-02
0
0
0
0
2.144448e-01
2.663228e-02
0
3.935191e-01
3.473669e-01
3.438832e-01
1.984990e-02
4.222696e-01
8.755772e-02
5.484427e-01
2.601184e-01
1.381414e-02
0
3.861413e-01
1.035913e-01
2.787798e-01
9.276028e-02
0
0
0
0
3.113119e-01
2.533671e-01
3.579336e-02
1.673116e-01
2.289445e-01
2.619348e-01
3.756569e-02
1.774705e-01
0
0
3.953832e-02
0
0
0
3.619551e-01
2.275330e-01
0
0
0
0
0
2.589290e-01
0
0
0
0
0
0
0
0
0
8.054815e-02
1.370948e-01
4.005846e-01
0
0
0
0
1.860400e-01
1.146516e-01
2.570076e-01
1.097168e-01
0
0
3.239207e-01
2.361907e-01
2.748742e-01
1.419282e-01
0
1.868935e-01
0
0
0
0
0
0
0
0
0
0
0
0
0
0
5.366497e-02
0
0
5.502037e-03
3.870259e-02
0
4.024777e-01
4.355555e-01
2.178760e-01
5.901829e-01
2.394031e-01
2.500845e-01
0
3.398392e-01
0
0
1.990840e-01
4.235441e-01
7.459130e-02
2.603830e-01
4.283949e-01
4.445007e-01
9.977579e-02
1
0
2.217196e-01
2.494938e-01
0
2.197789e-01
0
6.101026e-01
4.257176e-01
2.137201e-01
2.717102e-01
4.845548e-01
4.588837e-01
2.754220e-03
1.499752e-01
2.348754e-01
7.973485e-02
1.387605e-02
7.059294e-02
4.619201e-01
0
9.869609e-02
0
8.129342e-02
0
0
0
1.278291e-01
1.099643e-01
0
0
5.630549e-01
5.986012e-01
3.652748e-01
1.271583e-01
0
0
0
0
6.137479e-01
1.950159e-01
0
0
0
5.805069e-04
1.106404e-01
0
0
1.088755e-02
0
0
0
0
0
0
0
0
0
0
0
1.883552e-02
9.675001e-02
0
0
0
4.353079e-02
0
0
0
0
4.988890e-02
0
0
2.457612e-01
2.309950e-01
0
0
6.727679e-02
0
1.171946e-02
2.651132e-01
2.355112e-02
1.216826e-01
1.443305e-01
4.102456e-02
5.139937e-02
1.072548e-03
1.105545e-02
9.213880e-02
6.418742e-02
6.182034e-02
2.045388e-01
0
5.737108e-01
9.280440e-02
0
0
1.980363e-01
0
0
0
0
0
2.292307e-01
1.204225e-01
6.322118e-03
7.710930e-02
0
0
0
2.420054e-01
0
0
0
1.797764e-01
0
0
1
4.461984e-01
2.776192e-01
0
0
5.616102e-02
9.611372e-02
0
4.964703e-01
6.035901e-01
0
3.439100e-01
3.915055e-01
7.457367e-02
0
1.565409e-01
0
0
7.680694e-02
3.380359e-01
0
2.823318e-01
0
0
0
0
3.975355e-01
4.951001e-01
2.482586e-01
2.028050e-01
0
2.916817e-01
3.440303e-01
3.853533e-01
5.801521e-01
4.057163e-01
0
0
0
0
0
0
0
0
0
0
0
1.856761e-01
0
0
0
0
0
0
0
0
0
0
2.170282e-01
4.121929e-01
5.428232e-01
1.121709e-01
7.667246e-03
0
1.484604e-01
4.430394e-01
1.945162e-01
2.340194e-01
0
0
0
2.103714e-01
0
4.277067e-01
0
0
2.916855e-01
2.295344e-01
0
0
0
0
0
0
0
0
0
0
0
2.388265e-01
0
1.617904e-01
1.003974e-01
3.352236e-01
6.811282e-02
2.062360e-01
4.036051e-01
3.148634e-01
0
0
0
0
5.344757e-01
4.376669e-01
1.708011e-01
6.328674e-01
0
0
1.818014e-01
0
1.430404e-01
0
5.499030e-01
5.524035e-01
0
2.217196e-01
4.461984e-01
1
8.228300e-01
0
0
0
7.144879e-01
4.423647e-01
4.757682e-01
6.601620e-01
0
1.896396e-01
2.537139e-01
2.267798e-01
0
2.338727e-01
0
3.244179e-02
1.699719e-01
5.167377e-01
5.387419e-02
4.437835e-01
1.469013e-01
2.521688e-02
0
0
5.109631e-01
5.439210e-01
2.320010e-01
2.661549e-01
0
3.416785e-01
4.775682e-02
2.798803e-01
5.533714e-01
5.844595e-01
0
0
0
0
0
0
0
0
0
7.110133e-02
0
1.103158e-01
0
0
0
0
0
0
0
0
0
0
0
1.968027e-01
2.547459e-01
0
0
0
2.506361e-01
5.592413e-01
1.247430e-01
1.802534e-01
0
0
2.315613e-01
3.911859e-01
0
1.911609e-01
0
0
5.710761e-01
4.470692e-01
0
0
0
0
0
0
0
0
0
0
1.349577e-01
3.587275e-01
0
9.027791e-02
8.223645e-02
1.335222e-01
9.125682e-03
4.670159e-02
1.662450e-01
7.797932e-02
0
0
4.108162e-02
0
6.233978e-01
6.345931e-01
6.202606e-02
7.139174e-01
0
0
2.692681e-01
0
3.164697e-01
4.448148e-02
5.570978e-01
7.076866e-01
1.970246e-02
2.494938e-01
2.776192e-01
8.228300e-01
1
9.689998e-02
6.259696e-02
0
7.228940e-01
6.885981e-01
2.551566e-01
2.571160e-01
0
0
0
0
0
0
0
0
2.223776e-01
8.743918e-03
0
0
0
0
3.676956e-01
1.746039e-01
2.013876e-01
8.193382e-02
0
0
0
0
0
0
0
0
4.710358e-01
1.625224e-01
0
0
1.687685e-01
1.313831e-01
0
0
9.445571e-02
3.316379e-01
0
8.749231e-02
0
0
5.205871e-01
5.791465e-01
3.284019e-01
4.742813e-01
6.085274e-01
5.311296e-01
6.113493e-01
4.387567e-01
6.103187e-03
0
0
0
4.039591e-01
3.355214e-01
4.181902e-01
1.048410e-01
0
0
0
0
3.593738e-01
6.107691e-02
0
0
0
0
3.908220e-01
9.958860e-02
8.917249e-02
0
0
0
0
0
2.750835e-01
1.078067e-01
3.643804e-01
2.819270e-01
4.638237e-01
2.163278e-01
8.677551e-02
0
0
0
0
0
0
0
0
0
0
7.493693e-02
2.495949e-01
4.060527e-02
2.438434e-01
2.215691e-01
6.087436e-01
4.070536e-01
0
0
2.041825e-01
1.684954e-01
0
1.661371e-01
0
0
0
0
9.689998e-02
1.000000e+00
4.274749e-01
1.939740e-01
0
8.371100e-03
4.131292e-01
7.856419e-02
1.964560e-02
0
0
0
2.989709e-01
0
0
0
9.944316e-02
0
1.638138e-01
0
0
0
5.238851e-02
0
1.561861e-01
1.582511e-01
3.258662e-01
1.638282e-01
0
0
0
4.372069e-02
1.000092e-01
1.251738e-02
1.800829e-01
0
0
0
1.102976e-01
2.500158e-01
0
0
2.664333e-02
0
0
0
0
0
2.144883e-01
2.509675e-01
0
7.240588e-02
2.041925e-01
3.016496e-01
4.532897e-01
1.788376e-01
3.654535e-01
1.296043e-01
1.557167e-01
5.503451e-03
2.336756e-01
2.277719e-01
1.101278e-01
0
3.725506e-01
0
2.372409e-01
0
2.048620e-01
0
0
0
0
0
2.018243e-01
3.272043e-01
0
0
8.689637e-02
0
1.407044e-01
2.968013e-02
0
0
0
0
0
0
0
0
0
0
0
0
0
0
1.730595e-01
4.375552e-01
1.488270e-01
4.184378e-01
1.667175e-01
0
2.132261e-01
2.861752e-01
2.612275e-01
5.721895e-01
4.217692e-01
3.045400e-02
5.719177e-01
6.183022e-01
4.119839e-01
1.222409e-01
0
2.197789e-01
0
0
6.259696e-02
4.274749e-01
1.000000e+00
4.364336e-01
2.923071e-01
0
0
0
0
0
0
0
1.092051e-01
0
0
0
0
0
0
0
0
0
3.779188e-01
1.891779e-01
0
0
5.048917e-02
0
4.259659e-03
0
0
0
0
0
4.067128e-01
1.241463e-01
0
9.754978e-02
3.381694e-01
5.571980e-01
0
3.030938e-02
0
0
7.006580e-02
0
1.098114e-01
6.820336e-02
5.134088e-01
5.714346e-01
3.614718e-01
4.321751e-01
5.373495e-01
5.658396e-01
5.240064e-01
2.187490e-01
3.271636e-01
0
1.148646e-01
0
5.022372e-01
3.676906e-01
9.006785e-02
2.556045e-02
2.138660e-01
0
3.928779e-01
0
2.680737e-01
0
0
0
3.610859e-01
2.170260e-01
0
0
7.859654e-02
4.303521e-02
3.730291e-01
1.941057e-01
5.235788e-01
2.995800e-01
2.155308e-01
1.894596e-01
2.470939e-01
5.694833e-02
9.657675e-02
6.307399e-03
0
0
0
0
0
0
8.159382e-02
0
0
0
0
4.269776e-02
0
0
3.798419e-01
0
5.612775e-01
6.022000e-01
0
0
1.959401e-01
3.630083e-01
1.146018e-01
0
0
0
5.616102e-02
0
0
1.939740e-01
4.364336e-01
1
0
0
5.405610e-01
4.091167e-01
1.445101e-01
3.308362e-01
4.890404e-01
6.233667e-02
2.557544e-01
1.470699e-01
1.901777e-01
1.175544e-01
3.623795e-03
1.757630e-01
2.359743e-01
3.059432e-01
5.152890e-02
0
0
0
3.278047e-01
4.797820e-01
4.060908e-01
3.698991e-01
0
2.931486e-01
3.005967e-01
5.044823e-01
4.736021e-01
4.055899e-01
0
0
0
0
1.281701e-02
0
0
0
0
0
0
1.537410e-01
0
4.544359e-02
0
0
0
0
0
0
0
0
1.000036e-01
2.325929e-01
2.541698e-01
1.318296e-01
0
0
7.443036e-02
2.374783e-01
2.464125e-01
1.023054e-01
0
0
0
1.069721e-01
0
2.795618e-01
0
0
2.853795e-01
4.314858e-01
0
0
0
0
0
0
0
0
0
0
0
0
0
0
0
1.059632e-01
0
0
1.386865e-01
2.227274e-03
1.396470e-01
8.273805e-02
5.132733e-03
1.999675e-01
5.913563e-01
4.867976e-01
1.991272e-01
8.517347e-01
0
0
2.781590e-01
0
2.032320e-01
4.758741e-02
6.090463e-01
7.198969e-01
0
6.101026e-01
9.611372e-02
7.144879e-01
7.228940e-01
0
2.923071e-01
0
1.000000e+00
6.757791e-01
2.163763e-01
3.491314e-01
0
1.833983e-01
3.841122e-01
1.823616e-01
0
2.848000e-01
2.116522e-01
2.564799e-01
0
2.605090e-01
1.427350e-01
2.179071e-01
4.103831e-02
0
0
0
3.577912e-01
3.750341e-01
1.615482e-01
3.426121e-01
0
8.387193e-02
2.020780e-02
3.095440e-01
3.702491e-01
6.379855e-01
0
0
0
0
0
0
6.723720e-02
0
0
4.398135e-01
0
1.735626e-01
0
8.770397e-02
0
0
0
0
0
0
0
0
0
1.838239e-01
1.691960e-02
2.826095e-01
0
0
0
2.702285e-01
7.221535e-02
2.227631e-01
0
1.231933e-01
0
2.307093e-01
0
1.247155e-01
0
0
3.148646e-01
4.648060e-01
0
0
0
0
0
0
0
0
0
0
0
1.224782e-01
0
0
0
0
0
0
0
0
3.828054e-01
4.634879e-02
1.054513e-01
8.650791e-02
6.708392e-01
7.371054e-01
1.513950e-01
6.580443e-01
0
0
3.845602e-01
0
1.901856e-01
0
5.069707e-01
7.902605e-01
2.144448e-01
4.257176e-01
0
4.423647e-01
6.885981e-01
8.371100e-03
0
0
6.757791e-01
1
