1
6.815029e-01
6.963455e-04
2.435932e-01
5.450144e-02
0
1.757765e-01
1.918037e-01
0
0
4.292854e-01
5.874943e-01
5.134160e-01
5.327841e-01
1.637804e-01
0
0
0
6.911948e-01
6.427639e-01
3.360797e-01
2.399719e-01
0
2.078614e-01
9.001134e-02
1.022824e-01
5.560146e-01
3.507249e-01
0
0
0
0
0
0
0
0
0
0
0
7.477822e-02
0
0
0
0
0
0
0
0
0
0
1.508242e-01
2.660035e-01
3.080834e-01
0
0
0
3.846246e-01
4.609867e-01
4.133416e-01
2.568086e-01
9.910589e-02
0
1.943962e-01
4.484922e-01
0
4.076667e-01
0
0
4.175929e-01
4.257504e-01
0
7.689656e-02
1.840416e-03
0
4.499180e-02
8.784520e-03
0
0
0
0
0
0
0
0
0
3.695475e-01
1.113531e-02
0
3.468921e-01
1.559337e-01
0
7.284251e-02
0
0
2.855747e-01
2.064724e-01
0
4.708947e-01
0
0
3.543806e-01
0
2.980561e-01
3.023200e-01
3.852546e-01
4.538470e-01
0
4.321970e-02
2.461499e-01
5.320537e-01
5.030784e-01
2.239276e-01
4.398610e-01
0
5.629436e-01
2.353086e-01
6.815029e-01
1
0
1.594109e-01
8.214432e-02
3.227301e-01
0
3.830181e-01
0
1.828902e-02
2.521772e-01
6.915317e-01
2.306956e-01
6.356514e-01
2.744822e-01
3.081652e-01
0
0
8.184698e-01
8.266451e-01
3.325364e-01
4.759281e-01
9.556064e-03
2.926989e-01
0
0
6.639816e-01
5.875943e-01
1.656412e-01
2.023816e-01
0
0
0
0
0
0
0
0
0
1.202225e-01
0
0
0
0
0
0
0
0
0
0
0
0
2.616245e-01
0
0
0
5.512152e-01
7.099097e-01
2.038352e-02
2.686406e-02
0
1.274028e-01
3.834559e-01
6.023167e-01
0
1.903331e-01
0
0
6.236454e-01
4.802747e-01
1.742032e-01
3.066737e-01
1.090253e-01
1.361233e-02
1.184429e-01
3.611246e-02
0
0
0
0
2.065366e-01
2.714674e-01
5.265231e-02
2.143716e-01
0
1.530354e-01
8.745029e-02
0
6.862852e-02
1.317941e-01
0
0
0
0
2.594406e-01
3.297707e-01
0
3.627902e-01
0
0
2.223481e-01
0
2.139265e-01
0
3.231541e-01
3.402861e-01
0
0
2.909807e-01
5.892578e-01
6.591085e-01
9.518746e-02
1.224430e-01
0
4.314802e-01
3.042134e-01
6.963455e-04
0
1
5.550529e-01
2.045353e-01
1.888519e-01
8.433963e-01
8.138825e-02
5.783869e-01
4.692485e-01
4.178488e-01
0
4.883469e-01
0
2.572074e-01
0
0
0
0
0
0
9.927294e-02
6.195741e-01
4.500833e-01
4.252501e-01
2.433364e-01
0
0
0
0
7.838690e-01
4.221478e-01
1.534401e-01
0
4.952801e-01
4.652874e-01
3.676090e-01
0
4.506380e-02
0
0
0
0
0
0
0
0
0
0
0
0
0
0
1.932013e-01
0
0
0
0
0
0
6.542853e-02
1.605678e-01
0
0
5.911245e-01
2.483451e-01
2.656820e-01
7.304434e-02
0
0
4.138842e-02
4.829866e-02
0
0
0
6.173088e-03
8.544038e-02
0
1.617253e-02
0
0
0
0
0
3.479588e-01
0
0
0
0
0
1.240311e-01
6.691874e-01
2.226180e-01
6.215487e-01
2.215579e-01
9.278008e-02
2.711369e-02
7.108168e-03
0
0
0
5.382977e-01
0
0
0
2.790822e-01
0
4.141200e-01
4.723992e-01
0
0
0
1.969517e-02
0
1.373711e-01
0
2.435932e-01
1.594109e-01
5.550529e-01
1
2.771184e-01
3.956480e-01
4.356016e-01
5.361869e-01
3.577724e-01
5.183589e-01
2.595123e-01
1.308067e-01
4.996905e-01
2.308060e-01
2.508914e-01
0
0
0
1.399111e-01
1.584373e-01
4.499098e-02
1.412770e-01
4.456206e-01
5.151291e-01
5.262853e-01
1.509587e-01
5.387500e-02
3.334423e-02
0
0
5.082485e-01
3.778917e-01
0
0
3.584757e-01
2.033926e-01
0
0
0
0
0
0
0
0
0
0
0
0
0
0
0
1.181709e-01
1.241512e-01
1.840343e-01
0
0
0
0
0
8.408157e-02
0
4.853049e-01
0
0
3.813383e-01
6.553268e-01
1.195488e-02
0
0
0
0
2.192211e-03
0
0
0
0
0
0
0
0
0
0
0
0
4.084854e-01
4.781444e-01
1.911306e-02
0
2.549826e-01
1.186671e-01
2.132028e-01
1.305916e-01
7.854161e-02
1.186629e-01
3.693328e-01
4.147113e-01
5.457155e-02
1.320403e-01
0
0
0
2.182838e-01
0
0
1.099066e-01
4.420263e-01
0
3.254462e-01
5.044270e-01
4.467129e-01
2.722394e-01
0
0
0
3.876163e-01
2.660540e-01
5.450144e-02
8.214432e-02
2.045353e-01
2.771184e-01
1.000000e+00
2.027219e-01
2.313915e-01
3.647198e-02
3.757139e-01
1.865079e-01
0
0
1.727632e-01
1.221609e-01
2.257277e-01
0
0
0
4.816565e-02
1.083589e-01
3.862129e-01
3.266692e-01
1.089549e-01
2.333708e-01
5.774152e-01
6.218472e-01
4.962232e-01
3.921711e-01
0
0
0
0
2.422904e-01
2.022747e-01
3.677075e-01
2.659521e-01
0
0
6.533681e-02
1.418296e-02
0
1.362639e-01
0
0
0
0
0
0
0
0
5.655227e-03
0
1.462863e-01
3.383353e-01
0
0
0
6.793789e-02
8.798444e-04
0
1.232591e-01
1.152740e-01
0
1.315405e-01
3.429638e-01
3.694748e-01
1.375853e-01
1.411763e-01
0
0
0
0
0
4.924285e-02
0
0
0
0
0
0
0
0
0
4.179802e-02
7.606829e-02
9.189898e-03
0
1.033293e-01
2.526024e-01
3.699226e-02
9.343050e-02
1.745853e-01
7.867557e-02
9.710665e-02
6.722723e-02
2.603167e-01
0
3.024899e-01
0
0
1.033893e-01
6.706567e-02
0
0
3.923512e-01
2.594136e-01
0
4.840421e-01
0
2.808706e-01
1.677364e-01
0
0
0
4.699103e-01
3.021501e-01
0
3.227301e-01
1.888519e-01
3.956480e-01
2.027219e-01
1
1.024263e-01
6.910878e-01
6.135643e-01
7.809343e-01
2.445049e-01
1.799076e-01
3.669996e-01
4.730640e-01
6.459469e-01
3.603450e-01
0
0
4.450678e-01
4.069021e-01
0
1.969667e-01
5.548268e-01
6.865215e-01
4.224927e-02
1.057655e-01
8.657382e-02
4.187962e-01
0
0
3.511151e-01
1.922572e-01
2.059870e-01
0
1.170709e-01
1.428256e-01
0
0
0
0
0
0
0
0
0
0
0
0
0
0
0
0
0
0
0
0
0
0
0
0
0
6.234487e-01
0
3.286991e-01
1.936439e-01
1.653753e-01
0
0
6.622080e-02
1.127270e-01
0
1.866287e-01
0
0
0
0
0
0
0
0
3.591893e-02
1.323131e-01
6.681257e-02
0
1.351515e-01
7.271881e-02
0
0
0
0
2.332503e-01
5.356612e-02
6.712182e-01
1.774322e-01
2.500754e-01
5.671121e-01
0
1.142155e-01
0
0
0
0
0
0
5.123935e-02
2.265373e-01
0
0
1.365075e-01
7.682354e-02
2.295473e-01
0
0
0
4.870820e-02
2.123608e-01
1.757765e-01
0
8.433963e-01
4.356016e-01
2.313915e-01
1.024263e-01
1
9.927489e-02
5.321741e-01
3.796674e-01
1.557187e-01
0
6.005070e-01
0
1.451687e-01
0
0
0
1.312943e-02
2.217662e-02
6.147851e-02
1.993698e-01
4.564545e-01
3.285644e-01
3.658280e-01
2.177708e-01
0
0
0
0
4.863258e-01
2.002692e-01
2.426059e-01
8.509860e-02
3.420659e-01
3.232645e-01
2.082102e-01
0
0
0
0
0
0
0
0
0
0
0
0
0
0
0
0
1.101958e-01
0
0
0
0
0
0
3.034012e-01
2.080376e-01
0
0
4.479316e-01
2.986448e-01
2.694066e-01
5.614641e-02
0
5.029221e-02
7.023493e-02
6.104096e-02
9.451746e-02
0
1.062494e-01
2.829980e-01
0
0
0
0
0
0
0
0
0
0
0
0
0
0
3.454831e-01
8.020796e-01
2.460854e-01
6.303501e-01
2.143308e-01
9.570691e-03
1.270806e-01
1.741914e-01
0
9.842745e-02
0
2.640967e-01
0
0
2.094702e-01
1.910618e-01
0
4.103635e-01
2.345997e-01
0
0
0
2.955025e-01
1.116163e-01
2.542736e-01
0
1.918037e-01
3.830181e-01
8.138825e-02
5.361869e-01
3.647198e-02
6.910878e-01
9.927489e-02
1
2.914995e-01
7.238476e-01
0
4.478588e-01
4.200003e-01
7.047242e-01
4.827010e-01
4.746939e-01
0
0
5.124958e-01
5.222171e-01
1.309852e-01
4.055917e-01
2.331051e-01
4.830531e-01
1.710545e-01
1.479170e-01
3.445066e-01
4.821653e-01
0
0
1.715832e-01
0
0
0
0
0
0
0
0
0
0
0
0
0
0
0
0
0
0
0
0
1.331498e-01
0
5.913688e-02
0
0
0
0
0
6.039736e-02
0
8.370022e-01
0
3.470343e-01
0
3.596586e-01
0
0
8.615049e-02
3.266846e-01
0
2.714046e-01
0
0
0
0
0
0
0
0
0
0
3.587578e-02
0
0
3.849718e-01
0
0
0
0
4.644527e-01
2.823124e-03
4.598808e-01
0
2.660177e-01
5.101256e-01
0
2.117450e-01
0
0
1.796321e-01
0
1.161515e-02
0
1.136389e-01
2.116168e-01
0
2.438960e-02
1.170390e-01
2.397321e-01
3.053780e-01
0
0
0
1.897380e-01
3.756601e-01
0
0
5.783869e-01
3.577724e-01
3.757139e-01
6.135643e-01
5.321741e-01
2.914995e-01
1
7.311621e-01
1.604372e-02
0
3.872786e-01
0
4.809562e-01
8.200826e-02
0
0
0
0
0
7.195152e-02
5.332954e-01
4.664199e-01
1.684051e-01
1.534736e-01
0
5.486348e-02
0
0
4.559852e-01
2.913866e-01
3.238123e-01
2.426367e-02
6.062850e-01
5.484126e-01
2.518059e-03
0
0
0
0
2.061427e-01
0
0
1.508981e-01
0
0
0
0
0
0
0
0
0
0
0
0
0
0
0
1.116257e-01
4.068574e-01
0
0
6.154124e-01
3.981968e-02
1.700805e-01
0
0
0
0
0
0
0
0
0
0
0
0
0
0
0
0
0
1.511188e-01
0
0
0
0
0
4.659515e-01
4.992701e-01
6.230294e-01
6.880500e-01
2.570661e-01
4.763775e-01
1.789102e-02
1.890218e-01
0
0
0
2.292667e-01
0
0
1.323431e-01
2.803187e-01
0
5.070085e-01
8.223894e-03
0
0
0
0
0
1.823182e-01
2.448595e-01
0
1.828902e-02
4.692485e-01
5.183589e-01
1.865079e-01
7.809343e-01
3.796674e-01
7.238476e-01
7.311621e-01
1
1.618918e-01
3.549043e-03
4.842097e-01
3.628668e-01
5.746146e-01
3.609637e-01
0
0
2.374975e-01
2.281615e-01
0
2.008648e-01
5.412566e-01
5.561837e-01
2.476721e-01
1.548197e-01
0
2.152046e-01
0
0
4.555335e-01
1.962792e-01
3.567325e-02
0
3.265942e-01
3.035390e-01
6.699906e-02
0
0
0
0
0
0
0
0
0
0
0
0
0
0
0
0
1.012847e-01
0
0
0
0
0
0
0
6.981883e-01
0
0
3.372591e-01
2.643368e-01
0
0
0
1.252935e-01
0
5.992531e-02
0
0
0
0
0
0
0
0
0
0
6.699414e-02
0
5.446130e-02
1.364082e-01
0
0
0
0
4.850908e-01
3.809674e-01
6.722418e-01
4.467090e-01
2.878876e-01
4.696926e-01
0
5.165875e-02
0
0
0
1.270713e-01
0
0
0
3.150970e-01
0
2.230189e-01
9.248339e-02
0
6.493732e-02
0
0
0
1.395925e-01
2.994747e-01
4.292854e-01
2.521772e-01
4.178488e-01
2.595123e-01
0
2.445049e-01
1.557187e-01
0
1.604372e-02
1.618918e-01
1
2.882971e-01
4.550928e-01
1.729121e-01
4.211135e-01
0
0
0
3.943152e-01
1.876900e-01
0
0
4.038198e-01
4.452526e-01
0
0
0
9.144264e-02
2.874646e-02
7.961362e-02
4.824090e-01
2.356989e-01
0
0
0
0
9.719296e-02
0
0
0
0
0
0
0
0
0
0
0
0
0
0
0
0
0
0
0
0
3.311194e-02
0
0
0
0
1.668599e-01
2.135016e-01
7.412894e-02
1.926628e-01
0
0
1.487405e-01
4.912710e-02
4.886670e-02
8.636712e-02
0
0
0
0
0
0
7.198070e-02
2.453732e-01
1.923472e-01
0
2.479353e-01
0
6.116029e-01
1.216952e-01
5.679011e-02
0
2.552774e-01
0
0
2.438693e-01
2.344674e-01
2.566222e-01
2.589854e-01
1.951352e-01
0
0
0
0
0
5.344257e-01
0
7.704021e-02
0
4.907354e-01
0
0
5.119889e-01
1.843476e-01
2.576493e-01
3.513686e-01
1.297334e-01
0
5.961447e-02
0
5.874943e-01
6.915317e-01
0
1.308067e-01
0
1.799076e-01
0
4.478588e-01
0
3.549043e-03
2.882971e-01
1.000000e+00
2.242568e-01
8.244455e-01
4.488749e-01
5.315657e-01
0
0
6.246319e-01
5.167819e-01
3.696769e-01
2.618449e-01
0
5.354599e-02
0
2.926763e-02
6.892687e-01
6.707236e-01
0
2.774134e-01
0
0
0
0
0
0
0
8.191449e-02
0
6.542578e-02
0
0
0
0
0
0
0
0
0
0
0
2.729945e-01
4.089135e-01
1.072289e-01
0
0
3.076985e-01
5.790650e-01
1.990415e-01
4.158403e-01
0
1.973200e-01
4.465152e-01
7.178055e-01
0
2.879848e-01
0
0
4.071116e-01
2.315716e-01
0
8.689928e-02
0
0
0
0
0
3.111368e-02
0
0
1.060556e-01
1.527480e-01
3.263900e-01
4.628741e-01
2.195010e-02
4.939693e-01
4.924674e-01
6.666934e-02
3.462729e-01
4.570590e-01
0
0
1.958987e-02
0
3.699592e-02
3.236249e-01
0
1.185014e-01
0
0
4.361069e-01
0
2.243753e-01
3.463098e-02
1.564594e-01
2.993420e-01
0
0
6.579056e-02
4.599329e-01
6.024651e-01
4.437232e-02
4.346833e-02
0
2.607141e-01
3.407483e-01
5.134160e-01
2.306956e-01
4.883469e-01
4.996905e-01
1.727632e-01
3.669996e-01
6.005070e-01
4.200003e-01
3.872786e-01
4.842097e-01
4.550928e-01
2.242568e-01
1
3.721997e-01
5.780454e-01
6.739901e-02
0
0
4.853565e-01
3.213365e-01
2.536790e-02
2.029298e-01
3.157940e-01
4.584255e-01
2.948629e-01
1.423702e-01
1.364140e-01
2.539430e-01
0
0
3.095858e-01
1.571191e-01
0
0
1.373279e-02
0
0
0
0
0
0
0
0
0
0
0
0
0
0
0
0
0
0
1.013417e-01
0
0
0
0
0
0
3.586757e-01
5.132080e-01
0
1.370903e-01
2.002056e-01
6.317297e-01
0
0
0
2.109855e-01
0
5.989717e-02
0
0
0
7.265169e-02
0
0
0
0
0
0
0
0
2.025007e-01
1.216575e-01
0
0
1.470808e-01
0
4.858026e-01
6.334743e-01
4.617504e-01
4.005504e-01
1.919254e-01
3.714783e-01
0
1.285069e-01
0
0
1.744547e-01
3.045910e-01
0
1.627403e-01
2.965316e-01
4.493118e-01
0
3.441569e-01
1.599501e-01
5.829060e-02
1.580955e-01
0
2.042424e-01
0
3.100545e-01
2.546673e-01
5.327841e-01
6.356514e-01
0
2.308060e-01
1.221609e-01
4.730640e-01
0
7.047242e-01
0
3.628668e-01
1.729121e-01
8.244455e-01
3.721997e-01
1
6.391339e-01
6.906648e-01
0
0
6.594471e-01
6.213918e-01
3.163594e-01
3.157739e-01
1.033384e-01
3.999052e-01
1.371816e-01
2.782409e-01
6.892269e-01
6.625271e-01
0
0
0
0
0
0
0
0
0
0
0
0
0
0
0
0
0
0
0
0
0
0
0
1.664269e-01
1.824146e-01
0
0
0
1.545293e-01
3.188029e-01
0
1.805472e-01
0
4.697716e-01
1.712692e-01
6.735543e-01
0
3.439806e-01
0
0
3.603615e-01
3.261937e-01
0
6.939684e-02
0
0
0
0
0
0
0
0
0
5.615218e-02
2.136707e-01
2.693706e-01
0
5.344488e-01
1.336314e-01
9.056163e-03
1.199732e-01
1.404672e-01
1.613331e-01
0
3.832129e-01
0
8.970105e-02
4.606315e-01
0
3.599972e-01
0
0
4.079423e-01
0
2.847860e-01
0
2.110224e-01
2.942428e-01
0
2.345428e-02
7.004383e-02
4.387984e-01
5.785333e-01
0
4.597262e-02
0
3.985131e-01
3.505308e-01
1.637804e-01
2.744822e-01
2.572074e-01
2.508914e-01
2.257277e-01
6.459469e-01
1.451687e-01
4.827010e-01
4.809562e-01
5.746146e-01
4.211135e-01
4.488749e-01
5.780454e-01
6.391339e-01
1
5.993147e-01
0
0
4.457331e-01
2.705196e-01
0
5.860439e-02
3.881269e-01
4.590072e-01
8.667904e-02
9.468656e-02
2.283550e-01
5.481630e-01
0
0
2.617870e-01
8.386850e-02
0
0
4.826748e-03
0
0
0
0
0
0
0
0
0
0
0
0
0
0
0
0
0
0
2.304297e-02
0
0
0
0
0
0
0
5.348357e-01
3.736183e-03
3.708176e-01
1.110729e-01
3.278841e-01
0
0
0
0
0
1.197193e-02
0
0
0
0
0
0
0
0
0
0
3.409943e-01
7.610223e-02
3.161636e-01
1.872188e-01
2.229062e-01
0
7.766467e-02
0
2.037929e-01
2.172293e-01
6.195297e-01
3.063251e-01
2.461796e-03
5.490918e-01
0
5.549759e-03
0
0
2.297024e-01
1.663729e-01
8.622974e-02
0
1.797674e-01
3.483586e-01
0
2.466461e-01
1.583112e-01
1.241482e-01
2.746764e-01
0
0
0
1.470945e-01
1.562337e-01
0
3.081652e-01
0
0
0
3.603450e-01
0
4.746939e-01
8.200826e-02
3.609637e-01
0
5.315657e-01
6.739901e-02
6.906648e-01
5.993147e-01
1
0
0
2.961759e-01
3.120669e-01
1.854260e-01
1.231863e-01
6.659822e-02
3.799707e-02
0
0
3.368026e-01
3.799951e-01
3.041196e-02
2.943223e-01
0
0
0
0
0
0
0
0
1.054336e-02
4.447263e-03
3.103724e-02
0
0
0
0
0
0
0
0
0
0
0
1.759578e-01
0
0
0
8.291272e-02
2.120836e-01
0
1.522254e-02
0
4.429581e-01
1.788833e-01
3.486503e-01
0
1.277462e-01
0
0
5.991594e-02
0
0
1.140566e-01
7.012914e-03
0
0
0
3.373453e-02
1.897504e-01
0
0
1.123536e-02
2.466404e-01
5.113702e-01
6.400100e-01
0
3.765193e-01
3.156530e-01
4.614268e-01
2.954697e-02
2.257734e-01
1.228968e-01
0
2.515927e-01
0
0
1.938128e-01
0
0
0
0
2.495797e-01
0
1.396521e-01
0
0
0
0
0
0
1.585173e-01
2.401676e-01
0
0
0
8.261190e-02
7.478987e-02
0
0
0
0
0
0
0
0
0
0
0
0
0
0
0
0
1
7.518414e-01
0
0
0
0
2.384166e-03
0
0
0
0
0
7.978254e-01
6.559323e-01
0
8.165512e-02
1.774364e-01
2.002465e-01
0
0
3.263268e-01
1.193843e-01
1.164819e-01
1.806507e-01
6.005689e-01
4.000842e-01
4.957249e-01
6.585699e-01
4.386856e-01
5.318279e-01
5.462370e-01
3.783731e-01
4.578925e-01
3.069245e-01
2.705515e-02
0
0
0
3.865848e-01
2.112791e-01
6.230965e-01
1.116829e-01
0
0
0
0
4.651194e-01
2.500923e-02
0
0
4.374496e-02
0
3.453765e-01
0
4.623089e-01
3.748819e-01
6.346385e-01
5.926886e-01
5.536114e-01
3.120780e-01
5.248019e-01
4.204770e-01
7.797269e-01
6.437048e-01
7.305647e-01
3.703613e-01
3.793056e-01
2.178899e-01
0
0
1.406463e-02
8.809031e-02
0
0
0
0
0
0
0
0
0
0
5.774238e-01
5.332624e-01
0
1.220341e-01
4.148606e-02
2.124973e-01
0
0
2.872592e-01
0
0
0
0
4.611171e-01
2.666532e-02
3.657405e-01
0
0
0
0
0
0
0
0
0
0
0
0
0
0
0
0
0
0
7.518414e-01
1
0
0
0
0
0
0
0
0
0
0
5.321992e-01
7.153763e-01
0
1.496403e-01
1.211637e-01
2.036228e-01
4.228290e-02
6.203835e-02
3.831486e-01
3.638644e-01
3.993343e-01
2.554003e-01
5.961872e-01
3.932727e-01
3.167500e-01
4.232018e-01
4.360298e-01
4.011117e-01
3.344448e-01
1.959629e-01
1.718257e-01
4.667416e-02
1.675526e-01
0
0
0
4.765474e-01
2.803595e-01
3.654326e-01
2.093251e-01
0
0
0
0
3.910822e-01
0
1.422747e-01
0
3.145975e-01
2.981372e-01
4.922689e-02
0
3.890279e-01
1.330664e-01
3.414391e-01
5.175048e-01
3.939769e-01
1.552205e-01
4.889852e-01
5.320054e-01
7.729529e-01
8.012932e-01
6.703472e-01
4.912489e-01
4.296562e-01
3.682036e-01
3.151968e-01
0
3.454050e-01
3.679519e-01
2.582288e-03
1.529136e-01
0
0
0
0
0
0
2.762462e-02
0
4.467114e-01
2.554084e-01
0
2.064587e-01
0
3.690450e-02
0
0
3.012865e-01
0
0
0
0
1.953393e-01
0
1.924713e-01
0
0
6.911948e-01
8.184698e-01
0
1.399111e-01
4.816565e-02
4.450678e-01
1.312943e-02
5.124958e-01
0
2.374975e-01
3.943152e-01
6.246319e-01
4.853565e-01
6.594471e-01
4.457331e-01
2.961759e-01
0
0
1.000000e+00
9.297907e-01
2.376077e-01
5.026102e-01
6.789149e-02
4.189053e-01
0
2.856818e-02
5.395672e-01
6.768474e-01
1.287578e-01
6.208476e-02
0
0
0
0
0
0
0
0
0
0
0
0
0
0
0
0
0
0
0
0
0
0
3.818712e-03
0
0
0
3.862639e-01
4.479506e-01
0
0
0
2.826527e-01
2.715171e-01
7.345223e-01
0
2.757557e-01
0
0
6.186776e-01
6.054097e-01
2.134094e-01
3.246736e-01
1.388947e-01
8.962691e-02
7.316479e-02
1.958755e-01
0
0
0
0
2.280953e-02
0
0
2.387552e-02
0
1.370669e-01
0
0
0
0
3.911598e-02
1.480461e-02
2.305566e-01
0
2.329148e-01
3.947196e-01
0
3.447754e-01
0
0
2.299928e-01
0
3.423823e-01
1.136964e-01
2.990993e-01
4.222586e-01
0
0
1.439241e-01
3.962682e-01
5.128045e-01
1.404296e-01
1.856133e-01
0
3.430064e-01
3.458058e-01
6.427639e-01
8.266451e-01
0
1.584373e-01
1.083589e-01
4.069021e-01
2.217662e-02
5.222171e-01
0
2.281615e-01
1.876900e-01
5.167819e-01
3.213365e-01
6.213918e-01
2.705196e-01
3.120669e-01
0
0
9.297907e-01
1.000000e+00
3.646210e-01
6.305750e-01
6.135413e-02
4.070068e-01
0
9.942874e-02
5.726519e-01
6.270862e-01
1.210444e-01
4.787319e-02
0
0
0
0
0
0
0
3.527128e-04
0
3.876290e-02
0
0
0
0
0
0
0
0
0
0
0
0
6.473805e-02
0
0
0
4.479113e-01
4.202840e-01
0
0
0
2.261609e-01
1.934705e-01
6.303113e-01
0
1.911702e-01
0
0
6.771721e-01
7.034759e-01
1.793802e-01
3.112333e-01
2.795735e-01
1.833907e-01
1.019707e-01
2.633890e-01
0
0
0
0
1.525514e-02
9.710938e-02
0
1.015094e-01
0
1.261058e-01
0
0
0
0
0
0
9.616395e-02
0
2.775408e-01
3.435505e-01
0
5.120114e-01
0
0
1.593205e-01
0
3.201212e-01
1.872178e-02
3.043668e-01
3.804774e-01
0
0
1.250003e-01
5.034591e-01
5.536093e-01
6.946323e-02
1.773995e-01
0
4.904348e-01
3.832515e-01
3.360797e-01
3.325364e-01
0
4.499098e-02
3.862129e-01
0
6.147851e-02
1.309852e-01
0
0
0
3.696769e-01
2.536790e-02
3.163594e-01
0
1.854260e-01
0
0
2.376077e-01
3.646210e-01
1
7.468669e-01
0
0
2.071601e-01
3.577666e-01
6.721180e-01
4.044863e-01
0
0
0
0
0
0
0
0
0
0
0
4.854774e-02
0
1.027030e-02
0
0
0
0
0
0
0
0
4.119064e-01
2.385598e-01
5.224020e-01
2.490891e-01
0
1.042743e-02
2.065721e-01
2.298078e-01
4.538972e-01
2.432657e-01
0
0
1.255086e-01
2.732579e-01
0
1.441226e-01
0
0
2.627444e-01
3.086011e-01
8.939610e-02
3.870436e-02
2.110367e-01
3.501103e-02
1.225663e-01
3.161826e-02
0
0
0
0
0
0
0
2.852894e-01
0
0
0
2.324526e-01
1.109336e-01
2.198869e-01
9.235509e-02
0
0
0
0
0
0
3.280715e-01
0
0
3.360251e-01
0
2.982606e-01
2.531852e-01
3.787077e-01
1.703074e-02
0
3.090243e-01
0
3.010949e-01
2.771673e-01
0
3.483075e-01
5.357931e-02
4.372227e-01
2.019594e-01
2.399719e-01
4.759281e-01
9.927294e-02
1.412770e-01
3.266692e-01
1.969667e-01
1.993698e-01
4.055917e-01
7.195152e-02
2.008648e-01
0
2.618449e-01
2.029298e-01
3.157739e-01
5.860439e-02
1.231863e-01
0
0
5.026102e-01
6.305750e-01
7.468669e-01
1
0
1.866719e-01
1.654597e-01
3.863547e-01
5.366721e-01
5.206344e-01
3.206748e-02
0
0
0
1.379544e-01
0
0
0
0
0
0
4.062052e-02
0
1.531054e-01
0
0
0
0
0
0
0
0
1.053688e-01
5.538320e-02
2.208964e-01
1.900255e-01
0
0
2.072749e-01
1.054511e-01
9.436462e-04
0
0
2.043570e-01
0
2.965832e-01
0
1.068394e-01
0
0
4.481551e-01
6.734170e-01
2.992595e-01
2.932089e-01
2.732667e-01
1.875329e-01
1.566731e-01
2.874393e-01
0
0
0
0
0
0
0
1.215775e-01
0
0
0
1.148272e-01
0
0
2.140512e-01
7.286875e-02
0
2.189573e-02
1.032852e-01
1.848940e-02
0
3.392909e-01
0
0
1.264441e-01
6.711421e-02
1.377836e-01
1.185684e-02
2.619717e-01
1.266297e-01
0
2.288018e-01
0
2.021711e-01
2.724516e-01
0
1.626174e-01
0
3.707910e-01
3.630127e-01
0
9.556064e-03
6.195741e-01
4.456206e-01
1.089549e-01
5.548268e-01
4.564545e-01
2.331051e-01
5.332954e-01
5.412566e-01
4.038198e-01
0
3.157940e-01
1.033384e-01
3.881269e-01
6.659822e-02
2.384166e-03
0
6.789149e-02
6.135413e-02
0
0
1.000000e+00
8.004412e-01
4.120115e-01
2.224806e-01
0
0
0
0
8.003072e-01
4.727477e-01
2.128771e-01
0
2.110667e-01
2.594011e-01
2.030042e-01
0
0
0
2.082465e-01
0
0
1.232384e-02
7.364024e-02
0
4.976564e-03
0
0
0
0
0
0
0
0
0
0
0
0
0
0
2.630335e-01
0
0
4.923071e-01
1.358486e-01
0
0
0
0
0
3.471087e-01
1.416503e-01
2.248143e-01
1.128045e-01
2.046409e-01
1.322028e-01
0
1.026238e-02
5.617127e-02
0
0
1.670765e-01
0
4.377304e-01
6.114058e-02
0
0
0
0
0
2.255676e-01
3.929480e-01
3.276208e-01
0
9.953983e-02
0
0
0
0
0
3.595895e-01
0
0
0
2.882929e-02
0
0
5.825576e-01
0
0
0
0
0
0
0
2.078614e-01
2.926989e-01
4.500833e-01
5.151291e-01
2.333708e-01
6.865215e-01
3.285644e-01
4.830531e-01
4.664199e-01
5.561837e-01
4.452526e-01
5.354599e-02
4.584255e-01
3.999052e-01
4.590072e-01
3.799707e-02
0
0
4.189053e-01
4.070068e-01
0
1.866719e-01
8.004412e-01
1
4.375505e-01
4.193437e-01
1.099397e-01
1.744479e-01
0
0
5.697965e-01
1.440654e-01
8.823011e-02
0
0
0
0
0
0
0
0
0
0
0
0
0
0
0
0
0
0
0
0
0
0
0
0
0
0
0
0
4.123822e-01
0
2.781975e-01
3.130274e-01
3.094550e-01
0
0
2.119223e-01
2.721688e-01
0
1.967332e-01
0
1.492858e-01
0
1.751028e-01
0
0
0
0
0
0
0
0
3.594771e-01
1.501712e-01
0
0
0
0
0
1.685158e-01
4.945745e-01
2.297161e-01
2.424619e-01
4.551055e-01
0
3.545788e-01
0
0
0
2.458731e-01
0
0
1.695051e-02
3.218304e-01
0
7.577011e-02
5.542995e-01
2.584539e-01
3.124408e-01
0
0
0
2.452973e-01
1.028155e-01
9.001134e-02
0
4.252501e-01
5.262853e-01
5.774152e-01
4.224927e-02
3.658280e-01
1.710545e-01
1.684051e-01
2.476721e-01
0
0
2.948629e-01
1.371816e-01
8.667904e-02
0
0
0
0
0
2.071601e-01
1.654597e-01
4.120115e-01
4.375505e-01
1.000000e+00
7.358579e-01
2.771664e-01
0
0
0
4.251935e-01
2.033931e-01
0
0
2.936410e-01
2.261876e-01
5.319227e-02
0
3.035892e-01
2.481482e-02
0
0
0
0
0
0
0
0
0
0
1.223468e-01
3.067365e-01
2.769083e-01
2.811573e-01
0
0
0
0
9.817039e-02
1.459594e-02
4.056503e-02
3.010229e-01
0
0
4.080312e-01
6.628643e-01
1.657122e-01
1.795254e-01
0
0
0
0
0
0
0
1.082034e-02
0
0
0
0
0
0
0
6.418215e-03
2.248983e-01
3.923527e-01
0
1.780453e-01
4.445219e-01
1.332128e-01
0
1.608417e-01
0
0
0
0
0
5.901836e-02
0
0
0
2.550337e-01
0
0
0
0
0
2.796492e-01
3.104179e-01
2.195530e-01
0
0
0
0
2.290760e-01
0
1.022824e-01
0
2.433364e-01
1.509587e-01
6.218472e-01
1.057655e-01
2.177708e-01
1.479170e-01
1.534736e-01
1.548197e-01
0
2.926763e-02
1.423702e-01
2.782409e-01
9.468656e-02
0
0
0
2.856818e-02
9.942874e-02
3.577666e-01
3.863547e-01
2.224806e-01
4.193437e-01
7.358579e-01
1.000000e+00
4.909916e-01
2.594878e-01
0
0
2.577977e-01
0
1.814364e-01
7.300513e-02
1.104043e-01
1.486571e-01
0
0
4.873231e-02
1.888422e-01
0
7.629131e-02
0
0
0
0
0
0
0
4.538450e-02
1.284035e-01
2.677173e-01
1.144518e-01
2.440907e-01
0
0
0
0
9.431346e-02
0
0
1.189737e-01
0
1.888499e-01
9.833174e-02
2.965833e-01
0
9.041859e-02
4.096361e-02
2.171698e-01
0
0
0
0
0
0
0
0
0
0
0
0
0
0
0
9.411553e-02
0
1.506175e-02
1.368727e-01
0
0
1.590168e-01
1.735693e-01
2.302299e-02
0
1.578630e-02
0
3.616750e-01
0
0
8.834009e-02
5.110215e-02
0
0
1.385860e-01
2.774730e-02
7.643895e-02
2.993362e-01
0
1.414885e-01
8.763182e-02
0
0
0
3.307175e-01
1.492625e-01
5.560146e-01
6.639816e-01
0
5.387500e-02
4.962232e-01
8.657382e-02
0
3.445066e-01
0
0
0
6.892687e-01
1.364140e-01
6.892269e-01
2.283550e-01
3.368026e-01
0
0
5.395672e-01
5.726519e-01
6.721180e-01
5.366721e-01
0
1.099397e-01
2.771664e-01
4.909916e-01
1.000000e+00
7.144249e-01
0
0
0
0
0
0
0
0
0
0
0
2.347843e-01
0
0
0
0
0
0
0
0
0
0
2.344791e-01
3.428559e-01
5.260482e-01
2.327525e-01
0
0
3.409847e-01
5.759138e-01
3.829835e-01
3.815134e-01
0
1.964584e-01
2.055151e-01
6.171060e-01
0
3.786522e-01
0
0
3.900127e-01
3.555294e-01
0
0
0
0
0
0
0
0
0
0
0
0
0
3.048058e-01
0
2.917761e-01
1.823785e-01
1.581617e-01
3.093620e-01
3.095307e-01
5.516975e-02
0
0
0
2.895645e-02
2.062135e-01
0
4.146860e-01
0
0
5.555058e-01
0
4.228346e-01
8.752035e-02
5.016750e-01
1.464258e-01
0
8.732766e-02
0
5.532372e-01
5.417829e-01
0
1.192632e-01
0
4.785466e-01
3.419358e-01
3.507249e-01
5.875943e-01
0
3.334423e-02
3.921711e-01
4.187962e-01
0
4.821653e-01
5.486348e-02
2.152046e-01
9.144264e-02
6.707236e-01
2.539430e-01
6.625271e-01
5.481630e-01
3.799951e-01
0
0
6.768474e-01
6.270862e-01
4.044863e-01
5.206344e-01
0
1.744479e-01
0
2.594878e-01
7.144249e-01
1
0
3.743650e-02
0
0
0
0
0
0
0
1.175168e-01
0
4.608993e-02
0
0
0
0
0
0
0
0
0
0
0
2.792323e-02
1.231730e-01
2.239002e-01
0
0
1.539026e-01
4.129674e-01
0
1.597312e-01
0
3.106646e-01
2.219717e-01
6.803525e-01
0
1.598912e-01
0
0
4.215875e-01
4.213653e-01
0
0
0
0
0
0
0
0
0
0
1.199937e-02
4.382943e-02
3.476365e-02
2.242834e-01
0
4.453720e-02
1.867527e-01
0
0
2.828653e-02
1.830073e-01
0
2.505230e-01
0
2.511946e-01
5.967148e-01
0
3.832327e-01
0
0
5.407818e-01
0
4.259437e-01
3.682131e-02
4.932323e-01
4.638549e-01
1.164741e-01
2.541927e-01
0
3.921086e-01
5.810944e-01
0
3.250810e-02
0
4.109764e-01
6.282318e-01
0
1.656412e-01
0
0
0
0
0
0
0
0
2.874646e-02
0
0
0
0
3.041196e-02
7.978254e-01
5.321992e-01
1.287578e-01
1.210444e-01
0
3.206748e-02
0
0
0
0
0
0
1
6.616864e-01
0
5.608452e-02
3.586529e-01
3.628054e-01
0
0
1.500426e-01
8.476674e-02
0
0
3.887484e-01
1.651196e-01
4.763948e-01
5.814732e-01
3.775126e-01
4.186349e-01
5.741252e-01
3.313179e-01
4.265112e-01
9.924318e-02
0
0
0
0
2.746294e-01
1.216905e-01
5.093824e-01
1.842782e-01
0
0
0
0
5.982370e-01
1.446987e-01
0
0
0
0
3.633800e-01
2.809006e-02
6.300375e-01
4.005254e-01
6.119565e-01
4.778283e-01
5.521806e-01
3.786304e-01
4.962255e-01
3.170632e-01
5.683404e-01
4.007044e-01
6.918327e-01
3.322993e-01
1.822534e-01
1.066219e-01
0
0
0
0
0
0
0
0
0
0
0
0
2.485935e-03
0
6.715899e-01
4.508047e-01
0
0
9.122577e-02
1.592318e-01
0
0
0
0
0
0
0
5.837962e-01
1.904337e-01
4.105953e-01
0
0
0
2.023816e-01
0
0
0
0
0
0
0
0
7.961362e-02
2.774134e-01
0
0
0
2.943223e-01
6.559323e-01
7.153763e-01
6.208476e-02
4.787319e-02
0
0
0
0
0
0
0
3.743650e-02
6.616864e-01
1.000000e+00
0
7.179057e-02
0
1.130855e-03
0
0
1.235588e-01
2.522296e-01
1.648022e-01
1.105921e-01
3.937959e-01
4.099884e-02
5.034468e-02
2.199245e-01
4.492833e-02
1.062676e-01
1.596274e-01
0
9.943153e-02
0
6.386896e-02
0
5.443721e-02
0
3.545249e-01
1.561857e-01
5.148129e-01
4.194183e-01
0
0
0
0
6.253568e-01
3.008890e-01
0
0
0
0
2.474199e-01
0
4.570600e-01
2.930210e-01
4.247378e-01
3.819362e-01
2.982259e-01
0
4.119680e-01
5.790764e-01
5.100020e-01
4.688475e-01
7.247839e-01
6.105027e-01
6.713960e-01
6.756789e-01
2.286183e-01
4.160525e-03
5.349848e-01
3.739901e-01
6.072706e-02
2.946033e-01
0
0
0
0
0
0
0
0
3.411174e-01
0
0
4.343604e-02
0
0
0
0
0
0
2.004658e-02
0
0
2.459405e-01
0
1.254184e-01
0
0
0
0
7.838690e-01
5.082485e-01
0
3.511151e-01
4.863258e-01
1.715832e-01
4.559852e-01
4.555335e-01
4.824090e-01
0
3.095858e-01
0
2.617870e-01
0
0
0
0
0
0
0
8.003072e-01
5.697965e-01
4.251935e-01
2.577977e-01
0
0
0
0
1.000000e+00
7.223484e-01
1.535508e-01
0
3.581343e-01
3.950364e-01
2.647325e-01
0
2.981021e-02
0
0
0
7.410440e-02
8.873028e-02
1.626263e-01
7.136640e-03
0
0
0
0
0
0
0
0
0
0
0
0
0
0
0
1.707946e-01
0
0
4.448069e-01
1.302569e-01
8.284673e-02
0
0
0
0
2.554022e-01
0
0
0
0
2.059614e-01
5.603188e-02
1.829082e-02
2.020291e-01
0
0
9.157190e-02
0
4.419717e-01
2.243848e-02
0
0
0
0
0
3.039864e-01
2.848411e-01
3.720928e-01
1.091247e-03
0
0
0
0
0
0
5.070135e-01
0
0
0
4.403965e-03
0
3.761649e-02
5.506977e-01
0
0
0
0
0
0
0
0
0
4.221478e-01
3.778917e-01
0
1.922572e-01
2.002692e-01
0
2.913866e-01
1.962792e-01
2.356989e-01
0
1.571191e-01
0
8.386850e-02
0
8.165512e-02
1.496403e-01
0
0
0
0
4.727477e-01
1.440654e-01
2.033931e-01
0
0
0
5.608452e-02
7.179057e-02
7.223484e-01
1
1.371293e-01
4.081336e-02
4.223572e-01
3.590624e-01
8.377184e-02
0
1.129762e-01
0
0
0
2.793909e-01
2.740543e-01
3.817102e-01
2.866045e-01
1.725698e-01
1.094692e-01
0
2.565776e-02
0
0
0
0
0
0
0
0
0
0
1.359768e-01
1.269204e-01
0
0
3.978744e-01
1.053543e-01
3.148480e-01
2.196849e-01
0
0
6.957392e-02
2.323722e-01
0
0
0
0
2.628612e-01
2.706681e-01
9.063129e-02
2.916313e-01
0
0
1.268896e-01
0
4.092748e-01
1.217754e-01
1.210529e-01
0
3.260692e-02
0
0
2.218215e-02
1.027380e-02
2.070811e-01
0
0
0
0
0
0
0
4.087798e-01
0
0
0
0
0
0
1.776506e-01
0
0
2.521808e-02
0
6.252389e-02
0
0
0
0
1.534401e-01
0
2.422904e-01
2.059870e-01
2.426059e-01
0
3.238123e-01
3.567325e-02
0
0
0
0
0
0
1.774364e-01
1.211637e-01
0
0
0
1.379544e-01
2.128771e-01
8.823011e-02
0
1.814364e-01
0
0
3.586529e-01
0
1.535508e-01
1.371293e-01
1
8.493392e-01
3.575455e-01
4.717599e-01
1.984045e-01
0
0
0
2.398887e-01
2.570589e-01
5.007372e-01
4.408491e-01
5.959817e-01
4.190185e-01
5.040615e-01
3.861602e-01
3.148015e-01
1.568265e-01
0
0
0
0
1.110875e-01
1.426754e-02
0
0
0
0
0
0
0
0
3.174849e-01
0
3.779536e-01
1.802699e-01
0
8.301327e-03
1.359549e-02
0
2.185804e-01
3.020083e-01
2.556333e-01
4.385274e-01
1.568596e-01
0
2.509223e-01
2.359727e-01
1.426101e-01
0
0
0
0
0
0
0
0
0
0
1.681216e-01
1.078441e-01
1.767360e-01
7.303488e-02
0
4.544974e-01
4.990843e-02
3.548690e-01
5.263174e-01
0
0
0
0
0
0
0
0
0
0
0
1.447952e-01
0
2.809220e-01
0
0
0
0
0
0
2.022747e-01
0
8.509860e-02
0
2.426367e-02
0
0
0
0
0
0
0
2.002465e-01
2.036228e-01
0
0
0
0
0
0
0
7.300513e-02
0
0
3.628054e-01
1.130855e-03
0
4.081336e-02
8.493392e-01
1
3.227170e-01
4.291138e-01
3.060592e-02
0
6.751201e-02
0
1.657882e-01
1.302176e-01
4.911470e-01
4.415417e-01
5.686178e-01
4.573789e-01
4.383284e-01
4.124092e-01
4.010713e-01
1.740186e-01
2.647370e-01
0
0
0
2.781225e-01
1.883874e-01
0
0
0
0
2.811751e-01
0
1.923414e-01
0
1.964258e-01
0
5.267703e-01
4.806943e-01
0
0
0
0
1.501151e-01
1.599061e-01
2.860146e-01
2.556251e-01
1.424492e-01
1.141999e-01
2.623854e-01
2.622258e-01
1.215564e-01
0
0
0
0
0
0
0
0
0
0
6.021427e-02
0
0
0
0
3.748412e-01
0
4.175356e-01
6.062435e-01
0
0
2.285117e-03
8.137304e-02
1.171973e-01
0
0
0
0
0
0
1.695252e-01
1.324648e-01
4.843588e-01
0
0
0
0
4.952801e-01
3.584757e-01
3.677075e-01
1.170709e-01
3.420659e-01
0
6.062850e-01
3.265942e-01
0
0
1.373279e-02
0
4.826748e-03
0
0
4.228290e-02
0
0
0
0
2.110667e-01
0
2.936410e-01
1.104043e-01
0
0
0
0
3.581343e-01
4.223572e-01
3.575455e-01
3.227170e-01
1
9.230419e-01
2.127907e-01
0
4.289629e-01
0
1.050286e-01
1.405752e-01
7.328919e-02
0
3.690704e-01
6.717878e-02
0
0
0
0
0
0
0
3.507958e-01
0
0
0
0
0
0
2.949644e-01
9.285176e-02
0
0
7.974985e-01
1.041552e-01
6.449509e-01
5.638382e-01
0
0
0
0
0
0
0
0
7.989856e-02
0
1.217978e-01
2.118504e-01
0
0
0
0
3.457788e-01
0
3.107294e-02
9.898195e-03
6.364730e-02
0
2.183756e-01
3.308478e-01
1.320674e-01
3.197690e-01
1.101925e-01
1.343627e-01
2.299467e-01
0
0
0
0
1.895329e-01
0
0
0
7.861876e-02
0
3.863636e-01
0
0
0
0
0
0
0
3.954984e-02
0
0
4.652874e-01
2.033926e-01
2.659521e-01
1.428256e-01
3.232645e-01
0
5.484126e-01
3.035390e-01
0
0
0
0
0
0
0
6.203835e-02
0
0
0
0
2.594011e-01
0
2.261876e-01
1.486571e-01
0
0
0
0
3.950364e-01
3.590624e-01
4.717599e-01
4.291138e-01
9.230419e-01
1
2.695256e-01
0
4.605963e-01
0
2.196440e-01
2.232878e-01
2.776967e-01
6.496767e-02
5.177072e-01
2.227944e-01
4.389245e-02
1.364253e-01
0
0
0
0
0
3.427200e-01
0
0
0
0
0
0
1.934141e-01
9.075772e-02
0
0
7.342414e-01
0
5.347439e-01
4.895583e-01
0
0
0
0
0
0
0
0
2.659840e-01
7.280887e-02
1.523066e-01
2.612014e-01
0
0
0
0
2.307078e-01
0
0
4.491645e-02
0
0
1.898090e-01
3.324630e-01
2.225781e-01
2.473195e-01
8.324518e-02
0
3.061623e-01
0
0
5.422338e-02
0
7.840487e-02
0
0
0
0
0
2.233137e-01
0
0
0
0
0
2.445260e-02
0
0
0
0
3.676090e-01
0
0
0
2.082102e-01
0
2.518059e-03
6.699906e-02
9.719296e-02
0
0
0
0
0
3.263268e-01
3.831486e-01
0
0
0
0
2.030042e-01
0
5.319227e-02
0
0
0
1.500426e-01
1.235588e-01
2.647325e-01
8.377184e-02
1.984045e-01
3.060592e-02
2.127907e-01
2.695256e-01
1.000000e+00
3.958165e-01
5.040632e-01
3.818281e-01
7.113456e-01
4.045282e-01
2.490271e-01
3.363410e-01
3.200920e-01
2.091548e-01
2.651999e-01
1.699203e-01
1.489596e-01
1.036212e-01
1.511520e-01
1.442177e-02
0
9.843822e-02
4.388124e-01
2.838320e-01
0
0
0
0
0
0
0
0
2.764311e-01
0
2.109313e-01
4.696831e-02
0
0
3.551653e-01
1.608232e-01
4.351033e-01
3.636770e-01
2.717173e-01
1.926732e-01
4.871997e-01
3.110818e-01
6.740612e-01
3.781182e-01
8.831475e-02
0
2.496508e-01
6.825575e-02
3.042988e-02
0
0
1.790622e-01
0
2.701457e-03
0
2.479478e-01
0
2.679404e-01
0
0
2.818909e-01
0
2.232162e-01
2.942351e-01
0
4.463444e-01
0
0
0
0
2.024638e-01
0
1.048750e-01
0
0
9.189566e-02
2.497111e-02
0
0
0
0
0
0
0
0
0
0
0
0
0
0
8.191449e-02
0
0
0
0
1.193843e-01
3.638644e-01
0
3.527128e-04
0
0
0
0
0
0
0
1.175168e-01
8.476674e-02
2.522296e-01
0
0
0
0
0
0
3.958165e-01
1
2.018188e-01
6.191005e-01
2.851382e-01
2.776382e-01
5.139483e-02
6.558666e-02
2.682731e-02
1.068748e-01
1.533168e-01
9.020202e-02
1.539906e-01
1.524051e-01
1.939677e-01
2.950712e-01
5.347182e-03
2.385790e-01
3.671436e-01
4.011369e-01
2.676508e-01
1.743224e-01
7.080566e-02
1.963102e-01
0
0
4.913451e-02
0
0
0
0
0
2.449407e-01
2.797126e-01
1.802806e-01
0
0
3.213653e-02
0
0
1.231449e-01
1.191597e-01
3.433484e-01
2.431223e-01
3.119917e-01
3.868827e-01
2.517836e-01
2.922698e-01
0
0
7.913345e-02
2.351889e-01
0
2.955888e-01
0
0
0
0
2.207533e-01
7.116492e-02
2.606221e-01
8.102536e-03
3.409534e-01
7.554321e-02
1.656292e-01
0
0
0
0
1.613639e-01
4.645183e-01
0
0
0
4.547131e-02
2.620480e-01
0
0
0
4.087984e-01
0
0
4.506380e-02
0
6.533681e-02
0
0
0
0
0
0
0
0
0
0
1.054336e-02
1.164819e-01
3.993343e-01
0
0
0
0
0
0
3.035892e-01
4.873231e-02
0
0
0
1.648022e-01
2.981021e-02
1.129762e-01
0
6.751201e-02
4.289629e-01
4.605963e-01
5.040632e-01
2.018188e-01
1.000000e+00
4.818538e-01
6.208331e-01
2.586139e-01
9.839400e-02
1.240619e-01
1.987199e-01
1.358547e-01
0
8.189352e-02
0
4.794547e-02
3.224739e-01
2.362775e-01
2.242762e-01
3.497610e-01
4.115437e-01
4.359823e-01
0
0
1.565336e-01
1.671650e-01
3.068072e-03
0
0
0
2.833007e-01
0
3.109619e-01
4.216192e-01
0
0
0
0
1.357942e-01
5.424118e-02
1.348050e-01
0
5.551805e-01
6.130137e-01
3.758936e-01
2.279472e-01
0
0
3.798340e-01
3.538691e-01
9.439636e-02
1.567095e-01
2.911589e-01
5.083385e-01
2.813339e-01
4.776545e-01
0
0
0
0
0
0
6.240430e-02
0
4.345148e-02
9.213142e-03
0
0
0
0
0
0
1.246690e-01
0
0
0
0
0
0
9.359951e-02
0
0
7.477822e-02
1.202225e-01
0
0
1.418296e-02
0
0
0
0
0
0
6.542578e-02
0
0
0
4.447263e-03
1.806507e-01
2.554003e-01
0
3.876290e-02
4.854774e-02
4.062052e-02
0
0
2.481482e-02
1.888422e-01
2.347843e-01
4.608993e-02
0
1.105921e-01
0
0
0
0
0
0
3.818281e-01
6.191005e-01
4.818538e-01
1
5.117832e-01
4.990816e-01
0
0
0
0
0
0
5.974622e-02
1.111539e-01
3.692992e-01
4.196425e-01
2.687701e-01
3.025796e-01
3.820961e-01
4.646624e-01
4.972041e-01
3.231650e-01
3.524209e-01
2.305901e-01
0
0
0
0
0
0
0
0
2.520978e-01
2.253920e-01
4.786747e-02
3.641303e-02
1.992721e-01
1.639420e-01
1.291133e-01
0
2.049262e-01
2.134810e-01
2.945443e-01
1.096962e-01
1.804028e-01
2.242414e-01
2.915034e-01
3.324567e-01
0
0
1.103246e-02
3.975525e-01
1.521085e-02
3.963064e-01
0
0
0
0
1.341168e-02
0
5.466455e-02
1.062904e-01
2.358210e-01
1.330989e-01
3.013201e-01
0
4.590223e-02
0
0
0
5.900873e-01
0
1.652662e-02
1.445153e-01
8.109718e-02
0
0
0
1.554870e-01
1.233598e-01
0
0
0
0
0
0
0
0
0
0
0
0
0
0
0
3.103724e-02
6.005689e-01
5.961872e-01
0
0
0
0
2.082465e-01
0
0
0
0
0
3.887484e-01
3.937959e-01
0
0
2.398887e-01
1.657882e-01
1.050286e-01
2.196440e-01
7.113456e-01
2.851382e-01
6.208331e-01
5.117832e-01
1
6.365675e-01
2.866555e-01
3.849620e-01
3.733987e-01
2.733939e-01
3.069098e-01
1.812006e-01
1.572304e-01
7.909637e-02
1.299354e-02
0
0
0
3.900314e-01
2.092952e-01
2.736613e-01
0
0
0
0
0
0
0
2.189528e-01
0
1.218102e-01
5.512032e-02
0
0
2.993732e-01
2.187003e-01
5.979100e-01
5.958627e-01
4.156568e-01
2.577744e-01
6.095191e-01
4.477981e-01
7.409844e-01
4.754969e-01
3.859718e-01
2.183803e-01
4.410652e-01
2.620127e-01
0
0
0
3.725208e-01
0
0
0
0
0
0
0
0
2.250909e-02
0
4.292099e-01
3.459494e-01
0
6.713182e-02
0
0
0
0
3.804227e-01
0
0
0
0
2.922162e-03
0
1.105910e-01
0
0
0
0
0
0
1.362639e-01
0
0
0
2.061427e-01
0
0
0
0
0
0
0
4.000842e-01
3.932727e-01
0
0
1.027030e-02
1.531054e-01
0
0
0
7.629131e-02
0
0
1.651196e-01
4.099884e-02
0
0
2.570589e-01
1.302176e-01
1.405752e-01
2.232878e-01
4.045282e-01
2.776382e-01
2.586139e-01
4.990816e-01
6.365675e-01
1.000000e+00
1.381327e-01
1.013505e-01
2.184353e-01
1.409241e-01
1.353244e-01
9.399872e-02
4.490788e-03
4.364729e-02
3.486667e-02
0
0
8.521273e-02
1.057427e-01
0
2.270845e-01
4.539866e-03
0
0
0
0
0
0
2.775439e-01
0
1.739354e-01
2.539430e-02
1.328681e-01
1.686071e-01
1.633623e-01
0
3.813143e-01
5.487383e-01
1.998322e-01
2.653372e-01
1.601423e-01
0
5.232328e-01
2.707056e-01
2.255211e-01
2.439809e-01
1.759364e-02
7.974475e-02
0
0
0
4.216227e-01
0
0
0
0
0
2.855525e-03
0
0
2.065609e-01
1.264583e-01
3.090239e-01
3.536950e-01
0
2.778250e-02
7.362764e-02
0
0
0
5.787950e-01
2.196720e-01
0
0
0
0
0
6.896094e-02
3.622720e-02
9.543820e-02
0
0
0
0
0
0
0
0
0
0
0
0
0
0
0
0
4.957249e-01
3.167500e-01
0
0
0
0
0
0
0
0
0
0
4.763948e-01
5.034468e-02
7.410440e-02
2.793909e-01
5.007372e-01
4.911470e-01
7.328919e-02
2.776967e-01
2.490271e-01
5.139483e-02
9.839400e-02
0
2.866555e-01
1.381327e-01
1.000000e+00
9.377585e-01
8.953709e-01
9.577689e-01
9.211549e-01
9.358369e-01
8.201401e-01
7.416352e-01
1.306385e-02
0
0
0
4.834118e-01
4.900894e-01
0
0
0
0
1.080098e-03
0
8.034567e-02
0
0
0
2.327803e-01
1.909301e-01
0
0
1.097620e-01
1.524188e-01
1.852079e-01
3.439108e-02
2.305109e-01
2.076845e-01
5.142437e-01
3.387645e-01
4.459373e-01
4.413297e-01
3.124587e-01
5.997990e-02
0
0
0
0
0
0
0
0
0
0
6.281848e-02
1.159501e-01
0
0
4.259410e-01
0
6.121875e-01
7.081975e-01
0
0
6.673793e-02
2.651451e-02
0
0
8.240965e-03
0
0
0
0
4.927550e-01
8.746334e-02
4.469722e-01
0
0
0
0
0
0
0
0
0
0
0
0
0
0
0
0
0
0
6.585699e-01
4.232018e-01
0
0
0
0
1.232384e-02
0
0
0
0
0
5.814732e-01
2.199245e-01
8.873028e-02
2.740543e-01
4.408491e-01
4.415417e-01
0
6.496767e-02
3.363410e-01
6.558666e-02
1.240619e-01
0
3.849620e-01
1.013505e-01
9.377585e-01
1
7.911439e-01
9.124048e-01
9.432064e-01
8.990738e-01
8.664461e-01
7.357245e-01
1.092520e-01
0
0
0
6.061436e-01
5.687057e-01
1.891386e-01
0
0
0
0
0
2.121310e-01
0
0
0
1.815210e-01
1.449552e-01
1.061639e-01
0
1.944256e-01
2.774886e-01
3.811744e-01
1.936459e-01
3.961223e-01
2.888776e-01
5.493278e-01
4.403278e-01
5.615983e-01
5.088327e-01
4.497593e-01
1.261083e-01
1.551642e-03
0
0
0
0
0
0
0
0
0
0
3.338433e-02
0
0
3.558227e-01
0
6.932243e-01
7.377674e-01
0
0
2.394352e-02
8.144018e-02
0
0
2.932859e-02
0
0
0
0
6.084709e-01
1.351455e-01
5.016129e-01
0
0
0
0
0
0
0
0
0
0
1.508981e-01
0
0
0
0
0
0
0
4.386856e-01
4.360298e-01
0
0
0
0
7.364024e-02
0
0
0
0
0
3.775126e-01
4.492833e-02
1.626263e-01
3.817102e-01
5.959817e-01
5.686178e-01
3.690704e-01
5.177072e-01
3.200920e-01
2.682731e-02
1.987199e-01
0
3.733987e-01
2.184353e-01
8.953709e-01
7.911439e-01
1
9.092503e-01
7.693098e-01
7.501661e-01
5.819496e-01
5.848913e-01
0
0
0
0
3.062869e-01
2.342281e-01
0
0
0
0
8.863339e-02
0
0
0
3.036101e-01
0
4.826223e-01
4.245311e-01
0
0
8.603937e-02
6.767463e-02
1.280043e-01
1.719351e-01
1.834596e-01
2.594888e-01
4.505234e-01
2.813401e-01
5.117221e-01
5.862336e-01
2.684491e-01
4.123639e-02
0
0
0
0
0
0
0
0
0
6.006902e-02
1.018924e-01
1.404038e-01
0
0
3.171763e-01
0
4.506329e-01
6.221081e-01
0
0
0
0
0
0
9.680035e-02
0
0
0
0
2.865155e-01
0
2.951177e-01
0
0
0
0
0
0
0
0
0
0
0
0
0
0
0
0
0
0
5.318279e-01
4.011117e-01
0
0
0
0
0
0
0
0
0
0
4.186349e-01
1.062676e-01
7.136640e-03
2.866045e-01
4.190185e-01
4.573789e-01
6.717878e-02
2.227944e-01
2.091548e-01
1.068748e-01
1.358547e-01
0
2.733939e-01
1.409241e-01
9.577689e-01
9.124048e-01
9.092503e-01
1
8.700045e-01
8.911386e-01
8.044700e-01
8.153115e-01
3.847080e-02
0
0
0
4.406116e-01
4.489904e-01
0
0
0
0
5.012618e-02
0
1.013016e-01
0
0
0
3.106424e-01
3.378482e-01
0
0
8.535542e-02
1.325138e-01
1.769221e-01
8.977529e-02
1.997397e-01
2.095026e-01
4.371723e-01
3.344729e-01
4.727491e-01
5.202793e-01
3.373129e-01
1.028341e-01
0
0
0
0
0
0
0
0
0
0
0
1.198370e-02
0
0
2.990116e-01
0
5.572825e-01
6.979618e-01
0
0
6.866406e-02
9.036722e-02
0
0
1.531403e-01
0
0
0
0
4.528042e-01
0
3.484632e-01
0
0
0
0
0
0
0
0
0
0
0
0
0
0
0
0
0
0
5.462370e-01
3.344448e-01
0
0
0
0
4.976564e-03
0
0
0
0
0
5.741252e-01
1.596274e-01
0
1.725698e-01
5.040615e-01
4.383284e-01
0
4.389245e-02
2.651999e-01
1.533168e-01
0
0
3.069098e-01
1.353244e-01
9.211549e-01
9.432064e-01
7.693098e-01
8.700045e-01
1
9.186466e-01
8.686170e-01
7.172652e-01
6.699865e-03
0
0
0
5.814325e-01
5.244530e-01
1.766118e-01
0
0
0
0
0
2.029835e-01
0
0
0
1.141593e-01
1.177030e-02
2.007614e-01
6.138346e-02
1.649386e-01
2.435714e-01
3.472141e-01
2.058624e-01
3.243409e-01
3.627171e-01
4.242506e-01
2.865261e-01
4.733562e-01
4.045531e-01
4.668145e-01
2.689179e-01
0
0
0
0
0
0
0
0
0
0
0
4.398662e-02
0
0
5.172885e-01
0
7.889813e-01
7.041181e-01
0
0
7.332357e-02
1.049354e-02
0
0
1.836702e-02
0
0
0
0
6.311114e-01
9.038716e-02
4.689884e-01
0
0
0
0
0
0
0
0
0
0
0
0
0
0
0
0
0
0
3.783731e-01
1.959629e-01
0
0
0
0
0
0
0
0
0
0
3.313179e-01
0
0
1.094692e-01
3.861602e-01
4.124092e-01
0
1.364253e-01
1.699203e-01
9.020202e-02
8.189352e-02
0
1.812006e-01
9.399872e-02
9.358369e-01
8.990738e-01
7.501661e-01
8.911386e-01
9.186466e-01
1
9.040958e-01
8.315735e-01
1.657544e-01
4.986870e-02
0
0
6.026775e-01
6.539163e-01
1.407054e-02
0
0
0
1.443475e-02
0
5.784491e-02
0
0
0
1.373469e-01
1.417822e-01
3.292911e-02
0
6.535789e-03
1.419976e-01
1.538306e-01
0
2.487235e-01
2.250486e-01
3.947140e-01
2.910872e-01
3.071071e-01
2.839430e-01
2.305719e-01
7.237369e-02
0
0
0
0
0
0
0
0
0
0
0
0
0
0
5.453966e-01
0
6.776225e-01
7.318485e-01
0
0
2.039769e-01
7.357632e-02
0
0
2.586856e-02
0
0
0
0
5.116122e-01
1.758756e-01
5.048860e-01
0
0
0
0
0
0
0
0
0
0
0
0
0
0
0
0
0
0
4.578925e-01
1.718257e-01
0
0
0
0
0
0
0
0
0
0
4.265112e-01
9.943153e-02
0
0
3.148015e-01
4.010713e-01
0
0
1.489596e-01
1.539906e-01
0
5.974622e-02
1.572304e-01
4.490788e-03
8.201401e-01
8.664461e-01
5.819496e-01
8.044700e-01
8.686170e-01
9.040958e-01
1
8.481640e-01
3.303988e-01
1.223340e-01
0
0
6.705883e-01
6.567174e-01
2.567765e-01
0
6.277568e-02
0
0
0
2.600789e-01
0
0
0
0
3.013375e-02
2.843708e-01
1.742307e-01
6.616731e-02
1.809751e-01
3.020600e-01
4.122017e-02
3.096620e-01
2.369215e-01
2.930266e-01
3.202952e-01
2.942670e-01
2.156140e-01
3.001830e-01
9.002734e-02
0
0
0
0
0
0
0
0
0
0
0
0
0
0
3.995737e-01
7.138291e-03
6.875714e-01
7.478898e-01
0
0
3.712621e-01
2.371096e-01
0
0
0
0
0
0
0
6.028544e-01
3.137626e-01
4.635891e-01
0
0
0
0
0
0
0
0
0
0
0
0
0
0
0
0
0
0
3.069245e-01
4.667416e-02
0
0
0
0
0
0
0
4.538450e-02
0
0
9.924318e-02
0
0
2.565776e-02
1.568265e-01
1.740186e-01
0
0
1.036212e-01
1.524051e-01
4.794547e-02
1.111539e-01
7.909637e-02
4.364729e-02
7.416352e-01
7.357245e-01
5.848913e-01
8.153115e-01
7.172652e-01
8.315735e-01
8.481640e-01
1.000000e+00
1.752806e-01
2.642692e-01
0
0
3.918658e-01
5.046158e-01
1.297150e-01
0
8.958270e-02
5.706189e-02
0
0
0
0
0
0
2.186591e-02
1.450045e-01
1.619429e-01
1.843662e-01
0
2.063569e-01
1.448535e-01
0
1.183221e-01
2.024421e-01
1.962929e-01
1.945915e-01
1.731704e-01
1.702969e-01
9.737458e-02
0
0
0
0
0
0
0
0
0
0
0
0
0
0
0
2.223649e-01
5.271082e-02
4.075280e-01
6.309932e-01
0
0
2.875477e-01
1.204513e-01
0
0
2.505074e-01
0
0
0
0
3.902697e-01
2.664577e-02
1.672288e-01
0
0
1.508242e-01
0
0
0
5.655227e-03
0
0
0
0
0
0
0
0
0
0
0
2.705515e-02
1.675526e-01
0
0
4.119064e-01
1.053688e-01
0
0
1.223468e-01
1.284035e-01
2.344791e-01
0
0
6.386896e-02
0
0
0
2.647370e-01
0
0
1.511520e-01
1.939677e-01
3.224739e-01
3.692992e-01
1.299354e-02
3.486667e-02
1.306385e-02
1.092520e-01
0
3.847080e-02
6.699865e-03
1.657544e-01
3.303988e-01
1.752806e-01
1.000000e+00
6.486042e-01
7.384815e-01
4.154782e-01
6.436579e-01
6.381758e-01
1.666126e-01
2.156408e-01
7.066345e-01
4.174225e-01
6.358165e-02
0
1.009755e-01
0
0
7.849966e-02
2.079839e-01
3.047399e-01
1.199736e-03
2.629696e-02
2.317101e-02
0
1.259192e-01
0
2.695501e-01
0
3.135783e-02
3.182826e-01
7.885644e-02
0
0
0
0
2.872929e-01
0
4.277831e-02
1.228782e-01
3.060625e-01
4.558624e-01
5.940134e-01
0
0
0
0
0
0
3.323231e-01
0
1.496192e-01
2.705892e-01
2.517546e-01
0
1.647082e-01
3.473234e-01
1.392907e-01
0
0
1.134128e-02
0
2.059806e-01
0
0
3.643302e-01
3.331461e-01
9.615224e-02
0
2.660035e-01
0
0
1.181709e-01
0
0
0
1.331498e-01
0
0
0
2.729945e-01
0
1.664269e-01
0
0
0
0
0
0
2.385598e-01
5.538320e-02
0
0
3.067365e-01
2.677173e-01
3.428559e-01
2.792323e-02
0
0
0
0
0
0
0
0
1.442177e-02
2.950712e-01
2.362775e-01
4.196425e-01
0
0
0
0
0
0
0
4.986870e-02
1.223340e-01
2.642692e-01
6.486042e-01
1
7.088213e-01
6.079165e-01
3.234851e-01
5.227273e-01
0
1.565957e-02
5.788718e-01
6.992688e-01
0
2.021343e-02
0
0
0
3.188589e-01
0
7.341324e-02
0
1.564555e-01
0
0
0
0
0
0
0
9.543802e-02
0
0
0
0
0
1.708285e-01
0
4.534535e-01
1.034202e-01
2.265344e-01
3.999474e-01
6.305758e-01
1.191696e-01
0
0
0
1.691309e-01
0
2.179444e-01
8.021584e-02
0
0
4.862355e-01
0
1.432848e-01
3.817857e-02
1.621260e-01
1.830757e-02
3.744657e-02
1.255654e-01
6.823531e-03
3.858484e-01
1.725125e-01
0
1.279968e-01
0
2.189169e-01
1.558270e-01
3.080834e-01
2.616245e-01
0
1.241512e-01
1.462863e-01
0
0
0
0
0
0
4.089135e-01
0
1.824146e-01
0
1.759578e-01
0
0
3.818712e-03
6.473805e-02
5.224020e-01
2.208964e-01
0
0
2.769083e-01
1.144518e-01
5.260482e-01
1.231730e-01
0
5.443721e-02
0
0
0
0
0
0
0
5.347182e-03
2.242762e-01
2.687701e-01
0
0
0
0
0
0
0
0
0
0
7.384815e-01
7.088213e-01
1.000000e+00
6.113122e-01
2.796432e-01
3.650302e-01
2.894841e-02
3.779689e-01
6.304376e-01
6.202198e-01
0
0
1.538035e-03
0
0
4.547095e-01
0
0
0
0
0
0
0
0
0
0
0
2.412626e-01
0
0
0
0
0
5.195566e-01
0
3.513946e-01
3.967037e-01
5.040496e-01
6.652317e-01
8.156456e-01
0
0
0
0
0
0
6.758511e-02
0
0
0
4.432750e-01
0
1.050397e-01
1.128810e-01
3.260046e-01
0
0
1.814082e-01
1.510357e-01
5.821669e-01
3.040565e-01
0
2.182670e-01
1.263520e-01
3.070297e-01
4.335189e-02
0
0
1.932013e-01
1.840343e-01
3.383353e-01
0
1.101958e-01
5.913688e-02
0
1.012847e-01
0
1.072289e-01
1.013417e-01
0
2.304297e-02
0
0
0
0
0
2.490891e-01
1.900255e-01
0
0
2.811573e-01
2.440907e-01
2.327525e-01
2.239002e-01
0
0
0
0
0
0
3.507958e-01
3.427200e-01
9.843822e-02
2.385790e-01
3.497610e-01
3.025796e-01
0
8.521273e-02
0
0
0
0
0
0
0
0
4.154782e-01
6.079165e-01
6.113122e-01
1
0
1.268656e-01
0
0
3.404820e-01
5.439608e-01
6.807889e-02
1.666393e-01
0
0
1.196181e-01
3.432989e-01
9.988052e-03
1.536382e-01
0
0
0
0
0
0
0
0
0
2.500729e-02
0
0
0
0
0
1.873223e-01
0
1.436209e-02
2.624423e-01
2.908984e-01
3.680652e-01
5.789325e-01
3.861895e-01
2.581392e-01
0
0
1.549373e-01
0
5.068312e-02
0
0
0
5.386251e-01
5.764473e-02
0
0
2.884930e-01
1.810637e-01
2.177890e-02
4.322824e-01
0
1.705455e-01
2.329952e-02
0
6.486767e-02
0
1.850317e-01
3.004737e-01
0
0
0
0
0
0
0
0
0
0
0
0
0
0
0
0
3.865848e-01
4.765474e-01
0
0
0
0
0
0
0
0
0
0
2.746294e-01
3.545249e-01
0
0
1.110875e-01
2.781225e-01
0
0
4.388124e-01
3.671436e-01
4.115437e-01
3.820961e-01
3.900314e-01
1.057427e-01
4.834118e-01
6.061436e-01
3.062869e-01
4.406116e-01
5.814325e-01
6.026775e-01
6.705883e-01
3.918658e-01
6.436579e-01
3.234851e-01
2.796432e-01
0
1
8.719363e-01
2.438078e-01
5.494095e-02
2.409634e-01
4.776042e-02
0
0
2.276509e-01
0
0
0
1.206191e-01
1.232957e-01
7.549324e-02
0
8.987661e-02
8.647255e-03
2.769745e-01
7.861533e-02
3.237277e-01
8.587781e-03
4.268470e-01
5.719857e-01
4.912429e-01
3.376850e-01
3.353922e-01
2.788669e-01
1.306849e-01
2.712756e-01
0
2.720178e-02
0
3.131954e-01
7.925777e-02
4.057313e-01
0
0
0
0
0
0
5.714562e-01
0
6.577354e-01
4.411044e-01
0
0
1.458611e-02
5.742862e-02
0
0
0
0
0
0
0
3.861240e-01
2.298529e-01
5.098650e-01
0
0
0
0
0
0
0
0
0
0
0
0
0
0
0
0
0
0
2.112791e-01
2.803595e-01
0
0
1.042743e-02
0
0
0
0
0
0
0
1.216905e-01
1.561857e-01
0
0
1.426754e-02
1.883874e-01
0
0
2.838320e-01
4.011369e-01
4.359823e-01
4.646624e-01
2.092952e-01
0
4.900894e-01
5.687057e-01
2.342281e-01
4.489904e-01
5.244530e-01
6.539163e-01
6.567174e-01
5.046158e-01
6.381758e-01
5.227273e-01
3.650302e-01
1.268656e-01
8.719363e-01
1.000000e+00
1.808104e-01
2.325597e-02
3.529464e-01
3.296713e-01
0
0
8.238840e-02
0
0
0
0
1.028425e-01
0
0
5.388008e-02
7.780485e-02
8.485748e-02
0
2.301118e-01
0
4.748559e-01
5.839803e-01
2.673900e-01
1.875315e-01
1.802400e-01
1.235108e-01
4.512378e-02
1.677167e-01
0
7.842854e-02
0
2.098665e-01
6.017988e-02
4.898844e-01
0
0
0
0
0
0
5.455646e-01
0
5.426871e-01
3.894014e-01
1.083728e-01
0
1.825826e-02
0
0
0
0
0
0
0
0
3.575590e-01
2.278569e-01
3.716252e-01
0
0
3.846246e-01
5.512152e-01
0
0
0
0
0
0
0
0
0
3.076985e-01
0
1.545293e-01
0
8.291272e-02
6.230965e-01
3.654326e-01
3.862639e-01
4.479113e-01
2.065721e-01
2.072749e-01
0
0
0
0
3.409847e-01
1.539026e-01
5.093824e-01
5.148129e-01
0
0
0
0
0
0
0
2.676508e-01
0
4.972041e-01
2.736613e-01
2.270845e-01
0
1.891386e-01
0
0
1.766118e-01
1.407054e-02
2.567765e-01
1.297150e-01
1.666126e-01
0
2.894841e-02
0
2.438078e-01
1.808104e-01
1.000000e+00
6.428895e-01
2.549286e-01
0
0
0
5.247678e-01
4.397252e-01
0
0
0
0
7.597815e-01
4.391929e-01
3.461148e-01
3.667888e-01
5.977897e-01
5.365376e-01
4.848633e-01
3.419946e-01
6.553415e-02
1.332741e-01
3.133659e-01
1.448381e-01
5.797482e-01
4.458795e-01
2.337277e-01
2.961478e-01
0
0
3.909398e-02
8.306455e-02
0
0
0
0
0
0
0
0
0
2.360594e-01
4.694058e-01
2.519045e-01
0
0
2.393933e-01
2.275771e-01
0
0
3.460906e-01
0
3.984155e-02
1.023576e-01
2.160483e-01
3.799303e-01
1.125618e-01
1.069838e-01
6.062103e-02
0
4.609867e-01
7.099097e-01
0
0
6.793789e-02
0
0
0
0
0
3.311194e-02
5.790650e-01
0
3.188029e-01
0
2.120836e-01
1.116829e-01
2.093251e-01
4.479506e-01
4.202840e-01
2.298078e-01
1.054511e-01
0
0
0
0
5.759138e-01
4.129674e-01
1.842782e-01
4.194183e-01
0
0
0
0
0
0
0
1.743224e-01
0
3.231650e-01
0
4.539866e-03
0
0
0
0
0
0
0
0
2.156408e-01
1.565957e-02
3.779689e-01
0
5.494095e-02
2.325597e-02
6.428895e-01
1.000000e+00
3.983872e-01
3.091552e-01
3.911843e-02
0
6.373653e-01
5.211568e-01
0
8.993463e-02
0
0
4.910765e-01
1.844629e-01
1.069371e-01
0
6.412065e-02
1.613173e-01
1.907135e-01
0
0
0
0
0
3.535432e-01
4.491863e-01
1.017272e-01
3.798442e-01
8.980954e-02
8.831852e-02
4.441618e-01
2.281269e-01
3.628577e-01
3.921242e-01
0
0
0
0
6.489999e-02
1.816366e-01
0
1.419595e-01
1.710424e-01
0
3.297818e-01
0
3.052463e-01
2.292495e-01
3.218184e-01
2.365805e-01
9.449683e-02
0
6.097726e-02
4.854565e-01
5.808503e-01
3.813905e-02
6.966928e-02
4.313083e-02
2.876292e-01
2.846192e-01
4.133416e-01
2.038352e-02
0
0
8.798444e-04
0
0
0
0
0
0
1.990415e-01
0
0
0
0
0
0
0
0
4.538972e-01
9.436462e-04
0
0
9.817039e-02
9.431346e-02
3.829835e-01
0
0
0
0
0
0
0
0
0
0
7.080566e-02
1.565336e-01
3.524209e-01
0
0
0
0
0
0
0
0
6.277568e-02
8.958270e-02
7.066345e-01
5.788718e-01
6.304376e-01
3.404820e-01
2.409634e-01
3.529464e-01
2.549286e-01
3.983872e-01
1.000000e+00
7.394994e-01
4.493415e-01
0
1.135168e-01
0
0
1.816942e-01
1.779337e-01
3.684793e-01
6.397332e-02
6.655023e-02
0
0
0
0
8.593838e-02
0
0
0
0
0
0
0
0
8.769367e-02
0
1.245009e-01
2.481444e-01
1.083717e-01
5.261658e-01
4.661320e-01
4.123144e-02
0
0
0
0
0
1.996594e-02
1.767947e-01
1.965745e-02
1.355379e-01
5.470095e-01
0
4.049346e-01
5.809453e-01
3.749075e-01
7.597151e-03
2.156134e-01
1.886696e-01
0
2.483674e-01
1.701134e-01
0
4.020412e-01
2.175827e-01
2.854906e-01
9.957905e-02
2.568086e-01
2.686406e-02
0
8.408157e-02
0
0
0
6.039736e-02
0
0
0
4.158403e-01
0
1.805472e-01
0
1.522254e-02
0
0
0
0
2.432657e-01
0
0
0
1.459594e-02
0
3.815134e-01
1.597312e-01
0
0
0
0
0
0
0
0
0
1.963102e-01
1.671650e-01
2.305901e-01
0
0
0
0
0
0
0
0
0
5.706189e-02
4.174225e-01
6.992688e-01
6.202198e-01
5.439608e-01
4.776042e-02
3.296713e-01
0
3.091552e-01
7.394994e-01
1.000000e+00
3.508468e-01
7.016261e-02
0
0
0
2.736909e-01
0
2.874356e-01
0
0
0
0
0
0
0
0
0
0
0
0
0
0
0
1.451492e-01
0
3.925362e-01
5.106256e-01
1.475459e-01
4.966629e-01
6.284599e-01
2.708167e-01
0
0
0
1.146964e-01
1.038715e-01
0
3.110004e-02
0
0
6.640111e-01
0
2.559162e-01
1.790169e-01
3.632211e-01
6.852752e-02
1.479213e-01
1.446758e-01
0
3.031453e-01
2.381028e-01
0
4.786956e-02
0
1.619089e-01
2.523395e-01
9.910589e-02
0
6.542853e-02
0
1.232591e-01
0
3.034012e-01
0
1.116257e-01
0
0
0
3.586757e-01
0
0
0
0
0
0
0
0
0
0
0
4.056503e-02
0
0
0
0
0
0
1.359768e-01
0
2.811751e-01
2.949644e-01
1.934141e-01
0
0
3.068072e-03
0
0
0
1.080098e-03
0
8.863339e-02
5.012618e-02
0
1.443475e-02
0
0
6.358165e-02
0
0
6.807889e-02
0
0
0
3.911843e-02
4.493415e-01
3.508468e-01
1
0
4.272812e-02
0
2.878251e-01
2.827547e-01
5.877981e-01
6.483294e-01
0
0
0
0
0
0
4.975547e-02
7.465360e-02
0
0
0
0
0
0
0
0
1.569496e-01
0
1.901791e-01
0
3.600487e-01
0
3.477264e-01
4.000719e-01
5.798547e-02
1.553479e-01
0
0
0
0
0
2.226767e-01
2.145969e-01
1.220327e-03
1.737277e-01
5.109526e-01
3.957959e-01
0
0
2.285459e-01
0
0
0
0
2.488203e-01
3.873056e-01
0
0
0
1.274028e-01
1.605678e-01
4.853049e-01
1.152740e-01
6.234487e-01
2.080376e-01
8.370022e-01
4.068574e-01
6.981883e-01
0
1.973200e-01
5.132080e-01
4.697716e-01
5.348357e-01
4.429581e-01
0
0
2.826527e-01
2.261609e-01
0
2.043570e-01
2.630335e-01
4.123822e-01
3.010229e-01
1.189737e-01
1.964584e-01
3.106646e-01
0
0
1.707946e-01
1.269204e-01
0
0
9.285176e-02
9.075772e-02
0
0
0
0
0
0
0
0
0
0
0
0
0
0
0
2.021343e-02
0
1.666393e-01
0
0
0
0
0
7.016261e-02
0
1
0
1.393260e-01
2.077762e-01
5.323077e-01
0
0
0
3.476870e-02
0
2.637118e-01
0
0
0
0
0
0
0
0
0
0
0
0
0
2.883003e-01
6.062718e-02
5.313419e-02
0
0
5.405487e-01
1.764989e-01
4.795797e-01
1.184805e-02
0
3.917259e-01
0
0
0
0
1.519605e-01
0
0
0
1.121453e-01
0
0
9.489490e-02
6.129536e-02
2.313142e-02
9.044905e-03
0
0
0
0
1.527162e-01
1.943962e-01
3.834559e-01
0
0
0
0
0
0
0
0
1.668599e-01
4.465152e-01
0
1.712692e-01
3.736183e-03
1.788833e-01
4.651194e-01
3.910822e-01
2.715171e-01
1.934705e-01
1.255086e-01
0
0
0
0
0
2.055151e-01
2.219717e-01
5.982370e-01
6.253568e-01
0
0
0
1.923414e-01
0
0
0
4.913451e-02
0
0
0
0
8.034567e-02
2.121310e-01
0
1.013016e-01
2.029835e-01
5.784491e-02
2.600789e-01
0
1.009755e-01
0
1.538035e-03
0
2.276509e-01
8.238840e-02
5.247678e-01
6.373653e-01
1.135168e-01
0
4.272812e-02
0
1
5.623628e-01
0
0
0
0
5.180388e-01
4.021917e-02
7.652353e-02
0
8.156126e-02
1.229156e-01
1.412283e-01
0
0
1.292580e-01
1.473444e-01
3.098680e-01
6.604995e-01
4.523808e-01
1.228056e-01
2.922439e-01
3.995955e-02
0
3.217394e-01
0
1.281637e-01
9.873478e-02
0
0
0
0
0
0
0
0
3.803773e-01
1.219243e-01
1.931878e-02
0
3.399248e-01
4.222532e-01
5.536069e-02
3.201546e-03
0
0
0
5.156765e-02
3.152094e-01
5.194370e-01
2.285821e-01
2.605200e-01
0
3.677214e-03
4.484922e-01
6.023167e-01
0
0
1.315405e-01
3.286991e-01
0
3.470343e-01
0
0
2.135016e-01
7.178055e-01
1.370903e-01
6.735543e-01
3.708176e-01
3.486503e-01
2.500923e-02
0
7.345223e-01
6.303113e-01
2.732579e-01
2.965832e-01
0
2.781975e-01
0
1.888499e-01
6.171060e-01
6.803525e-01
1.446987e-01
3.008890e-01
0
0
0
0
0
0
0
0
0
0
0
0
0
0
0
0
0
0
0
0
0
0
0
0
0
0
4.397252e-01
5.211568e-01
0
0
0
1.393260e-01
5.623628e-01
1.000000e+00
0
1.210212e-01
0
0
5.720835e-01
3.105796e-01
0
1.621614e-01
3.576551e-02
1.086104e-01
0
4.385150e-02
0
0
0
0
2.441248e-01
1.454739e-01
1.414447e-01
2.366778e-01
0
2.433360e-01
2.438863e-01
0
7.163137e-02
0
0
0
1.838177e-01
0
0
2.920626e-01
0
1.997541e-01
0
0
1.707133e-01
0
3.149600e-01
1.268073e-01
9.504930e-02
1.665576e-01
1.857661e-02
0
0
2.020133e-01
3.838589e-01
8.926840e-02
0
0
9.849856e-02
2.383769e-01
0
0
5.911245e-01
3.813383e-01
3.429638e-01
1.936439e-01
4.479316e-01
0
6.154124e-01
3.372591e-01
7.412894e-02
0
2.002056e-01
0
1.110729e-01
0
0
1.422747e-01
0
0
0
0
4.923071e-01
3.130274e-01
4.080312e-01
9.833174e-02
0
0
0
0
4.448069e-01
3.978744e-01
3.174849e-01
1.964258e-01
7.974985e-01
7.342414e-01
2.764311e-01
0
2.833007e-01
0
2.189528e-01
2.775439e-01
0
0
3.036101e-01
0
0
0
0
0
0
0
0
1.196181e-01
0
0
0
0
0
0
2.878251e-01
2.077762e-01
0
0
1
2.421826e-01
6.441340e-01
4.488463e-01
0
0
0
0
0
2.516953e-01
0
1.639733e-01
1.375945e-02
0
1.724533e-01
2.116360e-01
0
0
0
0
5.905233e-01
0
0
2.083172e-02
5.506972e-02
0
7.037677e-02
4.218267e-01
1.721748e-01
3.276205e-01
0
1.047815e-01
3.454388e-03
0
0
0
0
4.780526e-01
0
0
0
6.940076e-02
2.646384e-03
3.206587e-01
2.173581e-01
0
0
0
0
0
0
0
4.076667e-01
1.903331e-01
2.483451e-01
6.553268e-01
3.694748e-01
1.653753e-01
2.986448e-01
3.596586e-01
3.981968e-02
2.643368e-01
1.926628e-01
2.879848e-01
6.317297e-01
3.439806e-01
3.278841e-01
1.277462e-01
0
0
2.757557e-01
1.911702e-01
1.441226e-01
1.068394e-01
1.358486e-01
3.094550e-01
6.628643e-01
2.965833e-01
3.786522e-01
1.598912e-01
0
0
1.302569e-01
1.053543e-01
0
0
1.041552e-01
0
0
0
0
0
0
0
0
0
0
0
0
0
0
0
7.849966e-02
3.188589e-01
4.547095e-01
3.432989e-01
0
0
0
8.993463e-02
1.816942e-01
2.736909e-01
2.827547e-01
5.323077e-01
0
1.210212e-01
2.421826e-01
1.000000e+00
6.898957e-03
3.843885e-02
0
0
0
0
0
0
0
0
0
0
0
0
0
0
0
0
3.058901e-01
5.647977e-01
2.898598e-01
7.825945e-03
6.541325e-01
2.807392e-01
2.533081e-01
2.063945e-01
1.009647e-01
0
3.085373e-03
1.471497e-01
0
0
0
0
1.523034e-01
1.733772e-01
0
3.324862e-02
3.405526e-01
2.291199e-01
0
2.901937e-01
2.409712e-01
4.360015e-01
1.979791e-01
0
0
0
2.927377e-01
1.134268e-01
0
0
2.656820e-01
1.195488e-02
1.375853e-01
0
2.694066e-01
0
1.700805e-01
0
0
0
0
0
0
0
4.374496e-02
3.145975e-01
0
0
0
0
0
0
1.657122e-01
0
0
0
0
0
8.284673e-02
3.148480e-01
3.779536e-01
5.267703e-01
6.449509e-01
5.347439e-01
2.109313e-01
0
3.109619e-01
0
1.218102e-01
1.739354e-01
2.327803e-01
1.815210e-01
4.826223e-01
3.106424e-01
1.141593e-01
1.373469e-01
0
2.186591e-02
2.079839e-01
0
0
9.988052e-03
1.206191e-01
0
0
0
1.779337e-01
0
5.877981e-01
0
0
0
6.441340e-01
6.898957e-03
1.000000e+00
8.663630e-01
0
0
0
0
0
2.005173e-01
5.211505e-02
1.725961e-01
0
0
3.784308e-01
3.654264e-01
0
0
0
0
3.137810e-01
0
4.154634e-03
0
1.946110e-01
0
0
2.572783e-01
0
2.627565e-01
0
0
2.805542e-01
0
8.927033e-02
3.316969e-01
0
3.207738e-01
0
2.728179e-01
0
0
2.343187e-02
2.718654e-01
0
0
0
0
0
3.484240e-01
0
0
0
0
7.304434e-02
0
1.411763e-01
0
5.614641e-02
0
0
0
0
0
0
0
0
0
0
2.981372e-01
0
0
0
0
0
0
1.795254e-01
9.041859e-02
0
0
0
0
0
2.196849e-01
1.802699e-01
4.806943e-01
5.638382e-01
4.895583e-01
4.696831e-02
0
4.216192e-01
0
5.512032e-02
2.539430e-02
1.909301e-01
1.449552e-01
4.245311e-01
3.378482e-01
1.177030e-02
1.417822e-01
3.013375e-02
1.450045e-01
3.047399e-01
7.341324e-02
0
1.536382e-01
1.232957e-01
1.028425e-01
0
0
3.684793e-01
2.874356e-01
6.483294e-01
0
0
0
4.488463e-01
3.843885e-02
8.663630e-01
1.000000e+00
0
0
0
0
0
0
0
0
0
2.515461e-02
2.631720e-01
4.086789e-01
0
0
0
0
2.805974e-01
0
2.508957e-01
0
3.734834e-01
7.015706e-02
0
1.307523e-01
0
0
0
0
6.478788e-02
0
0
3.062484e-01
0
1.087476e-01
0
2.617179e-01
3.285961e-03
0
1.720031e-01
1.341977e-01
0
0
0
0
0
2.019274e-01
0
0
4.175929e-01
6.236454e-01
0
0
0
6.622080e-02
0
8.615049e-02
0
0
1.487405e-01
4.071116e-01
0
3.603615e-01
0
5.991594e-02
3.453765e-01
4.922689e-02
6.186776e-01
6.771721e-01
2.627444e-01
4.481551e-01
0
2.119223e-01
0
4.096361e-02
3.900127e-01
4.215875e-01
3.633800e-01
2.474199e-01
0
0
0
0
0
0
0
2.449407e-01
0
2.520978e-01
0
1.328681e-01
0
1.061639e-01
0
0
2.007614e-01
3.292911e-02
2.843708e-01
1.619429e-01
1.199736e-03
0
0
0
7.549324e-02
0
7.597815e-01
4.910765e-01
6.397332e-02
0
0
0
5.180388e-01
5.720835e-01
0
0
0
0
1
7.816185e-01
1.393853e-01
2.075165e-01
2.973187e-01
3.438047e-01
1.392318e-01
2.670775e-01
0
0
7.205038e-02
5.161950e-02
5.369662e-01
4.013349e-01
2.398727e-02
9.273695e-02
0
0
0
0
0
0
0
0
0
0
2.048860e-01
1.701220e-01
0
5.258569e-01
3.322922e-01
1.754865e-01
5.928796e-02
0
4.555278e-01
2.555511e-01
9.275297e-02
2.078765e-01
3.017817e-01
0
5.616176e-02
2.564577e-01
5.419465e-01
4.654988e-01
1.798400e-01
0
2.600064e-01
3.108243e-01
4.257504e-01
4.802747e-01
0
0
0
1.127270e-01
5.029221e-02
3.266846e-01
0
1.252935e-01
4.912710e-02
2.315716e-01
2.109855e-01
3.261937e-01
0
0
0
0
6.054097e-01
7.034759e-01
3.086011e-01
6.734170e-01
0
2.721688e-01
0
2.171698e-01
3.555294e-01
4.213653e-01
2.809006e-02
0
0
0
8.301327e-03
0
0
0
0
2.797126e-01
0
2.253920e-01
0
1.686071e-01
0
0
0
0
6.138346e-02
0
1.742307e-01
1.843662e-01
2.629696e-02
1.564555e-01
0
0
0
0
4.391929e-01
1.844629e-01
6.655023e-02
0
0
3.476870e-02
4.021917e-02
3.105796e-01
0
0
0
0
7.816185e-01
1.000000e+00
1.272894e-01
1.472782e-01
1.818909e-01
1.780145e-01
2.802458e-02
3.355402e-01
0
0
0
0
1.644663e-02
0
0
0
0
0
0
0
0
0
1.872540e-01
1.064975e-01
1.100491e-01
1.143807e-01
3.872916e-01
1.841874e-01
1.074801e-01
6.077083e-01
8.276768e-02
1.535475e-01
1.848711e-01
0
4.117639e-01
2.508210e-01
2.420305e-01
3.146477e-01
2.520222e-01
1.016069e-01
0
2.192480e-01
4.421394e-01
2.337392e-01
2.968895e-01
0
4.106052e-01
4.989414e-01
0
1.742032e-01
4.138842e-02
0
0
0
7.023493e-02
0
0
0
4.886670e-02
0
0
0
0
0
4.623089e-01
3.890279e-01
2.134094e-01
1.793802e-01
8.939610e-02
2.992595e-01
0
0
0
0
0
0
6.300375e-01
4.570600e-01
0
6.957392e-02
1.359549e-02
0
0
0
3.551653e-01
1.802806e-01
0
4.786747e-02
2.993732e-01
1.633623e-01
1.097620e-01
1.944256e-01
8.603937e-02
8.535542e-02
1.649386e-01
6.535789e-03
6.616731e-02
0
2.317101e-02
0
0
0
8.987661e-02
5.388008e-02
3.461148e-01
1.069371e-01
0
0
0
0
7.652353e-02
0
0
0
0
0
1.393853e-01
1.272894e-01
1
6.779595e-01
6.481941e-01
4.716025e-01
6.719029e-01
4.726278e-01
5.084778e-01
3.196875e-01
3.527843e-01
9.844999e-02
2.074682e-01
0
1.736964e-01
1.232241e-01
0
0
7.143468e-02
3.555988e-02
0
0
0
4.585556e-02
0
0
0
0
0
0
2.785959e-01
1.428331e-01
0
2.139260e-01
0
8.834730e-02
0
0
4.491270e-02
0
7.683402e-02
0
0
1.463298e-01
5.775868e-02
9.521136e-02
0
0
7.689656e-02
3.066737e-01
4.829866e-02
2.192211e-03
0
1.866287e-01
6.104096e-02
2.714046e-01
0
5.992531e-02
8.636712e-02
8.689928e-02
5.989717e-02
6.939684e-02
1.197193e-02
1.140566e-01
3.748819e-01
1.330664e-01
3.246736e-01
3.112333e-01
3.870436e-02
2.932089e-01
3.471087e-01
1.967332e-01
0
0
0
0
4.005254e-01
2.930210e-01
2.554022e-01
2.323722e-01
0
0
0
0
1.608232e-01
0
0
3.641303e-02
2.187003e-01
0
1.524188e-01
2.774886e-01
6.767463e-02
1.325138e-01
2.435714e-01
1.419976e-01
1.809751e-01
2.063569e-01
0
0
0
0
8.647255e-03
7.780485e-02
3.667888e-01
0
0
0
0
2.637118e-01
0
1.621614e-01
0
0
0
0
2.075165e-01
1.472782e-01
6.779595e-01
1
5.925233e-01
3.883404e-01
6.735315e-01
5.008298e-01
4.952715e-01
4.673422e-01
4.368438e-02
0
1.499391e-01
0
2.666051e-01
4.770973e-02
0
0
0
0
0
0
0
0
0
0
0
0
0
0
1.128724e-01
3.564675e-02
0
0
0
0
0
0
0
0
3.563171e-01
0
0
5.907393e-02
0
3.246594e-02
0
0
1.840416e-03
1.090253e-01
0
0
0
0
9.451746e-02
0
0
0
0
0
0
0
0
7.012914e-03
6.346385e-01
3.414391e-01
1.388947e-01
2.795735e-01
2.110367e-01
2.732667e-01
1.416503e-01
0
0
0
0
0
6.119565e-01
4.247378e-01
0
0
2.185804e-01
1.501151e-01
0
0
4.351033e-01
0
1.357942e-01
1.992721e-01
5.979100e-01
3.813143e-01
1.852079e-01
3.811744e-01
1.280043e-01
1.769221e-01
3.472141e-01
1.538306e-01
3.020600e-01
1.448535e-01
1.259192e-01
0
0
0
2.769745e-01
8.485748e-02
5.977897e-01
6.412065e-02
0
0
0
0
8.156126e-02
3.576551e-02
0
0
0
0
2.973187e-01
1.818909e-01
6.481941e-01
5.925233e-01
1
8.100321e-01
8.015279e-01
7.046627e-01
3.665300e-01
2.876667e-01
4.606862e-01
3.001926e-02
2.362846e-01
8.383984e-02
1.105575e-01
1.610883e-01
0
0
0
1.572244e-01
0
0
0
0
0
0
0
0
0
0
4.881456e-01
4.042405e-01
0
7.001021e-02
0
1.120931e-01
0
0
5.975784e-02
0
6.010795e-02
0
0
1.058820e-01
1.054818e-01
3.835528e-01
0
0
0
1.361233e-02
0
0
4.924285e-02
0
0
0
0
0
0
0
0
0
0
0
5.926886e-01
5.175048e-01
8.962691e-02
1.833907e-01
3.501103e-02
1.875329e-01
2.248143e-01
1.492858e-01
0
0
0
0
4.778283e-01
3.819362e-01
0
0
3.020083e-01
1.599061e-01
0
0
3.636770e-01
3.213653e-02
5.424118e-02
1.639420e-01
5.958627e-01
5.487383e-01
3.439108e-02
1.936459e-01
1.719351e-01
8.977529e-02
2.058624e-01
0
4.122017e-02
0
0
0
0
0
7.861533e-02
0
5.365376e-01
1.613173e-01
0
0
0
0
1.229156e-01
1.086104e-01
2.516953e-01
0
2.005173e-01
0
3.438047e-01
1.780145e-01
4.716025e-01
3.883404e-01
8.100321e-01
1
6.668629e-01
7.827077e-01
9.624045e-02
4.424468e-02
4.999536e-01
2.650079e-01
3.397149e-01
2.313542e-01
6.555861e-02
5.093587e-02
1.039896e-01
0
0
1.627350e-01
0
0
0
0
0
0
0
0
0
0
3.770988e-01
3.212532e-01
0
2.322132e-01
0
1.210156e-01
0
0
3.008803e-01
0
1.343273e-01
0
0
0
0
1.893432e-01
0
0
4.499180e-02
1.184429e-01
0
0
0
0
1.062494e-01
0
0
0
0
0
0
0
0
0
5.536114e-01
3.939769e-01
7.316479e-02
1.019707e-01
1.225663e-01
1.566731e-01
1.128045e-01
0
0
0
0
0
5.521806e-01
2.982259e-01
0
0
2.556333e-01
2.860146e-01
0
0
2.717173e-01
0
1.348050e-01
1.291133e-01
4.156568e-01
1.998322e-01
2.305109e-01
3.961223e-01
1.834596e-01
1.997397e-01
3.243409e-01
2.487235e-01
3.096620e-01
1.183221e-01
2.695501e-01
0
0
0
3.237277e-01
2.301118e-01
4.848633e-01
1.907135e-01
8.593838e-02
0
4.975547e-02
0
1.412283e-01
0
0
0
5.211505e-02
0
1.392318e-01
2.802458e-02
6.719029e-01
6.735315e-01
8.015279e-01
6.668629e-01
1
7.362779e-01
4.246809e-01
4.186265e-01
3.032584e-01
8.042969e-02
1.427920e-01
0
0
0
0
0
0
3.849302e-02
0
0
0
0
0
0
0
0
3.155839e-02
0
4.456476e-01
4.715488e-01
0
3.745979e-02
0
1.848075e-01
0
0
0
0
1.685646e-01
0
0
9.251842e-02
1.462517e-01
5.271437e-01
0
0
8.784520e-03
3.611246e-02
6.173088e-03
0
0
0
2.829980e-01
0
0
0
0
0
7.265169e-02
0
0
0
3.120780e-01
1.552205e-01
1.958755e-01
2.633890e-01
3.161826e-02
2.874393e-01
2.046409e-01
1.751028e-01
1.082034e-02
0
0
0
3.786304e-01
0
0
0
4.385274e-01
2.556251e-01
0
0
1.926732e-01
0
0
0
2.577744e-01
2.653372e-01
2.076845e-01
2.888776e-01
2.594888e-01
2.095026e-01
3.627171e-01
2.250486e-01
2.369215e-01
2.024421e-01
0
0
0
0
8.587781e-03
0
3.419946e-01
0
0
0
7.465360e-02
0
0
4.385150e-02
1.639733e-01
0
1.725961e-01
0
2.670775e-01
3.355402e-01
4.726278e-01
5.008298e-01
7.046627e-01
7.827077e-01
7.362779e-01
1.000000e+00
2.767127e-02
0
1.401587e-01
0
0
0
0
0
0
0
0
0
0
0
0
1.839912e-01
0
0
0
0
1.574554e-01
3.448137e-02
4.045534e-01
4.690248e-01
0
3.175620e-02
1.302769e-02
1.815528e-01
0
0
6.578573e-02
0
2.083958e-02
0
0
7.624330e-02
0
2.816789e-01
0
0
0
0
8.544038e-02
0
0
0
0
0
0
0
0
0
0
0
0
3.373453e-02
5.248019e-01
4.889852e-01
0
0
0
0
1.322028e-01
0
0
0
0
0
4.962255e-01
4.119680e-01
2.059614e-01
2.628612e-01
1.568596e-01
1.424492e-01
7.989856e-02
2.659840e-01
4.871997e-01
1.231449e-01
5.551805e-01
2.049262e-01
6.095191e-01
1.601423e-01
5.142437e-01
5.493278e-01
4.505234e-01
4.371723e-01
4.242506e-01
3.947140e-01
2.930266e-01
1.962929e-01
3.135783e-02
0
0
0
4.268470e-01
4.748559e-01
6.553415e-02
0
0
0
0
0
0
0
1.375945e-02
0
0
0
0
0
5.084778e-01
4.952715e-01
3.665300e-01
9.624045e-02
4.246809e-01
2.767127e-02
1
7.754840e-01
5.439381e-01
3.902120e-01
3.202844e-01
8.373197e-02
4.509964e-01
2.179836e-01
0
0
9.814353e-02
2.017888e-01
0
1.184002e-01
0
0
0
0
0
0
6.680831e-02
0
3.645940e-01
2.311118e-01
0
0
0
0
0
0
0
0
6.598311e-02
0
0
1.869370e-01
0
2.549865e-01
0
0
0
0
0
0
0
0
0
0
0
0
0
3.111368e-02
0
0
0
1.897504e-01
4.204770e-01
5.320054e-01
0
0
0
0
0
0
0
0
0
0
3.170632e-01
5.790764e-01
5.603188e-02
2.706681e-01
0
1.141999e-01
0
7.280887e-02
3.110818e-01
1.191597e-01
6.130137e-01
2.134810e-01
4.477981e-01
0
3.387645e-01
4.403278e-01
2.813401e-01
3.344729e-01
2.865261e-01
2.910872e-01
3.202952e-01
1.945915e-01
3.182826e-01
9.543802e-02
2.412626e-01
2.500729e-02
5.719857e-01
5.839803e-01
1.332741e-01
0
0
0
0
0
1.292580e-01
0
0
0
0
2.515461e-02
0
0
3.196875e-01
4.673422e-01
2.876667e-01
4.424468e-02
4.186265e-01
0
7.754840e-01
1
3.018044e-01
3.118496e-01
2.608039e-01
1.402396e-01
4.979492e-01
5.368039e-01
0
1.687384e-01
3.912821e-01
4.336011e-01
1.754481e-01
4.787417e-01
0
0
0
0
0
0
0
0
1.962007e-01
2.354037e-02
0
0
0
0
0
0
0
0
6.645128e-03
0
0
3.086038e-02
0
2.054304e-01
0
0
0
0
1.617253e-02
0
0
0
0
0
0
0
7.198070e-02
0
0
0
0
0
7.797269e-01
7.729529e-01
0
0
0
0
1.026238e-02
0
0
0
0
0
5.683404e-01
5.100020e-01
1.829082e-02
9.063129e-02
2.509223e-01
2.623854e-01
1.217978e-01
1.523066e-01
6.740612e-01
3.433484e-01
3.758936e-01
2.945443e-01
7.409844e-01
5.232328e-01
4.459373e-01
5.615983e-01
5.117221e-01
4.727491e-01
4.733562e-01
3.071071e-01
2.942670e-01
1.731704e-01
7.885644e-02
0
0
0
4.912429e-01
2.673900e-01
3.133659e-01
0
0
0
0
0
1.473444e-01
0
1.724533e-01
0
3.784308e-01
2.631720e-01
7.205038e-02
0
3.527843e-01
4.368438e-02
4.606862e-01
4.999536e-01
3.032584e-01
1.401587e-01
5.439381e-01
3.018044e-01
1
7.957427e-01
6.331530e-01
3.345700e-01
3.858683e-01
1.041042e-01
1.751248e-01
0
0
8.074569e-02
0
0
0
0
0
9.780690e-02
0
0
1.419090e-01
0
5.579511e-01
5.024189e-01
0
2.809670e-01
0
5.604898e-02
0
0
3.996111e-01
0
5.475630e-03
0
0
4.092285e-01
0
2.510561e-01
0
0
0
0
0
0
0
0
0
0
0
0
2.453732e-01
0
0
0
0
0
6.437048e-01
8.012932e-01
0
0
0
0
5.617127e-02
0
0
0
0
0
4.007044e-01
4.688475e-01
2.020291e-01
2.916313e-01
2.359727e-01
2.622258e-01
2.118504e-01
2.612014e-01
3.781182e-01
2.431223e-01
2.279472e-01
1.096962e-01
4.754969e-01
2.707056e-01
4.413297e-01
5.088327e-01
5.862336e-01
5.202793e-01
4.045531e-01
2.839430e-01
2.156140e-01
1.702969e-01
0
0
0
0
3.376850e-01
1.875315e-01
1.448381e-01
0
0
0
0
0
3.098680e-01
0
2.116360e-01
0
3.654264e-01
4.086789e-01
5.161950e-02
0
9.844999e-02
0
3.001926e-02
2.650079e-01
8.042969e-02
0
3.902120e-01
3.118496e-01
7.957427e-01
1
7.244845e-01
3.734639e-01
3.806027e-01
2.835632e-02
4.232710e-01
0
1.385709e-01
0
0
0
0
0
0
0
0
0
1.128248e-02
0
3.177197e-01
3.309065e-01
0
2.910948e-01
0
0
0
0
4.066025e-01
0
5.536993e-02
0
0
3.850416e-01
0
3.727323e-02
0
0
0
2.065366e-01
0
0
0
3.591893e-02
0
0
0
0
1.923472e-01
1.060556e-01
0
0
0
1.123536e-02
7.305647e-01
6.703472e-01
2.280953e-02
1.525514e-02
0
0
0
0
0
0
0
1.199937e-02
6.918327e-01
7.247839e-01
0
0
1.426101e-01
1.215564e-01
0
0
8.831475e-02
3.119917e-01
0
1.804028e-01
3.859718e-01
2.255211e-01
3.124587e-01
4.497593e-01
2.684491e-01
3.373129e-01
4.668145e-01
2.305719e-01
3.001830e-01
9.737458e-02
0
0
0
0
3.353922e-01
1.802400e-01
5.797482e-01
3.535432e-01
0
0
0
0
6.604995e-01
2.441248e-01
0
0
0
0
5.369662e-01
1.644663e-02
2.074682e-01
1.499391e-01
2.362846e-01
3.397149e-01
1.427920e-01
0
3.202844e-01
2.608039e-01
6.331530e-01
7.244845e-01
1
7.622382e-01
4.887025e-01
2.458760e-01
1.684573e-01
0
1.113635e-01
4.690082e-02
0
0
0
0
0
0
0
3.626120e-02
0
0
5.700796e-01
2.233005e-01
0
0
1.155292e-02
0
0
0
2.962245e-01
0
6.857079e-02
0
1.491651e-01
5.780892e-01
0
9.298646e-02
0
0
0
2.714674e-01
0
0
0
1.323131e-01
0
0
0
0
0
1.527480e-01
0
5.615218e-02
0
2.466404e-01
3.703613e-01
4.912489e-01
0
9.710938e-02
0
0
0
0
0
0
0
4.382943e-02
3.322993e-01
6.105027e-01
0
0
0
0
0
0
0
3.868827e-01
0
2.242414e-01
2.183803e-01
2.439809e-01
5.997990e-02
1.261083e-01
4.123639e-02
1.028341e-01
2.689179e-01
7.237369e-02
9.002734e-02
0
0
0
0
0
2.788669e-01
1.235108e-01
4.458795e-01
4.491863e-01
0
0
0
0
4.523808e-01
1.454739e-01
0
0
0
0
4.013349e-01
0
0
0
8.383984e-02
2.313542e-01
0
0
8.373197e-02
1.402396e-01
3.345700e-01
3.734639e-01
7.622382e-01
1.000000e+00
4.953055e-01
4.221481e-01
1.583336e-01
9.361935e-02
2.287340e-01
3.774204e-01
0
1.014836e-01
0
0
0
0
9.411333e-02
3.005504e-01
1.095647e-01
1.271298e-01
4.571643e-01
0
0
0
0
0
0
3.680537e-02
1.924766e-01
0
8.365868e-02
2.566828e-01
3.756847e-01
2.273682e-01
0
1.842031e-02
0
1.321312e-01
0
5.265231e-02
0
0
0
6.681257e-02
0
3.587578e-02
0
6.699414e-02
2.479353e-01
3.263900e-01
0
2.136707e-01
3.409943e-01
5.113702e-01
3.793056e-01
4.296562e-01
0
0
0
0
1.670765e-01
0
0
0
0
3.476365e-02
1.822534e-01
6.713960e-01
9.157190e-02
1.268896e-01
0
0
0
0
2.496508e-01
2.517836e-01
3.798340e-01
2.915034e-01
4.410652e-01
1.759364e-02
0
1.551642e-03
0
0
0
0
0
0
0
0
0
0
1.306849e-01
4.512378e-02
2.337277e-01
1.017272e-01
0
0
0
0
1.228056e-01
1.414447e-01
0
0
0
0
2.398727e-02
0
1.736964e-01
2.666051e-01
1.105575e-01
6.555861e-02
0
0
4.509964e-01
4.979492e-01
3.858683e-01
3.806027e-01
4.887025e-01
4.953055e-01
1
6.160560e-01
3.837223e-01
2.953319e-01
5.021637e-01
3.757381e-01
7.680356e-02
3.223899e-01
0
0
0
0
0
1.080847e-01
0
0
0
0
0
9.994395e-02
0
0
0
0
2.215906e-01
0
2.604745e-01
1.057083e-02
5.709942e-03
5.443439e-02
0
0
0
0
0
2.143716e-01
0
0
4.179802e-02
0
0
0
0
0
0
4.628741e-01
0
2.693706e-01
7.610223e-02
6.400100e-01
2.178899e-01
3.682036e-01
2.387552e-02
1.015094e-01
2.852894e-01
1.215775e-01
0
0
6.418215e-03
0
3.048058e-01
2.242834e-01
1.066219e-01
6.756789e-01
0
0
0
0
0
0
6.825575e-02
2.922698e-01
3.538691e-01
3.324567e-01
2.620127e-01
7.974475e-02
0
0
0
0
0
0
0
0
2.872929e-01
1.708285e-01
5.195566e-01
1.873223e-01
2.712756e-01
1.677167e-01
2.961478e-01
3.798442e-01
8.769367e-02
1.451492e-01
0
0
2.922439e-01
2.366778e-01
0
0
0
0
9.273695e-02
0
1.232241e-01
4.770973e-02
1.610883e-01
5.093587e-02
0
0
2.179836e-01
5.368039e-01
1.041042e-01
2.835632e-02
2.458760e-01
4.221481e-01
6.160560e-01
1
3.405672e-02
3.121154e-01
5.759693e-01
8.011245e-01
2.997588e-01
6.538319e-01
0
0
0
0
0
0
0
0
0
0
4.676724e-02
6.447442e-03
0
0
0
0
0
0
0
2.733873e-01
1.851895e-01
0
0
0
3.464580e-03
7.305855e-03
0
0
3.479588e-01
4.084854e-01
7.606829e-02
1.351515e-01
0
0
1.511188e-01
5.446130e-02
6.116029e-01
2.195010e-02
2.025007e-01
0
3.161636e-01
0
0
3.151968e-01
0
0
0
0
4.377304e-01
3.594771e-01
2.248983e-01
0
0
0
0
2.286183e-01
4.419717e-01
4.092748e-01
0
0
3.457788e-01
2.307078e-01
3.042988e-02
0
9.439636e-02
0
0
0
0
0
0
0
0
0
0
0
0
0
0
0
0
0
0
8.980954e-02
0
0
1.569496e-01
0
3.995955e-02
0
5.905233e-01
3.058901e-01
3.137810e-01
2.805974e-01
0
0
0
0
0
1.039896e-01
0
0
0
0
1.751248e-01
4.232710e-01
1.684573e-01
1.583336e-01
3.837223e-01
3.405672e-02
1.000000e+00
1.711976e-01
4.308885e-01
1.498164e-02
4.841983e-01
1.272533e-01
0
0
0
1.438237e-02
0
2.455590e-01
0
0
0
0
0
5.764772e-01
0
0
0
3.051986e-01
0
6.942778e-02
5.920595e-01
1.719716e-01
1.381884e-01
0
0
0
0
0
3.695475e-01
1.530354e-01
0
4.781444e-01
9.189898e-03
7.271881e-02
0
3.849718e-01
0
1.364082e-01
1.216952e-01
4.939693e-01
1.216575e-01
5.344488e-01
1.872188e-01
3.765193e-01
0
0
1.370669e-01
1.261058e-01
0
0
6.114058e-02
1.501712e-01
3.923527e-01
9.411553e-02
2.917761e-01
4.453720e-02
0
4.160525e-03
2.243848e-02
1.217754e-01
0
0
0
0
0
0
1.567095e-01
0
0
0
0
0
0
0
0
0
0
0
4.277831e-02
4.534535e-01
3.513946e-01
1.436209e-02
2.720178e-02
7.842854e-02
0
8.831852e-02
1.245009e-01
3.925362e-01
0
2.883003e-01
0
2.433360e-01
0
5.647977e-01
0
0
0
0
0
0
0
0
0
0
0
1.687384e-01
0
0
0
9.361935e-02
2.953319e-01
3.121154e-01
1.711976e-01
1
3.994413e-01
1.651653e-01
5.455434e-01
5.154035e-01
0
0
0
0
0
1.609602e-01
0
3.233627e-02
0
0
7.400720e-02
0
0
0
0
1.037879e-01
0
0
1.534656e-01
4.493593e-01
2.265359e-01
0
0
0
1.765732e-01
1.561349e-02
1.113531e-02
8.745029e-02
0
1.911306e-02
0
0
0
0
0
0
5.679011e-02
4.924674e-01
0
1.336314e-01
2.229062e-01
3.156530e-01
1.406463e-02
3.454050e-01
0
0
0
0
0
0
0
0
1.823785e-01
1.867527e-01
0
5.349848e-01
0
1.210529e-01
0
0
3.107294e-02
0
0
7.913345e-02
2.911589e-01
1.103246e-02
0
0
0
0
0
0
0
0
0
0
1.228782e-01
1.034202e-01
3.967037e-01
2.624423e-01
0
0
3.909398e-02
4.441618e-01
2.481444e-01
5.106256e-01
1.901791e-01
6.062718e-02
3.217394e-01
2.438863e-01
0
2.898598e-01
4.154634e-03
2.508957e-01
0
0
7.143468e-02
0
0
0
0
0
9.814353e-02
3.912821e-01
0
1.385709e-01
1.113635e-01
2.287340e-01
5.021637e-01
5.759693e-01
4.308885e-01
3.994413e-01
1
3.115964e-01
6.305530e-01
6.259253e-01
0
0
0
0
0
7.744653e-02
0
0
0
0
1.820350e-01
0
0
0
0
0
0
0
0
1.171348e-01
5.022256e-02
0
0
0
0
0
0
0
0
0
1.033293e-01
0
0
0
0
0
0
6.666934e-02
0
9.056163e-03
0
4.614268e-01
8.809031e-02
3.679519e-01
0
0
2.324526e-01
1.148272e-01
0
0
1.780453e-01
1.506175e-02
1.581617e-01
0
0
3.739901e-01
0
0
0
0
9.898195e-03
4.491645e-02
1.790622e-01
2.351889e-01
5.083385e-01
3.975525e-01
3.725208e-01
4.216227e-01
0
0
0
0
0
0
0
0
3.060625e-01
2.265344e-01
5.040496e-01
2.908984e-01
3.131954e-01
2.098665e-01
8.306455e-02
2.281269e-01
1.083717e-01
1.475459e-01
0
5.313419e-02
0
0
2.083172e-02
7.825945e-03
0
0
0
0
3.555988e-02
0
1.572244e-01
1.627350e-01
3.849302e-02
0
2.017888e-01
4.336011e-01
8.074569e-02
0
4.690082e-02
3.774204e-01
3.757381e-01
8.011245e-01
1.498164e-02
1.651653e-01
3.115964e-01
1.000000e+00
1.905769e-01
5.552232e-01
0
0
0
0
0
0
9.117687e-02
0
0
0
0
0
0
0
0
0
0
3.095016e-02
4.902174e-02
2.618263e-01
9.845435e-02
0
0
1.009591e-02
1.959090e-03
0
3.468921e-01
6.862852e-02
0
2.549826e-01
2.526024e-01
0
0
0
0
0
2.552774e-01
3.462729e-01
1.470808e-01
1.199732e-01
7.766467e-02
2.954697e-02
0
2.582288e-03
0
0
1.109336e-01
0
0
0
4.445219e-01
1.368727e-01
3.093620e-01
0
0
6.072706e-02
0
3.260692e-02
0
0
6.364730e-02
0
0
0
2.813339e-01
1.521085e-02
0
0
0
0
0
0
0
0
0
0
4.558624e-01
3.999474e-01
6.652317e-01
3.680652e-01
7.925777e-02
6.017988e-02
0
3.628577e-01
5.261658e-01
4.966629e-01
3.600487e-01
0
1.281637e-01
7.163137e-02
5.506972e-02
6.541325e-01
1.946110e-01
3.734834e-01
0
0
0
0
0
0
0
0
0
1.754481e-01
0
0
0
0
7.680356e-02
2.997588e-01
4.841983e-01
5.455434e-01
6.305530e-01
1.905769e-01
1
7.070688e-01
0
0
0
0
0
0
0
0
0
0
1.972674e-01
1.759135e-01
0
1.823227e-01
1.744255e-01
1.341422e-01
0
1.143691e-01
2.289767e-01
4.298782e-01
1.932756e-01
0
5.001487e-02
9.766113e-02
1.807430e-01
0
1.559337e-01
1.317941e-01
0
1.186671e-01
3.699226e-02
0
0
0
0
0
0
4.570590e-01
0
1.404672e-01
0
2.257734e-01
0
1.529136e-01
0
0
2.198869e-01
0
0
0
1.332128e-01
0
3.095307e-01
2.828653e-02
0
2.946033e-01
0
0
0
0
0
0
2.701457e-03
2.955888e-01
4.776545e-01
3.963064e-01
0
0
0
0
0
0
0
0
0
0
5.940134e-01
6.305758e-01
8.156456e-01
5.789325e-01
4.057313e-01
4.898844e-01
0
3.921242e-01
4.661320e-01
6.284599e-01
0
0
9.873478e-02
0
0
2.807392e-01
0
7.015706e-02
0
0
0
0
0
0
0
0
1.184002e-01
4.787417e-01
0
0
0
1.014836e-01
3.223899e-01
6.538319e-01
1.272533e-01
5.154035e-01
6.259253e-01
5.552232e-01
7.070688e-01
1.000000e+00
0
0
0
0
0
0
3.158094e-02
0
0
0
3.254099e-01
0
0
0
0
4.462066e-02
0
0
7.648110e-02
4.259733e-01
1.959264e-01
0
0
0
1.233201e-01
3.426442e-02
0
0
1.240311e-01
2.132028e-01
9.343050e-02
2.332503e-01
3.454831e-01
4.644527e-01
4.659515e-01
4.850908e-01
0
0
4.858026e-01
1.613331e-01
2.037929e-01
1.228968e-01
0
0
3.911598e-02
0
9.235509e-02
2.140512e-01
0
0
0
0
5.516975e-02
1.830073e-01
0
0
0
0
0
0
2.183756e-01
1.898090e-01
0
0
0
0
0
0
0
0
0
0
0
0
0
0
0
1.191696e-01
0
3.861895e-01
0
0
0
0
4.123144e-02
2.708167e-01
3.477264e-01
5.405487e-01
0
0
7.037677e-02
2.533081e-01
0
0
0
1.872540e-01
0
0
0
0
0
0
0
0
0
0
0
0
0
0
0
0
0
0
0
0
1
5.265159e-01
5.306003e-01
3.337327e-01
3.749689e-01
2.971889e-01
1.975883e-01
1.224767e-01
0
0
4.846081e-01
0
2.460233e-01
5.702393e-02
4.578395e-01
2.254314e-01
0
3.361260e-01
0
0
6.642842e-02
0
2.134883e-01
0
2.030654e-01
4.788985e-01
7.284251e-02
0
6.691874e-01
1.305916e-01
1.745853e-01
5.356612e-02
8.020796e-01
2.823124e-03
4.992701e-01
3.809674e-01
2.438693e-01
0
6.334743e-01
0
2.172293e-01
0
0
0
1.480461e-02
0
0
7.286875e-02
2.255676e-01
1.685158e-01
1.608417e-01
1.590168e-01
0
0
0
0
3.039864e-01
2.218215e-02
1.681216e-01
6.021427e-02
3.308478e-01
3.324630e-01
2.479478e-01
0
0
0
0
0
0
0
6.006902e-02
0
0
0
0
0
0
0
0
2.581392e-01
0
0
0
0
0
0
4.000719e-01
1.764989e-01
0
0
4.218267e-01
2.063945e-01
2.572783e-01
1.307523e-01
0
1.064975e-01
4.585556e-02
0
0
0
0
1.839912e-01
0
0
0
0
0
0
0
0
0
0
0
0
0
0
5.265159e-01
1
5.124777e-01
7.123817e-01
2.367966e-01
2.255819e-02
1.963459e-02
1.763093e-02
0
2.298410e-01
1.593053e-01
3.706564e-01
4.355872e-02
2.318286e-01
2.323897e-01
2.812435e-01
0
3.909280e-01
0
0
0
0
4.405376e-01
0
9.837428e-02
7.988944e-02
0
0
2.226180e-01
7.854161e-02
7.867557e-02
6.712182e-01
2.460854e-01
4.598808e-01
6.230294e-01
6.722418e-01
2.344674e-01
1.958987e-02
4.617504e-01
3.832129e-01
6.195297e-01
2.515927e-01
0
0
2.305566e-01
9.616395e-02
0
0
3.929480e-01
4.945745e-01
0
1.735693e-01
0
2.505230e-01
0
0
2.848411e-01
1.027380e-02
1.078441e-01
0
1.320674e-01
2.225781e-01
0
0
0
0
0
0
6.281848e-02
0
1.018924e-01
0
0
0
0
0
0
0
0
0
0
0
0
0
0
0
5.798547e-02
4.795797e-01
0
1.838177e-01
1.721748e-01
1.009647e-01
0
0
0
1.100491e-01
0
0
0
0
0
0
0
0
0
0
0
0
0
0
0
0
0
0
0
0
5.306003e-01
5.124777e-01
1
5.130214e-01
2.651685e-01
3.782847e-01
0
1.044123e-01
0
0
1.600031e-01
4.211256e-02
2.325580e-01
0
1.976051e-01
2.459412e-01
0
1.081865e-01
0
0
8.496824e-02
2.566940e-02
1.339175e-01
0
1.416667e-02
1.928006e-01
0
0
6.215487e-01
1.186629e-01
9.710665e-02
1.774322e-01
6.303501e-01
0
6.880500e-01
4.467090e-01
2.566222e-01
0
4.005504e-01
0
3.063251e-01
0
0
0
0
0
0
2.189573e-02
3.276208e-01
2.297161e-01
0
2.302299e-02
0
0
0
0
3.720928e-01
2.070811e-01
1.767360e-01
0
3.197690e-01
2.473195e-01
2.679404e-01
0
0
0
0
2.855525e-03
1.159501e-01
3.338433e-02
1.404038e-01
1.198370e-02
4.398662e-02
0
0
0
0
0
0
0
0
0
0
0
0
0
1.553479e-01
1.184805e-02
0
0
3.276205e-01
0
2.627565e-01
0
0
1.143807e-01
0
0
0
0
0
0
0
0
9.780690e-02
0
0
0
0
0
1.438237e-02
0
0
0
0
0
3.337327e-01
7.123817e-01
5.130214e-01
1
2.646626e-01
1.739140e-01
1.087553e-01
2.542508e-01
0
1.281534e-01
0
4.973341e-01
2.019812e-02
2.171963e-01
1.170745e-01
3.595775e-01
0
5.597852e-01
0
0
0
1.736655e-01
4.173232e-01
3.028414e-02
2.149923e-01
1.352278e-01
2.855747e-01
2.594406e-01
2.215579e-01
3.693328e-01
6.722723e-02
2.500754e-01
2.143308e-01
2.660177e-01
2.570661e-01
2.878876e-01
2.589854e-01
3.699592e-02
1.919254e-01
8.970105e-02
2.461796e-03
0
0
0
2.329148e-01
2.775408e-01
0
1.032852e-01
0
2.424619e-01
0
0
2.895645e-02
2.511946e-01
0
0
1.091247e-03
0
7.303488e-02
0
1.101925e-01
8.324518e-02
0
2.207533e-01
0
1.341168e-02
0
0
0
0
0
0
0
0
0
0
0
1.691309e-01
0
1.549373e-01
0
0
0
6.489999e-02
0
1.146964e-01
0
0
0
0
0
3.085373e-03
0
0
2.048860e-01
3.872916e-01
0
0
0
0
0
0
0
0
0
0
0
9.411333e-02
0
0
0
0
0
0
0
0
3.749689e-01
2.367966e-01
2.651685e-01
2.646626e-01
1
5.722762e-01
4.968133e-01
5.576953e-01
5.320771e-02
0
2.362957e-01
0
1.751684e-01
0
5.248018e-01
7.533891e-01
6.644534e-02
3.125275e-01
2.138733e-01
4.924907e-01
5.973797e-01
1.709946e-01
1.709389e-01
0
5.806350e-01
6.480916e-01
2.064724e-01
3.297707e-01
9.278008e-02
4.147113e-01
2.603167e-01
5.671121e-01
9.570691e-03
5.101256e-01
4.763775e-01
4.696926e-01
1.951352e-01
3.236249e-01
3.714783e-01
4.606315e-01
5.490918e-01
1.938128e-01
0
0
3.947196e-01
3.435505e-01
0
1.848940e-02
9.953983e-02
4.551055e-01
0
1.578630e-02
2.062135e-01
5.967148e-01
0
0
0
0
0
0
1.343627e-01
0
0
7.116492e-02
0
0
0
0
0
0
0
0
0
0
0
0
0
0
0
0
0
0
0
1.816366e-01
0
1.038715e-01
0
3.917259e-01
0
2.920626e-01
1.047815e-01
1.471497e-01
0
0
1.701220e-01
1.841874e-01
0
0
0
0
0
0
0
0
0
0
3.626120e-02
3.005504e-01
1.080847e-01
0
2.455590e-01
1.609602e-01
7.744653e-02
0
0
0
2.971889e-01
2.255819e-02
3.782847e-01
1.739140e-01
5.722762e-01
1
0
5.180229e-01
0
0
2.114911e-01
0
1.087830e-01
0
3.881900e-01
7.191437e-01
2.620848e-01
3.603927e-01
1.107813e-01
4.062794e-01
6.226895e-01
0
0
0
4.913761e-01
7.209898e-01
0
0
2.711369e-02
5.457155e-02
0
0
1.270806e-01
0
1.789102e-02
0
0
0
0
0
0
0
0
2.762462e-02
0
0
0
0
0
0
0
0
0
0
2.485935e-03
0
0
0
4.544974e-01
3.748412e-01
2.299467e-01
3.061623e-01
2.818909e-01
2.606221e-01
6.240430e-02
5.466455e-02
2.250909e-02
2.065609e-01
4.259410e-01
3.558227e-01
3.171763e-01
2.990116e-01
5.172885e-01
5.453966e-01
3.995737e-01
2.223649e-01
3.323231e-01
2.179444e-01
6.758511e-02
5.068312e-02
5.714562e-01
5.455646e-01
0
0
1.996594e-02
0
0
0
0
0
3.454388e-03
0
2.805542e-01
6.478788e-02
0
1.074801e-01
0
0
0
0
3.155839e-02
1.574554e-01
6.680831e-02
0
1.419090e-01
1.128248e-02
0
1.095647e-01
0
0
0
0
0
9.117687e-02
0
3.158094e-02
1.975883e-01
1.963459e-02
0
1.087553e-01
4.968133e-01
0
1
1.635760e-01
5.085694e-01
3.379697e-01
0
0
0
0
8.943442e-02
8.371453e-03
0
2.840538e-02
0
7.752961e-02
0
1.874832e-01
1.792481e-01
3.942552e-01
1.437570e-01
8.468895e-02
4.708947e-01
3.627902e-01
7.108168e-03
1.320403e-01
3.024899e-01
1.142155e-01
1.741914e-01
2.117450e-01
1.890218e-01
5.165875e-02
0
1.185014e-01
1.285069e-01
3.599972e-01
5.549759e-03
0
0
0
3.447754e-01
5.120114e-01
3.280715e-01
3.392909e-01
0
3.545788e-01
5.901836e-02
3.616750e-01
4.146860e-01
3.832327e-01
0
0
0
0
4.990843e-02
0
0
0
0
8.102536e-03
0
1.062904e-01
0
1.264583e-01
0
0
0
0
0
0
7.138291e-03
5.271082e-02
0
8.021584e-02
0
0
0
0
2.360594e-01
1.419595e-01
1.767947e-01
3.110004e-02
0
0
0
1.997541e-01
0
0
0
0
5.258569e-01
6.077083e-01
0
0
0
0
0
3.448137e-02
0
0
0
0
0
1.271298e-01
0
0
0
3.233627e-02
0
0
0
0
1.224767e-01
1.763093e-02
1.044123e-01
2.542508e-01
5.576953e-01
5.180229e-01
1.635760e-01
1
6.244210e-02
5.251280e-02
2.169257e-01
0
4.242977e-01
1.512395e-01
5.283965e-01
5.126592e-01
1.943373e-01
4.248054e-01
5.431051e-03
5.039712e-01
6.209353e-01
1.103905e-01
2.443150e-01
0
7.911773e-01
5.839096e-01
0
0
0
0
0
0
0
0
0
0
0
0
0
0
0
0
5.774238e-01
4.467114e-01
0
0
0
0
0
0
0
0
0
0
6.715899e-01
3.411174e-01
0
0
3.548690e-01
4.175356e-01
0
0
2.232162e-01
3.409534e-01
4.345148e-02
2.358210e-01
4.292099e-01
3.090239e-01
6.121875e-01
6.932243e-01
4.506329e-01
5.572825e-01
7.889813e-01
6.776225e-01
6.875714e-01
4.075280e-01
1.496192e-01
0
0
0
6.577354e-01
5.426871e-01
4.694058e-01
1.710424e-01
1.965745e-02
0
0
0
3.803773e-01
0
0
0
8.927033e-02
0
3.322922e-01
8.276768e-02
2.785959e-01
1.128724e-01
4.881456e-01
3.770988e-01
4.456476e-01
4.045534e-01
3.645940e-01
1.962007e-01
5.579511e-01
3.177197e-01
5.700796e-01
4.571643e-01
0
0
0
0
0
0
0
0
0
0
0
0
5.320771e-02
0
5.085694e-01
6.244210e-02
1
6.913330e-01
0
0
2.517649e-01
1.405395e-01
0
0
1.490717e-01
0
0
0
0
6.354939e-01
2.489901e-01
5.702203e-01
0
0
0
0
0
0
0
0
9.842745e-02
0
0
0
0
0
0
0
0
0
5.332624e-01
2.554084e-01
0
0
0
0
0
0
0
0
0
0
4.508047e-01
0
0
0
5.263174e-01
6.062435e-01
0
5.422338e-02
2.942351e-01
7.554321e-02
9.213142e-03
1.330989e-01
3.459494e-01
3.536950e-01
7.081975e-01
7.377674e-01
6.221081e-01
6.979618e-01
7.041181e-01
7.318485e-01
7.478898e-01
6.309932e-01
2.705892e-01
0
0
0
4.411044e-01
3.894014e-01
2.519045e-01
0
1.355379e-01
0
2.226767e-01
0
1.219243e-01
0
0
0
3.316969e-01
3.062484e-01
1.754865e-01
1.535475e-01
1.428331e-01
3.564675e-02
4.042405e-01
3.212532e-01
4.715488e-01
4.690248e-01
2.311118e-01
2.354037e-02
5.024189e-01
3.309065e-01
2.233005e-01
0
0
0
0
0
0
0
0
0
0
2.298410e-01
0
1.281534e-01
0
0
3.379697e-01
5.251280e-02
6.913330e-01
1
0
0
3.795529e-01
4.275827e-01
0
0
2.518620e-01
0
0
0
0
5.098410e-01
4.204419e-01
5.218918e-01
0
0
3.543806e-01
2.223481e-01
0
0
1.033893e-01
0
0
1.796321e-01
0
0
0
4.361069e-01
1.744547e-01
4.079423e-01
2.297024e-01
2.495797e-01
0
0
2.299928e-01
1.593205e-01
3.360251e-01
1.264441e-01
0
0
0
8.834009e-02
5.555058e-01
5.407818e-01
0
0
0
0
0
0
0
0
0
1.656292e-01
0
3.013201e-01
0
0
0
0
0
0
0
0
0
0
2.517546e-01
4.862355e-01
4.432750e-01
5.386251e-01
0
1.083728e-01
0
3.297818e-01
5.470095e-01
6.640111e-01
2.145969e-01
1.519605e-01
1.931878e-02
1.707133e-01
0
1.523034e-01
0
0
5.928796e-02
1.848711e-01
0
0
0
0
0
0
0
0
0
0
0
0
0
4.676724e-02
0
7.400720e-02
1.820350e-01
0
1.972674e-01
3.254099e-01
4.846081e-01
1.593053e-01
1.600031e-01
0
2.362957e-01
2.114911e-01
0
2.169257e-01
0
0
1
0
6.980641e-01
2.918043e-01
6.293486e-01
2.359862e-01
1.821802e-01
2.243024e-01
0
2.457698e-01
3.173408e-01
0
4.633284e-01
0
3.294019e-01
3.971960e-01
0
0
5.382977e-01
2.182838e-01
6.706567e-02
0
2.640967e-01
0
2.292667e-01
1.270713e-01
5.344257e-01
0
3.045910e-01
0
1.663729e-01
0
1.220341e-01
2.064587e-01
0
0
0
6.711421e-02
3.595895e-01
2.458731e-01
2.550337e-01
5.110215e-02
0
0
0
4.343604e-02
5.070135e-01
4.087798e-01
0
0
1.895329e-01
7.840487e-02
4.463444e-01
0
0
0
6.713182e-02
2.778250e-02
0
0
0
0
0
0
0
0
0
0
0
5.764473e-02
0
0
0
0
0
0
1.220327e-03
0
0
0
4.780526e-01
1.733772e-01
3.207738e-01
1.087476e-01
0
0
2.139260e-01
0
7.001021e-02
2.322132e-01
3.745979e-02
3.175620e-02
0
0
2.809670e-01
2.910948e-01
0
0
9.994395e-02
6.447442e-03
5.764772e-01
0
0
0
1.759135e-01
0
0
3.706564e-01
4.211256e-02
4.973341e-01
0
0
0
0
0
0
0
1
0
2.703366e-01
0
2.617717e-01
0
3.866288e-01
2.906947e-01
0
0
0
4.402575e-02
0
0
0
2.980561e-01
2.139265e-01
0
0
0
0
0
1.161515e-02
0
0
0
2.243753e-01
0
2.847860e-01
8.622974e-02
1.396521e-01
4.148606e-02
0
3.423823e-01
3.201212e-01
2.982606e-01
1.377836e-01
0
0
0
0
4.228346e-01
4.259437e-01
9.122577e-02
0
0
0
0
2.285117e-03
0
0
0
0
0
4.590223e-02
0
7.362764e-02
6.673793e-02
2.394352e-02
0
6.866406e-02
7.332357e-02
2.039769e-01
3.712621e-01
2.875477e-01
1.647082e-01
1.432848e-01
1.050397e-01
0
1.458611e-02
1.825826e-02
2.393933e-01
3.052463e-01
4.049346e-01
2.559162e-01
1.737277e-01
0
3.399248e-01
3.149600e-01
0
0
0
0
4.555278e-01
4.117639e-01
0
0
0
0
0
1.302769e-02
0
0
0
0
1.155292e-02
0
0
0
0
0
0
0
0
0
2.460233e-01
4.355872e-02
2.325580e-01
2.019812e-02
1.751684e-01
1.087830e-01
0
4.242977e-01
2.517649e-01
3.795529e-01
6.980641e-01
0
1
6.267202e-01
6.343260e-01
7.005505e-02
1.846202e-01
5.955060e-02
0
1.548915e-01
3.270604e-01
2.524632e-01
5.674468e-01
1.966974e-01
2.079319e-01
2.080134e-01
3.023200e-01
0
0
0
0
0
0
0
0
0
7.704021e-02
3.463098e-02
1.627403e-01
0
0
0
2.124973e-01
3.690450e-02
1.136964e-01
1.872178e-02
2.531852e-01
1.185684e-02
0
0
0
0
8.752035e-02
3.682131e-02
1.592318e-01
0
0
0
0
8.137304e-02
0
0
0
0
0
0
0
0
2.651451e-02
8.144018e-02
0
9.036722e-02
1.049354e-02
7.357632e-02
2.371096e-01
1.204513e-01
3.473234e-01
3.817857e-02
1.128810e-01
0
5.742862e-02
0
2.275771e-01
2.292495e-01
5.809453e-01
1.790169e-01
5.109526e-01
0
4.222532e-01
1.268073e-01
0
3.324862e-02
2.728179e-01
2.617179e-01
2.555511e-01
2.508210e-01
8.834730e-02
0
1.120931e-01
1.210156e-01
1.848075e-01
1.815528e-01
0
0
5.604898e-02
0
0
0
0
0
0
0
0
0
1.823227e-01
0
5.702393e-02
2.318286e-01
0
2.171963e-01
0
0
0
1.512395e-01
1.405395e-01
4.275827e-01
2.918043e-01
2.703366e-01
6.267202e-01
1
4.010961e-01
6.253284e-02
9.627735e-02
2.259073e-01
0
0
9.321717e-02
2.872815e-01
6.232523e-01
3.509025e-01
6.829797e-02
1.952305e-02
3.852546e-01
3.231541e-01
0
1.099066e-01
3.923512e-01
5.123935e-02
2.094702e-01
1.136389e-01
1.323431e-01
0
0
1.564594e-01
2.965316e-01
2.110224e-01
1.797674e-01
0
0
0
2.990993e-01
3.043668e-01
3.787077e-01
2.619717e-01
0
1.695051e-02
0
1.385860e-01
5.016750e-01
4.932323e-01
0
0
0
0
0
1.171973e-01
0
0
0
0
0
0
0
0
0
0
0
0
0
0
0
0
1.392907e-01
1.621260e-01
3.260046e-01
2.884930e-01
0
0
0
3.218184e-01
3.749075e-01
3.632211e-01
3.957959e-01
1.121453e-01
5.536069e-02
9.504930e-02
0
3.405526e-01
0
3.285961e-03
9.275297e-02
2.420305e-01
0
0
0
0
0
0
0
0
0
0
0
0
0
0
0
0
0
0
1.744255e-01
0
4.578395e-01
2.323897e-01
1.976051e-01
1.170745e-01
5.248018e-01
3.881900e-01
8.943442e-02
5.283965e-01
0
0
6.293486e-01
0
6.343260e-01
4.010961e-01
1
4.518312e-01
0
5.088487e-01
0
5.286351e-01
5.443442e-01
0
4.264856e-01
1.352200e-01
6.076003e-01
4.856131e-01
4.538470e-01
3.402861e-01
2.790822e-01
4.420263e-01
2.594136e-01
2.265373e-01
1.910618e-01
2.116168e-01
2.803187e-01
3.150970e-01
4.907354e-01
2.993420e-01
4.493118e-01
2.942428e-01
3.483586e-01
0
0
0
4.222586e-01
3.804774e-01
1.703074e-02
1.266297e-01
2.882929e-02
3.218304e-01
0
2.774730e-02
1.464258e-01
4.638549e-01
0
0
4.403965e-03
0
0
0
7.861876e-02
0
0
1.613639e-01
0
0
0
0
0
0
0
0
0
0
0
0
0
1.830757e-02
0
1.810637e-01
0
0
0
2.365805e-01
7.597151e-03
6.852752e-02
0
0
3.201546e-03
1.665576e-01
6.940076e-02
2.291199e-01
0
0
2.078765e-01
3.146477e-01
0
0
0
0
0
0
0
0
0
0
0
3.680537e-02
0
0
3.051986e-01
1.037879e-01
0
0
1.341422e-01
4.462066e-02
2.254314e-01
2.812435e-01
2.459412e-01
3.595775e-01
7.533891e-01
7.191437e-01
8.371453e-03
5.126592e-01
0
0
2.359862e-01
2.617717e-01
7.005505e-02
6.253284e-02
4.518312e-01
1
1.124727e-01
5.355258e-01
1.995564e-01
5.588674e-01
7.106091e-01
1.907362e-02
1.675178e-01
0
7.360828e-01
7.737250e-01
0
0
0
0
0
0
0
0
0
0
0
0
0
0
0
0
2.872592e-01
3.012865e-01
0
0
0
0
0
0
0
7.643895e-02
0
1.164741e-01
0
0
0
0
0
0
0
0
2.024638e-01
4.645183e-01
1.246690e-01
5.900873e-01
3.804227e-01
5.787950e-01
8.240965e-03
2.932859e-02
9.680035e-02
1.531403e-01
1.836702e-02
2.586856e-02
0
2.505074e-01
0
3.744657e-02
0
2.177890e-02
0
0
3.460906e-01
9.449683e-02
2.156134e-01
1.479213e-01
0
0
0
1.857661e-02
2.646384e-03
0
2.343187e-02
1.720031e-01
3.017817e-01
2.520222e-01
4.491270e-02
0
5.975784e-02
3.008803e-01
0
6.578573e-02
0
0
3.996111e-01
4.066025e-01
2.962245e-01
1.924766e-01
2.215906e-01
0
0
0
0
0
0
0
0
0
0
0
6.644534e-02
2.620848e-01
0
1.943373e-01
1.490717e-01
2.518620e-01
1.821802e-01
0
1.846202e-01
9.627735e-02
0
1.124727e-01
1
3.666178e-02
0
0
3.541579e-02
7.375661e-02
0
0
0
2.577509e-01
4.321970e-02
0
4.141200e-01
3.254462e-01
4.840421e-01
0
4.103635e-01
2.438960e-02
5.070085e-01
2.230189e-01
0
0
3.441569e-01
2.345428e-02
2.466461e-01
0
0
0
0
0
3.090243e-01
2.288018e-01
0
7.577011e-02
2.796492e-01
2.993362e-01
8.732766e-02
2.541927e-01
0
0
3.761649e-02
0
0
0
3.863636e-01
2.233137e-01
0
0
0
0
0
2.196720e-01
0
0
0
0
0
0
0
0
1.134128e-02
1.255654e-01
1.814082e-01
4.322824e-01
0
0
0
0
1.886696e-01
1.446758e-01
2.285459e-01
9.489490e-02
0
0
3.206587e-01
2.901937e-01
2.718654e-01
1.341977e-01
0
1.016069e-01
0
0
0
0
0
0
0
0
0
0
0
0
0
0
6.942778e-02
0
0
3.095016e-02
1.143691e-01
0
3.361260e-01
3.909280e-01
1.081865e-01
5.597852e-01
3.125275e-01
3.603927e-01
2.840538e-02
4.248054e-01
0
0
2.243024e-01
3.866288e-01
5.955060e-02
2.259073e-01
5.088487e-01
5.355258e-01
3.666178e-02
1.000000e+00
0
3.139520e-01
3.197864e-01
0
2.316113e-01
0
6.407829e-01
5.080157e-01
2.461499e-01
2.909807e-01
4.723992e-01
5.044270e-01
0
1.365075e-01
2.345997e-01
1.170390e-01
8.223894e-03
9.248339e-02
5.119889e-01
6.579056e-02
1.599501e-01
7.004383e-02
1.583112e-01
0
0
0
1.439241e-01
1.250003e-01
0
0
5.825576e-01
5.542995e-01
3.104179e-01
0
0
0
0
2.004658e-02
5.506977e-01
1.776506e-01
0
0
0
0
1.048750e-01
0
0
1.652662e-02
0
0
0
0
0
0
0
0
0
0
0
6.823531e-03
1.510357e-01
0
0
0
3.984155e-02
6.097726e-02
0
0
0
6.129536e-02
0
0
2.173581e-01
2.409712e-01
0
0
5.616176e-02
0
7.683402e-02
3.563171e-01
6.010795e-02
1.343273e-01
1.685646e-01
2.083958e-02
6.598311e-02
6.645128e-03
5.475630e-03
5.536993e-02
6.857079e-02
8.365868e-02
2.604745e-01
0
5.920595e-01
1.534656e-01
0
4.902174e-02
2.289767e-01
7.648110e-02
0
0
0
0
2.138733e-01
1.107813e-01
0
5.431051e-03
0
0
0
2.906947e-01
0
0
0
1.995564e-01
0
0
1
4.584791e-01
2.896843e-01
0
0
6.637942e-02
1.188290e-01
0
5.320537e-01
5.892578e-01
0
4.467129e-01
2.808706e-01
7.682354e-02
0
2.397321e-01
0
0
1.843476e-01
4.599329e-01
5.829060e-02
4.387984e-01
1.241482e-01
1.585173e-01
0
0
3.962682e-01
5.034591e-01
3.010949e-01
2.021711e-01
0
2.584539e-01
2.195530e-01
1.414885e-01
5.532372e-01
3.921086e-01
0
0
0
0
0
0
0
0
0
0
0
1.445153e-01
0
0
0
0
0
0
0
0
0
0
2.059806e-01
3.858484e-01
5.821669e-01
1.705455e-01
0
0
1.023576e-01
4.854565e-01
2.483674e-01
3.031453e-01
0
2.313142e-02
5.156765e-02
2.020133e-01
0
4.360015e-01
0
0
2.564577e-01
2.192480e-01
0
0
0
0
0
0
0
0
0
0
0
2.566828e-01
1.057083e-02
2.733873e-01
1.719716e-01
4.493593e-01
1.171348e-01
2.618263e-01
4.298782e-01
4.259733e-01
0
0
0
0
4.924907e-01
4.062794e-01
7.752961e-02
5.039712e-01
0
0
2.457698e-01
0
1.548915e-01
0
5.286351e-01
5.588674e-01
0
3.139520e-01
4.584791e-01
1.000000e+00
8.252674e-01
0
3.183787e-02
0
7.297529e-01
4.216510e-01
5.030784e-01
6.591085e-01
0
2.722394e-01
1.677364e-01
2.295473e-01
0
3.053780e-01
0
6.493732e-02
2.576493e-01
6.024651e-01
1.580955e-01
5.785333e-01
2.746764e-01
2.401676e-01
0
0
5.128045e-01
5.536093e-01
2.771673e-01
2.724516e-01
0
3.124408e-01
0
8.763182e-02
5.417829e-01
5.810944e-01
0
0
0
0
0
0
0
0
0
4.547131e-02
0
8.109718e-02
0
0
0
0
0
0
0
0
0
0
0
1.725125e-01
3.040565e-01
2.329952e-02
0
0
2.160483e-01
5.808503e-01
1.701134e-01
2.381028e-01
0
9.044905e-03
3.152094e-01
3.838589e-01
0
1.979791e-01
0
0
5.419465e-01
4.421394e-01
0
0
0
0
0
0
0
0
0
0
1.491651e-01
3.756847e-01
5.709942e-03
1.851895e-01
1.381884e-01
2.265359e-01
5.022256e-02
9.845435e-02
1.932756e-01
1.959264e-01
6.642842e-02
0
8.496824e-02
0
5.973797e-01
6.226895e-01
0
6.209353e-01
0
0
3.173408e-01
0
3.270604e-01
9.321717e-02
5.443442e-01
7.106091e-01
3.541579e-02
3.197864e-01
2.896843e-01
8.252674e-01
1
0
9.670757e-02
0
7.322341e-01
6.804147e-01
2.239276e-01
9.518746e-02
0
0
0
0
0
0
0
0
3.513686e-01
4.437232e-02
0
0
0
0
4.611171e-01
1.953393e-01
1.404296e-01
6.946323e-02
0
0
0
0
0
0
0
0
5.837962e-01
2.459405e-01
0
2.521808e-02
1.447952e-01
1.695252e-01
0
0
9.189566e-02
2.620480e-01
0
0
2.922162e-03
0
4.927550e-01
6.084709e-01
2.865155e-01
4.528042e-01
6.311114e-01
5.116122e-01
6.028544e-01
3.902697e-01
0
0
0
0
3.861240e-01
3.575590e-01
3.799303e-01
3.813905e-02
0
0
0
0
5.194370e-01
8.926840e-02
0
0
0
0
4.654988e-01
2.337392e-01
1.463298e-01
5.907393e-02
1.058820e-01
0
9.251842e-02
7.624330e-02
1.869370e-01
3.086038e-02
4.092285e-01
3.850416e-01
5.780892e-01
2.273682e-01
5.443439e-02
0
0
0
0
0
0
0
0
0
2.566940e-02
1.736655e-01
1.709946e-01
0
1.874832e-01
1.103905e-01
6.354939e-01
5.098410e-01
0
0
2.524632e-01
2.872815e-01
0
1.907362e-02
7.375661e-02
0
0
0
0
1
4.191805e-01
2.277864e-01
0
0
4.398610e-01
1.224430e-01
1.969517e-02
0
0
0
2.955025e-01
0
0
0
1.297334e-01
4.346833e-02
2.042424e-01
4.597262e-02
0
0
2.666532e-02
0
1.856133e-01
1.773995e-01
3.483075e-01
1.626174e-01
0
0
0
0
1.192632e-01
3.250810e-02
1.904337e-01
0
0
0
0
1.324648e-01
0
0
2.497111e-02
0
0
0
0
0
8.746334e-02
1.351455e-01
0
0
9.038716e-02
1.758756e-01
3.137626e-01
2.664577e-02
3.643302e-01
1.279968e-01
2.182670e-01
6.486767e-02
2.298529e-01
2.278569e-01
1.125618e-01
6.966928e-02
4.020412e-01
4.786956e-02
2.488203e-01
0
2.285821e-01
0
0
0
0
0
1.798400e-01
2.968895e-01
5.775868e-02
0
1.054818e-01
0
1.462517e-01
0
0
0
0
0
0
0
0
0
0
0
0
0
5.001487e-02
0
2.134883e-01
4.405376e-01
1.339175e-01
4.173232e-01
1.709389e-01
0
1.792481e-01
2.443150e-01
2.489901e-01
4.204419e-01
4.633284e-01
4.402575e-02
5.674468e-01
6.232523e-01
4.264856e-01
1.675178e-01
0
2.316113e-01
0
3.183787e-02
9.670757e-02
4.191805e-01
1
4.332543e-01
3.176147e-01
7.541753e-03
0
0
0
0
0
0
1.116163e-01
0
0
0
0
0
0
0
0
0
3.657405e-01
1.924713e-01
0
0
5.357931e-02
0
0
0
0
0
0
0
4.105953e-01
1.254184e-01
0
6.252389e-02
2.809220e-01
4.843588e-01
0
2.445260e-02
0
0
9.359951e-02
0
1.105910e-01
6.896094e-02
4.469722e-01
5.016129e-01
2.951177e-01
3.484632e-01
4.689884e-01
5.048860e-01
4.635891e-01
1.672288e-01
3.331461e-01
0
1.263520e-01
0
5.098650e-01
3.716252e-01
1.069838e-01
4.313083e-02
2.175827e-01
0
3.873056e-01
0
2.605200e-01
0
0
0
3.484240e-01
2.019274e-01
0
0
9.521136e-02
3.246594e-02
3.835528e-01
1.893432e-01
5.271437e-01
2.816789e-01
2.549865e-01
2.054304e-01
2.510561e-01
3.727323e-02
9.298646e-02
1.842031e-02
0
0
0
0
0
1.009591e-02
9.766113e-02
0
0
0
0
3.028414e-02
0
0
3.942552e-01
0
5.702203e-01
5.218918e-01
0
0
1.966974e-01
3.509025e-01
1.352200e-01
0
0
0
6.637942e-02
0
0
2.277864e-01
4.332543e-01
1.000000e+00
0
0
5.629436e-01
4.314802e-01
1.373711e-01
3.876163e-01
4.699103e-01
4.870820e-02
2.542736e-01
1.897380e-01
1.823182e-01
1.395925e-01
5.961447e-02
2.607141e-01
3.100545e-01
3.985131e-01
1.470945e-01
8.261190e-02
0
0
3.430064e-01
4.904348e-01
4.372227e-01
3.707910e-01
0
2.452973e-01
2.290760e-01
3.307175e-01
4.785466e-01
4.109764e-01
0
0
0
0
0
0
0
0
0
0
0
1.554870e-01
0
3.622720e-02
0
0
0
0
0
0
0
0
9.615224e-02
2.189169e-01
3.070297e-01
1.850317e-01
0
0
6.062103e-02
2.876292e-01
2.854906e-01
1.619089e-01
0
0
0
9.849856e-02
0
2.927377e-01
0
0
2.600064e-01
4.106052e-01
0
0
0
0
0
0
0
0
0
0
0
0
0
3.464580e-03
0
1.765732e-01
0
1.959090e-03
1.807430e-01
1.233201e-01
2.030654e-01
9.837428e-02
1.416667e-02
2.149923e-01
5.806350e-01
4.913761e-01
1.437570e-01
7.911773e-01
0
0
3.294019e-01
0
2.079319e-01
6.829797e-02
6.076003e-01
7.360828e-01
0
6.407829e-01
1.188290e-01
7.297529e-01
7.322341e-01
0
3.176147e-01
0
1.000000e+00
6.819550e-01
2.353086e-01
3.042134e-01
0
2.660540e-01
3.021501e-01
2.123608e-01
0
3.756601e-01
2.448595e-01
2.994747e-01
0
3.407483e-01
2.546673e-01
3.505308e-01
1.562337e-01
7.478987e-02
0
0
3.458058e-01
3.832515e-01
2.019594e-01
3.630127e-01
0
1.028155e-01
0
1.492625e-01
3.419358e-01
6.282318e-01
0
0
0
0
0
0
3.954984e-02
0
0
4.087984e-01
0
1.233598e-01
0
9.543820e-02
0
0
0
0
0
0
0
0
0
1.558270e-01
4.335189e-02
3.004737e-01
0
0
0
2.846192e-01
9.957905e-02
2.523395e-01
0
1.527162e-01
3.677214e-03
2.383769e-01
0
1.134268e-01
0
0
3.108243e-01
4.989414e-01
0
0
0
0
0
0
0
0
0
0
0
1.321312e-01
0
7.305855e-03
0
1.561349e-02
0
0
0
3.426442e-02
4.788985e-01
7.988944e-02
1.928006e-01
1.352278e-01
6.480916e-01
7.209898e-01
8.468895e-02
5.839096e-01
0
0
3.971960e-01
0
2.080134e-01
1.952305e-02
4.856131e-01
7.737250e-01
2.577509e-01
5.080157e-01
0
4.216510e-01
6.804147e-01
0
7.541753e-03
0
6.819550e-01
1.000000e+00
