1
6.975702e-01
0
2.312134e-01
5.327567e-02
0
1.720231e-01
1.888424e-01
0
0
4.090991e-01
5.963518e-01
4.727045e-01
5.625326e-01
1.830049e-01
4.980389e-02
0
0
6.931241e-01
6.418702e-01
3.375263e-01
2.356734e-01
0
2.265412e-01
1.197411e-01
5.729165e-02
5.609540e-01
3.200314e-01
0
0
0
0
0
0
0
0
0
0
0
4.634430e-02
0
0
0
0
0
0
0
0
0
0
1.664718e-01
2.656993e-01
3.205898e-01
0
0
0
3.911038e-01
4.754996e-01
4.299314e-01
2.732099e-01
1.384149e-01
0
2.165148e-01
4.621206e-01
0
4.408575e-01
0
0
4.162671e-01
4.184513e-01
0
8.778854e-02
2.421129e-02
0
8.390415e-02
5.610424e-02
0
0
0
0
0
0
0
0
0
4.079685e-01
3.345653e-02
0
4.041039e-01
1.902962e-01
1.834514e-02
9.723172e-02
0
0
2.685222e-01
1.658320e-01
0
4.449864e-01
0
0
3.727682e-01
0
3.225713e-01
3.166559e-01
3.930575e-01
4.611683e-01
0
0
2.692151e-01
5.365706e-01
5.047515e-01
1.854028e-01
4.650859e-01
0
5.630313e-01
2.108374e-01
6.975702e-01
1
0
1.399895e-01
6.742973e-02
3.237482e-01
0
3.782995e-01
0
3.046000e-02
2.721831e-01
7.137988e-01
2.639480e-01
7.201578e-01
3.757581e-01
4.532181e-01
0
0
8.147458e-01
8.104777e-01
3.160458e-01
4.191923e-01
1.325084e-01
3.664086e-01
0
0
6.596127e-01
5.229293e-01
1.209374e-01
1.820493e-01
0
0
0
0
0
0
0
0
0
4.470217e-02
0
0
0
0
0
0
0
0
0
0
0
0
2.589539e-01
0
0
0
5.422739e-01
7.137657e-01
6.215328e-02
1.842883e-02
0
1.618141e-01
4.523021e-01
6.396741e-01
0
2.738677e-01
0
0
5.998207e-01
4.241413e-01
1.041151e-01
3.036700e-01
1.196641e-01
5.243557e-02
1.643571e-01
6.849862e-02
0
0
0
0
1.724784e-01
2.576347e-01
8.432965e-02
2.159206e-01
1.124100e-02
2.419694e-01
1.163835e-01
7.273848e-03
1.863320e-01
1.486848e-01
0
0
9.667603e-02
0
1.677043e-01
2.661377e-01
0
3.092727e-01
0
0
2.323338e-01
0
2.614191e-01
2.450389e-03
3.149146e-01
3.155293e-01
0
0
3.304417e-01
5.776804e-01
6.578547e-01
4.955773e-02
1.788382e-01
0
4.194565e-01
2.152627e-01
0
0
1
5.548123e-01
1.986296e-01
2.021810e-01
8.423009e-01
7.602481e-02
5.887433e-01
4.753439e-01
4.328779e-01
0
4.975720e-01
0
2.855840e-01
0
0
0
0
0
0
8.083677e-02
6.484066e-01
4.742949e-01
4.408607e-01
2.544800e-01
0
0
0
0
7.984321e-01
3.652827e-01
1.559422e-01
0
4.992785e-01
4.630421e-01
3.694838e-01
0
4.408015e-02
0
0
0
0
0
2.672461e-02
0
0
0
0
0
0
0
0
1.583892e-01
0
0
0
0
0
0
8.675287e-02
1.695587e-01
0
0
6.096024e-01
2.328716e-01
2.743442e-01
8.541477e-02
0
0
9.409547e-03
3.663125e-02
0
0
0
0
6.300017e-02
0
1.272170e-02
0
0
0
0
0
3.644511e-01
0
0
0
0
0
9.525469e-02
6.655512e-01
2.441698e-01
6.450116e-01
2.208855e-01
8.763486e-02
2.079781e-02
1.440449e-03
0
0
0
5.759214e-01
0
0
0
2.540075e-01
0
4.151998e-01
4.549696e-01
0
0
0
1.599099e-02
0
1.253946e-01
0
2.312134e-01
1.399895e-01
5.548123e-01
1.000000e+00
2.792362e-01
4.028914e-01
4.458086e-01
5.308198e-01
3.869048e-01
5.241796e-01
2.793209e-01
1.205930e-01
5.285669e-01
2.432006e-01
3.206060e-01
1.349872e-02
0
0
1.325772e-01
1.407568e-01
3.127726e-02
8.711475e-02
4.735865e-01
5.411464e-01
5.467688e-01
1.633777e-01
2.991149e-02
1.899829e-02
0
0
5.317147e-01
3.472578e-01
0
0
3.578003e-01
2.153455e-01
0
0
0
0
0
0
0
0
0
0
0
0
0
0
0
6.001018e-02
6.646064e-02
1.159068e-01
0
0
0
0
0
5.697638e-02
4.849546e-02
5.081750e-01
0
0
4.004572e-01
6.242812e-01
2.107260e-02
0
0
0
0
0
0
0
0
0
0
0
0
0
0
0
0
0
4.458922e-01
4.595739e-01
3.327860e-02
0
2.536107e-01
5.850835e-02
1.661129e-01
1.352777e-01
1.056082e-01
1.395813e-01
3.596584e-01
4.209198e-01
1.958360e-02
1.141687e-01
0
0
0
2.355762e-01
0
0
9.258069e-02
4.061115e-01
0
3.216583e-01
5.081610e-01
4.287318e-01
2.533336e-01
0
0
0
3.633261e-01
2.504793e-01
5.327567e-02
6.742973e-02
1.986296e-01
2.792362e-01
1
2.061478e-01
2.198425e-01
3.958487e-02
3.588285e-01
1.932128e-01
0
0
1.563487e-01
1.252519e-01
2.089138e-01
0
0
0
3.172652e-02
1.063218e-01
3.861984e-01
3.753188e-01
1.367394e-01
2.537940e-01
6.034683e-01
5.933426e-01
4.899863e-01
3.879322e-01
0
0
0
0
1.980319e-01
1.348647e-01
3.646902e-01
2.431372e-01
0
0
3.768034e-02
2.598877e-03
0
1.401252e-01
0
0
0
0
0
0
0
0
4.240497e-02
0
1.557621e-01
3.579957e-01
0
0
0
6.586248e-02
1.076989e-02
0
1.197290e-01
1.106722e-01
0
1.103013e-01
3.567173e-01
3.762977e-01
1.392557e-01
1.344772e-01
0
0
0
0
0
6.446660e-02
0
0
0
0
0
0
0
0
0
2.924427e-02
7.849686e-02
3.171441e-02
0
9.956900e-02
2.499575e-01
5.827186e-02
1.118388e-01
1.769567e-01
1.018554e-01
1.018959e-01
7.142509e-02
2.217526e-01
0
3.064148e-01
0
0
9.901955e-02
9.549112e-02
0
0
3.847725e-01
2.661205e-01
0
4.597983e-01
0
2.800754e-01
1.731927e-01
0
0
0
4.854972e-01
3.250289e-01
0
3.237482e-01
2.021810e-01
4.028914e-01
2.061478e-01
1
1.070012e-01
6.888306e-01
6.199074e-01
7.738825e-01
2.554388e-01
1.532848e-01
3.727519e-01
4.312199e-01
6.563339e-01
3.252430e-01
0
0
4.459484e-01
4.282132e-01
0
2.206461e-01
5.107112e-01
6.782867e-01
1.323357e-02
1.426916e-01
6.224878e-02
4.684776e-01
3.087590e-02
0
3.646709e-01
2.215574e-01
2.622021e-01
0
1.396945e-01
1.801928e-01
0
0
0
0
0
0
0
0
2.067867e-02
0
0
0
0
0
0
0
0
0
0
0
0
0
0
0
0
6.180032e-01
0
3.083078e-01
1.782173e-01
1.010667e-01
0
0
6.730990e-02
1.136347e-01
0
1.624950e-01
0
0
0
0
0
0
0
0
5.580002e-02
1.154531e-01
6.569240e-02
0
1.032649e-01
1.355645e-02
0
0
0
0
1.594660e-01
2.870589e-02
6.358685e-01
1.779277e-01
3.024182e-01
5.907368e-01
0
1.384769e-01
0
0
0
0
0
0
3.609269e-02
2.065629e-01
0
2.357166e-02
1.090874e-01
6.869758e-02
2.193356e-01
0
0
0
4.016164e-02
2.652157e-01
1.720231e-01
0
8.423009e-01
4.458086e-01
2.198425e-01
1.070012e-01
1.000000e+00
1.078284e-01
5.329880e-01
3.850247e-01
1.655198e-01
0
5.998441e-01
0
1.590027e-01
0
0
0
1.220748e-02
2.576273e-02
6.296165e-02
2.106593e-01
4.562699e-01
3.319074e-01
3.594141e-01
2.133660e-01
0
0
0
0
4.916642e-01
1.881720e-01
2.337730e-01
9.209653e-02
3.379962e-01
3.164815e-01
2.142488e-01
0
0
0
0
0
0
0
0
0
0
0
0
0
0
0
0
8.959922e-02
0
0
0
0
0
0
3.236441e-01
2.140201e-01
0
0
4.440974e-01
2.660540e-01
2.621301e-01
5.261267e-02
0
4.424487e-02
6.320080e-02
5.472325e-02
8.231921e-02
0
8.795576e-02
2.285920e-01
0
0
0
0
0
0
0
0
0
0
0
0
0
0
3.049560e-01
7.925180e-01
2.443071e-01
6.385466e-01
2.378852e-01
2.031298e-02
1.402869e-01
1.735216e-01
0
9.945059e-02
0
2.743591e-01
0
0
1.914067e-01
1.803233e-01
0
4.017584e-01
2.288992e-01
0
0
0
2.864914e-01
1.012496e-01
2.511743e-01
0
1.888424e-01
3.782995e-01
7.602481e-02
5.308198e-01
3.958487e-02
6.888306e-01
1.078284e-01
1
3.093898e-01
7.306883e-01
0
4.443912e-01
4.366906e-01
7.289759e-01
5.582538e-01
5.459082e-01
0
0
5.145274e-01
5.162141e-01
1.215611e-01
3.764339e-01
2.730852e-01
5.131867e-01
1.956894e-01
1.434938e-01
3.303550e-01
4.742961e-01
0
0
1.862063e-01
2.202564e-02
0
0
0
0
0
0
0
0
0
0
0
0
0
0
0
0
0
0
0
8.523383e-02
0
9.851454e-03
0
0
0
0
0
4.711432e-02
0
8.618625e-01
0
3.687008e-01
0
3.633968e-01
0
0
5.265553e-02
2.664941e-01
0
2.448742e-01
0
0
0
0
0
0
0
0
0
0
6.584876e-02
0
0
3.906130e-01
0
6.226366e-03
0
0
4.228614e-01
1.716455e-02
5.288076e-01
5.274792e-03
2.396146e-01
5.019888e-01
0
1.894735e-01
0
0
1.662687e-01
0
3.124261e-02
0
1.077943e-01
1.876847e-01
0
1.518805e-02
1.357973e-01
2.279326e-01
2.928796e-01
0
0
0
1.700059e-01
3.603359e-01
0
0
5.887433e-01
3.869048e-01
3.588285e-01
6.199074e-01
5.329880e-01
3.093898e-01
1.000000e+00
7.205184e-01
4.298377e-02
0
4.191887e-01
0
4.812278e-01
2.229357e-02
0
0
0
0
0
1.057509e-01
4.152505e-01
4.195429e-01
8.963170e-02
1.979112e-01
0
1.368829e-01
0
0
4.730067e-01
3.637807e-01
4.213852e-01
1.714480e-01
6.153849e-01
5.797912e-01
3.805842e-02
0
0
0
0
2.397898e-01
6.223773e-02
0
2.234173e-01
0
0
0
0
0
0
0
0
0
0
0
0
0
0
0
6.300244e-02
4.010885e-01
0
0
5.566831e-01
0
1.407208e-01
0
0
0
0
0
0
0
0
0
0
0
0
0
0
0
0
0
7.698021e-02
0
0
0
0
0
3.278348e-01
4.383028e-01
5.067314e-01
6.681560e-01
3.539944e-01
5.466004e-01
8.392678e-02
2.246210e-01
0
0
0
2.015411e-01
0
0
9.300582e-02
2.507097e-01
0
5.497572e-01
0
0
0
0
0
0
1.703409e-01
3.507480e-01
0
3.046000e-02
4.753439e-01
5.241796e-01
1.932128e-01
7.738825e-01
3.850247e-01
7.306883e-01
7.205184e-01
1.000000e+00
1.601287e-01
2.882353e-03
4.685498e-01
3.539785e-01
5.943430e-01
3.626348e-01
0
0
2.498039e-01
2.447867e-01
0
2.215133e-01
5.355826e-01
5.573165e-01
2.386212e-01
1.537463e-01
0
2.401120e-01
0
0
4.502119e-01
1.595669e-01
5.083412e-02
0
3.245105e-01
2.970156e-01
7.100527e-02
0
0
0
0
0
0
0
0
0
0
0
0
0
0
0
0
9.307647e-02
0
0
0
0
0
0
0
7.000463e-01
0
0
3.338215e-01
2.360537e-01
0
0
0
1.207255e-01
0
5.128131e-02
0
0
0
0
0
0
0
0
0
0
7.230498e-02
0
4.623383e-02
1.141921e-01
0
0
0
0
4.352107e-01
3.749368e-01
6.839275e-01
4.479773e-01
3.270459e-01
4.797261e-01
0
5.908021e-02
0
0
0
1.159777e-01
0
0
0
3.154279e-01
0
2.138420e-01
9.262489e-02
0
6.552493e-02
0
0
0
1.388961e-01
3.404040e-01
4.090991e-01
2.721831e-01
4.328779e-01
2.793209e-01
0
2.554388e-01
1.655198e-01
0
4.298377e-02
1.601287e-01
1
2.670383e-01
4.663703e-01
1.330024e-01
4.297570e-01
0
0
0
4.111696e-01
2.207899e-01
0
0
3.261295e-01
4.169853e-01
0
0
0
1.543173e-01
8.185127e-02
1.152457e-01
4.921812e-01
2.721310e-01
0
0
0
0
1.198743e-01
0
0
0
0
0
0
0
0
0
0
0
0
0
0
0
0
0
0
0
0
0
0
0
0
0
1.411654e-01
2.047388e-01
3.910311e-02
1.007695e-01
0
0
1.550392e-01
3.951970e-02
5.268136e-02
5.751554e-02
0
0
0
0
0
0
6.601049e-02
2.622653e-01
2.183777e-01
0
2.565578e-01
0
5.754723e-01
3.933691e-02
4.597233e-02
0
1.490435e-01
0
0
2.088298e-01
1.508880e-01
2.476448e-01
3.339954e-01
2.564977e-01
0
0
0
0
0
5.172243e-01
0
6.797059e-02
0
4.712967e-01
0
3.259146e-02
4.828692e-01
1.822126e-01
2.502088e-01
3.847063e-01
8.776499e-02
0
5.181257e-02
2.331241e-02
5.963518e-01
7.137988e-01
0
1.205930e-01
0
1.532848e-01
0
4.443912e-01
0
2.882353e-03
2.670383e-01
1
1.973222e-01
8.494418e-01
4.770571e-01
5.955341e-01
0
0
6.308879e-01
5.149525e-01
3.741641e-01
2.562196e-01
0
6.468196e-02
0
0
6.899458e-01
6.489170e-01
0
2.611960e-01
0
0
0
0
0
0
0
6.454831e-02
0
4.201302e-02
0
0
0
0
0
0
0
0
0
0
2.202963e-02
2.637105e-01
4.086851e-01
1.137803e-01
0
0
3.149248e-01
5.889903e-01
2.344005e-01
4.309001e-01
0
2.008687e-01
4.669423e-01
7.316768e-01
0
3.221947e-01
0
0
4.029088e-01
2.094352e-01
0
9.396006e-02
0
0
0
0
0
6.085906e-02
0
0
8.347591e-02
1.586702e-01
3.293082e-01
4.599531e-01
6.084291e-02
5.224867e-01
5.146167e-01
9.697027e-02
4.037140e-01
4.523516e-01
3.030840e-02
0
7.918454e-02
0
3.410268e-03
2.857828e-01
0
9.007378e-02
0
0
4.516923e-01
0
2.508078e-01
4.096754e-02
1.697354e-01
3.094560e-01
0
0
9.953527e-02
4.662570e-01
6.019139e-01
9.080490e-03
7.516096e-02
0
2.610470e-01
3.257934e-01
4.727045e-01
2.639480e-01
4.975720e-01
5.285669e-01
1.563487e-01
3.727519e-01
5.998441e-01
4.366906e-01
4.191887e-01
4.685498e-01
4.663703e-01
1.973222e-01
1
3.006900e-01
5.870524e-01
7.186416e-03
0
0
5.076321e-01
3.750455e-01
4.900565e-02
2.336902e-01
1.492248e-01
3.819780e-01
1.823671e-01
1.908933e-01
7.808790e-02
3.609046e-01
0
0
3.307634e-01
3.043365e-01
0
0
4.296306e-02
0
0
0
0
0
0
0
0
0
0
0
0
0
0
0
0
0
0
2.171711e-02
0
0
0
0
0
0
3.137234e-01
5.019873e-01
0
1.330798e-01
1.197252e-01
4.225480e-01
0
0
0
1.702158e-01
0
2.856454e-03
0
0
0
0
0
0
0
0
0
0
0
0
1.104700e-01
0
0
0
0
0
3.073148e-01
5.474319e-01
2.935558e-01
3.674541e-01
2.992960e-01
4.807855e-01
0
1.660117e-01
0
0
6.888247e-02
2.461174e-01
0
1.460016e-01
2.421851e-01
4.015652e-01
0
4.042639e-01
1.305557e-01
5.258981e-02
1.412748e-01
0
1.240121e-01
0
2.829837e-01
3.791430e-01
5.625326e-01
7.201578e-01
0
2.432006e-01
1.252519e-01
4.312199e-01
0
7.289759e-01
0
3.539785e-01
1.330024e-01
8.494418e-01
3.006900e-01
1
6.073368e-01
6.935988e-01
0
0
7.059131e-01
6.801677e-01
3.568491e-01
4.073751e-01
7.756911e-02
3.704804e-01
1.103495e-01
2.079211e-01
7.163012e-01
7.075835e-01
0
0
0
0
0
0
0
0
0
0
0
3.172856e-02
0
0
0
0
0
0
0
0
0
0
0
1.994691e-01
2.304770e-01
2.846914e-02
0
0
1.935616e-01
3.636186e-01
2.849952e-02
2.347217e-01
0
4.507153e-01
1.621591e-01
6.872249e-01
0
3.331345e-01
0
0
4.089875e-01
3.795255e-01
0
9.964405e-02
0
0
0
0
0
0
0
0
0
9.063654e-02
2.050059e-01
2.824109e-01
0
5.245600e-01
1.530566e-01
4.265357e-02
1.319727e-01
1.983431e-01
1.969910e-01
0
3.708280e-01
0
1.498618e-01
4.552240e-01
0
3.712784e-01
0
0
4.448080e-01
0
2.896568e-01
0
2.411037e-01
3.495042e-01
0
0
9.624115e-02
4.827447e-01
6.081364e-01
0
5.252201e-02
0
4.299816e-01
4.289535e-01
1.830049e-01
3.757581e-01
2.855840e-01
3.206060e-01
2.089138e-01
6.563339e-01
1.590027e-01
5.582538e-01
4.812278e-01
5.943430e-01
4.297570e-01
4.770571e-01
5.870524e-01
6.073368e-01
1.000000e+00
5.515391e-01
0
0
5.232747e-01
3.813719e-01
3.779941e-02
1.785034e-01
2.385404e-01
3.927302e-01
0
9.602235e-02
2.173543e-01
7.021536e-01
0
3.334878e-02
2.538840e-01
1.456736e-01
0
0
8.356017e-03
0
0
0
0
0
0
0
0
0
0
0
0
0
0
0
0
0
0
4.292359e-02
0
0
0
0
0
0
0
5.363005e-01
0
3.763437e-01
1.366650e-02
1.811420e-01
0
0
0
0
0
1.358429e-02
0
0
0
0
0
0
0
0
0
0
3.645999e-01
1.199639e-01
2.200857e-01
6.939848e-02
2.112009e-01
0
0
0
1.363520e-01
1.632139e-01
4.797852e-01
2.628184e-01
1.569792e-01
6.594300e-01
0
5.796171e-02
0
0
1.886460e-01
1.004111e-01
2.555468e-02
0
1.635571e-01
3.883932e-01
0
2.872729e-01
1.471500e-01
1.609938e-01
3.067735e-01
0
0
0
1.783434e-01
3.393472e-01
4.980389e-02
4.532181e-01
0
1.349872e-02
0
3.252430e-01
0
5.459082e-01
2.229357e-02
3.626348e-01
0
5.955341e-01
7.186416e-03
6.935988e-01
5.515391e-01
1.000000e+00
0
0
3.900642e-01
4.281028e-01
2.662596e-01
2.700257e-01
0
0
0
0
3.863752e-01
4.978690e-01
6.134430e-02
3.407954e-01
0
0
0
0
0
0
0
1.313037e-01
2.141212e-02
1.161288e-01
4.832696e-02
0
0
0
0
0
0
0
0
0
0
0
2.172894e-01
5.106509e-02
0
0
1.283713e-01
2.700795e-01
0
9.236049e-02
0
4.286815e-01
1.479929e-01
3.830805e-01
0
6.078112e-02
0
0
1.396373e-01
3.178993e-02
6.509411e-02
1.499490e-01
3.124677e-02
0
0
0
1.128957e-01
1.982483e-01
0
0
3.797615e-02
2.964884e-01
5.226619e-01
6.944404e-01
0
3.257540e-01
3.427187e-01
5.012945e-01
0
2.670025e-01
1.415980e-01
0
1.419231e-01
0
0
2.600242e-01
0
0
0
0
2.997051e-01
0
1.221957e-01
0
0
3.452985e-02
0
0
0
2.324835e-01
2.958326e-01
0
0
0
1.343982e-01
2.240658e-01
0
0
0
0
0
0
0
0
0
0
0
0
0
0
0
0
1
7.334066e-01
0
0
0
0
0
0
0
0
0
0
8.185347e-01
6.697754e-01
0
1.371871e-01
2.514889e-01
2.598007e-01
0
0
3.582029e-01
1.991175e-01
1.160224e-01
2.408823e-01
5.583673e-01
4.311497e-01
5.109555e-01
6.664285e-01
4.544035e-01
5.434309e-01
5.683077e-01
3.968767e-01
4.825089e-01
3.383031e-01
0
0
0
0
3.764789e-01
2.198514e-01
5.834502e-01
6.129197e-02
0
0
0
0
4.374244e-01
9.732024e-03
0
0
2.955188e-02
0
3.688748e-01
0
5.018917e-01
3.550806e-01
5.949158e-01
5.112780e-01
4.769647e-01
2.154207e-01
5.320172e-01
3.737030e-01
7.773424e-01
6.551596e-01
7.580310e-01
3.587874e-01
3.696039e-01
2.237709e-01
0
0
0
6.054290e-02
0
0
0
0
0
0
0
0
0
0
5.903412e-01
5.437917e-01
0
9.995815e-02
7.887864e-03
1.971149e-01
0
0
3.196481e-01
0
0
0
0
4.936007e-01
0
2.999024e-01
0
0
0
0
0
0
0
0
0
0
0
0
0
0
0
0
0
0
7.334066e-01
1.000000e+00
0
0
0
0
0
0
0
0
0
0
4.901761e-01
6.800212e-01
0
4.514925e-02
6.929464e-02
1.165398e-01
3.265485e-02
3.390140e-02
3.824980e-01
4.406046e-01
3.802702e-01
2.475891e-01
5.973864e-01
3.888293e-01
2.686972e-01
3.906424e-01
3.636337e-01
3.336221e-01
3.079187e-01
1.714536e-01
1.393660e-01
2.406240e-02
1.934954e-01
0
0
0
4.817555e-01
2.959129e-01
3.786898e-01
2.241372e-01
1.506372e-02
0
0
0
3.954676e-01
0
1.545192e-01
0
3.202051e-01
2.943596e-01
6.109549e-02
0
4.281329e-01
1.492092e-01
3.522562e-01
5.186991e-01
4.022745e-01
1.808946e-01
5.011559e-01
5.373305e-01
7.742993e-01
7.701293e-01
6.589305e-01
5.023057e-01
3.998391e-01
3.553703e-01
3.350574e-01
0
3.480353e-01
3.715818e-01
3.871971e-02
1.778222e-01
0
0
0
0
0
0
2.325677e-02
0
4.504376e-01
2.384857e-01
0
2.089226e-01
0
2.615958e-02
0
0
3.009265e-01
0
0
0
0
1.742172e-01
0
2.201433e-01
0
0
6.931241e-01
8.147458e-01
0
1.325772e-01
3.172652e-02
4.459484e-01
1.220748e-02
5.145274e-01
0
2.498039e-01
4.111696e-01
6.308879e-01
5.076321e-01
7.059131e-01
5.232747e-01
3.900642e-01
0
0
1
9.311756e-01
2.257712e-01
4.784623e-01
1.351250e-01
4.653679e-01
0
1.263904e-02
5.204372e-01
6.491885e-01
1.085429e-01
5.653794e-02
0
0
0
0
0
0
0
0
0
0
0
0
0
0
0
0
0
0
0
0
0
0
0
0
0
0
3.660984e-01
4.346244e-01
0
0
0
3.084638e-01
3.101864e-01
7.527305e-01
0
3.061236e-01
0
0
6.031122e-01
5.714863e-01
1.683002e-01
3.145802e-01
1.366923e-01
9.886087e-02
9.056638e-02
1.816822e-01
0
0
0
0
2.461186e-03
0
2.672113e-02
2.749674e-02
0
1.792177e-01
0
0
0
0
5.184408e-02
3.629156e-02
3.215729e-01
0
1.849483e-01
3.594756e-01
0
3.101027e-01
0
0
2.178690e-01
0
3.656796e-01
1.624761e-01
2.819100e-01
3.988461e-01
0
0
1.643735e-01
3.800213e-01
5.041350e-01
1.172016e-01
2.143714e-01
0
3.294192e-01
3.088392e-01
6.418702e-01
8.104777e-01
0
1.407568e-01
1.063218e-01
4.282132e-01
2.576273e-02
5.162141e-01
0
2.447867e-01
2.207899e-01
5.149525e-01
3.750455e-01
6.801677e-01
3.813719e-01
4.281028e-01
0
0
9.311756e-01
1
3.425956e-01
5.858511e-01
1.531629e-01
4.815605e-01
0
1.085853e-01
5.527254e-01
5.948582e-01
1.044302e-01
3.921487e-02
0
0
0
0
0
0
0
0
0
0
0
0
0
0
0
0
0
0
0
0
0
0
2.898801e-02
0
0
0
4.155571e-01
3.945263e-01
0
0
0
2.660210e-01
2.429328e-01
6.614083e-01
0
2.381709e-01
0
0
6.499089e-01
6.466348e-01
9.241079e-02
2.858154e-01
2.701895e-01
1.841432e-01
1.136511e-01
2.302400e-01
0
0
0
0
0
6.446074e-02
0
9.935991e-02
0
1.734672e-01
0
0
0
0
0
0
2.091792e-01
0
2.017950e-01
3.134741e-01
0
4.837675e-01
0
0
1.355243e-01
0
3.596460e-01
9.197671e-02
2.893194e-01
3.380802e-01
0
0
1.441979e-01
4.816000e-01
5.407986e-01
4.855027e-02
2.135557e-01
0
4.696588e-01
3.202425e-01
3.375263e-01
3.160458e-01
0
3.127726e-02
3.861984e-01
0
6.296165e-02
1.215611e-01
0
0
0
3.741641e-01
4.900565e-02
3.568491e-01
3.779941e-02
2.662596e-01
0
0
2.257712e-01
3.425956e-01
1
7.452510e-01
0
0
2.514354e-01
3.312790e-01
6.591796e-01
3.682095e-01
0
0
0
0
0
0
0
0
0
0
0
4.869137e-03
0
0
0
0
0
0
0
0
0
0
3.660863e-01
2.083232e-01
4.772114e-01
2.083074e-01
0
0
1.934827e-01
2.321627e-01
4.456970e-01
2.343694e-01
0
0
1.587912e-01
2.928222e-01
0
1.844948e-01
0
0
2.353332e-01
2.604719e-01
4.267994e-02
2.753325e-02
2.113740e-01
5.117810e-02
1.418645e-01
4.127726e-02
0
0
0
0
0
0
0
2.861517e-01
0
2.869828e-02
0
2.449959e-01
1.738642e-01
2.043964e-01
1.034770e-01
0
0
0
0
0
0
2.962951e-01
0
0
3.271145e-01
0
3.266067e-01
3.027980e-01
3.721162e-01
0
0
2.703283e-01
0
2.878819e-01
2.669387e-01
0
3.785486e-01
1.230361e-01
4.246250e-01
1.499007e-01
2.356734e-01
4.191923e-01
8.083677e-02
8.711475e-02
3.753188e-01
2.206461e-01
2.106593e-01
3.764339e-01
1.057509e-01
2.215133e-01
0
2.562196e-01
2.336902e-01
4.073751e-01
1.785034e-01
2.700257e-01
0
0
4.784623e-01
5.858511e-01
7.452510e-01
1
1.836815e-01
3.140067e-01
3.221452e-01
4.040773e-01
5.659146e-01
4.384251e-01
0
0
3.352839e-02
0
1.239610e-02
0
0
0
0
0
0
0
0
1.015808e-01
0
0
0
0
0
0
0
0
1.095729e-01
2.010832e-02
2.336061e-01
1.330008e-01
0
0
2.053892e-01
1.195021e-01
5.042096e-02
0
0
2.555580e-01
0
3.337562e-01
0
2.611497e-01
0
0
4.054711e-01
6.341745e-01
2.038161e-01
2.912375e-01
3.020889e-01
2.544285e-01
2.290680e-01
3.380671e-01
0
0
0
0
0
0
0
9.339914e-02
0
0
0
1.336518e-01
0
0
2.587460e-01
1.470967e-01
2.094376e-01
9.799114e-02
0
0
0
2.960655e-01
0
0
1.472660e-01
1.663135e-01
2.221028e-01
1.153990e-01
2.863231e-01
7.886274e-02
0
1.891786e-01
1.654016e-02
1.688881e-01
2.566560e-01
0
2.490914e-01
0
3.564136e-01
2.201342e-01
0
1.325084e-01
6.484066e-01
4.735865e-01
1.367394e-01
5.107112e-01
4.562699e-01
2.730852e-01
4.152505e-01
5.355826e-01
3.261295e-01
0
1.492248e-01
7.756911e-02
2.385404e-01
0
0
0
1.351250e-01
1.531629e-01
0
1.836815e-01
1
7.766710e-01
3.854422e-01
1.369719e-01
0
0
0
0
7.015205e-01
1.219651e-01
1.357568e-01
0
1.832306e-01
1.678400e-01
2.585234e-01
0
0
0
2.379666e-01
0
0
0
0
0
0
0
0
0
0
0
0
0
0
0
0
0
0
0
0
2.080716e-01
0
0
4.663972e-01
1.526712e-01
0
0
0
6.352254e-02
1.304476e-01
4.452911e-01
2.128308e-01
2.925226e-01
1.678697e-01
3.168970e-01
2.167091e-01
3.757995e-02
5.962942e-02
8.819613e-03
8.576918e-03
2.935596e-02
9.130709e-02
0
3.983735e-01
7.255247e-02
0
0
0
0
0
2.265358e-01
3.446773e-01
2.662368e-01
8.859533e-02
8.578995e-02
0
2.527796e-02
0
0
0
2.963128e-01
0
0
0
1.608018e-01
0
0
5.980675e-01
1.813072e-02
0
0
0
0
3.893995e-02
0
2.265412e-01
3.664086e-01
4.742949e-01
5.411464e-01
2.537940e-01
6.782867e-01
3.319074e-01
5.131867e-01
4.195429e-01
5.573165e-01
4.169853e-01
6.468196e-02
3.819780e-01
3.704804e-01
3.927302e-01
0
0
0
4.653679e-01
4.815605e-01
0
3.140067e-01
7.766710e-01
1
4.123014e-01
3.945002e-01
1.459083e-01
2.435225e-01
0
0
5.309635e-01
3.663762e-02
9.918426e-02
0
0
0
0
0
0
0
0
0
0
0
0
0
0
0
0
0
0
0
0
0
0
0
0
0
0
0
0
3.894003e-01
0
2.686118e-01
2.892621e-01
2.772982e-01
0
0
2.818388e-01
3.826250e-01
0
2.331650e-01
0
1.546806e-01
0
1.895716e-01
0
0
0
0
0
2.697186e-02
0
0
3.227565e-01
1.195252e-01
0
0
0
0
0
1.537787e-01
4.505513e-01
1.990388e-01
3.608849e-01
4.729074e-01
0
4.105047e-01
0
0
0
2.108637e-01
0
0
4.880151e-02
3.839919e-01
1.533878e-02
5.708982e-02
5.465924e-01
3.069233e-01
3.505157e-01
0
0
0
2.885020e-01
2.025074e-01
1.197411e-01
0
4.408607e-01
5.467688e-01
6.034683e-01
1.323357e-02
3.594141e-01
1.956894e-01
8.963170e-02
2.386212e-01
0
0
1.823671e-01
1.103495e-01
0
0
0
0
0
0
2.514354e-01
3.221452e-01
3.854422e-01
4.123014e-01
1
6.729151e-01
3.344736e-01
0
0
0
3.583694e-01
9.951638e-03
0
0
2.816029e-01
1.712822e-01
9.284136e-02
0
2.573524e-01
7.285470e-02
0
0
0
0
0
0
0
0
0
0
2.244817e-01
4.073393e-01
3.500163e-01
4.115972e-01
0
0
0
0
1.445916e-01
7.826302e-02
0
2.622696e-01
0
0
3.879307e-01
6.503947e-01
1.471941e-01
1.407185e-01
0
2.702944e-02
0
4.113819e-02
0
3.943404e-02
0
8.923332e-02
0
0
0
0
0
0
0
0
1.825678e-01
3.866741e-01
0
1.934094e-01
4.185684e-01
2.169533e-01
3.396710e-02
1.535707e-01
0
0
0
0
0
1.053815e-01
0
0
0
2.189694e-01
0
0
1.932019e-02
4.790803e-02
0
2.211321e-01
3.028335e-01
2.801994e-01
0
0
0
0
2.890781e-01
3.768043e-03
5.729165e-02
0
2.544800e-01
1.633777e-01
5.933426e-01
1.426916e-01
2.133660e-01
1.434938e-01
1.979112e-01
1.537463e-01
0
0
1.908933e-01
2.079211e-01
9.602235e-02
0
0
0
1.263904e-02
1.085853e-01
3.312790e-01
4.040773e-01
1.369719e-01
3.945002e-01
6.729151e-01
1
4.079808e-01
3.105270e-01
0
0
2.958075e-01
8.341093e-02
2.965323e-01
2.131762e-01
1.527561e-01
2.220975e-01
0
0
4.339670e-02
2.282303e-01
0
1.079853e-01
0
0
0
0
0
0
0
1.304482e-01
3.140907e-02
2.146033e-01
0
1.698050e-01
0
0
0
0
0
0
0
1.180634e-01
0
1.430678e-01
7.192547e-02
1.758312e-01
0
1.079123e-01
3.332312e-02
2.128051e-01
0
0
0
0
0
0
0
0
0
0
0
0
0
0
0
0
0
0
0
0
0
1.084502e-01
7.914282e-02
3.192332e-02
0
7.468384e-02
0
3.850952e-01
0
1.213105e-02
0
6.068927e-02
0
0
8.939643e-02
0
1.079135e-01
3.733791e-01
0
1.082538e-01
6.240382e-02
0
0
0
2.985923e-01
2.063052e-01
5.609540e-01
6.596127e-01
0
2.991149e-02
4.899863e-01
6.224878e-02
0
3.303550e-01
0
0
0
6.899458e-01
7.808790e-02
7.163012e-01
2.173543e-01
3.863752e-01
0
0
5.204372e-01
5.527254e-01
6.591796e-01
5.659146e-01
0
1.459083e-01
3.344736e-01
4.079808e-01
1.000000e+00
6.576082e-01
0
0
0
0
0
0
0
0
0
0
0
1.791096e-01
0
0
0
0
0
0
0
0
0
0
2.975044e-01
3.844445e-01
5.569109e-01
2.775357e-01
0
0
3.736910e-01
5.961308e-01
4.297794e-01
4.020677e-01
0
1.879257e-01
2.308646e-01
6.060750e-01
0
4.554548e-01
0
0
3.975394e-01
3.901024e-01
0
4.030280e-02
0
0
0
0
0
0
0
0
0
0
0
2.790474e-01
0
3.711542e-01
1.891777e-01
1.843380e-01
4.025576e-01
3.697410e-01
1.393410e-01
0
5.258735e-02
0
0
1.161368e-01
0
3.824350e-01
0
0
5.790740e-01
0
4.499022e-01
9.086814e-02
5.142793e-01
1.711041e-01
0
1.060688e-02
2.689588e-03
5.552060e-01
5.454828e-01
0
1.634663e-01
0
4.875642e-01
3.019692e-01
3.200314e-01
5.229293e-01
0
1.899829e-02
3.879322e-01
4.684776e-01
0
4.742961e-01
1.368829e-01
2.401120e-01
1.543173e-01
6.489170e-01
3.609046e-01
7.075835e-01
7.021536e-01
4.978690e-01
0
0
6.491885e-01
5.948582e-01
3.682095e-01
4.384251e-01
0
2.435225e-01
0
3.105270e-01
6.576082e-01
1
0
4.137149e-02
0
0
0
0
0
0
0
0
0
0
0
0
0
0
0
0
0
0
0
0
0
0
1.854271e-02
9.407405e-02
0
0
8.292996e-02
3.314767e-01
0
8.648019e-02
0
3.655760e-01
2.699939e-01
6.960099e-01
0
1.669674e-01
0
0
3.627066e-01
3.273255e-01
0
0
0
0
0
0
0
0
0
0
0
0
7.829329e-02
2.245452e-01
0
5.717630e-02
1.887823e-01
0
0
0
1.180339e-01
0
3.538076e-01
0
1.688005e-01
5.894594e-01
0
3.533966e-01
0
0
4.465579e-01
0
4.474803e-01
1.368959e-01
4.483346e-01
3.857389e-01
8.498375e-02
3.059675e-01
0
3.390809e-01
5.511341e-01
0
4.404897e-02
0
3.697454e-01
5.960412e-01
0
1.209374e-01
0
0
0
3.087590e-02
0
0
0
0
8.185127e-02
0
0
0
0
6.134430e-02
8.185347e-01
4.901761e-01
1.085429e-01
1.044302e-01
0
0
0
0
0
0
0
0
1
6.725319e-01
0
2.303030e-01
4.066512e-01
4.232151e-01
0
0
1.439183e-01
3.091000e-03
0
0
3.381006e-01
1.635617e-01
5.167893e-01
6.082496e-01
4.347033e-01
4.659905e-01
5.898287e-01
3.666131e-01
4.620837e-01
1.467625e-01
0
0
0
0
2.392000e-01
6.854100e-02
4.048023e-01
8.680109e-02
0
0
0
0
5.904651e-01
1.391068e-01
0
0
0
0
3.119757e-01
0
5.495891e-01
3.261211e-01
5.258004e-01
3.624034e-01
4.446478e-01
2.086767e-01
4.492444e-01
2.466180e-01
5.187148e-01
4.199528e-01
6.874411e-01
2.642851e-01
2.250318e-01
1.198028e-01
0
0
0
0
0
0
0
0
0
3.673192e-03
0
0
0
0
6.386796e-01
4.619536e-01
0
0
6.396362e-02
2.123696e-01
0
0
0
0
0
0
0
5.974058e-01
1.557226e-01
3.869409e-01
0
0
0
1.820493e-01
0
0
0
0
0
0
0
0
1.152457e-01
2.611960e-01
0
0
3.334878e-02
3.407954e-01
6.697754e-01
6.800212e-01
5.653794e-02
3.921487e-02
0
0
0
0
0
0
0
4.137149e-02
6.725319e-01
1
0
1.838241e-01
0
8.458516e-02
0
0
1.151262e-01
2.175924e-01
1.988948e-01
1.263300e-01
3.654856e-01
3.578645e-02
9.322717e-02
2.421017e-01
9.891072e-02
1.489061e-01
1.741869e-01
0
1.300377e-01
0
0
0
0
0
3.291679e-01
1.155427e-01
4.365804e-01
3.416496e-01
0
0
0
0
6.280643e-01
3.053690e-01
0
0
0
0
2.103946e-01
0
4.035212e-01
2.411440e-01
3.701245e-01
3.017264e-01
2.359084e-01
0
3.883358e-01
5.193728e-01
4.671652e-01
4.681323e-01
7.191908e-01
5.531261e-01
6.947235e-01
6.787589e-01
2.295165e-01
0
5.277822e-01
3.476186e-01
1.396271e-02
1.721443e-01
0
0
0
0
0
0
0
0
3.272790e-01
0
0
5.227472e-02
0
0
0
0
0
0
2.240400e-02
0
0
2.600663e-01
0
1.133484e-01
0
0
0
0
7.984321e-01
5.317147e-01
0
3.646709e-01
4.916642e-01
1.862063e-01
4.730067e-01
4.502119e-01
4.921812e-01
0
3.307634e-01
0
2.538840e-01
0
0
0
0
0
0
3.352839e-02
7.015205e-01
5.309635e-01
3.583694e-01
2.958075e-01
0
0
0
0
1
6.559138e-01
2.623295e-01
2.294431e-02
3.791711e-01
4.343546e-01
2.981777e-01
0
4.071765e-02
0
0
0
1.339852e-01
1.241838e-01
2.257641e-01
8.683420e-02
4.291245e-02
0
0
0
0
0
0
0
0
0
0
0
0
0
0
1.661401e-01
0
0
3.992297e-01
1.661677e-02
6.261256e-02
0
0
0
0
2.208613e-01
0
0
0
0
2.076474e-01
2.942067e-03
1.607146e-02
2.291461e-01
0
0
1.013908e-01
0
3.803445e-01
0
0
0
0
0
0
2.554306e-01
1.712517e-01
3.580081e-01
7.839458e-02
4.912905e-02
9.837573e-03
0
0
0
0
4.829840e-01
0
0
0
0
0
1.072391e-01
5.073497e-01
0
0
0
0
0
0
0
0
0
3.652827e-01
3.472578e-01
0
2.215574e-01
1.881720e-01
2.202564e-02
3.637807e-01
1.595669e-01
2.721310e-01
0
3.043365e-01
0
1.456736e-01
0
1.371871e-01
4.514925e-02
0
0
0
0
1.219651e-01
3.663762e-02
9.951638e-03
8.341093e-02
0
0
2.303030e-01
1.838241e-01
6.559138e-01
1.000000e+00
4.296379e-01
4.299131e-01
3.972860e-01
4.549236e-01
1.136121e-01
0
1.557852e-01
0
0
0
4.082279e-01
3.361130e-01
5.216198e-01
4.500685e-01
2.588769e-01
2.139497e-01
1.293384e-01
1.836553e-01
0
0
0
0
0
0
0
0
0
0
6.850904e-02
1.286624e-01
0
0
2.113880e-01
0
2.042796e-01
2.039831e-01
0
0
0
4.383320e-02
0
0
0
0
1.639777e-01
4.459816e-02
2.714082e-02
3.162416e-01
6.620967e-02
0
1.817832e-01
0
1.872564e-01
0
5.117726e-02
0
0
0
0
0
0
1.633802e-01
0
7.862085e-02
5.254870e-02
0
0
0
0
2.800782e-01
0
0
0
0
0
1.744417e-01
6.519901e-02
0
0
1.624329e-01
0
0
0
0
0
0
1.559422e-01
0
1.980319e-01
2.622021e-01
2.337730e-01
0
4.213852e-01
5.083412e-02
0
0
0
0
0
0
2.514889e-01
6.929464e-02
0
0
0
1.239610e-02
1.357568e-01
9.918426e-02
0
2.965323e-01
0
0
4.066512e-01
0
2.623295e-01
4.296379e-01
1
8.830134e-01
3.872847e-01
5.523474e-01
1.828419e-01
0
0
0
1.329005e-01
2.488479e-01
5.900840e-01
5.100621e-01
6.905007e-01
5.366610e-01
5.449310e-01
4.540378e-01
4.067160e-01
2.633380e-01
0
0
0
0
4.831605e-02
0
0
0
0
0
3.982897e-02
0
0
0
2.893223e-01
0
3.581139e-01
2.267017e-01
0
0
0
0
9.019183e-02
1.196495e-01
9.144371e-02
1.458437e-01
5.993058e-02
0
1.927460e-01
2.985835e-01
1.596611e-01
0
0
0
0
0
0
0
0
0
0
1.046561e-01
3.984908e-02
2.158583e-01
3.612352e-02
0
4.210390e-01
4.787006e-02
2.803439e-01
5.516250e-01
0
0
0
0
0
0
0
8.861646e-02
0
0
0
2.081215e-01
0
2.096054e-01
0
0
0
0
0
0
1.348647e-01
0
9.209653e-02
0
1.714480e-01
0
0
0
0
0
0
0
2.598007e-01
1.165398e-01
0
0
0
0
0
0
0
2.131762e-01
0
0
4.232151e-01
8.458516e-02
2.294431e-02
4.299131e-01
8.830134e-01
1
3.410294e-01
5.112284e-01
4.733803e-02
0
1.049134e-01
0
3.794564e-02
1.424664e-01
5.767197e-01
4.952140e-01
6.629204e-01
5.728765e-01
4.781975e-01
4.647992e-01
4.824254e-01
2.904079e-01
0
0
0
0
1.735837e-01
7.576574e-02
0
0
0
0
2.705330e-01
0
1.387709e-01
0
1.290524e-01
0
4.322350e-01
4.522803e-01
0
0
0
0
0
0
5.959513e-02
0
3.946373e-02
0
1.771390e-01
3.148956e-01
1.526087e-01
0
0
0
0
0
0
0
0
0
0
0
0
3.496860e-02
0
0
3.540234e-01
0
3.159814e-01
5.851756e-01
0
0
0
1.491655e-01
0
0
0
1.274539e-01
0
0
0
2.461722e-01
2.103923e-02
3.027110e-01
0
0
0
0
4.992785e-01
3.578003e-01
3.646902e-01
1.396945e-01
3.379962e-01
0
6.153849e-01
3.245105e-01
0
0
4.296306e-02
0
8.356017e-03
0
0
3.265485e-02
0
0
0
0
1.832306e-01
0
2.816029e-01
1.527561e-01
0
0
0
0
3.791711e-01
3.972860e-01
3.872847e-01
3.410294e-01
1
9.133128e-01
2.249403e-01
0
4.114377e-01
0
7.033589e-02
1.557144e-01
1.209970e-01
0
3.943545e-01
1.224641e-01
0
0
0
0
0
0
0
3.045595e-01
0
0
0
0
0
0
3.001496e-01
9.391210e-02
0
0
7.949455e-01
5.718072e-02
6.452886e-01
5.765995e-01
0
0
0
0
0
0
0
0
5.548673e-02
0
1.232551e-01
2.386494e-01
0
0
0
0
3.283430e-01
0
6.644829e-03
0
0
0
1.481463e-01
3.055467e-01
9.905208e-02
3.302876e-01
1.299074e-01
1.522314e-01
2.575540e-01
0
0
0
0
2.057388e-01
0
0
0
4.932500e-02
0
4.134477e-01
0
0
0
0
0
0
0
5.707068e-02
0
0
4.630421e-01
2.153455e-01
2.431372e-01
1.801928e-01
3.164815e-01
0
5.797912e-01
2.970156e-01
0
0
0
0
0
0
0
3.390140e-02
0
0
0
0
1.678400e-01
0
1.712822e-01
2.220975e-01
0
0
0
0
4.343546e-01
4.549236e-01
5.523474e-01
5.112284e-01
9.133128e-01
1
2.839785e-01
0
4.446782e-01
0
1.474691e-01
2.439679e-01
3.539560e-01
1.353061e-01
5.749117e-01
3.178973e-01
1.145480e-01
1.999685e-01
0
1.775478e-02
0
0
0
2.324541e-01
0
0
0
0
0
0
1.789197e-01
9.920811e-02
0
0
6.832038e-01
0
5.074884e-01
4.930579e-01
0
0
0
0
0
0
0
0
2.181559e-01
0
1.359193e-01
3.029316e-01
0
0
0
0
1.734630e-01
0
0
0
0
0
5.298534e-02
2.706389e-01
1.265160e-01
2.521548e-01
1.201838e-01
3.400936e-02
3.457265e-01
0
0
1.069340e-01
0
8.761613e-02
0
0
0
0
0
3.121244e-01
0
0
0
0
0
0
0
0
0
0
3.694838e-01
0
0
0
2.142488e-01
0
3.805842e-02
7.100527e-02
1.198743e-01
0
0
0
0
0
3.582029e-01
3.824980e-01
0
0
0
0
2.585234e-01
0
9.284136e-02
0
0
0
1.439183e-01
1.151262e-01
2.981777e-01
1.136121e-01
1.828419e-01
4.733803e-02
2.249403e-01
2.839785e-01
1.000000e+00
3.589955e-01
5.160688e-01
3.518346e-01
7.046626e-01
3.948468e-01
2.624715e-01
3.539539e-01
3.311376e-01
2.206897e-01
2.680250e-01
1.852515e-01
1.563656e-01
1.117512e-01
1.002607e-01
0
0
3.861340e-02
4.270973e-01
2.501634e-01
0
0
0
0
0
0
0
0
3.205221e-01
0
2.418965e-01
8.169862e-02
0
0
3.046244e-01
1.319141e-01
4.155135e-01
3.411916e-01
2.584945e-01
1.521264e-01
4.721435e-01
3.015038e-01
6.682807e-01
3.895112e-01
7.681284e-02
0
2.594026e-01
5.850779e-02
7.167514e-02
0
0
1.661930e-01
0
0
0
2.631811e-01
0
3.076233e-01
0
0
2.496698e-01
0
2.045731e-01
3.100283e-01
0
4.977668e-01
0
0
0
0
1.828958e-01
0
1.027767e-01
0
0
8.750988e-02
3.622782e-02
3.568640e-02
0
0
0
0
0
0
0
0
0
0
0
0
0
6.454831e-02
0
0
0
1.313037e-01
1.991175e-01
4.406046e-01
0
0
0
0
0
0
0
0
0
0
3.091000e-03
2.175924e-01
0
0
0
0
0
0
3.589955e-01
1
2.589318e-01
5.333481e-01
3.759411e-01
2.337116e-01
3.521907e-02
7.984859e-02
1.582307e-02
7.687027e-02
1.235002e-01
9.220141e-02
1.194841e-01
1.180958e-01
1.880553e-01
2.613968e-01
1.057567e-02
1.539428e-01
4.043480e-01
3.655388e-01
2.734076e-01
2.022574e-01
1.345405e-01
1.667345e-01
0
0
1.578712e-01
4.673929e-03
0
0
0
0
1.569288e-01
1.486327e-01
1.646841e-02
0
5.090998e-03
1.084149e-01
0
0
8.082382e-02
1.886459e-01
3.721457e-01
2.688500e-01
2.829578e-01
3.998203e-01
3.132959e-01
2.974539e-01
0
1.061166e-01
1.392443e-01
2.875455e-01
0
3.152235e-01
4.643094e-02
0
0
0
1.201904e-03
0
1.036557e-01
0
3.284535e-01
9.208896e-02
1.970235e-01
0
7.733517e-02
1.895451e-03
0
9.689796e-02
4.382812e-01
0
0
0
0
2.181330e-01
0
0
0
2.310350e-01
0
0
4.408015e-02
0
3.768034e-02
0
0
0
0
0
0
0
0
0
0
2.141212e-02
1.160224e-01
3.802702e-01
0
0
0
0
0
0
2.573524e-01
4.339670e-02
0
0
0
1.988948e-01
4.071765e-02
1.557852e-01
0
1.049134e-01
4.114377e-01
4.446782e-01
5.160688e-01
2.589318e-01
1.000000e+00
5.397691e-01
5.955433e-01
2.647244e-01
1.099896e-01
1.282802e-01
1.998986e-01
1.455075e-01
0
8.769394e-02
0
5.546586e-02
2.422049e-01
2.010370e-01
1.596742e-01
3.065748e-01
4.048725e-01
4.365514e-01
0
0
1.124259e-01
1.607401e-01
0
0
0
0
2.430238e-01
0
2.772173e-01
3.993330e-01
0
0
0
0
1.120772e-01
1.253035e-02
9.515895e-02
0
5.557942e-01
5.663663e-01
3.500654e-01
2.234218e-01
0
0
4.024664e-01
3.743506e-01
6.427033e-02
1.088499e-01
2.866940e-01
4.936877e-01
2.094385e-01
3.806156e-01
0
0
0
0
0
0
9.046715e-02
0
5.306826e-02
1.796434e-03
0
0
0
0
0
0
1.334153e-01
0
0
0
0
0
0
4.542197e-02
0
0
4.634430e-02
4.470217e-02
0
0
2.598877e-03
0
0
0
0
0
0
4.201302e-02
0
3.172856e-02
0
1.161288e-01
2.408823e-01
2.475891e-01
0
0
4.869137e-03
0
0
0
7.285470e-02
2.282303e-01
1.791096e-01
0
0
1.263300e-01
0
0
0
0
0
0
3.518346e-01
5.333481e-01
5.397691e-01
1
5.161354e-01
4.810027e-01
0
1.611675e-03
0
0
0
2.292279e-02
8.500311e-02
1.236696e-01
2.364058e-01
3.162653e-01
1.561472e-01
1.631730e-01
3.627304e-01
4.012167e-01
4.256709e-01
2.606734e-01
2.920238e-01
1.675028e-01
0
0
0
0
0
0
0
0
1.747320e-01
8.527580e-02
0
0
1.610386e-01
1.251275e-01
1.055420e-01
0
1.664337e-01
1.932261e-01
2.618206e-01
1.300825e-01
1.665397e-01
1.655977e-01
3.552875e-01
3.451887e-01
0
0
2.954299e-02
3.899073e-01
5.075615e-02
2.667903e-01
0
0
0
0
0
0
0
5.662541e-02
2.064138e-01
1.539297e-01
2.287720e-01
0
6.730327e-02
0
0
0
5.643754e-01
0
2.920250e-02
8.879244e-02
3.475609e-02
0
0
0
1.008107e-01
2.435268e-02
0
0
0
0
0
0
0
0
0
0
0
0
0
0
0
4.832696e-02
5.583673e-01
5.973864e-01
0
0
0
0
2.379666e-01
0
0
0
0
0
3.381006e-01
3.654856e-01
0
0
1.329005e-01
3.794564e-02
7.033589e-02
1.474691e-01
7.046626e-01
3.759411e-01
5.955433e-01
5.161354e-01
1
6.190578e-01
2.046600e-01
3.242888e-01
2.617245e-01
1.757810e-01
2.571690e-01
1.310226e-01
9.831988e-02
2.492206e-02
7.628947e-02
0
0
0
4.033187e-01
2.375425e-01
3.056981e-01
0
0
0
0
0
0
0
2.157133e-01
0
1.086461e-01
2.686191e-02
4.298606e-03
0
3.576374e-01
2.483594e-01
6.108783e-01
6.043929e-01
4.382433e-01
2.945954e-01
6.302058e-01
4.652371e-01
7.293814e-01
4.247481e-01
3.671738e-01
2.437337e-01
4.143206e-01
2.592756e-01
9.063204e-03
0
0
3.937720e-01
0
3.362386e-02
0
0
0
0
0
0
2.095725e-02
0
4.382604e-01
2.969828e-01
0
5.255398e-02
0
0
0
0
3.738884e-01
0
1.682698e-02
0
0
0
0
1.355185e-01
0
0
0
0
0
0
1.401252e-01
0
0
0
2.397898e-01
0
0
0
0
0
0
0
4.311497e-01
3.888293e-01
0
0
0
1.015808e-01
0
0
0
1.079853e-01
0
0
1.635617e-01
3.578645e-02
0
0
2.488479e-01
1.424664e-01
1.557144e-01
2.439679e-01
3.948468e-01
2.337116e-01
2.647244e-01
4.810027e-01
6.190578e-01
1
1.640800e-01
1.280687e-01
2.430710e-01
1.660730e-01
1.481256e-01
1.167232e-01
2.560237e-02
6.341915e-02
0
0
0
2.713635e-02
9.103285e-02
0
1.903026e-01
0
0
0
0
0
0
0
3.120073e-01
0
1.984539e-01
5.608578e-02
9.804834e-02
1.219092e-01
1.056124e-01
0
3.558687e-01
5.079012e-01
1.793286e-01
2.075499e-01
1.331698e-01
0
5.149880e-01
2.868239e-01
2.199917e-01
2.161762e-01
2.730605e-02
7.000190e-02
0
0
0
3.994554e-01
0
0
0
8.549330e-04
0
3.303151e-02
0
0
1.821062e-01
1.135863e-01
2.912247e-01
3.714605e-01
0
6.314842e-02
8.019246e-02
6.162555e-03
0
0
5.727686e-01
2.359682e-01
0
0
0
0
0
1.054127e-01
9.668984e-03
5.195323e-02
0
0
0
0
0
0
0
0
6.223773e-02
0
0
0
0
0
0
0
5.109555e-01
2.686972e-01
0
0
0
0
0
0
0
0
0
0
5.167893e-01
9.322717e-02
1.339852e-01
4.082279e-01
5.900840e-01
5.767197e-01
1.209970e-01
3.539560e-01
2.624715e-01
3.521907e-02
1.099896e-01
0
2.046600e-01
1.640800e-01
1
9.379456e-01
9.083493e-01
9.616617e-01
9.233089e-01
9.348901e-01
8.382668e-01
7.649455e-01
0
0
0
0
4.236978e-01
4.343727e-01
0
0
0
0
0
0
4.733927e-02
0
0
0
2.184116e-01
2.107961e-01
0
0
5.340588e-02
8.368226e-02
1.051587e-01
0
1.076901e-01
3.233303e-02
4.582080e-01
2.375354e-01
4.085110e-01
4.693024e-01
3.328096e-01
7.316124e-03
0
0
0
0
0
0
0
0
0
0
0
1.238111e-01
0
0
4.617419e-01
0
5.721893e-01
7.132439e-01
0
0
1.447903e-02
4.756439e-02
0
0
3.393832e-02
0
0
0
0
5.271040e-01
2.044644e-02
3.489105e-01
0
0
0
0
0
0
0
0
0
0
0
0
0
0
0
0
0
0
6.664285e-01
3.906424e-01
0
0
0
0
0
0
0
0
0
0
6.082496e-01
2.421017e-01
1.241838e-01
3.361130e-01
5.100621e-01
4.952140e-01
0
1.353061e-01
3.539539e-01
7.984859e-02
1.282802e-01
1.611675e-03
3.242888e-01
1.280687e-01
9.379456e-01
1
8.004211e-01
9.091357e-01
9.503423e-01
9.046086e-01
8.770134e-01
7.553180e-01
1.838767e-02
0
0
0
5.675680e-01
5.429918e-01
1.308578e-01
0
0
0
0
0
1.806635e-01
0
0
0
1.768152e-01
1.628285e-01
9.761663e-02
0
1.745115e-01
2.286979e-01
3.197240e-01
1.074023e-01
2.974969e-01
1.541685e-01
5.260834e-01
3.670727e-01
5.427617e-01
5.293404e-01
4.682509e-01
9.303324e-02
1.027015e-02
0
0
0
0
0
0
0
0
0
0
3.710084e-02
0
0
4.013350e-01
0
6.778379e-01
7.469121e-01
0
0
0
8.605318e-02
0
0
5.246796e-02
0
0
0
0
6.351346e-01
8.323605e-02
4.357334e-01
0
0
0
0
2.672461e-02
0
0
2.067867e-02
0
0
2.234173e-01
0
0
0
0
0
0
0
4.544035e-01
3.636337e-01
0
0
0
0
0
0
0
0
0
0
4.347033e-01
9.891072e-02
2.257641e-01
5.216198e-01
6.905007e-01
6.629204e-01
3.943545e-01
5.749117e-01
3.311376e-01
1.582307e-02
1.998986e-01
0
2.617245e-01
2.430710e-01
9.083493e-01
8.004211e-01
1.000000e+00
9.248856e-01
7.829633e-01
7.624408e-01
6.310299e-01
6.297982e-01
0
0
0
0
2.464882e-01
1.836551e-01
0
0
0
0
5.714580e-02
0
0
0
2.411740e-01
0
4.348621e-01
4.198038e-01
0
0
2.089529e-02
0
3.517545e-02
2.425390e-02
3.871186e-02
3.910562e-02
3.757202e-01
1.602190e-01
4.540677e-01
6.014927e-01
2.945944e-01
0
0
0
0
0
0
0
0
0
0
0
0
1.429670e-01
0
0
3.624288e-01
0
4.066776e-01
6.284736e-01
0
0
0
0
0
0
1.258486e-01
0
0
0
0
3.448529e-01
0
1.649572e-01
0
0
0
0
0
0
0
0
0
0
0
0
0
0
0
0
0
0
5.434309e-01
3.336221e-01
0
0
0
0
0
0
0
0
0
0
4.659905e-01
1.489061e-01
8.683420e-02
4.500685e-01
5.366610e-01
5.728765e-01
1.224641e-01
3.178973e-01
2.206897e-01
7.687027e-02
1.455075e-01
0
1.757810e-01
1.660730e-01
9.616617e-01
9.091357e-01
9.248856e-01
1
8.694027e-01
8.878780e-01
8.229999e-01
8.293534e-01
0
0
0
0
3.672354e-01
3.751978e-01
0
0
0
0
3.556556e-02
0
6.385690e-02
0
0
0
2.859546e-01
3.488585e-01
0
0
8.648857e-03
5.070120e-02
8.089215e-02
0
5.935636e-02
4.359487e-03
3.637333e-01
2.130680e-01
4.188912e-01
5.416522e-01
3.526120e-01
3.365142e-02
0
0
0
0
0
0
0
0
0
0
0
3.051449e-02
0
0
3.297617e-01
0
5.020404e-01
6.985153e-01
0
0
7.484037e-03
1.178644e-01
0
0
1.700202e-01
0
0
0
0
4.897661e-01
0
2.355182e-01
0
0
0
0
0
0
0
0
0
0
0
0
0
0
0
0
0
0
5.683077e-01
3.079187e-01
0
0
0
0
0
0
0
0
0
0
5.898287e-01
1.741869e-01
4.291245e-02
2.588769e-01
5.449310e-01
4.781975e-01
0
1.145480e-01
2.680250e-01
1.235002e-01
0
0
2.571690e-01
1.481256e-01
9.233089e-01
9.503423e-01
7.829633e-01
8.694027e-01
1
9.249875e-01
8.743433e-01
7.330091e-01
0
0
0
0
5.408709e-01
4.832895e-01
1.144061e-01
0
0
0
0
0
1.866549e-01
0
0
0
1.269822e-01
4.701211e-02
1.715900e-01
1.413249e-02
1.140979e-01
1.890766e-01
2.895877e-01
1.297647e-01
2.434805e-01
2.281598e-01
3.958133e-01
2.295863e-01
4.552380e-01
4.297338e-01
4.741742e-01
2.242162e-01
0
0
0
0
0
0
0
0
0
0
0
6.377314e-02
0
0
5.352447e-01
0
7.634358e-01
7.188370e-01
0
0
5.226293e-02
3.753432e-02
0
0
2.458285e-02
0
0
0
0
6.468186e-01
5.500282e-02
4.445182e-01
0
0
0
0
0
0
0
0
0
0
0
0
0
0
0
0
0
0
3.968767e-01
1.714536e-01
0
0
0
0
0
0
0
0
0
0
3.666131e-01
0
0
2.139497e-01
4.540378e-01
4.647992e-01
0
1.999685e-01
1.852515e-01
9.220141e-02
8.769394e-02
2.292279e-02
1.310226e-01
1.167232e-01
9.348901e-01
9.046086e-01
7.624408e-01
8.878780e-01
9.249875e-01
1
9.096476e-01
8.427219e-01
6.942051e-02
7.159978e-04
0
0
5.636964e-01
6.232925e-01
0
0
0
0
0
0
3.364260e-02
0
0
0
1.378253e-01
1.631822e-01
1.910097e-02
0
0
9.730529e-02
1.037958e-01
0
1.645536e-01
1.030463e-01
3.703487e-01
2.279602e-01
2.955610e-01
3.139093e-01
2.507948e-01
3.938028e-02
0
0
0
0
0
0
0
0
0
0
0
0
0
0
5.859146e-01
0
6.590615e-01
7.416442e-01
0
0
1.679804e-01
8.485373e-02
0
0
4.446845e-02
0
0
0
0
5.382316e-01
1.274929e-01
4.512533e-01
0
0
0
0
0
0
0
0
0
0
0
0
0
0
0
0
0
0
4.825089e-01
1.393660e-01
0
0
0
0
0
0
0
0
0
0
4.620837e-01
1.300377e-01
0
1.293384e-01
4.067160e-01
4.824254e-01
0
0
1.563656e-01
1.194841e-01
0
8.500311e-02
9.831988e-02
2.560237e-02
8.382668e-01
8.770134e-01
6.310299e-01
8.229999e-01
8.743433e-01
9.096476e-01
1.000000e+00
8.582887e-01
1.757391e-01
3.967050e-02
0
0
6.105171e-01
5.962988e-01
1.676584e-01
0
0
0
0
0
2.339562e-01
0
0
0
0
6.420803e-02
2.453946e-01
1.136324e-01
0
1.137705e-01
2.253030e-01
0
2.012895e-01
7.981882e-02
2.524322e-01
2.381127e-01
2.690454e-01
2.554290e-01
3.145556e-01
3.723481e-02
0
0
0
0
0
0
0
0
0
0
0
0
0
0
4.176663e-01
2.685687e-02
6.496667e-01
7.549798e-01
0
0
3.227462e-01
2.668392e-01
0
0
7.556285e-03
0
0
0
0
6.237257e-01
2.527161e-01
4.059946e-01
0
0
0
0
0
0
0
0
0
0
0
0
0
0
0
0
0
0
3.383031e-01
2.406240e-02
0
0
0
0
0
0
0
1.304482e-01
0
0
1.467625e-01
0
0
1.836553e-01
2.633380e-01
2.904079e-01
0
1.775478e-02
1.117512e-01
1.180958e-01
5.546586e-02
1.236696e-01
2.492206e-02
6.341915e-02
7.649455e-01
7.553180e-01
6.297982e-01
8.293534e-01
7.330091e-01
8.427219e-01
8.582887e-01
1.000000e+00
5.759667e-02
1.855013e-01
0
0
3.457619e-01
4.528487e-01
5.717844e-02
0
0
0
0
0
0
0
0
0
3.680528e-02
1.801368e-01
1.278668e-01
1.364012e-01
0
1.440034e-01
8.362050e-02
0
3.422134e-02
6.683643e-02
1.571547e-01
1.269645e-01
1.616816e-01
2.144047e-01
1.170698e-01
0
0
0
0
0
0
0
0
0
0
0
0
0
0
0
2.373533e-01
7.389413e-02
3.776713e-01
6.503786e-01
0
0
2.473359e-01
1.502090e-01
0
0
2.564745e-01
0
0
0
0
4.194697e-01
0
1.212909e-01
0
0
1.664718e-01
0
0
0
4.240497e-02
0
0
0
0
0
0
2.202963e-02
0
0
0
0
0
1.934954e-01
0
0
3.660863e-01
1.095729e-01
0
0
2.244817e-01
3.140907e-02
2.975044e-01
0
0
0
0
0
0
0
0
0
1.002607e-01
1.880553e-01
2.422049e-01
2.364058e-01
7.628947e-02
0
0
1.838767e-02
0
0
0
6.942051e-02
1.757391e-01
5.759667e-02
1.000000e+00
6.771679e-01
7.810036e-01
4.872592e-01
6.147320e-01
6.196397e-01
2.433727e-01
3.023689e-01
7.479939e-01
4.374930e-01
1.032753e-01
0
1.274267e-01
0
0
2.544112e-01
2.339612e-01
2.797538e-01
1.566070e-02
8.303195e-02
6.686712e-02
0
1.949489e-01
1.060099e-01
3.662573e-01
1.608122e-01
5.031749e-02
3.799896e-01
1.037205e-01
0
0
0
0
2.157100e-01
0
1.948127e-01
1.392695e-01
3.254473e-01
6.049890e-01
6.613755e-01
0
0
0
0
0
0
2.461778e-01
0
1.304894e-01
1.992246e-01
3.515124e-01
0
2.244889e-01
3.141732e-01
2.049705e-01
0
0
0
0
2.188522e-01
0
0
4.108648e-01
4.634422e-01
1.183261e-01
0
2.656993e-01
0
0
6.001018e-02
0
0
0
8.523383e-02
0
0
0
2.637105e-01
0
1.994691e-01
0
0
0
0
0
0
2.083232e-01
2.010832e-02
0
0
4.073393e-01
2.146033e-01
3.844445e-01
0
0
0
0
0
0
0
0
0
0
2.613968e-01
2.010370e-01
3.162653e-01
0
0
0
0
0
0
0
7.159978e-04
3.967050e-02
1.855013e-01
6.771679e-01
1
7.286873e-01
6.327625e-01
3.243647e-01
5.131640e-01
0
8.214495e-02
6.227397e-01
6.974457e-01
0
1.216745e-02
0
0
0
4.453640e-01
0
9.672652e-02
0
1.599155e-01
0
0
0
0
0
0
0
1.583674e-01
0
0
0
0
0
1.262283e-01
0
5.466683e-01
1.264850e-01
2.461845e-01
5.405161e-01
6.502660e-01
2.023129e-01
0
0
0
8.194204e-02
0
1.425222e-01
5.032858e-02
0
0
5.325216e-01
0
2.053861e-01
5.400141e-02
2.143529e-01
4.082184e-02
0
2.497707e-02
2.917536e-02
3.866560e-01
1.739094e-01
0
1.875198e-01
0
2.192230e-01
5.316816e-02
3.205898e-01
2.589539e-01
0
6.646064e-02
1.557621e-01
0
0
0
0
0
0
4.086851e-01
0
2.304770e-01
0
2.172894e-01
0
0
0
2.898801e-02
4.772114e-01
2.336061e-01
0
0
3.500163e-01
0
5.569109e-01
1.854271e-02
0
0
0
0
0
0
0
0
0
1.057567e-02
1.596742e-01
1.561472e-01
0
0
0
0
0
0
0
0
0
0
7.810036e-01
7.286873e-01
1.000000e+00
6.638051e-01
2.883346e-01
3.733650e-01
1.285091e-01
4.583909e-01
6.909840e-01
6.306962e-01
9.463905e-03
0
3.901748e-02
0
0
5.733961e-01
0
0
0
2.575352e-02
1.460674e-02
0
0
0
1.355836e-01
0
0
3.137213e-01
0
0
0
0
0
4.338541e-01
2.220944e-02
4.681151e-01
3.912107e-01
5.122810e-01
7.838833e-01
8.520741e-01
1.529416e-01
0
0
0
0
0
0
0
0
0
5.243291e-01
0
1.667494e-01
8.359313e-02
3.673816e-01
7.184182e-02
0
1.754180e-03
1.821472e-01
5.664594e-01
3.089358e-01
0
2.798616e-01
2.574572e-01
3.160175e-01
0
0
0
1.583892e-01
1.159068e-01
3.579957e-01
0
8.959922e-02
9.851454e-03
0
9.307647e-02
0
1.137803e-01
2.171711e-02
2.846914e-02
4.292359e-02
5.106509e-02
0
0
0
0
2.083074e-01
1.330008e-01
0
0
4.115972e-01
1.698050e-01
2.775357e-01
9.407405e-02
0
0
0
0
0
0
3.045595e-01
2.324541e-01
3.861340e-02
1.539428e-01
3.065748e-01
1.631730e-01
0
2.713635e-02
0
0
0
0
0
0
0
0
4.872592e-01
6.327625e-01
6.638051e-01
1
0
1.184073e-01
0
5.416720e-02
4.316262e-01
5.491975e-01
1.681962e-01
1.634709e-01
0
0
2.188698e-01
5.099420e-01
6.583159e-02
1.725248e-01
0
0
0
0
0
0
0
0
0
1.075695e-01
0
0
0
0
0
1.375016e-01
8.751998e-02
1.772362e-01
2.841872e-01
3.200008e-01
5.604851e-01
6.339828e-01
4.751429e-01
3.275749e-01
1.106622e-01
0
2.201045e-02
0
0
0
0
0
5.922348e-01
1.174407e-01
6.013349e-03
0
3.293154e-01
1.935539e-01
0
2.843289e-01
0
1.644117e-01
2.487738e-02
0
1.502172e-01
0
1.831676e-01
1.590820e-01
0
0
0
0
0
0
0
0
0
0
0
0
0
0
0
0
3.764789e-01
4.817555e-01
0
0
0
0
0
0
0
0
0
0
2.392000e-01
3.291679e-01
0
0
4.831605e-02
1.735837e-01
0
0
4.270973e-01
4.043480e-01
4.048725e-01
3.627304e-01
4.033187e-01
9.103285e-02
4.236978e-01
5.675680e-01
2.464882e-01
3.672354e-01
5.408709e-01
5.636964e-01
6.105171e-01
3.457619e-01
6.147320e-01
3.243647e-01
2.883346e-01
0
1
8.793983e-01
2.546441e-01
8.224542e-02
2.606442e-01
6.084900e-02
0
0
2.418765e-01
0
0
0
1.337865e-01
1.283438e-01
7.145466e-02
0
9.453599e-02
1.626406e-02
2.891949e-01
1.067926e-01
3.413160e-01
4.980388e-02
4.400217e-01
5.817656e-01
4.897890e-01
3.136009e-01
3.185527e-01
2.856164e-01
1.211565e-01
2.615950e-01
0
6.528133e-02
0
3.230348e-01
1.352598e-01
3.965705e-01
0
0
0
0
0
0
5.687172e-01
0
6.588643e-01
4.176738e-01
0
0
3.899286e-02
6.276792e-02
0
0
0
0
0
0
0
3.548158e-01
2.512523e-01
5.748957e-01
0
0
0
0
0
0
0
0
0
0
0
0
0
0
0
0
0
0
2.198514e-01
2.959129e-01
0
0
0
0
0
0
0
0
0
0
6.854100e-02
1.155427e-01
0
0
0
7.576574e-02
0
0
2.501634e-01
3.655388e-01
4.365514e-01
4.012167e-01
2.375425e-01
0
4.343727e-01
5.429918e-01
1.836551e-01
3.751978e-01
4.832895e-01
6.232925e-01
5.962988e-01
4.528487e-01
6.196397e-01
5.131640e-01
3.733650e-01
1.184073e-01
8.793983e-01
1
1.906886e-01
5.230821e-02
3.825918e-01
3.272213e-01
0
0
1.176083e-01
0
0
0
0
1.341845e-01
0
0
1.162678e-02
7.628416e-02
1.055738e-01
0
2.751197e-01
0
4.802046e-01
6.153617e-01
2.697678e-01
1.695820e-01
1.470687e-01
1.234933e-01
3.670762e-02
1.468053e-01
0
1.551487e-01
0
2.253193e-01
1.754219e-01
4.796391e-01
0
0
0
0
0
0
5.009917e-01
0
5.335586e-01
3.789845e-01
1.414811e-01
0
6.715432e-02
0
0
0
0
0
0
0
0
3.132780e-01
2.756389e-01
5.008954e-01
0
0
3.911038e-01
5.422739e-01
0
0
0
0
0
0
0
0
0
3.149248e-01
0
1.935616e-01
0
1.283713e-01
5.834502e-01
3.786898e-01
3.660984e-01
4.155571e-01
1.934827e-01
2.053892e-01
0
0
0
0
3.736910e-01
8.292996e-02
4.048023e-01
4.365804e-01
0
0
0
0
0
0
0
2.734076e-01
0
4.256709e-01
3.056981e-01
1.903026e-01
0
1.308578e-01
0
0
1.144061e-01
0
1.676584e-01
5.717844e-02
2.433727e-01
0
1.285091e-01
0
2.546441e-01
1.906886e-01
1
6.624666e-01
3.237902e-01
0
0
0
5.444997e-01
4.354255e-01
0
0
0
0
7.571015e-01
4.603078e-01
3.665941e-01
3.914842e-01
6.183620e-01
5.816412e-01
5.342081e-01
4.125965e-01
7.295221e-02
1.864916e-01
3.156884e-01
1.012435e-01
5.265283e-01
4.614169e-01
1.913209e-01
2.628955e-01
0
0
5.857933e-02
1.150059e-01
3.779192e-02
1.110128e-01
0
0
0
0
0
0
0
2.023731e-01
4.526936e-01
2.098239e-01
6.473476e-02
0
2.810674e-01
2.311208e-01
0
0
3.120601e-01
0
6.537511e-02
1.132080e-01
2.234407e-01
3.043603e-01
1.638452e-01
2.091112e-01
7.358505e-02
0
4.754996e-01
7.137657e-01
0
0
6.586248e-02
0
0
0
0
0
0
5.889903e-01
0
3.636186e-01
0
2.700795e-01
6.129197e-02
2.241372e-01
4.346244e-01
3.945263e-01
2.321627e-01
1.195021e-01
0
0
0
0
5.961308e-01
3.314767e-01
8.680109e-02
3.416496e-01
0
0
0
0
0
0
0
2.022574e-01
0
2.606734e-01
0
0
0
0
0
0
0
0
0
0
3.023689e-01
8.214495e-02
4.583909e-01
5.416720e-02
8.224542e-02
5.230821e-02
6.624666e-01
1.000000e+00
4.733948e-01
3.560362e-01
6.612202e-02
0
6.384564e-01
5.157322e-01
0
2.028446e-01
0
0
4.912714e-01
2.122520e-01
1.532701e-01
4.512201e-02
1.241221e-01
2.468095e-01
2.733684e-01
1.364023e-01
0
5.968375e-02
0
0
2.926297e-01
4.655019e-01
7.540799e-02
3.480969e-01
1.494272e-01
1.985783e-01
4.514913e-01
2.717874e-01
4.798043e-01
4.810867e-01
0
0
0
0
1.907418e-02
7.924231e-02
0
9.697244e-02
1.692392e-01
0
4.052314e-01
0
3.382433e-01
2.059264e-01
3.476147e-01
2.799889e-01
5.968602e-02
0
1.069036e-01
4.914386e-01
5.760840e-01
0
1.296136e-01
1.375513e-01
3.016015e-01
2.325743e-01
4.299314e-01
6.215328e-02
0
0
1.076989e-02
0
0
0
0
0
0
2.344005e-01
0
2.849952e-02
0
0
0
1.506372e-02
0
0
4.456970e-01
5.042096e-02
0
0
1.445916e-01
0
4.297794e-01
0
0
0
0
0
0
0
0
0
0
1.345405e-01
1.124259e-01
2.920238e-01
0
0
0
0
0
0
0
0
0
0
7.479939e-01
6.227397e-01
6.909840e-01
4.316262e-01
2.606442e-01
3.825918e-01
3.237902e-01
4.733948e-01
1.000000e+00
7.593412e-01
4.446689e-01
0
1.284366e-01
0
0
2.880292e-01
1.676248e-01
3.088318e-01
1.003369e-01
1.378023e-01
0
0
3.313821e-02
1.207427e-02
1.856826e-01
7.916417e-02
0
9.022154e-04
0
0
0
0
0
6.735334e-02
0
2.300711e-01
2.580433e-01
1.600086e-01
6.176940e-01
5.612367e-01
1.785824e-01
0
0
0
0
0
0
1.430968e-01
3.253936e-02
6.158251e-02
6.077150e-01
0
4.248860e-01
5.169825e-01
4.081359e-01
8.596618e-02
1.847318e-01
3.511350e-02
0
2.778147e-01
1.978414e-01
0
4.323271e-01
2.926348e-01
3.100666e-01
6.399047e-02
2.732099e-01
1.842883e-02
0
5.697638e-02
0
0
0
4.711432e-02
0
0
0
4.309001e-01
0
2.347217e-01
0
9.236049e-02
0
0
0
0
2.343694e-01
0
0
0
7.826302e-02
0
4.020677e-01
8.648019e-02
0
0
0
0
0
0
0
0
0
1.667345e-01
1.607401e-01
1.675028e-01
0
0
0
0
0
0
0
0
0
0
4.374930e-01
6.974457e-01
6.306962e-01
5.491975e-01
6.084900e-02
3.272213e-01
0
3.560362e-01
7.593412e-01
1.000000e+00
4.280820e-01
7.452560e-02
2.316643e-02
0
0
3.619775e-01
0
2.810628e-01
0
0
0
0
0
0
0
0
0
3.035088e-02
0
0
0
0
0
1.327790e-01
0
4.728687e-01
5.307474e-01
1.825763e-01
6.007545e-01
6.382821e-01
3.300505e-01
0
0
0
4.632383e-02
2.629337e-02
0
0
0
0
6.833162e-01
0
2.987120e-01
1.993168e-01
3.798112e-01
8.470707e-02
1.093493e-01
5.429689e-02
0
3.052167e-01
2.412720e-01
0
1.025101e-01
0
1.648073e-01
1.857671e-01
1.384149e-01
0
8.675287e-02
4.849546e-02
1.197290e-01
0
3.236441e-01
0
6.300244e-02
0
0
0
3.137234e-01
0
0
0
0
0
0
0
0
0
0
0
0
0
0
0
0
0
0
6.850904e-02
3.982897e-02
2.705330e-01
3.001496e-01
1.789197e-01
0
0
0
0
0
0
0
0
5.714580e-02
3.556556e-02
0
0
0
0
1.032753e-01
0
9.463905e-03
1.681962e-01
0
0
0
6.612202e-02
4.446689e-01
4.280820e-01
1
0
0
0
2.193782e-01
1.969072e-01
5.697837e-01
6.334223e-01
0
0
0
0
0
0
2.530605e-02
6.713438e-02
0
0
0
0
0
0
0
0
6.293656e-02
0
1.855161e-01
0
2.554452e-01
0
3.482627e-01
3.817627e-01
0
9.720364e-02
8.180501e-02
4.418135e-02
5.541484e-02
0
1.820672e-02
2.110895e-01
2.390571e-01
0
1.367288e-01
4.618326e-01
4.355055e-01
5.117599e-02
2.905527e-02
2.280658e-01
0
0
0
1.722152e-03
2.176566e-01
2.865202e-01
3.796476e-02
6.957855e-02
0
1.618141e-01
1.695587e-01
5.081750e-01
1.106722e-01
6.180032e-01
2.140201e-01
8.618625e-01
4.010885e-01
7.000463e-01
0
2.008687e-01
5.019873e-01
4.507153e-01
5.363005e-01
4.286815e-01
0
0
3.084638e-01
2.660210e-01
0
2.555580e-01
2.080716e-01
3.894003e-01
2.622696e-01
1.180634e-01
1.879257e-01
3.655760e-01
0
0
1.661401e-01
1.286624e-01
0
0
9.391210e-02
9.920811e-02
0
0
0
0
0
0
0
0
0
0
0
0
0
0
0
1.216745e-02
0
1.634709e-01
0
0
0
0
0
7.452560e-02
0
1
0
1.406000e-01
1.759966e-01
4.590241e-01
0
0
0
4.710811e-02
0
2.568531e-01
0
0
0
0
0
0
0
0
0
0
1.064494e-02
0
0
2.351645e-01
5.765679e-02
4.821694e-02
0
0
4.754654e-01
1.554536e-01
4.361508e-01
0
4.334139e-02
4.263545e-01
0
0
0
0
1.299525e-01
0
0
0
1.054614e-01
5.038615e-03
0
1.069443e-01
5.736147e-02
3.430035e-02
1.562464e-02
0
0
0
0
2.223464e-01
2.165148e-01
4.523021e-01
0
0
0
0
0
0
0
0
1.411654e-01
4.669423e-01
0
1.621591e-01
0
1.479929e-01
4.374244e-01
3.954676e-01
3.101864e-01
2.429328e-01
1.587912e-01
0
0
0
0
0
2.308646e-01
2.699939e-01
5.904651e-01
6.280643e-01
0
0
0
1.387709e-01
0
0
0
1.578712e-01
0
0
0
0
4.733927e-02
1.806635e-01
0
6.385690e-02
1.866549e-01
3.364260e-02
2.339562e-01
0
1.274267e-01
0
3.901748e-02
0
2.418765e-01
1.176083e-01
5.444997e-01
6.384564e-01
1.284366e-01
2.316643e-02
0
0
1
5.692362e-01
0
0
0
0
5.750480e-01
9.255672e-02
1.509782e-01
0
9.738256e-02
1.270050e-01
1.429246e-01
0
0
1.360417e-01
1.561677e-01
2.889168e-01
6.772365e-01
4.794519e-01
1.117191e-01
3.034315e-01
7.529468e-03
0
3.283622e-01
0
1.053861e-01
1.282279e-01
0
0
0
0
0
0
0
1.497602e-02
4.104051e-01
9.932091e-02
5.168462e-02
0
3.355722e-01
3.919999e-01
7.654407e-02
4.622312e-02
0
0
0
8.561866e-02
3.428741e-01
5.171042e-01
2.207394e-01
2.310906e-01
0
6.527344e-02
4.621206e-01
6.396741e-01
0
0
1.103013e-01
3.083078e-01
0
3.687008e-01
0
0
2.047388e-01
7.316768e-01
1.330798e-01
6.872249e-01
3.763437e-01
3.830805e-01
9.732024e-03
0
7.527305e-01
6.614083e-01
2.928222e-01
3.337562e-01
0
2.686118e-01
0
1.430678e-01
6.060750e-01
6.960099e-01
1.391068e-01
3.053690e-01
0
0
0
0
0
0
0
4.673929e-03
0
0
0
0
0
0
0
0
0
0
0
0
0
0
0
0
0
0
4.354255e-01
5.157322e-01
0
0
0
1.406000e-01
5.692362e-01
1
0
1.111301e-01
0
0
5.930629e-01
3.238482e-01
0
1.724536e-01
4.363725e-02
1.098698e-01
0
4.881153e-02
0
0
0
0
2.417551e-01
1.512666e-01
1.549765e-01
2.507330e-01
0
2.436215e-01
2.505119e-01
0
7.462449e-02
9.086569e-03
0
0
1.861051e-01
0
0
2.850059e-01
0
1.887928e-01
0
0
1.775600e-01
0
3.104357e-01
1.189540e-01
8.822394e-02
1.808408e-01
1.760754e-02
0
0
2.125558e-01
3.923720e-01
7.892475e-02
0
0
1.090627e-01
2.727741e-01
0
0
6.096024e-01
4.004572e-01
3.567173e-01
1.782173e-01
4.440974e-01
0
5.566831e-01
3.338215e-01
3.910311e-02
0
1.197252e-01
0
1.366650e-02
0
0
1.545192e-01
0
0
0
0
4.663972e-01
2.892621e-01
3.879307e-01
7.192547e-02
0
0
0
0
3.992297e-01
2.113880e-01
2.893223e-01
1.290524e-01
7.949455e-01
6.832038e-01
3.205221e-01
0
2.430238e-01
0
2.157133e-01
3.120073e-01
0
0
2.411740e-01
0
0
0
0
0
0
0
0
2.188698e-01
0
0
0
0
0
0
2.193782e-01
1.759966e-01
0
0
1
2.248180e-01
6.382307e-01
4.255867e-01
0
0
5.799568e-02
0
0
2.651840e-01
3.740454e-04
1.972262e-01
4.000941e-02
0
2.054399e-01
2.036979e-01
0
0
0
0
5.655025e-01
0
0
2.468584e-02
2.001850e-02
0
1.026612e-01
4.125418e-01
1.189257e-01
2.996648e-01
4.406352e-02
1.014178e-01
7.543619e-02
0
0
0
0
4.644693e-01
0
0
0
1.305725e-01
4.400672e-02
2.859651e-01
2.016816e-01
0
0
0
0
0
0
0
4.408575e-01
2.738677e-01
2.328716e-01
6.242812e-01
3.762977e-01
1.010667e-01
2.660540e-01
3.633968e-01
0
2.360537e-01
1.007695e-01
3.221947e-01
4.225480e-01
3.331345e-01
1.811420e-01
6.078112e-02
0
0
3.061236e-01
2.381709e-01
1.844948e-01
2.611497e-01
1.526712e-01
2.772982e-01
6.503947e-01
1.758312e-01
4.554548e-01
1.669674e-01
0
0
1.661677e-02
0
0
0
5.718072e-02
0
0
0
0
0
0
0
0
0
0
0
0
0
0
0
2.544112e-01
4.453640e-01
5.733961e-01
5.099420e-01
0
0
0
2.028446e-01
2.880292e-01
3.619775e-01
1.969072e-01
4.590241e-01
0
1.111301e-01
2.248180e-01
1
0
0
0
6.900967e-02
0
3.430625e-02
0
0
0
7.204735e-02
0
0
0
0
0
0
0
0
2.865305e-01
5.951288e-01
2.815912e-01
5.602034e-02
6.782410e-01
4.275552e-01
3.622911e-01
2.183792e-01
1.087127e-01
0
7.448898e-02
7.263064e-02
0
0
0
0
2.719789e-01
1.245351e-01
0
0
4.038438e-01
3.377893e-01
0
1.452656e-01
2.455913e-01
4.961198e-01
2.525164e-01
0
0
0
3.554571e-01
1.746393e-01
0
0
2.743442e-01
2.107260e-02
1.392557e-01
0
2.621301e-01
0
1.407208e-01
0
0
0
0
0
0
0
2.955188e-02
3.202051e-01
0
0
0
0
0
0
1.471941e-01
0
0
0
0
0
6.261256e-02
2.042796e-01
3.581139e-01
4.322350e-01
6.452886e-01
5.074884e-01
2.418965e-01
0
2.772173e-01
0
1.086461e-01
1.984539e-01
2.184116e-01
1.768152e-01
4.348621e-01
2.859546e-01
1.269822e-01
1.378253e-01
0
3.680528e-02
2.339612e-01
0
0
6.583159e-02
1.337865e-01
0
0
0
1.676248e-01
0
5.697837e-01
0
0
0
6.382307e-01
0
1
8.594784e-01
0
0
0
0
0
1.965034e-01
4.787027e-02
1.733127e-01
0
0
4.000906e-01
3.673431e-01
0
0
0
0
2.860749e-01
0
0
0
1.498717e-01
0
0
2.432174e-01
0
2.485052e-01
0
0
3.480108e-01
0
1.021090e-01
3.334693e-01
0
3.194617e-01
0
2.436898e-01
0
0
5.587961e-02
2.619083e-01
0
0
0
0
0
3.179589e-01
0
0
0
0
8.541477e-02
0
1.344772e-01
0
5.261267e-02
0
0
0
0
0
0
0
0
0
0
2.943596e-01
0
0
0
0
0
0
1.407185e-01
1.079123e-01
0
0
0
0
0
2.039831e-01
2.267017e-01
4.522803e-01
5.765995e-01
4.930579e-01
8.169862e-02
0
3.993330e-01
0
2.686191e-02
5.608578e-02
2.107961e-01
1.628285e-01
4.198038e-01
3.488585e-01
4.701211e-02
1.631822e-01
6.420803e-02
1.801368e-01
2.797538e-01
9.672652e-02
0
1.725248e-01
1.283438e-01
1.341845e-01
0
0
3.088318e-01
2.810628e-01
6.334223e-01
0
0
0
4.255867e-01
0
8.594784e-01
1.000000e+00
0
0
0
0
0
0
0
0
0
1.526623e-04
2.769597e-01
4.258889e-01
0
0
0
0
2.349450e-01
0
2.216472e-01
0
2.784579e-01
3.799975e-02
0
1.014439e-01
0
0
0
0
1.317155e-01
0
2.556477e-03
3.214160e-01
0
1.005407e-01
0
2.414313e-01
0
0
2.130945e-01
1.669285e-01
0
0
0
0
0
1.367857e-01
0
0
4.162671e-01
5.998207e-01
0
0
0
6.730990e-02
0
5.265553e-02
0
0
1.550392e-01
4.029088e-01
0
4.089875e-01
0
1.396373e-01
3.688748e-01
6.109549e-02
6.031122e-01
6.499089e-01
2.353332e-01
4.054711e-01
0
2.818388e-01
0
3.332312e-02
3.975394e-01
3.627066e-01
3.119757e-01
2.103946e-01
0
0
0
0
0
0
0
1.569288e-01
0
1.747320e-01
4.298606e-03
9.804834e-02
0
9.761663e-02
0
0
1.715900e-01
1.910097e-02
2.453946e-01
1.278668e-01
1.566070e-02
0
0
0
7.145466e-02
0
7.571015e-01
4.912714e-01
1.003369e-01
0
0
0
5.750480e-01
5.930629e-01
0
0
0
0
1
7.633442e-01
8.163586e-02
2.026039e-01
3.115524e-01
3.777858e-01
1.826997e-01
2.906787e-01
0
0
6.752336e-02
4.085796e-02
5.130489e-01
3.970334e-01
2.423079e-02
7.318006e-02
0
0
0
0
0
0
0
0
7.233495e-02
0
1.165096e-01
1.049792e-01
0
5.007441e-01
3.149963e-01
1.727349e-01
7.954457e-02
0
5.123009e-01
3.227242e-01
1.037289e-01
1.872752e-01
2.675117e-01
0
7.517005e-02
2.404062e-01
5.375871e-01
4.272151e-01
2.294979e-01
0
2.449127e-01
2.279621e-01
4.184513e-01
4.241413e-01
0
0
0
1.136347e-01
4.424487e-02
2.664941e-01
0
1.207255e-01
3.951970e-02
2.094352e-01
1.702158e-01
3.795255e-01
0
3.178993e-02
0
0
5.714863e-01
6.466348e-01
2.604719e-01
6.341745e-01
6.352254e-02
3.826250e-01
2.702944e-02
2.128051e-01
3.901024e-01
3.273255e-01
0
0
0
0
0
0
0
0
0
1.486327e-01
0
8.527580e-02
0
1.219092e-01
0
0
0
0
1.413249e-02
0
1.136324e-01
1.364012e-01
8.303195e-02
1.599155e-01
2.575352e-02
0
0
0
4.603078e-01
2.122520e-01
1.378023e-01
0
0
4.710811e-02
9.255672e-02
3.238482e-01
0
6.900967e-02
0
0
7.633442e-01
1
5.638750e-02
1.487991e-01
2.166629e-01
2.599093e-01
1.106732e-01
4.115464e-01
0
0
0
0
0
0
0
0
0
0
0
0
0
0
2.464902e-01
1.795508e-01
3.271517e-01
1.791681e-01
2.684189e-01
7.125739e-02
0
5.842674e-01
4.454698e-02
1.590406e-01
2.323990e-01
6.649517e-02
5.029300e-01
3.318600e-01
2.890606e-01
3.010152e-01
1.999253e-01
3.152595e-02
0
2.015053e-01
4.347085e-01
1.687162e-01
3.763186e-01
0
3.985328e-01
3.784160e-01
0
1.041151e-01
9.409547e-03
0
0
0
6.320080e-02
0
0
0
5.268136e-02
0
0
0
0
6.509411e-02
5.018917e-01
4.281329e-01
1.683002e-01
9.241079e-02
4.267994e-02
2.038161e-01
1.304476e-01
0
0
0
0
0
5.495891e-01
4.035212e-01
0
0
0
0
0
0
3.046244e-01
1.646841e-02
0
0
3.576374e-01
1.056124e-01
5.340588e-02
1.745115e-01
2.089529e-02
8.648857e-03
1.140979e-01
0
0
0
6.686712e-02
0
1.460674e-02
0
9.453599e-02
1.162678e-02
3.665941e-01
1.532701e-01
0
0
0
0
1.509782e-01
0
5.799568e-02
0
0
0
8.163586e-02
5.638750e-02
1
7.058905e-01
6.965391e-01
5.542445e-01
7.631748e-01
5.377614e-01
5.043119e-01
3.861765e-01
3.575866e-01
7.432616e-02
1.542526e-01
0
1.767612e-01
9.655661e-02
9.462590e-02
0
1.069969e-01
6.711240e-02
0
4.301772e-03
0
1.204766e-01
0
0
0
0
0
0
2.519815e-01
1.297112e-01
0
3.109108e-01
0
1.762377e-01
0
0
0
0
1.158372e-01
0
0
7.424566e-02
1.435483e-01
2.936730e-01
0
0
8.778854e-02
3.036700e-01
3.663125e-02
0
0
1.624950e-01
5.472325e-02
2.448742e-01
0
5.128131e-02
5.751554e-02
9.396006e-02
2.856454e-03
9.964405e-02
1.358429e-02
1.499490e-01
3.550806e-01
1.492092e-01
3.145802e-01
2.858154e-01
2.753325e-02
2.912375e-01
4.452911e-01
2.331650e-01
4.113819e-02
0
4.030280e-02
0
3.261211e-01
2.411440e-01
2.208613e-01
4.383320e-02
0
0
0
0
1.319141e-01
0
0
0
2.483594e-01
0
8.368226e-02
2.286979e-01
0
5.070120e-02
1.890766e-01
9.730529e-02
1.137705e-01
1.440034e-01
0
0
0
0
1.626406e-02
7.628416e-02
3.914842e-01
4.512201e-02
0
0
0
2.568531e-01
0
1.724536e-01
0
3.430625e-02
0
0
2.026039e-01
1.487991e-01
7.058905e-01
1
6.114045e-01
4.316355e-01
7.021742e-01
5.300992e-01
5.070031e-01
4.995295e-01
5.280479e-02
0
1.162657e-01
0
2.345080e-01
2.659925e-02
0
1.586547e-02
0
1.688449e-02
0
0
0
0
0
0
0
0
0
0
1.054171e-01
1.296079e-02
0
0
0
0
0
0
0
0
3.711119e-01
0
0
9.745584e-03
0
1.225526e-01
0
0
2.421129e-02
1.196641e-01
0
0
0
0
8.231921e-02
0
0
0
0
0
0
0
0
3.124677e-02
5.949158e-01
3.522562e-01
1.366923e-01
2.701895e-01
2.113740e-01
3.020889e-01
2.128308e-01
0
0
0
0
0
5.258004e-01
3.701245e-01
0
0
9.019183e-02
0
0
0
4.155135e-01
5.090998e-03
1.120772e-01
1.610386e-01
6.108783e-01
3.558687e-01
1.051587e-01
3.197240e-01
3.517545e-02
8.089215e-02
2.895877e-01
1.037958e-01
2.253030e-01
8.362050e-02
1.949489e-01
0
0
0
2.891949e-01
1.055738e-01
6.183620e-01
1.241221e-01
3.313821e-02
0
0
0
9.738256e-02
4.363725e-02
0
0
0
0
3.115524e-01
2.166629e-01
6.965391e-01
6.114045e-01
1.000000e+00
8.196501e-01
8.147498e-01
7.072532e-01
3.767968e-01
3.216065e-01
4.598601e-01
0
2.067427e-01
1.126852e-01
8.050970e-02
1.433761e-01
0
0
0
1.825025e-01
0
0
0
0
0
0
0
0
0
0
4.830255e-01
3.584513e-01
0
7.585175e-02
2.018866e-02
1.011244e-01
0
0
4.444372e-02
0
8.022040e-02
0
0
5.833429e-02
1.409705e-01
4.512959e-01
0
0
0
5.243557e-02
0
0
6.446660e-02
0
0
0
0
0
0
0
0
0
0
0
5.112780e-01
5.186991e-01
9.886087e-02
1.841432e-01
5.117810e-02
2.544285e-01
2.925226e-01
1.546806e-01
3.943404e-02
0
0
0
3.624034e-01
3.017264e-01
0
0
1.196495e-01
0
0
0
3.411916e-01
1.084149e-01
1.253035e-02
1.251275e-01
6.043929e-01
5.079012e-01
0
1.074023e-01
2.425390e-02
0
1.297647e-01
0
0
0
1.060099e-01
0
0
0
1.067926e-01
0
5.816412e-01
2.468095e-01
1.207427e-02
0
0
0
1.270050e-01
1.098698e-01
2.651840e-01
0
1.965034e-01
0
3.777858e-01
2.599093e-01
5.542445e-01
4.316355e-01
8.196501e-01
1
6.968076e-01
8.061349e-01
1.278190e-01
1.100872e-01
4.984793e-01
1.968009e-01
2.950584e-01
2.778726e-01
9.820709e-03
2.923012e-02
1.336059e-01
0
0
1.974470e-01
0
0
0
0
0
0
0
0
0
0
3.744244e-01
2.534690e-01
0
2.144284e-01
0
7.328719e-02
0
0
2.830263e-01
0
1.527575e-01
0
0
0
0
2.461416e-01
0
0
8.390415e-02
1.643571e-01
0
0
0
0
8.795576e-02
0
0
0
0
0
0
0
0
0
4.769647e-01
4.022745e-01
9.056638e-02
1.136511e-01
1.418645e-01
2.290680e-01
1.678697e-01
0
0
0
0
0
4.446478e-01
2.359084e-01
0
0
9.144371e-02
5.959513e-02
0
0
2.584945e-01
0
9.515895e-02
1.055420e-01
4.382433e-01
1.793286e-01
1.076901e-01
2.974969e-01
3.871186e-02
5.935636e-02
2.434805e-01
1.645536e-01
2.012895e-01
3.422134e-02
3.662573e-01
0
1.355836e-01
0
3.413160e-01
2.751197e-01
5.342081e-01
2.733684e-01
1.856826e-01
0
2.530605e-02
0
1.429246e-01
0
3.740454e-04
0
4.787027e-02
0
1.826997e-01
1.106732e-01
7.631748e-01
7.021742e-01
8.147498e-01
6.968076e-01
1
7.610532e-01
4.500210e-01
4.552381e-01
3.116461e-01
2.455180e-02
1.133685e-01
0
0
0
0
0
0
8.271348e-02
2.350844e-02
4.252820e-02
0
2.627450e-02
0
0
0
0
2.891220e-02
0
4.474169e-01
3.941708e-01
0
1.697667e-02
0
1.334921e-01
0
0
0
0
1.882731e-01
0
0
3.425293e-02
1.800564e-01
5.705372e-01
0
0
5.610424e-02
6.849862e-02
0
0
0
0
2.285920e-01
0
0
0
0
0
0
0
0
0
2.154207e-01
1.808946e-01
1.816822e-01
2.302400e-01
4.127726e-02
3.380671e-01
3.168970e-01
1.895716e-01
8.923332e-02
0
0
0
2.086767e-01
0
0
0
1.458437e-01
0
0
0
1.521264e-01
0
0
0
2.945954e-01
2.075499e-01
3.233303e-02
1.541685e-01
3.910562e-02
4.359487e-03
2.281598e-01
1.030463e-01
7.981882e-02
6.683643e-02
1.608122e-01
0
0
0
4.980388e-02
0
4.125965e-01
1.364023e-01
7.916417e-02
0
6.713438e-02
0
0
4.881153e-02
1.972262e-01
7.204735e-02
1.733127e-01
0
2.906787e-01
4.115464e-01
5.377614e-01
5.300992e-01
7.072532e-01
8.061349e-01
7.610532e-01
1
6.505845e-02
3.797760e-02
1.604175e-01
0
0
0
0
0
0
0
0
0
0
0
1.559887e-01
2.241516e-01
4.360749e-02
0
0
0
1.127016e-01
1.281834e-02
3.733366e-01
3.498961e-01
0
2.846047e-02
7.315982e-02
1.195999e-01
0
0
4.127790e-02
0
5.637463e-02
0
0
0
6.341406e-02
3.694174e-01
0
0
0
0
6.300017e-02
0
0
0
0
0
0
0
0
0
0
0
0
1.128957e-01
5.320172e-01
5.011559e-01
0
0
0
0
2.167091e-01
0
0
0
0
0
4.492444e-01
3.883358e-01
2.076474e-01
1.639777e-01
5.993058e-02
3.946373e-02
5.548673e-02
2.181559e-01
4.721435e-01
8.082382e-02
5.557942e-01
1.664337e-01
6.302058e-01
1.331698e-01
4.582080e-01
5.260834e-01
3.757202e-01
3.637333e-01
3.958133e-01
3.703487e-01
2.524322e-01
1.571547e-01
5.031749e-02
0
0
0
4.400217e-01
4.802046e-01
7.295221e-02
0
0
0
0
0
0
0
4.000941e-02
0
0
0
0
0
5.043119e-01
5.070031e-01
3.767968e-01
1.278190e-01
4.500210e-01
6.505845e-02
1
7.875599e-01
5.341016e-01
3.696411e-01
2.990775e-01
8.259573e-02
4.555058e-01
2.163815e-01
1.041753e-03
0
1.088283e-01
2.220107e-01
0
1.476840e-01
0
0
0
0
0
0
2.422001e-02
0
3.568479e-01
2.096037e-01
0
0
0
0
0
0
0
0
8.753859e-02
0
0
1.525063e-01
0
3.351711e-01
0
0
0
0
0
0
0
0
0
0
0
0
0
6.085906e-02
0
0
0
1.982483e-01
3.737030e-01
5.373305e-01
0
0
0
0
3.757995e-02
0
0
0
0
0
2.466180e-01
5.193728e-01
2.942067e-03
4.459816e-02
0
0
0
0
3.015038e-01
1.886459e-01
5.663663e-01
1.932261e-01
4.652371e-01
0
2.375354e-01
3.670727e-01
1.602190e-01
2.130680e-01
2.295863e-01
2.279602e-01
2.381127e-01
1.269645e-01
3.799896e-01
1.583674e-01
3.137213e-01
1.075695e-01
5.817656e-01
6.153617e-01
1.864916e-01
5.968375e-02
9.022154e-04
3.035088e-02
0
0
1.360417e-01
0
0
0
0
1.526623e-04
0
0
3.861765e-01
4.995295e-01
3.216065e-01
1.100872e-01
4.552381e-01
3.797760e-02
7.875599e-01
1.000000e+00
3.083276e-01
2.616108e-01
2.353409e-01
1.772935e-01
4.434511e-01
5.099392e-01
1.945062e-02
2.265136e-01
3.931260e-01
4.506361e-01
2.449812e-01
5.227078e-01
0
0
0
0
0
0
0
0
2.033301e-01
0
0
0
0
0
0
0
0
0
2.826250e-02
0
0
0
0
2.484885e-01
0
0
0
0
1.272170e-02
0
0
0
0
0
0
0
6.601049e-02
0
0
0
0
0
7.773424e-01
7.742993e-01
0
0
0
0
5.962942e-02
0
0
0
0
0
5.187148e-01
4.671652e-01
1.607146e-02
2.714082e-02
1.927460e-01
1.771390e-01
1.232551e-01
1.359193e-01
6.682807e-01
3.721457e-01
3.500654e-01
2.618206e-01
7.293814e-01
5.149880e-01
4.085110e-01
5.427617e-01
4.540677e-01
4.188912e-01
4.552380e-01
2.955610e-01
2.690454e-01
1.616816e-01
1.037205e-01
0
0
0
4.897890e-01
2.697678e-01
3.156884e-01
0
0
0
0
0
1.561677e-01
0
2.054399e-01
0
4.000906e-01
2.769597e-01
6.752336e-02
0
3.575866e-01
5.280479e-02
4.598601e-01
4.984793e-01
3.116461e-01
1.604175e-01
5.341016e-01
3.083276e-01
1
7.784452e-01
6.171378e-01
3.362229e-01
3.499460e-01
8.213249e-02
2.055879e-01
0
0
7.741205e-02
0
0
0
0
0
1.129278e-01
0
0
1.272520e-01
0
5.473730e-01
4.968758e-01
0
3.106615e-01
0
6.732251e-02
0
0
3.953395e-01
0
0
0
0
3.847426e-01
0
2.998610e-01
0
0
0
0
0
0
0
0
0
0
0
0
2.622653e-01
0
0
0
0
0
6.551596e-01
7.701293e-01
0
0
0
0
8.819613e-03
0
0
0
0
0
4.199528e-01
4.681323e-01
2.291461e-01
3.162416e-01
2.985835e-01
3.148956e-01
2.386494e-01
3.029316e-01
3.895112e-01
2.688500e-01
2.234218e-01
1.300825e-01
4.247481e-01
2.868239e-01
4.693024e-01
5.293404e-01
6.014927e-01
5.416522e-01
4.297338e-01
3.139093e-01
2.554290e-01
2.144047e-01
0
0
0
0
3.136009e-01
1.695820e-01
1.012435e-01
0
0
0
0
0
2.889168e-01
0
2.036979e-01
0
3.673431e-01
4.258889e-01
4.085796e-02
0
7.432616e-02
0
0
1.968009e-01
2.455180e-02
0
3.696411e-01
2.616108e-01
7.784452e-01
1.000000e+00
7.314581e-01
3.407212e-01
3.659859e-01
2.452151e-02
3.996592e-01
0
1.162532e-01
0
0
0
0
0
0
0
0
0
3.291977e-02
0
3.078038e-01
3.557702e-01
0
2.967369e-01
0
4.081141e-04
0
0
4.196674e-01
0
2.315580e-02
0
0
4.089284e-01
0
0
0
0
0
1.724784e-01
0
0
0
5.580002e-02
0
0
0
0
2.183777e-01
8.347591e-02
0
0
0
3.797615e-02
7.580310e-01
6.589305e-01
2.461186e-03
0
0
0
8.576918e-03
0
0
0
0
0
6.874411e-01
7.191908e-01
0
6.620967e-02
1.596611e-01
1.526087e-01
0
0
7.681284e-02
2.829578e-01
0
1.665397e-01
3.671738e-01
2.199917e-01
3.328096e-01
4.682509e-01
2.945944e-01
3.526120e-01
4.741742e-01
2.507948e-01
3.145556e-01
1.170698e-01
0
0
0
0
3.185527e-01
1.470687e-01
5.265283e-01
2.926297e-01
0
0
0
0
6.772365e-01
2.417551e-01
0
0
0
0
5.130489e-01
0
1.542526e-01
1.162657e-01
2.067427e-01
2.950584e-01
1.133685e-01
0
2.990775e-01
2.353409e-01
6.171378e-01
7.314581e-01
1.000000e+00
7.265654e-01
4.974999e-01
2.429115e-01
1.904843e-01
0
1.100641e-01
2.907449e-02
0
0
0
0
0
0
0
4.528804e-02
0
0
5.572495e-01
2.396589e-01
0
0
1.155721e-02
0
0
0
2.866606e-01
0
6.078251e-02
0
1.260519e-01
5.798672e-01
0
1.131567e-01
0
0
0
2.576347e-01
0
0
0
1.154531e-01
0
0
0
0
0
1.586702e-01
0
9.063654e-02
0
2.964884e-01
3.587874e-01
5.023057e-01
0
6.446074e-02
0
0
2.935596e-02
2.697186e-02
0
0
0
0
2.642851e-01
5.531261e-01
0
0
0
0
0
0
0
3.998203e-01
0
1.655977e-01
2.437337e-01
2.161762e-01
7.316124e-03
9.303324e-02
0
3.365142e-02
2.242162e-01
3.938028e-02
3.723481e-02
0
0
0
0
0
2.856164e-01
1.234933e-01
4.614169e-01
4.655019e-01
0
0
0
0
4.794519e-01
1.512666e-01
0
0
0
0
3.970334e-01
0
0
0
1.126852e-01
2.778726e-01
0
0
8.259573e-02
1.772935e-01
3.362229e-01
3.407212e-01
7.265654e-01
1
4.613988e-01
3.969364e-01
2.197086e-01
1.691665e-01
2.420110e-01
3.909581e-01
0
1.592048e-01
0
0
0
0
3.701104e-02
2.248119e-01
6.284862e-02
1.000632e-01
4.457993e-01
0
0
0
0
0
0
4.830526e-02
1.667931e-01
0
1.009915e-01
2.574598e-01
3.764363e-01
1.783049e-01
0
1.037465e-01
0
7.007072e-02
0
8.432965e-02
0
0
0
6.569240e-02
0
6.584876e-02
0
7.230498e-02
2.565578e-01
3.293082e-01
0
2.050059e-01
3.645999e-01
5.226619e-01
3.696039e-01
3.998391e-01
2.672113e-02
0
0
0
9.130709e-02
0
0
0
0
7.829329e-02
2.250318e-01
6.947235e-01
1.013908e-01
1.817832e-01
0
0
0
0
2.594026e-01
3.132959e-01
4.024664e-01
3.552875e-01
4.143206e-01
2.730605e-02
0
1.027015e-02
0
0
0
0
0
0
0
0
0
0
1.211565e-01
3.670762e-02
1.913209e-01
7.540799e-02
0
0
0
1.064494e-02
1.117191e-01
1.549765e-01
0
0
0
0
2.423079e-02
0
1.767612e-01
2.345080e-01
8.050970e-02
9.820709e-03
0
0
4.555058e-01
4.434511e-01
3.499460e-01
3.659859e-01
4.974999e-01
4.613988e-01
1
6.314642e-01
3.472203e-01
2.212797e-01
4.954955e-01
3.601975e-01
1.134318e-03
2.266233e-01
0
0
0
0
0
1.680521e-01
0
0
0
0
0
6.812680e-02
0
0
0
0
2.262462e-01
0
2.602192e-01
1.140090e-02
4.051539e-03
7.989481e-02
0
0
0
0
0
2.159206e-01
0
0
2.924427e-02
0
0
0
0
0
0
4.599531e-01
0
2.824109e-01
1.199639e-01
6.944404e-01
2.237709e-01
3.553703e-01
2.749674e-02
9.935991e-02
2.861517e-01
9.339914e-02
0
0
0
0
2.790474e-01
2.245452e-01
1.198028e-01
6.787589e-01
0
0
0
0
0
0
5.850779e-02
2.974539e-01
3.743506e-01
3.451887e-01
2.592756e-01
7.000190e-02
0
0
0
0
0
0
0
0
2.157100e-01
1.262283e-01
4.338541e-01
1.375016e-01
2.615950e-01
1.468053e-01
2.628955e-01
3.480969e-01
6.735334e-02
1.327790e-01
0
0
3.034315e-01
2.507330e-01
0
0
0
0
7.318006e-02
0
9.655661e-02
2.659925e-02
1.433761e-01
2.923012e-02
0
0
2.163815e-01
5.099392e-01
8.213249e-02
2.452151e-02
2.429115e-01
3.969364e-01
6.314642e-01
1
4.300196e-02
2.923232e-01
5.829690e-01
7.855079e-01
2.827780e-01
5.451206e-01
0
0
0
0
0
0
0
0
0
0
2.790142e-02
5.415213e-03
0
0
0
0
0
0
0
2.622237e-01
1.745240e-01
0
0
0
0
0
0
1.124100e-02
3.644511e-01
4.458922e-01
7.849686e-02
1.032649e-01
0
0
7.698021e-02
4.623383e-02
5.754723e-01
6.084291e-02
1.104700e-01
0
2.200857e-01
0
0
3.350574e-01
0
0
0
0
3.983735e-01
3.227565e-01
1.825678e-01
0
0
0
0
2.295165e-01
3.803445e-01
1.872564e-01
0
0
3.283430e-01
1.734630e-01
7.167514e-02
0
6.427033e-02
0
9.063204e-03
0
0
0
0
0
0
0
0
0
0
0
2.220944e-02
8.751998e-02
0
0
0
1.494272e-01
0
0
6.293656e-02
0
7.529468e-03
0
5.655025e-01
2.865305e-01
2.860749e-01
2.349450e-01
0
0
9.462590e-02
0
0
1.336059e-01
0
0
1.041753e-03
1.945062e-02
2.055879e-01
3.996592e-01
1.904843e-01
2.197086e-01
3.472203e-01
4.300196e-02
1
1.606653e-01
4.360272e-01
3.899493e-02
4.513488e-01
2.096784e-01
0
0
0
0
1.075010e-01
2.542240e-01
0
0
0
0
0
5.491925e-01
0
0
0
3.984842e-01
3.884767e-02
2.031570e-02
6.049578e-01
2.376806e-01
1.905068e-01
0
0
0
0
0
4.079685e-01
2.419694e-01
0
4.595739e-01
3.171441e-02
1.355645e-02
0
3.906130e-01
0
1.141921e-01
3.933691e-02
5.224867e-01
0
5.245600e-01
6.939848e-02
3.257540e-01
0
0
1.792177e-01
1.734672e-01
2.869828e-02
0
7.255247e-02
1.195252e-01
3.866741e-01
0
3.711542e-01
5.717630e-02
0
0
0
0
0
0
0
0
0
1.061166e-01
1.088499e-01
0
0
0
0
0
0
0
0
0
0
0
1.948127e-01
5.466683e-01
4.681151e-01
1.772362e-01
6.528133e-02
1.551487e-01
0
1.985783e-01
2.300711e-01
4.728687e-01
0
2.351645e-01
0
2.436215e-01
0
5.951288e-01
0
0
0
0
0
1.586547e-02
0
0
0
0
0
2.265136e-01
0
0
0
1.691665e-01
2.212797e-01
2.923232e-01
1.606653e-01
1
4.032320e-01
2.078364e-01
5.833623e-01
6.113028e-01
2.901909e-02
0
0
0
1.340814e-02
1.049242e-01
0
5.267825e-02
0
0
1.962564e-01
0
0
0
0
2.089912e-01
0
0
1.737291e-01
5.107968e-01
2.766003e-01
0
0
0
2.356124e-01
6.711322e-02
3.345653e-02
1.163835e-01
0
3.327860e-02
0
0
0
0
0
0
4.597233e-02
5.146167e-01
0
1.530566e-01
2.112009e-01
3.427187e-01
0
3.480353e-01
0
0
0
0
0
0
0
0
1.891777e-01
1.887823e-01
0
5.277822e-01
0
5.117726e-02
0
0
6.644829e-03
0
0
1.392443e-01
2.866940e-01
2.954299e-02
0
0
0
0
0
0
0
0
0
0
1.392695e-01
1.264850e-01
3.912107e-01
2.841872e-01
0
0
5.857933e-02
4.514913e-01
2.580433e-01
5.307474e-01
1.855161e-01
5.765679e-02
3.283622e-01
2.505119e-01
0
2.815912e-01
0
2.216472e-01
0
0
1.069969e-01
0
0
0
0
0
1.088283e-01
3.931260e-01
0
1.162532e-01
1.100641e-01
2.420110e-01
4.954955e-01
5.829690e-01
4.360272e-01
4.032320e-01
1
3.268131e-01
6.148303e-01
5.952056e-01
0
0
0
0
0
6.656343e-02
0
0
0
0
1.960332e-01
0
0
0
0
0
0
0
0
1.318078e-01
6.520650e-02
0
0
0
0
0
0
7.273848e-03
0
0
9.956900e-02
0
0
6.226366e-03
0
0
0
9.697027e-02
0
4.265357e-02
0
5.012945e-01
6.054290e-02
3.715818e-01
0
0
2.449959e-01
1.336518e-01
0
0
1.934094e-01
0
1.843380e-01
0
0
3.476186e-01
0
0
0
0
0
0
1.661930e-01
2.875455e-01
4.936877e-01
3.899073e-01
3.937720e-01
3.994554e-01
0
0
0
0
0
0
0
0
3.254473e-01
2.461845e-01
5.122810e-01
3.200008e-01
3.230348e-01
2.253193e-01
1.150059e-01
2.717874e-01
1.600086e-01
1.825763e-01
0
4.821694e-02
0
0
2.468584e-02
5.602034e-02
0
0
0
0
6.711240e-02
1.688449e-02
1.825025e-01
1.974470e-01
8.271348e-02
0
2.220107e-01
4.506361e-01
7.741205e-02
0
2.907449e-02
3.909581e-01
3.601975e-01
7.855079e-01
3.899493e-02
2.078364e-01
3.268131e-01
1.000000e+00
2.467798e-01
5.574970e-01
0
0
0
0
0
0
7.622332e-02
0
0
0
3.475433e-02
0
0
0
0
0
0
0
7.774788e-02
2.789973e-01
1.137357e-01
0
0
4.663642e-02
1.856800e-02
0
4.041039e-01
1.863320e-01
0
2.536107e-01
2.499575e-01
0
0
0
0
0
1.490435e-01
4.037140e-01
0
1.319727e-01
0
0
0
3.871971e-02
0
0
1.738642e-01
0
0
0
4.185684e-01
0
4.025576e-01
0
0
1.396271e-02
0
0
0
0
0
0
0
0
2.094385e-01
5.075615e-02
0
0
0
0
0
0
0
0
0
0
6.049890e-01
5.405161e-01
7.838833e-01
5.604851e-01
1.352598e-01
1.754219e-01
3.779192e-02
4.798043e-01
6.176940e-01
6.007545e-01
2.554452e-01
0
1.053861e-01
7.462449e-02
2.001850e-02
6.782410e-01
1.498717e-01
2.784579e-01
0
0
0
0
0
0
2.350844e-02
0
0
2.449812e-01
0
0
0
0
1.134318e-03
2.827780e-01
4.513488e-01
5.833623e-01
6.148303e-01
2.467798e-01
1
8.241242e-01
0
0
0
0
0
0
0
0
0
0
3.359806e-01
1.085062e-01
0
6.042445e-02
2.488134e-01
2.710169e-01
0
0
2.492172e-01
5.077080e-01
2.630089e-01
0
7.889244e-02
8.233524e-02
2.638201e-01
0
1.902962e-01
1.486848e-01
0
5.850835e-02
5.827186e-02
0
0
0
0
0
0
4.523516e-01
0
1.983431e-01
0
2.670025e-01
0
1.778222e-01
0
0
2.043964e-01
0
0
0
2.169533e-01
0
3.697410e-01
0
0
1.721443e-01
0
0
0
0
0
0
0
3.152235e-01
3.806156e-01
2.667903e-01
3.362386e-02
0
0
0
0
0
0
0
0
0
6.613755e-01
6.502660e-01
8.520741e-01
6.339828e-01
3.965705e-01
4.796391e-01
1.110128e-01
4.810867e-01
5.612367e-01
6.382821e-01
0
0
1.282279e-01
9.086569e-03
0
4.275552e-01
0
3.799975e-02
0
0
4.301772e-03
0
0
0
4.252820e-02
0
1.476840e-01
5.227078e-01
0
0
0
1.592048e-01
2.266233e-01
5.451206e-01
2.096784e-01
6.113028e-01
5.952056e-01
5.574970e-01
8.241242e-01
1.000000e+00
5.910120e-02
0
0
0
0
0
0
0
0
0
4.356163e-01
0
0
0
5.795785e-02
1.236392e-01
0
0
1.252273e-01
4.244570e-01
2.125053e-01
0
8.560258e-02
9.207222e-02
1.513495e-01
0
1.834514e-02
0
9.525469e-02
1.661129e-01
1.118388e-01
1.594660e-01
3.049560e-01
4.228614e-01
3.278348e-01
4.352107e-01
0
3.030840e-02
3.073148e-01
1.969910e-01
1.363520e-01
1.415980e-01
0
0
5.184408e-02
0
1.034770e-01
2.587460e-01
0
0
3.396710e-02
0
1.393410e-01
1.180339e-01
0
0
0
0
0
0
1.481463e-01
5.298534e-02
0
4.643094e-02
0
0
0
0
0
0
0
0
0
0
0
0
0
2.023129e-01
1.529416e-01
4.751429e-01
0
0
0
0
1.785824e-01
3.300505e-01
3.482627e-01
4.754654e-01
0
0
1.026612e-01
3.622911e-01
0
0
0
2.464902e-01
0
0
0
0
0
1.559887e-01
0
0
0
0
0
0
0
0
0
2.901909e-02
0
0
0
5.910120e-02
1
5.395240e-01
6.258633e-01
2.942680e-01
3.465575e-01
1.734797e-01
1.551170e-01
9.469313e-02
0
0
5.600350e-01
0
2.852398e-01
1.433318e-02
4.955417e-01
2.891661e-01
0
1.543008e-01
0
0
1.007139e-01
0
2.607734e-01
0
2.306916e-01
4.350016e-01
9.723172e-02
0
6.655512e-01
1.352777e-01
1.769567e-01
2.870589e-02
7.925180e-01
1.716455e-02
4.383028e-01
3.749368e-01
2.088298e-01
0
5.474319e-01
0
1.632139e-01
0
0
0
3.629156e-02
0
0
1.470967e-01
2.265358e-01
1.537787e-01
1.535707e-01
1.084502e-01
0
0
0
0
2.554306e-01
0
1.046561e-01
0
3.055467e-01
2.706389e-01
2.631811e-01
0
0
0
0
8.549330e-04
0
0
0
0
0
0
0
0
0
0
0
3.275749e-01
0
0
0
0
0
0
3.817627e-01
1.554536e-01
0
0
4.125418e-01
2.183792e-01
2.432174e-01
1.014439e-01
0
1.795508e-01
1.204766e-01
0
0
0
2.627450e-02
2.241516e-01
0
0
0
0
0
0
0
0
0
0
0
0
0
0
5.395240e-01
1
5.264410e-01
6.932002e-01
2.968429e-01
3.353767e-03
4.889370e-02
2.925338e-02
0
1.996852e-01
2.020749e-01
3.551337e-01
4.589373e-02
1.940042e-01
2.581242e-01
3.304012e-01
9.380057e-03
3.210731e-01
0
0
0
0
4.446484e-01
0
1.307443e-01
1.219480e-01
0
9.667603e-02
2.441698e-01
1.056082e-01
1.018554e-01
6.358685e-01
2.443071e-01
5.288076e-01
5.067314e-01
6.839275e-01
1.508880e-01
7.918454e-02
2.935558e-01
3.708280e-01
4.797852e-01
1.419231e-01
0
0
3.215729e-01
2.091792e-01
0
2.094376e-01
3.446773e-01
4.505513e-01
0
7.914282e-02
5.258735e-02
3.538076e-01
0
0
1.712517e-01
0
3.984908e-02
0
9.905208e-02
1.265160e-01
0
0
0
0
0
0
0
0
0
0
0
0
0
0
0
0
0
1.106622e-01
0
0
0
0
0
0
0
4.361508e-01
0
1.861051e-01
1.189257e-01
1.087127e-01
0
0
7.233495e-02
3.271517e-01
0
0
0
0
0
4.360749e-02
0
0
0
0
0
0
0
0
0
0
0
0
0
0
6.258633e-01
5.264410e-01
1
4.571030e-01
4.661734e-01
3.820033e-01
0
1.743949e-01
0
0
2.864633e-01
0
2.334620e-01
0
2.892604e-01
4.032686e-01
0
7.760308e-03
0
0
1.689454e-01
8.895034e-03
1.323087e-01
0
1.074185e-01
3.725902e-01
0
0
6.450116e-01
1.395813e-01
1.018959e-01
1.779277e-01
6.385466e-01
5.274792e-03
6.681560e-01
4.479773e-01
2.476448e-01
0
3.674541e-01
0
2.628184e-01
0
0
0
0
0
0
9.799114e-02
2.662368e-01
1.990388e-01
0
3.192332e-02
0
0
3.673192e-03
0
3.580081e-01
1.633802e-01
2.158583e-01
3.496860e-02
3.302876e-01
2.521548e-01
3.076233e-01
0
0
0
0
3.303151e-02
1.238111e-01
3.710084e-02
1.429670e-01
3.051449e-02
6.377314e-02
0
0
0
0
0
0
0
0
0
0
0
0
0
9.720364e-02
0
0
0
2.996648e-01
0
2.485052e-01
0
0
1.791681e-01
0
0
0
0
0
0
0
0
1.129278e-01
0
0
0
0
0
0
0
0
0
0
0
2.942680e-01
6.932002e-01
4.571030e-01
1.000000e+00
3.703340e-01
2.085529e-01
1.786426e-01
2.988463e-01
0
1.349546e-01
0
4.840974e-01
0
1.829995e-01
1.232182e-01
3.878583e-01
0
5.523744e-01
0
0
0
1.998744e-01
3.883300e-01
0
2.378022e-01
2.287809e-01
2.685222e-01
1.677043e-01
2.208855e-01
3.596584e-01
7.142509e-02
3.024182e-01
2.378852e-01
2.396146e-01
3.539944e-01
3.270459e-01
3.339954e-01
3.410268e-03
2.992960e-01
1.498618e-01
1.569792e-01
0
0
0
1.849483e-01
2.017950e-01
0
0
8.859533e-02
3.608849e-01
0
0
0
1.688005e-01
0
0
7.839458e-02
0
3.612352e-02
0
1.299074e-01
1.201838e-01
0
1.201904e-03
0
0
0
0
0
0
0
0
0
0
0
0
0
8.194204e-02
0
2.201045e-02
0
0
0
1.907418e-02
0
4.632383e-02
8.180501e-02
4.334139e-02
0
0
4.406352e-02
7.448898e-02
0
0
1.165096e-01
2.684189e-01
0
0
0
0
0
0
0
0
0
0
0
3.701104e-02
0
0
1.075010e-01
1.340814e-02
0
0
0
0
3.465575e-01
2.968429e-01
4.661734e-01
3.703340e-01
1.000000e+00
5.590070e-01
4.323553e-01
5.405416e-01
2.093412e-03
0
1.898327e-01
0
2.331836e-01
3.504609e-02
5.263155e-01
7.164677e-01
3.853141e-03
3.421291e-01
2.408912e-01
4.630953e-01
5.920498e-01
1.581352e-01
2.270112e-01
0
5.643637e-01
5.847563e-01
1.658320e-01
2.661377e-01
8.763486e-02
4.209198e-01
2.217526e-01
5.907368e-01
2.031298e-02
5.019888e-01
5.466004e-01
4.797261e-01
2.564977e-01
2.857828e-01
4.807855e-01
4.552240e-01
6.594300e-01
2.600242e-01
0
0
3.594756e-01
3.134741e-01
0
0
8.578995e-02
4.729074e-01
0
7.468384e-02
1.161368e-01
5.894594e-01
0
0
4.912905e-02
7.862085e-02
0
0
1.522314e-01
3.400936e-02
0
0
0
0
0
0
0
0
0
0
0
0
0
0
0
0
0
0
0
0
0
7.924231e-02
0
2.629337e-02
4.418135e-02
4.263545e-01
0
2.850059e-01
1.014178e-01
7.263064e-02
0
0
1.049792e-01
7.125739e-02
0
0
0
0
0
0
0
0
0
0
4.528804e-02
2.248119e-01
1.680521e-01
0
2.542240e-01
1.049242e-01
6.656343e-02
0
0
0
1.734797e-01
3.353767e-03
3.820033e-01
2.085529e-01
5.590070e-01
1.000000e+00
0
4.847493e-01
0
0
8.970257e-02
0
8.378599e-02
0
3.027669e-01
6.129829e-01
2.437650e-01
4.199694e-01
9.557554e-02
3.403813e-01
5.652160e-01
0
0
0
4.309623e-01
7.275996e-01
0
0
2.079781e-02
1.958360e-02
0
0
1.402869e-01
0
8.392678e-02
0
0
0
0
0
0
0
0
2.325677e-02
0
0
0
0
0
0
0
0
0
0
0
0
9.837573e-03
5.254870e-02
4.210390e-01
3.540234e-01
2.575540e-01
3.457265e-01
2.496698e-01
1.036557e-01
9.046715e-02
0
2.095725e-02
1.821062e-01
4.617419e-01
4.013350e-01
3.624288e-01
3.297617e-01
5.352447e-01
5.859146e-01
4.176663e-01
2.373533e-01
2.461778e-01
1.425222e-01
0
0
5.687172e-01
5.009917e-01
0
0
0
0
5.541484e-02
0
0
0
7.543619e-02
0
3.480108e-01
1.317155e-01
0
0
0
0
0
0
2.891220e-02
1.127016e-01
2.422001e-02
0
1.272520e-01
3.291977e-02
0
6.284862e-02
0
0
0
0
0
7.622332e-02
0
0
1.551170e-01
4.889370e-02
0
1.786426e-01
4.323553e-01
0
1
1.288314e-01
4.937639e-01
3.772134e-01
0
0
0
0
7.027713e-02
0
0
5.367038e-02
0
2.490787e-02
0
1.807832e-01
2.132792e-01
5.340717e-01
9.568161e-02
0
4.449864e-01
3.092727e-01
1.440449e-03
1.141687e-01
3.064148e-01
1.384769e-01
1.735216e-01
1.894735e-01
2.246210e-01
5.908021e-02
0
9.007378e-02
1.660117e-01
3.712784e-01
5.796171e-02
0
0
0
3.101027e-01
4.837675e-01
2.962951e-01
2.960655e-01
2.527796e-02
4.105047e-01
1.053815e-01
3.850952e-01
3.824350e-01
3.533966e-01
0
0
0
0
4.787006e-02
0
0
0
0
0
0
5.662541e-02
0
1.135863e-01
0
0
0
0
0
0
2.685687e-02
7.389413e-02
0
5.032858e-02
0
0
0
0
2.023731e-01
9.697244e-02
1.430968e-01
0
0
0
1.497602e-02
1.887928e-01
0
0
0
0
5.007441e-01
5.842674e-01
0
0
0
0
0
1.281834e-02
0
0
0
0
0
1.000632e-01
0
0
0
5.267825e-02
0
0
0
0
9.469313e-02
2.925338e-02
1.743949e-01
2.988463e-01
5.405416e-01
4.847493e-01
1.288314e-01
1
3.494242e-02
7.913099e-02
1.697243e-01
0
4.384842e-01
2.107770e-01
5.080209e-01
4.694795e-01
1.802687e-01
4.314947e-01
0
4.741722e-01
6.014819e-01
1.073927e-01
2.559757e-01
0
7.739732e-01
5.677266e-01
0
0
0
0
0
0
0
0
0
0
0
0
0
0
0
0
5.903412e-01
4.504376e-01
0
0
0
0
0
0
0
0
0
0
6.386796e-01
3.272790e-01
0
0
2.803439e-01
3.159814e-01
0
0
2.045731e-01
3.284535e-01
5.306826e-02
2.064138e-01
4.382604e-01
2.912247e-01
5.721893e-01
6.778379e-01
4.066776e-01
5.020404e-01
7.634358e-01
6.590615e-01
6.496667e-01
3.776713e-01
1.304894e-01
0
0
0
6.588643e-01
5.335586e-01
4.526936e-01
1.692392e-01
3.253936e-02
0
1.820672e-02
0
4.104051e-01
0
0
0
1.021090e-01
2.556477e-03
3.149963e-01
4.454698e-02
2.519815e-01
1.054171e-01
4.830255e-01
3.744244e-01
4.474169e-01
3.733366e-01
3.568479e-01
2.033301e-01
5.473730e-01
3.078038e-01
5.572495e-01
4.457993e-01
0
0
0
0
0
0
0
0
0
0
0
0
2.093412e-03
0
4.937639e-01
3.494242e-02
1
6.765085e-01
0
0
2.721421e-01
1.779808e-01
0
0
1.277403e-01
0
0
0
0
6.110072e-01
2.715489e-01
6.491883e-01
0
0
0
0
0
0
0
0
9.945059e-02
0
0
0
0
0
0
0
0
0
5.437917e-01
2.384857e-01
0
0
0
0
0
0
0
1.213105e-02
0
0
4.619536e-01
0
0
0
5.516250e-01
5.851756e-01
0
1.069340e-01
3.100283e-01
9.208896e-02
1.796434e-03
1.539297e-01
2.969828e-01
3.714605e-01
7.132439e-01
7.469121e-01
6.284736e-01
6.985153e-01
7.188370e-01
7.416442e-01
7.549798e-01
6.503786e-01
1.992246e-01
0
0
0
4.176738e-01
3.789845e-01
2.098239e-01
0
6.158251e-02
0
2.110895e-01
0
9.932091e-02
0
0
0
3.334693e-01
3.214160e-01
1.727349e-01
1.590406e-01
1.297112e-01
1.296079e-02
3.584513e-01
2.534690e-01
3.941708e-01
3.498961e-01
2.096037e-01
0
4.968758e-01
3.557702e-01
2.396589e-01
0
0
0
0
0
0
0
0
0
0
1.996852e-01
0
1.349546e-01
0
0
3.772134e-01
7.913099e-02
6.765085e-01
1
0
0
3.461864e-01
4.356885e-01
0
0
2.713230e-01
0
0
0
0
5.286377e-01
3.756417e-01
4.844501e-01
0
0
3.727682e-01
2.323338e-01
0
0
9.901955e-02
0
0
1.662687e-01
0
0
0
4.516923e-01
6.888247e-02
4.448080e-01
1.886460e-01
2.997051e-01
0
0
2.178690e-01
1.355243e-01
3.271145e-01
1.472660e-01
0
0
0
0
5.790740e-01
4.465579e-01
0
0
0
0
0
0
0
0
0
1.970235e-01
0
2.287720e-01
0
0
0
0
0
0
0
0
0
0
3.515124e-01
5.325216e-01
5.243291e-01
5.922348e-01
0
1.414811e-01
6.473476e-02
4.052314e-01
6.077150e-01
6.833162e-01
2.390571e-01
1.299525e-01
5.168462e-02
1.775600e-01
0
2.719789e-01
0
0
7.954457e-02
2.323990e-01
0
0
0
0
0
0
0
0
0
0
0
0
0
2.790142e-02
0
1.962564e-01
1.960332e-01
3.475433e-02
3.359806e-01
4.356163e-01
5.600350e-01
2.020749e-01
2.864633e-01
0
1.898327e-01
8.970257e-02
0
1.697243e-01
0
0
1
0
7.076625e-01
2.663815e-01
6.357552e-01
2.811471e-01
1.474736e-01
7.917586e-02
0
2.623487e-01
3.284430e-01
0
5.001020e-01
0
3.443983e-01
3.409405e-01
0
0
5.759214e-01
2.355762e-01
9.549112e-02
0
2.743591e-01
0
2.015411e-01
1.159777e-01
5.172243e-01
0
2.461174e-01
0
1.004111e-01
0
9.995815e-02
2.089226e-01
0
0
0
1.663135e-01
2.963128e-01
2.108637e-01
2.189694e-01
6.068927e-02
0
0
0
5.227472e-02
4.829840e-01
2.800782e-01
0
0
2.057388e-01
8.761613e-02
4.977668e-01
0
0
0
5.255398e-02
6.314842e-02
0
0
0
0
0
0
0
0
0
0
0
1.174407e-01
0
0
0
0
0
0
0
0
0
0
4.644693e-01
1.245351e-01
3.194617e-01
1.005407e-01
0
6.649517e-02
3.109108e-01
0
7.585175e-02
2.144284e-01
1.697667e-02
2.846047e-02
0
0
3.106615e-01
2.967369e-01
0
0
6.812680e-02
5.415213e-03
5.491925e-01
0
0
0
1.085062e-01
0
0
3.551337e-01
0
4.840974e-01
0
0
0
0
0
0
0
1.000000e+00
0
2.247701e-01
0
3.088436e-01
1.443773e-02
3.766690e-01
2.753549e-01
0
0
0
1.247109e-02
0
0
3.049359e-02
3.225713e-01
2.614191e-01
0
0
0
0
0
3.124261e-02
0
0
0
2.508078e-01
0
2.896568e-01
2.555468e-02
1.221957e-01
7.887864e-03
0
3.656796e-01
3.596460e-01
3.266067e-01
2.221028e-01
0
0
0
0
4.499022e-01
4.474803e-01
6.396362e-02
0
0
0
0
0
0
0
0
7.733517e-02
0
6.730327e-02
0
8.019246e-02
1.447903e-02
0
0
7.484037e-03
5.226293e-02
1.679804e-01
3.227462e-01
2.473359e-01
2.244889e-01
2.053861e-01
1.667494e-01
6.013349e-03
3.899286e-02
6.715432e-02
2.810674e-01
3.382433e-01
4.248860e-01
2.987120e-01
1.367288e-01
0
3.355722e-01
3.104357e-01
0
0
0
0
5.123009e-01
5.029300e-01
0
0
2.018866e-02
0
0
7.315982e-02
0
0
0
0
1.155721e-02
0
0
0
0
0
0
0
0
0
2.852398e-01
4.589373e-02
2.334620e-01
0
2.331836e-01
8.378599e-02
0
4.384842e-01
2.721421e-01
3.461864e-01
7.076625e-01
0
1
6.022256e-01
6.518615e-01
1.207123e-01
2.040300e-01
1.341769e-02
0
1.874001e-01
3.564090e-01
2.330450e-01
5.720879e-01
1.886940e-01
2.434970e-01
2.641608e-01
3.166559e-01
2.450389e-03
0
0
0
0
0
0
0
0
6.797059e-02
4.096754e-02
1.460016e-01
0
0
0
1.971149e-01
2.615958e-02
1.624761e-01
9.197671e-02
3.027980e-01
1.153990e-01
0
0
0
0
9.086814e-02
1.368959e-01
2.123696e-01
0
0
0
0
1.491655e-01
0
0
0
1.895451e-03
0
0
0
6.162555e-03
4.756439e-02
8.605318e-02
0
1.178644e-01
3.753432e-02
8.485373e-02
2.668392e-01
1.502090e-01
3.141732e-01
5.400141e-02
8.359313e-02
0
6.276792e-02
0
2.311208e-01
2.059264e-01
5.169825e-01
1.993168e-01
4.618326e-01
0
3.919999e-01
1.189540e-01
0
0
2.436898e-01
2.414313e-01
3.227242e-01
3.318600e-01
1.762377e-01
0
1.011244e-01
7.328719e-02
1.334921e-01
1.195999e-01
0
0
6.732251e-02
4.081141e-04
0
0
0
0
0
0
0
0
6.042445e-02
0
1.433318e-02
1.940042e-01
0
1.829995e-01
3.504609e-02
0
0
2.107770e-01
1.779808e-01
4.356885e-01
2.663815e-01
2.247701e-01
6.022256e-01
1
4.116138e-01
9.672816e-02
1.484817e-01
2.515189e-01
0
0
1.173977e-01
3.359591e-01
5.877124e-01
2.531611e-01
9.536422e-02
1.511835e-01
3.930575e-01
3.149146e-01
0
9.258069e-02
3.847725e-01
3.609269e-02
1.914067e-01
1.077943e-01
9.300582e-02
0
0
1.697354e-01
2.421851e-01
2.411037e-01
1.635571e-01
0
0
0
2.819100e-01
2.893194e-01
3.721162e-01
2.863231e-01
0
4.880151e-02
1.932019e-02
8.939643e-02
5.142793e-01
4.483346e-01
0
0
0
0
0
0
0
0
0
0
0
0
0
0
0
0
0
0
0
0
0
0
2.049705e-01
2.143529e-01
3.673816e-01
3.293154e-01
0
0
0
3.476147e-01
4.081359e-01
3.798112e-01
4.355055e-01
1.054614e-01
7.654407e-02
8.822394e-02
0
4.038438e-01
0
0
1.037289e-01
2.890606e-01
0
0
0
0
0
0
0
0
0
0
0
0
0
0
0
0
0
0
2.488134e-01
5.795785e-02
4.955417e-01
2.581242e-01
2.892604e-01
1.232182e-01
5.263155e-01
3.027669e-01
7.027713e-02
5.080209e-01
0
0
6.357552e-01
0
6.518615e-01
4.116138e-01
1
4.695497e-01
0
4.242390e-01
0
5.320855e-01
5.519680e-01
0
4.567890e-01
1.996732e-01
6.211820e-01
4.753819e-01
4.611683e-01
3.155293e-01
2.540075e-01
4.061115e-01
2.661205e-01
2.065629e-01
1.803233e-01
1.876847e-01
2.507097e-01
3.154279e-01
4.712967e-01
3.094560e-01
4.015652e-01
3.495042e-01
3.883932e-01
3.452985e-02
0
0
3.988461e-01
3.380802e-01
0
7.886274e-02
1.608018e-01
3.839919e-01
4.790803e-02
0
1.711041e-01
3.857389e-01
0
0
0
0
0
0
4.932500e-02
0
0
9.689796e-02
0
0
0
0
0
0
0
0
0
0
0
0
0
4.082184e-02
7.184182e-02
1.935539e-01
0
0
0
2.799889e-01
8.596618e-02
8.470707e-02
5.117599e-02
5.038615e-03
4.622312e-02
1.808408e-01
1.305725e-01
3.377893e-01
0
0
1.872752e-01
3.010152e-01
0
0
0
0
0
0
0
0
0
0
0
4.830526e-02
0
0
3.984842e-01
2.089912e-01
0
0
2.710169e-01
1.236392e-01
2.891661e-01
3.304012e-01
4.032686e-01
3.878583e-01
7.164677e-01
6.129829e-01
0
4.694795e-01
0
0
2.811471e-01
3.088436e-01
1.207123e-01
9.672816e-02
4.695497e-01
1
7.133925e-02
4.294251e-01
2.269669e-01
5.545240e-01
7.087060e-01
0
2.259083e-01
0
7.343073e-01
7.282010e-01
0
0
0
0
0
0
0
0
0
0
0
0
0
0
0
0
3.196481e-01
3.009265e-01
0
0
0
0
0
1.533878e-02
0
1.079135e-01
0
8.498375e-02
0
0
0
0
0
0
0
0
1.828958e-01
4.382812e-01
1.334153e-01
5.643754e-01
3.738884e-01
5.727686e-01
3.393832e-02
5.246796e-02
1.258486e-01
1.700202e-01
2.458285e-02
4.446845e-02
7.556285e-03
2.564745e-01
0
0
0
0
0
0
3.120601e-01
5.968602e-02
1.847318e-01
1.093493e-01
2.905527e-02
0
0
1.760754e-02
4.400672e-02
0
5.587961e-02
2.130945e-01
2.675117e-01
1.999253e-01
0
0
4.444372e-02
2.830263e-01
0
4.127790e-02
0
0
3.953395e-01
4.196674e-01
2.866606e-01
1.667931e-01
2.262462e-01
0
3.884767e-02
0
0
0
0
0
0
9.380057e-03
0
0
3.853141e-03
2.437650e-01
0
1.802687e-01
1.277403e-01
2.713230e-01
1.474736e-01
1.443773e-02
2.040300e-01
1.484817e-01
0
7.133925e-02
1.000000e+00
5.265310e-02
0
0
1.048512e-02
6.906031e-02
0
0
0
2.132042e-01
0
0
4.151998e-01
3.216583e-01
4.597983e-01
2.357166e-02
4.017584e-01
1.518805e-02
5.497572e-01
2.138420e-01
3.259146e-02
0
4.042639e-01
0
2.872729e-01
0
0
0
0
0
2.703283e-01
1.891786e-01
0
5.708982e-02
2.211321e-01
3.733791e-01
1.060688e-02
3.059675e-01
0
0
1.072391e-01
1.744417e-01
8.861646e-02
1.274539e-01
4.134477e-01
3.121244e-01
0
0
0
0
0
2.359682e-01
0
0
0
0
0
0
0
0
0
2.497707e-02
1.754180e-03
2.843289e-01
0
0
0
0
3.511350e-02
5.429689e-02
2.280658e-01
1.069443e-01
0
0
2.859651e-01
1.452656e-01
2.619083e-01
1.669285e-01
0
3.152595e-02
0
0
0
0
0
0
0
0
0
0
0
0
0
0
2.031570e-02
0
0
0
0
0
1.543008e-01
3.210731e-01
7.760308e-03
5.523744e-01
3.421291e-01
4.199694e-01
5.367038e-02
4.314947e-01
0
0
7.917586e-02
3.766690e-01
1.341769e-02
2.515189e-01
4.242390e-01
4.294251e-01
5.265310e-02
1
0
2.559293e-01
2.633995e-01
0
1.565777e-01
0
5.615170e-01
5.513324e-01
2.692151e-01
3.304417e-01
4.549696e-01
5.081610e-01
0
1.090874e-01
2.288992e-01
1.357973e-01
0
9.262489e-02
4.828692e-01
9.953527e-02
1.305557e-01
9.624115e-02
1.471500e-01
0
0
0
1.643735e-01
1.441979e-01
0
1.654016e-02
5.980675e-01
5.465924e-01
3.028335e-01
0
2.689588e-03
0
0
2.240400e-02
5.073497e-01
6.519901e-02
0
0
0
0
1.027767e-01
0
0
2.920250e-02
1.682698e-02
0
0
0
0
0
0
0
0
0
0
2.917536e-02
1.821472e-01
0
0
0
6.537511e-02
1.069036e-01
0
0
0
5.736147e-02
0
0
2.016816e-01
2.455913e-01
0
0
7.517005e-02
0
1.158372e-01
3.711119e-01
8.022040e-02
1.527575e-01
1.882731e-01
5.637463e-02
8.753859e-02
2.826250e-02
0
2.315580e-02
6.078251e-02
1.009915e-01
2.602192e-01
0
6.049578e-01
1.737291e-01
0
7.774788e-02
2.492172e-01
1.252273e-01
0
0
0
0
2.408912e-01
9.557554e-02
0
0
0
0
0
2.753549e-01
0
0
0
2.269669e-01
0
0
1
4.755032e-01
3.039122e-01
0
0
7.386458e-02
1.355830e-01
0
5.365706e-01
5.776804e-01
0
4.287318e-01
2.800754e-01
6.869758e-02
0
2.279326e-01
0
0
1.822126e-01
4.662570e-01
5.258981e-02
4.827447e-01
1.609938e-01
2.324835e-01
0
0
3.800213e-01
4.816000e-01
2.878819e-01
1.688881e-01
1.813072e-02
3.069233e-01
2.801994e-01
1.082538e-01
5.552060e-01
3.390809e-01
0
0
0
0
0
0
0
0
0
0
0
8.879244e-02
0
0
0
0
0
0
0
0
0
0
2.188522e-01
3.866560e-01
5.664594e-01
1.644117e-01
0
0
1.132080e-01
4.914386e-01
2.778147e-01
3.052167e-01
0
3.430035e-02
8.561866e-02
2.125558e-01
0
4.961198e-01
0
0
2.404062e-01
2.015053e-01
0
0
0
0
0
0
0
0
0
0
0
2.574598e-01
1.140090e-02
2.622237e-01
2.376806e-01
5.107968e-01
1.318078e-01
2.789973e-01
5.077080e-01
4.244570e-01
0
0
0
0
4.630953e-01
3.403813e-01
2.490787e-02
4.741722e-01
0
0
2.623487e-01
0
1.874001e-01
0
5.320855e-01
5.545240e-01
0
2.559293e-01
4.755032e-01
1
8.259288e-01
0
7.200026e-02
1.008202e-02
7.300100e-01
3.803636e-01
5.047515e-01
6.578547e-01
0
2.533336e-01
1.731927e-01
2.193356e-01
0
2.928796e-01
0
6.552493e-02
2.502088e-01
6.019139e-01
1.412748e-01
6.081364e-01
3.067735e-01
2.958326e-01
0
0
5.041350e-01
5.407986e-01
2.669387e-01
2.566560e-01
0
3.505157e-01
0
6.240382e-02
5.454828e-01
5.511341e-01
0
0
0
0
0
0
0
0
0
0
0
3.475609e-02
0
0
0
0
0
0
0
0
0
0
0
1.739094e-01
3.089358e-01
2.487738e-02
0
0
2.234407e-01
5.760840e-01
1.978414e-01
2.412720e-01
0
1.562464e-02
3.428741e-01
3.923720e-01
0
2.525164e-01
0
0
5.375871e-01
4.347085e-01
0
0
0
0
0
0
0
0
0
0
1.260519e-01
3.764363e-01
4.051539e-03
1.745240e-01
1.905068e-01
2.766003e-01
6.520650e-02
1.137357e-01
2.630089e-01
2.125053e-01
1.007139e-01
0
1.689454e-01
0
5.920498e-01
5.652160e-01
0
6.014819e-01
0
0
3.284430e-01
0
3.564090e-01
1.173977e-01
5.519680e-01
7.087060e-01
1.048512e-02
2.633995e-01
3.039122e-01
8.259288e-01
1
0
1.284897e-01
0
7.312359e-01
6.766539e-01
1.854028e-01
4.955773e-02
0
0
0
0
0
0
0
0
3.847063e-01
9.080490e-03
0
0
0
0
4.936007e-01
1.742172e-01
1.172016e-01
4.855027e-02
0
0
0
0
0
0
0
0
5.974058e-01
2.600663e-01
0
1.624329e-01
2.081215e-01
2.461722e-01
0
0
8.750988e-02
2.181330e-01
0
0
0
0
5.271040e-01
6.351346e-01
3.448529e-01
4.897661e-01
6.468186e-01
5.382316e-01
6.237257e-01
4.194697e-01
0
0
0
0
3.548158e-01
3.132780e-01
3.043603e-01
0
0
0
1.722152e-03
0
5.171042e-01
7.892475e-02
0
0
0
0
4.272151e-01
1.687162e-01
7.424566e-02
9.745584e-03
5.833429e-02
0
3.425293e-02
0
1.525063e-01
0
3.847426e-01
4.089284e-01
5.798672e-01
1.783049e-01
7.989481e-02
0
0
0
0
0
0
0
0
0
8.895034e-03
1.998744e-01
1.581352e-01
0
1.807832e-01
1.073927e-01
6.110072e-01
5.286377e-01
0
0
2.330450e-01
3.359591e-01
0
0
6.906031e-02
0
0
0
0
1
3.878859e-01
2.204457e-01
0
0
4.650859e-01
1.788382e-01
1.599099e-02
0
0
0
2.864914e-01
0
0
0
8.776499e-02
7.516096e-02
1.240121e-01
5.252201e-02
0
0
0
0
2.143714e-01
2.135557e-01
3.785486e-01
2.490914e-01
0
0
0
0
1.634663e-01
4.404897e-02
1.557226e-01
0
0
0
0
2.103923e-02
0
0
3.622782e-02
0
0
0
0
0
2.044644e-02
8.323605e-02
0
0
5.500282e-02
1.274929e-01
2.527161e-01
0
4.108648e-01
1.875198e-01
2.798616e-01
1.502172e-01
2.512523e-01
2.756389e-01
1.638452e-01
1.296136e-01
4.323271e-01
1.025101e-01
2.176566e-01
0
2.207394e-01
0
0
0
0
0
2.294979e-01
3.763186e-01
1.435483e-01
0
1.409705e-01
0
1.800564e-01
6.341406e-02
0
0
0
0
0
0
0
0
0
0
0
0
7.889244e-02
8.560258e-02
2.607734e-01
4.446484e-01
1.323087e-01
3.883300e-01
2.270112e-01
0
2.132792e-01
2.559757e-01
2.715489e-01
3.756417e-01
5.001020e-01
1.247109e-02
5.720879e-01
5.877124e-01
4.567890e-01
2.259083e-01
0
1.565777e-01
0
7.200026e-02
1.284897e-01
3.878859e-01
1
4.399022e-01
3.531400e-01
4.523978e-02
0
0
0
0
0
0
1.012496e-01
0
0
0
0
0
0
0
0
0
2.999024e-01
2.201433e-01
0
0
1.230361e-01
0
0
0
0
0
0
0
3.869409e-01
1.133484e-01
0
0
2.096054e-01
3.027110e-01
0
0
3.568640e-02
0
4.542197e-02
0
1.355185e-01
1.054127e-01
3.489105e-01
4.357334e-01
1.649572e-01
2.355182e-01
4.445182e-01
4.512533e-01
4.059946e-01
1.212909e-01
4.634422e-01
0
2.574572e-01
0
5.748957e-01
5.008954e-01
2.091112e-01
1.375513e-01
2.926348e-01
0
2.865202e-01
0
2.310906e-01
0
0
0
3.179589e-01
1.367857e-01
0
0
2.936730e-01
1.225526e-01
4.512959e-01
2.461416e-01
5.705372e-01
3.694174e-01
3.351711e-01
2.484885e-01
2.998610e-01
0
1.131567e-01
1.037465e-01
0
0
0
0
0
4.663642e-02
8.233524e-02
9.207222e-02
0
0
0
0
0
0
5.340717e-01
0
6.491883e-01
4.844501e-01
0
0
1.886940e-01
2.531611e-01
1.996732e-01
0
0
0
7.386458e-02
1.008202e-02
0
2.204457e-01
4.399022e-01
1
0
0
5.630313e-01
4.194565e-01
1.253946e-01
3.633261e-01
4.854972e-01
4.016164e-02
2.511743e-01
1.700059e-01
1.703409e-01
1.388961e-01
5.181257e-02
2.610470e-01
2.829837e-01
4.299816e-01
1.783434e-01
1.343982e-01
0
0
3.294192e-01
4.696588e-01
4.246250e-01
3.564136e-01
3.893995e-02
2.885020e-01
2.890781e-01
2.985923e-01
4.875642e-01
3.697454e-01
0
0
0
0
0
0
0
0
0
0
0
1.008107e-01
0
9.668984e-03
0
0
0
0
0
0
0
0
1.183261e-01
2.192230e-01
3.160175e-01
1.831676e-01
0
0
7.358505e-02
3.016015e-01
3.100666e-01
1.648073e-01
3.796476e-02
0
0
1.090627e-01
0
3.554571e-01
0
0
2.449127e-01
3.985328e-01
0
0
0
0
0
0
0
0
0
0
0
0
0
0
0
2.356124e-01
0
1.856800e-02
2.638201e-01
1.513495e-01
2.306916e-01
1.307443e-01
1.074185e-01
2.378022e-01
5.643637e-01
4.309623e-01
9.568161e-02
7.739732e-01
0
0
3.443983e-01
0
2.434970e-01
9.536422e-02
6.211820e-01
7.343073e-01
0
5.615170e-01
1.355830e-01
7.300100e-01
7.312359e-01
0
3.531400e-01
0
1
6.678750e-01
2.108374e-01
2.152627e-01
0
2.504793e-01
3.250289e-01
2.652157e-01
0
3.603359e-01
3.507480e-01
3.404040e-01
2.331241e-02
3.257934e-01
3.791430e-01
4.289535e-01
3.393472e-01
2.240658e-01
0
0
3.088392e-01
3.202425e-01
1.499007e-01
2.201342e-01
0
2.025074e-01
3.768043e-03
2.063052e-01
3.019692e-01
5.960412e-01
0
0
0
0
0
0
5.707068e-02
0
0
2.310350e-01
0
2.435268e-02
0
5.195323e-02
0
0
0
0
0
0
0
0
0
5.316816e-02
0
1.590820e-01
0
0
0
2.325743e-01
6.399047e-02
1.857671e-01
6.957855e-02
2.223464e-01
6.527344e-02
2.727741e-01
0
1.746393e-01
0
0
2.279621e-01
3.784160e-01
0
0
0
0
0
0
0
0
0
0
0
7.007072e-02
0
0
0
6.711322e-02
0
0
0
0
4.350016e-01
1.219480e-01
3.725902e-01
2.287809e-01
5.847563e-01
7.275996e-01
0
5.677266e-01
0
0
3.409405e-01
3.049359e-02
2.641608e-01
1.511835e-01
4.753819e-01
7.282010e-01
2.132042e-01
5.513324e-01
0
3.803636e-01
6.766539e-01
0
4.523978e-02
0
6.678750e-01
1
