1.000000e+00
6.640063e-01
0
0
1.297074e-01
0
1.190136e-01
4.269479e-02
0
0
1.266973e-01
5.086795e-01
3.421556e-01
4.863857e-01
9.621676e-02
1.525694e-01
0
0
6.377232e-01
6.269365e-01
4.567705e-01
3.505751e-01
0
3.155189e-03
0
5.907818e-03
5.540082e-01
3.959543e-01
7.463539e-02
0
0
0
0
0
0
0
0
4.536197e-03
0
2.099466e-01
0
0
0
0
0
0
0
0
0
0
1.531922e-01
5.797323e-02
1.994726e-01
0
0
0
5.265247e-01
5.549674e-01
4.786016e-01
1.995751e-01
2.138624e-01
0
3.380265e-01
4.497971e-01
0
1.391940e-01
0
0
4.860583e-01
4.558977e-01
5.769004e-02
0
2.129423e-01
7.288823e-02
1.618757e-01
1.196384e-01
0
0
0
0
0
0
0
0
0
4.633373e-02
0
0
1.802947e-01
4.893864e-02
1.047001e-01
1.430202e-01
0
1.611741e-02
1.843643e-01
1.311668e-01
0
4.594852e-01
1.071583e-01
3.525366e-02
4.560369e-01
0
5.304190e-01
4.651882e-01
4.148566e-01
3.395374e-01
2.420038e-02
1.126452e-01
0
3.885158e-01
4.360948e-01
1.939074e-01
6.168518e-01
8.241458e-02
5.326474e-01
2.668601e-01
6.640063e-01
1.000000e+00
0
0
1.493073e-01
2.936196e-01
0
3.042772e-01
0
2.712650e-03
1.635517e-01
6.786451e-01
1.874164e-01
6.893676e-01
4.096646e-01
4.910397e-01
1.051527e-02
0
7.937839e-01
7.511852e-01
2.698807e-01
4.098706e-01
5.997585e-02
2.749082e-01
0
0
6.276880e-01
5.886996e-01
2.418300e-01
2.162724e-01
0
0
0
0
0
0
0
0
0
1.212517e-01
0
0
0
0
0
0
0
0
0
0
0
0
2.118815e-01
0
0
0
5.490256e-01
7.383499e-01
4.747853e-02
4.052252e-03
0
1.528862e-01
5.194254e-01
5.941139e-01
0
1.268591e-01
0
0
5.258833e-01
3.216817e-01
7.511869e-02
1.835260e-01
1.832254e-01
1.259413e-01
1.365050e-01
9.814913e-02
0
0
0
0
2.309216e-01
2.829569e-01
6.158719e-02
2.450585e-01
0
9.285767e-02
1.114317e-01
9.817535e-02
8.308798e-02
9.400819e-02
0
0
6.934982e-02
0
9.996778e-02
2.864733e-01
0
3.120301e-01
5.209868e-02
0
2.506327e-01
0
3.536973e-01
0
3.348990e-01
2.485697e-01
0
0
2.321807e-01
4.801597e-01
5.723740e-01
0
2.299839e-01
3.195304e-02
3.788437e-01
2.849348e-01
0
0
1
5.577524e-01
2.680586e-01
1.857980e-01
7.251208e-01
0
6.583418e-01
4.457317e-01
3.497717e-01
0
3.519957e-01
0
2.937326e-01
0
0
0
0
0
0
8.195773e-02
6.359077e-01
4.143904e-01
3.802950e-01
2.617934e-01
0
0
0
0
7.338183e-01
2.513633e-01
1.601291e-01
0
5.868986e-01
5.546813e-01
4.109374e-01
0
0
0
4.757475e-03
3.075270e-01
0
0
8.881549e-02
0
0
0
0
0
0
0
0
2.624323e-01
0
0
0
0
0
0
1.211964e-01
1.892415e-01
0
0
6.795390e-01
1.986982e-01
2.776430e-01
8.777228e-02
0
0
2.797100e-02
0
0
0
0
4.803852e-02
7.305751e-03
0
1.319393e-01
1.427234e-02
0
0
0
0
3.369795e-01
0
0
0
0
0
6.407488e-02
5.376639e-01
2.002674e-01
7.064564e-01
1.692471e-01
1.151544e-01
8.373862e-03
1.061755e-01
0
0
0
6.326263e-01
0
0
3.670712e-02
2.930694e-01
3.539860e-02
5.228995e-01
3.224054e-01
0
0
0
4.770313e-02
0
1.919459e-01
7.967956e-02
0
0
5.577524e-01
1.000000e+00
5.295033e-01
4.337713e-01
5.321623e-01
4.079811e-01
7.727299e-01
5.722389e-01
1.393374e-02
0
4.787132e-01
8.004417e-02
4.533318e-01
1.137066e-01
0
0
0
8.226663e-03
8.047845e-02
1.108152e-01
3.609390e-01
3.987174e-01
4.103026e-01
2.027528e-01
0
1.500250e-01
0
0
4.173714e-01
3.263765e-01
1.866790e-01
9.096210e-02
5.827235e-01
4.940440e-01
0
0
6.364928e-02
0
0
3.921660e-02
0
0
0
0
0
0
0
0
0
0
0
1.254031e-01
0
0
0
0
0
0
1.954578e-01
4.949938e-01
0
0
5.449380e-01
3.285007e-01
1.484349e-01
1.701427e-02
0
0
0
0
0
0
0
0
0
0
0
0
0
0
0
0
2.876192e-01
4.300117e-02
0
5.561059e-02
0
0
2.046444e-01
2.179616e-01
1.259170e-01
3.131981e-01
3.037521e-01
5.227359e-01
1.576541e-02
1.332779e-01
0
0
0
1.420283e-01
0
0
1.851127e-01
2.882338e-01
0
5.059839e-01
3.069797e-01
2.069570e-01
6.727419e-02
0
0
0
3.354696e-01
3.390790e-01
1.297074e-01
1.493073e-01
2.680586e-01
5.295033e-01
1
2.131149e-01
1.388378e-01
9.979050e-02
3.019235e-01
2.108427e-01
0
7.377536e-02
1.246313e-01
1.897062e-01
2.238870e-01
0
0
0
4.534023e-02
7.294697e-02
2.310984e-01
3.181154e-01
2.526471e-01
3.660665e-01
7.316717e-01
6.094825e-01
5.330055e-01
3.795380e-01
0
0
2.964391e-02
0
4.181887e-02
1.020724e-02
3.639644e-01
2.280659e-01
0
0
0
0
0
1.092945e-01
0
0
0
0
0
0
0
0
1.091708e-01
1.736212e-01
3.035012e-01
4.436794e-01
0
0
0
1.390337e-01
7.268394e-02
1.133131e-01
1.340605e-01
2.299243e-01
0
8.326342e-02
3.998301e-01
6.053117e-01
7.252713e-02
1.135684e-01
0
0
0
0
0
4.620274e-02
0
4.512410e-02
0
0
0
0
0
0
0
0
1.919581e-01
3.266147e-01
3.357721e-02
1.483349e-01
4.260835e-01
2.224278e-01
4.863937e-02
6.009796e-02
7.925370e-02
8.806884e-02
8.766792e-02
2.470099e-01
0
3.548522e-01
0
0
8.089966e-02
2.038915e-01
0
0
4.122766e-01
3.625791e-01
0
4.097439e-01
2.523866e-02
3.768505e-01
2.297656e-01
0
0
0
5.129970e-01
4.084987e-01
0
2.936196e-01
1.857980e-01
4.337713e-01
2.131149e-01
1
4.680442e-02
6.930625e-01
6.453455e-01
7.621982e-01
1.967782e-01
1.034660e-01
2.756488e-01
3.923918e-01
6.023422e-01
2.988299e-01
0
0
4.107005e-01
3.937286e-01
0
2.504163e-01
5.021042e-01
6.899427e-01
0
1.318995e-01
4.808667e-02
4.769322e-01
5.804027e-02
0
3.307041e-01
1.449969e-01
2.603538e-01
0
1.768234e-01
2.051397e-01
0
0
0
0
0
0
0
0
4.560187e-02
0
0
0
0
0
0
0
0
0
0
0
0
0
0
0
0
6.258458e-01
0
2.290115e-01
2.155045e-01
8.543781e-02
0
0
5.548799e-02
1.522662e-01
0
1.489770e-01
0
0
0
0
0
0
0
0
8.726117e-02
1.766378e-01
1.418288e-02
0
8.371998e-02
0
0
0
0
0
1.733837e-01
0
6.200146e-01
2.104293e-01
2.864062e-01
5.602355e-01
0
1.728261e-01
0
0
0
0
0
0
6.254707e-02
2.203510e-01
0
1.027434e-01
3.534156e-03
4.753199e-02
2.365408e-01
0
0
0
7.447703e-02
3.028140e-01
1.190136e-01
0
7.251208e-01
5.321623e-01
1.388378e-01
4.680442e-02
1
1.510856e-01
5.765608e-01
4.036359e-01
7.964854e-02
0
5.981408e-01
0
3.444161e-02
0
0
0
0
2.681080e-02
1.785764e-01
2.793124e-01
3.264554e-01
2.601378e-01
3.250851e-01
1.491855e-01
0
0
0
0
5.176181e-01
2.535739e-01
3.170054e-01
1.228281e-01
2.852864e-01
2.881115e-01
3.065194e-01
0
1.079951e-01
0
2.218017e-02
5.222211e-02
1.308025e-02
0
4.759524e-02
0
0
0
0
0
0
0
0
0
0
0
0
0
0
0
2.745579e-01
1.878373e-01
0
0
3.461445e-01
9.716419e-02
2.759407e-01
1.538984e-02
0
6.901773e-02
1.061994e-01
5.452562e-02
1.170514e-01
3.017555e-03
1.364975e-01
2.006269e-01
2.706975e-02
0
0
0
0
0
0
0
0
0
0
0
0
0
3.702161e-01
7.903804e-01
1.923657e-01
6.111724e-01
2.559457e-01
0
2.878503e-01
5.887912e-02
0
1.525485e-01
0
2.439425e-01
0
9.223571e-02
3.703834e-02
4.811240e-02
0
3.641645e-01
2.306255e-01
0
0
0
2.492140e-01
4.288334e-02
1.428308e-01
0
4.269479e-02
3.042772e-01
0
4.079811e-01
9.979050e-02
6.930625e-01
1.510856e-01
1
4.718717e-01
7.422817e-01
0
3.648657e-01
4.063929e-01
7.112543e-01
5.798798e-01
6.350477e-01
0
0
4.979817e-01
5.035500e-01
1.957607e-01
4.072492e-01
1.411689e-01
4.246934e-01
6.839589e-02
1.367174e-01
2.872928e-01
5.543966e-01
0
0
8.870639e-02
2.271699e-02
0
0
0
0
0
0
0
0
0
0
0
0
0
0
0
0
0
0
0
0
0
0
0
0
0
0
0
0
0
8.183105e-01
0
3.998293e-01
0
1.096240e-01
0
0
7.790270e-02
1.914558e-01
0
1.683675e-01
0
0
0
0
0
0
0
0
0
0
1.187695e-01
4.601112e-02
0
1.046207e-01
0
2.613873e-02
0
0
4.604759e-01
1.059179e-01
5.653501e-01
5.471381e-02
1.812597e-01
4.902547e-01
0
1.173643e-01
0
0
2.017030e-01
0
1.677322e-01
0
8.823996e-02
2.334156e-02
0
2.461465e-02
0
6.510464e-02
1.563745e-01
0
0
0
6.042613e-02
2.780543e-01
0
0
6.583418e-01
7.727299e-01
3.019235e-01
6.453455e-01
5.765608e-01
4.718717e-01
1
8.070450e-01
2.629417e-01
0
5.872561e-01
5.925371e-02
5.440571e-01
4.786609e-02
0
0
9.126956e-03
0
0
6.390386e-02
4.623285e-01
5.385379e-01
1.823712e-01
2.137121e-01
0
1.291643e-01
0
0
6.552001e-01
4.716320e-01
3.757358e-01
1.403351e-01
5.597138e-01
5.498077e-01
0
0
0
0
0
6.343702e-02
0
0
1.637595e-01
0
0
0
0
0
0
0
0
0
0
0
0
0
0
0
5.174397e-02
4.891141e-01
0
0
4.754416e-01
7.192067e-03
3.570297e-02
0
0
0
0
0
0
0
0
0
0
0
0
0
0
0
0
0
1.570302e-01
0
0
0
0
0
2.564129e-01
3.727388e-01
4.248850e-01
6.016825e-01
4.600253e-01
5.959287e-01
1.025099e-01
1.751651e-01
0
0
0
2.047285e-01
0
0
1.833877e-02
2.620946e-01
0
4.272921e-01
2.197964e-01
0
0
0
0
0
1.595461e-01
3.688668e-01
0
2.712650e-03
4.457317e-01
5.722389e-01
2.108427e-01
7.621982e-01
4.036359e-01
7.422817e-01
8.070450e-01
1.000000e+00
1.335284e-01
0
4.599319e-01
3.490026e-01
6.147546e-01
3.956410e-01
0
0
2.426107e-01
2.255845e-01
0
2.097545e-01
4.778700e-01
5.371761e-01
1.789394e-01
1.513894e-01
0
2.750046e-01
0
0
4.409306e-01
1.653223e-01
1.382899e-01
0
3.335612e-01
3.428710e-01
7.469326e-02
0
0
0
0
0
0
0
0
0
0
0
0
0
0
0
0
5.002877e-02
0
0
0
0
0
0
0
6.858538e-01
0
0
3.131224e-01
1.241956e-01
0
0
0
4.474817e-02
0
0
0
0
0
0
0
0
0
0
0
0
9.347235e-02
0
0
0
0
0
0
0
4.081355e-01
3.789289e-01
6.658645e-01
4.708851e-01
3.100321e-01
4.771250e-01
0
3.010336e-02
0
0
0
5.932203e-02
0
0
0
2.343303e-01
0
2.017489e-01
5.814165e-02
0
0
0
0
0
8.596279e-02
3.100709e-01
1.266973e-01
1.635517e-01
3.497717e-01
1.393374e-02
0
1.967782e-01
7.964854e-02
0
2.629417e-01
1.335284e-01
1.000000e+00
9.622438e-02
3.660054e-01
0
4.405590e-01
0
2.622302e-01
1.463154e-01
2.780057e-01
9.604794e-02
0
0
1.624445e-01
2.229503e-01
0
0
0
2.183374e-01
3.863699e-01
2.558090e-01
3.840825e-01
2.820762e-01
1.466575e-01
1.315915e-01
6.740489e-03
5.091997e-02
2.775206e-01
2.088153e-02
0
0
2.140870e-02
1.593058e-02
0
0
5.984989e-02
0
0
0
0
0
0
0
0
0
0
0
0
0
0
0
0
0
2.561892e-01
1.160815e-01
9.230993e-02
0
0
0
1.406824e-01
0
1.115859e-01
0
0
0
0
0
0
0
3.007751e-01
4.392350e-01
4.118768e-01
0
2.756579e-01
0
4.568425e-01
0
0
0
0
0
0
1.996709e-01
1.047244e-01
3.820379e-01
2.861299e-01
2.902184e-01
0
0
0
7.236753e-03
0
5.837385e-01
0
1.214033e-01
0
3.821331e-01
1.178287e-01
1.751695e-01
2.889376e-01
0
1.316919e-01
3.898581e-01
1.524271e-01
0
0
1.694145e-01
5.086795e-01
6.786451e-01
0
0
7.377536e-02
1.034660e-01
0
3.648657e-01
0
0
9.622438e-02
1
1.130670e-01
8.360550e-01
4.895953e-01
6.926772e-01
0
0
5.917310e-01
4.632846e-01
4.098959e-01
2.756942e-01
0
0
0
0
6.683769e-01
7.448633e-01
6.416461e-02
3.597651e-01
0
0
0
0
0
0
0
1.816216e-01
0
1.546219e-01
0
0
0
0
0
0
0
0
0
0
0
7.930262e-02
2.965927e-01
7.574358e-02
0
0
3.391720e-01
6.121283e-01
2.130391e-01
3.730282e-01
0
1.483992e-01
5.618839e-01
7.481142e-01
0
7.610898e-02
0
0
3.965922e-01
1.306890e-01
0
0
0
0
0
0
0
3.758762e-02
0
0
1.871834e-01
1.892268e-01
3.465173e-01
5.557193e-01
0
2.993522e-01
5.162751e-01
2.149679e-01
2.619083e-01
3.400550e-01
4.639381e-02
0
7.618740e-02
0
0
2.818367e-01
0
5.251927e-02
0
0
4.996744e-01
0
3.973729e-01
1.083372e-01
1.642127e-01
1.697411e-01
0
0
0
3.206603e-01
4.921355e-01
4.930355e-03
1.291637e-01
0
1.720520e-01
3.234240e-01
3.421556e-01
1.874164e-01
3.519957e-01
4.787132e-01
1.246313e-01
2.756488e-01
5.981408e-01
4.063929e-01
5.872561e-01
4.599319e-01
3.660054e-01
1.130670e-01
1
2.298443e-01
5.659796e-01
1.643626e-01
0
0
4.406806e-01
3.170115e-01
1.528256e-01
2.329490e-01
0
1.768435e-01
0
1.367340e-01
0
3.718905e-01
4.090156e-02
0
2.703039e-01
4.252202e-01
1.874576e-01
1.735145e-01
3.817021e-02
5.912263e-02
0
0
0
0
0
0
0
0
0
0
0
0
0
0
0
0
0
0
0
0
0
0
0
0
3.523328e-01
4.428743e-01
0
1.511220e-01
3.457388e-02
4.253748e-02
0
0
0
4.901469e-03
0
0
0
0
0
0
0
0
0
0
0
0
0
0
0
0
0
0
0
0
2.809526e-01
5.165824e-01
1.748974e-01
3.472093e-01
2.589238e-01
4.741274e-01
0
3.407413e-02
0
0
0
1.144072e-01
0
2.010717e-01
9.037648e-02
1.614425e-01
0
3.524739e-01
6.532271e-02
0
0
0
1.227866e-01
0
1.165415e-01
3.681598e-01
4.863857e-01
6.893676e-01
0
8.004417e-02
1.897062e-01
3.923918e-01
0
7.112543e-01
5.925371e-02
3.490026e-01
0
8.360550e-01
2.298443e-01
1.000000e+00
5.837982e-01
7.691915e-01
0
0
6.703787e-01
6.404057e-01
3.840024e-01
4.438183e-01
0
2.553700e-01
0
1.937528e-01
6.872371e-01
7.713497e-01
0
1.730749e-02
0
0
0
0
0
0
0
7.047931e-02
0
1.541604e-01
0
0
0
0
0
0
0
0
0
0
0
6.016671e-02
1.360898e-01
7.562516e-03
0
0
2.132050e-01
3.737133e-01
1.960373e-03
1.839318e-01
0
4.275432e-01
2.108771e-01
6.768549e-01
0
1.206226e-01
0
0
4.013296e-01
3.208036e-01
0
0
0
0
0
0
0
0
0
0
0
1.203247e-01
2.168372e-01
3.616348e-01
0
3.485317e-01
1.204662e-01
1.611953e-01
0
1.034763e-01
2.259480e-01
0
3.575282e-01
0
8.662877e-02
4.410944e-01
0
3.208718e-01
0
0
4.654631e-01
0
3.914894e-01
0
2.068458e-01
2.213878e-01
0
0
0
3.576682e-01
5.091134e-01
0
8.590926e-02
0
3.439531e-01
4.318544e-01
9.621676e-02
4.096646e-01
2.937326e-01
4.533318e-01
2.238870e-01
6.023422e-01
3.444161e-02
5.798798e-01
5.440571e-01
6.147546e-01
4.405590e-01
4.895953e-01
5.659796e-01
5.837982e-01
1
5.521035e-01
0
0
4.829979e-01
2.948396e-01
0
1.386237e-01
2.063590e-01
3.194303e-01
0
9.662726e-02
1.523019e-01
7.035395e-01
0
3.329130e-02
2.376030e-01
2.132124e-01
0
0
6.170589e-02
6.939094e-02
0
0
0
0
0
0
0
0
0
0
0
0
0
0
0
0
0
1.401617e-01
0
0
0
2.717443e-02
0
0
0
6.205574e-01
0
2.456547e-01
5.143494e-02
1.431621e-01
0
0
0
0
0
0
0
0
0
0
0
0
0
0
0
0
3.142568e-01
1.531532e-01
1.931153e-01
1.031751e-01
2.383488e-01
0
0
0
4.136612e-02
0
3.004396e-01
2.335124e-01
1.548407e-01
7.057637e-01
0
1.112095e-01
0
0
1.190014e-01
1.645592e-01
0
0
1.329528e-01
3.904030e-01
3.272215e-03
3.040023e-01
1.565625e-01
9.506667e-02
2.762376e-01
0
0
0
2.117950e-01
5.544486e-01
1.525694e-01
4.910397e-01
0
1.137066e-01
0
2.988299e-01
0
6.350477e-01
4.786609e-02
3.956410e-01
0
6.926772e-01
1.643626e-01
7.691915e-01
5.521035e-01
1
0
0
4.720496e-01
4.745152e-01
3.010028e-01
2.416430e-01
0
0
0
0
3.344082e-01
4.813346e-01
9.357972e-02
3.789282e-01
0
6.887669e-03
0
0
0
0
0
1.373906e-01
1.422295e-01
1.993459e-01
7.002520e-02
0
0
0
0
0
0
0
0
0
0
0
1.305771e-01
0
0
0
2.974036e-02
2.236413e-01
0
7.227714e-02
0
4.104933e-01
1.236514e-01
4.549156e-01
0
0
0
0
1.516705e-01
0
0
1.361662e-01
0
0
0
0
1.787186e-01
1.958840e-01
0
0
2.175120e-02
1.935518e-01
5.826173e-01
7.052106e-01
0
3.131151e-01
3.390111e-01
4.880891e-01
0
1.872883e-01
1.111873e-01
0
8.102594e-02
0
0
2.630508e-01
0
0
0
0
2.315965e-01
0
1.020151e-01
0
0
0
0
0
4.712682e-02
2.129580e-01
2.207107e-01
0
0
0
3.793110e-02
1.473878e-01
0
1.051527e-02
0
0
0
0
0
0
0
0
2.622302e-01
0
0
0
0
0
1
7.020802e-01
8.372561e-03
4.089056e-02
0
0
6.881064e-03
0
0
0
0
0
7.706548e-01
6.606197e-01
1.215327e-01
1.927974e-01
1.279116e-01
7.502414e-02
0
0
3.495366e-01
1.542238e-01
1.237792e-01
1.432341e-01
4.621415e-01
9.289687e-02
4.134132e-01
6.260949e-01
3.298181e-01
4.619539e-01
5.334468e-01
3.600165e-01
4.584795e-01
3.742103e-01
0
0
0
0
4.215856e-01
2.736951e-01
5.713035e-01
3.000160e-02
0
0
0
0
3.887986e-01
1.193281e-01
0
0
0
0
4.887032e-01
1.254817e-01
5.583548e-01
5.805915e-01
5.546737e-01
4.372484e-01
5.377801e-01
1.540146e-01
5.037394e-01
4.513375e-01
7.002886e-01
6.410121e-01
7.514008e-01
3.379449e-01
4.272840e-01
2.266165e-01
8.329278e-02
0
0
0
0
0
0
0
0
0
0
0
0
0
5.058414e-01
4.547698e-01
0
1.330425e-01
0
2.572715e-01
0
0
1.836005e-01
0
1.408138e-01
0
0
6.055003e-01
0
2.142077e-01
0
0
0
0
0
0
0
0
0
0
0
0
1.463154e-01
0
0
0
0
0
7.020802e-01
1
0
0
0
0
0
0
0
0
0
0
4.246151e-01
6.440242e-01
0
2.760348e-02
0
1.632106e-02
0
0
3.346635e-01
3.613131e-01
2.937640e-01
1.241228e-01
5.318694e-01
1.747310e-01
1.733072e-01
3.375650e-01
2.762057e-01
2.519893e-01
2.410532e-01
1.092778e-01
9.516846e-02
1.070941e-02
2.239639e-01
0
0
0
4.697743e-01
3.092599e-01
3.683252e-01
2.222311e-01
3.573885e-02
0
0
0
3.892793e-01
0
1.284873e-01
0
3.247185e-01
3.318782e-01
9.700419e-02
0
4.265304e-01
2.760554e-01
3.119880e-01
4.714602e-01
4.166639e-01
1.491109e-01
4.758706e-01
6.036923e-01
7.485468e-01
7.800524e-01
6.551091e-01
4.798119e-01
4.002869e-01
2.989592e-01
5.312668e-01
0
4.071317e-01
2.606977e-01
2.237568e-01
2.508280e-01
0
0
0
0
0
0
0
0
3.650133e-01
1.715107e-01
0
2.246777e-01
0
2.454511e-02
0
0
2.178562e-01
0
1.277375e-01
0
0
2.288863e-01
0
2.087609e-01
0
0
6.377232e-01
7.937839e-01
0
0
4.534023e-02
4.107005e-01
0
4.979817e-01
9.126956e-03
2.426107e-01
2.780057e-01
5.917310e-01
4.406806e-01
6.703787e-01
4.829979e-01
4.720496e-01
8.372561e-03
0
1
9.215801e-01
2.653242e-01
5.458909e-01
5.088217e-03
3.589910e-01
0
0
4.630616e-01
6.987130e-01
2.884346e-01
1.406125e-01
0
0
0
0
0
0
0
0
0
0
0
0
0
0
0
0
0
0
0
0
0
0
0
0
0
0
3.997850e-01
4.513174e-01
0
0
0
2.966140e-01
3.711866e-01
7.243554e-01
0
9.334924e-02
0
0
6.053775e-01
5.378886e-01
2.059303e-01
2.386098e-01
2.339002e-01
2.055429e-01
1.095635e-01
2.075603e-01
0
0
0
0
8.677575e-02
3.186277e-02
4.180225e-02
1.189668e-01
0
0
0
0
0
0
8.539779e-02
2.400355e-02
2.883597e-01
0
1.322859e-01
3.522443e-01
0
2.766385e-01
0
0
2.062067e-01
0
4.509954e-01
2.024769e-01
2.342189e-01
2.927862e-01
0
0
1.048406e-02
2.578135e-01
4.384998e-01
1.047907e-01
2.396562e-01
0
2.706495e-01
3.568190e-01
6.269365e-01
7.511852e-01
0
8.226663e-03
7.294697e-02
3.937286e-01
2.681080e-02
5.035500e-01
0
2.255845e-01
9.604794e-02
4.632846e-01
3.170115e-01
6.404057e-01
2.948396e-01
4.745152e-01
4.089056e-02
0
9.215801e-01
1.000000e+00
4.017520e-01
6.415964e-01
4.133293e-02
4.142583e-01
0
6.448702e-02
4.874379e-01
5.872753e-01
2.687089e-01
1.210779e-01
0
0
0
0
0
0
0
0
0
3.740092e-02
0
0
0
0
0
0
0
0
0
0
0
0
0
0
0
0
4.263771e-01
3.616038e-01
0
0
0
2.095798e-01
2.626967e-01
6.460875e-01
0
5.487840e-02
0
0
6.735157e-01
6.222230e-01
1.542995e-01
2.657016e-01
3.572841e-01
2.621025e-01
1.704676e-01
2.190898e-01
0
0
0
0
6.939358e-02
9.837904e-02
4.573996e-03
1.801468e-01
0
0
0
0
0
0
5.201241e-02
0
2.096476e-01
0
1.601305e-01
2.575488e-01
0
3.893488e-01
5.153907e-02
0
1.175176e-01
0
4.240984e-01
1.930038e-01
2.108333e-01
2.095979e-01
0
7.856728e-03
2.861740e-02
4.085666e-01
4.789626e-01
8.811255e-02
2.152055e-01
0
3.730721e-01
2.438177e-01
4.567705e-01
2.698807e-01
0
8.047845e-02
2.310984e-01
0
1.785764e-01
1.957607e-01
0
0
0
4.098959e-01
1.528256e-01
3.840024e-01
0
3.010028e-01
0
0
2.653242e-01
4.017520e-01
1.000000e+00
7.163286e-01
0
0
2.909770e-01
2.558177e-01
5.606993e-01
2.623571e-01
1.415055e-02
7.847138e-02
0
0
0
0
0
0
0
0
1.040331e-01
4.735291e-02
0
0
0
0
0
0
0
0
0
0
2.661863e-01
8.103309e-02
2.797316e-01
0
5.295180e-03
0
1.179330e-01
1.368313e-01
3.646047e-01
1.023543e-01
0
0
1.008202e-01
3.918612e-01
0
7.638881e-02
0
0
3.232476e-01
2.342306e-01
6.638485e-02
1.047777e-01
1.981753e-01
1.577538e-02
2.300693e-01
0
0
0
0
0
0
0
0
3.382691e-01
0
0
0
2.016316e-01
1.212694e-01
5.627061e-02
1.687418e-01
6.281880e-02
0
0
0
0
0
7.411072e-02
0
0
2.296182e-01
0
2.961485e-01
4.315786e-01
1.529667e-01
0
0
1.249256e-01
6.900395e-02
2.810538e-01
1.954741e-01
0
2.937891e-01
4.571189e-02
2.159837e-01
0
3.505751e-01
4.098706e-01
8.195773e-02
1.108152e-01
3.181154e-01
2.504163e-01
2.793124e-01
4.072492e-01
6.390386e-02
2.097545e-01
0
2.756942e-01
2.329490e-01
4.438183e-01
1.386237e-01
2.416430e-01
0
0
5.458909e-01
6.415964e-01
7.163286e-01
1
2.178683e-01
4.134073e-01
4.095970e-01
4.001408e-01
5.703248e-01
4.048644e-01
0
0
8.390760e-02
0
1.814443e-02
0
0
0
0
0
0
0
0
0
0
0
0
0
0
0
0
0
9.055833e-02
0
1.784666e-01
3.122400e-02
0
0
2.071192e-01
7.974571e-02
4.150881e-02
0
0
2.201462e-01
0
3.823599e-01
0
3.283692e-01
0
0
4.402229e-01
6.250191e-01
2.361771e-01
3.631182e-01
3.244230e-01
2.591401e-01
2.890452e-01
3.089136e-01
0
0
0
0
0
0
0
8.571219e-02
0
0
0
7.321727e-02
0
0
2.798760e-01
2.244597e-01
2.810335e-01
9.783389e-02
0
0
0
2.254168e-01
0
0
1.482143e-01
1.387117e-01
2.463705e-01
1.989982e-01
2.555389e-01
4.539239e-02
0
1.665148e-01
4.443204e-02
2.370910e-01
2.769534e-01
0
2.351142e-01
0
2.995499e-01
3.970474e-02
0
5.997585e-02
6.359077e-01
3.609390e-01
2.526471e-01
5.021042e-01
3.264554e-01
1.411689e-01
4.623285e-01
4.778700e-01
1.624445e-01
0
0
0
2.063590e-01
0
6.881064e-03
0
5.088217e-03
4.133293e-02
0
2.178683e-01
1.000000e+00
7.445705e-01
3.226512e-01
1.474794e-01
0
0
0
0
5.722159e-01
0
1.225438e-01
0
2.898730e-01
2.512041e-01
3.080727e-01
0
0
0
3.122990e-01
3.891376e-01
0
0
0
0
0
0
0
0
0
0
0
0
0
0
6.406169e-02
0
0
0
0
1.964492e-01
0
0
5.694091e-01
1.360540e-01
0
0
0
1.295973e-01
1.952921e-01
3.718779e-01
3.126633e-01
4.240137e-01
1.432329e-01
4.098810e-01
1.535385e-01
6.671103e-03
2.549663e-01
8.467563e-02
6.295135e-02
1.439219e-01
0
0
3.620480e-01
1.328106e-02
0
0
0
0
0
1.587370e-01
3.621014e-01
3.659371e-01
1.689485e-02
7.431972e-02
0
1.600581e-01
0
0
0
3.691152e-01
0
0
0
2.301423e-01
4.759967e-02
8.105663e-03
3.924888e-01
0
0
0
0
2.441783e-02
1.318759e-01
0
3.155189e-03
2.749082e-01
4.143904e-01
3.987174e-01
3.660665e-01
6.899427e-01
2.601378e-01
4.246934e-01
5.385379e-01
5.371761e-01
2.229503e-01
0
1.768435e-01
2.553700e-01
3.194303e-01
0
0
0
3.589910e-01
4.142583e-01
0
4.134073e-01
7.445705e-01
1
3.324184e-01
4.015082e-01
1.406351e-01
3.007509e-01
0
0
4.034919e-01
0
1.850815e-01
0
7.478721e-02
5.049826e-02
1.093482e-03
0
0
0
1.072895e-02
3.959660e-01
0
0
0
0
0
0
0
0
0
0
0
0
0
0
9.448879e-02
0
0
0
0
3.533862e-01
0
1.643283e-01
3.719514e-01
1.369629e-01
0
0
2.945444e-01
4.618394e-01
0
1.784397e-01
9.094814e-02
3.240436e-01
0
2.804652e-01
0
0
0
0
5.473684e-02
1.390598e-01
0
0
2.178874e-01
0
0
0
0
0
4.023172e-02
1.724362e-01
5.098907e-01
3.147563e-01
3.160714e-01
4.371612e-01
0
4.666179e-01
0
0
0
2.436527e-01
0
0
1.208368e-01
3.617115e-01
1.990388e-01
1.966277e-01
3.347855e-01
2.066875e-01
3.260679e-01
0
0
0
3.046116e-01
2.589360e-01
0
0
3.802950e-01
4.103026e-01
7.316717e-01
0
3.250851e-01
6.839589e-02
1.823712e-01
1.789394e-01
0
0
0
0
0
0
0
0
0
0
2.909770e-01
4.095970e-01
3.226512e-01
3.324184e-01
1
7.041152e-01
3.485545e-01
0
0
0
2.075965e-01
0
1.732876e-02
0
3.692282e-01
2.596483e-01
1.615880e-01
0
2.300450e-01
8.848340e-02
9.337600e-02
3.213300e-01
0
0
0
0
0
0
0
0
2.616915e-01
3.369534e-01
3.033311e-01
4.539322e-01
0
0
0
0
1.658535e-01
2.752526e-02
0
2.103940e-01
0
0
4.635641e-01
5.510261e-01
2.585650e-01
2.258144e-01
0
7.238971e-02
0
0
6.992832e-02
1.786325e-01
7.530173e-03
1.596286e-01
0
0
0
0
0
0
0
9.449929e-03
5.795996e-02
2.245682e-01
0
3.236408e-01
3.161111e-01
1.663781e-01
1.061527e-01
2.012531e-01
0
4.568616e-02
0
0
0
1.514059e-01
0
0
0
2.225501e-01
0
0
1.062273e-01
7.930216e-03
2.664243e-03
3.447676e-01
6.185099e-02
1.721981e-01
0
0
0
0
2.821270e-01
2.397534e-02
5.907818e-03
0
2.617934e-01
2.027528e-01
6.094825e-01
1.318995e-01
1.491855e-01
1.367174e-01
2.137121e-01
1.513894e-01
0
0
1.367340e-01
1.937528e-01
9.662726e-02
0
0
0
0
6.448702e-02
2.558177e-01
4.001408e-01
1.474794e-01
4.015082e-01
7.041152e-01
1
4.033188e-01
3.244416e-01
0
0
2.793243e-01
5.169795e-02
2.691967e-01
2.018591e-01
1.828080e-01
2.508821e-01
0
0
0
2.316234e-01
0
2.727702e-01
0
0
0
0
0
0
0
9.328490e-02
5.254333e-02
2.712705e-01
4.178107e-02
2.239572e-01
0
0
0
0
0
0
0
1.566719e-01
0
8.523054e-02
1.107250e-01
2.024344e-01
0
9.736452e-02
0
1.910184e-01
0
0
0
0
0
0
0
0
0
0
0
0
0
0
0
2.861246e-02
0
2.394142e-02
0
0
0
3.974664e-02
4.886826e-02
4.491330e-02
0
9.193814e-02
0
4.027166e-01
0
0
0
1.092031e-01
0
0
1.147593e-01
2.269234e-02
1.648944e-01
3.942678e-01
0
9.876476e-02
7.069810e-02
0
0
0
3.160187e-01
2.859023e-01
5.540082e-01
6.276880e-01
0
0
5.330055e-01
4.808667e-02
0
2.872928e-01
0
0
0
6.683769e-01
0
6.872371e-01
1.523019e-01
3.344082e-01
0
0
4.630616e-01
4.874379e-01
5.606993e-01
5.703248e-01
0
1.406351e-01
3.485545e-01
4.033188e-01
1
6.537826e-01
0
0
0
0
0
0
0
0
0
0
0
1.394835e-01
0
0
0
0
0
0
0
0
0
0
3.312578e-01
4.188694e-01
5.662780e-01
3.153891e-01
0
0
4.254927e-01
6.175640e-01
4.543861e-01
4.064836e-01
0
1.996019e-01
2.541594e-01
5.333091e-01
0
4.993947e-01
0
0
3.484296e-01
3.997376e-01
0
9.300583e-03
1.294968e-02
7.244432e-03
1.274056e-02
4.165181e-02
0
0
0
0
0
6.052854e-02
0
2.627676e-01
0
4.244720e-01
1.795138e-01
2.846862e-01
4.274786e-01
3.984300e-01
1.573953e-01
0
8.767875e-02
0
0
7.908612e-02
0
3.960382e-01
0
0
6.014096e-01
0
4.915625e-01
7.242355e-02
5.337449e-01
1.811936e-01
0
6.672949e-02
0
5.617204e-01
5.409723e-01
0
1.814006e-01
0
4.707404e-01
3.003633e-01
3.959543e-01
5.886996e-01
0
1.500250e-01
3.795380e-01
4.769322e-01
0
5.543966e-01
1.291643e-01
2.750046e-01
2.183374e-01
7.448633e-01
3.718905e-01
7.713497e-01
7.035395e-01
4.813346e-01
0
0
6.987130e-01
5.872753e-01
2.623571e-01
4.048644e-01
0
3.007509e-01
0
3.244416e-01
6.537826e-01
1
0
1.219259e-02
0
0
0
0
0
0
0
0
0
0
0
0
0
0
0
0
0
0
0
0
0
2.662775e-02
8.964943e-02
1.311623e-01
0
0
7.869266e-02
3.676280e-01
0
1.557671e-01
0
4.601274e-01
2.698890e-01
6.527358e-01
0
2.747191e-01
0
0
2.883359e-01
2.769060e-01
0
0
0
0
0
0
0
0
0
0
0
3.929459e-03
5.839479e-02
2.318772e-01
0
2.011306e-01
2.347301e-01
8.538168e-04
3.063373e-02
1.586294e-03
6.513827e-02
0
2.887100e-01
0
1.734501e-01
6.116254e-01
0
3.545816e-01
0
0
3.966108e-01
0
3.967652e-01
3.040844e-02
4.116389e-01
4.092403e-01
8.876164e-02
2.930722e-01
0
4.004062e-01
5.859397e-01
0
1.689277e-04
0
3.789947e-01
6.458433e-01
7.463539e-02
2.418300e-01
0
0
0
5.804027e-02
0
0
0
0
3.863699e-01
6.416461e-02
4.090156e-02
0
0
9.357972e-02
7.706548e-01
4.246151e-01
2.884346e-01
2.687089e-01
1.415055e-02
0
0
0
0
0
0
0
1
7.088363e-01
1.201491e-01
4.049292e-01
3.546177e-01
3.354268e-01
0
0
1.290767e-01
0
0
0
2.325266e-01
0
4.611880e-01
5.881686e-01
3.548611e-01
4.118832e-01
5.831408e-01
3.535941e-01
4.714021e-01
1.839839e-01
0
0
0
0
3.143126e-01
1.227558e-01
3.250184e-01
5.200548e-02
0
0
0
0
5.482482e-01
2.584996e-01
0
0
0
0
3.923007e-01
0
5.231195e-01
4.826516e-01
4.433433e-01
2.484186e-01
4.594757e-01
1.158653e-01
4.504681e-01
3.023695e-01
3.421791e-01
3.599888e-01
6.630847e-01
1.977144e-01
3.518314e-01
1.644772e-01
0
0
0
0
0
0
0
0
0
0
0
0
7.810270e-02
0
5.975768e-01
3.329733e-01
0
0
0
2.319096e-01
0
0
0
0
9.717793e-02
0
0
7.034767e-01
5.988271e-02
2.538979e-01
0
0
0
2.162724e-01
0
0
0
0
0
0
0
0
2.558090e-01
3.597651e-01
0
1.730749e-02
3.329130e-02
3.789282e-01
6.606197e-01
6.440242e-01
1.406125e-01
1.210779e-01
7.847138e-02
0
0
0
0
0
0
1.219259e-02
7.088363e-01
1
0
3.020977e-01
0
1.089369e-01
0
0
1.089591e-01
2.218991e-01
2.880149e-01
1.718113e-01
3.805383e-01
0
9.222184e-02
2.454782e-01
8.971737e-02
1.472900e-01
1.817349e-01
0
1.661374e-01
0
0
0
0
0
3.691198e-01
1.298399e-01
3.276419e-01
2.807445e-01
0
0
0
0
5.805887e-01
3.834595e-01
0
0
0
0
2.474003e-01
0
3.402271e-01
2.738105e-01
3.130307e-01
2.214142e-01
2.321099e-01
0
4.245631e-01
5.171124e-01
3.468933e-01
4.182911e-01
6.961496e-01
4.551738e-01
7.408766e-01
7.011191e-01
2.317499e-01
0
5.111375e-01
3.214783e-01
0
1.024287e-01
0
0
0
0
0
0
0
0
3.377987e-01
0
0
0
0
5.857695e-02
0
0
0
0
1.789746e-01
0
0
3.265159e-01
0
1.628632e-02
0
0
0
0
7.338183e-01
4.173714e-01
2.964391e-02
3.307041e-01
5.176181e-01
8.870639e-02
6.552001e-01
4.409306e-01
3.840825e-01
0
2.703039e-01
0
2.376030e-01
0
1.215327e-01
0
0
0
0
8.390760e-02
5.722159e-01
4.034919e-01
2.075965e-01
2.793243e-01
0
0
1.201491e-01
0
1
6.323272e-01
4.795154e-01
2.177927e-01
4.397917e-01
5.534952e-01
4.056698e-01
0
1.615869e-01
0
1.967218e-01
1.337931e-01
3.164687e-01
2.583147e-01
4.259166e-01
2.521222e-01
1.668162e-01
9.741944e-02
0
2.689989e-02
0
0
0
0
0
0
0
0
0
0
0
8.438745e-02
0
0
3.922965e-01
0
1.333049e-01
6.291632e-04
0
0
0
1.369697e-01
0
0
0
0
3.402862e-01
0
1.642256e-01
3.298104e-01
3.950821e-02
0
1.364084e-01
0
2.269664e-01
0
0
0
0
0
0
3.073575e-01
1.618998e-01
4.402703e-01
2.047215e-02
3.278889e-02
7.665525e-02
0
0
1.035092e-03
0
4.241963e-01
0
0
0
0
0
1.732517e-01
3.848605e-01
0
0
2.260011e-02
0
0
0
0
0
0
2.513633e-01
3.263765e-01
0
1.449969e-01
2.535739e-01
2.271699e-02
4.716320e-01
1.653223e-01
2.820762e-01
0
4.252202e-01
0
2.132124e-01
6.887669e-03
1.927974e-01
2.760348e-02
0
0
0
0
0
0
0
5.169795e-02
0
0
4.049292e-01
3.020977e-01
6.323272e-01
1
6.023304e-01
6.417659e-01
3.166372e-01
4.679293e-01
1.207845e-01
0
3.270666e-01
0
0
0
5.153101e-01
4.051963e-01
6.306750e-01
5.376161e-01
3.274609e-01
2.737934e-01
2.406963e-01
2.287615e-01
0
0
0
0
0
0
0
0
0
0
1.079892e-01
6.349319e-02
0
0
6.128318e-02
0
1.566216e-01
1.724137e-01
0
0
0
0
0
0
0
0
2.961891e-01
9.869370e-03
0
2.690890e-01
1.040458e-01
0
3.123291e-01
5.128335e-02
1.687621e-02
0
3.334348e-02
0
0
0
0
0
0
1.081012e-01
0
1.216501e-01
1.195576e-01
0
0
4.002575e-02
0
8.605005e-02
0
0
0
0
0
6.238282e-02
1.172871e-01
0
0
2.215595e-01
0
0
0
0
0
0
1.601291e-01
1.866790e-01
4.181887e-02
2.603538e-01
3.170054e-01
0
3.757358e-01
1.382899e-01
1.466575e-01
0
1.874576e-01
0
0
0
1.279116e-01
0
0
0
0
1.814443e-02
1.225438e-01
1.850815e-01
1.732876e-02
2.691967e-01
0
0
3.546177e-01
0
4.795154e-01
6.023304e-01
1
8.632117e-01
2.651844e-01
4.580217e-01
1.800087e-01
0
8.678463e-02
0
4.366764e-02
0
5.651365e-01
4.946041e-01
6.624442e-01
5.102765e-01
5.451601e-01
4.536136e-01
4.276778e-01
2.968496e-01
0
0
0
0
1.327198e-01
0
0
0
0
0
0
0
0
0
1.364617e-01
0
2.718993e-01
1.468119e-01
0
0
0
0
0
0
8.096656e-02
5.552140e-02
6.883956e-02
0
0
2.093543e-01
9.391049e-02
0
0
0
0
0
0
0
0
0
0
1.019581e-01
0
9.726283e-02
1.573413e-01
0
5.407049e-01
0
2.430722e-01
4.470558e-01
0
0
0
0
0
0
0
0
4.389019e-03
0
0
2.680902e-01
0
5.077537e-02
0
0
0
0
0
9.096210e-02
1.020724e-02
0
1.228281e-01
0
1.403351e-01
0
1.315915e-01
0
1.735145e-01
0
0
0
7.502414e-02
1.632106e-02
0
0
0
0
0
0
0
2.018591e-01
0
0
3.354268e-01
1.089369e-01
2.177927e-01
6.417659e-01
8.632117e-01
1.000000e+00
2.484864e-01
4.564621e-01
3.931389e-02
0
1.570352e-01
9.675253e-03
0
0
5.530728e-01
4.732241e-01
6.361496e-01
5.442410e-01
4.750140e-01
4.644854e-01
4.942065e-01
2.898439e-01
0
0
0
0
2.518583e-01
1.581605e-01
0
0
0
0
2.259631e-01
0
9.027551e-02
0
1.646121e-03
0
2.882501e-01
3.455507e-01
0
0
0
0
0
0
0
0
7.248874e-03
0
0
2.040545e-01
6.409662e-02
0
0
0
0
0
0
0
0
0
0
0
0
0
7.643601e-02
0
4.775428e-01
0
2.693268e-01
4.403590e-01
0
0
0
5.120659e-02
0
0
0
0
0
0
0
2.598047e-01
0
1.317503e-01
0
0
0
0
5.868986e-01
5.827235e-01
3.639644e-01
1.768234e-01
2.852864e-01
0
5.597138e-01
3.335612e-01
6.740489e-03
0
3.817021e-02
0
6.170589e-02
0
0
0
0
0
0
0
2.898730e-01
7.478721e-02
3.692282e-01
1.828080e-01
0
0
0
0
4.397917e-01
3.166372e-01
2.651844e-01
2.484864e-01
1
9.022272e-01
1.836567e-01
0
2.089660e-01
0
0
1.379409e-01
4.369243e-02
0
3.288964e-01
4.611318e-02
0
0
0
0
0
1.243170e-02
0
3.755133e-01
0
0
0
0
0
1.650755e-03
2.961988e-01
1.626282e-01
0
0
8.037600e-01
2.484771e-01
5.866948e-01
5.604167e-01
0
0
0
0
0
0
0
0
0
0
8.023593e-02
2.066041e-01
0
0
0
0
4.496599e-01
9.334319e-02
4.843285e-02
0
1.243705e-01
2.560562e-02
8.625083e-02
1.993712e-01
7.880420e-02
3.243052e-01
1.611497e-01
1.896330e-01
2.028476e-01
0
0
0
0
2.846914e-01
0
0
0
1.796786e-01
0
4.247915e-01
0
0
0
0
0
0
3.263616e-02
1.540848e-01
0
0
5.546813e-01
4.940440e-01
2.280659e-01
2.051397e-01
2.881115e-01
0
5.498077e-01
3.428710e-01
5.091997e-02
0
5.912263e-02
0
6.939094e-02
0
0
0
0
0
0
0
2.512041e-01
5.049826e-02
2.596483e-01
2.508821e-01
0
0
0
0
5.534952e-01
4.679293e-01
4.580217e-01
4.564621e-01
9.022272e-01
1
2.470814e-01
0
2.917764e-01
0
0
1.956183e-01
2.935320e-01
7.352907e-02
5.295334e-01
2.536018e-01
5.907178e-02
1.560426e-01
0
0
0
0
0
2.835060e-01
0
0
0
0
0
0
1.794900e-01
1.927685e-01
0
0
6.640418e-01
2.408808e-02
4.137991e-01
4.522362e-01
0
0
0
0
0
0
0
0
1.168749e-01
0
3.211107e-03
2.364149e-01
0
0
0
0
2.812352e-01
0
0
0
0
0
0
1.536291e-01
5.324773e-02
2.097893e-01
1.827466e-01
1.042533e-01
3.309664e-01
0
0
0
0
1.483115e-01
0
0
0
0
0
2.724616e-01
5.968136e-02
0
0
0
0
0
0
2.480090e-02
0
0
4.109374e-01
0
0
0
3.065194e-01
0
0
7.469326e-02
2.775206e-01
0
0
0
0
0
3.495366e-01
3.346635e-01
0
0
0
0
3.080727e-01
1.093482e-03
1.615880e-01
0
0
0
1.290767e-01
1.089591e-01
4.056698e-01
1.207845e-01
1.800087e-01
3.931389e-02
1.836567e-01
2.470814e-01
1.000000e+00
2.862916e-01
4.833819e-01
2.771845e-01
7.446851e-01
3.229663e-01
2.386683e-01
3.433944e-01
3.212851e-01
2.009205e-01
2.428062e-01
1.638267e-01
1.571201e-01
1.294049e-01
8.345378e-02
0
0
0
4.214973e-01
2.297297e-01
0
0
0
0
0
0
0
0
2.822941e-01
0
2.745050e-01
1.219247e-01
0
0
2.836756e-01
1.868346e-01
4.056354e-01
3.043850e-01
2.812626e-01
1.100735e-01
4.900791e-01
3.259736e-01
6.393845e-01
3.804583e-01
5.460683e-02
0
2.806106e-01
2.838739e-02
1.438841e-01
0
0
7.281718e-02
0
0
0
3.233608e-01
0
3.025628e-01
0
0
2.139380e-01
0
1.685061e-01
3.249200e-01
0
4.666525e-01
0
0
0
0
9.546113e-02
0
2.240536e-01
0
0
1.294259e-01
3.222951e-02
2.312071e-02
0
0
4.536197e-03
0
0
0
0
0
0
0
0
0
2.088153e-02
1.816216e-01
0
7.047931e-02
0
1.373906e-01
1.542238e-01
3.613131e-01
0
0
0
0
0
0
0
0
0
0
0
2.218991e-01
0
0
0
0
0
0
2.862916e-01
1
3.081590e-01
4.497174e-01
4.132652e-01
0
0
4.392610e-02
0
3.433154e-02
6.005503e-02
4.351377e-02
1.363223e-01
1.602679e-01
1.752724e-01
2.451222e-01
0
1.177251e-02
4.262249e-01
3.364088e-01
2.128798e-01
1.834540e-01
1.478621e-01
1.510321e-01
0
0
1.680586e-01
2.197327e-01
0
0
0
8.933740e-02
1.907775e-01
5.656750e-02
0
0
0
2.501127e-02
0
0
1.441278e-01
2.480185e-01
3.050300e-01
2.564537e-01
2.702577e-01
3.267593e-01
3.953702e-01
2.552777e-01
0
2.699415e-01
2.235388e-01
1.199917e-01
1.461242e-01
2.953312e-01
3.484723e-03
0
7.928860e-02
0
0
0
0
0
2.988006e-01
7.837056e-02
2.344704e-01
0
1.429360e-01
8.891264e-02
0
6.277145e-02
2.971709e-01
0
0
0
0
2.972764e-01
0
0
0
0
0
0
0
6.364928e-02
0
0
1.079951e-01
0
0
0
0
0
0
0
0
1.422295e-01
1.237792e-01
2.937640e-01
0
0
1.040331e-01
0
0
0
2.300450e-01
0
0
0
0
2.880149e-01
1.615869e-01
3.270666e-01
8.678463e-02
1.570352e-01
2.089660e-01
2.917764e-01
4.833819e-01
3.081590e-01
1
5.713237e-01
6.447453e-01
3.985298e-02
1.367349e-01
1.600778e-01
2.029752e-01
1.688769e-01
4.202393e-02
1.228915e-01
8.441830e-02
1.568905e-01
1.143076e-01
5.116126e-02
0
1.587047e-02
4.659466e-01
4.196562e-01
0
0
4.663169e-02
6.428719e-02
0
0
0
0
5.819582e-03
0
2.308799e-01
3.191136e-01
0
0
0
2.769437e-02
5.577132e-02
0
1.474209e-01
0
6.083802e-01
5.153625e-01
1.568655e-01
1.469273e-01
0
0
5.138710e-01
4.235579e-01
0
0
2.159466e-01
4.238664e-01
9.634485e-02
1.830311e-01
0
1.161370e-02
0
0
0
0
2.174871e-01
0
1.214829e-01
0
0
0
0
0
0
0
0
0
1.813563e-01
0
0
0
0
0
0
0
2.099466e-01
1.212517e-01
0
0
0
0
0
0
0
0
0
1.546219e-01
0
1.541604e-01
0
1.993459e-01
1.432341e-01
1.241228e-01
0
3.740092e-02
4.735291e-02
0
0
0
8.848340e-02
2.316234e-01
1.394835e-01
0
0
1.718113e-01
0
0
0
9.675253e-03
0
0
2.771845e-01
4.497174e-01
5.713237e-01
1
5.295544e-01
3.839852e-01
0
2.968665e-03
0
0
0
1.664941e-02
1.344483e-01
1.460921e-01
1.419015e-01
2.333267e-01
7.093522e-02
4.250445e-03
3.802565e-01
3.705112e-01
2.558264e-01
2.162441e-01
2.465937e-01
1.691878e-01
0
0
0
1.290481e-01
0
0
0
0
1.458863e-01
0
0
0
7.029475e-02
8.789894e-03
6.963007e-02
0
2.223066e-01
1.839655e-01
5.613708e-02
4.878489e-02
1.144080e-01
1.622693e-02
4.535329e-01
3.454738e-01
0
0
8.306739e-02
3.209267e-01
8.053553e-02
1.786359e-01
0
0
0
0
0
0
0
0
1.979323e-01
9.508528e-02
1.505269e-01
0
5.514775e-02
0
0
0
3.862027e-01
0
2.735559e-01
8.160746e-02
0
0
0
0
0
0
0
0
4.757475e-03
0
0
0
2.218017e-02
0
0
0
2.140870e-02
0
0
0
0
7.002520e-02
4.621415e-01
5.318694e-01
0
0
0
0
3.122990e-01
1.072895e-02
9.337600e-02
0
0
0
2.325266e-01
3.805383e-01
1.967218e-01
0
4.366764e-02
0
0
0
7.446851e-01
4.132652e-01
6.447453e-01
5.295544e-01
1
3.486274e-01
9.638623e-02
2.757255e-01
1.398196e-01
7.412528e-02
2.144094e-01
8.947657e-02
9.022913e-02
6.609198e-02
6.212820e-02
0
0
0
5.003494e-01
3.179919e-01
2.314823e-01
0
0
0
0
0
0
0
7.060223e-02
0
4.015911e-02
0
9.731793e-02
0
3.315147e-01
4.170159e-01
5.449439e-01
5.180649e-01
4.832989e-01
2.220214e-01
6.572414e-01
5.577121e-01
5.535145e-01
3.511295e-01
3.068259e-01
1.666428e-01
5.381526e-01
2.946888e-01
1.391651e-01
0
0
3.566847e-01
0
7.958996e-02
0
9.739677e-04
0
0
0
0
9.445504e-02
0
3.710705e-01
1.368629e-01
0
4.534112e-02
0
0
0
0
1.751424e-01
0
3.787200e-01
0
0
6.402640e-02
0
0
0
0
0
0
3.075270e-01
3.921660e-02
1.092945e-01
0
5.222211e-02
0
6.343702e-02
0
1.593058e-02
0
0
0
0
0
9.289687e-02
1.747310e-01
0
0
0
0
3.891376e-01
3.959660e-01
3.213300e-01
2.727702e-01
0
0
0
0
1.337931e-01
0
0
0
1.379409e-01
1.956183e-01
3.229663e-01
0
3.985298e-02
3.839852e-01
3.486274e-01
1.000000e+00
0
0
0
0
0
0
0
0
5.524241e-02
1.422602e-01
8.015115e-02
1.294118e-01
8.031377e-03
0
1.643652e-01
0
2.672368e-02
0
0
0
0
0
4.215757e-01
2.466222e-02
8.238285e-02
1.130465e-02
4.768167e-02
1.342481e-01
0
7.693209e-02
2.211873e-01
4.433057e-01
9.725186e-02
2.296331e-01
0
0
3.385606e-01
1.956395e-01
5.109844e-02
1.709033e-01
9.849584e-03
0
3.159131e-01
0
0
2.850311e-01
0
0
0
0
0
0
1.064567e-01
8.520423e-02
4.013420e-02
2.576989e-01
0
9.328875e-02
0
2.065134e-01
0
0
7.106906e-02
1.615414e-01
5.625277e-01
1.671862e-01
5.132757e-01
2.515894e-01
1.575059e-01
0
0
4.626666e-02
2.220148e-01
8.572287e-02
0
0
0
0
0
0
1.308025e-02
0
0
0
0
0
0
0
0
0
4.134132e-01
1.733072e-01
0
0
0
0
0
0
0
0
0
0
4.611880e-01
9.222184e-02
3.164687e-01
5.153101e-01
5.651365e-01
5.530728e-01
4.369243e-02
2.935320e-01
2.386683e-01
0
1.367349e-01
0
9.638623e-02
0
1
9.372359e-01
9.027761e-01
9.590499e-01
9.260827e-01
9.431133e-01
8.490267e-01
7.814016e-01
0
0
0
0
4.642615e-01
4.914989e-01
0
0
0
0
0
0
0
0
0
0
1.491640e-01
1.683196e-01
0
0
0
1.538333e-01
4.285875e-03
0
8.366835e-02
0
4.508947e-01
2.703960e-01
2.429152e-01
4.064135e-01
2.777797e-01
0
1.103400e-02
0
0
0
0
0
0
0
0
0
0
4.057032e-02
0
0
5.128835e-01
0
5.341450e-01
6.720187e-01
0
0
0
2.307987e-02
0
0
0
0
0
0
0
5.762901e-01
0
2.564954e-01
0
0
0
0
0
0
0
0
0
0
0
0
0
0
0
0
0
0
6.260949e-01
3.375650e-01
0
0
0
0
0
0
0
0
0
0
5.881686e-01
2.454782e-01
2.583147e-01
4.051963e-01
4.946041e-01
4.732241e-01
0
7.352907e-02
3.433944e-01
4.392610e-02
1.600778e-01
2.968665e-03
2.757255e-01
0
9.372359e-01
1
7.944881e-01
9.082580e-01
9.512822e-01
9.047671e-01
8.785579e-01
7.641420e-01
0
0
0
0
5.968964e-01
5.854852e-01
6.730854e-02
0
0
0
0
0
1.469639e-01
0
0
0
1.357409e-01
1.348990e-01
1.233006e-01
0
1.292976e-01
2.855375e-01
2.608861e-01
2.767672e-02
2.876616e-01
9.928870e-02
5.255914e-01
3.940184e-01
4.277856e-01
4.837582e-01
4.361391e-01
3.204558e-02
7.957432e-02
0
0
0
0
0
0
0
0
0
0
0
0
0
4.410017e-01
0
6.655292e-01
7.459545e-01
0
0
0
8.928837e-02
0
0
0
0
0
0
0
6.693609e-01
4.140441e-02
3.626734e-01
0
0
0
0
8.881549e-02
0
0
4.560187e-02
4.759524e-02
0
1.637595e-01
0
5.984989e-02
0
0
0
0
0
3.298181e-01
2.762057e-01
0
0
0
0
0
0
0
0
0
0
3.548611e-01
8.971737e-02
4.259166e-01
6.306750e-01
6.624442e-01
6.361496e-01
3.288964e-01
5.295334e-01
3.212851e-01
0
2.029752e-01
0
1.398196e-01
0
9.027761e-01
7.944881e-01
1
9.184001e-01
7.845619e-01
7.687889e-01
6.392621e-01
6.447463e-01
0
0
0
0
2.894950e-01
2.447617e-01
0
0
0
0
1.020423e-02
0
0
0
1.493433e-01
0
3.549253e-01
3.763555e-01
0
0
0
6.500727e-02
0
0
0
0
3.567345e-01
1.906591e-01
2.792662e-01
5.398629e-01
2.317910e-01
0
3.441566e-02
0
0
0
0
0
0
0
0
0
0
5.656813e-02
0
0
4.231776e-01
0
3.519496e-01
5.626975e-01
0
0
0
0
0
0
0
0
0
0
0
3.933298e-01
0
5.401030e-02
0
0
0
0
0
0
0
0
0
0
0
0
0
0
0
0
0
0
4.619539e-01
2.519893e-01
0
0
0
0
0
0
0
0
0
0
4.118832e-01
1.472900e-01
2.521222e-01
5.376161e-01
5.102765e-01
5.442410e-01
4.611318e-02
2.536018e-01
2.009205e-01
3.433154e-02
1.688769e-01
0
7.412528e-02
0
9.590499e-01
9.082580e-01
9.184001e-01
1
8.713553e-01
8.948222e-01
8.334263e-01
8.489389e-01
0
0
0
0
4.073214e-01
4.317615e-01
0
0
0
0
0
0
1.666278e-02
0
0
0
2.241319e-01
3.162941e-01
0
0
0
1.251052e-01
0
0
4.309004e-02
0
3.593252e-01
2.461983e-01
2.692759e-01
4.865907e-01
3.052751e-01
0
5.726057e-02
0
0
0
0
0
0
0
0
0
0
0
0
0
3.761538e-01
0
4.651044e-01
6.693064e-01
0
0
0
9.787646e-02
0
0
4.128937e-02
0
0
0
0
5.451872e-01
0
1.428536e-01
0
0
0
0
0
0
0
0
0
0
0
0
0
0
0
0
0
0
5.334468e-01
2.410532e-01
0
0
0
0
0
0
0
0
0
0
5.831408e-01
1.817349e-01
1.668162e-01
3.274609e-01
5.451601e-01
4.750140e-01
0
5.907178e-02
2.428062e-01
6.005503e-02
4.202393e-02
0
2.144094e-01
0
9.260827e-01
9.512822e-01
7.845619e-01
8.713553e-01
1.000000e+00
9.244160e-01
8.789227e-01
7.451888e-01
0
0
0
0
5.615456e-01
5.063219e-01
4.763475e-02
0
0
0
0
0
1.557965e-01
0
0
0
1.007436e-01
3.186152e-02
1.947018e-01
0
6.963760e-02
2.450316e-01
2.345304e-01
5.101881e-02
2.409409e-01
1.667481e-01
4.084610e-01
2.542064e-01
3.486419e-01
3.885132e-01
4.476072e-01
1.566682e-01
1.036521e-02
0
0
0
0
0
0
0
0
0
0
7.464379e-03
0
0
5.585690e-01
0
7.584849e-01
7.323884e-01
0
0
1.393783e-02
5.783529e-02
0
0
0
0
0
0
0
6.885018e-01
1.945416e-02
3.844618e-01
0
0
0
0
0
0
0
0
0
0
0
0
0
0
0
0
0
0
3.600165e-01
1.092778e-01
0
0
0
0
0
0
0
0
0
0
3.535941e-01
0
9.741944e-02
2.737934e-01
4.536136e-01
4.644854e-01
0
1.560426e-01
1.638267e-01
4.351377e-02
1.228915e-01
1.664941e-02
8.947657e-02
0
9.431133e-01
9.047671e-01
7.687889e-01
8.948222e-01
9.244160e-01
1
9.089362e-01
8.440531e-01
4.372943e-02
1.423567e-02
0
0
5.776879e-01
6.482910e-01
0
0
0
0
0
0
5.655196e-03
0
0
0
1.136948e-01
1.521212e-01
4.344168e-02
0
0
1.410063e-01
5.228427e-02
0
1.605166e-01
5.032210e-02
3.779770e-01
2.452233e-01
2.016610e-01
2.768168e-01
2.235478e-01
0
0
0
0
0
0
0
0
0
0
0
0
0
3.782603e-04
0
6.110978e-01
0
6.553446e-01
7.673890e-01
0
0
1.472414e-01
9.714587e-02
0
0
0
0
0
0
0
5.687822e-01
9.935315e-02
3.960152e-01
0
0
0
0
0
0
0
0
0
0
0
0
0
0
0
0
0
0
4.584795e-01
9.516846e-02
0
0
0
0
0
0
0
0
0
0
4.714021e-01
1.661374e-01
0
2.406963e-01
4.276778e-01
4.942065e-01
0
0
1.571201e-01
1.363223e-01
8.441830e-02
1.344483e-01
9.022913e-02
0
8.490267e-01
8.785579e-01
6.392621e-01
8.334263e-01
8.789227e-01
9.089362e-01
1
8.586990e-01
1.289274e-01
2.462807e-02
0
0
6.445037e-01
6.244774e-01
8.948875e-02
0
0
0
0
0
2.026511e-01
3.622783e-03
0
0
0
3.060971e-02
2.616740e-01
6.289573e-02
0
1.351762e-01
1.748854e-01
0
1.981585e-01
1.922490e-02
2.838771e-01
2.505352e-01
1.494635e-01
2.067102e-01
2.886705e-01
0
0
0
0
0
0
0
0
0
0
0
0
0
0
0
4.768703e-01
0
6.674184e-01
7.685415e-01
0
0
2.876803e-01
2.731638e-01
0
0
0
0
0
0
0
6.431045e-01
2.070516e-01
3.140067e-01
0
0
0
0
0
0
0
0
0
0
0
0
0
0
0
0
0
0
3.742103e-01
1.070941e-02
0
0
0
0
0
0
0
9.328490e-02
0
0
1.839839e-01
0
2.689989e-02
2.287615e-01
2.968496e-01
2.898439e-01
0
0
1.294049e-01
1.602679e-01
1.568905e-01
1.460921e-01
6.609198e-02
0
7.814016e-01
7.641420e-01
6.447463e-01
8.489389e-01
7.451888e-01
8.440531e-01
8.586990e-01
1.000000e+00
2.403104e-02
1.392029e-01
0
0
3.848443e-01
4.664816e-01
1.718471e-02
0
0
0
0
0
0
0
0
0
5.063228e-02
1.720796e-01
1.873151e-01
1.370315e-01
0
1.819741e-01
7.561111e-02
0
8.388026e-02
1.792720e-02
2.085291e-01
1.437991e-01
1.134884e-01
1.982253e-01
1.212493e-01
0
0
0
0
0
0
0
0
0
0
0
0
0
0
0
3.004764e-01
0
4.108749e-01
7.051719e-01
0
0
2.394247e-01
2.292857e-01
0
0
1.701071e-01
0
0
0
0
4.603802e-01
0
6.239383e-02
0
0
1.531922e-01
0
0
0
1.091708e-01
0
0
0
0
0
0
0
0
0
0
0
0
2.239639e-01
0
0
2.661863e-01
9.055833e-02
0
0
2.616915e-01
5.254333e-02
3.312578e-01
0
0
0
0
0
0
0
0
0
8.345378e-02
1.752724e-01
1.143076e-01
1.419015e-01
6.212820e-02
5.524241e-02
0
0
0
0
0
4.372943e-02
1.289274e-01
2.403104e-02
1
7.324826e-01
7.862894e-01
5.018008e-01
5.404046e-01
5.952336e-01
2.846775e-01
3.196256e-01
7.571637e-01
4.382776e-01
1.280955e-01
0
1.436235e-01
0
0
3.520489e-01
2.740297e-01
3.289467e-01
0
1.061482e-01
8.315830e-02
0
2.285558e-01
1.549112e-01
3.508614e-01
2.137169e-01
4.436281e-03
3.718231e-01
1.695420e-01
0
0
0
0
1.565521e-01
0
2.849408e-01
1.455184e-01
3.574535e-01
6.922225e-01
6.851253e-01
0
0
0
0
0
0
1.741800e-01
0
1.003455e-01
2.410025e-01
3.929998e-01
0
2.664051e-01
2.553749e-01
2.807907e-01
0
0
0
0
2.476144e-01
3.261046e-04
0
4.370816e-01
5.245821e-01
1.465010e-01
0
5.797323e-02
0
0
0
1.736212e-01
0
0
0
0
0
0
7.930262e-02
0
6.016671e-02
0
0
0
0
0
0
8.103309e-02
0
0
0
3.369534e-01
2.712705e-01
4.188694e-01
2.662775e-02
0
0
0
0
0
0
1.243170e-02
0
0
2.451222e-01
5.116126e-02
2.333267e-01
0
1.422602e-01
0
0
0
0
0
1.423567e-02
2.462807e-02
1.392029e-01
7.324826e-01
1
7.465800e-01
7.282970e-01
2.225487e-01
4.572199e-01
2.645129e-02
1.159397e-01
6.674349e-01
6.883155e-01
7.562207e-02
0
0
0
0
4.402467e-01
1.247314e-02
2.365308e-01
0
1.250467e-01
0
0
0
0
0
0
0
1.242065e-01
0
0
0
0
0
5.865307e-02
0
5.168452e-01
1.306782e-01
3.274491e-01
5.538105e-01
6.491962e-01
1.703266e-01
0
0
0
0
0
0
1.889173e-01
0
3.200518e-02
6.911378e-01
0
4.059235e-01
2.232291e-02
4.347141e-01
8.005486e-02
1.880176e-01
1.843082e-01
0
3.114824e-01
1.271341e-01
0
3.114643e-01
1.398612e-01
2.739881e-01
1.102298e-01
1.994726e-01
2.118815e-01
0
0
3.035012e-01
0
0
0
0
0
0
2.965927e-01
0
1.360898e-01
0
1.305771e-01
0
0
0
0
2.797316e-01
1.784666e-01
0
0
3.033311e-01
4.178107e-02
5.662780e-01
8.964943e-02
0
0
0
0
0
0
0
0
0
0
0
7.093522e-02
0
8.015115e-02
0
0
0
0
0
0
0
0
7.862894e-01
7.465800e-01
1
7.356270e-01
1.734031e-01
3.150594e-01
1.971710e-01
4.860476e-01
6.899742e-01
6.312612e-01
9.626724e-02
0
9.775786e-02
0
0
6.237641e-01
0
1.606428e-02
0
2.890817e-03
1.205014e-02
0
3.617576e-02
0
7.969659e-02
5.214756e-04
0
2.658838e-01
0
0
0
2.590589e-02
0
3.359695e-01
2.522304e-02
5.268624e-01
3.947458e-01
5.882478e-01
8.238904e-01
8.612944e-01
8.929363e-02
0
0
0
0
0
0
5.744322e-02
0
0
6.014338e-01
0
2.658568e-01
0
5.212273e-01
1.557053e-01
0
1.211077e-01
0
5.264302e-01
2.877622e-01
0
3.526045e-01
3.832426e-01
3.742156e-01
7.469660e-02
0
0
2.624323e-01
1.254031e-01
4.436794e-01
0
0
0
0
5.002877e-02
0
7.574358e-02
0
7.562516e-03
1.401617e-01
0
0
0
0
0
0
3.122400e-02
0
0
4.539322e-01
2.239572e-01
3.153891e-01
1.311623e-01
0
0
0
0
0
0
3.755133e-01
2.835060e-01
0
1.177251e-02
1.587047e-02
4.250445e-03
0
1.294118e-01
0
0
0
0
0
0
0
0
5.018008e-01
7.282970e-01
7.356270e-01
1
0
5.764501e-02
0
1.165471e-01
4.427652e-01
5.904512e-01
2.362701e-01
2.279222e-01
0
0
3.579898e-01
7.121957e-01
6.519968e-02
2.158137e-01
0
0
0
0
0
0
0
0
0
7.610695e-02
0
0
0
0
0
8.356573e-03
2.082500e-01
4.110653e-01
3.277959e-01
3.241559e-01
7.051006e-01
7.039228e-01
3.201721e-01
1.807239e-01
1.359100e-01
1.690107e-02
0
0
0
0
0
0
6.077603e-01
2.075902e-01
2.410719e-02
0
4.745893e-01
3.248707e-01
5.693341e-02
3.287466e-01
0
2.172979e-01
8.118611e-02
0
1.832546e-01
0
2.812747e-01
2.549370e-01
0
0
0
0
0
0
0
0
0
0
0
0
0
0
0
0
4.215856e-01
4.697743e-01
0
0
5.295180e-03
0
0
0
0
0
0
0
3.143126e-01
3.691198e-01
0
0
1.327198e-01
2.518583e-01
0
0
4.214973e-01
4.262249e-01
4.659466e-01
3.802565e-01
5.003494e-01
8.031377e-03
4.642615e-01
5.968964e-01
2.894950e-01
4.073214e-01
5.615456e-01
5.776879e-01
6.445037e-01
3.848443e-01
5.404046e-01
2.225487e-01
1.734031e-01
0
1
8.678402e-01
1.789259e-01
3.770320e-02
2.253946e-01
5.417290e-03
0
0
2.332664e-01
0
0
0
1.574963e-01
1.524149e-01
1.113042e-01
0
6.392636e-02
1.533057e-02
2.840313e-01
7.421582e-02
3.587445e-01
0
5.113707e-01
5.784398e-01
4.352634e-01
2.943952e-01
3.273629e-01
2.076214e-01
1.933920e-01
2.812522e-01
0
0
0
2.916497e-01
9.791792e-02
2.864306e-01
0
0
0
0
0
0
5.849369e-01
0
7.223216e-01
4.966440e-01
0
0
7.289924e-02
1.514699e-01
0
0
0
0
3.526553e-02
0
0
4.002537e-01
2.475434e-01
5.212526e-01
0
0
0
0
0
0
0
0
0
0
0
0
0
0
0
0
0
0
2.736951e-01
3.092599e-01
0
0
0
0
0
0
0
0
0
0
1.227558e-01
1.298399e-01
0
0
0
1.581605e-01
0
0
2.297297e-01
3.364088e-01
4.196562e-01
3.705112e-01
3.179919e-01
0
4.914989e-01
5.854852e-01
2.447617e-01
4.317615e-01
5.063219e-01
6.482910e-01
6.244774e-01
4.664816e-01
5.952336e-01
4.572199e-01
3.150594e-01
5.764501e-02
8.678402e-01
1.000000e+00
1.638817e-01
3.390397e-02
3.778790e-01
2.932126e-01
0
0
1.400078e-01
0
0
0
5.139658e-02
2.038032e-01
0
0
0
4.592261e-02
1.275117e-01
0
2.882971e-01
0
5.259229e-01
6.267531e-01
2.927523e-01
1.863372e-01
1.645530e-01
9.280761e-02
4.685254e-02
1.327966e-01
0
1.166725e-01
6.431180e-03
2.073112e-01
1.850917e-01
4.208513e-01
0
0
0
0
0
0
4.656357e-01
0
5.923703e-01
4.926757e-01
1.581679e-01
0
1.336836e-01
1.762306e-02
0
0
0
0
0
0
0
3.146163e-01
3.106599e-01
5.442676e-01
0
0
5.265247e-01
5.490256e-01
0
0
0
0
0
0
0
0
0
3.391720e-01
0
2.132050e-01
0
2.974036e-02
5.713035e-01
3.683252e-01
3.997850e-01
4.263771e-01
1.179330e-01
2.071192e-01
6.406169e-02
9.448879e-02
0
0
4.254927e-01
7.869266e-02
3.250184e-01
3.276419e-01
0
0
0
0
0
0
0
2.128798e-01
0
2.558264e-01
2.314823e-01
1.643652e-01
0
6.730854e-02
0
0
4.763475e-02
0
8.948875e-02
1.718471e-02
2.846775e-01
2.645129e-02
1.971710e-01
0
1.789259e-01
1.638817e-01
1
6.495949e-01
3.520826e-01
0
0
0
5.262839e-01
3.931152e-01
0
0
0
0
7.008269e-01
5.094149e-01
3.935354e-01
4.445480e-01
6.217980e-01
5.898170e-01
5.145753e-01
4.294508e-01
0
1.932057e-01
3.681429e-01
1.149908e-01
5.002935e-01
4.877055e-01
8.339685e-02
1.808567e-01
0
1.355054e-01
6.447386e-02
6.445689e-02
1.564617e-01
1.834733e-01
0
0
0
0
0
0
0
2.543388e-01
3.614984e-01
1.961922e-01
1.259039e-01
0
2.974825e-01
1.915024e-01
4.211657e-04
4.348130e-02
3.281679e-01
0
3.612580e-02
2.311173e-01
3.139597e-01
2.614005e-01
1.769412e-01
2.607318e-01
1.488923e-01
0
5.549674e-01
7.383499e-01
0
0
1.390337e-01
0
0
0
0
0
0
6.121283e-01
0
3.737133e-01
2.717443e-02
2.236413e-01
3.000160e-02
2.222311e-01
4.513174e-01
3.616038e-01
1.368313e-01
7.974571e-02
0
0
0
0
6.175640e-01
3.676280e-01
5.200548e-02
2.807445e-01
0
0
0
0
0
0
0
1.834540e-01
0
2.162441e-01
0
0
0
0
0
0
0
0
0
0
3.196256e-01
1.159397e-01
4.860476e-01
1.165471e-01
3.770320e-02
3.390397e-02
6.495949e-01
1
4.803275e-01
3.803538e-01
1.074818e-01
0
6.531212e-01
4.780333e-01
0
2.712844e-01
0
0
4.070593e-01
1.668570e-01
1.104070e-01
6.452629e-03
1.268046e-01
2.619930e-01
2.290379e-01
1.660303e-01
0
4.927632e-02
0
0
2.780465e-01
4.604298e-01
1.435420e-02
2.904860e-01
1.829383e-01
2.871099e-01
4.691395e-01
2.798997e-01
5.607894e-01
5.101332e-01
0
0
0
0
0
9.627207e-02
0
1.437061e-01
1.473362e-01
0
4.410744e-01
0
3.888967e-01
1.225496e-01
4.012172e-01
3.051686e-01
8.454411e-02
0
9.382717e-02
5.168845e-01
5.600000e-01
0
1.643579e-01
1.760526e-01
3.138612e-01
2.495217e-01
4.786016e-01
4.747853e-02
0
0
7.268394e-02
0
0
0
0
0
0
2.130391e-01
0
1.960373e-03
0
0
0
3.573885e-02
0
0
3.646047e-01
4.150881e-02
0
0
1.658535e-01
0
4.543861e-01
0
0
0
0
0
0
0
0
0
0
1.478621e-01
4.663169e-02
2.465937e-01
0
2.672368e-02
0
0
0
0
0
0
0
0
7.571637e-01
6.674349e-01
6.899742e-01
4.427652e-01
2.253946e-01
3.778790e-01
3.520826e-01
4.803275e-01
1.000000e+00
7.444261e-01
4.613296e-01
0
1.393207e-01
0
0
3.411811e-01
1.932238e-01
3.426607e-01
7.766089e-02
1.481253e-01
0
0
6.131250e-02
4.776168e-02
1.826684e-01
1.160340e-01
0
3.117158e-03
0
0
0
0
0
3.322614e-02
0
2.816083e-01
2.566451e-01
1.731768e-01
6.852601e-01
5.746419e-01
1.731419e-01
0
0
0
0
0
0
1.714240e-01
2.726980e-02
1.045900e-01
6.496587e-01
0
4.866799e-01
4.476749e-01
4.437974e-01
1.081083e-01
2.187164e-01
5.967214e-02
0
2.937173e-01
1.994282e-01
0
4.633525e-01
3.396278e-01
3.117469e-01
5.849616e-02
1.995751e-01
4.052252e-03
0
0
1.133131e-01
0
0
0
0
0
0
3.730282e-01
0
1.839318e-01
0
7.227714e-02
0
0
0
0
1.023543e-01
0
0
0
2.752526e-02
0
4.064836e-01
1.557671e-01
0
0
0
0
0
0
1.650755e-03
0
0
1.510321e-01
6.428719e-02
1.691878e-01
0
0
0
0
0
0
0
0
0
0
4.382776e-01
6.883155e-01
6.312612e-01
5.904512e-01
5.417290e-03
2.932126e-01
0
3.803538e-01
7.444261e-01
1.000000e+00
5.208233e-01
8.291009e-02
6.953466e-02
0
0
3.467825e-01
0
3.298610e-01
0
0
0
0
0
0
0
0
0
6.702015e-04
0
0
0
0
0
8.062880e-02
0
4.963480e-01
5.536432e-01
2.166957e-01
6.348106e-01
6.301407e-01
2.365218e-01
0
0
0
0
7.418341e-02
0
6.271930e-02
0
0
7.266827e-01
0
3.969502e-01
8.649185e-02
4.650150e-01
9.303089e-02
1.787479e-01
7.830249e-02
0
2.316269e-01
1.663493e-01
0
1.655785e-01
6.715953e-02
1.738541e-01
2.598955e-01
2.138624e-01
0
1.211964e-01
1.954578e-01
1.340605e-01
0
2.745579e-01
0
5.174397e-02
0
0
0
3.523328e-01
0
0
0
0
0
0
0
0
0
0
0
0
0
0
0
0
0
0
1.079892e-01
0
2.259631e-01
2.961988e-01
1.794900e-01
0
0
0
0
0
0
0
0
1.020423e-02
0
0
0
0
0
1.280955e-01
7.562207e-02
9.626724e-02
2.362701e-01
0
0
0
1.074818e-01
4.613296e-01
5.208233e-01
1.000000e+00
0
0
0
2.050235e-01
2.748026e-01
4.818347e-01
5.851835e-01
0
0
0
0
0
0
0
8.193613e-02
0
0
0
0
0
0
0
0
8.887279e-02
0
2.130329e-01
0
3.280656e-01
2.911739e-02
2.988840e-01
2.789948e-01
0
6.315172e-02
1.356060e-01
8.938075e-02
8.373386e-02
1.971426e-02
0
1.331478e-01
2.154137e-01
0
7.846687e-02
3.052439e-01
3.999822e-01
1.041173e-01
2.659987e-02
1.924552e-01
0
0
0
0
2.069328e-01
2.342215e-01
7.830755e-02
1.934217e-01
0
1.528862e-01
1.892415e-01
4.949938e-01
2.299243e-01
6.258458e-01
1.878373e-01
8.183105e-01
4.891141e-01
6.858538e-01
0
1.483992e-01
4.428743e-01
4.275432e-01
6.205574e-01
4.104933e-01
0
0
2.966140e-01
2.095798e-01
0
2.201462e-01
1.964492e-01
3.533862e-01
2.103940e-01
1.566719e-01
1.996019e-01
4.601274e-01
0
0
8.438745e-02
6.349319e-02
0
0
1.626282e-01
1.927685e-01
0
0
0
0
0
0
0
0
0
0
0
0
0
0
0
0
0
2.279222e-01
0
0
0
0
0
8.291009e-02
0
1
0
9.524199e-02
2.228624e-01
4.216455e-01
0
0
0
0
0
1.608310e-01
0
0
0
0
0
0
0
0
0
0
0
0
0
1.932108e-01
6.716216e-02
4.349431e-02
0
0
4.095090e-01
1.251526e-01
4.230467e-01
4.359011e-02
2.272553e-03
4.589406e-01
0
5.918863e-04
0
0
1.937448e-01
0
0
0
1.958934e-01
1.398832e-02
0
1.338300e-01
0
0
0
0
0
0
0
2.859643e-01
3.380265e-01
5.194254e-01
0
0
0
0
0
0
0
0
2.561892e-01
5.618839e-01
0
2.108771e-01
0
1.236514e-01
3.887986e-01
3.892793e-01
3.711866e-01
2.626967e-01
1.008202e-01
0
0
0
0
0
2.541594e-01
2.698890e-01
5.482482e-01
5.805887e-01
0
0
0
9.027551e-02
0
0
0
1.680586e-01
0
0
0
0
0
1.469639e-01
0
1.666278e-02
1.557965e-01
5.655196e-03
2.026511e-01
0
1.436235e-01
0
9.775786e-02
0
2.332664e-01
1.400078e-01
5.262839e-01
6.531212e-01
1.393207e-01
6.953466e-02
0
0
1
5.550376e-01
0
0
0
0
5.264784e-01
8.403021e-02
1.099104e-01
0
5.899510e-02
1.002426e-01
1.089483e-01
0
0
1.448804e-01
1.008349e-01
2.580963e-01
6.558332e-01
4.714062e-01
9.803589e-02
2.835085e-01
6.346029e-02
3.499673e-02
3.562642e-01
0
1.913734e-01
1.895591e-01
0
0
0
0
0
0
0
3.125230e-02
3.771735e-01
3.630179e-02
3.967904e-02
0
3.182764e-01
2.944646e-01
7.398466e-02
8.856819e-02
0
0
0
1.453190e-01
3.744640e-01
4.879092e-01
2.113972e-01
2.106652e-01
0
9.396931e-02
4.497971e-01
5.941139e-01
0
0
8.326342e-02
2.290115e-01
0
3.998293e-01
0
0
1.160815e-01
7.481142e-01
1.511220e-01
6.768549e-01
2.456547e-01
4.549156e-01
1.193281e-01
0
7.243554e-01
6.460875e-01
3.918612e-01
3.823599e-01
0
1.643283e-01
0
8.523054e-02
5.333091e-01
6.527358e-01
2.584996e-01
3.834595e-01
0
0
0
0
0
0
0
2.197327e-01
0
1.290481e-01
0
0
0
0
0
0
0
0
3.622783e-03
0
0
0
0
0
0
0
3.931152e-01
4.780333e-01
0
0
0
9.524199e-02
5.550376e-01
1
0
0
0
0
6.138166e-01
2.874611e-01
2.996871e-03
1.330065e-01
8.125090e-02
1.446312e-01
5.740909e-02
2.844385e-02
0
0
0
0
2.865460e-01
1.363060e-01
2.308881e-01
3.498347e-01
0
3.968500e-02
1.922237e-01
0
0
0
0
0
1.339698e-01
0
0
2.161789e-01
0
4.339056e-02
0
0
1.114602e-01
0
3.143920e-01
2.080107e-01
0
6.223712e-04
0
0
0
9.636980e-02
2.753470e-01
1.304811e-01
0
0
0
1.889413e-01
0
0
6.795390e-01
5.449380e-01
3.998301e-01
2.155045e-01
3.461445e-01
0
4.754416e-01
3.131224e-01
9.230993e-02
0
3.457388e-02
0
5.143494e-02
0
0
1.284873e-01
0
0
0
0
5.694091e-01
3.719514e-01
4.635641e-01
1.107250e-01
0
0
0
0
3.922965e-01
6.128318e-02
1.364617e-01
1.646121e-03
8.037600e-01
6.640418e-01
2.822941e-01
0
5.819582e-03
0
7.060223e-02
4.215757e-01
0
0
1.493433e-01
0
0
0
0
0
0
0
0
3.579898e-01
0
0
0
0
0
0
2.050235e-01
2.228624e-01
0
0
1
4.372332e-01
5.697852e-01
4.032473e-01
0
0
6.030776e-02
0
0
2.631116e-01
0
2.484568e-01
0
0
2.161057e-01
1.809623e-01
0
0
0
0
6.679085e-01
2.869447e-03
0
1.393141e-02
1.512977e-01
0
6.205691e-02
2.929505e-01
1.256334e-01
3.201207e-01
6.436621e-02
1.244330e-01
0
0
0
0
0
5.457223e-01
0
0
7.056456e-02
2.908332e-01
1.174778e-01
3.351326e-01
1.866750e-01
0
0
0
0
0
5.106538e-02
9.215499e-02
1.391940e-01
1.268591e-01
1.986982e-01
3.285007e-01
6.053117e-01
8.543781e-02
9.716419e-02
1.096240e-01
7.192067e-03
1.241956e-01
0
7.610898e-02
4.253748e-02
1.206226e-01
1.431621e-01
0
0
0
9.334924e-02
5.487840e-02
7.638881e-02
3.283692e-01
1.360540e-01
1.369629e-01
5.510261e-01
2.024344e-01
4.993947e-01
2.747191e-01
0
0
0
0
0
0
2.484771e-01
2.408808e-02
0
0
0
0
0
2.466222e-02
0
0
0
0
0
0
0
0
3.520489e-01
4.402467e-01
6.237641e-01
7.121957e-01
0
0
0
2.712844e-01
3.411811e-01
3.467825e-01
2.748026e-01
4.216455e-01
0
0
4.372332e-01
1.000000e+00
1.094459e-01
7.196343e-02
0
1.685092e-01
6.572791e-02
0
0
5.259250e-02
0
2.351140e-01
0
0
0
0
0
0
0
0
1.864986e-01
5.041000e-01
2.332512e-01
2.244897e-01
6.182372e-01
4.646837e-01
4.124540e-01
1.795240e-01
1.960498e-01
8.267825e-02
0
3.955702e-02
0
1.923918e-01
0
0
4.588832e-01
2.106633e-01
5.243968e-02
0
6.475973e-01
4.140310e-01
0
4.119889e-01
0
3.959869e-01
2.433727e-01
0
9.028793e-02
5.611068e-02
4.686261e-01
3.289463e-01
0
0
2.776430e-01
1.484349e-01
7.252713e-02
0
2.759407e-01
0
3.570297e-02
0
0
0
0
0
0
0
0
3.247185e-01
0
0
0
0
0
0
2.585650e-01
0
0
0
0
0
1.333049e-01
1.566216e-01
2.718993e-01
2.882501e-01
5.866948e-01
4.137991e-01
2.745050e-01
0
2.308799e-01
0
4.015911e-02
8.238285e-02
1.491640e-01
1.357409e-01
3.549253e-01
2.241319e-01
1.007436e-01
1.136948e-01
0
5.063228e-02
2.740297e-01
1.247314e-02
0
6.519968e-02
1.574963e-01
5.139658e-02
0
0
1.932238e-01
0
4.818347e-01
0
0
0
5.697852e-01
1.094459e-01
1
8.486246e-01
0
0
1.773716e-02
0
0
1.807172e-01
9.198444e-02
1.713678e-01
0
0
3.913389e-01
3.553005e-01
0
0
0
0
3.586763e-01
0
0
0
2.284052e-01
0
1.776522e-02
2.706612e-01
0
2.241316e-01
3.022010e-03
0
4.127395e-01
0
4.983585e-02
3.064160e-01
0
3.668920e-01
0
2.608641e-01
0
0
1.829956e-02
2.430866e-01
0
0
0
0
0
2.788089e-01
0
0
0
0
8.777228e-02
1.701427e-02
1.135684e-01
0
1.538984e-02
0
0
0
0
0
0
0
0
0
0
3.318782e-01
0
0
0
0
0
0
2.258144e-01
9.736452e-02
0
0
0
0
6.291632e-04
1.724137e-01
1.468119e-01
3.455507e-01
5.604167e-01
4.522362e-01
1.219247e-01
8.933740e-02
3.191136e-01
0
0
1.130465e-02
1.683196e-01
1.348990e-01
3.763555e-01
3.162941e-01
3.186152e-02
1.521212e-01
3.060971e-02
1.720796e-01
3.289467e-01
2.365308e-01
1.606428e-02
2.158137e-01
1.524149e-01
2.038032e-01
0
0
3.426607e-01
3.298610e-01
5.851835e-01
0
0
0
4.032473e-01
7.196343e-02
8.486246e-01
1
0
0
0
0
0
0
0
0
0
2.123033e-02
2.637360e-01
4.172212e-01
0
0
0
0
2.865737e-01
1.260516e-02
2.145984e-01
0
3.564447e-01
1.267451e-01
0
7.662050e-02
0
0
0
0
1.976811e-01
0
0
2.953458e-01
0
1.718655e-01
0
1.997779e-01
0
0
2.189142e-01
1.631549e-01
0
0
0
0
0
1.053714e-01
0
0
4.860583e-01
5.258833e-01
0
0
0
5.548799e-02
0
7.790270e-02
0
0
1.406824e-01
3.965922e-01
0
4.013296e-01
0
1.516705e-01
4.887032e-01
9.700419e-02
6.053775e-01
6.735157e-01
3.232476e-01
4.402229e-01
0
2.945444e-01
0
0
3.484296e-01
2.883359e-01
3.923007e-01
2.474003e-01
0
0
0
0
0
0
0
1.907775e-01
0
1.458863e-01
9.731793e-02
4.768167e-02
0
1.233006e-01
0
0
1.947018e-01
4.344168e-02
2.616740e-01
1.873151e-01
0
0
0
0
1.113042e-01
0
7.008269e-01
4.070593e-01
7.766089e-02
0
0
0
5.264784e-01
6.138166e-01
0
0
0
0
1
7.405323e-01
1.608179e-01
2.676687e-01
3.431116e-01
3.844376e-01
2.684481e-01
2.345667e-01
0
0
1.190918e-01
7.892566e-02
5.381194e-01
3.777627e-01
7.818420e-02
1.198547e-01
0
0
0
0
0
0
0
0
1.297468e-01
0
1.084698e-01
1.122634e-02
0
3.386282e-01
3.542028e-01
2.396827e-01
5.639319e-02
0
5.235286e-01
4.356392e-01
7.105877e-03
7.659200e-02
2.048906e-01
0
6.193872e-02
2.469447e-01
4.994914e-01
4.780436e-01
1.919980e-01
0
1.378472e-01
2.128623e-02
4.558977e-01
3.216817e-01
0
0
0
1.522662e-01
6.901773e-02
1.914558e-01
0
4.474817e-02
0
1.306890e-01
4.901469e-03
3.208036e-01
0
0
1.254817e-01
0
5.378886e-01
6.222230e-01
2.342306e-01
6.250191e-01
1.295973e-01
4.618394e-01
7.238971e-02
1.910184e-01
3.997376e-01
2.769060e-01
0
0
0
0
0
0
0
0
0
5.656750e-02
0
0
0
1.342481e-01
0
0
0
0
0
0
6.289573e-02
1.370315e-01
1.061482e-01
1.250467e-01
2.890817e-03
0
0
0
5.094149e-01
1.668570e-01
1.481253e-01
0
0
0
8.403021e-02
2.874611e-01
0
1.685092e-01
0
0
7.405323e-01
1
1.948937e-01
2.435178e-01
2.893844e-01
3.148149e-01
2.067934e-01
4.028423e-01
0
0
2.117128e-02
0
1.005075e-02
6.209509e-02
0
0
0
0
0
0
0
0
3.017200e-01
2.673669e-01
4.599500e-01
2.352274e-01
1.948231e-01
0
0
5.229220e-01
1.044231e-02
2.548601e-01
2.964422e-01
8.055928e-02
5.609149e-01
4.007447e-01
3.361578e-01
2.974073e-01
2.248595e-01
1.210118e-01
0
2.760346e-01
4.734967e-01
1.867409e-01
3.723556e-01
0
3.722914e-01
1.427376e-01
5.769004e-02
7.511869e-02
2.797100e-02
0
0
0
1.061994e-01
0
0
0
1.115859e-01
0
0
0
0
0
5.583548e-01
4.265304e-01
2.059303e-01
1.542995e-01
6.638485e-02
2.361771e-01
1.952921e-01
0
0
0
0
0
5.231195e-01
3.402271e-01
0
0
0
0
0
0
2.836756e-01
0
0
0
3.315147e-01
0
0
1.292976e-01
0
0
6.963760e-02
0
0
0
8.315830e-02
0
1.205014e-02
0
6.392636e-02
0
3.935354e-01
1.104070e-01
0
0
0
0
1.099104e-01
2.996871e-03
6.030776e-02
6.572791e-02
1.773716e-02
0
1.608179e-01
1.948937e-01
1
7.937720e-01
6.970275e-01
5.438605e-01
7.704123e-01
4.910767e-01
4.537164e-01
4.023080e-01
4.295464e-01
1.133847e-01
1.630792e-01
1.363126e-03
1.305034e-01
6.363594e-02
1.836283e-01
0
7.630547e-02
0
0
6.058466e-03
2.313496e-02
1.942196e-01
0
0
0
0
0
0
1.849687e-01
1.409252e-01
0
3.117565e-01
0
2.463248e-01
0
0
0
0
9.961350e-02
0
0
1.346658e-01
1.207809e-01
3.179442e-01
0
0
0
1.835260e-01
0
0
0
1.489770e-01
5.452562e-02
1.683675e-01
0
0
0
0
0
0
0
1.361662e-01
5.805915e-01
2.760554e-01
2.386098e-01
2.657016e-01
1.047777e-01
3.631182e-01
3.718779e-01
1.784397e-01
0
0
9.300583e-03
0
4.826516e-01
2.738105e-01
1.369697e-01
0
0
0
0
0
1.868346e-01
0
2.769437e-02
0
4.170159e-01
7.693209e-02
1.538333e-01
2.855375e-01
6.500727e-02
1.251052e-01
2.450316e-01
1.410063e-01
1.351762e-01
1.819741e-01
0
0
0
0
1.533057e-02
4.592261e-02
4.445480e-01
6.452629e-03
0
0
0
1.608310e-01
0
1.330065e-01
0
0
0
0
2.676687e-01
2.435178e-01
7.937720e-01
1
7.243701e-01
5.309103e-01
7.517519e-01
5.201340e-01
5.426374e-01
4.934298e-01
2.543655e-01
3.772859e-02
2.130688e-01
7.362326e-02
1.922023e-01
6.531369e-02
0
0
0
5.583292e-02
0
0
0
0
1.795526e-02
0
0
0
0
0
1.944030e-01
1.707495e-01
0
0
0
0
0
0
7.039516e-03
0
1.888935e-01
0
0
5.842251e-02
0
1.942068e-01
0
0
2.129423e-01
1.832254e-01
0
0
0
0
1.170514e-01
0
0
0
0
0
0
0
0
0
5.546737e-01
3.119880e-01
2.339002e-01
3.572841e-01
1.981753e-01
3.244230e-01
3.126633e-01
9.094814e-02
6.992832e-02
0
1.294968e-02
0
4.433433e-01
3.130307e-01
0
0
0
0
0
0
4.056354e-01
0
5.577132e-02
7.029475e-02
5.449439e-01
2.211873e-01
4.285875e-03
2.608861e-01
0
0
2.345304e-01
5.228427e-02
1.748854e-01
7.561111e-02
2.285558e-01
0
3.617576e-02
0
2.840313e-01
1.275117e-01
6.217980e-01
1.268046e-01
6.131250e-02
0
0
0
5.899510e-02
8.125090e-02
0
0
0
0
3.431116e-01
2.893844e-01
6.970275e-01
7.243701e-01
1.000000e+00
8.104957e-01
8.186126e-01
7.002474e-01
3.221020e-01
3.625947e-01
4.153124e-01
0
1.633419e-01
1.106103e-01
6.771332e-02
1.086082e-01
0
0
0
1.312306e-01
0
0
0
0
0
0
0
0
0
0
4.067661e-01
2.983601e-01
0
1.206105e-01
0
9.717000e-02
0
0
0
0
2.158721e-01
0
0
8.174760e-02
1.135736e-01
4.317310e-01
0
0
7.288823e-02
1.259413e-01
0
0
4.620274e-02
0
3.017555e-03
0
0
0
0
0
0
0
0
0
4.372484e-01
4.714602e-01
2.055429e-01
2.621025e-01
1.577538e-02
2.591401e-01
4.240137e-01
3.240436e-01
1.786325e-01
0
7.244432e-03
0
2.484186e-01
2.214142e-01
0
0
0
0
0
0
3.043850e-01
2.501127e-02
0
8.789894e-03
5.180649e-01
4.433057e-01
0
2.767672e-02
0
0
5.101881e-02
0
0
0
1.549112e-01
0
0
0
7.421582e-02
0
5.898170e-01
2.619930e-01
4.776168e-02
0
0
0
1.002426e-01
1.446312e-01
2.631116e-01
5.259250e-02
1.807172e-01
0
3.844376e-01
3.148149e-01
5.438605e-01
5.309103e-01
8.104957e-01
1
6.864229e-01
8.125119e-01
5.640242e-02
1.389130e-01
4.566855e-01
1.601827e-01
2.468761e-01
2.707739e-01
0
0
2.786063e-01
0
0
1.151731e-01
1.429131e-03
0
0
0
0
0
0
0
0
2.220156e-02
2.743856e-01
1.833594e-01
0
2.626650e-01
0
4.029134e-02
0
1.215152e-02
2.303752e-01
0
2.931718e-01
1.614186e-02
0
0
0
2.425501e-01
0
0
1.618757e-01
1.365050e-01
0
0
0
0
1.364975e-01
0
0
0
0
0
0
0
0
0
5.377801e-01
4.166639e-01
1.095635e-01
1.704676e-01
2.300693e-01
2.890452e-01
1.432329e-01
0
7.530173e-03
0
1.274056e-02
0
4.594757e-01
2.321099e-01
0
0
8.096656e-02
0
0
0
2.812626e-01
0
1.474209e-01
6.963007e-02
4.832989e-01
9.725186e-02
8.366835e-02
2.876616e-01
0
4.309004e-02
2.409409e-01
1.605166e-01
1.981585e-01
8.388026e-02
3.508614e-01
0
7.969659e-02
0
3.587445e-01
2.882971e-01
5.145753e-01
2.290379e-01
1.826684e-01
0
0
0
1.089483e-01
5.740909e-02
0
0
9.198444e-02
0
2.684481e-01
2.067934e-01
7.704123e-01
7.517519e-01
8.186126e-01
6.864229e-01
1
6.937844e-01
4.588494e-01
4.688228e-01
3.235456e-01
3.456250e-02
1.261421e-01
0
0
0
0
0
0
5.281507e-02
1.923673e-02
1.230440e-02
0
1.259859e-01
0
0
0
0
8.065409e-02
0
4.533576e-01
4.384729e-01
0
1.332788e-03
0
2.391556e-01
0
0
0
0
2.122406e-01
0
0
1.051461e-01
1.558575e-01
5.203079e-01
0
0
1.196384e-01
9.814913e-02
4.803852e-02
0
4.512410e-02
0
2.006269e-01
0
0
0
0
0
0
0
0
0
1.540146e-01
1.491109e-01
2.075603e-01
2.190898e-01
0
3.089136e-01
4.098810e-01
2.804652e-01
1.596286e-01
0
4.165181e-02
0
1.158653e-01
0
0
0
5.552140e-02
0
0
0
1.100735e-01
0
0
0
2.220214e-01
2.296331e-01
0
9.928870e-02
0
0
1.667481e-01
5.032210e-02
1.922490e-02
1.792720e-02
2.137169e-01
0
5.214756e-04
0
0
0
4.294508e-01
1.660303e-01
1.160340e-01
0
8.193613e-02
0
0
2.844385e-02
2.484568e-01
2.351140e-01
1.713678e-01
0
2.345667e-01
4.028423e-01
4.910767e-01
5.201340e-01
7.002474e-01
8.125119e-01
6.937844e-01
1
0
4.080040e-02
1.683091e-01
0
0
1.417075e-02
0
0
0
0
0
0
0
0
1.285731e-01
1.965383e-01
9.829412e-02
3.288968e-03
0
0
2.304736e-02
9.104907e-02
3.027329e-01
3.527556e-01
0
7.668810e-02
9.635456e-02
4.662341e-02
8.299308e-02
0
5.629866e-02
0
5.635084e-02
0
0
0
9.511367e-02
4.064794e-01
0
0
0
0
7.305751e-03
0
0
0
2.706975e-02
0
0
0
0
0
0
0
0
1.787186e-01
5.037394e-01
4.758706e-01
0
0
0
0
1.535385e-01
0
0
0
0
0
4.504681e-01
4.245631e-01
3.402862e-01
2.961891e-01
6.883956e-02
7.248874e-03
0
1.168749e-01
4.900791e-01
1.441278e-01
6.083802e-01
2.223066e-01
6.572414e-01
0
4.508947e-01
5.255914e-01
3.567345e-01
3.593252e-01
4.084610e-01
3.779770e-01
2.838771e-01
2.085291e-01
4.436281e-03
0
0
0
5.113707e-01
5.259229e-01
0
0
0
0
0
0
0
0
0
0
0
0
0
0
4.537164e-01
5.426374e-01
3.221020e-01
5.640242e-02
4.588494e-01
0
1.000000e+00
7.938654e-01
3.816120e-01
3.080433e-01
2.678297e-01
1.501472e-02
5.303422e-01
2.795982e-01
0
0
9.643447e-02
2.380998e-01
0
1.036696e-01
0
0
0
0
0
0
1.388615e-01
0
3.673249e-01
1.380234e-01
0
0
0
0
0
0
0
0
2.822533e-01
0
0
2.091014e-01
0
2.020622e-01
0
0
0
0
0
0
0
0
0
0
0
0
0
3.758762e-02
0
0
0
1.958840e-01
4.513375e-01
6.036923e-01
0
0
0
0
6.671103e-03
0
0
0
0
0
3.023695e-01
5.171124e-01
0
9.869370e-03
0
0
0
0
3.259736e-01
2.480185e-01
5.153625e-01
1.839655e-01
5.577121e-01
0
2.703960e-01
3.940184e-01
1.906591e-01
2.461983e-01
2.542064e-01
2.452233e-01
2.505352e-01
1.437991e-01
3.718231e-01
1.242065e-01
2.658838e-01
7.610695e-02
5.784398e-01
6.267531e-01
1.932057e-01
4.927632e-02
3.117158e-03
6.702015e-04
0
0
1.448804e-01
0
0
0
0
2.123033e-02
0
0
4.023080e-01
4.934298e-01
3.625947e-01
1.389130e-01
4.688228e-01
4.080040e-02
7.938654e-01
1
3.553871e-01
2.844309e-01
2.641120e-01
1.851444e-01
4.067566e-01
5.174939e-01
0
1.934248e-01
3.683087e-01
5.093717e-01
2.178738e-01
4.840417e-01
0
0
0
0
0
0
0
0
2.468253e-01
3.631996e-02
0
0
0
0
0
0
0
0
0
0
0
1.727098e-03
0
2.592744e-01
0
0
0
0
1.319393e-01
0
0
0
0
0
0
0
3.007751e-01
0
0
0
0
0
7.002886e-01
7.485468e-01
0
0
0
0
2.549663e-01
0
0
0
0
0
3.421791e-01
3.468933e-01
1.642256e-01
0
0
0
8.023593e-02
3.211107e-03
6.393845e-01
3.050300e-01
1.568655e-01
5.613708e-02
5.535145e-01
3.385606e-01
2.429152e-01
4.277856e-01
2.792662e-01
2.692759e-01
3.486419e-01
2.016610e-01
1.494635e-01
1.134884e-01
1.695420e-01
0
0
0
4.352634e-01
2.927523e-01
3.681429e-01
0
0
0
0
0
1.008349e-01
0
2.161057e-01
0
3.913389e-01
2.637360e-01
1.190918e-01
2.117128e-02
4.295464e-01
2.543655e-01
4.153124e-01
4.566855e-01
3.235456e-01
1.683091e-01
3.816120e-01
3.553871e-01
1
7.727711e-01
5.662517e-01
3.817789e-01
2.647971e-01
6.908611e-03
4.446572e-01
0
0
0
9.133221e-03
7.334620e-02
0
0
0
8.648234e-02
0
0
8.666941e-02
0
3.690193e-01
3.725184e-01
0
4.345368e-01
0
3.416482e-02
0
3.469794e-05
3.630030e-01
0
1.222634e-01
0
0
3.906658e-01
0
2.972591e-01
0
0
0
0
1.427234e-02
0
0
0
0
0
0
0
4.392350e-01
0
0
0
0
0
6.410121e-01
7.800524e-01
0
0
0
0
8.467563e-02
0
0
0
0
0
3.599888e-01
4.182911e-01
3.298104e-01
2.690890e-01
2.093543e-01
2.040545e-01
2.066041e-01
2.364149e-01
3.804583e-01
2.564537e-01
1.469273e-01
4.878489e-02
3.511295e-01
1.956395e-01
4.064135e-01
4.837582e-01
5.398629e-01
4.865907e-01
3.885132e-01
2.768168e-01
2.067102e-01
1.982253e-01
0
0
0
0
2.943952e-01
1.863372e-01
1.149908e-01
0
0
0
0
0
2.580963e-01
0
1.809623e-01
0
3.553005e-01
4.172212e-01
7.892566e-02
0
1.133847e-01
3.772859e-02
0
1.601827e-01
3.456250e-02
0
3.080433e-01
2.844309e-01
7.727711e-01
1.000000e+00
7.206106e-01
3.489595e-01
3.328268e-01
0
5.211779e-01
0
1.207694e-01
0
0
0
0
0
0
0
0
0
2.882971e-02
0
2.327136e-01
3.118545e-01
0
3.381858e-01
0
0
0
0
3.950948e-01
0
9.679297e-02
0
0
4.286021e-01
0
0
0
0
0
2.309216e-01
0
0
0
8.726117e-02
0
0
0
0
4.118768e-01
1.871834e-01
0
0
0
2.175120e-02
7.514008e-01
6.551091e-01
8.677575e-02
6.939358e-02
0
0
6.295135e-02
5.473684e-02
0
0
0
0
6.630847e-01
6.961496e-01
3.950821e-02
1.040458e-01
9.391049e-02
6.409662e-02
0
0
5.460683e-02
2.702577e-01
0
1.144080e-01
3.068259e-01
5.109844e-02
2.777797e-01
4.361391e-01
2.317910e-01
3.052751e-01
4.476072e-01
2.235478e-01
2.886705e-01
1.212493e-01
0
0
0
0
3.273629e-01
1.645530e-01
5.002935e-01
2.780465e-01
0
0
0
0
6.558332e-01
2.865460e-01
0
0
0
0
5.381194e-01
1.005075e-02
1.630792e-01
2.130688e-01
1.633419e-01
2.468761e-01
1.261421e-01
0
2.678297e-01
2.641120e-01
5.662517e-01
7.206106e-01
1
7.131936e-01
5.040143e-01
2.425836e-01
2.940672e-01
0
1.237420e-01
0
0
0
0
0
0
0
0
3.233190e-02
0
0
5.124247e-01
1.670669e-01
0
0
0
1.482640e-03
0
0
2.175547e-01
0
2.003528e-01
0
2.025646e-01
6.112646e-01
0
6.643086e-02
0
0
0
2.829569e-01
0
0
0
1.766378e-01
0
0
0
0
0
1.892268e-01
0
1.203247e-01
0
1.935518e-01
3.379449e-01
4.798119e-01
3.186277e-02
9.837904e-02
0
0
1.439219e-01
1.390598e-01
0
0
6.052854e-02
3.929459e-03
1.977144e-01
4.551738e-01
0
0
0
0
0
0
0
3.267593e-01
0
1.622693e-02
1.666428e-01
1.709033e-01
0
3.204558e-02
0
0
1.566682e-01
0
0
0
0
0
2.590589e-02
0
2.076214e-01
9.280761e-02
4.877055e-01
4.604298e-01
0
0
0
0
4.714062e-01
1.363060e-01
0
0
0
0
3.777627e-01
6.209509e-02
1.363126e-03
7.362326e-02
1.106103e-01
2.707739e-01
0
1.417075e-02
1.501472e-02
1.851444e-01
3.817789e-01
3.489595e-01
7.131936e-01
1
3.506444e-01
3.083522e-01
3.350864e-01
3.603529e-01
2.522612e-01
3.284238e-01
7.274051e-02
2.193595e-01
0
0
0
0
4.415198e-02
2.036357e-01
0
1.670559e-01
3.644745e-01
0
0
0
1.879006e-02
0
0
1.587589e-01
1.791548e-01
0
9.664796e-02
3.876627e-01
4.618583e-01
1.691221e-01
0
1.563845e-01
7.712046e-02
2.594536e-02
0
6.158719e-02
0
0
0
1.418288e-02
0
1.187695e-01
0
9.347235e-02
2.756579e-01
3.465173e-01
0
2.168372e-01
3.142568e-01
5.826173e-01
4.272840e-01
4.002869e-01
4.180225e-02
4.573996e-03
0
0
0
0
0
0
0
5.839479e-02
3.518314e-01
7.408766e-01
1.364084e-01
3.123291e-01
0
0
0
0
2.806106e-01
3.953702e-01
5.138710e-01
4.535329e-01
5.381526e-01
9.849584e-03
1.103400e-02
7.957432e-02
3.441566e-02
5.726057e-02
1.036521e-02
0
0
0
0
0
0
0
1.933920e-01
4.685254e-02
8.339685e-02
1.435420e-02
0
0
0
0
9.803589e-02
2.308881e-01
0
0
0
0
7.818420e-02
0
1.305034e-01
1.922023e-01
6.771332e-02
0
0
0
5.303422e-01
4.067566e-01
2.647971e-01
3.328268e-01
5.040143e-01
3.506444e-01
1.000000e+00
6.768940e-01
2.288669e-01
2.323133e-02
4.318353e-01
3.825769e-01
0
6.876481e-02
0
0
0
0
0
1.479403e-01
0
0
9.419457e-02
0
0
0
0
0
0
0
1.359887e-01
0
3.328992e-01
0
0
1.564688e-01
0
0
0
0
0
2.450585e-01
0
0
0
0
0
4.601112e-02
0
0
0
5.557193e-01
0
3.616348e-01
1.531532e-01
7.052106e-01
2.266165e-01
2.989592e-01
1.189668e-01
1.801468e-01
3.382691e-01
8.571219e-02
0
0
9.449929e-03
0
2.627676e-01
2.318772e-01
1.644772e-01
7.011191e-01
0
5.128335e-02
0
0
0
0
2.838739e-02
2.552777e-01
4.235579e-01
3.454738e-01
2.946888e-01
0
0
0
0
0
0
0
0
0
1.565521e-01
5.865307e-02
3.359695e-01
8.356573e-03
2.812522e-01
1.327966e-01
1.808567e-01
2.904860e-01
3.322614e-02
8.062880e-02
0
0
2.835085e-01
3.498347e-01
0
0
0
0
1.198547e-01
0
6.363594e-02
6.531369e-02
1.086082e-01
0
0
0
2.795982e-01
5.174939e-01
6.908611e-03
0
2.425836e-01
3.083522e-01
6.768940e-01
1
4.694698e-02
3.022366e-01
5.811643e-01
7.583639e-01
2.955749e-01
4.557740e-01
0
0
0
0
0
0
0
0
0
0
1.215894e-02
0
0
0
0
0
0
0
4.916455e-02
2.944649e-01
1.447983e-01
0
0
0
0
0
0
0
3.369795e-01
2.876192e-01
1.919581e-01
8.371998e-02
0
0
1.570302e-01
0
4.568425e-01
0
0
0
1.931153e-01
0
8.329278e-02
5.312668e-01
0
0
0
0
3.620480e-01
2.178874e-01
5.795996e-02
0
0
0
0
2.317499e-01
2.269664e-01
1.687621e-02
0
0
4.496599e-01
2.812352e-01
1.438841e-01
0
0
0
1.391651e-01
3.159131e-01
0
0
0
0
0
0
0
0
0
0
2.522304e-02
2.082500e-01
0
0
0
1.829383e-01
0
0
8.887279e-02
0
6.346029e-02
0
6.679085e-01
1.864986e-01
3.586763e-01
2.865737e-01
0
0
1.836283e-01
0
0
2.786063e-01
0
0
0
0
4.446572e-01
5.211779e-01
2.940672e-01
3.350864e-01
2.288669e-01
4.694698e-02
1
3.745255e-03
4.067053e-01
1.606739e-01
3.680481e-01
2.118837e-01
0
0
0
5.934844e-02
4.323839e-02
2.445860e-01
0
0
0
0
0
6.119368e-01
0
0
0
4.262984e-01
2.490635e-01
1.861454e-01
3.969221e-01
1.455213e-01
1.772655e-01
0
0
0
2.381234e-02
1.100798e-01
4.633373e-02
9.285767e-02
0
4.300117e-02
3.266147e-01
0
0
1.046207e-01
0
0
0
2.993522e-01
0
3.485317e-01
1.031751e-01
3.131151e-01
0
0
0
0
0
0
1.328106e-02
0
2.245682e-01
2.861246e-02
4.244720e-01
2.011306e-01
0
0
0
0
0
0
9.334319e-02
0
0
2.699415e-01
0
0
0
0
0
0
0
0
0
0
0
0
2.849408e-01
5.168452e-01
5.268624e-01
4.110653e-01
0
1.166725e-01
1.355054e-01
2.871099e-01
2.816083e-01
4.963480e-01
0
1.932108e-01
3.499673e-02
3.968500e-02
2.869447e-03
5.041000e-01
0
1.260516e-02
0
0
0
0
0
0
0
0
0
1.934248e-01
0
0
0
3.603529e-01
2.323133e-02
3.022366e-01
3.745255e-03
1.000000e+00
4.186109e-01
4.463538e-01
5.197937e-01
6.655736e-01
3.064614e-02
0
0
0
0
1.156732e-01
0
2.572714e-01
0
0
4.045246e-01
0
6.856882e-02
0
2.430258e-01
2.516364e-01
4.141220e-03
5.199381e-02
0
3.689122e-01
2.097711e-01
0
0
1.734509e-03
3.398852e-01
2.615576e-01
0
1.114317e-01
0
0
3.357721e-02
0
0
0
0
0
0
5.162751e-01
0
1.204662e-01
2.383488e-01
3.390111e-01
0
4.071317e-01
0
0
0
0
0
0
0
0
1.795138e-01
2.347301e-01
0
5.111375e-01
0
3.334348e-02
0
0
4.843285e-02
0
0
2.235388e-01
2.159466e-01
8.306739e-02
0
0
0
0
0
0
0
0
0
0
1.455184e-01
1.306782e-01
3.947458e-01
3.277959e-01
0
6.431180e-03
6.447386e-02
4.691395e-01
2.566451e-01
5.536432e-01
2.130329e-01
6.716216e-02
3.562642e-01
1.922237e-01
0
2.332512e-01
0
2.145984e-01
0
0
7.630547e-02
0
0
0
0
0
9.643447e-02
3.683087e-01
0
1.207694e-01
1.237420e-01
2.522612e-01
4.318353e-01
5.811643e-01
4.067053e-01
4.186109e-01
1
4.189284e-01
6.098113e-01
6.018962e-01
0
0
0
0
0
9.672832e-02
0
0
0
0
2.156551e-01
0
0
0
0
0
2.022869e-02
0
0
7.303671e-02
3.129400e-02
0
0
0
0
8.159168e-02
0
9.817535e-02
0
5.561059e-02
1.483349e-01
0
0
2.613873e-02
0
0
0
2.149679e-01
0
1.611953e-01
0
4.880891e-01
0
2.606977e-01
0
0
2.016316e-01
7.321727e-02
0
0
3.236408e-01
2.394142e-02
2.846862e-01
8.538168e-04
0
3.214783e-01
0
0
0
0
0
0
7.281718e-02
1.199917e-01
4.238664e-01
3.209267e-01
3.566847e-01
2.850311e-01
0
0
0
0
0
0
0
0
3.574535e-01
3.274491e-01
5.882478e-01
3.241559e-01
2.916497e-01
2.073112e-01
6.445689e-02
2.798997e-01
1.731768e-01
2.166957e-01
0
4.349431e-02
0
0
1.393141e-02
2.244897e-01
0
0
0
0
0
5.583292e-02
1.312306e-01
1.151731e-01
5.281507e-02
0
2.380998e-01
5.093717e-01
0
0
0
3.284238e-01
3.825769e-01
7.583639e-01
1.606739e-01
4.463538e-01
4.189284e-01
1.000000e+00
4.588552e-01
6.323415e-01
0
0
0
0
0
0
0
0
0
0
1.092961e-01
0
0
0
0
0
0
0
2.555726e-01
4.383644e-01
1.473311e-01
0
0
5.060230e-02
5.462585e-02
0
1.802947e-01
8.308798e-02
0
0
4.260835e-01
0
0
0
0
0
0
2.619083e-01
0
0
0
0
0
2.237568e-01
0
0
1.212694e-01
0
0
0
3.161111e-01
0
4.274786e-01
3.063373e-02
0
0
0
0
0
0
1.243705e-01
0
0
1.461242e-01
9.634485e-02
8.053553e-02
0
0
0
0
0
0
0
0
0
0
6.922225e-01
5.538105e-01
8.238904e-01
7.051006e-01
9.791792e-02
1.850917e-01
1.564617e-01
5.607894e-01
6.852601e-01
6.348106e-01
3.280656e-01
0
1.913734e-01
0
1.512977e-01
6.182372e-01
2.284052e-01
3.564447e-01
0
0
0
0
0
1.429131e-03
1.923673e-02
0
0
2.178738e-01
9.133221e-03
0
0
7.274051e-02
0
2.955749e-01
3.680481e-01
5.197937e-01
6.098113e-01
4.588552e-01
1.000000e+00
8.788576e-01
3.301179e-02
0
0
0
0
0
0
0
0
0
4.590622e-01
1.655429e-01
2.262759e-03
2.939375e-02
3.908659e-01
2.911070e-01
0
1.260915e-01
0
4.129489e-01
2.233121e-01
0
1.772325e-01
2.183723e-01
3.144676e-01
1.401525e-01
4.893864e-02
9.400819e-02
0
0
2.224278e-01
0
0
0
0
0
0
3.400550e-01
0
1.034763e-01
0
1.872883e-01
0
2.508280e-01
0
0
5.627061e-02
0
0
0
1.663781e-01
0
3.984300e-01
1.586294e-03
0
1.024287e-01
0
0
0
0
2.560562e-02
0
0
2.953312e-01
1.830311e-01
1.786359e-01
7.958996e-02
0
0
0
0
0
0
0
0
0
6.851253e-01
6.491962e-01
8.612944e-01
7.039228e-01
2.864306e-01
4.208513e-01
1.834733e-01
5.101332e-01
5.746419e-01
6.301407e-01
2.911739e-02
0
1.895591e-01
0
0
4.646837e-01
0
1.267451e-01
0
0
6.058466e-03
0
0
0
1.230440e-02
0
1.036696e-01
4.840417e-01
7.334620e-02
0
0
2.193595e-01
6.876481e-02
4.557740e-01
2.118837e-01
6.655736e-01
6.018962e-01
6.323415e-01
8.788576e-01
1
1.079734e-02
0
0
0
0
0
0
0
0
0
5.359206e-01
0
4.080649e-02
0
2.448560e-01
1.818379e-01
0
0
0
3.800244e-01
1.837644e-01
0
1.737437e-01
2.384816e-01
2.104821e-01
2.396580e-02
1.047001e-01
0
6.407488e-02
2.046444e-01
4.863937e-02
1.733837e-01
3.702161e-01
4.604759e-01
2.564129e-01
4.081355e-01
0
4.639381e-02
2.809526e-01
2.259480e-01
4.136612e-02
1.111873e-01
0
0
8.539779e-02
5.201241e-02
1.687418e-01
2.798760e-01
0
4.023172e-02
1.061527e-01
0
1.573953e-01
6.513827e-02
0
0
0
0
0
0
8.625083e-02
0
0
3.484723e-03
0
0
0
0
0
0
0
0
0
0
0
0
0
1.703266e-01
8.929363e-02
3.201721e-01
0
0
0
0
1.731419e-01
2.365218e-01
2.988840e-01
4.095090e-01
0
0
6.205691e-02
4.124540e-01
1.776522e-02
0
0
3.017200e-01
2.313496e-02
0
0
0
0
1.285731e-01
0
0
0
0
0
0
0
0
0
3.064614e-02
0
0
3.301179e-02
1.079734e-02
1
6.152435e-01
6.855335e-01
2.827781e-01
3.457839e-01
7.861384e-02
1.499538e-01
1.709970e-02
0
0
5.529493e-01
0
3.041149e-01
1.462597e-01
4.150553e-01
2.201736e-01
0
1.099437e-01
0
0
1.224853e-01
0
2.384247e-01
0
1.563337e-01
1.863873e-01
1.430202e-01
0
5.376639e-01
2.179616e-01
6.009796e-02
0
7.903804e-01
1.059179e-01
3.727388e-01
3.789289e-01
1.996709e-01
0
5.165824e-01
0
0
0
0
0
2.400355e-02
0
6.281880e-02
2.244597e-01
1.587370e-01
1.724362e-01
2.012531e-01
3.974664e-02
0
0
0
0
3.073575e-01
0
1.019581e-01
0
1.993712e-01
1.536291e-01
3.233608e-01
0
1.161370e-02
0
9.739677e-04
0
0
0
0
0
0
0
0
0
0
0
0
1.807239e-01
0
0
0
0
0
0
2.789948e-01
1.251526e-01
0
0
2.929505e-01
1.795240e-01
2.706612e-01
7.662050e-02
0
2.673669e-01
1.942196e-01
0
0
0
1.259859e-01
1.965383e-01
0
0
0
0
0
0
0
0
0
0
0
0
0
0
6.152435e-01
1
5.179032e-01
6.267226e-01
3.256968e-01
0
1.719083e-01
0
0
2.033322e-01
1.371151e-01
3.348110e-01
0
3.055973e-01
9.228246e-02
2.103819e-01
0
2.442562e-01
0
0
0
2.730692e-02
3.748141e-01
0
3.056483e-02
0
0
6.934982e-02
2.002674e-01
1.259170e-01
7.925370e-02
6.200146e-01
1.923657e-01
5.653501e-01
4.248850e-01
6.658645e-01
1.047244e-01
7.618740e-02
1.748974e-01
3.575282e-01
3.004396e-01
8.102594e-02
0
0
2.883597e-01
2.096476e-01
0
2.810335e-01
3.621014e-01
5.098907e-01
0
4.886826e-02
8.767875e-02
2.887100e-01
0
0
1.618998e-01
0
0
0
7.880420e-02
5.324773e-02
0
7.928860e-02
0
0
0
0
0
0
0
0
0
0
0
0
0
0
0
1.359100e-01
0
0
0
0
0
0
0
4.230467e-01
0
1.339698e-01
1.256334e-01
1.960498e-01
0
0
1.297468e-01
4.599500e-01
0
1.795526e-02
0
0
0
9.829412e-02
0
0
0
0
0
0
0
0
0
0
0
0
0
0
6.855335e-01
5.179032e-01
1
4.580332e-01
4.787936e-01
2.740191e-01
0
1.677567e-01
0
0
2.930049e-01
2.695418e-02
1.946148e-01
0
2.522016e-01
4.038416e-01
0
4.483834e-02
0
0
2.387314e-01
9.109778e-03
1.092498e-01
0
1.227346e-01
2.920655e-01
1.611741e-02
0
7.064564e-01
3.131981e-01
8.806884e-02
2.104293e-01
6.111724e-01
5.471381e-02
6.016825e-01
4.708851e-01
3.820379e-01
0
3.472093e-01
0
2.335124e-01
0
0
0
0
0
0
9.783389e-02
3.659371e-01
3.147563e-01
4.568616e-02
4.491330e-02
0
0
0
0
4.402703e-01
1.081012e-01
9.726283e-02
0
3.243052e-01
2.097893e-01
3.025628e-01
0
0
0
0
0
4.057032e-02
0
5.656813e-02
0
7.464379e-03
0
0
0
0
0
0
1.690107e-02
0
0
0
0
0
0
6.315172e-02
4.359011e-02
0
0
3.201207e-01
8.267825e-02
2.241316e-01
0
0
2.352274e-01
0
0
0
0
0
3.288968e-03
0
0
8.648234e-02
0
0
0
0
0
5.934844e-02
0
0
0
0
0
2.827781e-01
6.267226e-01
4.580332e-01
1
4.170798e-01
1.974070e-01
1.651046e-01
3.245222e-01
0
4.629578e-02
0
5.656753e-01
0
1.063605e-01
1.428100e-01
4.634080e-01
0
5.428034e-01
0
0
2.563247e-02
1.622854e-01
3.719953e-01
0
2.919664e-01
2.354558e-01
1.843643e-01
9.996778e-02
1.692471e-01
3.037521e-01
8.766792e-02
2.864062e-01
2.559457e-01
1.812597e-01
4.600253e-01
3.100321e-01
2.861299e-01
0
2.589238e-01
8.662877e-02
1.548407e-01
0
0
0
1.322859e-01
1.601305e-01
0
0
1.689485e-02
3.160714e-01
0
0
0
1.734501e-01
0
0
2.047215e-02
0
1.573413e-01
7.643601e-02
1.611497e-01
1.827466e-01
0
0
0
0
0
1.064567e-01
0
0
0
0
0
3.782603e-04
0
0
0
0
0
0
0
0
0
0
0
0
1.356060e-01
2.272553e-03
0
0
6.436621e-02
0
3.022010e-03
0
1.084698e-01
1.948231e-01
0
0
0
0
0
0
0
0
0
0
0
4.415198e-02
0
0
4.323839e-02
0
0
0
0
0
3.457839e-01
3.256968e-01
4.787936e-01
4.170798e-01
1.000000e+00
5.461373e-01
4.580030e-01
4.747138e-01
9.618230e-02
3.577613e-02
1.827471e-01
0
3.171076e-01
1.000155e-01
4.985539e-01
5.962053e-01
3.444373e-02
3.625203e-01
1.789670e-01
3.971531e-01
5.212569e-01
1.643457e-01
2.500546e-01
0
4.771853e-01
5.112875e-01
1.311668e-01
2.864733e-01
1.151544e-01
5.227359e-01
2.470099e-01
5.602355e-01
0
4.902547e-01
5.959287e-01
4.771250e-01
2.902184e-01
2.818367e-01
4.741274e-01
4.410944e-01
7.057637e-01
2.630508e-01
0
0
3.522443e-01
2.575488e-01
0
0
7.431972e-02
4.371612e-01
0
9.193814e-02
7.908612e-02
6.116254e-01
0
0
3.278889e-02
1.216501e-01
0
0
1.896330e-01
1.042533e-01
0
0
0
0
0
8.520423e-02
0
0
0
0
0
0
0
0
0
0
0
0
0
0
0
9.627207e-02
0
7.418341e-02
8.938075e-02
4.589406e-01
0
2.161789e-01
1.244330e-01
3.955702e-02
0
0
1.122634e-02
0
0
0
0
0
0
0
0
0
0
0
3.233190e-02
2.036357e-01
1.479403e-01
0
2.445860e-01
1.156732e-01
9.672832e-02
0
0
0
7.861384e-02
0
2.740191e-01
1.974070e-01
5.461373e-01
1
0
4.685918e-01
0
0
6.438945e-02
0
7.597940e-02
0
2.932150e-01
5.700367e-01
2.786510e-01
4.020811e-01
1.072642e-01
2.950787e-01
5.056315e-01
0
0
0
4.151650e-01
7.813372e-01
0
0
8.373862e-03
1.576541e-02
0
0
2.878503e-01
0
1.025099e-01
0
0
0
0
0
0
0
0
0
0
0
0
0
0
0
0
0
0
0
7.810270e-02
0
7.665525e-02
1.195576e-01
5.407049e-01
4.775428e-01
2.028476e-01
3.309664e-01
2.139380e-01
0
2.174871e-01
0
9.445504e-02
4.013420e-02
5.128835e-01
4.410017e-01
4.231776e-01
3.761538e-01
5.585690e-01
6.110978e-01
4.768703e-01
3.004764e-01
1.741800e-01
0
0
0
5.849369e-01
4.656357e-01
0
0
0
0
8.373386e-02
0
0
0
0
0
4.127395e-01
1.976811e-01
0
0
0
0
0
0
8.065409e-02
2.304736e-02
1.388615e-01
0
8.666941e-02
2.882971e-02
0
0
0
0
0
0
0
0
0
0
1.499538e-01
1.719083e-01
0
1.651046e-01
4.580030e-01
0
1.000000e+00
1.057177e-02
5.533633e-01
4.861245e-01
0
0
2.513462e-02
1.199743e-01
1.909866e-02
0
0
0
5.062637e-02
1.903662e-02
0
2.827863e-01
2.235817e-01
5.218763e-01
0
0
4.594852e-01
3.120301e-01
1.061755e-01
1.332779e-01
3.548522e-01
1.728261e-01
5.887912e-02
1.173643e-01
1.751651e-01
3.010336e-02
0
5.251927e-02
3.407413e-02
3.208718e-01
1.112095e-01
0
0
0
2.766385e-01
3.893488e-01
7.411072e-02
2.254168e-01
1.600581e-01
4.666179e-01
1.514059e-01
4.027166e-01
3.960382e-01
3.545816e-01
0
0
0
0
0
0
0
0
0
0
0
0
0
2.576989e-01
0
0
0
0
0
0
0
0
0
1.889173e-01
5.744322e-02
0
0
0
2.543388e-01
1.437061e-01
1.714240e-01
6.271930e-02
1.971426e-02
5.918863e-04
3.125230e-02
4.339056e-02
0
1.923918e-01
0
0
3.386282e-01
5.229220e-01
0
0
0
2.220156e-02
0
9.104907e-02
0
0
0
0
0
1.670559e-01
0
0
0
2.572714e-01
0
0
0
0
1.709970e-02
0
1.677567e-01
3.245222e-01
4.747138e-01
4.685918e-01
1.057177e-02
1.000000e+00
0
2.994282e-02
2.097720e-01
0
4.230195e-01
2.658620e-02
5.944292e-01
5.693693e-01
2.774885e-01
4.886829e-01
0
5.353337e-01
6.371116e-01
0
2.607607e-01
4.411078e-02
8.088522e-01
6.127850e-01
1.071583e-01
5.209868e-02
0
0
0
0
0
0
0
0
0
0
0
0
0
0
5.058414e-01
3.650133e-01
0
5.153907e-02
0
0
0
0
0
0
0
0
5.975768e-01
3.377987e-01
0
0
2.430722e-01
2.693268e-01
0
0
1.685061e-01
2.988006e-01
1.214829e-01
1.979323e-01
3.710705e-01
0
5.341450e-01
6.655292e-01
3.519496e-01
4.651044e-01
7.584849e-01
6.553446e-01
6.674184e-01
4.108749e-01
1.003455e-01
0
0
0
7.223216e-01
5.923703e-01
3.614984e-01
1.473362e-01
2.726980e-02
0
0
0
3.771735e-01
0
0
0
4.983585e-02
0
3.542028e-01
1.044231e-02
1.849687e-01
1.944030e-01
4.067661e-01
2.743856e-01
4.533576e-01
3.027329e-01
3.673249e-01
2.468253e-01
3.690193e-01
2.327136e-01
5.124247e-01
3.644745e-01
9.419457e-02
0
0
0
0
0
0
0
0
0
0
0
9.618230e-02
0
5.533633e-01
0
1
6.237172e-01
0
0
2.031137e-01
1.910843e-01
0
0
0
0
7.480043e-02
0
0
6.763924e-01
2.174454e-01
5.593994e-01
0
0
3.525366e-02
0
0
0
0
0
1.525485e-01
0
0
0
7.236753e-03
0
0
0
0
0
4.547698e-01
1.715107e-01
0
0
0
0
0
0
0
0
0
0
3.329733e-01
0
1.035092e-03
4.002575e-02
4.470558e-01
4.403590e-01
0
0
3.249200e-01
7.837056e-02
0
9.508528e-02
1.368629e-01
9.328875e-02
6.720187e-01
7.459545e-01
5.626975e-01
6.693064e-01
7.323884e-01
7.673890e-01
7.685415e-01
7.051719e-01
2.410025e-01
3.200518e-02
0
0
4.966440e-01
4.926757e-01
1.961922e-01
0
1.045900e-01
0
1.331478e-01
0
3.630179e-02
0
0
0
3.064160e-01
2.953458e-01
2.396827e-01
2.548601e-01
1.409252e-01
1.707495e-01
2.983601e-01
1.833594e-01
4.384729e-01
3.527556e-01
1.380234e-01
3.631996e-02
3.725184e-01
3.118545e-01
1.670669e-01
0
0
0
0
0
0
0
0
0
0
2.033322e-01
0
4.629578e-02
3.577613e-02
0
4.861245e-01
2.994282e-02
6.237172e-01
1.000000e+00
0
0
2.338074e-01
4.304175e-01
0
0
1.520879e-01
0
0
0
0
5.930476e-01
3.239857e-01
4.285050e-01
0
0
4.560369e-01
2.506327e-01
0
0
8.089966e-02
0
0
2.017030e-01
0
0
0
4.996744e-01
0
4.654631e-01
1.190014e-01
2.315965e-01
0
0
2.062067e-01
1.175176e-01
2.296182e-01
1.482143e-01
0
0
0
0
6.014096e-01
3.966108e-01
0
0
0
0
0
0
0
0
0
2.344704e-01
0
1.505269e-01
0
0
0
0
0
0
0
0
0
0
3.929998e-01
6.911378e-01
6.014338e-01
6.077603e-01
0
1.581679e-01
1.259039e-01
4.410744e-01
6.496587e-01
7.266827e-01
2.154137e-01
1.937448e-01
3.967904e-02
1.114602e-01
0
4.588832e-01
0
0
5.639319e-02
2.964422e-01
0
0
0
0
0
0
0
0
0
0
0
0
0
1.215894e-02
0
4.045246e-01
2.156551e-01
1.092961e-01
4.590622e-01
5.359206e-01
5.529493e-01
1.371151e-01
2.930049e-01
0
1.827471e-01
6.438945e-02
0
2.097720e-01
0
0
1.000000e+00
0
6.840385e-01
1.925404e-01
6.252234e-01
3.500342e-01
1.848554e-01
1.237211e-01
0
3.685034e-01
4.189984e-01
0
4.754928e-01
0
3.855838e-01
3.490635e-01
0
0
6.326263e-01
1.420283e-01
2.038915e-01
0
2.439425e-01
0
2.047285e-01
5.932203e-02
5.837385e-01
0
1.144072e-01
0
1.645592e-01
0
1.330425e-01
2.246777e-01
0
0
0
1.387117e-01
3.691152e-01
2.436527e-01
2.225501e-01
1.092031e-01
0
0
0
0
4.241963e-01
8.605005e-02
0
0
2.846914e-01
1.483115e-01
4.666525e-01
0
0
0
4.534112e-02
2.065134e-01
0
0
0
0
0
0
0
0
0
0
0
2.075902e-01
0
0
0
0
0
0
0
0
0
0
5.457223e-01
2.106633e-01
3.668920e-01
1.718655e-01
0
8.055928e-02
3.117565e-01
0
1.206105e-01
2.626650e-01
1.332788e-03
7.668810e-02
0
0
4.345368e-01
3.381858e-01
0
0
0
0
6.119368e-01
0
0
0
1.655429e-01
0
0
3.348110e-01
2.695418e-02
5.656753e-01
0
0
0
0
0
0
0
1
0
1.594191e-01
0
3.781335e-01
1.043370e-01
4.481881e-01
1.645288e-01
0
0
0
8.485165e-02
0
8.047013e-02
5.048592e-02
5.304190e-01
3.536973e-01
0
0
0
0
0
1.677322e-01
0
0
0
3.973729e-01
0
3.914894e-01
0
1.020151e-01
0
0
4.509954e-01
4.240984e-01
2.961485e-01
2.463705e-01
0
0
0
0
4.915625e-01
3.967652e-01
0
0
0
0
0
0
0
0
0
1.429360e-01
0
5.514775e-02
0
0
0
0
0
0
1.393783e-02
1.472414e-01
2.876803e-01
2.394247e-01
2.664051e-01
4.059235e-01
2.658568e-01
2.410719e-02
7.289924e-02
1.336836e-01
2.974825e-01
3.888967e-01
4.866799e-01
3.969502e-01
7.846687e-02
0
3.182764e-01
3.143920e-01
0
5.243968e-02
0
0
5.235286e-01
5.609149e-01
0
0
0
0
0
9.635456e-02
0
0
0
0
0
1.879006e-02
0
0
0
6.856882e-02
0
0
2.262759e-03
4.080649e-02
3.041149e-01
0
1.946148e-01
0
3.171076e-01
7.597940e-02
2.513462e-02
4.230195e-01
2.031137e-01
2.338074e-01
6.840385e-01
0
1
5.300379e-01
5.815510e-01
1.784207e-01
1.659572e-01
0
0
3.365746e-01
4.742097e-01
2.056144e-01
5.406149e-01
1.411211e-01
2.694318e-01
2.912520e-01
4.651882e-01
0
0
0
0
0
9.223571e-02
0
0
0
1.214033e-01
1.083372e-01
2.010717e-01
0
0
0
2.572715e-01
2.454511e-02
2.024769e-01
1.930038e-01
4.315786e-01
1.989982e-01
0
0
0
0
7.242355e-02
3.040844e-02
2.319096e-01
5.857695e-02
0
0
0
5.120659e-02
0
0
0
8.891264e-02
0
0
0
0
2.307987e-02
8.928837e-02
0
9.787646e-02
5.783529e-02
9.714587e-02
2.731638e-01
2.292857e-01
2.553749e-01
2.232291e-02
0
0
1.514699e-01
1.762306e-02
1.915024e-01
1.225496e-01
4.476749e-01
8.649185e-02
3.052439e-01
0
2.944646e-01
2.080107e-01
0
0
2.608641e-01
1.997779e-01
4.356392e-01
4.007447e-01
2.463248e-01
0
9.717000e-02
4.029134e-02
2.391556e-01
4.662341e-02
0
0
3.416482e-02
0
1.482640e-03
0
0
0
0
0
0
0
2.939375e-02
0
1.462597e-01
3.055973e-01
0
1.063605e-01
1.000155e-01
0
1.199743e-01
2.658620e-02
1.910843e-01
4.304175e-01
1.925404e-01
1.594191e-01
5.300379e-01
1
1.852982e-01
0
1.046290e-02
1.378932e-01
0
4.361683e-02
1.300540e-01
4.301344e-01
4.724111e-01
1.467077e-01
0
0
4.148566e-01
3.348990e-01
3.670712e-02
1.851127e-01
4.122766e-01
6.254707e-02
3.703834e-02
8.823996e-02
1.833877e-02
0
0
1.642127e-01
9.037648e-02
2.068458e-01
1.329528e-01
0
0
0
2.342189e-01
2.108333e-01
1.529667e-01
2.555389e-01
0
1.208368e-01
1.062273e-01
1.147593e-01
5.337449e-01
4.116389e-01
0
0
0
0
0
0
0
0
0
0
0
0
0
7.106906e-02
0
0
0
0
0
0
0
0
2.807907e-01
4.347141e-01
5.212273e-01
4.745893e-01
0
0
4.211657e-04
4.012172e-01
4.437974e-01
4.650150e-01
3.999822e-01
1.958934e-01
7.398466e-02
0
7.056456e-02
6.475973e-01
0
0
7.105877e-03
3.361578e-01
0
0
0
0
0
8.299308e-02
0
0
0
0
0
0
0
0
0
2.430258e-01
0
0
3.908659e-01
2.448560e-01
4.150553e-01
9.228246e-02
2.522016e-01
1.428100e-01
4.985539e-01
2.932150e-01
1.909866e-02
5.944292e-01
0
0
6.252234e-01
0
5.815510e-01
1.852982e-01
1
5.971132e-01
0
4.869792e-01
0
6.334032e-01
6.395319e-01
0
4.266881e-01
2.530189e-01
6.989981e-01
5.779634e-01
3.395374e-01
2.485697e-01
2.930694e-01
2.882338e-01
3.625791e-01
2.203510e-01
4.811240e-02
2.334156e-02
2.620946e-01
2.343303e-01
3.821331e-01
1.697411e-01
1.614425e-01
2.213878e-01
3.904030e-01
0
0
0
2.927862e-01
2.095979e-01
0
4.539239e-02
2.301423e-01
3.617115e-01
7.930216e-03
2.269234e-02
1.811936e-01
4.092403e-01
0
0
0
0
0
0
1.796786e-01
0
0
6.277145e-02
0
0
0
1.615414e-01
0
0
0
0
0
0
0
0
0
8.005486e-02
1.557053e-01
3.248707e-01
0
0
4.348130e-02
3.051686e-01
1.081083e-01
9.303089e-02
1.041173e-01
1.398832e-02
8.856819e-02
6.223712e-04
2.908332e-01
4.140310e-01
0
0
7.659200e-02
2.974073e-01
0
0
0
1.215152e-02
0
0
0
0
3.469794e-05
0
0
1.587589e-01
0
0
4.262984e-01
2.516364e-01
0
0
2.911070e-01
1.818379e-01
2.201736e-01
2.103819e-01
4.038416e-01
4.634080e-01
5.962053e-01
5.700367e-01
0
5.693693e-01
0
0
3.500342e-01
3.781335e-01
1.784207e-01
0
5.971132e-01
1
2.543951e-01
5.559399e-01
1.831859e-03
5.355344e-01
7.014878e-01
0
2.690111e-01
0
7.712656e-01
7.535621e-01
2.420038e-02
0
3.539860e-02
0
0
0
0
0
0
0
1.178287e-01
0
0
0
3.272215e-03
0
1.836005e-01
2.178562e-01
0
0
0
0
4.759967e-02
1.990388e-01
2.664243e-03
1.648944e-01
0
8.876164e-02
0
0
0
0
0
0
0
0
9.546113e-02
2.971709e-01
0
3.862027e-01
1.751424e-01
5.625277e-01
0
0
0
4.128937e-02
0
0
0
1.701071e-01
0
1.880176e-01
0
5.693341e-02
0
0
3.281679e-01
8.454411e-02
2.187164e-01
1.787479e-01
2.659987e-02
0
0
0
1.174778e-01
0
1.829956e-02
2.189142e-01
2.048906e-01
2.248595e-01
0
7.039516e-03
0
2.303752e-01
0
5.629866e-02
0
0
3.630030e-01
3.950948e-01
2.175547e-01
1.791548e-01
1.359887e-01
0
2.490635e-01
4.141220e-03
2.022869e-02
0
0
0
0
0
0
0
3.444373e-02
2.786510e-01
0
2.774885e-01
0
1.520879e-01
1.848554e-01
1.043370e-01
1.659572e-01
1.046290e-02
0
2.543951e-01
1.000000e+00
8.469943e-02
4.496489e-02
0
1.585622e-01
2.875863e-02
0
0
8.269728e-02
2.317991e-01
1.126452e-01
0
5.228995e-01
5.059839e-01
4.097439e-01
1.027434e-01
3.641645e-01
2.461465e-02
4.272921e-01
2.017489e-01
1.751695e-01
0
3.524739e-01
0
3.040023e-01
0
0
0
0
7.856728e-03
1.249256e-01
1.665148e-01
8.105663e-03
1.966277e-01
3.447676e-01
3.942678e-01
6.672949e-02
2.930722e-01
0
0
1.732517e-01
6.238282e-02
0
0
4.247915e-01
2.724616e-01
0
0
0
0
0
1.671862e-01
0
0
0
0
0
0
0
0
0
1.843082e-01
1.211077e-01
3.287466e-01
0
0
0
0
5.967214e-02
7.830249e-02
1.924552e-01
1.338300e-01
0
0
3.351326e-01
4.119889e-01
2.430866e-01
1.631549e-01
0
1.210118e-01
0
0
0
0
0
0
0
0
0
0
0
0
0
0
1.861454e-01
5.199381e-02
0
0
1.260915e-01
0
1.099437e-01
2.442562e-01
4.483834e-02
5.428034e-01
3.625203e-01
4.020811e-01
0
4.886829e-01
0
0
1.237211e-01
4.481881e-01
0
1.378932e-01
4.869792e-01
5.559399e-01
8.469943e-02
1
0
4.323309e-01
4.014519e-01
0
1.400785e-01
0
6.461496e-01
5.086139e-01
0
2.321807e-01
3.224054e-01
3.069797e-01
2.523866e-02
3.534156e-03
2.306255e-01
0
2.197964e-01
5.814165e-02
2.889376e-01
0
6.532271e-02
0
1.565625e-01
4.712682e-02
1.408138e-01
1.277375e-01
1.048406e-02
2.861740e-02
6.900395e-02
4.443204e-02
3.924888e-01
3.347855e-01
6.185099e-02
0
0
0
9.717793e-02
1.789746e-01
3.848605e-01
1.172871e-01
4.389019e-03
0
0
5.968136e-02
2.240536e-01
0
1.813563e-01
2.735559e-01
3.787200e-01
5.132757e-01
0
0
0
0
0
0
0
0
0
0
0
0
3.526553e-02
0
3.612580e-02
9.382717e-02
0
0
0
0
0
0
1.866750e-01
0
0
0
6.193872e-02
0
9.961350e-02
1.888935e-01
2.158721e-01
2.931718e-01
2.122406e-01
5.635084e-02
2.822533e-01
0
1.222634e-01
9.679297e-02
2.003528e-01
9.664796e-02
3.328992e-01
4.916455e-02
3.969221e-01
0
0
2.555726e-01
0
0
0
0
0
0
1.789670e-01
1.072642e-01
5.062637e-02
0
7.480043e-02
0
0
1.645288e-01
0
0
0
1.831859e-03
4.496489e-02
0
1.000000e+00
2.126675e-01
8.251200e-02
0
0
1.020635e-01
0
0
3.885158e-01
4.801597e-01
0
2.069570e-01
3.768505e-01
4.753199e-02
0
6.510464e-02
0
0
0
3.206603e-01
0
3.576682e-01
9.506667e-02
2.129580e-01
0
0
2.578135e-01
4.085666e-01
2.810538e-01
2.370910e-01
0
2.066875e-01
1.721981e-01
9.876476e-02
5.617204e-01
4.004062e-01
0
0
0
0
0
0
0
0
0
0
0
8.160746e-02
0
2.515894e-01
0
0
0
0
0
0
0
0
2.476144e-01
3.114824e-01
5.264302e-01
2.172979e-01
0
0
2.311173e-01
5.168845e-01
2.937173e-01
2.316269e-01
0
0
1.453190e-01
9.636980e-02
0
3.959869e-01
0
0
2.469447e-01
2.760346e-01
0
0
0
1.614186e-02
0
0
0
0
0
0
0
3.876627e-01
0
2.944649e-01
1.455213e-01
3.689122e-01
7.303671e-02
4.383644e-01
4.129489e-01
3.800244e-01
0
0
0
0
3.971531e-01
2.950787e-01
1.903662e-02
5.353337e-01
0
0
3.685034e-01
0
3.365746e-01
4.361683e-02
6.334032e-01
5.355344e-01
0
4.323309e-01
2.126675e-01
1
8.340498e-01
0
1.426878e-01
1.481378e-01
7.515554e-01
3.972987e-01
4.360948e-01
5.723740e-01
0
6.727419e-02
2.297656e-01
2.365408e-01
0
1.563745e-01
0
0
1.316919e-01
4.921355e-01
0
5.091134e-01
2.762376e-01
2.207107e-01
0
0
4.384998e-01
4.789626e-01
1.954741e-01
2.769534e-01
0
3.260679e-01
0
7.069810e-02
5.409723e-01
5.859397e-01
0
0
0
0
0
0
0
0
0
0
0
0
0
1.575059e-01
0
0
0
0
0
0
0
0
3.261046e-04
1.271341e-01
2.877622e-01
8.118611e-02
0
0
3.139597e-01
5.600000e-01
1.994282e-01
1.663493e-01
0
0
3.744640e-01
2.753470e-01
0
2.433727e-01
0
0
4.994914e-01
4.734967e-01
0
0
0
0
0
0
0
0
0
0
2.025646e-01
4.618583e-01
0
1.447983e-01
1.772655e-01
2.097711e-01
3.129400e-02
1.473311e-01
2.233121e-01
1.837644e-01
1.224853e-01
0
2.387314e-01
2.563247e-02
5.212569e-01
5.056315e-01
0
6.371116e-01
0
0
4.189984e-01
0
4.742097e-01
1.300540e-01
6.395319e-01
7.014878e-01
1.585622e-01
4.014519e-01
8.251200e-02
8.340498e-01
1.000000e+00
0
1.810722e-01
0
7.422500e-01
6.173561e-01
1.939074e-01
0
0
0
0
0
0
0
0
0
3.898581e-01
4.930355e-03
0
0
0
0
6.055003e-01
2.288863e-01
1.047907e-01
8.811255e-02
0
0
0
0
0
0
0
0
7.034767e-01
3.265159e-01
2.260011e-02
2.215595e-01
2.680902e-01
2.598047e-01
0
0
1.294259e-01
2.972764e-01
0
0
6.402640e-02
0
5.762901e-01
6.693609e-01
3.933298e-01
5.451872e-01
6.885018e-01
5.687822e-01
6.431045e-01
4.603802e-01
0
0
0
0
4.002537e-01
3.146163e-01
2.614005e-01
0
0
0
0
0
4.879092e-01
1.304811e-01
0
0
0
0
4.780436e-01
1.867409e-01
1.346658e-01
5.842251e-02
8.174760e-02
0
1.051461e-01
0
2.091014e-01
1.727098e-03
3.906658e-01
4.286021e-01
6.112646e-01
1.691221e-01
1.564688e-01
0
0
0
0
0
0
0
0
2.730692e-02
9.109778e-03
1.622854e-01
1.643457e-01
0
2.827863e-01
0
6.763924e-01
5.930476e-01
0
0
2.056144e-01
4.301344e-01
0
0
2.875863e-02
0
0
0
0
1.000000e+00
3.290077e-01
1.675603e-01
0
0
6.168518e-01
2.299839e-01
4.770313e-02
0
0
0
2.492140e-01
0
0
0
1.524271e-01
1.291637e-01
1.227866e-01
8.590926e-02
0
0
0
0
2.396562e-01
2.152055e-01
2.937891e-01
2.351142e-01
0
0
0
0
1.814006e-01
1.689277e-04
5.988271e-02
0
0
0
0
0
0
0
3.222951e-02
0
0
0
0
0
0
4.140441e-02
0
0
1.945416e-02
9.935315e-02
2.070516e-01
0
4.370816e-01
3.114643e-01
3.526045e-01
1.832546e-01
2.475434e-01
3.106599e-01
1.769412e-01
1.643579e-01
4.633525e-01
1.655785e-01
2.069328e-01
0
2.113972e-01
0
0
9.028793e-02
0
0
1.919980e-01
3.723556e-01
1.207809e-01
0
1.135736e-01
0
1.558575e-01
9.511367e-02
0
0
0
0
0
0
0
0
0
0
0
0
1.772325e-01
1.737437e-01
2.384247e-01
3.748141e-01
1.092498e-01
3.719953e-01
2.500546e-01
0
2.235817e-01
2.607607e-01
2.174454e-01
3.239857e-01
4.754928e-01
8.485165e-02
5.406149e-01
4.724111e-01
4.266881e-01
2.690111e-01
0
1.400785e-01
0
1.426878e-01
1.810722e-01
3.290077e-01
1
4.337289e-01
3.669537e-01
8.509078e-02
8.241458e-02
3.195304e-02
0
0
0
0
4.288334e-02
0
0
0
0
0
0
0
0
0
2.142077e-01
2.087609e-01
0
0
4.571189e-02
0
2.441783e-02
0
0
0
0
0
2.538979e-01
1.628632e-02
0
0
5.077537e-02
1.317503e-01
0
0
2.312071e-02
0
0
0
0
4.626666e-02
2.564954e-01
3.626734e-01
5.401030e-02
1.428536e-01
3.844618e-01
3.960152e-01
3.140067e-01
6.239383e-02
5.245821e-01
1.398612e-01
3.832426e-01
0
5.212526e-01
5.442676e-01
2.607318e-01
1.760526e-01
3.396278e-01
6.715953e-02
2.342215e-01
0
2.106652e-01
0
0
5.611068e-02
2.788089e-01
1.053714e-01
0
0
3.179442e-01
1.942068e-01
4.317310e-01
2.425501e-01
5.203079e-01
4.064794e-01
2.020622e-01
2.592744e-01
2.972591e-01
0
6.643086e-02
1.563845e-01
0
0
0
1.734509e-03
0
5.060230e-02
2.183723e-01
2.384816e-01
0
0
0
0
0
0
5.218763e-01
4.411078e-02
5.593994e-01
4.285050e-01
0
0
1.411211e-01
1.467077e-01
2.530189e-01
0
0
0
1.020635e-01
1.481378e-01
0
1.675603e-01
4.337289e-01
1.000000e+00
5.928633e-02
0
5.326474e-01
3.788437e-01
1.919459e-01
3.354696e-01
5.129970e-01
7.447703e-02
1.428308e-01
6.042613e-02
1.595461e-01
8.596279e-02
0
1.720520e-01
1.165415e-01
3.439531e-01
2.117950e-01
3.793110e-02
0
0
2.706495e-01
3.730721e-01
2.159837e-01
2.995499e-01
1.318759e-01
3.046116e-01
2.821270e-01
3.160187e-01
4.707404e-01
3.789947e-01
0
0
0
0
0
0
3.263616e-02
0
0
0
0
0
0
2.220148e-01
0
0
0
0
0
0
0
0
1.465010e-01
2.739881e-01
3.742156e-01
2.812747e-01
0
0
1.488923e-01
3.138612e-01
3.117469e-01
1.738541e-01
7.830755e-02
0
0
0
5.106538e-02
4.686261e-01
0
0
1.378472e-01
3.722914e-01
0
0
0
0
0
0
0
0
0
0
0
7.712046e-02
0
0
2.381234e-02
3.398852e-01
0
5.462585e-02
3.144676e-01
2.104821e-01
1.563337e-01
3.056483e-02
1.227346e-01
2.919664e-01
4.771853e-01
4.151650e-01
0
8.088522e-01
0
0
3.855838e-01
8.047013e-02
2.694318e-01
0
6.989981e-01
7.712656e-01
8.269728e-02
6.461496e-01
0
7.515554e-01
7.422500e-01
0
3.669537e-01
5.928633e-02
1
6.818735e-01
2.668601e-01
2.849348e-01
7.967956e-02
3.390790e-01
4.084987e-01
3.028140e-01
0
2.780543e-01
3.688668e-01
3.100709e-01
1.694145e-01
3.234240e-01
3.681598e-01
4.318544e-01
5.544486e-01
1.473878e-01
0
0
3.568190e-01
2.438177e-01
0
3.970474e-02
0
2.589360e-01
2.397534e-02
2.859023e-01
3.003633e-01
6.458433e-01
0
0
0
0
0
0
1.540848e-01
2.480090e-02
0
0
0
0
0
8.572287e-02
0
0
0
0
0
0
0
0
0
1.102298e-01
7.469660e-02
2.549370e-01
0
0
0
2.495217e-01
5.849616e-02
2.598955e-01
1.934217e-01
2.859643e-01
9.396931e-02
1.889413e-01
9.215499e-02
3.289463e-01
0
0
2.128623e-02
1.427376e-01
0
0
0
0
0
0
0
0
0
0
0
2.594536e-02
0
0
1.100798e-01
2.615576e-01
8.159168e-02
0
1.401525e-01
2.396580e-02
1.863873e-01
0
2.920655e-01
2.354558e-01
5.112875e-01
7.813372e-01
0
6.127850e-01
0
0
3.490635e-01
5.048592e-02
2.912520e-01
0
5.779634e-01
7.535621e-01
2.317991e-01
5.086139e-01
0
3.972987e-01
6.173561e-01
0
8.509078e-02
0
6.818735e-01
1
