1.000000e+00
5.557947e-01
9.548730e-02
1.128676e-01
0
0
2.204366e-01
2.113419e-01
0
6.972546e-02
6.109860e-01
5.754455e-01
3.608845e-01
4.166790e-01
1.126342e-01
0
0
0
5.897106e-01
3.332380e-01
0
0
0
0
4.546747e-02
0
4.278428e-02
8.316948e-02
0
0
8.858856e-02
0
0
0
0
0
0
1.566174e-01
0
2.096705e-01
0
0
0
0
0
0
0
0
1.432164e-01
1.408899e-01
5.558059e-02
4.659784e-01
1.669166e-01
1.124724e-01
4.036395e-02
2.333911e-01
3.348460e-01
4.818297e-01
2.903129e-01
3.266075e-01
7.635203e-02
1.541442e-01
1.559196e-01
5.034405e-01
0
2.585909e-01
0
0
0
1.212822e-01
0
0
0
0
0
0
0
0
0
0
0
0
2.396118e-01
0
0
1.171314e-01
1.640094e-01
0
2.514689e-01
5.267919e-01
0
0
0
0
1.535532e-01
2.189748e-01
0
1.717713e-01
0
0
1.061440e-01
0
0
0
0
5.807169e-02
0
0
2.304340e-01
2.397972e-01
2.827525e-01
1.279627e-01
1.249433e-01
0
3.220839e-01
1.199487e-01
5.557947e-01
1.000000e+00
2.363952e-01
0
2.955984e-01
1.109359e-01
0
0
3.505645e-02
2.117539e-02
2.824817e-01
3.373351e-01
0
4.804060e-02
2.286876e-01
0
1.143140e-01
1.554398e-01
7.137108e-01
5.242077e-01
0
3.094404e-02
7.842339e-02
1.216267e-01
2.425710e-01
1.732922e-01
3.117625e-01
4.555421e-01
6.086146e-02
5.932173e-02
2.067021e-01
0
1.552188e-01
0
0
0
0
2.453998e-01
0
3.496370e-01
0
0
0
0
0
0
0
0
5.646880e-02
0
6.846913e-02
2.388073e-01
3.147506e-01
2.723278e-02
1.068805e-01
8.971298e-03
6.643373e-01
6.780621e-01
0
0
0
0
7.713482e-03
2.529069e-01
0
1.395360e-01
0
0
9.212907e-02
4.639399e-02
1.188197e-01
0
0
0
0
0
0
0
2.183628e-01
2.756201e-01
3.607642e-01
4.429278e-01
4.197957e-01
1.860814e-01
0
0
4.776103e-01
4.681776e-02
2.188722e-01
3.486641e-01
0
0
0
0
3.601270e-01
5.617679e-01
3.746005e-02
3.062558e-01
0
0
0
0
0
0
1.187628e-01
3.279996e-01
0
0
5.429019e-01
5.213448e-01
5.925885e-01
2.657292e-01
0
0
4.160738e-01
4.165497e-01
9.548730e-02
2.363952e-01
1.000000e+00
5.089700e-01
7.191097e-01
4.909669e-01
7.177817e-01
6.561746e-02
5.355181e-01
3.130977e-01
1.743177e-01
0
1.108866e-01
8.373655e-02
4.969217e-01
0
0
0
5.235781e-01
2.333832e-01
3.231157e-01
3.635610e-01
7.008781e-01
7.409506e-01
7.729630e-01
8.060825e-01
5.685207e-01
5.357133e-01
0
0
7.417941e-01
3.904248e-01
0
0
3.323872e-01
4.850151e-02
0
0
0
0
0
0
0
0
0
0
0
0
0
0
0
0
5.424492e-02
0
0
0
0
0
0
0
0
0
0
0
4.067079e-01
5.996013e-01
0
0
0
0
1.374030e-01
0
0
0
0
0
0
0
0
0
0
1.718600e-01
1.811278e-02
1.731479e-02
3.009242e-01
2.646826e-01
2.547467e-01
1.522906e-01
3.730520e-01
0
0
1.314388e-01
3.741873e-02
2.235359e-01
1.356970e-01
6.010244e-01
0
3.330679e-01
0
0
0
8.806104e-02
0
0
3.616388e-01
5.381511e-01
0
6.377372e-02
3.138496e-01
4.666599e-01
5.159774e-01
0
0
0
3.024960e-01
3.748042e-01
1.128676e-01
0
5.089700e-01
1
1.879498e-01
6.485968e-01
6.371085e-01
7.555145e-01
3.998024e-01
7.102029e-01
2.441069e-01
2.803527e-01
4.850586e-01
4.331985e-01
3.126120e-01
2.902536e-01
0
0
3.269115e-01
3.836572e-01
3.729265e-02
2.535205e-01
5.190640e-01
5.902504e-01
2.985394e-01
1.906377e-01
1.765084e-01
5.522119e-02
0
0
3.897730e-01
3.667131e-01
0
0
3.206751e-01
3.130668e-01
0
0
0
0
0
0
0
0
0
0
0
0
0
0
0
0
4.456381e-02
9.284578e-02
0
0
0
0
0
0
0
4.242731e-01
0
6.171035e-02
4.118150e-01
4.761456e-01
1.300534e-01
4.546543e-02
0
2.665377e-01
1.853913e-01
4.669696e-01
3.920481e-02
1.450655e-01
0
2.821351e-01
0
0
0
0
0
7.750101e-02
0
0
4.812087e-01
5.302413e-01
1.702858e-02
0
6.742409e-02
2.219228e-01
1.813752e-01
0
2.245795e-01
0
2.208657e-02
3.591653e-01
0
0
0
0
0
3.058542e-01
0
0
0
6.849043e-02
1.154509e-01
1.063617e-01
3.001766e-01
2.835336e-01
2.048324e-01
0
0
0
1.416872e-01
9.970939e-02
0
2.955984e-01
7.191097e-01
1.879498e-01
1
5.958964e-01
4.657826e-01
0
6.298051e-01
3.491621e-01
0
0
0
3.423559e-02
5.487849e-01
0
0
0
5.007135e-01
4.272329e-01
6.586731e-01
5.745711e-01
5.275846e-01
5.232728e-01
7.564597e-01
8.944356e-01
8.719118e-01
7.782289e-01
0
0
5.261118e-01
9.525925e-02
0
0
4.131015e-01
7.379834e-02
0
0
9.423529e-02
0
0
0
0
0
0
0
0
0
0
0
0
0
6.225396e-02
0
0
0
0
0
0
0
0
0
0
0
4.537417e-01
4.657912e-01
0
0
3.185148e-02
0
1.234511e-01
0
0
0
0
0
0
0
0
0
0
3.470764e-01
0
0
4.119162e-01
1.326928e-01
1.492106e-01
3.860058e-02
1.805307e-01
0
0
1.523823e-01
1.535803e-01
2.876353e-01
2.252337e-01
4.868061e-01
0
5.367856e-01
0
0
4.471068e-02
1.445987e-01
0
0
3.599417e-01
4.857377e-01
0
0
3.866461e-02
1.725719e-01
4.032365e-01
0
0
0
1.730768e-01
3.822818e-01
0
1.109359e-01
4.909669e-01
6.485968e-01
5.958964e-01
1
4.823047e-01
5.482057e-01
7.352470e-01
7.535248e-01
2.223290e-01
3.198806e-01
3.944629e-01
5.312410e-01
7.549137e-01
5.058575e-01
0
0
4.866965e-01
6.244180e-01
3.516617e-01
4.653479e-01
7.146567e-01
7.046415e-01
4.068899e-01
4.719030e-01
5.554189e-01
5.143253e-01
0
0
3.488931e-01
1.699517e-01
0
0
3.401034e-01
2.761981e-01
0
0
0
0
1.039949e-03
0
0
0
0
0
0
0
0
0
0
0
0
0
0
0
0
0
0
0
0
2.499601e-01
0
0
5.160616e-01
3.764110e-01
0
0
2.735701e-01
2.369328e-01
1.612041e-01
3.990829e-01
9.066884e-02
6.326849e-02
0
8.627516e-02
0
0
0
1.413276e-01
6.528857e-02
3.878129e-01
0
0
6.825937e-01
3.703005e-01
0
0
0
0
1.893887e-01
5.021550e-02
5.041524e-01
1.614674e-01
0
3.920525e-01
0
1.819781e-01
0
0
0
3.994334e-01
0
0
0
1.386040e-01
0
8.691340e-02
1.416333e-01
9.847306e-02
2.624791e-01
0
0
0
1.770015e-01
8.224551e-02
2.204366e-01
0
7.177817e-01
6.371085e-01
4.657826e-01
4.823047e-01
1.000000e+00
4.696130e-01
4.601046e-01
6.361522e-01
6.139732e-02
8.040751e-02
5.503260e-01
3.539993e-01
3.885465e-01
3.477049e-02
0
0
4.076552e-01
3.324924e-01
2.102204e-01
2.827367e-01
3.568627e-01
4.676475e-01
5.114516e-01
5.630674e-01
4.440587e-01
3.926806e-01
0
0
3.418931e-01
9.326397e-02
0
0
4.864036e-01
3.265088e-01
0
0
0
0
0
0
0
0
0
0
0
0
0
0
0
0
1.742073e-02
2.692411e-01
0
0
0
0
0
0
0
3.391726e-01
0
0
3.471215e-01
6.348710e-01
1.264154e-01
3.165204e-02
0
1.726841e-01
0
7.290941e-02
0
0
0
0
0
0
0
0
0
0
0
0
1.822802e-01
4.312978e-01
0
0
1.532716e-01
0
2.734436e-01
3.553224e-01
3.240990e-01
2.995976e-01
8.992764e-02
5.133312e-01
0
4.439909e-01
0
0
3.601228e-01
0
0
0
2.066380e-01
2.924868e-01
0
2.740503e-01
0
2.052208e-01
1.899063e-01
0
0
0
2.379786e-01
2.928427e-01
2.113419e-01
0
6.561746e-02
7.555145e-01
0
5.482057e-01
4.696130e-01
1
3.121654e-01
8.160063e-01
1.450075e-01
6.516272e-01
6.402416e-01
7.428514e-01
3.111533e-01
5.844342e-01
0
0
3.194400e-01
5.350009e-01
5.860161e-02
2.877245e-01
9.633502e-02
2.093686e-01
0
0
1.772429e-01
1.095049e-01
0
4.578122e-02
0
0
0
4.087175e-02
1.401918e-01
1.730362e-01
0
0
0
0
0
8.671611e-02
0
0
0
0
0
0
0
0
0
0
8.718247e-03
3.688286e-01
0
0
0
0
3.154223e-02
3.223494e-01
2.794939e-01
7.130222e-01
0
3.326162e-01
8.819568e-02
2.903560e-01
0
1.422236e-02
2.771440e-01
6.040857e-01
1.719757e-01
5.512564e-01
1.854140e-01
3.532601e-01
0
4.242089e-01
0
0
0
0
0
2.350955e-02
0
0
1.404492e-01
3.723611e-01
0
0
0
1.648117e-01
4.859331e-01
0
3.855839e-01
0
0
2.384098e-01
0
6.628448e-02
0
0
2.082368e-01
2.220293e-01
0
0
0
0
2.169890e-01
1.988680e-01
0
0
3.410415e-02
0
0
0
6.106655e-02
1.114718e-01
0
3.505645e-02
5.355181e-01
3.998024e-01
6.298051e-01
7.352470e-01
4.601046e-01
3.121654e-01
1
5.674355e-01
0
0
2.060557e-01
2.236572e-01
7.323740e-01
3.786858e-01
0
0
2.693237e-01
4.060943e-01
4.436096e-01
5.822094e-01
5.236529e-01
6.257529e-01
4.026303e-01
5.241215e-01
4.681240e-01
5.797786e-01
0
0
3.372721e-01
1.946934e-01
0
0
3.816008e-01
2.204883e-01
0
0
0
0
0
1.447596e-01
0
0
0
0
0
0
0
0
0
0
6.804663e-02
1.596358e-01
0
0
0
0
0
0
0
8.476852e-02
0
0
5.493729e-01
1.780131e-01
0
0
0
9.856324e-02
0
1.639187e-02
0
0
0
0
0
0
0
0
0
6.065029e-02
0
0
3.950616e-01
1.509918e-02
1.445187e-01
1.867575e-01
0
0
1.727169e-01
2.076225e-01
3.242466e-01
3.624106e-01
2.931741e-01
5.514546e-01
0
3.145751e-01
0
0
0
2.931164e-01
0
0
4.159761e-01
4.534818e-01
2.935826e-02
4.453663e-01
1.718107e-01
3.237816e-01
3.936869e-01
0
0
0
4.499144e-01
4.927829e-01
6.972546e-02
2.117539e-02
3.130977e-01
7.102029e-01
3.491621e-01
7.535248e-01
6.361522e-01
8.160063e-01
5.674355e-01
1
7.395258e-02
4.547507e-01
6.811963e-01
6.430126e-01
4.862744e-01
4.871084e-01
0
0
3.582883e-01
5.392770e-01
1.024353e-01
2.938810e-01
3.432081e-01
3.593496e-01
3.616624e-01
2.824298e-01
3.859660e-01
3.233718e-01
0
0
7.567385e-02
0
0
0
4.735503e-01
3.325980e-01
0
0
0
0
0
0
0
0
0
0
0
0
0
0
0
0
1.740408e-02
3.994284e-01
0
0
0
0
0
3.251939e-03
1.377344e-01
6.781775e-01
0
1.134372e-02
4.343305e-01
5.538230e-01
0
0
2.071982e-01
4.329422e-01
0
3.438767e-01
0
1.055567e-01
0
1.830074e-01
0
0
0
0
0
2.068965e-01
0
0
3.622114e-01
4.330382e-01
0
0
0
2.934441e-02
5.214016e-01
1.481189e-01
5.028051e-01
1.495632e-01
0
4.269392e-01
0
3.018004e-01
0
0
2.670935e-01
2.787470e-01
0
0
0
0
0
2.751202e-01
0
0
1.137958e-01
0
0
0
1.281839e-01
2.206129e-01
6.109860e-01
2.824817e-01
1.743177e-01
2.441069e-01
0
2.223290e-01
6.139732e-02
1.450075e-01
0
7.395258e-02
1
5.663591e-01
3.812597e-01
5.326524e-01
3.221292e-01
1.890264e-01
1.025194e-01
8.522021e-02
3.689355e-01
1.946603e-01
0
0
4.541832e-01
3.282188e-01
7.583947e-02
0
3.184733e-02
0
1.677936e-01
2.982085e-01
2.377143e-01
4.469000e-02
0
1.707063e-02
0
0
0
0
0
0
5.187329e-02
0
0
0
0
0
0
0
0
0
0
0
0
0
0
0
1.460038e-01
2.880892e-01
5.450206e-03
4.364875e-02
0
9.019591e-02
3.624158e-01
4.463653e-01
0
2.520804e-01
0
0
4.847310e-02
6.108488e-02
1.400918e-01
2.165284e-01
7.319873e-02
6.816152e-02
1.435512e-01
0
0
3.329200e-03
1.519906e-03
2.324239e-01
3.343513e-01
2.523470e-01
2.069824e-01
1.149057e-01
1.521418e-01
4.036437e-01
0
0
2.289824e-01
3.699954e-01
0
0
2.190667e-01
0
0
0
0
0
0
0
0
2.463969e-01
0
0
0
0
0
0
3.045655e-01
6.111975e-02
6.978642e-02
0
0
0
0
0
5.754455e-01
3.373351e-01
0
2.803527e-01
0
3.198806e-01
8.040751e-02
6.516272e-01
0
4.547507e-01
5.663591e-01
1
4.720975e-01
8.411522e-01
2.937251e-01
5.060133e-01
2.218644e-01
9.406570e-02
5.081259e-01
5.664459e-01
0
2.113484e-02
2.063204e-02
1.561512e-02
0
0
2.251667e-01
1.464125e-01
2.018453e-01
3.136431e-01
0
0
3.888818e-02
1.731991e-01
0
0
0
0
0
0
0
0
0
0
0
0
0
0
0
0
0
0
0
1.011118e-01
0
0
3.903754e-01
4.254401e-01
1.970838e-01
3.177913e-01
2.070523e-01
4.678931e-01
4.049670e-01
6.091652e-01
0
1.995285e-01
0
0
5.464518e-01
5.988847e-01
2.939012e-01
5.003702e-01
2.177937e-01
2.914558e-01
1.222525e-01
2.111062e-01
0
0
1.151128e-01
2.971874e-01
3.934604e-01
3.314940e-01
0
0
0
2.760237e-01
0
0
0
4.502626e-01
1.632136e-01
0
3.205565e-01
0
0
1.566042e-02
0
0
0
0
2.476125e-01
1.504851e-01
0
0
0
0
0
0
0
0
3.622194e-02
0
0
0
0
0
3.608845e-01
0
1.108866e-01
4.850586e-01
0
3.944629e-01
5.503260e-01
6.402416e-01
2.060557e-01
6.811963e-01
3.812597e-01
4.720975e-01
1.000000e+00
7.575337e-01
3.537257e-01
5.356647e-01
0
0
1.074065e-01
2.104238e-01
0
0
2.762467e-01
2.253591e-01
1.585426e-01
4.293272e-02
8.666976e-02
0
0
0
5.555327e-02
1.216889e-02
0
0
2.326634e-01
2.106893e-01
0
0
0
0
0
0
0
0
0
0
0
0
0
0
0
1.727264e-02
0
1.652570e-01
0
0
0
0
1.153531e-01
2.596918e-01
4.207678e-01
6.474230e-01
0
1.859225e-01
1.376947e-01
5.082189e-01
1.861160e-02
1.367610e-01
1.499880e-02
2.787111e-01
0
1.910756e-01
0
2.334227e-03
0
3.342881e-02
0
0
0
0
0
0
0
0
7.394090e-02
5.651860e-01
0
0
4.510045e-03
4.843141e-02
4.911709e-01
3.827068e-01
6.423340e-01
3.274398e-01
0
4.589716e-02
0
1.133245e-01
0
0
3.903003e-01
2.976653e-01
1.062113e-01
4.057214e-02
0
0
0
4.151521e-01
0
0
0
0
2.358525e-02
0
1.448571e-02
0
4.166790e-01
4.804060e-02
8.373655e-02
4.331985e-01
3.423559e-02
5.312410e-01
3.539993e-01
7.428514e-01
2.236572e-01
6.430126e-01
5.326524e-01
8.411522e-01
7.575337e-01
1.000000e+00
5.676761e-01
7.444431e-01
0
0
4.274747e-01
4.955086e-01
1.112607e-01
1.632601e-01
2.925913e-01
2.973247e-01
5.199786e-02
5.835353e-02
3.324253e-01
2.503880e-01
0
7.306836e-02
0
0
0
3.435747e-02
0
0
0
0
0
0
2.761755e-03
0
0
0
0
0
0
0
0
0
0
0
0
6.217577e-02
0
0
4.671875e-03
9.464698e-02
8.050105e-02
2.023018e-01
2.249190e-01
5.785440e-01
2.102012e-01
5.028202e-01
0
3.407992e-01
0
0
3.691000e-01
5.520495e-01
1.155727e-01
4.202003e-01
1.467173e-01
2.019622e-01
0
1.107516e-01
0
0
0
4.306804e-03
9.601368e-02
1.290836e-01
0
0
7.268518e-02
4.225783e-01
0
0
0
1.278638e-01
3.525698e-01
1.038697e-01
6.413555e-01
1.816125e-01
0
1.077245e-01
0
8.456800e-02
0
0
3.256782e-01
3.624834e-01
1.285435e-01
4.344301e-02
0
0
2.393722e-02
1.867339e-01
0
0
7.569820e-02
0
0
0
0
0
1.126342e-01
2.286876e-01
4.969217e-01
3.126120e-01
5.487849e-01
7.549137e-01
3.885465e-01
3.111533e-01
7.323740e-01
4.862744e-01
3.221292e-01
2.937251e-01
3.537257e-01
5.676761e-01
1
5.345546e-01
0
0
5.497627e-01
4.536055e-01
3.094496e-01
3.031960e-01
6.481638e-01
6.242725e-01
4.612302e-01
4.954043e-01
5.115395e-01
5.649595e-01
0
0
3.809042e-01
1.213345e-01
0
0
8.845047e-02
0
0
0
0
0
0
0
0
0
0
0
0
0
0
0
0
0
1.169797e-01
0
0
0
0
0
0
0
0
5.078542e-02
0
6.903504e-02
2.442172e-01
3.198410e-01
0
0
6.578179e-02
1.147478e-01
0
1.854864e-01
0
0
0
0
0
0
0
4.343523e-02
5.521766e-02
2.462100e-01
4.003842e-02
0
3.991373e-01
1.581892e-01
3.169204e-02
0
1.690028e-01
0
7.077040e-02
1.207068e-01
4.624875e-01
2.410224e-01
0
3.811889e-01
0
1.225938e-01
0
0
3.263595e-03
2.824356e-01
6.155086e-02
0
3.152214e-01
1.830677e-01
0
1.095383e-01
1.977644e-01
1.867120e-01
3.079248e-01
0
0
0
3.043911e-01
1.220103e-01
0
0
0
2.902536e-01
0
5.058575e-01
3.477049e-02
5.844342e-01
3.786858e-01
4.871084e-01
1.890264e-01
5.060133e-01
5.356647e-01
7.444431e-01
5.345546e-01
1
8.968264e-02
0
1.375307e-01
2.388029e-01
1.267210e-01
2.312827e-01
2.660541e-01
2.348138e-01
0
0
3.942029e-02
3.919204e-02
9.250679e-02
2.488108e-01
0
1.531098e-01
0
0
0
4.937377e-02
0
0
0
0
2.907279e-01
2.248694e-01
0
0
0
0
0
0
0
0
0
0
0
0
0
0
0
1.771916e-02
0
0
2.840131e-01
3.383252e-01
3.510413e-01
3.539557e-01
0
0
0
0
3.629613e-01
4.516972e-01
0
4.606476e-01
3.766847e-01
3.769814e-01
1.996104e-01
2.978753e-01
0
0
0
1.967036e-01
1.369002e-01
5.370258e-02
0
1.118944e-01
1.045491e-01
1.116595e-01
0
0
0
0
3.826727e-01
4.459547e-02
5.534793e-01
1.679671e-01
0
0
0
0
0
0
1.489119e-01
4.137304e-01
2.803336e-01
1.759644e-01
0
0
3.718890e-01
3.426189e-01
0
0
3.251663e-02
0
0
2.781548e-02
3.965576e-02
0
0
1.143140e-01
0
0
0
0
0
0
0
0
1.025194e-01
2.218644e-01
0
0
0
8.968264e-02
1
7.721729e-01
0
0
0
0
0
0
0
0
0
0
8.401111e-01
6.897004e-01
0
0
4.704027e-01
4.880748e-01
0
0
3.076787e-01
2.975643e-01
6.594746e-02
3.602712e-01
4.508719e-01
4.290565e-01
2.604797e-01
4.213312e-01
1.148296e-01
1.727592e-01
3.598199e-01
1.781193e-01
3.382701e-01
6.658127e-02
2.106633e-01
0
5.045716e-02
0
2.572902e-01
2.959930e-01
6.760443e-01
4.729835e-01
2.229485e-03
0
1.664618e-02
0
7.070334e-01
2.541106e-01
0
0
0
0
5.304775e-01
2.483162e-01
2.475809e-01
3.530236e-01
5.117886e-01
4.958526e-01
4.479977e-01
3.693419e-01
3.083575e-01
3.905493e-01
8.235975e-01
6.217641e-01
8.395436e-01
3.960297e-01
2.056361e-01
2.963496e-01
0
0
0
0
0
7.170204e-02
0
0
0
0
0
0
0
0
6.375212e-01
5.421069e-01
0
0
0
3.356871e-01
0
0
0
0
0
0
0
4.334084e-01
1.561883e-01
2.940409e-01
0
0
0
1.554398e-01
0
0
0
0
0
0
0
0
8.522021e-02
9.406570e-02
0
0
0
0
7.721729e-01
1
0
0
0
0
0
0
0
0
0
0
7.419338e-01
7.364181e-01
0
0
5.068143e-01
3.419780e-01
0
0
3.866096e-01
3.704433e-01
1.275616e-01
3.861038e-01
4.537265e-01
4.245085e-01
2.069058e-01
3.445540e-01
1.767330e-01
1.998175e-01
3.423959e-01
1.764768e-01
1.983012e-01
0
7.817889e-02
0
0
0
3.164435e-01
3.106877e-01
6.647571e-01
5.214719e-01
2.336694e-02
0
0
0
5.879556e-01
2.060803e-01
0
0
0
0
3.470269e-01
4.670069e-02
4.250893e-01
2.402667e-01
5.255100e-01
5.438870e-01
5.761967e-01
3.529973e-01
3.900501e-01
4.742420e-01
7.988196e-01
6.958412e-01
7.546574e-01
5.476788e-01
2.832151e-01
5.533830e-01
0
0
0
3.042547e-01
0
2.036006e-01
0
0
0
0
0
0
1.641873e-01
0
6.333917e-01
2.478345e-01
0
0
0
0
0
0
3.085306e-02
0
2.395555e-03
0
0
2.118096e-01
0
1.715058e-01
0
0
5.897106e-01
7.137108e-01
5.235781e-01
3.269115e-01
5.007135e-01
4.866965e-01
4.076552e-01
3.194400e-01
2.693237e-01
3.582883e-01
3.689355e-01
5.081259e-01
1.074065e-01
4.274747e-01
5.497627e-01
1.375307e-01
0
0
1
7.243632e-01
1.842736e-01
3.251082e-01
3.156250e-01
3.326516e-01
3.929963e-01
4.538199e-01
5.806835e-01
5.980521e-01
0
1.666946e-02
3.927569e-01
0
1.094570e-01
0
0
0
0
0
0
0
0
0
0
0
0
0
0
0
0
0
0
0
2.143434e-01
2.229361e-02
0
0
3.454330e-01
3.266336e-01
0
0
0
8.671119e-02
0
3.482239e-01
0
3.402241e-01
0
0
1.904373e-01
2.327353e-01
1.874398e-01
1.892718e-01
0
0
0
0
0
0
2.633864e-02
2.295440e-01
1.568857e-01
3.014643e-01
1.898633e-01
0
6.620196e-02
0
3.665710e-01
0
1.374045e-01
2.306085e-01
0
0
0
0
1.198192e-01
5.516167e-01
0
3.710266e-01
0
0
0
0
0
0
1.144508e-01
1.520071e-01
0
0
2.526030e-01
3.256144e-01
5.953000e-01
0
0
0
3.900741e-01
3.951846e-01
3.332380e-01
5.242077e-01
2.333832e-01
3.836572e-01
4.272329e-01
6.244180e-01
3.324924e-01
5.350009e-01
4.060943e-01
5.392770e-01
1.946603e-01
5.664459e-01
2.104238e-01
4.955086e-01
4.536055e-01
2.388029e-01
0
0
7.243632e-01
1
3.761026e-01
6.014132e-01
1.587920e-01
2.564645e-01
5.864120e-02
2.241972e-01
6.086399e-01
6.111775e-01
0
3.706370e-02
4.413555e-02
0
6.946211e-02
0
0
0
0
0
0
0
0
0
0
0
0
0
0
0
0
0
0
0
1.351554e-01
1.753454e-01
0
0
2.353826e-01
1.817958e-01
0
0
0
2.044155e-01
0
2.449850e-01
0
9.762988e-02
0
0
5.608559e-01
4.889438e-01
2.407940e-01
3.426232e-01
0
2.285966e-02
0
2.576789e-02
0
0
6.202013e-02
1.169940e-01
2.104946e-01
2.777873e-01
0
0
2.673549e-01
6.189842e-02
6.063890e-02
0
0
1.605700e-01
0
0
1.296911e-01
0
3.502748e-01
3.676310e-01
0
3.550356e-01
0
0
3.989127e-02
1.632529e-01
0
0
2.147105e-02
1.650874e-01
0
0
1.629293e-01
2.087611e-01
3.870323e-01
0
0
0
2.429259e-01
3.672816e-01
0
0
3.231157e-01
3.729265e-02
6.586731e-01
3.516617e-01
2.102204e-01
5.860161e-02
4.436096e-01
1.024353e-01
0
0
0
1.112607e-01
3.094496e-01
1.267210e-01
0
0
1.842736e-01
3.761026e-01
1.000000e+00
8.308799e-01
2.310120e-01
2.593745e-01
2.546374e-01
5.763303e-01
7.368497e-01
5.859157e-01
0
0
2.814211e-01
2.146733e-01
0
0
1.838897e-01
9.634714e-02
0
0
0
0
0
0
1.318524e-01
0
1.723262e-01
7.836447e-02
2.068955e-02
1.260852e-02
0
0
0
0
0
0
0
0
0
0
0
0
0
0
0
0
1.611613e-01
3.947902e-02
5.486895e-02
0
2.862454e-01
1.529673e-01
2.140616e-01
5.296833e-02
3.358721e-02
0
0
0
0
0
0
0
0
2.034575e-03
0
0
1.602250e-01
5.877434e-02
0
4.966684e-03
0
0
1.672396e-01
2.794318e-01
2.495447e-01
4.647440e-01
1.838585e-01
0
0
3.567758e-01
0
0
1.390549e-01
3.738291e-01
3.854264e-01
1.219441e-01
2.836122e-01
2.949728e-01
0
1.104779e-01
0
0
2.012803e-01
0
3.027982e-01
0
0
2.594697e-01
0
3.094404e-02
3.635610e-01
2.535205e-01
5.745711e-01
4.653479e-01
2.827367e-01
2.877245e-01
5.822094e-01
2.938810e-01
0
2.113484e-02
0
1.632601e-01
3.031960e-01
2.312827e-01
0
0
3.251082e-01
6.014132e-01
8.308799e-01
1
1.848995e-01
3.275553e-01
1.016670e-01
4.149187e-01
6.303539e-01
5.731357e-01
0
0
2.141969e-01
2.129713e-01
0
0
1.100244e-01
2.625699e-02
0
0
0
0
4.571660e-02
2.132001e-01
0
0
0
0
0
0
0
0
0
0
7.373987e-02
7.353445e-02
0
0
0
0
0
0
0
0
0
0
1.091578e-01
0
0
0
4.497917e-01
4.761809e-01
3.954294e-01
2.988819e-01
1.492889e-01
3.743141e-02
0
1.124290e-01
0
0
6.196738e-03
0
3.626419e-02
1.120635e-01
0
1.919344e-02
1.296232e-01
0
3.637106e-02
1.221056e-01
0
0
1.078395e-01
1.738861e-02
4.905169e-02
1.998228e-01
2.772377e-01
1.764213e-01
0
2.822303e-01
0
0
9.006340e-03
2.971567e-01
9.452062e-02
0
1.386898e-01
2.756229e-01
1.745597e-02
1.258240e-01
0
5.822341e-02
3.124690e-01
0
3.931688e-02
0
1.630514e-01
4.896128e-01
0
7.842339e-02
7.008781e-01
5.190640e-01
5.275846e-01
7.146567e-01
3.568627e-01
9.633502e-02
5.236529e-01
3.432081e-01
4.541832e-01
2.063204e-02
2.762467e-01
2.925913e-01
6.481638e-01
2.660541e-01
0
0
3.156250e-01
1.587920e-01
2.310120e-01
1.848995e-01
1
8.963950e-01
6.348537e-01
5.957639e-01
3.956408e-01
2.895831e-01
0
0
7.721253e-01
5.551422e-01
0
0
2.333996e-01
1.019319e-01
0
0
0
0
0
0
0
0
0
0
0
0
0
0
0
0
0
0
0
0
0
0
0
0
0
0
0
0
5.331894e-01
5.170145e-01
3.091307e-02
0
0
0
9.550214e-02
1.204068e-01
0
0
0
0
0
0
0
9.856576e-02
5.596785e-03
3.391081e-01
7.043770e-02
1.054460e-01
6.590601e-01
4.537091e-01
1.077925e-01
1.443588e-01
3.903155e-01
0
0
1.891952e-02
3.407127e-01
2.101531e-01
0
3.001038e-01
0
2.167214e-02
0
0
0
5.087124e-01
0
0
0
3.374860e-01
0
2.897948e-02
3.643318e-01
2.412991e-01
3.691421e-01
0
0
0
1.377576e-01
0
0
1.216267e-01
7.409506e-01
5.902504e-01
5.232728e-01
7.046415e-01
4.676475e-01
2.093686e-01
6.257529e-01
3.593496e-01
3.282188e-01
1.561512e-02
2.253591e-01
2.973247e-01
6.242725e-01
2.348138e-01
0
0
3.326516e-01
2.564645e-01
2.593745e-01
3.275553e-01
8.963950e-01
1
5.298654e-01
5.734573e-01
4.341072e-01
3.594862e-01
0
0
7.088845e-01
5.121564e-01
0
0
1.249470e-01
4.049979e-02
0
0
0
0
0
0
0
0
0
0
0
0
0
0
0
0
0
0
0
0
0
0
0
0
0
0
0
0
4.623794e-01
4.219210e-01
4.154210e-02
0
0
4.703434e-02
2.442440e-01
1.340096e-01
0
0
0
0
0
0
0
0
0
2.104627e-01
7.921298e-02
8.650438e-02
5.943904e-01
4.201519e-01
2.098213e-01
1.961545e-01
2.461681e-01
0
0
0
3.048825e-01
1.789853e-01
7.311505e-02
4.417019e-01
0
1.191317e-01
0
0
0
4.088164e-01
0
0
9.850899e-02
5.229800e-01
0
1.018537e-01
5.057766e-01
4.116814e-01
4.527733e-01
0
0
0
3.174845e-01
5.651594e-02
4.546747e-02
2.425710e-01
7.729630e-01
2.985394e-01
7.564597e-01
4.068899e-01
5.114516e-01
0
4.026303e-01
3.616624e-01
7.583947e-02
0
1.585426e-01
5.199786e-02
4.612302e-01
0
0
0
3.929963e-01
5.864120e-02
2.546374e-01
1.016670e-01
6.348537e-01
5.298654e-01
1
8.383766e-01
5.717619e-01
4.326779e-01
0
0
7.023419e-01
2.174513e-01
0
0
4.301471e-01
0
0
0
2.467077e-01
0
0
0
0
0
0
0
0
0
0
0
0
1.237375e-02
1.233112e-01
0
0
0
0
0
0
0
0
1.090102e-01
0
0
4.738784e-01
8.318216e-01
0
0
0
0
0
0
0
0
0
0
0
0
0
0
0
2.976181e-01
0
0
3.334299e-01
3.525839e-01
1.308850e-01
1.031869e-01
5.590032e-01
2.414047e-02
0
1.092834e-01
1.060253e-01
1.761586e-01
0
4.778921e-01
0
3.980522e-01
0
0
0
9.542003e-02
0
0
2.303878e-01
3.717227e-01
0
0
1.426110e-01
1.901512e-01
3.540544e-01
0
0
0
1.697862e-01
2.317915e-01
0
1.732922e-01
8.060825e-01
1.906377e-01
8.944356e-01
4.719030e-01
5.630674e-01
0
5.241215e-01
2.824298e-01
0
0
4.293272e-02
5.835353e-02
4.954043e-01
0
0
0
4.538199e-01
2.241972e-01
5.763303e-01
4.149187e-01
5.957639e-01
5.734573e-01
8.383766e-01
1
7.892132e-01
6.799232e-01
0
0
6.343168e-01
1.967003e-01
0
0
3.476706e-01
8.505369e-02
0
0
6.815053e-02
0
0
0
0
0
0
0
0
0
0
0
0
0
0
0
0
0
0
0
0
0
0
0
0
0
3.861627e-01
6.072783e-01
1.473439e-02
0
0
0
5.615492e-02
0
0
0
0
0
0
0
0
0
0
1.949854e-01
0
0
3.083913e-01
2.741043e-01
1.512266e-01
1.173962e-01
3.346432e-01
0
0
2.570341e-01
2.209612e-01
4.252197e-01
8.779951e-02
4.636841e-01
0
6.114874e-01
0
0
9.156519e-02
1.537842e-01
3.657954e-02
0
3.852503e-01
5.175465e-01
0
4.183528e-02
0
1.648889e-01
4.849888e-01
0
0
0
2.218030e-01
3.488180e-01
4.278428e-02
3.117625e-01
5.685207e-01
1.765084e-01
8.719118e-01
5.554189e-01
4.440587e-01
1.772429e-01
4.681240e-01
3.859660e-01
3.184733e-02
2.251667e-01
8.666976e-02
3.324253e-01
5.115395e-01
3.942029e-02
0
0
5.806835e-01
6.086399e-01
7.368497e-01
6.303539e-01
3.956408e-01
4.341072e-01
5.717619e-01
7.892132e-01
1.000000e+00
8.452961e-01
0
0
3.421058e-01
0
0
0
2.010514e-01
0
0
0
0
0
0
0
0
0
0
0
0
0
0
0
0
0
0
0
0
0
0
0
0
0
0
1.612142e-01
0
0
2.448802e-01
4.637295e-01
0
0
2.535439e-01
1.579441e-01
2.668865e-01
0
0
0
0
0
0
0
0
0
0
3.113877e-01
0
0
2.979273e-01
2.881402e-01
0
0
0
0
4.404630e-02
1.871387e-01
3.272811e-01
3.798502e-01
1.671837e-01
3.961127e-01
0
5.896377e-01
0
0
2.155539e-01
2.867716e-01
1.251152e-01
0
3.208836e-01
3.582143e-01
0
0
0
8.536537e-02
4.283247e-01
0
3.631792e-02
0
0
2.866696e-01
8.316948e-02
4.555421e-01
5.357133e-01
5.522119e-02
7.782289e-01
5.143253e-01
3.926806e-01
1.095049e-01
5.797786e-01
3.233718e-01
0
1.464125e-01
0
2.503880e-01
5.649595e-01
3.919204e-02
0
0
5.980521e-01
6.111775e-01
5.859157e-01
5.731357e-01
2.895831e-01
3.594862e-01
4.326779e-01
6.799232e-01
8.452961e-01
1
0
0
1.711072e-01
0
0
0
1.357953e-01
0
0
0
0
0
0
0
0
0
0
0
0
0
0
0
0
0
0
1.035476e-01
0
0
0
0
0
0
0
8.333541e-02
0
0
1.881538e-01
2.801184e-01
0
0
1.234816e-01
5.880687e-02
1.366649e-01
0
0
0
0
0
0
0
0
0
0
2.889034e-01
0
8.142612e-03
1.081765e-01
3.141089e-02
8.591764e-02
3.610427e-02
0
0
0
1.603429e-01
2.400426e-01
3.611747e-01
3.205720e-01
6.243788e-01
0
6.581082e-01
0
0
2.546304e-01
7.137891e-02
1.583005e-01
0
5.658349e-01
4.842822e-01
0
1.645039e-01
3.532472e-02
2.841706e-01
5.789302e-01
0
0
0
2.516957e-01
5.383745e-01
0
6.086146e-02
0
0
0
0
0
0
0
0
1.677936e-01
2.018453e-01
0
0
0
9.250679e-02
8.401111e-01
7.419338e-01
0
0
0
0
0
0
0
0
0
0
1
8.667502e-01
0
0
5.948320e-01
5.669597e-01
0
0
4.008224e-01
3.719755e-01
0
3.541961e-01
7.008622e-01
5.625145e-01
2.015539e-01
3.761471e-01
9.127744e-02
1.674155e-01
3.150162e-01
1.573829e-01
2.610650e-01
0
5.598701e-02
0
0
0
1.933161e-01
3.340215e-01
6.119143e-01
4.652349e-01
5.696308e-02
5.432539e-03
0
0
7.898006e-01
4.509251e-01
0
0
0
4.207261e-03
4.730102e-01
2.673924e-01
4.114641e-01
3.878875e-01
7.325918e-01
6.589840e-01
6.738878e-01
4.634875e-01
4.159028e-01
4.224026e-01
8.179306e-01
6.062718e-01
8.082542e-01
2.433127e-01
3.298439e-01
3.852905e-01
0
0
0
0
0
1.062900e-02
0
0
0
0
0
0
0
0
6.419632e-01
5.479969e-01
0
0
1.330637e-01
1.926565e-01
0
0
1.372190e-01
0
0
0
0
2.630822e-01
1.570520e-01
3.384859e-01
0
0
0
5.932173e-02
0
0
0
0
0
4.578122e-02
0
0
2.982085e-01
3.136431e-01
0
7.306836e-02
0
2.488108e-01
6.897004e-01
7.364181e-01
1.666946e-02
3.706370e-02
0
0
0
0
0
0
0
0
8.667502e-01
1
0
9.459355e-02
4.581110e-01
4.580506e-01
0
0
3.372352e-01
1.621944e-01
0
1.613838e-01
6.941636e-01
5.177454e-01
0
1.483323e-01
0
0
6.151942e-02
0
0
0
0
0
0
0
6.557537e-02
2.219005e-01
5.019728e-01
4.930148e-01
0
8.245161e-03
3.360468e-02
0
7.698126e-01
5.302847e-01
0
0
0
6.796640e-02
4.499262e-01
2.913331e-01
5.002502e-01
5.868385e-01
7.823826e-01
7.858562e-01
7.708049e-01
6.117242e-01
4.084594e-01
3.927900e-01
6.616173e-01
6.812534e-01
8.017124e-01
3.188760e-01
3.832411e-01
4.402522e-01
0
0
0
1.118734e-01
0
1.220560e-01
0
0
0
0
0
0
0
0
4.069086e-01
3.040940e-01
0
1.211525e-02
0
0
0
0
3.233571e-01
0
1.235005e-01
0
0
2.209986e-02
0
3.324539e-01
0
0
8.858856e-02
2.067021e-01
7.417941e-01
3.897730e-01
5.261118e-01
3.488931e-01
3.418931e-01
0
3.372721e-01
7.567385e-02
2.377143e-01
0
5.555327e-02
0
3.809042e-01
0
0
0
3.927569e-01
4.413555e-02
2.814211e-01
2.141969e-01
7.721253e-01
7.088845e-01
7.023419e-01
6.343168e-01
3.421058e-01
1.711072e-01
0
0
1
7.160466e-01
0
0
1.188506e-01
0
0
0
7.859949e-02
0
0
0
0
0
0
0
0
0
0
0
0
0
3.321597e-02
0
0
0
0
0
0
0
0
0
0
0
2.931581e-01
4.854384e-01
0
0
0
0
6.006825e-02
0
0
0
0
0
0
0
0
0
0
7.789772e-02
3.381913e-01
6.250408e-02
3.414832e-01
1.598445e-01
4.466476e-01
2.184119e-01
4.130123e-01
2.758184e-02
0
0
0
0
8.054498e-02
3.522858e-01
0
1.647232e-01
0
0
0
2.169910e-01
0
0
3.034033e-02
4.951550e-01
0
0
4.102009e-01
3.234727e-01
4.928962e-01
0
0
4.018197e-02
3.175935e-01
1.643120e-01
0
0
3.904248e-01
3.667131e-01
9.525925e-02
1.699517e-01
9.326397e-02
0
1.946934e-01
0
4.469000e-02
0
1.216889e-02
0
1.213345e-01
1.531098e-01
0
0
0
0
2.146733e-01
2.129713e-01
5.551422e-01
5.121564e-01
2.174513e-01
1.967003e-01
0
0
0
9.459355e-02
7.160466e-01
1.000000e+00
0
0
0
2.689965e-02
1.636302e-01
0
1.128718e-01
0
1.298763e-01
0
1.012178e-01
1.029945e-01
1.260212e-01
0
1.612103e-01
7.351741e-02
0
0
6.191274e-02
0
1.247633e-01
0
1.931413e-01
4.674998e-02
0
0
0
0
0
0
0
0
1.487381e-01
2.600055e-02
1.506897e-01
0
0
0
5.298789e-02
2.645295e-01
1.877770e-01
8.073184e-02
2.471155e-01
1.980038e-01
0
0
0
1.308099e-01
0
0
3.112655e-01
1.322634e-01
2.769687e-01
4.110828e-02
3.550397e-01
2.589983e-01
2.188137e-01
2.949191e-02
0
0
0
0
0
0
0
0
0
0
0
2.558650e-01
0
0
0
1.191132e-01
3.745691e-02
0
2.343469e-01
1.314165e-01
1.284904e-01
0
0
4.299537e-01
1.312213e-01
0
0
1.552188e-01
0
0
0
0
0
0
0
0
0
3.888818e-02
0
0
0
0
4.704027e-01
5.068143e-01
1.094570e-01
6.946211e-02
0
0
0
0
0
0
0
0
5.948320e-01
4.581110e-01
0
0
1
7.677229e-01
2.245525e-01
1.308373e-01
2.900054e-01
2.594204e-01
2.441066e-01
3.878507e-01
4.106485e-01
4.293974e-01
0
0
1.297106e-02
0
0
0
0
0
0
0
0
1.545592e-01
0
5.914105e-02
4.649769e-01
3.670093e-01
0
2.266182e-03
7.628033e-02
0
2.335445e-01
3.010341e-01
0
0
2.055825e-02
1.313404e-02
3.569351e-01
1.662180e-01
2.213877e-01
3.026605e-01
4.588665e-01
5.210209e-01
3.057424e-01
4.631151e-01
2.770592e-01
9.479356e-02
7.107502e-01
4.711264e-01
4.897958e-01
2.615399e-01
4.134188e-02
3.070290e-02
0
0
0
0
0
0
0
0
0
0
0
5.152798e-03
0
0
4.585546e-01
2.530638e-01
2.233682e-03
0
0
0
0
0
0
0
0
0
0
5.410286e-02
0
0
0
1.060935e-02
0
0
0
0
0
0
0
4.087175e-02
0
0
1.707063e-02
1.731991e-01
0
3.435747e-02
0
0
4.880748e-01
3.419780e-01
0
0
0
0
0
0
0
0
0
0
5.669597e-01
4.580506e-01
0
0
7.677229e-01
1
2.397262e-01
3.948454e-01
3.144004e-01
0
1.425745e-01
5.377706e-02
5.134905e-01
2.009174e-01
0
0
9.629175e-02
3.833870e-02
0
0
0
0
0
0
0
8.525659e-02
0
4.267618e-02
1.669326e-01
1.877254e-02
1.232271e-01
1.463030e-01
4.093271e-01
8.703312e-04
3.613938e-01
2.671193e-01
0
0
4.020969e-01
4.430747e-01
5.205257e-01
2.477108e-01
2.448565e-01
4.793488e-01
5.953404e-01
5.308889e-01
4.656037e-01
5.990255e-01
4.706241e-01
2.249470e-01
5.779868e-01
3.903267e-01
4.450024e-01
1.333790e-01
0
0
3.024691e-03
0
0
0
0
0
2.522631e-01
2.276395e-02
7.192578e-02
0
0
0
0
0
4.708233e-01
5.732522e-01
2.834705e-01
0
1.595048e-01
1.939878e-01
0
0
0
0
0
0
0
7.175913e-02
7.017116e-02
1.270274e-01
0
0
0
0
3.323872e-01
3.206751e-01
4.131015e-01
3.401034e-01
4.864036e-01
1.401918e-01
3.816008e-01
4.735503e-01
0
0
2.326634e-01
0
8.845047e-02
0
0
0
0
0
1.838897e-01
1.100244e-01
2.333996e-01
1.249470e-01
4.301471e-01
3.476706e-01
2.010514e-01
1.357953e-01
0
0
1.188506e-01
0
2.245525e-01
2.397262e-01
1
7.639877e-01
8.755414e-02
0
4.394361e-01
0
7.610730e-02
8.101812e-03
0
0
1.189545e-01
0
0
0
0
0
0
0
0
2.613639e-01
0
0
0
0
0
0
5.614530e-02
3.451926e-01
0
0
7.952506e-01
4.179158e-01
5.190895e-01
3.522194e-01
0
0
0
0
0
8.839508e-03
0
8.861405e-02
1.346211e-02
0
0
0
0
8.737587e-02
0
0
3.352798e-01
2.818902e-01
0
0
0
0
4.583147e-01
4.744242e-01
3.000813e-01
3.762090e-01
1.371625e-03
1.981266e-01
0
2.301918e-01
0
0
1.500135e-01
1.450488e-01
0
0
9.083881e-02
9.568206e-02
0
2.917715e-01
0
0
0
0
0
0
0
4.292891e-02
0
0
4.850151e-02
3.130668e-01
7.379834e-02
2.761981e-01
3.265088e-01
1.730362e-01
2.204883e-01
3.325980e-01
0
0
2.106893e-01
0
0
4.937377e-02
0
0
0
0
9.634714e-02
2.625699e-02
1.019319e-01
4.049979e-02
0
8.505369e-02
0
0
0
0
0
2.689965e-02
1.308373e-01
3.948454e-01
7.639877e-01
1
1.988477e-01
0
2.414977e-01
0
3.493537e-01
2.436402e-02
0
0
2.481900e-01
8.392435e-02
0
0
0
0
0
0
0
8.619304e-02
0
0
0
0
0
4.827465e-02
3.929415e-01
3.001007e-01
0
0
6.550217e-01
9.375435e-02
8.130932e-01
7.687809e-01
0
0
0
6.589421e-02
2.127153e-01
1.956461e-01
1.415148e-01
2.743803e-01
3.473249e-01
8.012634e-02
0
0
0
0
0
0
3.724714e-01
3.789166e-01
0
0
0
0
5.381106e-01
5.924077e-01
4.683003e-01
4.966336e-01
0
0
0
3.037507e-02
0
1.520487e-01
1.982282e-01
2.450031e-01
1.531861e-01
4.912784e-02
0
0
1.588771e-01
4.046644e-01
0
0
0
0
0
1.521994e-02
0
0
0
0
0
0
0
0
0
0
0
0
0
0
0
0
0
0
3.076787e-01
3.866096e-01
0
0
0
0
0
0
0
0
0
0
4.008224e-01
3.372352e-01
0
1.636302e-01
2.900054e-01
3.144004e-01
8.755414e-02
1.988477e-01
1.000000e+00
5.822947e-01
4.244720e-01
5.419097e-01
5.971389e-01
4.049523e-01
3.543269e-01
3.972863e-01
3.862239e-01
3.806526e-01
3.655187e-01
3.717076e-01
1.880375e-01
1.140370e-01
2.493031e-01
2.836533e-02
0
4.966112e-02
3.652184e-01
5.230514e-01
9.105878e-02
0
1.171859e-01
3.668263e-02
0
0
1.117398e-01
0
0
0
4.436270e-01
3.573469e-01
0
1.284245e-01
2.903994e-01
9.886981e-02
4.807203e-01
4.230602e-01
5.351953e-01
4.557152e-01
7.058901e-01
6.205395e-01
3.625502e-01
5.277096e-02
1.625658e-01
0
5.336516e-02
4.088644e-02
0
0
0
8.546489e-02
0
6.783819e-02
0
0
0
0
7.513286e-02
0
5.557879e-01
0
4.811078e-01
5.464873e-01
0
0
0
2.231574e-02
0
0
1.908718e-01
0
0
0
0
3.713689e-01
1.938037e-01
4.590412e-01
0
0
1.566174e-01
2.453998e-01
0
0
0
0
0
0
0
0
0
0
0
0
0
0
2.975643e-01
3.704433e-01
0
0
0
0
0
0
0
0
0
0
3.719755e-01
1.621944e-01
0
0
2.594204e-01
0
0
0
5.822947e-01
1.000000e+00
1.714860e-01
8.184698e-01
2.126049e-01
5.046510e-01
2.809873e-01
3.283186e-01
9.022307e-02
1.915172e-01
3.568745e-01
3.378052e-01
3.226684e-01
3.711621e-01
2.235836e-01
3.697605e-01
0
3.087080e-01
3.050749e-01
4.854599e-01
4.228160e-01
3.227031e-01
2.685506e-01
3.432633e-01
0
0
7.162707e-02
0
0
0
0
0
0
2.040564e-01
2.675402e-01
0
1.006344e-01
1.738079e-01
1.147438e-01
4.085448e-03
2.309668e-01
3.771851e-01
3.329401e-01
0
1.613052e-01
0
2.742933e-01
2.025273e-01
0
0
0
1.567370e-01
0
2.011419e-01
0
0
0
0
3.597248e-01
0
6.832526e-01
1.755079e-01
4.549488e-01
2.064122e-01
0
0
0
0
0
1.393950e-01
1.634627e-02
0
0
0
0
4.083163e-01
2.274818e-01
0
1.162414e-01
2.525502e-01
0
0
0
0
9.423529e-02
0
0
0
0
0
0
0
0
0
0
0
6.594746e-02
1.275616e-01
0
0
0
0
0
0
2.467077e-01
6.815053e-02
0
0
0
0
7.859949e-02
1.128718e-01
2.441066e-01
1.425745e-01
4.394361e-01
2.414977e-01
4.244720e-01
1.714860e-01
1.000000e+00
3.724102e-01
1.808084e-01
0
4.886832e-01
3.918902e-01
5.014023e-01
3.725936e-01
4.577194e-01
4.443149e-01
2.554936e-01
3.104697e-01
3.686524e-01
1.722555e-01
2.018370e-01
1.904433e-01
3.686877e-01
2.589331e-01
0
0
0
0
7.733407e-03
0
0
0
1.944604e-01
0
2.816612e-01
1.816025e-01
0
0
0
0
6.754343e-02
0
1.486843e-01
1.179789e-01
3.252225e-01
3.608375e-01
2.777509e-01
5.032416e-02
0
0
0
0
0
0
2.059531e-02
0
2.833459e-01
0
6.415469e-02
1.442942e-01
0
0
3.184795e-02
0
4.176988e-01
0
3.748429e-01
3.581243e-01
0
0
3.838810e-03
2.033889e-02
1.526485e-02
0
0
0
0
0
0
3.206303e-01
7.888370e-02
4.045965e-01
0
0
2.096705e-01
3.496370e-01
0
0
0
0
0
0
0
0
0
0
0
0
0
0
3.602712e-01
3.861038e-01
0
0
0
0
0
0
0
0
0
0
3.541961e-01
1.613838e-01
0
0
3.878507e-01
5.377706e-02
0
0
5.419097e-01
8.184698e-01
3.724102e-01
1
1.766653e-01
4.180773e-01
2.980213e-01
3.795337e-01
5.217674e-02
1.334975e-01
4.176098e-01
3.448553e-01
4.372628e-01
4.200132e-01
4.409234e-01
4.835923e-01
1.906354e-01
4.087439e-01
4.691937e-01
6.108748e-01
5.747143e-01
4.740112e-01
2.108828e-01
1.617262e-01
0
0
1.269546e-01
0
0
0
0
0
0
9.402482e-02
0
0
6.741812e-02
1.255640e-01
1.382086e-01
3.541667e-02
2.506850e-01
3.166944e-01
4.733840e-01
1.355859e-01
2.224597e-01
0
3.268861e-01
1.327779e-01
0
0
1.089845e-01
7.030428e-02
0
2.404745e-01
0
0
0
0
2.775092e-01
0
5.967853e-01
7.737230e-02
5.673405e-01
2.945226e-01
0
0
0
0
0
1.843673e-02
1.124596e-01
0
0
0
0
5.132532e-01
2.050917e-01
7.725543e-02
3.276236e-01
2.748565e-01
0
0
0
0
0
1.039949e-03
0
0
0
0
5.187329e-02
0
0
2.761755e-03
0
2.907279e-01
4.508719e-01
4.537265e-01
0
0
0
4.571660e-02
0
0
0
0
0
0
7.008622e-01
6.941636e-01
0
1.298763e-01
4.106485e-01
5.134905e-01
7.610730e-02
3.493537e-01
5.971389e-01
2.126049e-01
1.808084e-01
1.766653e-01
1
6.657498e-01
1.627957e-02
1.199280e-01
1.108904e-01
1.290656e-01
4.306172e-02
0
0
0
0
0
0
0
0
5.420395e-02
5.344170e-02
0
0
0
1.034426e-01
0
4.520829e-01
1.395720e-01
0
0
4.098519e-01
4.472310e-01
2.238791e-01
2.511269e-01
3.293049e-01
3.897375e-01
8.935944e-01
8.014365e-01
7.838535e-01
6.355508e-01
5.790477e-01
4.262268e-01
5.446646e-01
3.316011e-01
4.353778e-01
6.844750e-02
7.615248e-02
2.175365e-01
0
0
0
7.903145e-02
0
0
1.082304e-01
0
1.335764e-02
0
0
0
0
0
3.347014e-01
5.220994e-01
0
4.471162e-02
1.547145e-01
1.152730e-01
0
0
3.471190e-01
0
0
0
0
0
5.341937e-02
4.650397e-01
0
0
0
0
0
0
0
0
0
8.671611e-02
1.447596e-01
0
0
0
0
0
0
2.248694e-01
4.290565e-01
4.245085e-01
0
0
0
2.132001e-01
0
0
0
0
0
0
5.625145e-01
5.177454e-01
0
0
4.293974e-01
2.009174e-01
8.101812e-03
2.436402e-02
4.049523e-01
5.046510e-01
0
4.180773e-01
6.657498e-01
1
0
0
0
0
0
0
0
0
0
0
0
1.972637e-01
0
0
2.498835e-01
2.564078e-01
0
8.736163e-02
0
8.677852e-02
2.409878e-01
1.722486e-01
0
0
2.153814e-02
0
1.265049e-01
3.961156e-01
3.112414e-01
1.499478e-01
5.433970e-01
6.769826e-01
2.994833e-01
4.191614e-01
2.278106e-01
9.945190e-02
4.253903e-01
9.724591e-02
3.430835e-01
1.342100e-01
3.152600e-01
4.738580e-01
0
0
0
4.403274e-01
0
0
1.421790e-02
0
0
0
1.303934e-02
6.205782e-02
1.180746e-01
0
1.687286e-01
1.775047e-01
0
0
1.692247e-02
0
0
0
4.070298e-01
1.423107e-01
0
0
0
0
0
4.862962e-02
8.297307e-02
2.242018e-01
0
0
0
0
0
0
0
0
0
0
0
0
0
0
0
0
2.604797e-01
2.069058e-01
0
0
1.318524e-01
0
0
0
0
0
0
0
2.015539e-01
0
0
1.012178e-01
0
0
0
0
3.543269e-01
2.809873e-01
4.886832e-01
2.980213e-01
1.627957e-02
0
1.000000e+00
9.157032e-01
8.605435e-01
8.808542e-01
9.301479e-01
9.532987e-01
8.417239e-01
7.522740e-01
6.656479e-01
2.625256e-01
7.924227e-02
0
7.590009e-01
5.829571e-01
7.834158e-02
0
1.319683e-01
0
0
0
1.374348e-01
0
0
0
1.051130e-01
5.205321e-02
0
0
0
0
0
0
1.360413e-01
0
3.531285e-01
5.616734e-01
2.169474e-01
0
0
0
1.459926e-01
2.433890e-02
0
0
1.653065e-01
5.234472e-02
6.054715e-02
0
0
3.999084e-02
0
1.783172e-02
1.211709e-01
0
5.913726e-01
0
6.533469e-01
5.551222e-01
0
0
3.290169e-01
4.421048e-01
1.219682e-01
9.494910e-02
0
0
0
0
0
6.711923e-01
5.994241e-01
5.356300e-01
0
0
0
0
0
0
0
0
0
0
0
0
0
0
0
0
0
0
4.213312e-01
3.445540e-01
0
0
0
0
0
0
0
0
0
0
3.761471e-01
1.483323e-01
0
1.029945e-01
0
0
0
0
3.972863e-01
3.283186e-01
3.918902e-01
3.795337e-01
1.199280e-01
0
9.157032e-01
1
7.048353e-01
8.339839e-01
9.558035e-01
8.961653e-01
8.856211e-01
7.522255e-01
7.241644e-01
2.977202e-01
1.349433e-01
0
8.721459e-01
7.406003e-01
2.187308e-01
5.576120e-02
1.765980e-01
0
0
0
3.709955e-01
0
0
0
0
5.942965e-03
0
0
0
0
1.142813e-02
0
2.910815e-01
0
3.977011e-01
6.609872e-01
3.273527e-01
1.475841e-01
1.855522e-01
0
2.988598e-01
1.639033e-01
0
0
1.698503e-01
3.422128e-02
9.005701e-02
4.946714e-02
0
0
0
0
1.145237e-01
0
5.838071e-01
0
7.299729e-01
6.111540e-01
0
0
1.938253e-01
4.685408e-01
3.694894e-02
1.878382e-02
0
0
0
0
0
7.457690e-01
5.441165e-01
6.164774e-01
0
0
0
0
0
0
0
0
0
0
0
0
0
0
0
0
0
0
1.148296e-01
1.767330e-01
0
0
1.723262e-01
0
0
0
0
0
0
0
9.127744e-02
0
0
1.260212e-01
1.297106e-02
9.629175e-02
1.189545e-01
2.481900e-01
3.862239e-01
9.022307e-02
5.014023e-01
5.217674e-02
1.108904e-01
0
8.605435e-01
7.048353e-01
1
8.873806e-01
6.888843e-01
7.843662e-01
5.460909e-01
4.968532e-01
3.695581e-01
0
0
0
5.114094e-01
2.961671e-01
0
0
7.041261e-03
0
1.063842e-02
0
0
0
1.622107e-01
0
4.833402e-01
3.568512e-01
0
0
0
0
0
0
1.775205e-01
0
5.547475e-01
6.452527e-01
1.278881e-01
0
0
0
0
0
9.619690e-03
0
1.429414e-01
1.513562e-01
2.118682e-02
0
0
1.423398e-01
0
1.397263e-01
1.191067e-01
0
4.971820e-01
0
5.257496e-01
4.631568e-01
0
0
2.493183e-01
3.491533e-01
1.321836e-01
1.199353e-01
0
0
0
0
0
4.661745e-01
3.885516e-01
5.225803e-01
0
0
0
0
0
0
0
0
0
0
0
0
0
0
0
0
0
0
1.727592e-01
1.998175e-01
0
0
7.836447e-02
0
0
0
0
0
0
0
1.674155e-01
0
0
0
0
3.833870e-02
0
8.392435e-02
3.806526e-01
1.915172e-01
3.725936e-01
1.334975e-01
1.290656e-01
0
8.808542e-01
8.339839e-01
8.873806e-01
1.000000e+00
7.604382e-01
8.765298e-01
7.011503e-01
6.956178e-01
4.980845e-01
1.189042e-01
0
0
6.363595e-01
5.193863e-01
0
0
3.267989e-01
9.514146e-02
1.075760e-01
0
1.664897e-01
0
0
0
3.944152e-01
4.067341e-01
0
0
0
0
0
0
2.607576e-01
0
5.494712e-01
6.767063e-01
1.133872e-01
0
0
0
0
7.769443e-02
0
0
7.178570e-05
1.182033e-01
7.529842e-03
0
0
2.112437e-01
0
1.789422e-01
2.985074e-02
0
5.319821e-01
0
6.439068e-01
6.148674e-01
3.354608e-02
0
3.727971e-01
5.537376e-01
1.428979e-01
0
3.805292e-02
0
0
0
0
5.149918e-01
4.999574e-01
5.494247e-01
0
0
0
0
0
0
0
0
0
0
0
0
0
0
0
0
0
0
3.598199e-01
3.423959e-01
0
0
2.068955e-02
0
0
0
0
0
0
0
3.150162e-01
6.151942e-02
0
1.612103e-01
0
0
0
0
3.655187e-01
3.568745e-01
4.577194e-01
4.176098e-01
4.306172e-02
0
9.301479e-01
9.558035e-01
6.888843e-01
7.604382e-01
1
8.930999e-01
8.796298e-01
7.466216e-01
7.731088e-01
3.486499e-01
2.244631e-01
0
8.841028e-01
7.242151e-01
2.474413e-01
7.189556e-02
6.401146e-02
0
0
0
2.613967e-01
0
0
0
0
0
0
0
0
0
0
0
2.063717e-01
0
2.534989e-01
5.291424e-01
3.458587e-01
1.721671e-01
1.430741e-01
0
3.121277e-01
1.465118e-01
0
0
2.056021e-01
6.793294e-02
9.041408e-02
1.065850e-01
0
0
0
0
1.376516e-01
0
6.270189e-01
0
7.130295e-01
5.195834e-01
0
0
1.602492e-01
3.394536e-01
1.767606e-02
4.769587e-02
0
0
0
0
0
6.790536e-01
4.651027e-01
4.964891e-01
0
0
0
0
0
0
0
0
0
0
0
0
0
0
0
0
0
0
1.781193e-01
1.764768e-01
0
0
1.260852e-02
0
0
0
0
0
0
0
1.573829e-01
0
0
7.351741e-02
0
0
0
0
3.717076e-01
3.378052e-01
4.443149e-01
3.448553e-01
0
0
9.532987e-01
8.961653e-01
7.843662e-01
8.765298e-01
8.930999e-01
1
8.806786e-01
8.353873e-01
6.612287e-01
4.089840e-01
7.641532e-02
0
7.720048e-01
7.064211e-01
5.970237e-02
0
3.555692e-01
1.188679e-01
6.985670e-02
0
1.699309e-01
0
0
0
9.936528e-02
1.396947e-01
0
0
0
0
0
0
2.118406e-01
0
3.387947e-01
6.071984e-01
1.177258e-01
0
0
0
1.409410e-01
0
0
0
1.544797e-01
2.166988e-02
8.330453e-02
0
0
5.810766e-02
0
0
9.889967e-02
0
6.472180e-01
0
6.617835e-01
5.505917e-01
2.156449e-02
0
3.562776e-01
4.554953e-01
6.210536e-02
0
0
0
0
0
0
6.367432e-01
6.194881e-01
5.112273e-01
0
0
1.432164e-01
5.646880e-02
0
0
0
0
0
0
0
0
0
0
0
0
0
0
3.382701e-01
1.983012e-01
0
0
0
0
0
0
0
0
0
0
2.610650e-01
0
0
0
0
0
0
0
1.880375e-01
3.226684e-01
2.554936e-01
4.372628e-01
0
0
8.417239e-01
8.856211e-01
5.460909e-01
7.011503e-01
8.796298e-01
8.806786e-01
1
8.846391e-01
8.299391e-01
5.599679e-01
3.546223e-01
0
8.532313e-01
8.090020e-01
3.218363e-01
2.363545e-01
3.586004e-01
1.318769e-01
6.609633e-02
0
3.370665e-01
0
0
0
0
0
0
0
0
0
0
0
9.420680e-02
0
1.576666e-01
4.366904e-01
2.204186e-01
7.732043e-02
6.801989e-02
0
2.568153e-01
2.306442e-02
0
0
2.308027e-01
0
1.399103e-01
1.912520e-01
0
0
0
0
1.453282e-01
0
5.508917e-01
0
7.115941e-01
5.400622e-01
4.150146e-02
0
2.673717e-01
4.466976e-01
7.149747e-02
0
0
0
0
0
0
7.267107e-01
5.808249e-01
3.964641e-01
0
0
1.408899e-01
0
0
0
0
0
0
0
0
0
0
0
0
0
0
0
6.658127e-02
0
0
0
0
0
0
0
0
0
0
0
0
0
0
0
0
0
0
0
1.140370e-01
3.711621e-01
3.104697e-01
4.200132e-01
0
0
7.522740e-01
7.522255e-01
4.968532e-01
6.956178e-01
7.466216e-01
8.353873e-01
8.846391e-01
1
7.611439e-01
7.218567e-01
3.075691e-01
1.422639e-01
7.472434e-01
7.011875e-01
5.107080e-02
7.330008e-02
4.851849e-01
3.075413e-01
1.247422e-01
0
3.821663e-02
0
0
0
0
0
0
0
0
0
0
0
0
0
5.383525e-02
3.531778e-01
0
0
0
0
1.821026e-01
0
0
0
1.762616e-01
0
2.198712e-01
1.074382e-01
0
7.685895e-02
0
0
2.267642e-01
0
6.292645e-01
0
5.254972e-01
4.026145e-01
1.073486e-01
0
2.671445e-01
4.159056e-01
2.916382e-01
2.575562e-02
0
0
0
3.672281e-02
0
5.604913e-01
4.574103e-01
2.423191e-01
3.993936e-02
2.448837e-02
5.558059e-02
6.846913e-02
0
0
0
0
0
0
0
0
0
0
0
0
0
0
2.106633e-01
7.817889e-02
0
0
0
0
0
0
0
0
0
0
5.598701e-02
0
0
6.191274e-02
0
0
0
0
2.493031e-01
2.235836e-01
3.686524e-01
4.409234e-01
0
0
6.656479e-01
7.241644e-01
3.695581e-01
4.980845e-01
7.731088e-01
6.612287e-01
8.299391e-01
7.611439e-01
1.000000e+00
6.693904e-01
6.751880e-01
1.841211e-01
8.773194e-01
7.937770e-01
2.146538e-01
8.274987e-02
1.697503e-01
0
0
0
4.967570e-02
0
0
0
0
0
0
0
0
0
0
0
0
0
7.709703e-02
1.765530e-01
1.723796e-01
1.640187e-01
5.218385e-02
0
1.184430e-01
0
0
0
2.061111e-01
0
2.695016e-01
3.539161e-01
0
0
0
0
1.846071e-01
0
5.808708e-01
0
5.303599e-01
4.459961e-01
0
0
0
2.408943e-01
5.355954e-03
4.052563e-02
0
0
9.964580e-02
9.597551e-02
0
6.464965e-01
3.121603e-01
3.487865e-01
2.079210e-01
3.041731e-02
4.659784e-01
2.388073e-01
0
0
0
0
0
0
0
0
0
0
1.727264e-02
0
0
0
0
0
0
0
0
0
0
0
1.237375e-02
0
0
0
0
0
0
0
0
0
0
0
2.836533e-02
3.697605e-01
1.722555e-01
4.835923e-01
0
0
2.625256e-01
2.977202e-01
0
1.189042e-01
3.486499e-01
4.089840e-01
5.599679e-01
7.218567e-01
6.693904e-01
1.000000e+00
5.959054e-01
4.923005e-01
5.100807e-01
6.044939e-01
8.332138e-02
1.720067e-01
3.863378e-01
3.303266e-01
5.914906e-02
0
0
0
0
4.191654e-02
0
0
0
0
0
0
0
0
0
0
0
7.235190e-04
0
0
0
0
1.332380e-01
0
0
0
2.319240e-01
0
2.712432e-01
4.689442e-01
0
0
0
0
4.307673e-01
2.416928e-02
5.918747e-01
3.682669e-02
1.172462e-01
7.123238e-04
8.723447e-02
0
0
6.861965e-03
1.128883e-01
1.506409e-01
0
0
1.975885e-01
2.549421e-01
1.819500e-02
4.050879e-01
2.075589e-01
0
4.208610e-01
3.014755e-01
1.669166e-01
3.147506e-01
5.424492e-02
4.456381e-02
6.225396e-02
0
1.742073e-02
8.718247e-03
6.804663e-02
1.740408e-02
0
0
0
0
1.169797e-01
0
5.045716e-02
0
2.143434e-01
1.351554e-01
0
7.373987e-02
0
0
1.233112e-01
0
0
0
0
0
3.321597e-02
1.247633e-01
0
0
0
0
0
0
2.018370e-01
1.906354e-01
0
0
7.924227e-02
1.349433e-01
0
0
2.244631e-01
7.641532e-02
3.546223e-01
3.075691e-01
6.751880e-01
5.959054e-01
1
3.926243e-01
4.065922e-01
3.846139e-01
2.432442e-01
1.585813e-01
0
0
0
0
0
0
0
0
0
0
9.156076e-02
1.431858e-01
0
2.392539e-01
0
0
0
7.055771e-02
0
0
8.150283e-02
2.943568e-01
6.173087e-02
7.814942e-02
5.325413e-02
0
4.224306e-02
0
3.481764e-01
0
3.420933e-01
4.842251e-01
0
0
0
0
1.441554e-01
0
1.501054e-01
0
2.692207e-02
0
0
0
0
0
0
0
0
0
2.841143e-01
2.920638e-01
1.187110e-03
2.553869e-01
0
1.134908e-01
3.602522e-01
2.370602e-01
1.124724e-01
2.723278e-02
0
9.284578e-02
0
0
2.692411e-01
3.688286e-01
1.596358e-01
3.994284e-01
0
1.011118e-01
1.652570e-01
6.217577e-02
0
0
0
0
2.229361e-02
1.753454e-01
0
7.353445e-02
0
0
0
0
0
1.035476e-01
0
0
0
0
1.545592e-01
8.525659e-02
2.613639e-01
8.619304e-02
4.966112e-02
3.087080e-01
1.904433e-01
4.087439e-01
0
1.972637e-01
0
0
0
0
0
0
0
1.422639e-01
1.841211e-01
4.923005e-01
3.926243e-01
1
0
1.069040e-01
0
0
1.840789e-01
3.273935e-01
2.153336e-01
2.185813e-01
0
0
0
0
0
0
0
3.740314e-01
0
6.572380e-02
0
0
0
1.357689e-01
0
0
0
0
0
0
0
0
0
0
0
0
0
1.910729e-01
5.670216e-01
2.247086e-01
0
0
2.948905e-01
1.376879e-01
1.963226e-01
1.275370e-01
1.459484e-02
1.109236e-01
4.171677e-01
0
2.737172e-02
0
1.564511e-01
0
1.311894e-01
2.099667e-01
0
0
0
0
0
0
2.465064e-01
4.097742e-01
4.036395e-02
1.068805e-01
0
0
0
0
0
0
0
0
0
0
0
0
0
0
2.572902e-01
3.164435e-01
0
0
0
0
0
0
0
0
0
0
1.933161e-01
6.557537e-02
0
1.931413e-01
0
0
0
0
3.652184e-01
3.050749e-01
3.686877e-01
4.691937e-01
0
0
7.590009e-01
8.721459e-01
5.114094e-01
6.363595e-01
8.841028e-01
7.720048e-01
8.532313e-01
7.472434e-01
8.773194e-01
5.100807e-01
4.065922e-01
0
1
8.526815e-01
2.922863e-01
1.998660e-01
1.697714e-01
0
0
0
2.206495e-01
0
0
0
0
0
0
0
0
0
0
0
1.361109e-01
0
2.428024e-01
4.479755e-01
2.294851e-01
2.309191e-01
1.393850e-01
0
3.672979e-01
2.212868e-01
0
0
3.619453e-01
1.272029e-01
3.376833e-01
3.326435e-01
0
0
0
0
1.441189e-01
0
6.640986e-01
0
6.275533e-01
3.887810e-01
0
0
0
1.890028e-01
0
9.595485e-02
9.435263e-04
0
2.025204e-01
1.529003e-01
0
6.766946e-01
2.675319e-01
4.523937e-01
1.163708e-01
0
2.333911e-01
8.971298e-03
0
0
0
0
0
0
0
0
0
0
0
0
0
0
2.959930e-01
3.106877e-01
0
0
0
0
0
0
0
0
0
0
3.340215e-01
2.219005e-01
0
4.674998e-02
5.914105e-02
4.267618e-02
0
0
5.230514e-01
4.854599e-01
2.589331e-01
6.108748e-01
5.420395e-02
0
5.829571e-01
7.406003e-01
2.961671e-01
5.193863e-01
7.242151e-01
7.064211e-01
8.090020e-01
7.011875e-01
7.937770e-01
6.044939e-01
3.846139e-01
1.069040e-01
8.526815e-01
1
3.499252e-01
2.642112e-01
4.527309e-01
1.991038e-01
5.221275e-02
0
3.464370e-01
0
0
0
0
0
0
0
9.911089e-03
0
8.729436e-02
0
3.648797e-01
8.856740e-02
3.175319e-01
4.804122e-01
2.749415e-01
2.130268e-01
1.573644e-01
0
2.486899e-01
6.604590e-02
0
0
1.544642e-01
0
5.868319e-02
5.185936e-01
0
0
0
0
1.093539e-01
0
6.536445e-01
0
6.954023e-01
5.416154e-01
0
0
0
2.164212e-01
0
0
1.827893e-01
0
0
0
0
6.142942e-01
3.558073e-01
4.127915e-01
7.072562e-02
0
3.348460e-01
6.643373e-01
0
0
0
0
0
0
0
0
1.460038e-01
3.903754e-01
0
4.671875e-03
0
0
6.760443e-01
6.647571e-01
3.454330e-01
2.353826e-01
0
0
0
0
0
0
0
0
6.119143e-01
5.019728e-01
0
0
4.649769e-01
1.669326e-01
0
0
9.105878e-02
4.228160e-01
0
5.747143e-01
5.344170e-02
2.498835e-01
7.834158e-02
2.187308e-01
0
0
2.474413e-01
5.970237e-02
3.218363e-01
5.107080e-02
2.146538e-01
8.332138e-02
2.432442e-01
0
2.922863e-01
3.499252e-01
1
7.979394e-01
0
0
0
0
5.237556e-01
3.864907e-01
0
0
0
0
4.638415e-01
2.909573e-01
2.956878e-01
1.762131e-01
2.071406e-01
2.520946e-01
2.141429e-01
1.153647e-01
7.218803e-02
1.312759e-01
7.077805e-01
6.340925e-01
7.175416e-01
4.175369e-01
3.789184e-01
3.084496e-01
0
0
2.274807e-01
0
0
3.860774e-01
0
0
0
0
0
0
5.355710e-02
0
4.421770e-01
3.568060e-02
0
0
0
0
0
0
0
0
1.346626e-01
0
1.458400e-01
4.413213e-01
6.927190e-02
0
9.104390e-02
6.240964e-02
4.818297e-01
6.780621e-01
0
0
0
0
0
0
0
0
2.880892e-01
4.254401e-01
0
9.464698e-02
0
1.771916e-02
4.729835e-01
5.214719e-01
3.266336e-01
1.817958e-01
0
0
0
0
0
0
0
0
4.652349e-01
4.930148e-01
0
0
3.670093e-01
1.877254e-02
0
0
0
3.227031e-01
0
4.740112e-01
0
2.564078e-01
0
5.576120e-02
0
0
7.189556e-02
0
2.363545e-01
7.330008e-02
8.274987e-02
1.720067e-01
1.585813e-01
0
1.998660e-01
2.642112e-01
7.979394e-01
1
1.139155e-01
2.290281e-01
1.824468e-02
4.539198e-03
5.751561e-01
6.863862e-01
0
0
0
0
2.036940e-01
9.514172e-02
3.648986e-02
4.049562e-02
0
1.996563e-01
7.018562e-02
0
0
0
3.949238e-01
4.539275e-01
5.459976e-01
2.648973e-01
5.982432e-01
4.566840e-01
0
0
3.163489e-01
1.346092e-01
0
3.455115e-01
0
0
0
0
0
1.977238e-01
0
0
3.141177e-01
0
0
0
0
0
0
0
1.403864e-01
0
3.751296e-01
3.125417e-01
3.135442e-01
1.240472e-01
0
0
1.156097e-01
1.469572e-01
2.903129e-01
0
0
0
0
0
0
3.154223e-02
0
0
5.450206e-03
1.970838e-01
1.153531e-01
8.050105e-02
0
0
2.229485e-03
2.336694e-02
0
0
0
0
0
0
0
0
0
0
5.696308e-02
0
0
0
0
1.232271e-01
0
0
1.171859e-01
2.685506e-01
0
2.108828e-01
0
0
1.319683e-01
1.765980e-01
7.041261e-03
3.267989e-01
6.401146e-02
3.555692e-01
3.586004e-01
4.851849e-01
1.697503e-01
3.863378e-01
0
1.840789e-01
1.697714e-01
4.527309e-01
0
1.139155e-01
1
7.943246e-01
5.667359e-01
2.351567e-01
2.799958e-01
2.488366e-01
0
0
1.281922e-01
4.289471e-01
0
8.682396e-02
0
0
0
7.391901e-03
1.685243e-01
5.486202e-03
8.876462e-02
1.803584e-01
0
0
0
0
0
3.266033e-02
0
1.254132e-01
0
0
0
1.538138e-01
2.648940e-01
1.557712e-01
5.758716e-02
4.407891e-02
0
0
2.193120e-01
0
3.115635e-01
3.377682e-01
4.606066e-01
0
3.565333e-01
4.447280e-01
0
0
3.479090e-01
1.551718e-01
0
0
0
4.969434e-02
2.930825e-01
0
0
0
3.266075e-01
0
0
0
0
0
0
3.223494e-01
0
3.251939e-03
4.364875e-02
3.177913e-01
2.596918e-01
2.023018e-01
0
0
0
0
0
0
0
0
0
0
0
0
0
0
5.432539e-03
8.245161e-03
0
0
2.266182e-03
1.463030e-01
0
4.827465e-02
3.668263e-02
3.432633e-01
0
1.617262e-01
0
8.736163e-02
0
0
0
9.514146e-02
0
1.188679e-01
1.318769e-01
3.075413e-01
0
3.303266e-01
0
3.273935e-01
0
1.991038e-01
0
2.290281e-01
7.943246e-01
1.000000e+00
6.410653e-01
5.874018e-01
1.907122e-01
4.298095e-01
0
0
4.573300e-02
3.795138e-01
0
1.114791e-01
0
0
0
1.265635e-01
6.073768e-02
6.027264e-02
0
1.476496e-01
0
0
0
0
0
0
0
1.794959e-01
0
0
0
1.260322e-01
3.098037e-01
1.851261e-01
8.314582e-02
5.251807e-02
0
0
1.513602e-01
0
1.978831e-01
1.592381e-01
3.803965e-01
0
2.429547e-01
2.884177e-01
1.022751e-02
0
2.455739e-01
2.292146e-01
0
0
0
0
1.077936e-01
0
0
0
7.635203e-02
0
0
0
0
0
0
2.794939e-01
0
1.377344e-01
0
2.070523e-01
4.207678e-01
2.249190e-01
0
2.840131e-01
1.664618e-02
0
0
0
0
0
0
0
0
0
0
0
0
3.360468e-02
0
0
7.628033e-02
4.093271e-01
5.614530e-02
3.929415e-01
0
0
7.733407e-03
0
1.034426e-01
0
0
0
1.063842e-02
1.075760e-01
0
6.985670e-02
6.609633e-02
1.247422e-01
0
5.914906e-02
0
2.153336e-01
0
5.221275e-02
0
1.824468e-02
5.667359e-01
6.410653e-01
1
4.536206e-01
2.934596e-01
3.814424e-01
0
0
2.735992e-01
5.804588e-01
2.810912e-02
0
0
7.067996e-02
1.003762e-01
2.075932e-01
2.568357e-01
2.694890e-01
4.015792e-02
1.139730e-01
0
0
0
0
0
0
0
1.943573e-01
0
0
0
0
5.085637e-01
3.490958e-01
3.644997e-01
1.291102e-01
0
0
0
0
2.239471e-01
4.030126e-01
4.614939e-01
0
4.255121e-01
4.327603e-01
0
0
2.598227e-01
2.776767e-01
0
0
0
0
1.185730e-01
6.294771e-02
0
0
1.541442e-01
0
0
4.242731e-01
0
2.499601e-01
3.391726e-01
7.130222e-01
8.476852e-02
6.781775e-01
9.019591e-02
4.678931e-01
6.474230e-01
5.785440e-01
5.078542e-02
3.383252e-01
0
0
8.671119e-02
2.044155e-01
0
0
0
0
1.090102e-01
0
1.612142e-01
8.333541e-02
0
0
0
0
0
8.703312e-04
3.451926e-01
3.001007e-01
0
0
0
0
0
8.677852e-02
0
0
0
0
0
0
0
0
0
0
0
2.185813e-01
0
0
0
4.539198e-03
2.351567e-01
5.874018e-01
4.536206e-01
1
0
3.302110e-01
2.619173e-01
5.145858e-01
9.208505e-02
2.395294e-01
0
1.982895e-01
0
5.611205e-02
0
2.471737e-01
0
1.278680e-01
0
0
0
0
0
0
0
0
0
4.338337e-01
0
0
0
0
4.392400e-01
1.718640e-01
4.244195e-01
1.802642e-01
0
2.825360e-01
0
3.023395e-01
0
0
3.233213e-01
2.080966e-01
8.373887e-02
0
0
0
1.537007e-02
3.287198e-01
0
0
9.392139e-03
0
0
0
0
3.170753e-02
1.559196e-01
7.713482e-03
0
0
0
0
0
0
0
0
3.624158e-01
4.049670e-01
0
2.102012e-01
0
3.510413e-01
7.070334e-01
5.879556e-01
0
0
0
0
0
0
0
0
0
0
7.898006e-01
7.698126e-01
0
0
2.335445e-01
3.613938e-01
0
0
1.117398e-01
7.162707e-02
0
1.269546e-01
4.520829e-01
2.409878e-01
1.374348e-01
3.709955e-01
0
1.664897e-01
2.613967e-01
1.699309e-01
3.370665e-01
3.821663e-02
4.967570e-02
0
0
0
2.206495e-01
3.464370e-01
5.237556e-01
5.751561e-01
2.799958e-01
1.907122e-01
2.934596e-01
0
1
6.788265e-01
0
0
0
5.485451e-02
4.461835e-01
1.429028e-01
1.314994e-01
2.880513e-01
4.902095e-01
4.719258e-01
6.039975e-01
2.605263e-01
1.727826e-01
3.495822e-01
5.004457e-01
5.511763e-01
6.699829e-01
6.802121e-02
3.279502e-01
3.935620e-01
0
0
0
0
0
1.251398e-01
0
0
0
0
0
0
0
0
5.406566e-01
4.611855e-01
0
8.050417e-02
2.275281e-01
3.993379e-01
0
0
2.713158e-01
0
0
0
0
1.720098e-01
2.204061e-01
3.063295e-01
0
0
5.034405e-01
2.529069e-01
0
6.171035e-02
0
0
0
3.326162e-01
0
1.134372e-02
4.463653e-01
6.091652e-01
1.859225e-01
5.028202e-01
6.903504e-02
3.539557e-01
2.541106e-01
2.060803e-01
3.482239e-01
2.449850e-01
0
0
0
0
0
0
0
0
4.509251e-01
5.302847e-01
0
0
3.010341e-01
2.671193e-01
0
0
0
0
0
0
1.395720e-01
1.722486e-01
0
0
0
0
0
0
0
0
0
0
0
0
0
0
3.864907e-01
6.863862e-01
2.488366e-01
4.298095e-01
3.814424e-01
3.302110e-01
6.788265e-01
1
0
0
0
0
2.454613e-01
1.392473e-01
2.225373e-02
2.297984e-01
2.140306e-01
4.022064e-01
2.548333e-01
1.568404e-01
0
0
1.105787e-01
2.401411e-01
3.355445e-01
0
3.578775e-01
2.079887e-01
0
0
6.291535e-02
0
0
5.940516e-02
0
0
0
0
0
1.061220e-01
0
0
5.639446e-02
0
2.831405e-02
0
1.677252e-01
0
0
0
2.519386e-01
0
1.064876e-01
8.374538e-02
1.665583e-01
0
0
0
0
0
0
0
4.067079e-01
4.118150e-01
4.537417e-01
5.160616e-01
3.471215e-01
8.819568e-02
5.493729e-01
4.343305e-01
0
0
1.376947e-01
0
2.442172e-01
0
0
0
0
0
1.611613e-01
1.091578e-01
5.331894e-01
4.623794e-01
4.738784e-01
3.861627e-01
2.448802e-01
1.881538e-01
0
0
2.931581e-01
1.487381e-01
0
0
7.952506e-01
6.550217e-01
0
0
1.944604e-01
0
0
0
0
0
1.622107e-01
0
0
0
0
0
0
0
0
0
0
0
0
0
0
0
0
2.619173e-01
0
0
1.000000e+00
4.477019e-01
4.681415e-01
2.230832e-01
0
0
0
0
0
0
0
0
0
0
0
0
0
1.962963e-01
0
0
6.980212e-01
4.081412e-01
0
1.922534e-01
2.018212e-01
0
1.983635e-01
2.905496e-01
3.545611e-01
3.724803e-01
3.640018e-02
3.270516e-01
0
1.262422e-01
0
0
0
4.306679e-01
0
0
1.438603e-01
2.676245e-01
0
3.035187e-01
1.548595e-01
1.609460e-01
2.796721e-02
0
0
0
0
0
2.585909e-01
1.395360e-01
5.996013e-01
4.761456e-01
4.657912e-01
3.764110e-01
6.348710e-01
2.903560e-01
1.780131e-01
5.538230e-01
2.520804e-01
1.995285e-01
5.082189e-01
3.407992e-01
3.198410e-01
0
0
0
3.402241e-01
9.762988e-02
3.947902e-02
0
5.170145e-01
4.219210e-01
8.318216e-01
6.072783e-01
4.637295e-01
2.801184e-01
0
0
4.854384e-01
2.600055e-02
0
0
4.179158e-01
9.375435e-02
0
0
0
0
0
0
0
0
0
0
0
0
0
0
0
4.191654e-02
0
0
0
0
0
0
0
0
0
5.145858e-01
0
0
4.477019e-01
1.000000e+00
1.306413e-02
0
0
0
0
0
0
0
0
0
0
0
0
0
0
1.829265e-01
0
0
3.102139e-01
6.612436e-01
0
0
5.222605e-01
1.279388e-01
1.301114e-01
1.647062e-01
3.310553e-01
1.958234e-01
0
4.406582e-01
0
3.874694e-01
0
0
1.808601e-01
1.615521e-01
0
0
2.549182e-02
1.516253e-01
0
2.251084e-02
8.184338e-02
1.119176e-01
2.426205e-01
0
0
0
0
3.150564e-02
0
0
0
1.300534e-01
0
0
1.264154e-01
0
0
0
0
0
1.861160e-02
0
0
0
0
0
0
0
5.486895e-02
0
3.091307e-02
4.154210e-02
0
1.473439e-02
0
0
0
0
0
1.506897e-01
2.055825e-02
4.020969e-01
5.190895e-01
8.130932e-01
4.436270e-01
0
2.816612e-01
0
4.098519e-01
2.153814e-02
1.051130e-01
0
4.833402e-01
3.944152e-01
0
9.936528e-02
0
0
0
0
0
0
0
0
0
0
1.281922e-01
4.573300e-02
2.735992e-01
9.208505e-02
0
0
4.681415e-01
1.306413e-02
1
8.702483e-01
0
0
1.442758e-01
6.144394e-02
3.153730e-01
2.569393e-01
3.404579e-01
3.617678e-01
6.468226e-01
4.131585e-01
0
0
0
0
0
0
3.200160e-01
3.889703e-01
0
8.565536e-03
0
0
3.939991e-01
3.900555e-01
3.361957e-01
3.376138e-01
0
0
4.813435e-02
0
2.180523e-02
3.123773e-01
8.261950e-02
1.830297e-01
7.913236e-02
2.156681e-01
0
0
1.032351e-01
1.665695e-01
0
0
0
0
2.877631e-02
3.579032e-01
0
0
0
0
0
4.546543e-02
0
0
3.165204e-02
1.422236e-02
0
0
0
0
1.367610e-01
0
0
0
0
0
0
0
0
0
0
0
0
0
0
0
4.207261e-03
6.796640e-02
0
0
1.313404e-02
4.430747e-01
3.522194e-01
7.687809e-01
3.573469e-01
0
1.816025e-01
0
4.472310e-01
0
5.205321e-02
5.942965e-03
3.568512e-01
4.067341e-01
0
1.396947e-01
0
0
0
0
0
0
0
0
0
0
4.289471e-01
3.795138e-01
5.804588e-01
2.395294e-01
5.485451e-02
0
2.230832e-01
0
8.702483e-01
1
0
0
3.064850e-03
0
3.220250e-01
2.742970e-01
4.476096e-01
2.895219e-01
5.536055e-01
4.453337e-01
0
0
0
0
0
0
7.577131e-02
4.209429e-01
0
0
0
0
4.271372e-01
5.145795e-01
4.030926e-01
3.788794e-01
0
0
0
0
1.642295e-01
4.193869e-01
2.246175e-01
8.374705e-02
2.924436e-01
3.410728e-01
0
0
2.509238e-01
2.312615e-01
0
0
0
0
8.224064e-02
2.766967e-01
0
0
0
9.212907e-02
0
0
3.185148e-02
2.735701e-01
0
2.771440e-01
0
2.071982e-01
4.847310e-02
5.464518e-01
1.499880e-02
3.691000e-01
6.578179e-02
3.629613e-01
5.304775e-01
3.470269e-01
1.904373e-01
5.608559e-01
2.862454e-01
4.497917e-01
0
0
0
0
2.535439e-01
1.234816e-01
4.730102e-01
4.499262e-01
0
0
3.569351e-01
5.205257e-01
0
0
0
0
0
0
2.238791e-01
1.265049e-01
0
0
0
0
0
0
0
0
0
0
9.156076e-02
0
0
0
4.638415e-01
2.036940e-01
0
0
2.810912e-02
0
4.461835e-01
2.454613e-01
0
0
0
0
1
6.363559e-01
4.506059e-01
6.466892e-01
4.661461e-01
3.672273e-01
2.631316e-01
4.272071e-01
1.186880e-01
0
5.639739e-01
5.510075e-01
6.485000e-01
4.442078e-01
0
0
2.105409e-01
0
0
0
0
2.045041e-01
1.992906e-01
0
1.801331e-01
0
0
0
0
0
2.107142e-01
1.877699e-01
1.895540e-01
2.826745e-01
5.999662e-02
1.242968e-01
0
0
0
0
0
0
0
4.741631e-02
7.893021e-02
0
0
0
1.212822e-01
4.639399e-02
0
2.665377e-01
0
2.369328e-01
1.726841e-01
6.040857e-01
9.856324e-02
4.329422e-01
6.108488e-02
5.988847e-01
2.787111e-01
5.520495e-01
1.147478e-01
4.516972e-01
2.483162e-01
4.670069e-02
2.327353e-01
4.889438e-01
1.529673e-01
4.761809e-01
0
4.703434e-02
0
0
1.579441e-01
5.880687e-02
2.673924e-01
2.913331e-01
0
0
1.662180e-01
2.477108e-01
0
0
1.284245e-01
2.040564e-01
0
9.402482e-02
2.511269e-01
3.961156e-01
0
0
0
0
0
0
0
0
0
0
1.431858e-01
3.740314e-01
0
0
2.909573e-01
9.514172e-02
8.682396e-02
1.114791e-01
0
1.982895e-01
1.429028e-01
1.392473e-01
0
0
0
0
6.363559e-01
1.000000e+00
5.525193e-01
6.503437e-01
4.608772e-01
4.487661e-01
1.568260e-01
5.204486e-01
0
0
2.221477e-01
1.688687e-01
3.293277e-01
1.967796e-01
0
0
0
0
0
0
0
2.822885e-01
3.601978e-01
0
1.246945e-01
0
0
0
0
1.647717e-02
0
2.664373e-02
2.049481e-01
1.172230e-01
0
0
0
0
2.073213e-01
0
0
0
0
0
4.759606e-02
0
9.376883e-02
1.042439e-01
0
1.188197e-01
1.374030e-01
1.853913e-01
1.234511e-01
1.612041e-01
0
1.719757e-01
0
0
1.400918e-01
2.939012e-01
0
1.155727e-01
0
0
2.475809e-01
4.250893e-01
1.874398e-01
2.407940e-01
2.140616e-01
3.954294e-01
9.550214e-02
2.442440e-01
0
5.615492e-02
2.668865e-01
1.366649e-01
4.114641e-01
5.002502e-01
6.006825e-02
5.298789e-02
2.213877e-01
2.448565e-01
0
0
2.903994e-01
2.675402e-01
0
0
3.293049e-01
3.112414e-01
0
0
0
0
0
0
0
0
0
0
0
0
0
9.911089e-03
2.956878e-01
3.648986e-02
0
0
0
0
1.314994e-01
2.225373e-02
0
0
1.442758e-01
3.064850e-03
4.506059e-01
5.525193e-01
1
4.939743e-01
5.232432e-01
4.044868e-01
3.321455e-01
3.779030e-01
3.641526e-01
8.137674e-02
3.482570e-01
3.236377e-01
5.041126e-01
4.935538e-01
0
2.627673e-01
5.447368e-02
4.057971e-02
0
1.535501e-01
0
2.394928e-01
0
0
0
0
0
0
2.252420e-02
0
5.784063e-03
0
0
4.760892e-02
0
0
0
0
1.416132e-01
0
6.107311e-02
0
0
0
0
0
0
0
0
0
0
4.669696e-01
0
3.990829e-01
7.290941e-02
5.512564e-01
1.639187e-02
3.438767e-01
2.165284e-01
5.003702e-01
1.910756e-01
4.202003e-01
1.854864e-01
4.606476e-01
3.530236e-01
2.402667e-01
1.892718e-01
3.426232e-01
5.296833e-02
2.988819e-01
1.204068e-01
1.340096e-01
0
0
0
0
3.878875e-01
5.868385e-01
0
2.645295e-01
3.026605e-01
4.793488e-01
0
6.589421e-02
9.886981e-02
0
0
0
3.897375e-01
1.499478e-01
0
0
0
0
0
0
0
0
0
0
2.392539e-01
6.572380e-02
0
0
1.762131e-01
4.049562e-02
0
0
7.067996e-02
5.611205e-02
2.880513e-01
2.297984e-01
0
0
6.144394e-02
0
6.466892e-01
6.503437e-01
4.939743e-01
1
6.975353e-01
6.268397e-01
4.983191e-01
8.044019e-01
1.025926e-01
0
3.670661e-01
5.567494e-01
5.155789e-01
3.145007e-01
0
0
3.014271e-01
5.278734e-02
0
0
0
3.382497e-01
2.162420e-01
0
7.114213e-02
0
0
0
0
0
0
1.189548e-01
0
1.936067e-01
0
0
0
0
6.437126e-02
0
3.659698e-03
0
0
0
0
1.249108e-01
0
0
0
0
0
3.920481e-02
0
9.066884e-02
0
1.854140e-01
0
0
7.319873e-02
2.177937e-01
0
1.467173e-01
0
3.766847e-01
5.117886e-01
5.255100e-01
0
0
3.358721e-02
1.492889e-01
0
0
0
0
0
0
7.325918e-01
7.823826e-01
0
1.877770e-01
4.588665e-01
5.953404e-01
0
2.127153e-01
4.807203e-01
1.006344e-01
6.754343e-02
6.741812e-02
8.935944e-01
5.433970e-01
0
1.142813e-02
0
0
0
0
0
0
0
0
0
0
0
8.729436e-02
2.071406e-01
0
0
0
1.003762e-01
0
4.902095e-01
2.140306e-01
0
0
3.153730e-01
3.220250e-01
4.661461e-01
4.608772e-01
5.232432e-01
6.975353e-01
1
8.711653e-01
8.593660e-01
8.320995e-01
5.074348e-01
3.045557e-01
6.225460e-01
5.412151e-01
5.561373e-01
2.102535e-01
0
1.215149e-01
0
0
0
0
0
0
1.417172e-01
0
0
0
0
0
0
0
2.893672e-01
4.446272e-01
0
6.925226e-03
9.621149e-02
3.949505e-02
0
0
2.827735e-01
0
0
0
0
0
0
4.294320e-01
0
0
0
0
0
1.450655e-01
0
6.326849e-02
0
3.532601e-01
0
1.055567e-01
6.816152e-02
2.914558e-01
2.334227e-03
2.019622e-01
0
3.769814e-01
4.958526e-01
5.438870e-01
0
2.285966e-02
0
3.743141e-02
0
0
0
0
0
0
6.589840e-01
7.858562e-01
0
8.073184e-02
5.210209e-01
5.308889e-01
8.839508e-03
1.956461e-01
4.230602e-01
1.738079e-01
0
1.255640e-01
8.014365e-01
6.769826e-01
0
0
0
0
0
0
0
0
0
0
0
0
0
0
2.520946e-01
1.996563e-01
7.391901e-03
1.265635e-01
2.075932e-01
2.471737e-01
4.719258e-01
4.022064e-01
0
0
2.569393e-01
2.742970e-01
3.672273e-01
4.487661e-01
4.044868e-01
6.268397e-01
8.711653e-01
1.000000e+00
7.670535e-01
8.570847e-01
3.959167e-01
3.161498e-01
5.157876e-01
4.092865e-01
4.779245e-01
1.382676e-01
1.260271e-01
1.424432e-01
0
0
0
6.293791e-02
0
0
6.703699e-02
0
0
0
0
0
0
0
1.715590e-01
2.275700e-01
0
4.547813e-02
0
0
0
0
2.894881e-01
0
0
0
0
0
0
2.633392e-01
0
0
0
0
0
0
0
0
0
0
0
0
1.435512e-01
1.222525e-01
0
0
0
1.996104e-01
4.479977e-01
5.761967e-01
0
0
0
0
0
0
0
0
0
0
6.738878e-01
7.708049e-01
0
2.471155e-01
3.057424e-01
4.656037e-01
0
1.415148e-01
5.351953e-01
1.147438e-01
1.486843e-01
1.382086e-01
7.838535e-01
2.994833e-01
1.360413e-01
2.910815e-01
1.775205e-01
2.607576e-01
2.063717e-01
2.118406e-01
9.420680e-02
0
0
0
0
0
1.361109e-01
3.648797e-01
2.141429e-01
7.018562e-02
1.685243e-01
6.073768e-02
2.568357e-01
0
6.039975e-01
2.548333e-01
0
0
3.404579e-01
4.476096e-01
2.631316e-01
1.568260e-01
3.321455e-01
4.983191e-01
8.593660e-01
7.670535e-01
1
7.241010e-01
6.273737e-01
6.252904e-01
5.297452e-01
5.096247e-01
4.318863e-01
0
1.072931e-01
1.035024e-01
0
0
0
0
0
1.081519e-01
0
0
0
0
0
0
0
0
4.615256e-01
4.897535e-01
0
0
8.876425e-02
8.676139e-02
0
0
3.036982e-01
0
0
0
0
7.652106e-02
6.709953e-02
6.178149e-01
0
0
0
0
0
2.821351e-01
0
8.627516e-02
0
4.242089e-01
0
1.830074e-01
0
2.111062e-01
3.342881e-02
1.107516e-01
0
2.978753e-01
3.693419e-01
3.529973e-01
0
2.576789e-02
0
1.124290e-01
0
0
0
0
0
0
4.634875e-01
6.117242e-01
0
1.980038e-01
4.631151e-01
5.990255e-01
8.861405e-02
2.743803e-01
4.557152e-01
4.085448e-03
1.179789e-01
3.541667e-02
6.355508e-01
4.191614e-01
0
0
0
0
0
0
0
0
0
0
7.055771e-02
1.357689e-01
0
8.856740e-02
1.153647e-01
0
5.486202e-03
6.027264e-02
2.694890e-01
1.278680e-01
2.605263e-01
1.568404e-01
0
0
3.617678e-01
2.895219e-01
4.272071e-01
5.204486e-01
3.779030e-01
8.044019e-01
8.320995e-01
8.570847e-01
7.241010e-01
1
4.284897e-01
2.344819e-01
4.313754e-01
4.075024e-01
3.371247e-01
4.599810e-02
0
0
6.740642e-02
0
0
0
0
8.772977e-02
2.739756e-01
0
0
0
0
0
0
0
1.483992e-01
3.246580e-01
0
0
0
0
0
0
2.227852e-01
0
0
0
0
0
0
3.679917e-01
0
0
0
0
0
0
0
0
0
0
0
0
0
0
0
0
0
0
3.083575e-01
3.900501e-01
0
0
0
0
0
0
0
0
0
0
4.159028e-01
4.084594e-01
0
0
2.770592e-01
4.706241e-01
1.346211e-02
3.473249e-01
7.058901e-01
2.309668e-01
3.252225e-01
2.506850e-01
5.790477e-01
2.278106e-01
3.531285e-01
3.977011e-01
5.547475e-01
5.494712e-01
2.534989e-01
3.387947e-01
1.576666e-01
5.383525e-02
7.709703e-02
0
0
0
2.428024e-01
3.175319e-01
7.218803e-02
0
8.876462e-02
0
4.015792e-02
0
1.727826e-01
0
0
0
6.468226e-01
5.536055e-01
1.186880e-01
0
3.641526e-01
1.025926e-01
5.074348e-01
3.959167e-01
6.273737e-01
4.284897e-01
1
7.796660e-01
4.361409e-01
1.754972e-01
2.422981e-01
0
0
0
9.236932e-02
0
0
6.920792e-03
0
0
0
0
0
0
0
0
2.984006e-01
0
4.844679e-01
5.222397e-01
0
0
0
5.144928e-02
0
0
1.764180e-01
0
0
0
0
4.395027e-01
2.205290e-01
6.277852e-01
0
0
0
0
0
0
0
0
0
0
0
0
3.329200e-03
0
0
0
0
0
3.905493e-01
4.742420e-01
0
0
0
0
0
0
0
0
0
0
4.224026e-01
3.927900e-01
0
0
9.479356e-02
2.249470e-01
0
8.012634e-02
6.205395e-01
3.771851e-01
3.608375e-01
3.166944e-01
4.262268e-01
9.945190e-02
5.616734e-01
6.609872e-01
6.452527e-01
6.767063e-01
5.291424e-01
6.071984e-01
4.366904e-01
3.531778e-01
1.765530e-01
7.235190e-04
0
0
4.479755e-01
4.804122e-01
1.312759e-01
0
1.803584e-01
1.476496e-01
1.139730e-01
0
3.495822e-01
0
0
0
4.131585e-01
4.453337e-01
0
0
8.137674e-02
0
3.045557e-01
3.161498e-01
6.252904e-01
2.344819e-01
7.796660e-01
1
3.589010e-01
7.930102e-02
1.987862e-01
0
1.666489e-01
2.858155e-02
0
0
2.746996e-02
1.343268e-02
0
0
0
0
0
0
1.046084e-01
0
4.798782e-01
0
6.116641e-01
4.958886e-01
0
0
0
2.318105e-01
0
0
0
0
0
0
0
5.747463e-01
3.362890e-01
6.049641e-01
0
0
0
2.183628e-01
0
0
0
0
0
0
0
0
1.519906e-03
1.151128e-01
0
0
0
0
8.235975e-01
7.988196e-01
2.633864e-02
6.202013e-02
0
6.196738e-03
0
0
0
0
0
0
8.179306e-01
6.616173e-01
0
0
7.107502e-01
5.779868e-01
0
0
3.625502e-01
3.329401e-01
2.777509e-01
4.733840e-01
5.446646e-01
4.253903e-01
2.169474e-01
3.273527e-01
1.278881e-01
1.133872e-01
3.458587e-01
1.177258e-01
2.204186e-01
0
1.723796e-01
0
8.150283e-02
0
2.294851e-01
2.749415e-01
7.077805e-01
3.949238e-01
0
0
0
0
5.004457e-01
1.105787e-01
0
0
0
0
5.639739e-01
2.221477e-01
3.482570e-01
3.670661e-01
6.225460e-01
5.157876e-01
5.297452e-01
4.313754e-01
4.361409e-01
3.589010e-01
1.000000e+00
7.700151e-01
8.302834e-01
5.287227e-01
1.065869e-01
2.201670e-01
0
0
0
0
0
1.261256e-01
0
0
0
0
0
0
5.154519e-02
0
6.793148e-01
4.413547e-01
0
0
0
0
0
0
0
0
0
0
0
3.680923e-01
2.230670e-02
2.439451e-01
0
0
0
2.756201e-01
0
0
0
1.413276e-01
0
0
0
0
2.324239e-01
2.971874e-01
0
4.306804e-03
4.343523e-02
1.967036e-01
6.217641e-01
6.958412e-01
2.295440e-01
1.169940e-01
0
0
9.856576e-02
0
0
0
0
0
6.062718e-01
6.812534e-01
0
1.308099e-01
4.711264e-01
3.903267e-01
0
0
5.277096e-02
0
5.032416e-02
1.355859e-01
3.316011e-01
9.724591e-02
0
1.475841e-01
0
0
1.721671e-01
0
7.732043e-02
0
1.640187e-01
0
2.943568e-01
0
2.309191e-01
2.130268e-01
6.340925e-01
4.539275e-01
0
0
0
0
5.511763e-01
2.401411e-01
0
0
0
0
5.510075e-01
1.688687e-01
3.236377e-01
5.567494e-01
5.412151e-01
4.092865e-01
5.096247e-01
4.075024e-01
1.754972e-01
7.930102e-02
7.700151e-01
1
8.287948e-01
6.162103e-01
1.513352e-01
2.582215e-01
2.082291e-01
0
8.461542e-02
0
3.583265e-02
3.637356e-01
0
0
0
0
0
0
0
0
3.917420e-01
1.531810e-01
0
0
0
0
0
0
4.706254e-02
0
7.359449e-02
0
0
1.290629e-01
0
2.410402e-01
0
0
0
3.607642e-01
0
0
0
6.528857e-02
0
0
0
0
3.343513e-01
3.934604e-01
0
9.601368e-02
5.521766e-02
1.369002e-01
8.395436e-01
7.546574e-01
1.568857e-01
2.104946e-01
0
3.626419e-02
5.596785e-03
0
0
0
0
0
8.082542e-01
8.017124e-01
0
0
4.897958e-01
4.450024e-01
0
0
1.625658e-01
1.613052e-01
0
2.224597e-01
4.353778e-01
3.430835e-01
0
1.855522e-01
0
0
1.430741e-01
0
6.801989e-02
0
5.218385e-02
0
6.173087e-02
0
1.393850e-01
1.573644e-01
7.175416e-01
5.459976e-01
0
0
0
0
6.699829e-01
3.355445e-01
0
0
0
0
6.485000e-01
3.293277e-01
5.041126e-01
5.155789e-01
5.561373e-01
4.779245e-01
4.318863e-01
3.371247e-01
2.422981e-01
1.987862e-01
8.302834e-01
8.287948e-01
1
6.690753e-01
2.254670e-01
3.773365e-01
1.052266e-01
0
0
0
0
2.551075e-01
0
0
0
0
0
0
0
0
4.445726e-01
2.485068e-01
0
4.916450e-02
0
0
0
0
0
0
1.450686e-01
0
0
2.600279e-01
0
1.288744e-01
0
0
0
4.429278e-01
1.718600e-01
7.750101e-02
3.470764e-01
3.878129e-01
0
2.350955e-02
6.065029e-02
2.068965e-01
2.523470e-01
3.314940e-01
0
1.290836e-01
2.462100e-01
5.370258e-02
3.960297e-01
5.476788e-01
3.014643e-01
2.777873e-01
2.034575e-03
1.120635e-01
3.391081e-01
2.104627e-01
2.976181e-01
1.949854e-01
3.113877e-01
2.889034e-01
2.433127e-01
3.188760e-01
7.789772e-02
0
2.615399e-01
1.333790e-01
8.737587e-02
0
0
0
0
0
6.844750e-02
1.342100e-01
0
0
0
0
0
0
0
0
0
0
7.814942e-02
0
0
0
4.175369e-01
2.648973e-01
0
0
0
0
6.802121e-02
0
1.962963e-01
1.829265e-01
0
0
4.442078e-01
1.967796e-01
4.935538e-01
3.145007e-01
2.102535e-01
1.382676e-01
0
4.599810e-02
0
0
5.287227e-01
6.162103e-01
6.690753e-01
1.000000e+00
0
3.577850e-01
3.894532e-01
3.058236e-02
0
1.719008e-01
3.929275e-02
2.744975e-01
0
0
3.720267e-03
0
0
1.188605e-01
0
0
3.276112e-02
0
0
2.003305e-01
0
0
0
0
0
0
1.583750e-01
0
7.423354e-02
0
0
0
0
0
2.396118e-01
4.197957e-01
1.811278e-02
0
0
0
0
0
0
0
2.069824e-01
0
0
0
4.003842e-02
0
2.056361e-01
2.832151e-01
1.898633e-01
0
0
0
7.043770e-02
7.921298e-02
0
0
0
0
3.298439e-01
3.832411e-01
3.381913e-01
3.112655e-01
4.134188e-02
0
0
0
5.336516e-02
2.742933e-01
0
3.268861e-01
7.615248e-02
3.152600e-01
1.459926e-01
2.988598e-01
0
0
3.121277e-01
1.409410e-01
2.568153e-01
1.821026e-01
1.184430e-01
1.332380e-01
5.325413e-02
0
3.672979e-01
2.486899e-01
3.789184e-01
5.982432e-01
0
0
0
0
3.279502e-01
3.578775e-01
0
0
0
0
0
0
0
0
0
1.260271e-01
1.072931e-01
0
0
1.666489e-01
1.065869e-01
1.513352e-01
2.254670e-01
0
1
5.522472e-01
0
0
6.643066e-01
4.353182e-01
6.340809e-02
0
0
0
0
0
2.426525e-01
2.260997e-01
1.899627e-01
0
6.825632e-02
0
0
0
0
0
1.591731e-01
2.294355e-01
1.467791e-01
0
5.783298e-01
4.759180e-01
4.559416e-01
1.245126e-01
0
1.769844e-01
3.811099e-01
2.257980e-01
0
1.860814e-01
1.731479e-02
0
0
0
0
0
0
0
1.149057e-01
0
0
0
0
1.118944e-01
2.963496e-01
5.533830e-01
0
0
0
1.919344e-02
1.054460e-01
8.650438e-02
0
0
0
8.142612e-03
3.852905e-01
4.402522e-01
6.250408e-02
1.322634e-01
3.070290e-02
0
0
0
4.088644e-02
2.025273e-01
0
1.327779e-01
2.175365e-01
4.738580e-01
2.433890e-02
1.639033e-01
0
7.769443e-02
1.465118e-01
0
2.306442e-02
0
0
0
0
0
2.212868e-01
6.604590e-02
3.084496e-01
4.566840e-01
3.266033e-02
0
0
0
3.935620e-01
2.079887e-01
0
0
0
0
0
0
2.627673e-01
0
1.215149e-01
1.424432e-01
1.035024e-01
0
0
2.858155e-02
2.201670e-01
2.582215e-01
3.773365e-01
3.577850e-01
5.522472e-01
1
0
0
2.045271e-01
7.870437e-01
0
0
0
0
0
0
0
6.302585e-02
8.230944e-02
0
1.534925e-01
0
0
1.981353e-01
0
4.047805e-03
8.583086e-02
0
3.602499e-01
6.709678e-02
2.611477e-01
2.708061e-01
3.973314e-01
0
0
0
0
9.675710e-02
0
0
3.009242e-01
4.812087e-01
4.119162e-01
6.825937e-01
1.822802e-01
1.404492e-01
3.950616e-01
3.622114e-01
1.521418e-01
0
7.394090e-02
7.268518e-02
3.991373e-01
1.045491e-01
0
0
6.620196e-02
2.673549e-01
1.602250e-01
1.296232e-01
6.590601e-01
5.943904e-01
3.334299e-01
3.083913e-01
2.979273e-01
1.081765e-01
0
0
3.414832e-01
2.769687e-01
0
3.024691e-03
3.352798e-01
3.724714e-01
0
0
0
0
0
0
0
0
9.619690e-03
0
0
0
0
0
0
0
4.224306e-02
0
0
0
0
0
0
0
0
0
0
0
6.980212e-01
3.102139e-01
3.200160e-01
7.577131e-02
2.105409e-01
0
5.447368e-02
3.014271e-01
0
0
0
6.740642e-02
9.236932e-02
0
0
2.082291e-01
1.052266e-01
3.894532e-01
0
0
1
5.141625e-01
4.841560e-02
0
3.479041e-01
0
4.219403e-02
5.126976e-03
3.709305e-01
9.549101e-02
0
6.312713e-02
0
0
0
0
0
5.434293e-01
0
0
0
1.148565e-01
0
0
3.552175e-01
1.918133e-01
4.063793e-02
0
0
7.768186e-02
0
0
1.171314e-01
0
2.646826e-01
5.302413e-01
1.326928e-01
3.703005e-01
4.312978e-01
3.723611e-01
1.509918e-02
4.330382e-01
4.036437e-01
2.760237e-01
5.651860e-01
4.225783e-01
1.581892e-01
1.116595e-01
0
0
0
6.189842e-02
5.877434e-02
0
4.537091e-01
4.201519e-01
3.525839e-01
2.741043e-01
2.881402e-01
3.141089e-02
0
0
1.598445e-01
4.110828e-02
0
0
2.818902e-01
3.789166e-01
0
0
0
0
0
0
0
0
0
0
0
0
0
0
0
0
0
0
0
0
0
0
1.254132e-01
1.794959e-01
1.943573e-01
4.338337e-01
0
0
4.081412e-01
6.612436e-01
3.889703e-01
4.209429e-01
0
0
4.057971e-02
5.278734e-02
0
0
0
0
0
0
0
0
0
3.058236e-02
0
0
5.141625e-01
1
0
0
3.222786e-01
1.982401e-01
3.820337e-01
4.247431e-01
6.763926e-01
4.375464e-01
0
0
0
6.761748e-02
0
0
1.878214e-01
5.151167e-01
0
7.913735e-02
0
3.389749e-02
0
1.443143e-01
2.087258e-02
0
0
0
0
0
0
0
1.640094e-01
4.776103e-01
2.547467e-01
1.702858e-02
1.492106e-01
0
0
0
1.445187e-01
0
0
0
0
0
3.169204e-02
0
0
0
3.665710e-01
6.063890e-02
0
3.637106e-02
1.077925e-01
2.098213e-01
1.308850e-01
1.512266e-01
0
8.591764e-02
0
0
4.466476e-01
3.550397e-01
0
0
0
0
0
0
2.059531e-02
1.089845e-01
0
0
1.653065e-01
1.698503e-01
1.429414e-01
7.178570e-05
2.056021e-01
1.544797e-01
2.308027e-01
1.762616e-01
2.061111e-01
2.319240e-01
3.481764e-01
0
3.619453e-01
1.544642e-01
2.274807e-01
3.163489e-01
0
0
0
0
0
6.291535e-02
0
0
0
0
0
0
0
0
0
0
0
0
0
2.746996e-02
0
8.461542e-02
0
0
6.643066e-01
2.045271e-01
4.841560e-02
0
1
3.981474e-01
3.793545e-01
0
0
0
0
0
3.637350e-01
4.431397e-01
1.911130e-01
1.185470e-01
0
0
0
0
0
0
2.155735e-01
4.041661e-01
1.081638e-01
0
6.108802e-01
6.912192e-01
6.531056e-01
1.802321e-01
0
2.419787e-01
5.499711e-01
4.099198e-01
0
4.681776e-02
1.522906e-01
0
3.860058e-02
0
0
0
1.867575e-01
0
0
0
0
0
0
0
0
3.042547e-01
0
0
4.966684e-03
1.221056e-01
1.443588e-01
1.961545e-01
1.031869e-01
1.173962e-01
0
3.610427e-02
0
1.118734e-01
2.184119e-01
2.589983e-01
0
0
0
0
8.546489e-02
1.567370e-01
0
7.030428e-02
7.903145e-02
4.403274e-01
5.234472e-02
3.422128e-02
1.513562e-01
1.182033e-01
6.793294e-02
2.166988e-02
0
0
0
0
0
0
1.272029e-01
0
0
1.346092e-01
0
0
0
0
0
0
1.922534e-01
0
8.565536e-03
0
0
0
1.535501e-01
0
0
6.293791e-02
0
0
6.920792e-03
1.343268e-02
0
0
0
1.719008e-01
4.353182e-01
7.870437e-01
0
0
3.981474e-01
1.000000e+00
0
0
0
0
0
0
2.135109e-02
2.868170e-01
2.800556e-01
3.389920e-02
0
0
0
1.579311e-01
0
0
1.777101e-01
2.225193e-01
3.812797e-01
2.051321e-01
2.660136e-01
3.575118e-01
5.053380e-01
0
0
0
1.405000e-01
3.462739e-01
2.514689e-01
2.188722e-01
3.730520e-01
6.742409e-02
1.805307e-01
0
1.532716e-01
0
0
0
2.289824e-01
0
4.510045e-03
0
1.690028e-01
0
0
0
1.374045e-01
0
0
0
3.903155e-01
2.461681e-01
5.590032e-01
3.346432e-01
0
0
0
0
4.130123e-01
2.188137e-01
0
0
0
0
0
0
2.833459e-01
0
0
0
6.054715e-02
9.005701e-02
2.118682e-02
7.529842e-03
9.041408e-02
8.330453e-02
1.399103e-01
2.198712e-01
2.695016e-01
2.712432e-01
3.420933e-01
0
3.376833e-01
5.868319e-02
0
0
0
0
0
0
0
0
2.018212e-01
5.222605e-01
0
0
0
0
0
0
0
0
0
0
0
0
0
3.583265e-02
0
3.929275e-02
6.340809e-02
0
3.479041e-01
3.222786e-01
3.793545e-01
0
1
2.271185e-01
0
4.319915e-02
0
0
0
1.555100e-01
0
0
0
0
0
0
0
0
1.370831e-01
1.457958e-01
0
0
3.708309e-01
4.188512e-01
2.131965e-01
1.047404e-01
0
4.345183e-02
9.290599e-02
0
5.267919e-01
3.486641e-01
0
2.219228e-01
0
0
0
1.648117e-01
0
2.934441e-02
3.699954e-01
4.502626e-01
4.843141e-02
1.278638e-01
0
0
7.170204e-02
2.036006e-01
2.306085e-01
1.605700e-01
0
0
0
0
2.414047e-02
0
0
0
1.062900e-02
1.220560e-01
2.758184e-02
2.949191e-02
0
0
0
0
6.783819e-02
2.011419e-01
0
2.404745e-01
0
0
0
4.946714e-02
0
0
1.065850e-01
0
1.912520e-01
1.074382e-01
3.539161e-01
4.689442e-01
4.842251e-01
1.910729e-01
3.326435e-01
5.185936e-01
3.860774e-01
3.455115e-01
1.538138e-01
1.260322e-01
0
0
1.251398e-01
5.940516e-02
0
1.279388e-01
0
0
2.045041e-01
2.822885e-01
2.394928e-01
3.382497e-01
0
0
1.081519e-01
8.772977e-02
0
0
1.261256e-01
3.637356e-01
2.551075e-01
2.744975e-01
0
0
0
1.982401e-01
0
0
2.271185e-01
1
0
0
0
0
0
0
2.028604e-01
0
1.557849e-01
0
0
0
0
0
0
0
0
0
1.937790e-01
6.984093e-02
0
1.731430e-01
0
0
0
0
0
0
0
1.813752e-01
0
1.893887e-01
2.734436e-01
4.859331e-01
1.727169e-01
5.214016e-01
0
1.632136e-01
4.911709e-01
3.525698e-01
7.077040e-02
3.826727e-01
0
0
0
0
1.672396e-01
1.078395e-01
0
0
0
0
4.404630e-02
0
0
0
0
0
0
2.522631e-01
4.583147e-01
5.381106e-01
0
0
6.415469e-02
0
1.082304e-01
1.421790e-02
0
0
0
0
0
0
0
0
0
0
0
5.670216e-01
0
0
0
0
2.648940e-01
3.098037e-01
5.085637e-01
4.392400e-01
0
0
1.983635e-01
1.301114e-01
3.939991e-01
4.271372e-01
1.992906e-01
3.601978e-01
0
2.162420e-01
1.417172e-01
6.703699e-02
0
2.739756e-01
0
0
0
0
0
0
0
0
4.219403e-02
3.820337e-01
0
0
0
0
1
5.994834e-01
6.536211e-01
4.582143e-01
0
0
0
4.686593e-03
0
2.837035e-01
6.324358e-01
2.009279e-01
3.558883e-01
4.068109e-01
0
0
7.935669e-02
4.589239e-01
0
0
0
0
9.462183e-02
0
0
0
0
0
1.314388e-01
0
1.523823e-01
5.021550e-02
3.553224e-01
0
2.076225e-01
1.481189e-01
0
0
3.827068e-01
1.038697e-01
1.207068e-01
4.459547e-02
0
0
0
0
2.794318e-01
1.738861e-02
1.891952e-02
0
1.092834e-01
2.570341e-01
1.871387e-01
1.603429e-01
0
0
0
0
0
2.276395e-02
4.744242e-01
5.924077e-01
0
0
1.442942e-01
0
0
0
3.999084e-02
0
1.423398e-01
2.112437e-01
0
5.810766e-02
0
7.685895e-02
0
0
0
2.247086e-01
0
0
0
0
1.557712e-01
1.851261e-01
3.490958e-01
1.718640e-01
0
0
2.905496e-01
1.647062e-01
3.900555e-01
5.145795e-01
0
0
0
0
0
0
0
0
0
0
0
0
0
0
0
0
5.126976e-03
4.247431e-01
0
0
4.319915e-02
0
5.994834e-01
1
6.260814e-01
8.886142e-01
2.128113e-02
0
0
1.716909e-01
0
2.593634e-01
4.748410e-01
2.326761e-01
5.336138e-01
4.526160e-01
4.630056e-01
6.672303e-02
0
6.026016e-01
0
0
0
0
3.033838e-01
0
0
0
0
0
3.741873e-02
2.245795e-01
1.535803e-01
5.041524e-01
3.240990e-01
3.855839e-01
3.242466e-01
5.028051e-01
2.190667e-01
3.205565e-01
6.423340e-01
6.413555e-01
4.624875e-01
5.534793e-01
0
0
0
1.296911e-01
2.495447e-01
4.905169e-02
3.407127e-01
3.048825e-01
1.060253e-01
2.209612e-01
3.272811e-01
2.400426e-01
0
0
0
0
0
7.192578e-02
3.000813e-01
4.683003e-01
0
0
0
0
1.335764e-02
0
0
0
0
0
0
0
0
0
0
0
0
0
0
0
0
0
5.758716e-02
8.314582e-02
3.644997e-01
4.244195e-01
0
0
3.545611e-01
3.310553e-01
3.361957e-01
4.030926e-01
1.801331e-01
1.246945e-01
0
7.114213e-02
0
0
0
0
0
0
0
0
0
3.720267e-03
0
0
3.709305e-01
6.763926e-01
0
0
0
0
6.536211e-01
6.260814e-01
1
7.045244e-01
0
0
0
1.195654e-01
0
1.756084e-02
5.091304e-01
5.304123e-01
3.327280e-01
3.921240e-01
5.945623e-02
0
0
5.003486e-01
0
0
0
0
1.066928e-01
0
0
0
0
0
2.235359e-01
0
2.876353e-01
1.614674e-01
2.995976e-01
0
3.624106e-01
1.495632e-01
0
0
3.274398e-01
1.816125e-01
2.410224e-01
1.679671e-01
0
0
0
0
4.647440e-01
1.998228e-01
2.101531e-01
1.789853e-01
1.761586e-01
4.252197e-01
3.798502e-01
3.611747e-01
0
0
0
0
0
0
3.762090e-01
4.966336e-01
0
0
0
0
0
0
1.783172e-02
0
1.397263e-01
1.789422e-01
0
0
0
0
0
0
0
0
0
0
0
0
4.407891e-02
5.251807e-02
1.291102e-01
1.802642e-01
0
0
3.724803e-01
1.958234e-01
3.376138e-01
3.788794e-01
0
0
0
0
0
0
0
0
0
0
0
0
0
0
0
0
9.549101e-02
4.375464e-01
0
0
0
0
4.582143e-01
8.886142e-01
7.045244e-01
1
1.688842e-02
0
0
3.164497e-01
0
5.280281e-02
3.779953e-01
4.878467e-01
5.119094e-01
4.470778e-01
5.147324e-01
2.468411e-01
0
6.941091e-01
0
0
1.840943e-02
0
2.951567e-01
0
0
2.943724e-02
1.535532e-01
3.601270e-01
1.356970e-01
2.208657e-02
2.252337e-01
0
8.992764e-02
0
2.931741e-01
0
0
0
0
0
0
0
0
0
1.198192e-01
3.502748e-01
1.838585e-01
2.772377e-01
0
7.311505e-02
0
8.779951e-02
1.671837e-01
3.205720e-01
0
0
8.054498e-02
0
0
0
1.371625e-03
0
7.513286e-02
3.597248e-01
3.184795e-02
2.775092e-01
0
1.303934e-02
1.211709e-01
1.145237e-01
1.191067e-01
2.985074e-02
1.376516e-01
9.889967e-02
1.453282e-01
2.267642e-01
1.846071e-01
4.307673e-01
1.441554e-01
2.948905e-01
1.441189e-01
1.093539e-01
0
0
0
0
0
0
0
0
3.640018e-02
0
0
0
0
0
0
0
0
0
0
0
0
1.046084e-01
0
0
0
0
2.426525e-01
0
0
0
3.637350e-01
2.135109e-02
0
0
0
2.128113e-02
0
1.688842e-02
1
3.684413e-01
5.347301e-01
3.938750e-01
0
0
0
0
0
0
4.903777e-01
7.308440e-01
0
3.849067e-02
3.886759e-01
4.935906e-01
3.325116e-01
3.374055e-01
1.860825e-01
0
5.397476e-01
5.727824e-01
2.189748e-01
5.617679e-01
6.010244e-01
3.591653e-01
4.868061e-01
3.920525e-01
5.133312e-01
2.384098e-01
5.514546e-01
4.269392e-01
0
1.566042e-02
4.589716e-02
1.077245e-01
3.811889e-01
0
0
0
5.516167e-01
3.676310e-01
0
1.764213e-01
3.001038e-01
4.417019e-01
4.778921e-01
4.636841e-01
3.961127e-01
6.243788e-01
0
0
3.522858e-01
0
5.152798e-03
0
1.981266e-01
0
0
0
0
0
0
6.205782e-02
0
0
0
0
0
0
0
0
0
2.416928e-02
0
1.376879e-01
0
0
0
1.977238e-01
0
0
0
2.825360e-01
0
1.061220e-01
3.270516e-01
4.406582e-01
0
0
0
0
0
0
0
0
0
0
0
0
0
0
0
1.188605e-01
2.260997e-01
6.302585e-02
6.312713e-02
0
4.431397e-01
2.868170e-01
1.555100e-01
0
0
0
0
0
3.684413e-01
1.000000e+00
0
6.162508e-01
0
0
0
0
0
0
4.250342e-01
5.783476e-01
2.725172e-02
1.973029e-01
4.421180e-01
6.445501e-01
7.228198e-01
0
0
0
5.414585e-01
6.663492e-01
0
3.746005e-02
0
0
0
0
0
0
0
0
0
0
0
0
0
0
0
1.641873e-01
0
0
0
0
0
0
0
0
0
0
0
0
0
0
0
0
0
0
5.557879e-01
6.832526e-01
4.176988e-01
5.967853e-01
0
1.180746e-01
5.913726e-01
5.838071e-01
4.971820e-01
5.319821e-01
6.270189e-01
6.472180e-01
5.508917e-01
6.292645e-01
5.808708e-01
5.918747e-01
1.501054e-01
1.963226e-01
6.640986e-01
6.536445e-01
5.355710e-02
0
2.193120e-01
1.513602e-01
0
0
0
0
0
0
4.813435e-02
0
0
0
2.252420e-02
0
0
0
0
0
2.984006e-01
4.798782e-01
5.154519e-02
0
0
0
1.899627e-01
8.230944e-02
0
0
1.911130e-01
2.800556e-01
0
2.028604e-01
0
0
0
0
5.347301e-01
0
1
6.495275e-02
4.422708e-01
1.750543e-01
0
0
0
0
1.029991e-01
3.325639e-01
1.738855e-02
0
8.875730e-02
1.078254e-01
0
5.251828e-01
1.957836e-01
1.443089e-01
1.889457e-01
2.663500e-01
1.717713e-01
3.062558e-01
3.330679e-01
0
5.367856e-01
1.819781e-01
4.439909e-01
6.628448e-02
3.145751e-01
3.018004e-01
0
0
1.133245e-01
8.456800e-02
1.225938e-01
0
0
0
3.710266e-01
3.550356e-01
3.567758e-01
2.822303e-01
2.167214e-02
1.191317e-01
3.980522e-01
6.114874e-01
5.896377e-01
6.581082e-01
0
0
1.647232e-01
0
0
0
2.301918e-01
3.037507e-02
0
1.755079e-01
0
7.737230e-02
0
0
0
0
0
0
0
0
0
0
0
3.682669e-02
0
1.275370e-01
0
0
0
0
0
0
0
3.023395e-01
0
0
1.262422e-01
3.874694e-01
0
0
0
1.647717e-02
0
0
0
0
0
0
0
0
0
0
0
0
0
0
0
6.761748e-02
1.185470e-01
3.389920e-02
0
0
4.686593e-03
1.716909e-01
1.195654e-01
3.164497e-01
3.938750e-01
6.162508e-01
6.495275e-02
1.000000e+00
0
0
3.443729e-01
0
1.129742e-01
0
3.682875e-01
5.767413e-01
0
2.263785e-01
0
9.064572e-02
5.073590e-01
3.366968e-02
2.602925e-01
0
4.059050e-01
6.022127e-01
0
0
0
0
0
0
0
0
0
0
0
0
0
0
0
0
6.375212e-01
6.333917e-01
0
0
0
0
0
0
0
0
0
0
6.419632e-01
4.069086e-01
0
0
4.585546e-01
4.708233e-01
0
0
4.811078e-01
4.549488e-01
3.748429e-01
5.673405e-01
3.347014e-01
1.687286e-01
6.533469e-01
7.299729e-01
5.257496e-01
6.439068e-01
7.130295e-01
6.617835e-01
7.115941e-01
5.254972e-01
5.303599e-01
1.172462e-01
2.692207e-02
1.459484e-02
6.275533e-01
6.954023e-01
4.421770e-01
3.141177e-01
3.115635e-01
1.978831e-01
2.239471e-01
0
5.406566e-01
5.639446e-02
0
0
2.180523e-02
1.642295e-01
2.107142e-01
0
5.784063e-03
0
2.893672e-01
1.715590e-01
4.615256e-01
1.483992e-01
4.844679e-01
6.116641e-01
6.793148e-01
3.917420e-01
4.445726e-01
3.276112e-02
6.825632e-02
1.534925e-01
0
0
0
0
0
1.557849e-01
0
0
0
0
0
0
4.422708e-01
0
1
7.499006e-01
3.905366e-02
0
2.130511e-01
3.786873e-01
0
0
4.577940e-02
0
0
0
0
5.550051e-01
3.326116e-01
3.242978e-01
0
0
0
0
0
0
0
0
0
0
0
0
0
0
0
0
0
0
5.421069e-01
2.478345e-01
0
0
0
0
0
0
0
0
0
0
5.479969e-01
3.040940e-01
0
0
2.530638e-01
5.732522e-01
0
1.520487e-01
5.464873e-01
2.064122e-01
3.581243e-01
2.945226e-01
5.220994e-01
1.775047e-01
5.551222e-01
6.111540e-01
4.631568e-01
6.148674e-01
5.195834e-01
5.505917e-01
5.400622e-01
4.026145e-01
4.459961e-01
7.123238e-04
0
1.109236e-01
3.887810e-01
5.416154e-01
3.568060e-02
0
3.377682e-01
1.592381e-01
4.030126e-01
0
4.611855e-01
0
0
0
3.123773e-01
4.193869e-01
1.877699e-01
2.664373e-02
0
1.189548e-01
4.446272e-01
2.275700e-01
4.897535e-01
3.246580e-01
5.222397e-01
4.958886e-01
4.413547e-01
1.531810e-01
2.485068e-01
0
0
0
0
0
0
0
0
0
2.837035e-01
2.593634e-01
1.756084e-02
5.280281e-02
0
0
1.750543e-01
0
7.499006e-01
1.000000e+00
2.524431e-01
0
4.458709e-01
6.814533e-01
0
0
1.095631e-01
0
0
0
0
4.245949e-01
5.397122e-01
5.547814e-01
0
0
1.061440e-01
0
0
0
4.471068e-02
0
3.601228e-01
2.082368e-01
0
2.670935e-01
0
2.476125e-01
3.903003e-01
3.256782e-01
3.263595e-03
1.489119e-01
0
0
0
3.989127e-02
1.390549e-01
9.006340e-03
0
0
0
9.156519e-02
2.155539e-01
2.546304e-01
0
0
0
0
2.233682e-03
2.834705e-01
1.500135e-01
1.982282e-01
0
0
0
0
0
0
0
0
0
3.354608e-02
0
2.156449e-02
4.150146e-02
1.073486e-01
0
8.723447e-02
0
4.171677e-01
0
0
0
0
4.606066e-01
3.803965e-01
4.614939e-01
3.233213e-01
0
2.831405e-02
0
1.808601e-01
8.261950e-02
2.246175e-01
1.895540e-01
2.049481e-01
0
0
0
0
0
0
0
0
0
0
0
0
0
0
0
1.878214e-01
0
0
0
0
6.324358e-01
4.748410e-01
5.091304e-01
3.779953e-01
0
0
0
3.443729e-01
3.905366e-02
2.524431e-01
1.000000e+00
0
5.920251e-01
3.257731e-01
8.561718e-02
0
4.751233e-02
3.416263e-01
0
0
0
0
3.884882e-01
0
0
0
0
0
8.806104e-02
3.058542e-01
1.445987e-01
3.994334e-01
0
2.220293e-01
2.931164e-01
2.787470e-01
2.463969e-01
1.504851e-01
2.976653e-01
3.624834e-01
2.824356e-01
4.137304e-01
0
0
0
1.632529e-01
3.738291e-01
2.971567e-01
5.087124e-01
4.088164e-01
9.542003e-02
1.537842e-01
2.867716e-01
7.137891e-02
0
1.211525e-02
2.169910e-01
2.558650e-01
0
0
1.450488e-01
2.450031e-01
0
0
0
0
4.471162e-02
0
0
0
0
0
0
0
0
0
0
0
0
0
0
0
0
0
0
0
0
2.080966e-01
8.050417e-02
0
4.306679e-01
1.615521e-01
1.830297e-01
8.374705e-02
2.826745e-01
1.172230e-01
4.760892e-02
1.936067e-01
6.925226e-03
4.547813e-02
0
0
0
0
0
0
4.916450e-02
2.003305e-01
0
1.981353e-01
5.434293e-01
5.151167e-01
0
1.579311e-01
0
0
2.009279e-01
2.326761e-01
5.304123e-01
4.878467e-01
0
0
0
0
0
0
0
1.000000e+00
0
2.761207e-01
0
3.286590e-02
0
2.456648e-01
7.133956e-02
0
9.566709e-02
0
0
0
0
0
0
0
0
0
0
0
0
0
0
0
0
0
1.062113e-01
1.285435e-01
6.155086e-02
2.803336e-01
0
0
0
0
3.854264e-01
9.452062e-02
0
0
0
3.657954e-02
1.251152e-01
1.583005e-01
1.330637e-01
0
0
0
0
1.595048e-01
0
1.531861e-01
0
0
3.838810e-03
0
1.547145e-01
1.692247e-02
3.290169e-01
1.938253e-01
2.493183e-01
3.727971e-01
1.602492e-01
3.562776e-01
2.673717e-01
2.671445e-01
0
0
0
2.737172e-02
0
0
0
0
3.565333e-01
2.429547e-01
4.255121e-01
8.373887e-02
2.275281e-01
1.677252e-01
0
0
7.913236e-02
2.924436e-01
5.999662e-02
0
0
0
9.621149e-02
0
8.876425e-02
0
0
0
0
0
0
0
0
0
0
0
0
0
0
0
3.558883e-01
5.336138e-01
3.327280e-01
5.119094e-01
0
0
0
1.129742e-01
2.130511e-01
4.458709e-01
5.920251e-01
0
1
6.141497e-01
3.489740e-01
0
9.315982e-02
3.175047e-01
0
0
0
0
5.669197e-01
1.532735e-01
0
0
0
0
0
0
0
0
0
0
0
0
0
0
4.057214e-02
4.344301e-02
0
1.759644e-01
3.356871e-01
0
0
0
1.219441e-01
0
0
0
0
0
0
0
1.926565e-01
0
0
0
0
1.939878e-01
0
4.912784e-02
2.231574e-02
0
2.033889e-02
0
1.152730e-01
0
4.421048e-01
4.685408e-01
3.491533e-01
5.537376e-01
3.394536e-01
4.554953e-01
4.466976e-01
4.159056e-01
2.408943e-01
6.861965e-03
0
0
1.890028e-01
2.164212e-01
0
0
4.447280e-01
2.884177e-01
4.327603e-01
0
3.993379e-01
0
0
0
2.156681e-01
3.410728e-01
1.242968e-01
0
0
0
3.949505e-02
0
8.676139e-02
0
5.144928e-02
2.318105e-01
0
0
0
0
0
4.047805e-03
0
7.913735e-02
0
0
0
0
4.068109e-01
4.526160e-01
3.921240e-01
4.470778e-01
0
0
0
0
3.786873e-01
6.814533e-01
3.257731e-01
2.761207e-01
6.141497e-01
1
1.423089e-01
0
0
2.335703e-01
0
0
0
1.863839e-01
5.418024e-01
2.842110e-01
0
0
0
1.187628e-01
3.616388e-01
0
3.599417e-01
0
2.066380e-01
0
4.159761e-01
0
0
0
0
0
3.152214e-01
0
0
0
1.144508e-01
2.147105e-02
2.836122e-01
1.386898e-01
0
9.850899e-02
2.303878e-01
3.852503e-01
3.208836e-01
5.658349e-01
0
0
3.034033e-02
0
0
0
9.083881e-02
0
0
0
1.526485e-02
0
0
0
1.219682e-01
3.694894e-02
1.321836e-01
1.428979e-01
1.767606e-02
6.210536e-02
7.149747e-02
2.916382e-01
5.355954e-03
1.128883e-01
0
1.564511e-01
0
0
0
0
0
1.022751e-02
0
0
0
0
1.438603e-01
2.549182e-02
0
0
0
0
0
0
0
0
0
0
0
0
0
0
0
0
1.591731e-01
8.583086e-02
0
0
2.155735e-01
1.777101e-01
1.370831e-01
0
0
4.630056e-01
5.945623e-02
5.147324e-01
4.903777e-01
4.250342e-01
1.029991e-01
3.682875e-01
0
0
8.561718e-02
0
3.489740e-01
1.423089e-01
1
5.341419e-01
0
3.905700e-01
1.271128e-01
4.514384e-01
3.702035e-01
0
1.321691e-01
0
2.565301e-01
4.588105e-01
5.807169e-02
3.279996e-01
5.381511e-01
6.849043e-02
4.857377e-01
1.386040e-01
2.924868e-01
0
4.534818e-01
0
0
0
0
0
1.830677e-01
0
0
0
1.520071e-01
1.650874e-01
2.949728e-01
2.756229e-01
3.374860e-01
5.229800e-01
3.717227e-01
5.175465e-01
3.582143e-01
4.842822e-01
0
0
4.951550e-01
1.191132e-01
0
0
9.568206e-02
0
0
1.393950e-01
0
1.843673e-02
0
0
9.494910e-02
1.878382e-02
1.199353e-01
0
4.769587e-02
0
0
2.575562e-02
4.052563e-02
1.506409e-01
0
0
9.595485e-02
0
0
0
0
0
0
0
0
0
2.676245e-01
1.516253e-01
0
0
0
0
0
0
0
0
0
0
0
0
0
0
0
0
2.294355e-01
0
1.148565e-01
3.389749e-02
4.041661e-01
2.225193e-01
1.457958e-01
0
0
6.672303e-02
0
2.468411e-01
7.308440e-01
5.783476e-01
3.325639e-01
5.767413e-01
0
0
0
3.286590e-02
0
0
5.341419e-01
1
0
2.107361e-01
4.379499e-01
5.716751e-01
5.821329e-01
2.251430e-01
1.246608e-01
0
5.845852e-01
5.357039e-01
0
0
0
1.154509e-01
0
0
0
2.169890e-01
2.935826e-02
0
0
0
0
2.393722e-02
0
3.718890e-01
0
3.085306e-02
0
0
0
1.745597e-02
0
0
0
0
0
0
1.372190e-01
3.233571e-01
0
3.745691e-02
0
0
0
1.588771e-01
1.908718e-01
1.634627e-02
0
1.124596e-01
3.471190e-01
4.070298e-01
0
0
0
3.805292e-02
0
0
0
0
0
0
0
1.311894e-01
9.435263e-04
1.827893e-01
0
1.403864e-01
3.479090e-01
2.455739e-01
2.598227e-01
1.537007e-02
2.713158e-01
2.519386e-01
0
0
1.032351e-01
2.509238e-01
0
2.073213e-01
1.416132e-01
6.437126e-02
2.827735e-01
2.894881e-01
3.036982e-01
2.227852e-01
1.764180e-01
0
0
4.706254e-02
0
0
1.467791e-01
3.602499e-01
0
0
1.081638e-01
3.812797e-01
0
0
7.935669e-02
0
0
0
0
2.725172e-02
1.738855e-02
0
4.577940e-02
1.095631e-01
4.751233e-02
0
9.315982e-02
0
0
0
1
4.333605e-01
0
1.254730e-01
1.212044e-01
0
0
1.199098e-01
2.453913e-01
1.516530e-01
0
0
6.377372e-02
1.063617e-01
0
8.691340e-02
2.740503e-01
1.988680e-01
4.453663e-01
2.751202e-01
0
0
4.151521e-01
1.867339e-01
1.095383e-01
3.426189e-01
0
0
0
0
1.104779e-01
1.258240e-01
2.897948e-02
1.018537e-01
0
4.183528e-02
0
1.645039e-01
0
0
0
0
0
0
2.917715e-01
4.046644e-01
0
0
0
0
0
1.423107e-01
0
0
0
0
0
0
0
0
0
0
0
2.099667e-01
0
0
0
0
1.551718e-01
2.292146e-01
2.776767e-01
3.287198e-01
0
0
3.035187e-01
2.251084e-02
1.665695e-01
2.312615e-01
0
0
0
0
0
0
0
0
0
0
0
0
0
0
0
6.709678e-02
0
1.443143e-01
0
2.051321e-01
0
0
4.589239e-01
6.026016e-01
5.003486e-01
6.941091e-01
3.849067e-02
1.973029e-01
0
2.263785e-01
0
0
3.416263e-01
2.456648e-01
3.175047e-01
2.335703e-01
3.905700e-01
2.107361e-01
4.333605e-01
1
0
7.560368e-02
1.035083e-01
0
5.204304e-02
0
1.376737e-01
3.084147e-01
2.304340e-01
5.429019e-01
3.138496e-01
3.001766e-01
3.866461e-02
1.416333e-01
0
0
1.718107e-01
0
3.045655e-01
0
0
0
1.977644e-01
0
0
2.395555e-03
2.526030e-01
1.629293e-01
0
0
3.643318e-01
5.057766e-01
1.426110e-01
0
0
3.532472e-02
0
1.235005e-01
4.102009e-01
2.343469e-01
0
0
0
0
0
0
0
0
0
0
0
0
0
0
0
0
0
0
9.964580e-02
1.975885e-01
2.841143e-01
0
2.025204e-01
0
1.346626e-01
3.751296e-01
0
0
0
0
0
1.064876e-01
1.548595e-01
8.184338e-02
0
0
0
0
6.107311e-02
3.659698e-03
0
0
0
0
0
0
0
7.359449e-02
1.450686e-01
1.583750e-01
5.783298e-01
2.611477e-01
3.552175e-01
2.087258e-02
6.108802e-01
2.660136e-01
3.708309e-01
1.937790e-01
0
0
0
0
3.886759e-01
4.421180e-01
8.875730e-02
0
0
0
0
7.133956e-02
0
0
1.271128e-01
4.379499e-01
0
0
1.000000e+00
8.252001e-01
4.784539e-01
8.646405e-02
0
0
3.272023e-01
9.713398e-02
2.397972e-01
5.213448e-01
4.666599e-01
2.835336e-01
1.725719e-01
9.847306e-02
2.052208e-01
0
3.237816e-01
0
6.111975e-02
0
0
0
1.867120e-01
0
0
0
3.256144e-01
2.087611e-01
0
5.822341e-02
2.412991e-01
4.116814e-01
1.901512e-01
1.648889e-01
8.536537e-02
2.841706e-01
0
0
3.234727e-01
1.314165e-01
0
0
0
0
0
0
0
0
0
0
0
0
0
0
0
0
0
3.672281e-02
9.597551e-02
2.549421e-01
2.920638e-01
0
1.529003e-01
0
0
3.125417e-01
0
0
0
0
0
8.374538e-02
1.609460e-01
1.119176e-01
0
0
0
0
0
0
0
0
0
0
0
0
0
0
0
0
4.759180e-01
2.708061e-01
1.918133e-01
0
6.912192e-01
3.575118e-01
4.188512e-01
6.984093e-02
0
0
0
0
4.935906e-01
6.445501e-01
1.078254e-01
9.064572e-02
0
0
0
0
0
0
4.514384e-01
5.716751e-01
1.254730e-01
7.560368e-02
8.252001e-01
1
7.114055e-01
0
0
0
4.567675e-01
4.721885e-01
2.827525e-01
5.925885e-01
5.159774e-01
2.048324e-01
4.032365e-01
2.624791e-01
1.899063e-01
3.410415e-02
3.936869e-01
1.137958e-01
6.978642e-02
3.622194e-02
0
7.569820e-02
3.079248e-01
3.251663e-02
0
0
5.953000e-01
3.870323e-01
2.012803e-01
3.124690e-01
3.691421e-01
4.527733e-01
3.540544e-01
4.849888e-01
4.283247e-01
5.789302e-01
0
0
4.928962e-01
1.284904e-01
0
0
0
0
0
0
0
0
0
0
0
0
0
0
0
0
0
0
0
1.819500e-02
1.187110e-03
0
0
0
1.458400e-01
3.135442e-01
0
0
0
9.392139e-03
0
1.665583e-01
2.796721e-02
2.426205e-01
0
0
0
0
0
0
0
0
0
0
0
0
0
0
0
7.423354e-02
4.559416e-01
3.973314e-01
4.063793e-02
0
6.531056e-01
5.053380e-01
2.131965e-01
0
0
0
0
1.840943e-02
3.325116e-01
7.228198e-01
0
5.073590e-01
0
0
0
9.566709e-02
0
0
3.702035e-01
5.821329e-01
1.212044e-01
1.035083e-01
4.784539e-01
7.114055e-01
1
0
0
0
5.420316e-01
6.516741e-01
1.279627e-01
2.657292e-01
0
0
0
0
0
0
0
0
0
0
0
0
0
0
4.334084e-01
2.118096e-01
0
0
0
0
0
0
0
0
0
0
2.630822e-01
2.209986e-02
0
0
5.410286e-02
7.175913e-02
0
0
3.713689e-01
4.083163e-01
3.206303e-01
5.132532e-01
0
0
6.711923e-01
7.457690e-01
4.661745e-01
5.149918e-01
6.790536e-01
6.367432e-01
7.267107e-01
5.604913e-01
6.464965e-01
4.050879e-01
2.553869e-01
0
6.766946e-01
6.142942e-01
4.413213e-01
1.240472e-01
4.969434e-02
0
0
0
1.720098e-01
0
0
0
0
0
4.741631e-02
0
0
0
0
0
7.652106e-02
0
4.395027e-01
5.747463e-01
3.680923e-01
1.290629e-01
2.600279e-01
0
1.245126e-01
0
0
0
1.802321e-01
0
1.047404e-01
1.731430e-01
0
0
0
0
3.374055e-01
0
5.251828e-01
3.366968e-02
5.550051e-01
4.245949e-01
0
0
0
1.863839e-01
0
2.251430e-01
0
0
8.646405e-02
0
0
1.000000e+00
6.118258e-01
4.585147e-01
1.270608e-01
0
1.249433e-01
0
0
0
0
0
0
0
0
0
0
0
2.358525e-02
0
0
0
1.561883e-01
0
0
0
3.027982e-01
3.931688e-02
0
0
0
0
3.631792e-02
0
1.570520e-01
0
0
0
0
7.017116e-02
0
0
1.938037e-01
2.274818e-01
7.888370e-02
2.050917e-01
5.341937e-02
0
5.994241e-01
5.441165e-01
3.885516e-01
4.999574e-01
4.651027e-01
6.194881e-01
5.808249e-01
4.574103e-01
3.121603e-01
2.075589e-01
0
0
2.675319e-01
3.558073e-01
6.927190e-02
0
2.930825e-01
1.077936e-01
1.185730e-01
0
2.204061e-01
0
0
0
2.877631e-02
8.224064e-02
7.893021e-02
4.759606e-02
0
0
0
0
6.709953e-02
0
2.205290e-01
3.362890e-01
2.230670e-02
0
0
0
0
0
0
0
0
0
0
0
9.462183e-02
3.033838e-01
1.066928e-01
2.951567e-01
1.860825e-01
0
1.957836e-01
2.602925e-01
3.326116e-01
5.397122e-01
3.884882e-01
0
5.669197e-01
5.418024e-01
1.321691e-01
1.246608e-01
0
5.204304e-02
0
0
0
6.118258e-01
1
4.059169e-01
7.189794e-02
0
0
0
0
0
0
0
0
0
0
0
0
0
0
0
0
2.781548e-02
2.940409e-01
1.715058e-01
0
0
0
0
0
0
0
0
0
0
3.384859e-01
3.324539e-01
4.018197e-02
4.299537e-01
0
1.270274e-01
0
1.521994e-02
4.590412e-01
0
4.045965e-01
7.725543e-02
4.650397e-01
4.862962e-02
5.356300e-01
6.164774e-01
5.225803e-01
5.494247e-01
4.964891e-01
5.112273e-01
3.964641e-01
2.423191e-01
3.487865e-01
0
1.134908e-01
0
4.523937e-01
4.127915e-01
0
0
0
0
6.294771e-02
0
3.063295e-01
0
0
0
3.579032e-01
2.766967e-01
0
0
0
1.249108e-01
4.294320e-01
2.633392e-01
6.178149e-01
3.679917e-01
6.277852e-01
6.049641e-01
2.439451e-01
2.410402e-01
1.288744e-01
0
1.769844e-01
0
7.768186e-02
0
2.419787e-01
0
4.345183e-02
0
0
0
0
0
0
0
1.443089e-01
0
3.242978e-01
5.547814e-01
0
0
1.532735e-01
2.842110e-01
0
0
1.199098e-01
0
0
0
0
4.585147e-01
4.059169e-01
1
6.626526e-02
0
3.220839e-01
4.160738e-01
3.024960e-01
1.416872e-01
1.730768e-01
1.770015e-01
2.379786e-01
6.106655e-02
4.499144e-01
1.281839e-01
0
0
1.448571e-02
0
3.043911e-01
3.965576e-02
0
0
3.900741e-01
2.429259e-01
0
1.630514e-01
1.377576e-01
3.174845e-01
1.697862e-01
2.218030e-01
0
2.516957e-01
0
0
3.175935e-01
1.312213e-01
0
0
0
0
0
1.162414e-01
0
3.276236e-01
0
8.297307e-02
0
0
0
0
0
0
0
3.993936e-02
2.079210e-01
4.208610e-01
3.602522e-01
2.465064e-01
1.163708e-01
7.072562e-02
9.104390e-02
1.156097e-01
0
0
0
0
0
0
0
0
0
0
0
9.376883e-02
0
0
0
0
0
0
0
0
0
0
0
0
3.811099e-01
0
0
0
5.499711e-01
1.405000e-01
9.290599e-02
0
0
0
0
0
5.397476e-01
5.414585e-01
1.889457e-01
4.059050e-01
0
0
0
0
0
0
2.565301e-01
5.845852e-01
2.453913e-01
1.376737e-01
3.272023e-01
4.567675e-01
5.420316e-01
1.270608e-01
7.189794e-02
6.626526e-02
1
6.785312e-01
1.199487e-01
4.165497e-01
3.748042e-01
9.970939e-02
3.822818e-01
8.224551e-02
2.928427e-01
1.114718e-01
4.927829e-01
2.206129e-01
0
0
0
0
1.220103e-01
0
0
0
3.951846e-01
3.672816e-01
2.594697e-01
4.896128e-01
0
5.651594e-02
2.317915e-01
3.488180e-01
2.866696e-01
5.383745e-01
0
0
1.643120e-01
0
1.060935e-02
0
4.292891e-02
0
0
2.525502e-01
0
2.748565e-01
0
2.242018e-01
0
0
0
0
0
0
0
2.448837e-02
3.041731e-02
3.014755e-01
2.370602e-01
4.097742e-01
0
0
6.240964e-02
1.469572e-01
0
0
0
3.170753e-02
0
0
0
3.150564e-02
0
0
0
1.042439e-01
0
0
0
0
0
0
0
0
0
0
0
0
2.257980e-01
9.675710e-02
0
0
4.099198e-01
3.462739e-01
0
0
0
0
0
2.943724e-02
5.727824e-01
6.663492e-01
2.663500e-01
6.022127e-01
0
0
0
0
0
0
4.588105e-01
5.357039e-01
1.516530e-01
3.084147e-01
9.713398e-02
4.721885e-01
6.516741e-01
0
0
0
6.785312e-01
1.000000e+00
