1
7.404845e-01
0
0
0
0
7.071263e-02
0
0
0
1.968431e-01
3.209323e-01
4.370351e-01
2.544719e-01
1.737031e-01
1.865126e-01
3.176701e-01
1.355685e-01
6.970144e-01
6.976357e-01
3.867437e-01
4.321435e-01
0
4.194556e-02
0
0
2.848753e-01
1.266421e-01
4.793320e-01
3.227438e-01
0
0
0
0
0
0
0
0
0
5.204516e-02
2.448276e-02
2.936416e-02
0
0
0
0
0
0
0
0
9.340370e-02
0
2.119574e-01
0
0
0
7.113978e-01
6.760922e-01
4.173617e-01
0
2.488609e-01
0
3.988040e-01
2.826327e-01
0
0
0
0
6.252419e-01
4.672678e-01
3.151580e-01
3.497479e-01
4.910883e-01
6.040672e-01
4.647136e-01
4.479272e-01
0
0
9.484433e-02
0
2.004069e-01
0
8.236921e-02
9.464230e-02
0
0
0
0
3.884854e-02
0
1.510675e-01
0
0
0
7.943708e-02
0
0
3.253843e-01
3.944751e-01
9.752263e-02
4.564316e-01
0
5.840168e-01
3.841450e-01
2.125403e-01
1.673535e-01
1.651945e-02
0
1.382898e-01
3.196956e-01
3.238232e-01
3.329428e-01
5.187208e-01
3.566291e-01
4.866473e-01
1.998178e-01
7.404845e-01
1
0
0
0
1.684082e-01
0
2.733688e-01
0
0
2.811690e-01
5.895638e-01
3.687738e-01
6.607191e-01
5.546712e-01
5.341843e-01
2.519006e-01
1.007357e-01
8.459706e-01
7.899156e-01
2.214043e-01
5.138654e-01
2.038620e-01
2.638014e-01
0
0
4.208350e-01
4.749527e-01
5.375628e-01
4.460143e-01
0
0
0
0
0
0
0
0
0
0
0
5.000243e-02
0
0
0
0
0
0
0
0
0
0
2.415449e-01
0
0
0
6.479318e-01
7.633684e-01
2.177707e-02
0
0
2.297385e-02
5.241647e-01
4.225260e-01
0
0
0
0
6.163288e-01
3.783747e-01
2.104954e-01
4.565035e-01
2.827944e-01
4.191945e-01
2.378194e-01
2.859844e-01
0
1.933198e-02
0
0
4.179374e-01
2.249952e-01
2.643543e-01
2.769791e-01
0
0
3.842518e-02
1.137292e-01
0
3.848817e-02
1.006365e-01
0
5.262423e-03
0
9.018502e-02
1.642341e-01
0
2.627200e-01
2.085285e-01
0
4.490890e-01
0
5.080376e-01
0
2.042587e-01
1.795568e-01
0
0
2.305949e-01
3.808717e-01
4.726331e-01
2.082698e-01
2.576549e-01
2.066210e-01
4.258811e-01
3.488921e-01
0
0
1
4.647132e-01
9.470595e-02
1.422786e-01
6.896012e-01
0
5.779920e-01
4.083996e-01
4.468822e-01
0
4.173000e-01
0
3.875864e-01
0
0
0
0
0
0
1.623119e-01
6.718402e-01
3.693328e-01
3.083480e-01
4.653044e-02
0
0
0
0
7.567866e-01
2.723705e-01
2.111542e-01
0
5.145405e-01
3.579418e-01
4.385831e-01
0
0
0
1.084089e-01
3.446008e-01
0
0
4.649069e-03
0
0
0
0
0
0
0
0
2.131552e-01
0
0
0
0
0
0
1.364055e-01
7.048205e-02
0
0
6.822168e-01
1.047558e-01
2.113739e-01
0
0
0
1.369447e-01
1.551711e-01
7.822055e-03
9.113063e-02
0
9.448120e-02
9.437484e-02
0
3.274771e-01
1.880708e-01
0
0
0
0
3.955711e-01
0
0
0
0
0
1.159798e-01
5.279629e-01
2.059181e-01
7.028438e-01
1.839993e-01
6.058671e-02
6.318903e-03
1.067466e-01
0
0
0
6.272639e-01
0
0
0
3.186440e-01
4.307141e-02
5.049963e-01
2.651652e-01
0
0
0
9.247257e-02
6.677001e-02
2.670692e-01
1.087785e-01
0
0
4.647132e-01
1
5.174100e-01
3.643182e-01
5.423039e-01
3.535646e-01
7.565380e-01
5.273259e-01
5.991623e-02
0
3.669835e-01
3.209765e-02
2.687248e-01
2.199800e-02
0
0
0
0
1.868533e-02
0
3.210402e-01
3.466474e-01
3.478919e-01
2.092317e-01
0
1.136623e-01
0
0
3.959796e-01
3.867947e-01
3.071116e-01
2.660486e-01
5.903099e-01
5.220144e-01
0
0
8.608460e-02
0
0
0
0
0
0
0
0
0
0
0
0
0
0
1.024364e-01
0
0
0
0
0
0
2.131700e-01
4.597501e-01
0
0
5.698279e-01
2.695034e-01
2.313599e-01
1.375277e-01
0
0
0
0
0
0
0
0
0
0
0
0
0
0
0
0
2.754396e-01
7.481112e-02
0
0
1.454933e-02
0
6.951266e-02
2.303969e-01
5.920232e-02
3.176238e-01
2.951911e-01
4.766422e-01
8.641360e-02
6.814465e-02
0
0
0
1.187361e-01
0
0
1.302226e-01
2.198550e-01
0
3.688821e-01
3.413727e-01
1.051878e-01
0
0
0
0
2.148704e-01
2.703310e-01
0
0
9.470595e-02
5.174100e-01
1
1.859881e-01
8.353610e-02
0
3.089263e-01
1.292937e-01
0
0
0
0
0
0
0
0
0
0
1.580799e-01
8.276901e-02
1.547254e-01
2.469741e-01
7.027391e-01
6.772115e-01
4.919051e-01
2.842899e-01
0
0
3.812269e-05
0
1.661145e-01
1.999394e-01
4.674083e-01
4.480914e-01
0
0
0
2.977360e-02
0
1.556288e-01
0
0
0
0
0
0
0
0
1.799949e-01
1.263759e-01
1.781053e-01
3.519245e-01
0
0
0
0
1.462740e-02
8.345462e-02
7.996796e-02
1.979834e-01
0
6.248347e-02
5.209456e-01
5.653519e-01
3.131812e-01
3.677896e-01
0
0
0
0
0
2.350972e-02
0
5.649185e-03
0
0
0
0
0
0
0
0
2.823147e-01
4.333116e-01
1.145792e-01
2.424721e-01
4.538349e-01
2.090098e-01
0
0
0
3.894972e-03
0
1.784579e-01
0
2.097721e-01
0
0
0
1.869088e-01
0
0
3.399244e-01
2.143640e-01
0
2.946327e-01
7.771276e-02
2.650364e-01
7.252018e-02
0
0
0
2.448728e-01
2.209222e-01
0
1.684082e-01
1.422786e-01
3.643182e-01
1.859881e-01
1.000000e+00
1.791006e-02
6.936073e-01
6.346146e-01
7.718264e-01
1.644413e-01
4.269468e-02
1.635463e-01
3.921991e-01
4.396414e-01
2.435494e-01
0
0
2.703784e-01
2.994850e-01
0
1.981483e-01
4.717800e-01
6.185102e-01
0
1.518991e-01
0
4.909226e-01
1.322267e-01
0
3.353665e-01
1.724269e-01
3.401612e-01
4.276849e-02
2.116676e-01
2.493173e-01
0
0
0
0
0
0
3.735685e-02
0
1.501625e-01
0
4.982557e-02
0
0
0
0
0
0
0
0
0
0
0
0
0
0
6.042108e-01
0
1.860052e-01
2.392690e-01
3.445521e-02
0
0
2.228351e-02
1.168876e-01
0
1.369426e-01
0
0
0
0
0
0
0
0
1.874625e-01
2.685738e-01
1.679203e-02
0
1.310283e-01
2.344569e-03
0
0
0
0
9.786941e-02
0
6.410508e-01
2.071930e-01
2.510156e-01
5.473865e-01
0
1.453311e-01
0
0
0
0
0
0
6.120477e-03
2.130079e-01
0
1.192062e-01
0
1.846808e-02
2.315724e-01
0
0
0
3.153884e-02
2.618698e-01
7.071263e-02
0
6.896012e-01
5.423039e-01
8.353610e-02
1.791006e-02
1
8.118977e-02
5.587919e-01
3.706187e-01
1.179949e-01
0
5.199041e-01
0
0
0
0
0
0
0
1.221094e-01
2.079951e-01
3.700067e-01
2.583850e-01
3.095808e-01
5.604869e-02
0
0
0
0
5.521574e-01
3.257364e-01
4.399021e-01
2.212433e-01
3.072174e-01
2.839434e-01
3.875782e-01
0
1.730890e-01
0
1.274013e-01
6.941361e-02
7.411386e-02
2.003643e-02
1.319218e-01
0
3.195342e-02
1.564637e-02
0
0
0
0
0
0
0
0
0
0
0
0
2.740872e-01
1.356057e-01
0
0
4.384280e-01
3.742769e-02
3.636632e-01
5.908994e-02
0
0
1.683160e-01
1.013538e-01
2.060748e-01
1.078513e-01
2.683398e-01
2.628855e-01
1.426045e-01
0
0
0
0
0
0
0
0
0
0
0
0
0
3.117916e-01
7.889538e-01
1.269252e-01
5.936649e-01
2.239737e-01
0
3.486784e-01
0
0
2.269396e-01
0
2.597879e-01
0
6.502657e-02
0
0
0
2.674339e-01
2.987059e-01
0
0
0
2.256805e-01
1.140149e-01
4.792355e-02
0
0
2.733688e-01
0
3.535646e-01
0
6.936073e-01
8.118977e-02
1
3.934372e-01
6.835550e-01
0
2.344400e-01
2.826493e-01
6.398967e-01
4.021116e-01
5.769088e-01
0
0
3.870420e-01
4.263144e-01
2.820834e-02
2.237323e-01
2.472044e-01
4.034393e-01
0
0
4.481986e-02
3.853902e-01
1.717461e-01
1.009861e-01
1.701637e-01
2.012249e-01
2.008406e-01
0
0
0
0
0
6.662671e-03
0
8.076224e-02
0
4.019239e-02
0
5.794552e-02
0
6.480391e-02
0
0
2.411804e-02
0
0
0
0
0
0
0
0
0
0
0
7.475494e-01
0
4.186418e-01
0
0
0
0
7.486470e-02
0
1.617186e-02
3.274406e-01
0
0
0
3.484251e-02
1.800177e-01
4.027776e-02
0
0
0
2.344070e-02
2.655808e-01
7.131049e-02
0
0
0
1.631435e-02
0
0
2.675672e-01
0
4.574167e-01
0
7.661420e-02
3.461170e-01
0
0
0
0
0
0
0
0
0
0
0
0
1.074223e-01
0
0
0
0
0
0
0
0
0
5.779920e-01
7.565380e-01
3.089263e-01
6.346146e-01
5.587919e-01
3.934372e-01
1
7.843968e-01
3.041709e-01
0
4.227391e-01
0
3.469565e-01
0
0
0
0
0
0
0
4.504136e-01
4.806992e-01
1.021140e-01
2.106625e-01
0
3.688952e-02
0
0
6.759778e-01
5.625772e-01
5.390445e-01
3.168591e-01
6.064558e-01
6.071767e-01
1.046654e-01
0
0
0
0
1.726886e-02
1.466708e-01
0
3.490250e-01
7.142052e-02
5.177596e-02
0
0
0
0
0
0
0
0
0
0
0
0
0
4.060933e-02
4.278218e-01
0
0
5.403107e-01
0
1.293418e-01
0
0
0
0
0
0
0
0
0
0
0
0
0
0
0
0
0
2.392545e-01
0
0
0
0
0
7.549999e-02
3.701519e-01
3.845345e-01
5.988661e-01
4.385814e-01
5.700382e-01
1.796817e-01
8.275853e-02
0
0
0
1.986986e-01
0
0
0
2.058840e-01
0
3.248938e-01
2.523093e-01
0
0
0
0
0
1.590845e-02
2.539890e-01
0
0
4.083996e-01
5.273259e-01
1.292937e-01
7.718264e-01
3.706187e-01
6.835550e-01
7.843968e-01
1.000000e+00
2.132276e-01
0
3.235082e-01
2.009199e-01
4.413816e-01
2.991835e-01
0
0
1.272620e-01
1.294652e-01
0
6.220519e-02
5.434747e-01
4.968805e-01
7.858057e-02
4.157802e-02
0
1.124178e-01
2.402894e-03
0
5.135314e-01
2.797268e-01
3.384795e-01
0
3.940137e-01
3.982742e-01
2.445228e-01
0
3.873134e-02
0
1.855140e-01
0
2.537855e-02
0
1.752327e-01
0
0
0
0
0
0
0
0
0
0
0
0
0
0
0
0
6.037775e-01
0
0
4.135993e-01
0
0
0
0
0
0
8.421747e-02
0
0
0
0
1.707778e-01
0
0
0
0
0
1.739225e-01
0
1.058746e-01
0
0
0
0
0
2.505384e-01
3.501342e-01
6.344454e-01
4.238729e-01
2.581129e-01
3.938366e-01
3.127915e-02
0
0
0
0
7.108904e-02
0
0
0
1.414072e-01
0
5.521702e-02
9.622084e-02
0
0
0
0
0
0
1.318399e-01
1.968431e-01
2.811690e-01
4.468822e-01
5.991623e-02
0
1.644413e-01
1.179949e-01
0
3.041709e-01
2.132276e-01
1
8.528923e-02
5.524962e-01
0
6.026260e-01
2.078735e-02
2.933372e-01
2.508355e-01
4.168341e-01
2.421101e-01
0
7.257654e-02
2.509175e-01
3.039478e-01
0
0
0
2.711510e-01
4.303821e-01
2.782552e-01
4.272507e-01
3.034280e-01
1.201975e-01
1.800808e-02
0
0
1.937890e-01
0
0
0
1.538201e-03
1.512269e-01
0
0
0
0
0
0
0
0
0
0
0
0
0
0
7.920089e-02
3.629396e-02
0
0
0
0
1.847345e-01
2.433691e-02
1.527175e-01
0
0
0
2.681649e-01
1.448584e-01
1.301391e-01
3.840124e-02
0
1.336782e-01
0
0
0
0
3.336356e-01
5.058042e-01
4.037318e-01
0
3.380470e-01
0
4.733488e-01
0
0
0
0
0
0
1.855146e-01
1.346903e-01
4.245218e-01
3.220653e-01
3.204547e-01
0
0
0
0
0
6.272912e-01
5.796580e-02
8.855382e-02
0
4.015743e-01
1.506308e-01
2.251180e-01
3.056598e-01
0
1.712906e-01
3.837239e-01
2.091938e-01
0
1.157970e-01
3.751675e-01
3.209323e-01
5.895638e-01
0
0
0
4.269468e-02
0
2.344400e-01
0
0
8.528923e-02
1
0
7.983397e-01
3.533568e-01
7.043182e-01
2.372985e-01
3.995010e-01
4.582285e-01
3.681582e-01
3.425985e-01
1.876035e-01
0
0
0
0
5.448857e-01
6.637924e-01
3.375024e-01
7.684150e-01
0
0
0
0
0
0
0
1.633163e-01
0
1.286208e-01
0
0
0
0
0
0
0
0
0
0
0
0
2.480762e-01
0
0
0
3.919720e-01
6.751330e-01
1.191492e-01
2.345764e-01
0
1.994095e-02
7.270411e-01
7.346057e-01
0
0
0
0
3.869959e-01
0
1.224747e-01
1.438507e-01
2.373179e-03
4.630252e-02
1.320354e-02
0
6.934615e-02
3.252312e-01
0
0
4.835164e-01
3.824143e-01
5.067664e-01
6.934448e-01
1.000647e-01
1.217195e-01
6.428965e-01
4.178728e-01
2.372639e-01
3.351576e-01
0
0
0
0
0
1.602467e-01
0
0
0
0
2.656748e-01
0
2.398973e-01
4.679833e-02
0
0
0
0
4.956475e-02
2.316970e-01
3.625156e-01
3.858207e-02
0
0
0
1.632306e-01
4.370351e-01
3.687738e-01
4.173000e-01
3.669835e-01
0
1.635463e-01
5.199041e-01
2.826493e-01
4.227391e-01
3.235082e-01
5.524962e-01
0
1
3.165351e-02
6.200900e-01
1.562972e-01
3.794521e-02
0
5.453600e-01
3.944083e-01
5.233954e-02
2.481155e-01
9.684653e-02
1.635933e-01
0
0
0
1.728776e-01
4.656816e-01
1.221200e-01
3.587941e-01
5.217039e-01
3.510807e-01
2.637547e-01
0
0
0
0
3.111768e-02
0
0
0
0
0
0
0
0
0
0
0
0
0
0
0
0
0
0
3.364766e-03
0
0
3.691084e-01
2.321838e-01
0
6.383198e-02
7.847947e-02
0
0
0
8.336077e-02
0
1.497659e-01
2.342249e-01
0
7.037556e-02
0
7.168015e-02
1.483129e-02
0
0
0
0
0
2.007289e-01
0
2.615795e-02
0
0
0
0
0
2.822835e-01
4.053996e-01
5.407417e-02
2.206087e-01
2.213105e-01
3.088114e-01
0
0
0
0
8.137060e-02
1.486483e-01
6.041341e-02
1.062283e-01
0
5.795869e-02
0
1.523894e-01
1.317932e-01
0
0
2.677389e-01
1.104736e-01
0
8.296548e-02
2.985509e-01
2.544719e-01
6.607191e-01
0
3.209765e-02
0
3.921991e-01
0
6.398967e-01
0
2.009199e-01
0
7.983397e-01
3.165351e-02
1
3.923269e-01
8.178981e-01
1.052549e-01
9.169678e-03
5.420876e-01
5.772525e-01
2.535332e-01
2.940734e-01
9.339332e-02
2.533232e-01
0
0
5.146026e-01
6.238620e-01
2.703706e-01
5.432835e-01
0
0
0
0
0
0
0
8.890515e-02
0
1.650278e-01
1.453340e-01
0
0
0
0
0
0
0
0
0
0
0
1.195889e-03
0
0
0
3.529516e-01
4.969943e-01
0
0
0
2.968490e-01
4.372399e-01
7.424112e-01
0
0
0
0
4.381037e-01
8.375223e-02
0
2.544622e-01
1.303887e-01
1.430980e-01
1.282480e-02
0
1.088614e-01
2.352895e-01
0
0
4.077300e-01
4.329766e-01
4.720496e-01
5.524199e-01
0
1.459014e-01
2.659692e-01
3.955389e-01
0
7.179194e-02
0
0
8.253476e-02
0
0
2.907239e-01
0
0
5.253872e-02
0
7.168486e-02
0
1.309801e-01
0
0
0
0
0
1.778793e-01
2.353909e-01
3.106179e-01
0
0
0
6.037868e-03
1.431193e-01
1.737031e-01
5.546712e-01
3.875864e-01
2.687248e-01
0
4.396414e-01
0
4.021116e-01
3.469565e-01
4.413816e-01
6.026260e-01
3.533568e-01
6.200900e-01
3.923269e-01
1
5.214089e-01
1.006126e-01
9.220297e-02
5.946021e-01
3.705623e-01
0
2.072636e-01
3.506367e-01
2.285232e-01
0
0
0
4.916171e-01
4.685376e-01
4.608086e-01
3.408862e-01
3.204687e-01
0
0
0
0
0
0
0
0
0
3.141237e-02
0
0
0
0
0
0
0
0
0
0
0
0
0
0
5.787139e-02
1.906859e-01
0
0
0
3.331630e-01
1.282421e-01
1.062549e-01
7.875472e-02
0
0
0
7.565782e-02
0
1.295669e-01
3.312488e-01
0
7.277396e-03
0
0
8.872475e-02
0
5.276475e-02
1.577124e-01
3.189816e-01
1.083354e-03
5.680168e-01
2.423699e-01
3.455798e-01
0
1.613343e-01
9.965662e-04
0
0
4.945708e-02
0
1.691183e-01
9.898005e-02
1.045062e-01
5.024643e-01
0
0
0
0
2.240738e-01
2.025127e-01
2.789893e-02
0
0
2.955228e-01
0
1.403574e-01
1.498912e-01
0
1.779260e-01
1.434417e-01
0
0
2.087363e-01
5.087508e-01
1.865126e-01
5.341843e-01
0
2.199800e-02
0
2.435494e-01
0
5.769088e-01
0
2.991835e-01
2.078735e-02
7.043182e-01
1.562972e-01
8.178981e-01
5.214089e-01
1
1.551427e-01
7.921972e-02
4.786991e-01
4.763124e-01
2.235971e-01
1.851026e-01
0
0
0
0
1.993616e-01
3.902868e-01
4.138672e-01
7.177372e-01
0
9.314840e-02
0
0
0
0
0
1.342311e-01
2.732981e-01
1.913230e-01
2.960164e-01
0
0
0
0
0
0
0
0
0
0
0
7.656660e-02
0
0
0
1.770258e-01
3.137181e-01
0
0
0
2.581896e-01
2.607009e-01
4.392984e-01
0
0
0
0
2.103948e-01
0
1.419680e-01
3.250971e-01
1.170603e-01
0
0
0
4.284291e-01
4.603224e-01
0
0
3.000346e-01
2.812213e-01
7.284017e-01
7.494217e-01
0
9.719132e-02
3.488410e-01
5.089802e-01
0
1.815466e-01
1.612238e-02
0
0
0
0
1.462274e-01
0
0
8.028878e-02
0
1.903685e-01
0
5.615855e-02
0
0
0
0
0
9.581723e-02
1.428720e-01
1.244108e-01
6.538621e-02
0
0
0
1.309162e-02
3.176701e-01
2.519006e-01
0
0
0
0
0
0
0
0
2.933372e-01
2.372985e-01
3.794521e-02
1.052549e-01
1.006126e-01
1.551427e-01
1
6.044294e-01
3.691967e-01
3.605541e-01
1.916148e-01
3.510201e-01
0
0
0
0
0
0
7.195839e-01
5.621144e-01
1.095493e-01
8.084331e-04
0
0
0
0
1.814085e-01
4.679412e-02
0
9.694520e-02
2.758280e-01
1.148236e-01
8.527687e-02
2.596531e-01
0
1.046509e-01
1.855245e-01
9.130499e-02
2.124909e-01
2.250513e-01
0
0
0
0
1.702367e-02
0
6.464380e-01
7.600114e-02
0
0
0
0
3.027230e-01
1.246740e-01
0
0
0
0
6.763109e-01
5.637707e-01
5.369315e-01
6.264463e-01
4.200353e-01
2.985190e-01
3.238985e-01
1.864404e-02
2.833756e-01
2.296981e-01
6.658708e-01
5.331641e-01
7.003002e-01
2.232292e-01
4.540606e-01
2.859675e-01
0
0
0
0
0
0
0
0
0
0
0
0
0
3.174037e-02
2.680549e-01
3.380233e-01
1.391945e-01
1.380110e-01
2.955101e-01
3.572405e-01
0
0
3.342752e-01
0
0
0
1.898185e-01
7.051906e-01
1.592583e-01
1.022657e-01
0
0
1.355685e-01
1.007357e-01
0
0
0
0
0
0
0
0
2.508355e-01
3.995010e-01
0
9.169678e-03
9.220297e-02
7.921972e-02
6.044294e-01
1
1.113252e-01
0
0
1.018061e-02
0
0
0
0
6.698174e-02
1.280008e-02
2.491383e-01
5.036135e-01
0
0
0
0
0
0
1.176371e-01
4.292284e-01
7.753310e-02
1.551136e-01
2.980668e-01
9.856398e-02
0
0
0
0
0
0
0
0
1.794486e-01
2.160287e-01
2.736183e-01
2.017739e-01
6.807691e-02
8.367145e-02
5.263277e-01
3.798599e-01
3.542682e-01
1.522478e-01
0
0
4.205608e-01
8.487260e-02
0
0
0
0
3.640709e-01
2.327392e-01
3.372476e-01
2.539278e-01
4.060094e-02
2.213613e-01
6.022426e-02
0
1.789101e-01
4.006848e-01
6.955209e-01
6.942837e-01
5.865153e-01
3.346820e-01
4.507764e-01
3.956012e-01
3.702108e-01
0
3.659546e-01
2.008170e-01
3.068608e-01
4.176862e-01
0
0
0
0
0
0
0
0
0
0
4.728594e-01
2.655901e-01
2.265297e-01
1.837049e-01
0
1.994347e-01
4.716991e-01
0
0
1.349670e-02
2.597674e-01
3.641261e-01
7.551880e-02
0
2.944557e-02
3.222527e-02
6.970144e-01
8.459706e-01
0
0
0
2.703784e-01
0
3.870420e-01
0
1.272620e-01
4.168341e-01
4.582285e-01
5.453600e-01
5.420876e-01
5.946021e-01
4.786991e-01
3.691967e-01
1.113252e-01
1
9.174222e-01
1.839669e-01
6.055139e-01
1.778738e-01
3.096247e-01
0
0
1.976694e-01
5.126607e-01
6.944188e-01
4.797314e-01
0
0
0
0
0
0
0
0
0
0
5.018428e-02
0
0
0
0
0
0
0
0
0
0
0
0
0
0
0
5.706969e-01
5.361702e-01
0
0
0
7.925275e-02
4.294578e-01
5.158761e-01
0
0
0
0
6.874751e-01
5.394335e-01
4.002291e-01
5.713530e-01
3.784112e-01
5.378428e-01
2.814260e-01
3.814964e-01
0
0
3.642295e-02
0
3.936564e-01
6.985491e-02
3.026797e-01
1.977104e-01
0
0
0
0
0
0
1.770795e-01
0
1.835132e-01
0
9.687962e-02
1.846501e-01
0
1.791701e-01
1.922032e-01
0
3.621133e-01
1.192562e-03
5.323469e-01
1.057130e-01
3.720517e-02
2.070866e-01
0
0
2.584380e-02
1.691211e-01
3.457767e-01
3.745869e-01
2.192248e-01
9.845082e-03
3.010621e-01
3.498082e-01
6.976357e-01
7.899156e-01
0
0
0
2.994850e-01
0
4.263144e-01
0
1.294652e-01
2.421101e-01
3.681582e-01
3.944083e-01
5.772525e-01
3.705623e-01
4.763124e-01
3.605541e-01
0
9.174222e-01
1.000000e+00
3.132021e-01
6.597509e-01
1.846770e-01
3.986546e-01
0
0
2.959947e-01
4.523523e-01
6.133344e-01
4.098905e-01
0
0
1.089152e-01
0
0
0
0
0
0
0
1.140437e-01
3.387283e-02
0
0
0
0
0
0
0
0
0
0
0
0
0
0
5.840249e-01
4.474177e-01
0
0
0
3.170366e-02
3.354393e-01
5.128261e-01
0
0
0
0
7.401853e-01
6.369561e-01
3.348235e-01
5.259966e-01
5.140743e-01
5.619803e-01
3.590209e-01
3.768368e-01
0
0
0
0
3.391577e-01
1.450960e-01
2.105152e-01
2.335657e-01
0
0
0
0
0
0
9.433737e-02
0
1.203678e-01
0
1.238328e-01
1.173516e-01
0
3.104722e-01
2.739020e-01
0
2.060284e-01
0
4.727070e-01
1.240702e-01
3.633978e-02
1.289594e-01
0
0
5.688324e-02
3.364330e-01
3.971873e-01
3.163231e-01
2.059701e-01
6.242762e-02
3.724574e-01
1.963895e-01
3.867437e-01
2.214043e-01
0
1.868533e-02
1.580799e-01
0
1.221094e-01
2.820834e-02
0
0
0
3.425985e-01
5.233954e-02
2.535332e-01
0
2.235971e-01
1.916148e-01
0
1.839669e-01
3.132021e-01
1
6.546225e-01
0
0
2.386118e-01
1.270635e-01
5.001723e-01
1.142032e-01
2.526695e-01
3.465758e-01
0
5.415657e-02
8.876038e-02
5.553789e-02
0
0
0
0
2.527689e-01
6.399457e-02
1.179822e-01
0
0
0
0
0
0
0
2.592722e-02
0
1.972049e-01
0
1.957080e-01
0
1.324780e-01
5.611768e-02
1.582831e-01
1.634704e-01
2.852710e-01
0
0
0
2.031344e-01
3.678674e-01
0
0
0
0
2.829116e-01
9.621585e-02
2.136690e-01
2.280424e-01
3.473528e-01
1.570780e-01
4.564538e-01
4.433155e-03
5.488063e-02
1.747789e-01
0
0
0
0
3.107537e-02
4.046045e-01
0
0
0
2.895470e-01
1.111924e-01
4.013209e-02
1.240034e-02
0
0
0
0
0
6.370818e-02
0
8.280732e-03
0
5.254776e-02
0
1.370250e-01
4.167782e-01
3.689188e-03
0
0
1.580307e-02
1.216500e-01
2.316115e-01
1.130041e-01
0
1.863858e-01
2.033151e-01
9.759959e-02
0
4.321435e-01
5.138654e-01
1.623119e-01
0
8.276901e-02
1.981483e-01
2.079951e-01
2.237323e-01
0
6.220519e-02
7.257654e-02
1.876035e-01
2.481155e-01
2.940734e-01
2.072636e-01
1.851026e-01
3.510201e-01
1.018061e-02
6.055139e-01
6.597509e-01
6.546225e-01
1
3.453485e-01
3.433202e-01
2.788857e-01
5.900986e-02
4.220946e-01
2.304877e-01
4.500522e-01
1.934290e-01
1.915817e-01
0
1.835850e-01
0
0
0
0
0
0
0
1.492245e-01
3.703064e-02
0
0
0
0
0
0
0
0
0
0
8.514892e-02
0
0
0
4.068681e-01
2.076077e-01
0
0
0
0
1.335282e-01
3.157280e-01
0
1.306839e-01
0
0
5.153880e-01
5.754169e-01
4.932349e-01
6.573996e-01
5.240661e-01
5.178117e-01
5.703313e-01
3.950218e-01
0
1.018792e-01
6.576543e-02
0
1.014655e-01
0
0
1.814054e-01
0
0
0
8.371803e-02
0
0
2.011401e-01
1.576909e-01
2.019045e-01
0
0
0
0
1.092873e-01
0
2.237537e-02
1.483472e-01
1.796378e-01
1.910886e-01
1.514634e-01
6.227478e-02
3.027756e-04
0
5.331464e-02
3.711870e-02
1.833052e-01
2.311773e-01
8.604958e-02
1.925051e-01
1.966757e-01
2.849329e-01
0
0
2.038620e-01
6.718402e-01
3.210402e-01
1.547254e-01
4.717800e-01
3.700067e-01
2.472044e-01
4.504136e-01
5.434747e-01
2.509175e-01
0
9.684653e-02
9.339332e-02
3.506367e-01
0
0
0
1.778738e-01
1.846770e-01
0
3.453485e-01
1
7.637137e-01
3.163351e-01
6.104791e-02
0
0
0
0
5.616904e-01
0
7.071935e-02
0
1.967639e-01
7.177325e-02
2.580296e-01
0
0
0
2.910350e-01
3.654268e-01
0
0
0
0
0
0
0
0
0
0
0
5.578776e-02
0
0
1.527923e-01
0
0
0
0
2.081840e-01
0
0
5.066323e-01
1.482523e-01
0
0
6.997506e-02
2.905116e-01
1.718366e-01
3.739404e-01
2.866651e-01
4.309688e-01
8.601054e-02
4.068303e-01
1.319810e-01
0
2.568252e-01
5.176744e-02
4.166651e-02
3.232471e-02
0
0
2.708181e-01
0
0
0
0
0
1.326890e-01
2.333915e-01
4.962819e-01
4.667785e-01
1.019162e-01
9.195104e-02
0
3.015420e-01
0
0
0
3.574880e-01
0
0
0
3.288634e-01
7.173264e-02
6.726297e-02
3.045979e-01
0
4.539483e-02
0
0
1.409734e-02
3.040693e-01
8.362713e-02
4.194556e-02
2.638014e-01
3.693328e-01
3.466474e-01
2.469741e-01
6.185102e-01
2.583850e-01
4.034393e-01
4.806992e-01
4.968805e-01
3.039478e-01
0
1.635933e-01
2.533232e-01
2.285232e-01
0
0
0
3.096247e-01
3.986546e-01
0
3.433202e-01
7.637137e-01
1
2.822164e-01
2.669097e-01
6.048347e-02
2.656351e-01
0
0
4.033278e-01
0
2.873742e-01
0
4.410286e-02
1.361736e-02
5.040013e-02
0
0
0
8.446998e-02
3.878074e-01
0
0
0
0
0
0
0
0
0
0
0
0
0
0
1.663167e-01
0
0
0
0
2.845295e-01
0
1.558425e-01
3.881855e-01
6.166155e-02
0
0
3.199057e-01
4.736309e-01
0
1.764514e-01
1.636203e-01
4.352326e-01
2.963699e-03
3.519119e-01
0
0
1.834011e-03
2.905258e-02
1.270426e-01
1.080118e-01
0
0
2.035578e-01
0
0
0
0
0
3.519284e-03
1.654776e-01
4.977137e-01
3.065454e-01
3.134240e-01
3.576834e-01
0
4.654545e-01
0
0
0
2.384438e-01
0
0
3.358736e-02
2.994954e-01
1.798736e-01
7.182965e-02
3.521593e-01
1.287665e-01
2.247449e-01
0
0
0
2.508107e-01
2.084673e-01
0
0
3.083480e-01
3.478919e-01
7.027391e-01
0
3.095808e-01
0
1.021140e-01
7.858057e-02
0
0
0
0
0
0
0
0
0
0
2.386118e-01
2.788857e-01
3.163351e-01
2.822164e-01
1
6.457263e-01
3.394347e-01
0
0
0
2.084759e-01
0
1.318429e-01
9.328544e-03
3.905200e-01
2.990587e-01
2.924593e-01
0
3.112865e-01
1.613009e-01
2.266924e-01
2.911366e-01
0
0
0
0
0
0
0
0
3.125338e-01
3.256381e-01
2.461610e-01
4.198678e-01
0
0
0
0
1.434109e-01
0
0
7.696841e-02
0
0
5.020400e-01
5.056867e-01
3.558627e-01
3.177036e-01
0
0
0
0
1.568861e-01
2.184564e-01
1.444836e-01
1.620540e-01
0
8.407596e-02
0
0
0
0
0
0
8.314587e-02
2.087431e-01
0
2.749781e-01
3.444418e-01
1.926026e-01
0
2.043029e-01
0
0
0
0
0
7.605820e-02
0
0
0
2.120855e-01
0
0
4.160259e-03
0
0
2.438014e-01
5.905178e-02
1.052401e-01
0
0
0
0
1.862929e-01
0
0
0
4.653044e-02
2.092317e-01
6.772115e-01
1.518991e-01
5.604869e-02
0
2.106625e-01
4.157802e-02
0
0
0
0
0
0
0
0
0
0
1.270635e-01
5.900986e-02
6.104791e-02
2.669097e-01
6.457263e-01
1
3.147234e-01
1.442427e-01
0
0
2.395196e-01
1.547087e-01
4.172347e-01
4.193672e-01
3.381647e-01
5.378980e-01
1.713237e-01
0
9.542073e-02
3.108533e-01
0
3.157047e-01
1.627559e-01
2.075725e-01
3.658476e-01
2.681277e-01
5.722527e-02
1.458742e-01
1.069888e-01
2.387533e-01
8.873371e-02
1.397255e-01
0
4.801565e-02
3.890419e-02
9.325583e-02
0
0
0
0
0
1.011040e-01
0
6.426738e-02
2.751244e-01
1.458330e-01
2.591976e-01
4.269055e-01
0
0
0
0
0
0
0
0
0
0
0
0
0
0
0
0
0
2.609477e-01
0
1.576594e-01
8.207145e-02
0
0
0
0
0
0
1.608876e-02
2.441262e-03
1.714966e-01
0
6.350922e-02
0
9.912733e-02
0
0
0
0
1.066611e-01
2.434137e-01
7.075524e-03
7.695580e-03
0
0
0
0
0
0
2.848753e-01
4.208350e-01
0
0
4.919051e-01
0
0
4.481986e-02
0
0
0
5.448857e-01
0
5.146026e-01
0
1.993616e-01
0
6.698174e-02
1.976694e-01
2.959947e-01
5.001723e-01
4.220946e-01
0
6.048347e-02
3.394347e-01
3.147234e-01
1
5.053390e-01
0
1.438108e-01
0
0
0
0
0
0
0
0
0
1.801258e-01
0
6.303478e-02
0
0
0
0
0
0
0
0
3.704469e-01
2.577532e-01
4.968142e-01
1.497541e-01
4.744065e-04
6.682113e-02
4.326707e-01
6.306253e-01
3.797776e-01
2.574445e-01
0
4.362791e-02
3.857625e-01
5.036157e-01
0
4.324674e-01
0
0
2.620310e-01
1.898343e-01
2.193032e-02
1.000632e-01
2.411229e-01
2.670828e-01
3.310637e-01
1.613286e-01
0
1.883205e-01
0
0
2.892155e-02
3.055322e-01
0
3.623189e-01
0
3.618869e-01
2.909696e-01
5.049740e-01
4.684514e-01
4.149886e-01
0
0
0
0
0
0
0
1.843528e-01
0
0
2.153774e-01
0
1.983993e-01
3.259417e-02
3.864978e-01
0
0
0
0
5.046699e-01
4.003791e-01
0
0
9.578640e-02
2.204338e-01
1.983781e-02
1.266421e-01
4.749527e-01
0
1.136623e-01
2.842899e-01
4.909226e-01
0
3.853902e-01
3.688952e-02
1.124178e-01
2.711510e-01
6.637924e-01
1.728776e-01
6.238620e-01
4.916171e-01
3.902868e-01
0
1.280008e-02
5.126607e-01
4.523523e-01
1.142032e-01
2.304877e-01
0
2.656351e-01
0
1.442427e-01
5.053390e-01
1.000000e+00
1.544418e-01
4.406938e-01
0
4.176771e-02
0
4.800964e-02
0
0
0
0
0
0
0
0
0
0
0
0
0
0
0
0
0
0
0
0
0
0
1.266652e-01
4.301380e-01
0
0
0
3.461892e-01
4.793284e-01
6.889242e-01
0
1.047499e-01
0
0
2.422214e-01
1.749069e-02
0
0
0
4.574418e-02
0
0
0
0
0
0
3.083248e-01
2.539208e-01
2.132778e-01
3.528572e-01
2.515938e-01
6.720562e-02
3.830663e-01
1.546891e-01
1.619465e-03
0
0
0
2.872967e-02
0
0
5.400077e-01
0
8.786588e-02
0
0
0
2.270921e-02
1.121789e-01
0
1.710227e-01
2.127886e-01
3.330714e-02
3.687384e-02
1.247357e-02
2.978597e-01
4.276611e-01
0
0
0
8.277230e-02
4.785344e-01
4.793320e-01
5.375628e-01
0
0
0
1.322267e-01
0
1.717461e-01
0
2.402894e-03
4.303821e-01
3.375024e-01
4.656816e-01
2.703706e-01
4.685376e-01
4.138672e-01
7.195839e-01
2.491383e-01
6.944188e-01
6.133344e-01
2.526695e-01
4.500522e-01
0
0
0
0
0
1.544418e-01
1.000000e+00
6.544374e-01
1.384761e-01
2.594583e-01
1.067169e-01
0
0
0
0
0
0
0
2.429713e-02
0
7.809615e-02
1.260070e-01
0
0
1.757333e-01
1.273394e-02
1.579661e-01
0
0
0
0
0
0
0
4.146680e-01
1.470684e-01
0
0
0
0
4.624267e-01
2.395009e-01
0
0
0
0
5.969925e-01
3.720928e-01
4.898953e-01
5.997050e-01
2.886376e-01
1.636235e-01
2.130093e-01
4.956343e-02
2.359917e-01
6.868374e-02
2.910507e-01
2.053588e-01
5.922008e-01
3.666244e-02
4.327237e-01
2.357259e-01
0
0
0
0
0
0
9.468729e-02
0
5.272047e-02
7.923572e-02
0
0
0
0
3.811601e-01
1.595975e-01
1.727920e-01
2.441009e-03
3.961547e-01
2.782791e-01
0
0
0
0
0
0
1.665402e-01
7.910365e-01
3.283822e-01
1.867602e-01
3.902416e-02
0
3.227438e-01
4.460143e-01
0
0
0
0
0
1.009861e-01
0
0
2.782552e-01
7.684150e-01
1.221200e-01
5.432835e-01
4.608086e-01
7.177372e-01
5.621144e-01
5.036135e-01
4.797314e-01
4.098905e-01
3.465758e-01
1.934290e-01
0
0
0
0
1.438108e-01
4.406938e-01
6.544374e-01
1.000000e+00
0
1.595152e-01
0
0
0
0
0
1.371989e-01
1.585441e-01
1.516256e-01
1.839133e-01
0
0
0
0
0
0
0
0
0
0
0
5.210406e-02
0
1.818722e-02
0
3.645346e-01
3.500124e-01
0
0
0
0
5.728531e-01
4.658126e-01
0
0
0
0
4.138081e-01
0
2.563106e-01
2.815500e-01
1.304010e-01
1.741489e-02
0
0
2.038030e-01
3.277319e-01
2.127260e-01
2.233601e-01
6.259753e-01
3.203065e-01
7.851755e-01
8.029829e-01
3.052592e-02
0
4.236826e-01
3.404046e-01
0
1.223107e-01
0
0
0
0
0
1.063415e-01
0
0
8.972039e-02
0
1.951816e-01
0
2.119887e-01
1.462227e-01
0
0
0
0
0
1.664888e-01
2.936245e-01
3.977714e-01
0
0
1.939054e-02
7.767353e-02
0
0
7.567866e-01
3.959796e-01
3.812269e-05
3.353665e-01
5.521574e-01
1.701637e-01
6.759778e-01
5.135314e-01
4.272507e-01
0
3.587941e-01
0
3.408862e-01
0
1.095493e-01
0
0
0
0
1.915817e-01
5.616904e-01
4.033278e-01
2.084759e-01
2.395196e-01
0
0
1.384761e-01
0
1
6.104983e-01
4.649970e-01
1.594951e-01
3.866245e-01
4.080907e-01
3.819433e-01
0
1.296133e-01
0
1.689968e-01
1.145851e-01
2.437293e-01
1.797983e-01
3.074627e-01
1.545840e-01
8.815149e-02
3.252645e-02
0
0
0
0
0
0
0
0
0
0
0
0
0
9.740856e-02
0
0
3.437972e-01
0
2.804993e-02
0
0
0
0
1.511724e-01
0
0
0
0
3.238199e-01
0
1.634484e-01
3.437793e-01
2.599641e-02
0
1.478305e-01
0
1.759765e-01
0
0
0
0
0
0
3.818234e-01
2.700622e-01
5.381270e-01
8.461178e-02
7.307252e-02
3.202387e-02
0
0
0
0
4.195168e-01
0
0
0
0
0
2.680527e-01
3.010586e-01
0
0
9.562028e-02
0
0
0
0
0
0
2.723705e-01
3.867947e-01
0
1.724269e-01
3.257364e-01
2.012249e-01
5.625772e-01
2.797268e-01
3.034280e-01
0
5.217039e-01
0
3.204687e-01
9.314840e-02
8.084331e-04
0
0
0
5.415657e-02
0
0
0
0
1.547087e-01
0
4.176771e-02
2.594583e-01
1.595152e-01
6.104983e-01
1
5.613400e-01
6.208543e-01
2.674165e-01
3.790639e-01
2.156386e-02
0
2.406625e-01
0
0
0
4.553290e-01
3.269633e-01
5.256544e-01
4.562422e-01
2.424945e-01
2.144319e-01
2.210339e-01
2.237590e-01
0
0
0
0
0
0
0
0
0
0
1.400491e-01
1.955414e-01
0
0
0
0
2.813810e-02
9.218954e-02
0
0
0
0
0
0
0
0
1.845170e-01
0
0
1.024287e-01
0
0
2.324105e-01
1.418357e-03
0
0
2.770405e-03
0
0
0
0
5.402528e-02
0
2.364385e-01
0
2.486001e-01
4.136793e-02
0
0
0
0
5.670272e-02
0
0
0
0
0
1.718235e-01
5.921569e-02
0
0
1.819533e-01
0
0
0
0
0
0
2.111542e-01
3.071116e-01
1.661145e-01
3.401612e-01
4.399021e-01
2.008406e-01
5.390445e-01
3.384795e-01
1.201975e-01
0
3.510807e-01
0
0
0
0
0
0
1.089152e-01
8.876038e-02
1.835850e-01
7.071935e-02
2.873742e-01
1.318429e-01
4.172347e-01
0
0
1.067169e-01
0
4.649970e-01
5.613400e-01
1.000000e+00
8.271276e-01
2.276211e-01
3.720154e-01
3.152327e-02
0
0
0
0
0
4.668642e-01
3.491623e-01
5.179290e-01
3.891009e-01
4.279801e-01
3.637042e-01
3.789274e-01
2.969623e-01
0
0
0
0
0
0
0
0
0
0
0
6.120702e-02
0
9.883657e-03
5.330251e-02
0
1.376247e-01
3.490669e-02
0
1.091587e-02
0
0
0
0
0
0
0
0
0
0
0
0
0
0
0
0
0
0
0
0
0
2.427055e-01
1.547503e-01
2.758870e-01
3.092177e-01
6.012731e-02
4.916628e-01
1.445252e-01
3.086548e-02
3.730893e-01
0
0
0
0
0
0
0
1.167861e-01
0
0
0
1.597204e-01
0
0
0
4.812829e-02
0
0
0
2.660486e-01
1.999394e-01
4.276849e-02
2.212433e-01
0
3.168591e-01
0
1.800808e-02
0
2.637547e-01
0
0
0
0
0
0
0
5.553789e-02
0
0
0
9.328544e-03
4.193672e-01
0
4.800964e-02
0
0
1.594951e-01
6.208543e-01
8.271276e-01
1.000000e+00
2.522474e-01
4.509265e-01
0
0
1.919688e-03
0
0
0
4.953262e-01
3.612590e-01
5.668376e-01
4.844119e-01
3.773045e-01
4.101210e-01
4.747107e-01
3.339708e-01
0
0
0
0
1.217647e-01
7.849820e-02
0
0
0
0
2.636420e-01
3.769588e-02
0
0
0
0
2.315988e-01
3.155690e-01
0
0
0
0
0
0
0
0
0
0
0
0
0
0
0
0
0
0
0
0
0
0
0
0
0
2.382238e-02
1.778737e-01
8.537887e-02
4.352529e-01
5.886467e-02
2.418383e-02
3.160644e-01
0
0
0
8.703420e-02
3.190730e-02
0
0
1.315106e-01
0
0
0
1.136663e-02
2.867948e-02
0
0
1.208697e-01
0
0
5.145405e-01
5.903099e-01
4.674083e-01
2.116676e-01
3.072174e-01
0
6.064558e-01
3.940137e-01
0
0
0
0
0
0
0
0
0
0
0
0
1.967639e-01
4.410286e-02
3.905200e-01
3.381647e-01
0
0
0
0
3.866245e-01
2.674165e-01
2.276211e-01
2.522474e-01
1
8.702267e-01
1.818850e-01
0
1.638198e-01
0
0
5.975629e-02
6.707779e-02
0
3.469539e-01
7.701354e-02
0
0
0
0
0
1.087088e-01
0
4.451482e-01
0
0
0
0
0
7.579510e-02
2.758328e-01
2.237077e-01
0
0
8.010103e-01
3.201231e-01
5.840347e-01
5.622649e-01
0
0
0
0
0
0
0
0
0
0
0
1.083041e-01
0
0
0
0
4.193786e-01
2.440872e-01
4.583059e-02
0
1.778030e-01
5.457682e-02
6.835895e-02
2.833814e-01
1.648186e-01
4.183040e-01
2.040918e-01
2.642557e-01
1.865665e-01
0
0
0
0
2.527785e-01
0
0
9.748351e-02
2.664702e-01
0
5.167160e-01
0
0
0
0
0
0
7.008210e-02
2.145720e-01
0
0
3.579418e-01
5.220144e-01
4.480914e-01
2.493173e-01
2.839434e-01
0
6.071767e-01
3.982742e-01
0
0
0
0
0
0
0
0
0
0
0
0
7.177325e-02
1.361736e-02
2.990587e-01
5.378980e-01
0
0
0
0
4.080907e-01
3.790639e-01
3.720154e-01
4.509265e-01
8.702267e-01
1
2.142067e-01
0
1.958359e-01
2.369664e-03
0
1.005593e-01
3.642902e-01
1.829571e-01
6.119376e-01
3.527904e-01
1.081845e-01
2.615111e-01
0
1.015066e-01
0
1.314283e-01
0
3.381432e-01
7.686886e-03
1.406876e-01
0
0
0
7.471179e-02
1.231705e-01
3.379373e-01
0
0
6.215822e-01
1.423759e-01
4.428785e-01
5.494709e-01
0
0
0
0
0
0
0
0
0
0
0
0
0
0
0
0
1.986687e-01
2.447040e-01
0
0
4.815900e-02
0
0
2.135499e-01
1.124155e-01
2.753457e-01
1.747218e-01
2.070642e-01
3.048237e-01
0
0
0
0
9.003849e-02
0
0
3.176210e-02
0
0
3.377399e-01
2.011237e-02
0
0
0
0
0
0
2.856524e-02
0
0
4.385831e-01
0
0
0
3.875782e-01
0
1.046654e-01
2.445228e-01
1.937890e-01
0
0
0
0
0
1.814085e-01
1.176371e-01
0
0
0
0
2.580296e-01
5.040013e-02
2.924593e-01
1.713237e-01
0
0
0
0
3.819433e-01
2.156386e-02
3.152327e-02
0
1.818850e-01
2.142067e-01
1.000000e+00
2.759313e-01
4.198489e-01
2.913911e-01
6.909532e-01
3.654291e-01
1.348656e-01
2.192080e-01
1.963352e-01
9.921982e-02
1.043588e-01
8.868432e-02
7.372032e-02
1.292183e-01
6.448145e-02
1.184477e-01
0
9.444209e-02
3.006403e-01
1.530414e-01
0
0
0
0
0
0
0
0
2.681451e-01
0
1.990133e-01
4.923017e-02
0
6.022500e-02
1.906437e-01
5.854576e-02
3.154034e-01
1.670226e-01
1.324706e-01
2.109427e-03
3.572885e-01
1.642373e-01
4.904740e-01
2.120926e-01
0
0
1.830556e-01
1.928978e-02
4.646298e-02
0
0
8.927891e-02
0
0
0
4.567740e-01
2.647206e-02
4.712989e-01
0
0
1.487908e-01
0
0
2.306452e-01
0
4.797394e-01
0
0
0
0
1.609255e-01
1.647021e-01
1.425275e-01
0
0
9.715055e-03
1.238552e-01
0
0
0
0
0
0
0
0
0
0
0
0
0
0
1.633163e-01
0
8.890515e-02
0
1.342311e-01
4.679412e-02
4.292284e-01
0
0
0
0
0
0
0
0
0
0
0
1.371989e-01
0
0
0
0
0
0
2.759313e-01
1.000000e+00
2.921189e-01
4.194749e-01
4.140209e-01
0
0
5.120039e-02
4.121041e-02
8.440487e-02
8.489677e-02
5.922631e-02
1.471234e-01
2.146209e-01
2.337922e-01
3.291486e-01
0
5.662562e-02
4.678613e-01
3.304510e-01
1.048129e-01
1.100466e-01
1.585313e-01
2.249820e-01
0
0
8.453355e-02
2.211448e-01
0
0
6.459785e-02
1.702596e-01
1.061620e-01
2.206424e-02
0
0
0
5.801351e-02
0
0
1.308997e-01
2.383774e-01
1.736619e-01
1.940868e-01
1.589230e-01
3.183650e-01
2.859514e-01
2.121477e-01
3.225060e-04
2.983524e-01
2.722725e-01
1.759894e-01
1.720516e-01
2.884339e-01
0
0
4.755032e-02
0
0
0
0
0
2.716107e-01
7.938978e-03
1.077501e-01
0
8.220919e-02
6.849856e-02
0
0
2.866559e-01
0
0
0
0
9.376685e-02
0
0
0
0
0
0
0
8.608460e-02
0
0
1.730890e-01
6.662671e-03
0
3.873134e-02
0
0
3.111768e-02
0
0
2.732981e-01
0
7.753310e-02
0
0
2.527689e-01
0
0
0
3.112865e-01
9.542073e-02
0
0
0
1.585441e-01
1.296133e-01
2.406625e-01
0
1.919688e-03
1.638198e-01
1.958359e-01
4.198489e-01
2.921189e-01
1
6.107398e-01
5.880781e-01
0
0
0
1.556930e-02
2.637197e-02
0
2.383573e-02
0
1.175041e-01
6.611561e-02
2.072568e-01
3.717010e-02
1.469898e-01
3.332621e-01
3.542597e-01
0
0
1.381273e-01
1.761294e-01
0
0
0
0
0
0
8.006944e-02
1.828696e-01
0
0
0
0
0
0
0
0
5.143146e-01
4.169223e-01
1.582944e-02
0
0
0
4.649251e-01
4.326001e-01
0
4.513740e-02
1.654272e-01
4.310872e-01
1.080248e-01
2.103632e-01
1.901636e-02
1.291332e-01
0
0
0
0
1.327154e-01
0
0
0
6.376753e-02
0
0
0
0
0
0
0
5.936570e-02
0
0
0
0
0
0
0
5.204516e-02
0
0
0
2.977360e-02
0
0
0
0
0
0
1.286208e-01
0
1.650278e-01
0
1.913230e-01
9.694520e-02
1.551136e-01
0
0
6.399457e-02
0
0
0
1.613009e-01
3.108533e-01
1.801258e-01
0
0
1.516256e-01
0
0
0
0
0
2.369664e-03
2.913911e-01
4.194749e-01
6.107398e-01
1.000000e+00
5.849868e-01
4.946171e-01
0
2.810301e-02
0
9.106397e-04
0
5.106471e-02
1.218122e-01
1.720965e-01
1.210340e-01
2.549708e-01
4.793850e-02
1.433330e-03
4.137945e-01
3.739886e-01
1.279949e-01
1.312956e-01
2.314879e-01
1.804287e-01
0
0
0
1.095682e-01
0
0
0
3.900410e-02
4.936978e-02
0
0
0
6.585025e-02
0
6.210769e-02
0
1.970804e-01
1.632552e-01
0
1.826622e-03
5.863050e-02
7.730136e-02
3.829865e-01
3.580098e-01
0
8.429155e-02
1.156830e-01
4.473171e-01
9.910479e-02
1.623122e-01
0
0
0
0
0
1.619564e-03
0
0
1.504527e-01
3.293697e-02
1.269289e-02
0
0
0
0
0
3.970208e-01
0
3.071900e-01
1.093709e-01
0
0
0
0
0
0
2.448276e-02
0
1.084089e-01
0
0
0
1.274013e-01
8.076224e-02
0
1.855140e-01
1.538201e-03
0
0
1.453340e-01
0
2.960164e-01
2.758280e-01
2.980668e-01
5.018428e-02
1.140437e-01
1.179822e-01
1.492245e-01
2.910350e-01
8.446998e-02
2.266924e-01
0
0
0
2.429713e-02
1.839133e-01
1.689968e-01
0
0
0
0
0
6.909532e-01
4.140209e-01
5.880781e-01
5.849868e-01
1.000000e+00
3.630934e-01
0
1.423102e-03
0
0
0
0
0
0
1.415715e-02
4.383969e-02
0
0
2.780388e-01
1.721297e-01
2.190679e-01
0
0
0
0
0
0
3.179551e-02
0
0
0
0
1.902941e-01
1.338491e-01
2.162614e-01
3.351112e-01
4.406021e-01
3.870535e-01
3.048874e-01
1.100838e-01
5.339340e-01
4.101414e-01
3.898582e-01
1.135342e-01
1.075644e-01
5.633621e-03
5.135667e-01
3.120675e-01
0
0
0
3.648680e-01
0
1.141357e-01
0
1.749566e-01
3.529264e-02
0
0
0
0
0
1.552093e-01
0
7.032566e-02
2.618045e-02
0
0
0
0
2.704749e-01
0
2.656913e-01
0
0
2.358974e-02
0
0
0
0
2.936416e-02
5.000243e-02
3.446008e-01
0
1.556288e-01
0
6.941361e-02
0
1.726886e-02
0
1.512269e-01
0
0
0
3.141237e-02
0
1.148236e-01
9.856398e-02
0
3.387283e-02
0
3.703064e-02
3.654268e-01
3.878074e-01
2.911366e-01
3.157047e-01
6.303478e-02
0
0
0
1.145851e-01
0
0
0
5.975629e-02
1.005593e-01
3.654291e-01
0
0
4.946171e-01
3.630934e-01
1.000000e+00
0
0
0
0
0
0
0
0
0
2.119805e-01
7.808821e-02
1.700391e-01
0
0
2.399623e-01
5.479976e-02
5.840413e-02
0
0
0
0
0
2.962392e-01
1.733807e-02
0
0
1.003423e-01
2.440999e-01
0
7.888439e-02
1.771370e-01
3.251680e-01
4.414126e-02
9.473119e-02
0
0
3.989387e-01
2.192839e-01
1.159114e-01
1.583389e-01
2.424392e-02
0
2.854887e-01
0
0
1.710672e-01
0
0
0
0
0
1.217340e-03
2.290988e-01
1.514033e-01
0
4.607547e-01
0
1.620329e-01
6.193748e-02
1.817407e-01
1.052196e-02
0
1.940006e-01
3.606976e-01
6.254835e-01
2.956817e-01
4.016363e-01
3.543801e-01
3.082218e-01
0
0
3.631679e-02
4.280114e-01
1.940028e-01
0
0
0
0
0
3.735685e-02
7.411386e-02
4.019239e-02
1.466708e-01
2.537855e-02
0
0
0
0
0
0
8.527687e-02
0
0
0
0
0
0
0
0
1.627559e-01
0
0
7.809615e-02
0
2.437293e-01
4.553290e-01
4.668642e-01
4.953262e-01
6.707779e-02
3.642902e-01
1.348656e-01
0
0
0
0
0
1.000000e+00
9.410500e-01
9.068091e-01
9.562474e-01
9.200086e-01
9.437973e-01
8.552237e-01
8.328799e-01
0
1.809760e-02
0
0
4.240027e-01
5.052775e-01
0
0
0
0
0
3.280150e-02
0
0
0
0
1.183511e-01
2.213567e-01
0
0
0
0
0
0
0
0
2.672774e-01
5.915895e-02
0
1.177731e-01
0
0
0
0
0
0
0
0
0
0
0
2.539899e-03
3.149146e-02
1.594194e-01
0
0
4.628065e-01
0
3.543334e-01
5.791803e-01
0
0
0
6.346625e-02
0
0
0
0
0
0
0
2.994522e-01
0
4.233885e-02
0
0
0
0
0
0
0
0
2.003643e-02
0
0
0
0
0
0
0
0
0
2.596531e-01
0
0
0
0
0
0
0
0
2.075725e-01
0
0
1.260070e-01
0
1.797983e-01
3.269633e-01
3.491623e-01
3.612590e-01
0
1.829571e-01
2.192080e-01
5.120039e-02
0
2.810301e-02
1.423102e-03
0
9.410500e-01
1
7.993189e-01
9.184357e-01
9.346049e-01
9.205632e-01
8.848391e-01
8.524954e-01
4.372794e-02
4.486378e-02
0
0
5.369459e-01
5.867733e-01
0
0
0
0
0
0
0
0
0
0
1.043636e-01
1.906001e-01
0
0
0
0
7.641355e-02
0
5.395087e-02
0
2.919702e-01
1.351235e-01
8.012663e-03
1.328593e-01
8.784700e-02
0
0
0
0
0
0
0
0
0
0
0
0
1.214692e-01
0
0
3.867651e-01
0
4.372582e-01
6.247743e-01
0
0
0
1.515447e-01
0
0
0
0
0
0
0
3.324756e-01
7.636634e-02
1.110957e-01
0
0
0
0
4.649069e-03
0
0
1.501625e-01
1.319218e-01
5.794552e-02
3.490250e-01
1.752327e-01
0
0
0
0
0
0
0
0
0
0
0
0
0
0
0
3.658476e-01
0
0
0
0
3.074627e-01
5.256544e-01
5.179290e-01
5.668376e-01
3.469539e-01
6.119376e-01
1.963352e-01
4.121041e-02
1.556930e-02
0
0
0
9.068091e-01
7.993189e-01
1.000000e+00
9.273260e-01
7.526640e-01
7.943533e-01
6.725927e-01
7.422061e-01
0
0
0
0
2.460412e-01
3.087723e-01
0
0
0
0
0
1.871318e-01
0
0
6.472395e-02
0
3.045833e-01
4.429587e-01
0
0
0
0
0
0
0
0
6.281237e-02
0
0
1.477954e-01
0
0
0
0
0
1.668031e-02
0
0
0
0
0
1.173247e-01
8.451997e-02
2.420808e-01
1.289790e-02
1.720176e-02
3.458174e-01
0
5.956204e-02
4.432873e-01
0
0
0
1.190200e-02
0
0
3.353400e-03
0
0
0
0
7.713265e-02
0
0
0
0
0
0
0
0
0
0
0
0
7.142052e-02
0
0
0
0
0
0
0
1.046509e-01
0
0
0
0
0
0
0
0
2.681277e-01
0
0
0
0
1.545840e-01
4.562422e-01
3.891009e-01
4.844119e-01
7.701354e-02
3.527904e-01
9.921982e-02
8.440487e-02
2.637197e-02
9.106397e-04
0
0
9.562474e-01
9.184357e-01
9.273260e-01
1
8.580991e-01
8.997197e-01
8.417939e-01
8.997858e-01
0
7.566994e-02
0
0
3.868845e-01
4.736152e-01
0
0
0
2.871682e-02
0
3.144498e-02
0
0
0
0
2.109914e-01
3.863944e-01
0
0
0
0
0
0
0
0
1.393959e-01
1.336641e-02
0
1.786943e-01
0
0
0
0
0
2.015279e-02
0
0
0
0
0
0
0
6.641614e-02
0
0
3.150800e-01
0
2.536575e-01
5.640666e-01
0
0
0
1.509085e-01
0
0
4.391244e-02
0
0
0
0
2.359392e-01
0
0
0
0
0
0
0
0
0
4.982557e-02
3.195342e-02
6.480391e-02
5.177596e-02
0
0
0
0
0
0
0
1.855245e-01
0
0
0
0
0
0
0
0
5.722527e-02
0
0
1.757333e-01
0
8.815149e-02
2.424945e-01
4.279801e-01
3.773045e-01
0
1.081845e-01
1.043588e-01
8.489677e-02
0
0
0
0
9.200086e-01
9.346049e-01
7.526640e-01
8.580991e-01
1
9.271056e-01
9.028496e-01
8.294329e-01
0
0
0
0
4.947155e-01
4.956132e-01
0
0
0
0
0
0
1.182125e-02
0
0
0
2.975154e-02
4.848926e-02
1.047758e-01
7.621812e-02
0
0
6.347583e-02
0
1.611074e-02
5.045302e-02
1.943656e-01
0
0
4.470868e-02
1.325960e-01
1.925946e-02
0
0
0
0
0
0
0
0
0
0
7.224655e-02
1.607624e-01
6.918554e-02
0
5.153232e-01
8.410895e-02
6.117275e-01
6.500668e-01
0
0
1.213054e-01
1.075058e-01
0
0
0
0
0
0
0
4.245629e-01
1.261529e-01
1.607420e-01
0
0
0
0
0
0
0
0
1.564637e-02
0
0
0
0
0
0
0
0
0
9.130499e-02
0
0
0
0
0
0
0
0
1.458742e-01
0
0
1.273394e-02
0
3.252645e-02
2.144319e-01
3.637042e-01
4.101210e-01
0
2.615111e-01
8.868432e-02
5.922631e-02
2.383573e-02
5.106471e-02
0
0
9.437973e-01
9.205632e-01
7.943533e-01
8.997197e-01
9.271056e-01
1
8.952371e-01
8.696023e-01
7.167965e-02
1.789548e-01
0
0
5.646263e-01
6.646096e-01
0
0
0
3.015910e-02
0
0
0
0
0
0
1.220173e-01
2.269652e-01
0
0
0
0
0
0
1.367425e-02
0
2.129236e-01
6.989502e-02
0
2.770937e-02
0
0
0
0
0
0
0
0
0
0
0
0
0
2.103694e-02
2.958375e-02
0
5.778828e-01
0
5.214451e-01
6.829528e-01
0
0
9.986085e-02
1.309886e-01
0
0
0
0
0
0
0
2.902707e-01
8.197541e-02
2.201595e-01
0
0
0
0
0
0
0
0
0
0
0
0
0
0
0
0
0
0
2.124909e-01
0
0
0
2.592722e-02
0
0
0
0
1.069888e-01
0
0
1.579661e-01
0
0
2.210339e-01
3.789274e-01
4.747107e-01
0
0
7.372032e-02
1.471234e-01
0
1.218122e-01
0
0
8.552237e-01
8.848391e-01
6.725927e-01
8.417939e-01
9.028496e-01
8.952371e-01
1
8.864126e-01
1.934362e-01
1.796349e-01
0
0
6.451012e-01
6.079459e-01
0
0
0
1.894488e-03
0
0
9.137657e-02
6.709217e-02
0
0
0
1.094275e-01
1.382429e-01
3.972349e-02
0
0
9.752136e-02
0
1.008890e-01
0
1.752738e-01
1.298766e-01
0
0
5.566604e-02
0
0
0
0
0
0
0
0
0
0
0
0
0
0
0
4.594615e-01
0
5.906452e-01
6.921405e-01
0
0
2.795205e-01
2.725449e-01
0
0
0
0
0
0
0
3.521941e-01
1.975130e-01
1.608619e-01
0
0
0
0
0
0
0
0
0
2.411804e-02
0
0
0
0
0
0
0
0
2.250513e-01
0
0
0
0
0
0
0
0
2.387533e-01
0
0
0
0
0
2.237590e-01
2.969623e-01
3.339708e-01
0
1.015066e-01
1.292183e-01
2.146209e-01
1.175041e-01
1.720965e-01
0
0
8.328799e-01
8.524954e-01
7.422061e-01
8.997858e-01
8.294329e-01
8.696023e-01
8.864126e-01
1
1.047610e-01
2.245048e-01
0
0
4.741799e-01
5.356461e-01
0
0
0
4.109334e-02
0
0
0
2.834064e-03
0
0
1.422979e-01
2.968160e-01
4.437601e-02
4.564062e-02
0
0
4.955782e-02
0
7.003612e-02
0
1.731514e-01
1.011249e-01
0
8.659933e-02
0
0
0
0
0
0
0
0
0
0
0
0
0
0
0
0
3.060156e-01
0
3.899989e-01
6.843629e-01
0
0
1.059492e-01
2.212964e-01
0
0
1.358981e-01
0
0
0
0
2.361864e-01
0
0
0
0
9.340370e-02
0
0
0
1.799949e-01
0
0
0
0
0
0
0
0
0
0
0
0
1.794486e-01
0
0
1.972049e-01
0
0
0
3.125338e-01
8.873371e-02
3.704469e-01
0
0
0
0
0
0
0
0
0
6.448145e-02
2.337922e-01
6.611561e-02
1.210340e-01
1.415715e-02
0
0
4.372794e-02
0
0
0
7.167965e-02
1.934362e-01
1.047610e-01
1
8.284823e-01
7.760186e-01
5.526591e-01
6.146225e-01
6.115899e-01
1.774706e-01
2.624586e-01
7.556957e-01
5.359661e-01
1.278396e-01
0
1.044921e-01
0
0
4.091538e-01
3.530462e-01
3.933165e-01
0
2.187521e-02
0
0
2.362007e-01
1.864576e-01
3.901589e-01
2.671381e-01
2.140133e-02
3.956339e-01
0
0
0
0
0
5.114982e-02
0
2.955685e-01
2.064025e-01
3.067784e-01
6.933815e-01
6.661268e-01
0
0
0
0
0
0
1.774598e-01
0
9.983927e-02
2.149054e-01
2.384469e-01
0
2.067249e-01
2.040463e-01
2.886442e-01
0
0
0
0
1.989742e-01
0
0
4.589294e-01
4.300460e-01
0
0
0
0
0
0
1.263759e-01
0
0
0
0
0
0
0
0
0
0
0
0
2.160287e-01
0
0
0
0
0
0
3.256381e-01
1.397255e-01
2.577532e-01
0
0
0
0
0
0
0
1.087088e-01
1.314283e-01
1.184477e-01
3.291486e-01
2.072568e-01
2.549708e-01
4.383969e-02
2.119805e-01
1.809760e-02
4.486378e-02
0
7.566994e-02
0
1.789548e-01
1.796349e-01
2.245048e-01
8.284823e-01
1
7.146955e-01
6.762868e-01
5.477521e-01
6.657135e-01
3.943818e-02
1.099081e-01
6.264204e-01
6.449497e-01
6.012044e-02
0
0
0
6.566814e-02
3.711735e-01
2.794221e-01
4.524301e-01
0
0
0
0
0
0
9.165227e-02
3.319347e-02
4.034634e-02
4.390778e-01
8.167080e-02
0
0
7.007657e-03
0
4.797052e-02
0
4.299961e-01
2.506543e-01
4.209680e-01
6.125216e-01
6.976336e-01
0
0
0
0
0
0
1.398440e-01
0
0
1.742736e-01
3.346026e-01
0
1.501798e-01
0
2.513383e-01
0
1.265000e-01
0
0
1.965716e-01
0
0
1.402538e-01
2.968000e-01
0
0
2.119574e-01
2.415449e-01
0
0
1.781053e-01
0
0
0
0
0
0
2.480762e-01
0
1.195889e-03
0
7.656660e-02
0
2.736183e-01
0
0
1.957080e-01
8.514892e-02
0
0
2.461610e-01
0
4.968142e-01
0
0
5.210406e-02
0
0
0
0
0
0
0
0
3.717010e-02
4.793850e-02
0
7.808821e-02
0
0
0
0
0
0
0
0
7.760186e-01
7.146955e-01
1
7.168335e-01
2.897505e-01
3.610480e-01
2.783714e-01
5.407824e-01
6.765917e-01
5.812541e-01
1.180847e-01
0
1.914338e-01
0
0
5.560412e-01
0
3.501030e-02
0
0
8.922580e-02
2.949044e-03
1.578411e-01
1.363042e-01
2.531570e-01
1.282479e-01
7.489439e-02
4.899603e-01
2.447081e-02
0
0
4.607835e-02
0
3.223966e-01
1.007787e-01
3.216059e-01
4.221475e-01
5.890935e-01
7.991135e-01
8.741305e-01
0
0
0
0
0
0
0
0
0
0
5.398844e-01
3.337184e-03
2.347092e-01
0
4.417611e-01
4.133702e-02
0
0
9.179092e-02
4.557140e-01
1.489380e-01
0
3.891319e-01
5.199101e-01
2.683675e-01
0
0
0
2.131552e-01
1.024364e-01
3.519245e-01
0
0
0
0
0
0
0
0
0
0
0
0
2.017739e-01
0
0
0
0
5.578776e-02
0
4.198678e-01
4.801565e-02
1.497541e-01
0
0
0
0
0
0
0
4.451482e-01
3.381432e-01
9.444209e-02
5.662562e-02
1.469898e-01
1.433330e-03
0
1.700391e-01
0
0
0
0
0
0
0
0
5.526591e-01
6.762868e-01
7.168335e-01
1
1.579114e-02
1.799018e-01
0
1.532835e-01
3.941882e-01
5.266258e-01
2.509527e-01
9.326169e-02
0
0
5.350612e-01
6.586395e-01
2.400663e-01
3.324634e-01
0
0
0
0
0
0
0
1.280907e-02
8.335893e-02
3.516931e-01
1.455529e-02
0
0
0
0
5.091222e-03
4.026909e-01
2.703373e-01
4.139973e-01
3.708357e-01
7.375738e-01
7.499112e-01
1.391028e-01
7.579701e-02
0
0
0
0
0
0
0
0
3.937694e-01
2.394608e-01
0
0
3.330127e-01
1.610112e-01
0
8.763730e-02
3.801005e-02
1.026428e-01
0
0
8.494334e-02
1.206382e-01
5.811668e-02
2.817402e-02
0
0
0
0
0
0
0
0
0
0
0
0
0
0
0
0
1.702367e-02
6.807691e-02
0
0
1.324780e-01
0
0
0
0
3.890419e-02
4.744065e-04
0
0
1.818722e-02
0
0
0
1.217647e-01
0
7.686886e-03
3.006403e-01
4.678613e-01
3.332621e-01
4.137945e-01
2.780388e-01
0
4.240027e-01
5.369459e-01
2.460412e-01
3.868845e-01
4.947155e-01
5.646263e-01
6.451012e-01
4.741799e-01
6.146225e-01
5.477521e-01
2.897505e-01
1.579114e-02
1
8.851641e-01
0
0
3.702030e-01
2.833751e-01
0
0
7.271304e-02
0
0
0
1.365426e-01
2.073906e-01
0
0
0
0
1.168334e-01
0
1.559801e-01
0
2.995228e-01
3.780943e-01
3.590550e-03
0
0
8.477348e-02
0
2.069720e-01
0
2.598211e-01
0
3.433404e-01
1.995110e-01
3.383813e-01
0
0
0
0
0
0
5.500768e-01
0
5.300479e-01
3.409774e-01
0
0
1.393036e-01
2.041612e-01
0
0
0
0
5.727103e-02
7.587099e-02
0
4.977589e-02
3.514896e-01
2.870133e-01
0
0
0
0
0
0
0
0
0
0
0
0
0
0
0
0
0
0
0
8.367145e-02
0
0
5.611768e-02
0
0
0
0
9.325583e-02
6.682113e-02
0
0
0
0
0
0
7.849820e-02
0
1.406876e-01
1.530414e-01
3.304510e-01
3.542597e-01
3.739886e-01
1.721297e-01
0
5.052775e-01
5.867733e-01
3.087723e-01
4.736152e-01
4.956132e-01
6.646096e-01
6.079459e-01
5.356461e-01
6.115899e-01
6.657135e-01
3.610480e-01
1.799018e-01
8.851641e-01
1
0
0
4.398193e-01
4.662358e-01
0
0
0
0
0
0
1.312940e-01
3.076654e-01
0
0
0
0
2.560682e-02
0
1.766138e-01
0
3.968761e-01
5.175373e-01
0
0
0
7.243044e-02
0
9.561828e-02
0
3.458631e-01
6.414831e-02
3.329845e-01
2.602616e-01
4.298494e-01
0
0
0
0
0
0
4.637504e-01
0
4.334947e-01
3.501532e-01
3.229385e-02
0
5.877540e-02
3.394948e-02
0
0
0
0
0
0
0
0
2.339472e-01
3.737945e-01
0
0
7.113978e-01
6.479318e-01
0
0
0
0
0
0
0
0
7.920089e-02
3.919720e-01
0
3.529516e-01
5.787139e-02
1.770258e-01
6.464380e-01
5.263277e-01
5.706969e-01
5.840249e-01
1.582831e-01
4.068681e-01
1.527923e-01
1.663167e-01
0
0
4.326707e-01
1.266652e-01
4.146680e-01
3.645346e-01
0
0
0
0
0
0
0
1.048129e-01
0
1.279949e-01
2.190679e-01
2.399623e-01
0
0
0
0
0
0
0
0
1.774706e-01
3.943818e-02
2.783714e-01
0
0
0
1
6.619206e-01
3.681827e-01
0
0
0
4.605084e-01
2.926738e-01
0
0
0
0
7.762335e-01
6.980608e-01
4.219124e-01
5.615274e-01
6.111253e-01
7.168534e-01
4.916939e-01
4.772999e-01
0
1.792143e-01
4.507737e-01
1.557434e-01
5.302201e-01
3.849361e-01
1.854986e-01
2.047538e-01
0
0
0
5.214552e-02
4.748908e-02
1.373411e-01
0
0
0
0
0
0
0
3.720373e-01
3.406491e-01
1.452481e-01
4.548553e-01
0
5.310551e-01
1.598675e-01
3.887742e-02
1.168363e-01
3.562535e-01
0
0
2.807212e-01
4.037634e-01
3.553023e-01
2.913735e-01
2.899762e-01
3.576929e-01
1.900048e-02
6.760922e-01
7.633684e-01
0
0
0
0
0
0
0
0
3.629396e-02
6.751330e-01
3.364766e-03
4.969943e-01
1.906859e-01
3.137181e-01
7.600114e-02
3.798599e-01
5.361702e-01
4.474177e-01
1.634704e-01
2.076077e-01
0
0
0
0
6.306253e-01
4.301380e-01
1.470684e-01
3.500124e-01
0
0
0
0
0
0
0
1.100466e-01
0
1.312956e-01
0
5.479976e-02
0
0
0
0
0
0
0
0
2.624586e-01
1.099081e-01
5.407824e-01
1.532835e-01
0
0
6.619206e-01
1
5.066378e-01
3.603767e-01
1.403361e-01
0
6.554328e-01
4.279699e-01
0
2.615928e-01
0
0
4.697806e-01
2.552417e-01
1.342077e-01
1.355601e-01
1.435580e-01
3.910843e-01
2.388153e-01
2.504266e-01
0
6.810169e-02
0
0
3.188668e-01
3.856673e-01
9.693203e-02
2.984711e-01
1.705430e-01
6.468964e-02
4.076926e-01
2.917682e-01
4.660779e-01
4.755046e-01
9.732151e-02
0
0
0
1.947878e-02
8.712183e-02
0
1.909343e-01
1.787184e-01
0
6.268491e-01
0
5.452173e-01
9.281867e-02
4.408837e-01
3.192576e-01
9.034775e-02
0
8.942924e-02
5.089124e-01
5.620994e-01
0
2.448064e-01
2.241305e-01
4.132207e-01
3.941666e-01
4.173617e-01
2.177707e-02
0
0
1.462740e-02
0
0
0
0
0
0
1.191492e-01
0
0
0
0
0
3.542682e-01
0
0
2.852710e-01
0
0
0
1.434109e-01
0
3.797776e-01
0
0
0
0
0
0
0
0
0
0
1.585313e-01
1.381273e-01
2.314879e-01
0
5.840413e-02
0
0
0
0
0
0
0
0
7.556957e-01
6.264204e-01
6.765917e-01
3.941882e-01
3.702030e-01
4.398193e-01
3.681827e-01
5.066378e-01
1
7.126596e-01
4.756082e-01
0
2.062782e-01
0
0
2.895048e-01
3.304046e-01
4.036684e-01
4.967670e-02
1.520396e-02
7.460636e-02
0
1.922205e-01
2.389149e-01
3.865916e-01
2.364288e-01
0
1.757326e-01
8.496118e-02
0
0
0
0
3.291474e-02
4.085562e-03
1.755362e-01
3.200928e-01
2.156570e-01
6.980650e-01
5.888811e-01
4.165825e-02
0
0
0
0
0
6.819429e-03
2.573978e-02
2.006446e-01
1.840287e-01
4.931716e-01
0
3.799781e-01
4.049246e-01
3.610977e-01
0
1.734027e-01
0
3.472923e-02
2.310791e-01
5.522416e-02
0
4.177552e-01
4.648868e-01
1.531104e-01
0
0
0
0
0
8.345462e-02
0
0
0
0
0
0
2.345764e-01
0
0
0
0
0
1.522478e-01
0
0
0
0
0
0
0
0
2.574445e-01
0
0
0
0
0
0
0
7.579510e-02
7.471179e-02
0
2.249820e-01
1.761294e-01
1.804287e-01
0
0
0
0
0
2.871682e-02
0
3.015910e-02
1.894488e-03
4.109334e-02
5.359661e-01
6.449497e-01
5.812541e-01
5.266258e-01
2.833751e-01
4.662358e-01
0
3.603767e-01
7.126596e-01
1
5.302758e-01
0
1.458476e-01
0
0
2.545695e-01
2.205994e-01
5.190986e-01
0
0
0
0
0
0
0
0
0
2.219383e-01
0
0
0
3.038329e-02
0
4.040464e-02
7.342802e-02
4.123960e-01
6.673246e-01
2.608483e-01
6.663400e-01
6.485815e-01
0
0
0
0
0
0
0
0
1.051075e-02
0
3.762996e-01
0
1.769543e-01
1.928576e-02
3.099047e-01
0
8.668614e-02
0
4.957663e-02
7.686433e-02
0
0
1.959656e-02
1.611796e-01
0
0
2.488609e-01
0
1.364055e-01
2.131700e-01
7.996796e-02
0
2.740872e-01
0
4.060933e-02
0
0
0
3.691084e-01
0
0
0
0
0
0
0
0
0
0
0
0
0
0
0
0
0
0
1.400491e-01
0
2.636420e-01
2.758328e-01
1.231705e-01
0
0
0
0
0
0
0
0
0
0
0
0
0
0
1.278396e-01
6.012044e-02
1.180847e-01
2.509527e-01
0
0
0
1.403361e-01
4.756082e-01
5.302758e-01
1.000000e+00
0
6.950989e-04
0
2.372048e-01
2.608742e-01
4.932235e-01
4.991435e-01
0
0
0
0
0
0
0
1.422864e-01
0
0
0
0
0
0
0
0
1.034965e-01
0
2.131572e-01
0
3.021036e-01
2.893468e-02
3.270402e-01
2.618210e-01
0
4.118116e-02
1.378124e-01
7.231698e-02
8.997231e-02
0
1.467975e-02
1.465399e-01
2.440533e-01
0
1.225766e-01
2.744213e-01
4.236967e-01
7.326760e-02
1.446921e-03
1.282219e-01
0
0
0
0
2.459868e-01
2.693323e-01
6.118535e-02
2.289521e-01
0
2.297385e-02
7.048205e-02
4.597501e-01
1.979834e-01
6.042108e-01
1.356057e-01
7.475494e-01
4.278218e-01
6.037775e-01
0
1.994095e-02
2.321838e-01
2.968490e-01
3.331630e-01
2.581896e-01
0
0
7.925275e-02
3.170366e-02
0
0
2.081840e-01
2.845295e-01
7.696841e-02
1.011040e-01
4.362791e-02
3.461892e-01
0
0
9.740856e-02
1.955414e-01
6.120702e-02
3.769588e-02
2.237077e-01
3.379373e-01
0
0
0
0
0
0
3.280150e-02
0
1.871318e-01
3.144498e-02
0
0
0
0
0
0
0
9.326169e-02
0
0
0
0
0
0
0
1
0
1.230432e-01
3.063526e-01
2.961747e-01
0
0
0
0
1.479972e-02
1.287241e-01
0
0
0
3.692687e-02
6.084255e-02
0
0
0
0
0
0
0
0
1.884856e-01
1.476483e-01
0
0
0
1.406825e-01
5.625922e-02
3.003041e-01
0
0
3.395447e-01
0
0
0
0
0
0
0
0
0
0
0
0
4.836438e-02
0
0
0
0
0
0
7.100705e-03
3.988040e-01
5.241647e-01
0
0
0
0
0
0
0
0
1.847345e-01
7.270411e-01
0
4.372399e-01
1.282421e-01
2.607009e-01
3.027230e-01
4.205608e-01
4.294578e-01
3.354393e-01
2.031344e-01
1.335282e-01
0
0
0
0
3.857625e-01
4.793284e-01
4.624267e-01
5.728531e-01
0
0
0
0
0
0
0
8.453355e-02
0
0
0
0
0
0
0
0
1.182125e-02
0
9.137657e-02
0
1.044921e-01
0
1.914338e-01
0
7.271304e-02
0
4.605084e-01
6.554328e-01
2.062782e-01
1.458476e-01
6.950989e-04
0
1
5.726005e-01
0
0
0
0
5.355083e-01
1.855764e-01
5.277669e-02
0
0
1.022391e-01
0
3.081457e-03
0
3.641361e-02
0
1.625274e-01
6.112097e-01
4.332263e-01
8.940224e-02
3.160636e-01
2.993851e-02
1.521632e-02
3.474673e-01
3.001166e-02
1.747204e-01
1.828076e-01
0
0
0
0
0
9.106105e-02
0
1.491471e-01
2.867715e-01
0
2.091187e-01
0
4.786576e-01
3.092800e-01
2.176387e-01
1.660536e-01
0
0
0
2.252538e-01
4.960249e-01
3.859085e-01
2.547729e-01
1.600522e-01
1.196284e-01
3.236434e-01
2.826327e-01
4.225260e-01
0
0
6.248347e-02
1.860052e-01
0
4.186418e-01
0
0
2.433691e-02
7.346057e-01
6.383198e-02
7.424112e-01
1.062549e-01
4.392984e-01
1.246740e-01
8.487260e-02
5.158761e-01
5.128261e-01
3.678674e-01
3.157280e-01
0
1.558425e-01
0
6.426738e-02
5.036157e-01
6.889242e-01
2.395009e-01
4.658126e-01
0
0
9.883657e-03
0
0
0
0
2.211448e-01
0
1.095682e-01
3.179551e-02
0
0
0
0
0
0
0
6.709217e-02
2.834064e-03
0
0
0
0
0
0
2.926738e-01
4.279699e-01
0
0
0
1.230432e-01
5.726005e-01
1.000000e+00
0
0
0
0
5.071380e-01
1.722588e-01
0
7.599841e-02
1.480358e-01
2.738799e-01
1.372640e-01
1.172044e-01
0
3.660574e-02
0
0
3.018545e-01
1.620877e-01
2.037654e-01
3.529086e-01
0
1.885421e-02
2.473052e-01
9.425423e-02
0
0
0
0
1.504189e-02
0
0
1.773666e-01
0
0
3.471493e-02
0
0
0
2.222596e-01
1.824799e-01
0
0
0
0
0
1.190727e-02
1.483877e-01
1.210471e-02
0
0
0
1.341111e-01
0
0
6.822168e-01
5.698279e-01
5.209456e-01
2.392690e-01
4.384280e-01
0
5.403107e-01
4.135993e-01
1.527175e-01
0
7.847947e-02
0
7.875472e-02
0
0
0
0
0
0
0
5.066323e-01
3.881855e-01
5.020400e-01
2.751244e-01
0
0
0
0
3.437972e-01
0
5.330251e-02
0
8.010103e-01
6.215822e-01
2.681451e-01
0
0
0
0
2.962392e-01
0
0
6.472395e-02
0
0
0
0
0
0
6.566814e-02
0
5.350612e-01
0
0
0
0
0
0
2.372048e-01
3.063526e-01
0
0
1
5.714597e-01
5.130686e-01
3.849684e-01
0
0
0
0
0
3.804372e-02
0
1.206067e-01
0
0
5.249842e-02
1.892300e-02
0
0
0
0
5.989696e-01
1.460067e-01
0
0
2.201442e-01
3.777951e-02
1.321016e-01
4.821935e-01
3.100711e-01
5.155022e-01
1.864670e-01
2.167677e-01
0
7.553771e-02
0
0
0
5.406340e-01
0
0
2.564104e-01
4.765090e-01
1.355027e-01
4.632331e-01
7.355769e-02
0
0
0
0
0
1.886697e-01
2.455167e-01
0
0
1.047558e-01
2.695034e-01
5.653519e-01
3.445521e-02
3.742769e-02
0
0
0
0
0
0
0
0
0
0
0
0
0
0
1.306839e-01
1.482523e-01
6.166155e-02
5.056867e-01
1.458330e-01
4.324674e-01
1.047499e-01
0
0
0
0
0
0
3.201231e-01
1.423759e-01
0
0
0
0
0
1.733807e-02
0
0
0
0
0
0
0
0
4.091538e-01
3.711735e-01
5.560412e-01
6.586395e-01
0
0
0
2.615928e-01
2.895048e-01
2.545695e-01
2.608742e-01
2.961747e-01
0
0
5.714597e-01
1.000000e+00
3.008089e-01
2.434737e-01
0
1.097631e-02
1.857482e-01
0
8.467609e-02
1.639172e-01
1.884265e-01
2.882556e-01
0
2.272771e-02
0
0
0
0
0
0
3.353505e-01
4.584922e-01
3.006978e-01
2.379443e-01
6.692523e-01
5.006150e-01
2.084780e-01
1.226069e-01
5.494120e-02
0
0
0
0
2.320632e-02
0
0
1.886740e-01
2.253547e-01
0
0
5.829406e-01
3.111528e-01
0
2.583002e-01
0
3.139638e-01
9.101349e-02
0
3.909974e-03
1.837513e-01
2.902242e-01
1.071294e-01
0
0
2.113739e-01
2.313599e-01
3.131812e-01
0
3.636632e-01
0
1.293418e-01
0
0
0
0
0
0
0
0
0
0
0
0
0
0
0
3.558627e-01
2.591976e-01
0
0
0
0
2.804993e-02
2.813810e-02
1.376247e-01
2.315988e-01
5.840347e-01
4.428785e-01
1.990133e-01
6.459785e-02
8.006944e-02
0
0
0
1.183511e-01
1.043636e-01
3.045833e-01
2.109914e-01
2.975154e-02
1.220173e-01
0
1.422979e-01
3.530462e-01
2.794221e-01
0
2.400663e-01
1.365426e-01
1.312940e-01
0
0
3.304046e-01
2.205994e-01
4.932235e-01
0
0
0
5.130686e-01
3.008089e-01
1
8.611639e-01
0
0
0
0
0
0
0
0
0
0
6.112179e-02
6.804292e-02
0
0
0
0
2.140843e-01
1.560241e-01
0
0
3.443881e-01
2.101227e-02
7.479338e-02
4.482682e-01
0
4.095018e-01
1.101009e-01
0
3.525737e-01
5.077183e-02
0
2.580205e-01
0
3.247921e-01
0
3.525451e-01
2.045924e-01
1.297013e-01
2.584134e-02
3.958393e-01
0
0
0
0
5.638437e-02
6.899031e-02
9.528325e-03
0
0
0
0
1.375277e-01
3.677896e-01
0
5.908994e-02
0
0
0
0
0
0
0
0
0
0
0
0
0
0
0
0
0
3.177036e-01
4.269055e-01
0
0
0
0
0
9.218954e-02
3.490669e-02
3.155690e-01
5.622649e-01
5.494709e-01
4.923017e-02
1.702596e-01
1.828696e-01
3.900410e-02
0
0
2.213567e-01
1.906001e-01
4.429587e-01
3.863944e-01
4.848926e-02
2.269652e-01
1.094275e-01
2.968160e-01
3.933165e-01
4.524301e-01
3.501030e-02
3.324634e-01
2.073906e-01
3.076654e-01
0
0
4.036684e-01
5.190986e-01
4.991435e-01
0
0
0
3.849684e-01
2.434737e-01
8.611639e-01
1.000000e+00
0
0
0
0
0
0
0
0
0
0
0
9.766964e-02
0
0
0
0
1.680281e-01
3.352093e-01
2.485321e-01
0
4.360902e-01
1.574129e-01
0
1.470874e-01
0
3.269026e-02
0
0
1.646885e-01
0
0
1.839544e-01
0
1.137513e-01
0
2.400364e-01
1.467505e-01
0
1.854386e-01
2.287586e-01
0
0
0
0
0
0
0
0
6.252419e-01
6.163288e-01
0
0
0
2.228351e-02
0
7.486470e-02
0
0
2.681649e-01
3.869959e-01
8.336077e-02
4.381037e-01
7.565782e-02
2.103948e-01
6.763109e-01
3.640709e-01
6.874751e-01
7.401853e-01
2.829116e-01
5.153880e-01
6.997506e-02
3.199057e-01
0
0
2.620310e-01
2.422214e-01
5.969925e-01
4.138081e-01
0
0
0
0
0
0
0
1.061620e-01
0
4.936978e-02
1.902941e-01
1.003423e-01
0
0
0
0
1.047758e-01
0
1.382429e-01
4.437601e-02
0
0
0
0
0
0
7.762335e-01
4.697806e-01
4.967670e-02
0
0
0
5.355083e-01
5.071380e-01
0
0
0
0
1.000000e+00
8.018825e-01
2.660325e-01
4.621053e-01
4.094129e-01
5.745028e-01
3.481136e-01
3.289309e-01
0
0
3.204558e-01
2.560238e-01
7.011116e-01
3.467915e-01
2.270714e-01
1.526776e-01
0
0
0
0
0
0
4.587819e-02
0
1.320921e-01
0
1.280984e-01
0
0
3.506594e-01
4.671909e-01
2.683425e-01
2.558912e-01
0
6.268325e-01
3.608652e-01
0
7.939808e-02
2.064246e-01
0
5.657906e-02
2.419375e-01
4.874755e-01
6.076984e-01
2.436373e-01
9.544252e-02
2.318115e-01
5.901938e-02
4.672678e-01
3.783747e-01
0
0
0
1.168876e-01
0
0
0
0
1.448584e-01
0
0
8.375223e-02
0
0
5.637707e-01
2.327392e-01
5.394335e-01
6.369561e-01
9.621585e-02
5.754169e-01
2.905116e-01
4.736309e-01
0
0
1.898343e-01
1.749069e-02
3.720928e-01
0
0
0
1.091587e-02
0
0
0
6.022500e-02
2.206424e-02
0
0
1.338491e-01
2.440999e-01
0
0
0
0
7.621812e-02
0
3.972349e-02
4.564062e-02
2.187521e-02
0
0
0
0
0
6.980608e-01
2.552417e-01
1.520396e-02
0
0
0
1.855764e-01
1.722588e-01
0
1.097631e-02
0
0
8.018825e-01
1
4.597236e-01
5.437979e-01
5.272043e-01
6.708268e-01
5.129266e-01
5.588453e-01
0
0
4.472583e-01
1.678759e-01
3.774057e-01
2.239939e-01
0
0
0
0
0
0
0
0
2.432950e-01
1.727843e-01
3.630355e-01
1.040755e-01
1.276187e-01
0
0
4.087179e-01
2.899303e-01
4.273428e-01
2.326689e-01
1.293007e-01
4.801834e-01
3.406271e-01
1.218854e-01
1.958392e-01
2.313386e-01
0
0
2.292121e-01
3.999507e-01
4.325788e-01
2.917662e-01
2.378680e-01
3.058635e-01
0
3.151580e-01
2.104954e-01
1.369447e-01
0
0
0
1.683160e-01
1.617186e-02
0
0
1.301391e-01
1.224747e-01
1.497659e-01
0
1.295669e-01
1.419680e-01
5.369315e-01
3.372476e-01
4.002291e-01
3.348235e-01
2.136690e-01
4.932349e-01
1.718366e-01
0
0
0
2.193032e-02
0
4.898953e-01
2.563106e-01
0
0
0
0
0
0
1.906437e-01
0
0
0
2.162614e-01
0
0
0
0
0
0
0
0
0
0
0
8.922580e-02
0
0
0
4.219124e-01
1.342077e-01
7.460636e-02
0
0
1.479972e-02
5.277669e-02
0
0
1.857482e-01
0
0
2.660325e-01
4.597236e-01
1.000000e+00
7.539509e-01
6.220288e-01
4.359942e-01
6.956558e-01
3.679288e-01
3.219665e-01
2.749164e-01
4.092057e-01
0
9.131363e-02
0
1.400257e-01
1.001380e-01
7.586743e-02
0
0
0
0
4.614493e-03
3.060671e-01
3.434248e-01
1.778487e-01
1.294399e-01
0
0
0
0
7.052239e-03
6.157856e-02
3.005410e-01
3.139359e-01
1.643335e-01
3.157927e-01
0
4.543617e-02
4.512968e-02
0
0
0
1.294689e-02
2.147142e-01
3.305964e-01
2.630830e-01
0
0
3.497479e-01
4.565035e-01
1.551711e-01
0
0
1.369426e-01
1.013538e-01
3.274406e-01
0
8.421747e-02
3.840124e-02
1.438507e-01
2.342249e-01
2.544622e-01
3.312488e-01
3.250971e-01
6.264463e-01
2.539278e-01
5.713530e-01
5.259966e-01
2.280424e-01
6.573996e-01
3.739404e-01
1.764514e-01
0
0
1.000632e-01
0
5.997050e-01
2.815500e-01
1.511724e-01
0
0
0
0
0
5.854576e-02
0
0
0
3.351112e-01
7.888439e-02
0
0
0
0
0
0
0
0
0
0
2.949044e-03
0
0
0
5.615274e-01
1.355601e-01
0
0
0
1.287241e-01
0
7.599841e-02
0
0
0
0
4.621053e-01
5.437979e-01
7.539509e-01
1
5.954792e-01
4.775684e-01
6.053773e-01
4.186003e-01
4.357646e-01
3.954658e-01
3.570545e-01
3.659094e-02
2.548084e-01
0
3.049421e-01
1.220143e-01
0
0
0
0
0
0
3.221403e-01
1.066978e-01
2.357435e-01
0
0
0
0
0
1.008930e-01
1.266711e-01
4.048327e-01
0
2.970397e-01
0
0
0
9.360465e-02
0
0
0
0
3.158284e-01
1.255655e-01
2.143524e-01
0
0
4.910883e-01
2.827944e-01
7.822055e-03
0
0
0
2.060748e-01
0
0
0
0
2.373179e-03
0
1.303887e-01
0
1.170603e-01
4.200353e-01
4.060094e-02
3.784112e-01
5.140743e-01
3.473528e-01
5.240661e-01
2.866651e-01
1.636203e-01
1.568861e-01
0
2.411229e-01
0
2.886376e-01
1.304010e-01
0
0
0
0
0
0
3.154034e-01
0
0
6.585025e-02
4.406021e-01
1.771370e-01
0
7.641355e-02
0
0
6.347583e-02
0
9.752136e-02
4.955782e-02
2.362007e-01
0
1.578411e-01
0
1.168334e-01
2.560682e-02
6.111253e-01
1.435580e-01
1.922205e-01
0
0
0
0
1.480358e-01
0
8.467609e-02
0
0
4.094129e-01
5.272043e-01
6.220288e-01
5.954792e-01
1
7.709246e-01
7.874310e-01
6.587874e-01
1.828213e-01
2.259758e-01
2.532554e-01
0
0
0
0
7.442205e-02
0
0
0
5.938875e-02
0
0
0
6.913730e-02
0
2.533160e-02
0
0
0
1.621627e-01
2.910041e-01
2.391593e-01
3.006692e-02
1.045329e-01
2.063124e-01
1.548860e-01
0
0
1.580837e-02
0
1.240007e-01
5.396342e-02
0
5.593227e-02
3.835953e-01
3.393434e-01
1.194338e-01
0
6.040672e-01
4.191945e-01
9.113063e-02
0
2.350972e-02
0
1.078513e-01
0
0
0
1.336782e-01
4.630252e-02
7.037556e-02
1.430980e-01
7.277396e-03
0
2.985190e-01
2.213613e-01
5.378428e-01
5.619803e-01
1.570780e-01
5.178117e-01
4.309688e-01
4.352326e-01
2.184564e-01
0
2.670828e-01
4.574418e-02
1.636235e-01
1.741489e-02
0
0
0
0
0
0
1.670226e-01
5.801351e-02
0
0
3.870535e-01
3.251680e-01
0
0
0
0
0
0
0
0
1.864576e-01
0
1.363042e-01
0
0
0
7.168534e-01
3.910843e-01
2.389149e-01
0
0
0
1.022391e-01
2.738799e-01
3.804372e-02
1.639172e-01
0
0
5.745028e-01
6.708268e-01
4.359942e-01
4.775684e-01
7.709246e-01
1
6.050107e-01
8.177882e-01
0
0
3.227374e-01
0
1.049241e-01
1.555404e-02
0
0
1.864362e-02
0
0
0
0
0
6.644093e-02
1.293483e-01
6.031873e-02
2.854355e-02
0
0
0
3.471555e-01
1.785152e-01
1.628243e-01
2.268848e-01
2.398894e-01
3.502928e-01
9.696009e-02
5.908602e-02
2.459442e-01
2.854586e-01
0
1.669302e-01
1.205825e-01
1.341539e-01
6.547147e-02
2.966180e-01
1.482143e-01
3.364823e-01
4.093171e-02
4.647136e-01
2.378194e-01
0
0
0
0
2.683398e-01
0
0
0
0
1.320354e-02
0
1.282480e-02
0
0
3.238985e-01
6.022426e-02
2.814260e-01
3.590209e-01
4.564538e-01
5.703313e-01
8.601054e-02
2.963699e-03
1.444836e-01
0
3.310637e-01
0
2.130093e-01
0
0
0
0
0
0
0
1.324706e-01
0
0
6.210769e-02
3.048874e-01
4.414126e-02
0
5.395087e-02
0
0
1.611074e-02
1.367425e-02
1.008890e-01
7.003612e-02
3.901589e-01
9.165227e-02
2.531570e-01
0
1.559801e-01
1.766138e-01
4.916939e-01
2.388153e-01
3.865916e-01
0
0
0
0
1.372640e-01
0
1.884265e-01
0
0
3.481136e-01
5.129266e-01
6.956558e-01
6.053773e-01
7.874310e-01
6.050107e-01
1
6.662849e-01
2.865335e-01
2.901363e-01
6.157108e-02
0
0
0
0
0
0
0
0
0
3.880082e-02
4.111439e-02
2.511572e-01
3.212419e-01
0
0
0
0
0
0
2.688383e-01
3.665384e-01
2.391840e-01
0
2.959737e-01
3.465715e-01
4.159226e-02
0
0
0
1.081140e-01
0
0
9.635698e-03
4.859247e-01
4.025341e-01
0
0
4.479272e-01
2.859844e-01
9.448120e-02
0
5.649185e-03
0
2.628855e-01
3.484251e-02
0
0
0
0
7.168015e-02
0
0
0
1.864404e-02
0
3.814964e-01
3.768368e-01
4.433155e-03
3.950218e-01
4.068303e-01
3.519119e-01
1.620540e-01
0
1.613286e-01
0
4.956343e-02
0
0
0
0
0
0
0
2.109427e-03
0
0
0
1.100838e-01
9.473119e-02
0
0
0
0
5.045302e-02
0
0
0
2.671381e-01
3.319347e-02
1.282479e-01
1.280907e-02
0
0
4.772999e-01
2.504266e-01
2.364288e-01
0
1.422864e-01
3.692687e-02
3.081457e-03
1.172044e-01
1.206067e-01
2.882556e-01
0
0
3.289309e-01
5.588453e-01
3.679288e-01
4.186003e-01
6.587874e-01
8.177882e-01
6.662849e-01
1
0
0
3.205952e-02
0
0
0
0
0
0
0
0
0
0
0
3.221747e-01
2.889971e-01
2.259334e-01
9.598282e-02
0
0
0
2.464330e-01
2.994269e-01
3.620756e-01
2.098776e-01
4.256089e-02
3.819002e-01
4.965563e-02
2.038296e-01
3.643347e-02
4.345814e-02
0
3.772512e-02
0
0
5.125414e-03
4.228477e-01
3.469117e-01
1.141881e-01
0
0
0
9.437484e-02
0
0
0
1.426045e-01
1.800177e-01
0
1.707778e-01
0
6.934615e-02
1.483129e-02
1.088614e-01
8.872475e-02
4.284291e-01
2.833756e-01
1.789101e-01
0
0
5.488063e-02
0
1.319810e-01
0
0
0
0
0
2.359917e-01
2.038030e-01
3.238199e-01
1.845170e-01
0
0
0
0
3.572885e-01
1.308997e-01
5.143146e-01
1.970804e-01
5.339340e-01
0
2.672774e-01
2.919702e-01
6.281237e-02
1.393959e-01
1.943656e-01
2.129236e-01
1.752738e-01
1.731514e-01
2.140133e-02
4.034634e-02
7.489439e-02
8.335893e-02
2.995228e-01
3.968761e-01
0
0
0
0
0
6.084255e-02
0
0
0
0
0
0
0
0
3.219665e-01
4.357646e-01
1.828213e-01
0
2.865335e-01
0
1.000000e+00
7.295315e-01
1.358063e-01
3.098384e-02
1.126792e-02
0
4.781258e-01
2.501116e-01
0
0
3.220031e-02
1.825513e-01
0
1.452212e-01
1.749902e-01
1.310583e-01
2.701351e-02
0
0
0
0
0
1.669086e-01
0
1.186280e-01
0
0
0
0
0
0
0
2.274075e-01
0
0
1.440123e-01
1.430650e-01
3.381415e-02
0
0
0
1.933198e-02
0
0
0
0
0
4.027776e-02
0
0
0
3.252312e-01
0
2.352895e-01
0
4.603224e-01
2.296981e-01
4.006848e-01
0
0
1.747789e-01
1.018792e-01
0
0
8.407596e-02
0
1.883205e-01
0
6.868374e-02
3.277319e-01
0
0
0
0
0
0
1.642373e-01
2.383774e-01
4.169223e-01
1.632552e-01
4.101414e-01
0
5.915895e-02
1.351235e-01
0
1.336641e-02
0
6.989502e-02
1.298766e-01
1.011249e-01
3.956339e-01
4.390778e-01
4.899603e-01
3.516931e-01
3.780943e-01
5.175373e-01
1.792143e-01
6.810169e-02
1.757326e-01
2.219383e-01
0
0
3.641361e-02
3.660574e-02
0
2.272771e-02
0
0
0
0
2.749164e-01
3.954658e-01
2.259758e-01
0
2.901363e-01
0
7.295315e-01
1
1.176043e-01
0
7.765936e-03
0
3.519615e-01
5.414759e-01
0
2.336976e-01
3.349274e-01
5.429799e-01
2.411751e-01
5.812608e-01
2.173159e-02
0
0
0
0
0
0
0
0
0
3.184612e-01
0
0
0
0
0
0
0
0
0
0
0
5.860865e-02
1.058069e-01
0
0
9.484433e-02
0
3.274771e-01
0
0
0
0
0
0
0
3.336356e-01
0
0
0
5.276475e-02
0
6.658708e-01
6.955209e-01
3.642295e-02
0
0
6.576543e-02
2.568252e-01
1.834011e-03
0
0
0
0
2.910507e-01
2.127260e-01
1.634484e-01
0
0
0
0
0
4.904740e-01
1.736619e-01
1.582944e-02
0
3.898582e-01
3.989387e-01
0
8.012663e-03
0
0
0
0
0
0
0
8.167080e-02
2.447081e-02
1.455529e-02
3.590550e-03
0
4.507737e-01
0
8.496118e-02
0
0
0
0
0
5.249842e-02
0
6.112179e-02
0
3.204558e-01
4.472583e-01
4.092057e-01
3.570545e-01
2.532554e-01
3.227374e-01
6.157108e-02
3.205952e-02
1.358063e-01
1.176043e-01
1
7.042213e-01
4.959689e-01
2.746104e-01
3.090634e-01
7.367032e-02
3.233086e-01
0
0
0
0
6.037688e-02
0
9.479781e-02
5.900121e-02
3.293651e-01
0
0
0
1.998779e-01
9.656626e-02
2.333678e-01
2.488503e-01
4.508518e-01
9.005716e-02
1.093185e-01
0
3.581705e-01
5.088081e-01
3.159970e-01
0
7.842621e-02
2.546527e-01
4.976079e-01
1.929029e-01
2.122011e-01
3.026637e-01
0
0
0
1.880708e-01
0
0
0
0
0
0
0
5.058042e-01
0
0
0
1.577124e-01
0
5.331641e-01
6.942837e-01
0
0
0
0
5.176744e-02
2.905258e-02
0
0
0
0
2.053588e-01
2.233601e-01
3.437793e-01
1.024287e-01
0
0
1.083041e-01
0
2.120926e-01
1.940868e-01
0
1.826622e-03
1.135342e-01
2.192839e-01
1.177731e-01
1.328593e-01
1.477954e-01
1.786943e-01
4.470868e-02
2.770937e-02
0
8.659933e-02
0
0
0
0
0
0
1.557434e-01
0
0
0
0
0
1.625274e-01
0
1.892300e-02
0
6.804292e-02
9.766964e-02
2.560238e-01
1.678759e-01
0
3.659094e-02
0
0
0
0
3.098384e-02
0
7.042213e-01
1
6.440264e-01
2.038790e-01
3.370334e-01
1.401065e-02
4.106851e-01
0
0
0
0
0
0
0
1.248314e-01
1.560928e-01
8.350808e-02
8.274401e-02
0
4.889421e-02
0
1.718281e-01
8.009859e-02
3.852039e-01
2.340841e-02
8.192610e-02
0
2.223679e-01
5.794703e-01
2.130335e-01
0
0
2.006219e-01
4.957310e-01
0
0
0
1.420895e-01
2.004069e-01
4.179374e-01
0
0
0
1.874625e-01
0
0
0
0
4.037318e-01
4.835164e-01
0
4.077300e-01
3.189816e-01
3.000346e-01
7.003002e-01
5.865153e-01
3.936564e-01
3.391577e-01
0
1.014655e-01
4.166651e-02
1.270426e-01
0
0
2.892155e-02
3.083248e-01
5.922008e-01
6.259753e-01
2.599641e-02
0
0
0
0
0
0
1.589230e-01
0
5.863050e-02
1.075644e-01
1.159114e-01
0
8.784700e-02
0
0
1.325960e-01
0
5.566604e-02
0
0
0
0
0
0
0
5.302201e-01
3.188668e-01
0
0
0
0
6.112097e-01
3.018545e-01
0
0
0
0
7.011116e-01
3.774057e-01
9.131363e-02
2.548084e-01
0
1.049241e-01
0
0
1.126792e-02
7.765936e-03
4.959689e-01
6.440264e-01
1
6.544634e-01
5.358719e-01
3.190836e-01
1.653426e-01
0
0
0
0
0
0
0
1.221009e-01
0
1.410653e-01
2.734530e-01
0
2.705584e-01
2.960170e-01
0
1.381398e-01
0
3.230304e-01
7.055721e-02
0
2.268588e-01
3.581737e-01
0
0
1.883420e-01
5.857680e-01
6.596508e-01
0
0
1.571680e-01
2.235847e-01
0
2.249952e-01
0
0
0
2.685738e-01
0
2.344070e-02
0
0
0
3.824143e-01
0
4.329766e-01
1.083354e-03
2.812213e-01
2.232292e-01
3.346820e-01
6.985491e-02
1.450960e-01
0
0
3.232471e-02
1.080118e-01
0
0
3.055322e-01
2.539208e-01
3.666244e-02
3.203065e-01
0
0
0
0
0
0
0
3.183650e-01
0
7.730136e-02
5.633621e-03
1.583389e-01
0
0
0
0
1.925946e-02
0
0
0
0
7.007657e-03
4.607835e-02
0
8.477348e-02
7.243044e-02
3.849361e-01
3.856673e-01
0
3.038329e-02
0
0
4.332263e-01
1.620877e-01
0
0
0
0
3.467915e-01
2.239939e-01
0
0
0
1.555404e-02
0
0
0
0
2.746104e-01
2.038790e-01
6.544634e-01
1.000000e+00
2.522429e-01
3.272547e-01
2.457257e-01
4.791688e-01
1.855311e-01
3.425134e-01
9.602509e-02
2.319114e-01
0
0
1.315211e-01
0
1.359904e-01
3.720763e-01
0
4.186022e-01
2.024708e-01
0
7.774828e-02
0
9.699404e-02
0
1.604817e-01
3.885049e-01
2.613946e-01
1.014999e-02
0
5.375129e-01
7.091615e-01
1.466546e-01
0
3.830128e-02
3.213266e-01
2.488623e-01
8.236921e-02
2.643543e-01
0
0
0
1.679203e-02
0
2.655808e-01
0
1.739225e-01
3.380470e-01
5.067664e-01
2.007289e-01
4.720496e-01
5.680168e-01
7.284017e-01
4.540606e-01
4.507764e-01
3.026797e-01
2.105152e-01
3.107537e-02
0
0
0
0
0
0
2.132778e-01
4.327237e-01
7.851755e-01
1.478305e-01
2.324105e-01
0
0
0
0
1.830556e-01
2.859514e-01
4.649251e-01
3.829865e-01
5.135667e-01
2.424392e-02
0
0
0
0
0
0
0
0
0
0
0
0
0
0
1.854986e-01
9.693203e-02
0
0
0
0
8.940224e-02
2.037654e-01
0
0
0
0
2.270714e-01
0
1.400257e-01
3.049421e-01
0
0
0
0
4.781258e-01
3.519615e-01
3.090634e-01
3.370334e-01
5.358719e-01
2.522429e-01
1
6.788390e-01
1.395703e-01
0
3.049877e-01
3.507057e-01
0
5.587900e-02
0
0
0
0
0
2.194930e-01
0
0
1.264817e-02
0
1.885096e-01
0
4.938579e-03
0
0
0
1.855733e-01
0
1.706093e-01
0
8.682507e-02
2.973424e-01
0
0
0
2.224789e-02
9.464230e-02
2.769791e-01
0
0
0
0
0
7.131049e-02
0
0
0
6.934448e-01
0
5.524199e-01
2.423699e-01
7.494217e-01
2.859675e-01
3.956012e-01
1.977104e-01
2.335657e-01
4.046045e-01
1.814054e-01
0
0
0
0
3.623189e-01
3.528572e-01
2.357259e-01
8.029829e-01
0
1.418357e-03
0
0
0
0
1.928978e-02
2.121477e-01
4.326001e-01
3.580098e-01
3.120675e-01
0
0
0
0
0
0
0
0
0
5.114982e-02
4.797052e-02
3.223966e-01
5.091222e-03
2.069720e-01
9.561828e-02
2.047538e-01
2.984711e-01
3.291474e-02
4.040464e-02
0
0
3.160636e-01
3.529086e-01
0
0
0
0
1.526776e-01
0
1.001380e-01
1.220143e-01
7.442205e-02
0
0
0
2.501116e-01
5.414759e-01
7.367032e-02
1.401065e-02
3.190836e-01
3.272547e-01
6.788390e-01
1
3.522261e-02
2.575616e-01
5.151759e-01
7.697098e-01
2.718925e-01
4.475183e-01
0
0
0
0
0
0
0
0
0
0
1.493651e-01
0
0
0
0
0
0
8.343548e-04
0
3.593928e-01
2.673118e-01
0
0
0
6.836492e-02
0
0
0
3.955711e-01
2.754396e-01
2.823147e-01
1.310283e-01
0
0
2.392545e-01
1.058746e-01
4.733488e-01
1.000647e-01
2.615795e-02
0
3.455798e-01
0
0
3.702108e-01
0
0
0
0
2.708181e-01
2.035578e-01
8.314587e-02
0
0
2.515938e-01
0
3.052592e-02
1.759765e-01
0
0
0
4.193786e-01
1.986687e-01
4.646298e-02
3.225060e-04
0
0
0
2.854887e-01
0
0
0
0
0
0
0
0
0
0
1.007787e-01
4.026909e-01
0
0
0
1.705430e-01
4.085562e-03
7.342802e-02
1.034965e-01
0
2.993851e-02
0
5.989696e-01
3.353505e-01
2.140843e-01
1.680281e-01
0
0
7.586743e-02
0
0
1.864362e-02
0
0
0
0
3.233086e-01
4.106851e-01
1.653426e-01
2.457257e-01
1.395703e-01
3.522261e-02
1.000000e+00
1.263034e-01
3.577055e-01
9.857667e-02
4.169518e-01
2.663167e-01
0
1.086447e-01
1.583616e-01
2.743925e-01
1.866485e-01
4.380278e-01
0
5.151733e-02
0
0
4.034729e-02
6.443099e-01
0
0
2.473131e-01
7.436677e-01
3.439762e-01
4.939222e-01
2.000783e-01
2.742035e-01
4.228651e-01
0
0
0
3.208977e-01
4.473786e-01
0
0
0
7.481112e-02
4.333116e-01
2.344569e-03
0
0
0
0
0
1.217195e-01
0
1.459014e-01
0
9.719132e-02
0
0
0
0
0
0
0
0
2.087431e-01
2.609477e-01
3.618869e-01
6.720562e-02
0
0
0
0
0
0
2.440872e-01
2.447040e-01
0
2.983524e-01
4.513740e-02
8.429155e-02
0
0
0
0
1.668031e-02
2.015279e-02
0
0
0
0
2.955685e-01
4.299961e-01
3.216059e-01
2.703373e-01
2.598211e-01
3.458631e-01
0
6.468964e-02
1.755362e-01
4.123960e-01
0
1.884856e-01
1.521632e-02
1.885421e-02
1.460067e-01
4.584922e-01
1.560241e-01
3.352093e-01
0
0
0
0
0
0
0
0
0
2.336976e-01
0
0
0
4.791688e-01
0
2.575616e-01
1.263034e-01
1
4.642339e-01
5.502374e-01
5.241110e-01
5.706877e-01
0
0
0
0
0
6.751778e-02
0
7.193145e-02
0
0
0
0
0
0
1.519086e-01
8.622286e-02
0
0
0
2.514907e-01
5.508552e-02
0
0
0
1.245721e-02
6.382956e-03
0
3.842518e-02
0
0
1.145792e-01
0
0
0
0
0
0
6.428965e-01
0
2.659692e-01
1.613343e-01
3.488410e-01
0
3.659546e-01
0
0
0
0
0
0
0
0
2.909696e-01
3.830663e-01
0
4.236826e-01
0
2.770405e-03
0
0
4.583059e-02
0
0
2.722725e-01
1.654272e-01
1.156830e-01
0
0
0
0
0
0
0
0
0
0
2.064025e-01
2.506543e-01
4.221475e-01
4.139973e-01
0
6.414831e-02
0
4.076926e-01
3.200928e-01
6.673246e-01
2.131572e-01
1.476483e-01
3.474673e-01
2.473052e-01
0
3.006978e-01
0
2.485321e-01
0
0
0
0
0
0
0
0
3.220031e-02
3.349274e-01
0
0
0
1.855311e-01
3.049877e-01
5.151759e-01
3.577055e-01
4.642339e-01
1
4.018269e-01
6.376249e-01
6.241125e-01
0
0
0
0
0
1.404334e-01
0
0
0
0
2.031972e-01
0
0
0
1.526920e-02
0
9.419733e-03
0
0
7.052148e-02
2.111781e-02
0
0
0
0
1.333477e-01
0
1.137292e-01
0
0
2.424721e-01
0
0
1.631435e-02
0
0
0
4.178728e-01
0
3.955389e-01
9.965662e-04
5.089802e-01
0
2.008170e-01
0
0
2.895470e-01
8.371803e-02
0
0
2.749781e-01
1.576594e-01
5.049740e-01
1.546891e-01
0
3.404046e-01
0
0
0
0
0
0
8.927891e-02
1.759894e-01
4.310872e-01
4.473171e-01
3.648680e-01
1.710672e-01
0
0
0
0
0
0
0
0
3.067784e-01
4.209680e-01
5.890935e-01
3.708357e-01
3.433404e-01
3.329845e-01
5.214552e-02
2.917682e-01
2.156570e-01
2.608483e-01
0
0
3.001166e-02
9.425423e-02
0
2.379443e-01
0
0
0
0
0
0
5.938875e-02
0
0
0
1.825513e-01
5.429799e-01
0
0
0
3.425134e-01
3.507057e-01
7.697098e-01
9.857667e-02
5.502374e-01
4.018269e-01
1
5.256150e-01
7.127934e-01
0
0
0
0
0
0
0
0
0
0
2.026969e-01
0
0
0
1.316563e-02
9.909616e-03
0
0
1.161178e-01
5.240816e-01
2.634139e-01
0
0
1.818013e-02
1.717204e-01
0
3.884854e-02
0
0
1.454933e-02
4.538349e-01
0
0
0
0
0
0
2.372639e-01
0
0
0
0
0
3.068608e-01
0
0
1.111924e-01
0
0
0
3.444418e-01
8.207145e-02
4.684514e-01
1.619465e-03
0
0
0
0
0
0
1.778030e-01
4.815900e-02
0
1.720516e-01
1.080248e-01
9.910479e-02
0
0
0
0
0
0
0
0
0
0
6.933815e-01
6.125216e-01
7.991135e-01
7.375738e-01
1.995110e-01
2.602616e-01
4.748908e-02
4.660779e-01
6.980650e-01
6.663400e-01
3.021036e-01
0
1.747204e-01
0
2.201442e-01
6.692523e-01
3.443881e-01
4.360902e-01
0
0
0
0
0
0
3.880082e-02
0
0
2.411751e-01
0
0
0
9.602509e-02
0
2.718925e-01
4.169518e-01
5.241110e-01
6.376249e-01
5.256150e-01
1
8.702140e-01
0
0
0
0
0
0
0
0
0
0
2.940093e-01
1.595874e-01
0
3.545069e-02
4.278335e-01
2.399885e-01
0
9.732543e-02
0
3.851422e-01
1.652253e-01
0
1.213633e-01
1.917585e-01
2.211270e-01
9.462602e-02
0
3.848817e-02
0
0
2.090098e-01
0
0
0
0
0
0
3.351576e-01
0
7.179194e-02
0
1.815466e-01
0
4.176862e-01
0
0
4.013209e-02
0
0
0
1.926026e-01
0
4.149886e-01
0
0
1.223107e-01
0
0
0
0
5.457682e-02
0
0
2.884339e-01
2.103632e-01
1.623122e-01
1.141357e-01
0
0
0
0
0
0
0
0
0
6.661268e-01
6.976336e-01
8.741305e-01
7.499112e-01
3.383813e-01
4.298494e-01
1.373411e-01
4.755046e-01
5.888811e-01
6.485815e-01
2.893468e-02
0
1.828076e-01
0
3.777951e-02
5.006150e-01
2.101227e-02
1.574129e-01
0
0
4.614493e-03
0
0
0
4.111439e-02
0
1.452212e-01
5.812608e-01
6.037688e-02
0
0
2.319114e-01
5.587900e-02
4.475183e-01
2.663167e-01
5.706877e-01
6.241125e-01
7.127934e-01
8.702140e-01
1
0
0
0
0
0
0
0
0
0
0
4.690943e-01
0
2.861467e-03
0
2.498700e-01
1.342356e-01
0
0
0
3.648310e-01
1.358052e-01
0
1.353046e-01
2.535634e-01
1.560134e-01
0
1.510675e-01
1.006365e-01
1.159798e-01
6.951266e-02
0
9.786941e-02
3.117916e-01
2.675672e-01
7.549999e-02
2.505384e-01
0
0
2.822835e-01
0
4.945708e-02
1.612238e-02
0
0
1.770795e-01
9.433737e-02
1.240034e-02
2.011401e-01
1.326890e-01
3.519284e-03
0
0
0
0
9.468729e-02
0
0
0
0
0
6.835895e-02
0
0
0
1.901636e-02
0
0
0
0
0
0
0
0
0
0
0
0
0
0
1.391028e-01
0
0
0
9.732151e-02
4.165825e-02
0
3.270402e-01
1.406825e-01
0
0
1.321016e-01
2.084780e-01
7.479338e-02
0
4.587819e-02
2.432950e-01
3.060671e-01
3.221403e-01
0
6.644093e-02
2.511572e-01
3.221747e-01
1.749902e-01
2.173159e-02
0
0
0
0
0
0
0
0
0
0
0
0
1.000000e+00
5.685270e-01
6.220078e-01
1.411511e-01
3.106412e-01
0
2.495371e-01
0
1.412435e-01
3.414604e-02
5.263697e-01
0
2.431056e-01
7.548131e-02
1.803782e-01
1.004745e-01
0
0
0
0
0
1.778839e-01
2.030397e-01
2.479901e-01
4.119875e-02
0
0
0
5.279629e-01
2.303969e-01
0
0
7.889538e-01
0
3.701519e-01
3.501342e-01
1.855146e-01
0
4.053996e-01
0
0
0
0
0
0
0
0
1.576909e-01
2.333915e-01
1.654776e-01
2.043029e-01
0
0
0
0
0
3.818234e-01
5.402528e-02
2.427055e-01
0
2.833814e-01
2.135499e-01
4.567740e-01
0
1.291332e-01
0
1.749566e-01
0
2.539899e-03
0
1.173247e-01
0
0
0
0
0
0
0
0
7.579701e-02
0
0
0
0
0
0
2.618210e-01
5.625922e-02
0
0
4.821935e-01
1.226069e-01
4.482682e-01
1.470874e-01
0
1.727843e-01
3.434248e-01
1.066978e-01
6.913730e-02
1.293483e-01
3.212419e-01
2.889971e-01
1.310583e-01
0
9.479781e-02
0
0
0
0
0
1.086447e-01
0
0
0
0
0
5.685270e-01
1
4.554433e-01
5.859808e-01
2.543965e-01
0
2.722995e-01
0
0
2.820764e-01
0
3.907051e-01
0
2.810062e-01
0
1.091047e-01
0
1.672755e-01
6.167103e-02
0
0
3.830207e-02
2.327761e-01
0
0
0
0
5.262423e-03
2.059181e-01
5.920232e-02
0
6.410508e-01
1.269252e-01
4.574167e-01
3.845345e-01
6.344454e-01
1.346903e-01
0
5.407417e-02
8.253476e-02
1.691183e-01
0
0
0
1.835132e-01
1.203678e-01
0
2.019045e-01
4.962819e-01
4.977137e-01
0
0
0
2.872967e-02
5.272047e-02
0
2.700622e-01
0
1.547503e-01
0
1.648186e-01
1.124155e-01
2.647206e-02
4.755032e-02
0
0
3.529264e-02
0
3.149146e-02
0
8.451997e-02
0
7.224655e-02
0
0
0
0
0
0
0
0
0
0
0
0
0
0
3.003041e-01
0
1.504189e-02
3.100711e-01
5.494120e-02
0
0
1.320921e-01
3.630355e-01
1.778487e-01
2.357435e-01
0
6.031873e-02
0
2.259334e-01
2.701351e-02
0
5.900121e-02
1.248314e-01
1.221009e-01
1.315211e-01
0
0
1.583616e-01
0
0
0
0
0
6.220078e-01
4.554433e-01
1.000000e+00
3.690565e-01
4.063571e-01
1.458859e-01
1.148261e-01
0
0
0
6.146063e-02
8.179239e-02
0
0
4.169091e-02
2.992114e-01
0
0
0
0
1.338724e-01
1.330487e-01
0
0
0
1.040876e-01
0
0
7.028438e-01
3.176238e-01
3.894972e-03
2.071930e-01
5.936649e-01
0
5.988661e-01
4.238729e-01
4.245218e-01
0
2.206087e-01
0
9.898005e-02
0
0
0
0
0
0
0
4.667785e-01
3.065454e-01
0
0
0
0
7.923572e-02
0
5.381270e-01
2.364385e-01
2.758870e-01
2.382238e-02
4.183040e-01
2.753457e-01
4.712989e-01
0
0
0
0
1.217340e-03
1.594194e-01
1.214692e-01
2.420808e-01
6.641614e-02
1.607624e-01
2.103694e-02
0
0
0
0
0
0
0
0
0
0
0
0
4.118116e-02
0
0
0
5.155022e-01
0
4.095018e-01
3.269026e-02
0
1.040755e-01
1.294399e-01
0
2.533160e-02
2.854355e-02
0
9.598282e-02
0
0
3.293651e-01
1.560928e-01
0
0
0
0
2.743925e-01
0
0
0
0
0
1.411511e-01
5.859808e-01
3.690565e-01
1
3.538192e-01
1.023868e-01
2.776385e-01
1.888253e-01
0
1.428001e-01
0
6.425993e-01
0
6.327587e-02
0
3.802039e-01
0
4.514901e-01
2.990651e-02
0
0
2.217432e-01
2.299449e-01
1.003663e-01
1.418683e-01
5.476259e-02
7.943708e-02
9.018502e-02
1.839993e-01
2.951911e-01
0
2.510156e-01
2.239737e-01
7.661420e-02
4.385814e-01
2.581129e-01
3.220653e-01
0
2.213105e-01
0
1.045062e-01
0
0
0
9.687962e-02
1.238328e-01
0
0
1.019162e-01
3.134240e-01
0
0
0
0
0
0
8.461178e-02
0
3.092177e-01
1.778737e-01
2.040918e-01
1.747218e-01
0
0
0
0
0
2.290988e-01
0
0
1.289790e-02
0
6.918554e-02
2.958375e-02
0
0
0
0
0
0
0
0
0
1.947878e-02
0
0
1.378124e-01
0
0
0
1.864670e-01
0
1.101009e-01
0
1.280984e-01
1.276187e-01
0
0
0
0
0
0
0
0
0
8.350808e-02
1.410653e-01
1.359904e-01
0
0
1.866485e-01
0
0
0
0
0
3.106412e-01
2.543965e-01
4.063571e-01
3.538192e-01
1
4.950966e-01
5.776337e-01
4.069836e-01
2.871467e-01
1.083549e-01
7.157346e-02
0
2.483969e-01
5.446032e-02
4.208729e-01
5.279567e-01
1.806339e-02
2.627238e-01
2.639786e-01
3.492716e-01
4.438688e-01
2.334186e-01
1.534181e-01
1.002922e-01
4.047461e-01
4.813859e-01
0
1.642341e-01
6.058671e-02
4.766422e-01
1.784579e-01
5.473865e-01
0
3.461170e-01
5.700382e-01
3.938366e-01
3.204547e-01
1.602467e-01
3.088114e-01
2.907239e-01
5.024643e-01
1.462274e-01
0
0
1.846501e-01
1.173516e-01
0
0
9.195104e-02
3.576834e-01
0
1.608876e-02
0
5.400077e-01
0
1.063415e-01
7.307252e-02
2.486001e-01
6.012731e-02
8.537887e-02
2.642557e-01
2.070642e-01
0
0
0
1.619564e-03
0
1.514033e-01
0
0
1.720176e-02
0
0
0
0
0
0
0
0
0
0
0
0
8.712183e-02
0
0
7.231698e-02
3.395447e-01
9.106105e-02
1.773666e-01
2.167677e-01
0
0
0
0
0
0
0
0
0
0
0
0
0
0
8.274401e-02
2.734530e-01
3.720763e-01
2.194930e-01
0
4.380278e-01
6.751778e-02
1.404334e-01
0
0
0
0
0
1.458859e-01
1.023868e-01
4.950966e-01
1
0
3.682588e-01
0
0
0
0
0
0
1.470732e-01
5.073722e-01
2.635257e-01
2.913034e-01
1.459790e-01
2.083050e-01
4.068484e-01
0
0
0
2.657673e-01
7.277794e-01
0
0
6.318903e-03
8.641360e-02
0
0
3.486784e-01
0
1.796817e-01
3.127915e-02
0
0
0
0
0
0
0
0
0
0
6.370818e-02
0
0
0
0
2.441262e-03
0
0
0
0
3.202387e-02
4.136793e-02
4.916628e-01
4.352529e-01
1.865665e-01
3.048237e-01
1.487908e-01
0
1.327154e-01
0
0
0
4.628065e-01
3.867651e-01
3.458174e-01
3.150800e-01
5.153232e-01
5.778828e-01
4.594615e-01
3.060156e-01
1.774598e-01
1.398440e-01
0
0
5.500768e-01
4.637504e-01
0
0
6.819429e-03
0
8.997231e-02
0
0
0
0
0
3.525737e-01
1.646885e-01
0
0
0
0
0
0
0
0
0
0
0
0
0
0
0
0
0
0
0
0
0
0
2.495371e-01
2.722995e-01
1.148261e-01
2.776385e-01
5.776337e-01
0
1.000000e+00
1.510937e-01
5.019429e-01
4.574201e-01
0
0
1.033227e-01
1.533991e-01
1.940949e-01
0
0
6.569876e-02
2.775890e-02
1.090521e-01
0
1.904418e-01
3.718901e-01
4.346990e-01
8.969901e-02
0
3.253843e-01
2.627200e-01
1.067466e-01
6.814465e-02
2.097721e-01
1.453311e-01
0
0
8.275853e-02
0
0
0
0
0
0
0
3.174037e-02
0
1.791701e-01
3.104722e-01
0
1.092873e-01
3.015420e-01
4.654545e-01
7.605820e-02
1.714966e-01
1.843528e-01
8.786588e-02
0
0
0
0
1.445252e-01
5.886467e-02
0
0
0
0
0
0
0
4.607547e-01
0
0
0
0
8.410895e-02
0
0
0
0
0
0
0
0
0
3.720373e-01
1.909343e-01
2.573978e-02
0
0
0
1.491471e-01
0
7.553771e-02
2.320632e-02
5.077183e-02
0
3.506594e-01
4.087179e-01
0
0
1.621627e-01
3.471555e-01
0
2.464330e-01
0
0
1.998779e-01
4.889421e-02
2.705584e-01
4.186022e-01
0
0
5.151733e-02
7.193145e-02
0
0
0
0
0
0
0
1.888253e-01
4.069836e-01
3.682588e-01
1.510937e-01
1
2.294996e-01
1.961670e-01
0
7.009085e-03
2.279842e-01
0
4.556342e-01
4.833252e-01
2.819576e-01
3.599297e-01
9.596099e-03
5.061822e-01
5.634902e-01
1.352244e-01
4.979280e-02
3.046207e-01
7.287568e-01
4.855224e-01
3.944751e-01
2.085285e-01
0
0
0
0
0
0
0
0
0
0
0
5.253872e-02
0
8.028878e-02
2.680549e-01
0
1.922032e-01
2.739020e-01
8.280732e-03
0
0
0
0
0
0
0
3.811601e-01
8.972039e-02
0
0
3.086548e-02
2.418383e-02
0
0
0
2.716107e-01
0
1.504527e-01
1.552093e-01
0
3.543334e-01
4.372582e-01
5.956204e-02
2.536575e-01
6.117275e-01
5.214451e-01
5.906452e-01
3.899989e-01
9.983927e-02
0
0
0
5.300479e-01
4.334947e-01
3.406491e-01
1.787184e-01
2.006446e-01
1.051075e-02
1.467975e-02
0
2.867715e-01
3.471493e-02
0
0
0
0
4.671909e-01
2.899303e-01
7.052239e-03
1.008930e-01
2.910041e-01
1.785152e-01
2.688383e-01
2.994269e-01
1.669086e-01
0
9.656626e-02
0
2.960170e-01
2.024708e-01
1.264817e-02
0
0
0
0
0
0
0
1.412435e-01
0
0
0
2.871467e-01
0
5.019429e-01
2.294996e-01
1
5.439199e-01
1.972882e-01
0
6.113724e-01
2.543241e-01
0
0
0
0
2.681475e-02
0
3.431051e-02
6.089590e-01
5.196693e-01
4.642912e-01
0
0
9.752263e-02
0
0
0
0
0
2.269396e-01
0
0
0
0
0
0
0
0
0
3.380233e-01
0
0
0
0
2.237537e-02
0
0
0
6.350922e-02
0
0
1.595975e-01
0
0
0
3.730893e-01
3.160644e-01
0
0
2.306452e-01
7.938978e-03
0
3.293697e-02
0
1.620329e-01
5.791803e-01
6.247743e-01
4.432873e-01
5.640666e-01
6.500668e-01
6.829528e-01
6.921405e-01
6.843629e-01
2.149054e-01
1.742736e-01
0
0
3.409774e-01
3.501532e-01
1.452481e-01
0
1.840287e-01
0
1.465399e-01
0
0
0
0
0
2.580205e-01
1.839544e-01
2.683425e-01
4.273428e-01
6.157856e-02
1.266711e-01
2.391593e-01
1.628243e-01
3.665384e-01
3.620756e-01
0
0
2.333678e-01
1.718281e-01
0
0
0
0
0
0
0
0
0
0
3.414604e-02
2.820764e-01
0
1.428001e-01
1.083549e-01
0
4.574201e-01
1.961670e-01
5.439199e-01
1.000000e+00
0
0
4.144177e-01
4.754218e-01
1.718201e-03
0
2.101872e-01
0
0
0
0
4.739910e-01
4.267916e-01
3.590187e-01
0
0
4.564316e-01
4.490890e-01
0
0
0
0
0
0
0
0
0
2.656748e-01
8.137060e-02
7.168486e-02
2.240738e-01
1.903685e-01
1.391945e-01
4.728594e-01
3.621133e-01
2.060284e-01
5.254776e-02
1.483472e-01
0
0
0
0
2.153774e-01
0
1.727920e-01
1.951816e-01
0
0
0
0
0
0
0
1.077501e-01
6.376753e-02
1.269289e-02
7.032566e-02
6.193748e-02
0
0
0
0
0
0
0
0
2.384469e-01
3.346026e-01
5.398844e-01
3.937694e-01
0
3.229385e-02
4.548553e-01
6.268491e-01
4.931716e-01
3.762996e-01
2.440533e-01
0
2.091187e-01
0
0
1.886740e-01
0
0
2.558912e-01
2.326689e-01
3.005410e-01
4.048327e-01
3.006692e-02
2.268848e-01
2.391840e-01
2.098776e-01
1.186280e-01
3.184612e-01
2.488503e-01
8.009859e-02
1.381398e-01
7.774828e-02
1.885096e-01
1.493651e-01
4.034729e-02
0
2.031972e-01
2.026969e-01
2.940093e-01
4.690943e-01
5.263697e-01
0
6.146063e-02
0
7.157346e-02
0
0
0
1.972882e-01
0
1
0
6.647912e-01
5.815711e-02
3.081196e-01
1.621345e-01
1.585068e-01
0
0
2.453207e-01
2.543054e-01
1.734992e-01
3.389000e-01
3.896073e-01
2.809936e-01
1.527748e-01
0
0
6.272639e-01
1.187361e-01
1.869088e-01
0
2.597879e-01
0
1.986986e-01
7.108904e-02
6.272912e-01
0
1.486483e-01
0
2.025127e-01
0
1.380110e-01
2.655901e-01
1.192562e-03
0
0
1.796378e-01
3.574880e-01
2.384438e-01
2.120855e-01
9.912733e-02
0
2.270921e-02
2.441009e-03
0
4.195168e-01
5.670272e-02
0
0
2.527785e-01
9.003849e-02
4.797394e-01
0
0
0
2.618045e-02
1.817407e-01
0
0
0
0
0
0
0
0
0
0
3.337184e-03
2.394608e-01
0
0
0
0
0
0
0
0
0
0
5.406340e-01
2.253547e-01
3.247921e-01
1.137513e-01
0
1.293007e-01
3.139359e-01
0
1.045329e-01
2.398894e-01
0
4.256089e-02
0
0
4.508518e-01
3.852039e-01
0
0
0
0
6.443099e-01
0
0
0
1.595874e-01
0
0
3.907051e-01
8.179239e-02
6.425993e-01
0
0
0
7.009085e-03
0
0
0
1
0
1.787841e-01
1.763891e-03
4.570913e-01
1.153562e-01
5.017641e-01
1.141258e-01
0
4.246555e-02
0
1.796069e-01
0
1.530236e-01
1.069814e-01
5.840168e-01
5.080376e-01
0
0
0
0
0
0
0
0
5.796580e-02
2.398973e-01
6.041341e-02
1.309801e-01
2.789893e-02
5.615855e-02
2.955101e-01
2.265297e-01
5.323469e-01
4.727070e-01
1.370250e-01
1.910886e-01
0
0
0
0
1.983993e-01
1.121789e-01
3.961547e-01
2.119887e-01
0
0
0
0
0
0
0
8.220919e-02
0
0
0
1.052196e-02
0
0
0
0
1.213054e-01
9.986085e-02
2.795205e-01
1.059492e-01
2.067249e-01
1.501798e-01
2.347092e-01
0
1.393036e-01
5.877540e-02
5.310551e-01
5.452173e-01
3.799781e-01
1.769543e-01
1.225766e-01
0
4.786576e-01
2.222596e-01
0
0
0
0
6.268325e-01
4.801834e-01
1.643335e-01
2.970397e-01
2.063124e-01
3.502928e-01
2.959737e-01
3.819002e-01
0
0
9.005716e-02
2.340841e-02
3.230304e-01
9.699404e-02
4.938579e-03
0
0
0
0
0
0
2.861467e-03
2.431056e-01
0
0
0
2.483969e-01
0
1.033227e-01
2.279842e-01
6.113724e-01
4.144177e-01
6.647912e-01
0
1
4.063907e-01
3.359573e-01
0
1.059324e-01
0
0
2.083315e-01
2.742151e-01
4.648557e-01
5.150999e-01
4.368100e-01
1.331979e-01
1.177654e-01
3.841450e-01
0
0
0
0
0
6.502657e-02
0
0
0
8.855382e-02
4.679833e-02
1.062283e-01
0
0
0
3.572405e-01
1.837049e-01
1.057130e-01
1.240702e-01
4.167782e-01
1.514634e-01
0
0
0
0
3.259417e-02
0
2.782791e-01
1.462227e-01
0
0
0
8.703420e-02
0
0
0
6.849856e-02
0
0
0
0
6.346625e-02
1.515447e-01
1.190200e-02
1.509085e-01
1.075058e-01
1.309886e-01
2.725449e-01
2.212964e-01
2.040463e-01
0
0
0
2.041612e-01
3.394948e-02
1.598675e-01
9.281867e-02
4.049246e-01
1.928576e-02
2.744213e-01
0
3.092800e-01
1.824799e-01
0
0
3.525451e-01
2.400364e-01
3.608652e-01
3.406271e-01
3.157927e-01
0
1.548860e-01
9.696009e-02
3.465715e-01
4.965563e-02
0
0
1.093185e-01
8.192610e-02
7.055721e-02
0
0
0
0
0
0
0
3.545069e-02
0
7.548131e-02
2.810062e-01
0
6.327587e-02
5.446032e-02
0
1.533991e-01
0
2.543241e-01
4.754218e-01
5.815711e-02
1.787841e-01
4.063907e-01
1
1.575013e-01
0
1.239946e-02
1.301460e-01
0
4.748094e-02
1.181605e-01
3.947252e-01
4.041464e-01
1.900861e-01
0
0
2.125403e-01
2.042587e-01
0
1.302226e-01
3.399244e-01
6.120477e-03
0
0
0
0
0
0
0
0
0
0
0
0
3.720517e-02
3.633978e-02
3.689188e-03
6.227478e-02
0
3.358736e-02
4.160259e-03
0
3.864978e-01
1.710227e-01
0
0
0
0
0
3.190730e-02
9.748351e-02
3.176210e-02
0
0
0
0
0
1.940006e-01
0
0
0
0
0
0
0
0
2.886442e-01
2.513383e-01
4.417611e-01
3.330127e-01
0
0
3.887742e-02
4.408837e-01
3.610977e-01
3.099047e-01
4.236967e-01
0
2.176387e-01
0
2.564104e-01
5.829406e-01
2.045924e-01
1.467505e-01
0
1.218854e-01
0
0
0
5.908602e-02
4.159226e-02
2.038296e-01
0
0
0
0
0
1.604817e-01
0
0
2.473131e-01
1.519086e-01
1.526920e-02
1.316563e-02
4.278335e-01
2.498700e-01
1.803782e-01
0
4.169091e-02
0
4.208729e-01
1.470732e-01
1.940949e-01
4.556342e-01
0
1.718201e-03
3.081196e-01
1.763891e-03
3.359573e-01
1.575013e-01
1
4.939848e-01
0
3.240993e-01
1.381609e-02
5.949233e-01
5.229473e-01
0
2.735061e-01
5.294997e-01
5.281146e-01
3.940453e-01
1.673535e-01
1.795568e-01
3.186440e-01
2.198550e-01
2.143640e-01
2.130079e-01
0
0
2.058840e-01
1.414072e-01
4.015743e-01
0
5.795869e-02
0
2.955228e-01
0
0
1.994347e-01
2.070866e-01
1.289594e-01
0
3.027756e-04
3.288634e-01
2.994954e-01
0
0
0
2.127886e-01
0
0
0
0
0
0
2.664702e-01
0
0
0
0
0
0
3.606976e-01
0
0
0
0
0
0
0
0
0
0
4.133702e-02
1.610112e-01
0
0
1.168363e-01
3.192576e-01
0
0
7.326760e-02
0
1.660536e-01
0
4.765090e-01
3.111528e-01
1.297013e-01
0
7.939808e-02
1.958392e-01
4.543617e-02
0
0
2.459442e-01
0
3.643347e-02
0
0
3.581705e-01
2.223679e-01
2.268588e-01
3.885049e-01
0
0
7.436677e-01
8.622286e-02
0
9.909616e-03
2.399885e-01
1.342356e-01
1.004745e-01
1.091047e-01
2.992114e-01
3.802039e-01
5.279567e-01
5.073722e-01
0
4.833252e-01
0
0
1.621345e-01
4.570913e-01
0
0
4.939848e-01
1.000000e+00
2.714136e-01
5.309965e-01
2.097901e-02
5.143872e-01
6.829839e-01
0
5.649716e-02
4.778588e-02
7.286097e-01
7.197939e-01
1.651945e-02
0
4.307141e-02
0
0
0
0
0
0
0
1.506308e-01
0
0
0
0
0
3.342752e-01
4.716991e-01
0
0
0
0
7.173264e-02
1.798736e-01
0
1.066611e-01
0
3.330714e-02
0
0
0
0
0
0
0
0
1.609255e-01
2.866559e-01
0
3.970208e-01
2.704749e-01
6.254835e-01
0
0
3.353400e-03
4.391244e-02
0
0
0
1.358981e-01
0
1.265000e-01
0
0
0
0
3.562535e-01
9.034775e-02
1.734027e-01
8.668614e-02
1.446921e-03
0
0
0
1.355027e-01
0
2.584134e-02
1.854386e-01
2.064246e-01
2.313386e-01
4.512968e-02
9.360465e-02
1.580837e-02
2.854586e-01
0
4.345814e-02
0
0
5.088081e-01
5.794703e-01
3.581737e-01
2.613946e-01
1.855733e-01
0
3.439762e-01
0
9.419733e-03
0
0
0
0
0
0
0
1.806339e-02
2.635257e-01
0
2.819576e-01
0
2.101872e-01
1.585068e-01
1.153562e-01
1.059324e-01
1.239946e-02
0
2.714136e-01
1
1.001685e-01
1.354361e-02
0
1.829400e-01
1.159678e-01
0
0
8.968963e-02
2.018174e-01
0
0
5.049963e-01
3.688821e-01
2.946327e-01
1.192062e-01
2.674339e-01
0
3.248938e-01
5.521702e-02
2.251180e-01
0
1.523894e-01
0
1.403574e-01
0
0
0
0
0
1.580307e-02
5.331464e-02
6.726297e-02
7.182965e-02
2.438014e-01
2.434137e-01
0
3.687384e-02
0
0
2.680527e-01
1.718235e-01
1.167861e-01
1.315106e-01
5.167160e-01
3.377399e-01
1.647021e-01
0
0
0
0
2.956817e-01
0
0
0
0
0
0
0
0
0
0
0
8.763730e-02
0
0
0
0
0
0
1.282219e-01
0
0
0
4.632331e-01
2.583002e-01
3.958393e-01
2.287586e-01
0
0
0
0
0
0
0
0
0
0
3.159970e-01
2.130335e-01
0
1.014999e-02
0
8.343548e-04
4.939222e-01
0
0
0
9.732543e-02
0
0
1.672755e-01
0
4.514901e-01
2.627238e-01
2.913034e-01
6.569876e-02
3.599297e-01
0
0
0
5.017641e-01
0
1.301460e-01
3.240993e-01
5.309965e-01
1.001685e-01
1
0
4.097014e-01
3.841812e-01
0
0
5.764400e-02
5.605048e-01
3.080288e-01
1.382898e-01
2.305949e-01
2.651652e-01
3.413727e-01
7.771276e-02
0
2.987059e-01
1.074223e-01
2.523093e-01
9.622084e-02
3.056598e-01
4.956475e-02
1.317932e-01
1.778793e-01
1.498912e-01
9.581723e-02
0
0
2.584380e-02
5.688324e-02
1.216500e-01
3.711870e-02
3.045979e-01
3.521593e-01
5.905178e-02
7.075524e-03
0
1.247357e-02
0
0
3.010586e-01
5.921569e-02
0
0
0
2.011237e-02
1.425275e-01
0
5.936570e-02
3.071900e-01
2.656913e-01
4.016363e-01
0
0
0
0
0
0
0
0
0
0
9.179092e-02
3.801005e-02
5.727103e-02
0
0
8.942924e-02
3.472923e-02
4.957663e-02
0
4.836438e-02
0
0
7.355769e-02
0
0
0
5.657906e-02
0
0
0
1.240007e-01
1.669302e-01
1.081140e-01
3.772512e-02
2.274075e-01
0
0
0
0
0
1.706093e-01
0
2.000783e-01
0
0
1.161178e-01
0
0
0
6.167103e-02
0
2.990651e-02
2.639786e-01
1.459790e-01
2.775890e-02
9.596099e-03
2.681475e-02
0
0
1.141258e-01
0
0
1.381609e-02
2.097901e-02
1.354361e-02
0
1.000000e+00
1.824229e-01
3.721248e-02
0
1.128145e-01
0
2.047922e-02
0
3.196956e-01
3.808717e-01
0
1.051878e-01
2.650364e-01
1.846808e-02
0
0
0
0
0
2.316970e-01
0
2.353909e-01
0
1.428720e-01
0
1.349670e-02
1.691211e-01
3.364330e-01
2.316115e-01
1.833052e-01
0
1.287665e-01
1.052401e-01
7.695580e-03
5.046699e-01
2.978597e-01
0
1.664888e-01
0
0
0
0
0
0
0
0
0
1.093709e-01
0
3.543801e-01
0
0
0
0
0
0
0
0
1.989742e-01
1.965716e-01
4.557140e-01
1.026428e-01
7.587099e-02
0
2.807212e-01
5.089124e-01
2.310791e-01
7.686433e-02
0
0
2.252538e-01
1.190727e-02
0
3.139638e-01
0
0
2.419375e-01
2.292121e-01
0
0
5.396342e-02
1.205825e-01
0
0
0
0
7.842621e-02
0
1.883420e-01
5.375129e-01
0
3.593928e-01
2.742035e-01
2.514907e-01
7.052148e-02
5.240816e-01
3.851422e-01
3.648310e-01
0
0
0
0
3.492716e-01
2.083050e-01
1.090521e-01
5.061822e-01
0
0
2.453207e-01
0
2.083315e-01
4.748094e-02
5.949233e-01
5.143872e-01
0
4.097014e-01
1.824229e-01
1.000000e+00
8.208615e-01
0
6.474538e-02
2.939083e-01
7.327591e-01
3.203068e-01
3.238232e-01
4.726331e-01
0
0
7.252018e-02
2.315724e-01
0
0
0
0
1.712906e-01
3.625156e-01
0
3.106179e-01
1.779260e-01
1.244108e-01
1.898185e-01
2.597674e-01
3.457767e-01
3.971873e-01
1.130041e-01
2.311773e-01
4.539483e-02
2.247449e-01
0
0
4.003791e-01
4.276611e-01
1.665402e-01
2.936245e-01
0
0
0
0
0
0
0
0
0
0
0
3.082218e-01
0
0
0
0
0
0
0
0
0
0
1.489380e-01
0
0
0
4.037634e-01
5.620994e-01
5.522416e-02
0
0
0
4.960249e-01
1.483877e-01
0
9.101349e-02
0
0
4.874755e-01
3.999507e-01
1.294689e-02
0
0
1.341539e-01
0
0
0
0
2.546527e-01
2.006219e-01
5.857680e-01
7.091615e-01
8.682507e-02
2.673118e-01
4.228651e-01
5.508552e-02
2.111781e-02
2.634139e-01
1.652253e-01
1.358052e-01
0
0
1.338724e-01
0
4.438688e-01
4.068484e-01
0
5.634902e-01
3.431051e-02
0
2.543054e-01
4.246555e-02
2.742151e-01
1.181605e-01
5.229473e-01
6.829839e-01
1.829400e-01
3.841812e-01
3.721248e-02
8.208615e-01
1
1.550089e-01
0
1.760371e-01
7.074323e-01
5.141791e-01
3.329428e-01
2.082698e-01
0
0
0
0
0
0
0
0
3.837239e-01
3.858207e-02
2.677389e-01
0
1.434417e-01
6.538621e-02
7.051906e-01
3.641261e-01
3.745869e-01
3.163231e-01
0
8.604958e-02
0
0
0
0
0
0
7.910365e-01
3.977714e-01
9.562028e-02
1.819533e-01
1.597204e-01
1.136663e-02
0
0
9.715055e-03
9.376685e-02
0
0
2.358974e-02
0
2.994522e-01
3.324756e-01
7.713265e-02
2.359392e-01
4.245629e-01
2.902707e-01
3.521941e-01
2.361864e-01
0
0
0
0
4.977589e-02
0
3.553023e-01
0
0
0
0
0
3.859085e-01
1.210471e-02
0
0
0
0
6.076984e-01
4.325788e-01
2.147142e-01
3.158284e-01
5.593227e-02
6.547147e-02
9.635698e-03
5.125414e-03
1.440123e-01
0
4.976079e-01
4.957310e-01
6.596508e-01
1.466546e-01
2.973424e-01
0
0
0
0
0
0
0
1.778839e-01
3.830207e-02
1.330487e-01
2.217432e-01
2.334186e-01
0
1.904418e-01
1.352244e-01
6.089590e-01
4.739910e-01
1.734992e-01
0
4.648557e-01
3.947252e-01
0
0
1.159678e-01
0
0
0
1.550089e-01
1
3.520288e-01
2.027895e-01
1.644732e-02
1.438799e-02
5.187208e-01
2.576549e-01
9.247257e-02
0
0
0
2.256805e-01
0
0
0
2.091938e-01
0
1.104736e-01
0
0
0
1.592583e-01
7.551880e-02
2.192248e-01
2.059701e-01
1.863858e-01
1.925051e-01
0
0
0
0
0
0
3.283822e-01
0
0
0
0
2.867948e-02
0
0
1.238552e-01
0
0
0
0
0
0
7.636634e-02
0
0
1.261529e-01
8.197541e-02
1.975130e-01
0
4.589294e-01
1.402538e-01
3.891319e-01
8.494334e-02
3.514896e-01
2.339472e-01
2.913735e-01
2.448064e-01
4.177552e-01
1.959656e-02
2.459868e-01
0
2.547729e-01
0
0
3.909974e-03
5.638437e-02
0
2.436373e-01
2.917662e-01
3.305964e-01
1.255655e-01
3.835953e-01
2.966180e-01
4.859247e-01
4.228477e-01
1.430650e-01
5.860865e-02
1.929029e-01
0
0
0
0
0
0
0
0
0
1.213633e-01
1.353046e-01
2.030397e-01
2.327761e-01
0
2.299449e-01
1.534181e-01
0
3.718901e-01
4.979280e-02
5.196693e-01
4.267916e-01
3.389000e-01
1.796069e-01
5.150999e-01
4.041464e-01
2.735061e-01
5.649716e-02
0
0
1.128145e-01
6.474538e-02
0
3.520288e-01
1.000000e+00
7.230973e-01
1.993091e-01
0
3.566291e-01
2.066210e-01
6.677001e-02
0
0
0
1.140149e-01
0
0
0
0
0
0
0
0
0
1.022657e-01
0
9.845082e-03
6.242762e-02
2.033151e-01
1.966757e-01
1.409734e-02
0
0
0
9.578640e-02
0
1.867602e-01
0
0
0
0
0
0
0
0
0
0
0
0
3.631679e-02
4.233885e-02
1.110957e-01
0
0
1.607420e-01
2.201595e-01
1.608619e-01
0
4.300460e-01
2.968000e-01
5.199101e-01
1.206382e-01
2.870133e-01
3.737945e-01
2.899762e-01
2.241305e-01
4.648868e-01
1.611796e-01
2.693323e-01
0
1.600522e-01
0
0
1.837513e-01
6.899031e-02
0
9.544252e-02
2.378680e-01
2.630830e-01
2.143524e-01
3.393434e-01
1.482143e-01
4.025341e-01
3.469117e-01
3.381415e-02
1.058069e-01
2.122011e-01
0
0
3.830128e-02
0
0
0
0
0
1.818013e-02
1.917585e-01
2.535634e-01
2.479901e-01
0
0
1.003663e-01
1.002922e-01
0
4.346990e-01
3.046207e-01
4.642912e-01
3.590187e-01
3.896073e-01
0
4.368100e-01
1.900861e-01
5.294997e-01
4.778588e-02
0
5.764400e-02
0
2.939083e-01
1.760371e-01
2.027895e-01
7.230973e-01
1.000000e+00
3.820603e-01
0
4.866473e-01
4.258811e-01
2.670692e-01
2.148704e-01
2.448728e-01
3.153884e-02
4.792355e-02
0
1.590845e-02
0
1.157970e-01
0
8.296548e-02
6.037868e-03
2.087363e-01
0
0
2.944557e-02
3.010621e-01
3.724574e-01
9.759959e-02
2.849329e-01
3.040693e-01
2.508107e-01
1.862929e-01
0
2.204338e-01
8.277230e-02
3.902416e-02
1.939054e-02
0
0
0
0
7.008210e-02
0
0
0
0
0
0
4.280114e-01
0
0
0
0
0
0
0
0
0
0
2.683675e-01
5.811668e-02
0
0
3.576929e-01
4.132207e-01
1.531104e-01
0
6.118535e-02
0
1.196284e-01
0
1.886697e-01
2.902242e-01
9.528325e-03
0
2.318115e-01
3.058635e-01
0
0
1.194338e-01
3.364823e-01
0
1.141881e-01
0
0
3.026637e-01
0
1.571680e-01
3.213266e-01
0
6.836492e-02
3.208977e-01
1.245721e-02
0
1.717204e-01
2.211270e-01
1.560134e-01
4.119875e-02
0
0
1.418683e-01
4.047461e-01
2.657673e-01
8.969901e-02
7.287568e-01
0
0
2.809936e-01
1.530236e-01
1.331979e-01
0
5.281146e-01
7.286097e-01
8.968963e-02
5.605048e-01
2.047922e-02
7.327591e-01
7.074323e-01
1.644732e-02
1.993091e-01
3.820603e-01
1.000000e+00
5.875708e-01
1.998178e-01
3.488921e-01
1.087785e-01
2.703310e-01
2.209222e-01
2.618698e-01
0
0
2.539890e-01
1.318399e-01
3.751675e-01
1.632306e-01
2.985509e-01
1.431193e-01
5.087508e-01
1.309162e-02
0
3.222527e-02
3.498082e-01
1.963895e-01
0
0
8.362713e-02
2.084673e-01
0
0
1.983781e-02
4.785344e-01
0
7.767353e-02
0
0
4.812829e-02
1.208697e-01
2.145720e-01
2.856524e-02
0
0
0
0
0
1.940028e-01
0
0
0
0
0
0
0
0
0
0
0
2.817402e-02
0
0
1.900048e-02
3.941666e-01
0
0
2.289521e-01
7.100705e-03
3.236434e-01
1.341111e-01
2.455167e-01
1.071294e-01
0
0
5.901938e-02
0
0
0
0
4.093171e-02
0
0
0
0
0
1.420895e-01
2.235847e-01
2.488623e-01
2.224789e-02
0
4.473786e-01
6.382956e-03
1.333477e-01
0
9.462602e-02
0
0
0
1.040876e-01
5.476259e-02
4.813859e-01
7.277794e-01
0
4.855224e-01
0
0
1.527748e-01
1.069814e-01
1.177654e-01
0
3.940453e-01
7.197939e-01
2.018174e-01
3.080288e-01
0
3.203068e-01
5.141791e-01
1.438799e-02
0
0
5.875708e-01
1
