1.000000e+00
7.540984e-01
0
0
0
0
1.200204e-01
2.555477e-02
0
0
1.847458e-01
3.013574e-01
4.720187e-01
2.849011e-01
1.552766e-01
1.783100e-01
2.889333e-01
1.725979e-02
6.770196e-01
7.326708e-01
2.736007e-01
2.638670e-01
0
1.313092e-01
0
0
3.058714e-01
1.232434e-01
3.486101e-01
1.899410e-01
0
0
0
0
0
0
0
0
0
2.685074e-02
0
6.170609e-03
0
0
0
0
0
0
0
0
1.135022e-01
0
2.022616e-01
0
0
0
7.146765e-01
6.159862e-01
4.422550e-01
4.618497e-02
2.775632e-01
0
3.129427e-01
2.352858e-01
0
7.398416e-02
0
0
6.270940e-01
4.898814e-01
2.914190e-01
3.276016e-01
4.835098e-01
6.280400e-01
4.361519e-01
5.020566e-01
0
0
6.102358e-02
0
8.098875e-02
0
3.187321e-02
2.944269e-03
0
0
0
0
2.967131e-02
0
2.834476e-01
1.222324e-02
0
0
1.425503e-01
0
0
3.370714e-01
3.989676e-01
1.184785e-01
5.177716e-01
0
6.247767e-01
3.884343e-01
2.130357e-01
1.513357e-01
9.114041e-02
0
1.863034e-01
3.677795e-01
3.192607e-01
2.964625e-01
5.909965e-01
3.186294e-01
4.982393e-01
1.807162e-01
7.540984e-01
1
0
0
0
0
0
2.316809e-01
0
0
1.110065e-01
4.080177e-01
4.890224e-01
4.049527e-01
4.976908e-01
4.075743e-01
1.682438e-01
2.567948e-02
8.356340e-01
7.048500e-01
2.102194e-01
4.430542e-01
5.275738e-02
2.518414e-02
0
0
2.692938e-01
2.900894e-01
5.236642e-01
3.288520e-01
0
0
0
0
0
0
0
0
0
0
0
0
0
0
0
0
0
0
0
0
0
0
2.499255e-01
0
0
0
5.043624e-01
6.576437e-01
1.468793e-01
0
1.563456e-01
5.103944e-02
3.894742e-01
2.448005e-01
0
1.614022e-02
0
0
4.674165e-01
2.654698e-01
2.279652e-01
5.108240e-01
2.896762e-01
3.623022e-01
3.055575e-01
3.811288e-01
0
5.538515e-02
0
0
1.801236e-01
7.010446e-03
1.679523e-01
1.343467e-01
0
0
0
0
0
2.840133e-03
3.337684e-01
0
0
0
5.883081e-02
0
0
1.727335e-01
3.912855e-01
0
5.914774e-01
0
6.196745e-01
0
1.924999e-01
0
0
0
7.777503e-03
1.874827e-01
1.925170e-01
2.951960e-01
3.899956e-01
3.857114e-01
3.073848e-01
2.539497e-01
0
0
1
4.659110e-01
5.679311e-02
1.437462e-01
7.013465e-01
0
5.255617e-01
3.590891e-01
5.197405e-01
0
3.632272e-01
0
4.421367e-01
0
0
0
2.038309e-03
0
0
2.827305e-01
6.951853e-01
3.377393e-01
2.884569e-01
4.262268e-02
0
0
7.052483e-03
0
7.723164e-01
3.092172e-01
1.506004e-01
2.783061e-02
4.812252e-01
3.548341e-01
3.663406e-01
0
0
0
8.872257e-02
3.110969e-01
0
0
0
0
0
0
0
0
0
0
0
1.990839e-01
0
0
0
0
0
0
2.642529e-02
0
0
0
6.585687e-01
1.513229e-01
1.991646e-01
0
0
0
1.583921e-01
1.842303e-01
0
3.379407e-03
0
3.786830e-02
0
0
3.163137e-01
2.878408e-01
0
0
0
0
5.115027e-01
0
0
0
0
0
6.503059e-02
4.743416e-01
2.452920e-01
6.832828e-01
1.179077e-01
0
8.512683e-03
1.002114e-01
0
0
0
5.784000e-01
0
0
6.535462e-03
2.961963e-01
0
4.824643e-01
2.460520e-01
0
0
0
1.622195e-01
1.641803e-01
2.475674e-01
1.004602e-01
0
0
4.659110e-01
1
3.464643e-01
3.303111e-01
5.376603e-01
2.682343e-01
5.344174e-01
3.815661e-01
2.615333e-01
0
2.580703e-01
1.944260e-01
2.040516e-01
2.268166e-01
0
0
0
0
1.935152e-01
0
3.799575e-01
4.522448e-01
3.010912e-01
1.205470e-01
0
0
0
0
4.306536e-01
4.511658e-01
1.276354e-01
2.789437e-01
4.699875e-01
4.669124e-01
0
0
0
0
0
0
0
0
0
0
0
0
0
0
0
0
2.215240e-02
8.154463e-02
0
0
0
0
0
6.276498e-02
0
2.616677e-01
0
0
3.838430e-01
3.677152e-01
2.253238e-01
2.189324e-01
0
0
0
0
0
0
0
0
0
0
0
0
0
0
0
0
2.903075e-01
3.467977e-01
0
0
1.221789e-01
0
1.031264e-01
1.262883e-01
1.967021e-01
4.015239e-01
2.642298e-01
2.320638e-01
1.735457e-01
7.112660e-02
0
0
0
1.138030e-02
0
0
1.360808e-01
9.315731e-02
0
3.225278e-01
3.601935e-01
2.616686e-02
2.099933e-02
0
1.500129e-01
0
2.480140e-01
1.630656e-01
0
0
5.679311e-02
3.464643e-01
1.000000e+00
0
1.081341e-01
0
1.226998e-01
0
0
0
0
0
0
0
0
0
0
0
2.318172e-01
5.777009e-02
9.663950e-04
2.479788e-02
6.847085e-01
6.828032e-01
4.468443e-01
8.056068e-02
0
0
0
0
1.935396e-01
3.517653e-01
4.593323e-01
4.630126e-01
6.292758e-03
0
0
8.008265e-02
0
3.475796e-02
0
0
3.497842e-02
0
0
0
0
0
4.160205e-01
3.041881e-01
2.565207e-01
3.650634e-01
8.014635e-02
1.471427e-01
0
0
2.029034e-01
1.665824e-01
1.571944e-01
0
0
0
4.350991e-01
5.114989e-01
4.805789e-01
5.606689e-01
0
0
0
0
0
0
0
2.660464e-02
0
0
0
0
0
0
0
0
1.250042e-01
4.131139e-01
1.259186e-03
1.589475e-01
5.152573e-01
2.703797e-01
0
2.207388e-02
0
2.022712e-02
0
0
9.678136e-02
1.432536e-01
0
0
0
1.337603e-01
0
0
3.079033e-01
5.522096e-02
0
2.327381e-01
0
9.836679e-02
0
0
0
0
1.498449e-01
9.808384e-02
0
0
1.437462e-01
3.303111e-01
0
1
9.720220e-02
6.834168e-01
5.045953e-01
7.551609e-01
1.669360e-01
0
1.226480e-01
3.444496e-01
3.007527e-01
2.912859e-01
0
0
2.031277e-01
2.196584e-01
0
4.624009e-02
4.075756e-01
5.317428e-01
0
4.171699e-02
0
2.651370e-01
8.276455e-02
0
3.230862e-01
2.674371e-01
2.757982e-01
1.342631e-01
2.038560e-01
2.869755e-01
0
0
0
0
0
0
2.613743e-01
1.059838e-01
2.436646e-01
1.670171e-01
2.686054e-01
2.394018e-01
9.821363e-02
8.650316e-02
0
0
0
0
0
0
0
0
0
0
0
6.104641e-01
0
0
1.076485e-01
1.063010e-01
0
0
0
2.053294e-01
2.700183e-02
1.665384e-01
0
0
0
0
0
0
0
3.565155e-02
0
2.634276e-01
0
0
0
1.750221e-01
0
0
0
0
2.746892e-01
4.017100e-02
7.147745e-01
3.210208e-01
2.361747e-01
3.323076e-01
6.306792e-02
8.079306e-02
0
0
0
0
0
0
0
1.258863e-03
0
8.052346e-02
0
0
1.314374e-01
5.770880e-02
0
0
0
1.045031e-01
1.200204e-01
0
7.013465e-01
5.376603e-01
1.081341e-01
9.720220e-02
1
9.594590e-03
6.100129e-01
3.798637e-01
2.949946e-01
0
5.024814e-01
0
6.732786e-02
0
0
0
3.731420e-02
5.991486e-02
2.213095e-01
3.526692e-01
4.954461e-01
3.275568e-01
2.732454e-01
1.004744e-01
0
0
7.463968e-02
0
6.380070e-01
3.274135e-01
4.014436e-01
1.981868e-01
2.089267e-01
2.205086e-01
3.339189e-01
0
3.565221e-02
0
1.425597e-01
1.163588e-01
4.387850e-03
9.282875e-03
2.915445e-02
0
0
0
0
0
0
0
0
0
0
0
0
0
0
0
1.176323e-01
9.143112e-03
0
0
4.198699e-01
1.909715e-02
2.682330e-01
0
0
3.787037e-02
2.109500e-01
1.350136e-01
2.363173e-01
1.363423e-01
2.799947e-01
2.175529e-01
8.943905e-02
0
0
0
0
0
0
0
7.413049e-02
0
0
0
0
0
1.849477e-01
7.351528e-01
1.449508e-01
5.872645e-01
1.971642e-01
0
2.892195e-01
1.434051e-02
0
1.556144e-01
0
3.560362e-01
0
4.152496e-02
0
4.410290e-02
0
2.614902e-01
4.333310e-01
0
0
0
2.845164e-01
1.374162e-01
1.077117e-01
0
2.555477e-02
2.316809e-01
0
2.682343e-01
0
6.834168e-01
9.594590e-03
1
1.644758e-01
5.844689e-01
4.060028e-02
3.728444e-01
1.899925e-01
7.862039e-01
2.806629e-01
6.623519e-01
5.521819e-02
0
3.874756e-01
4.921551e-01
6.845845e-02
4.148991e-02
2.373227e-01
4.473857e-01
0
0
3.323653e-02
3.068184e-01
1.719042e-01
2.447186e-02
1.404041e-01
2.130378e-01
7.289010e-02
0
0
0
0
6.324678e-03
0
0
0
0
1.434291e-01
4.886005e-02
6.037332e-03
6.204605e-02
2.290224e-01
1.503094e-01
2.119248e-01
1.679412e-01
0
0
0
0
0
0
8.183438e-03
0
0
0
0
6.943017e-01
0
3.428046e-01
0
0
0
0
1.885235e-01
2.228675e-01
9.484006e-02
3.418859e-01
4.806697e-02
0
8.039220e-03
9.792948e-02
1.977126e-01
9.977085e-02
0
0
0
8.248456e-02
7.913350e-02
1.955508e-03
0
3.294239e-02
0
0
0
0
3.396853e-01
0
4.976402e-01
0
9.083551e-02
1.555350e-01
0
0
1.222227e-01
0
5.745588e-02
0
1.864931e-01
0
0
0
0
0
1.136320e-01
0
0
4.246242e-02
0
0
0
0
0
0
5.255617e-01
5.344174e-01
1.226998e-01
5.045953e-01
6.100129e-01
1.644758e-01
1.000000e+00
7.017217e-01
3.180448e-01
0
4.052718e-01
0
2.327006e-01
0
0
0
0
0
0
0
3.113370e-01
1.983970e-01
0
1.848622e-01
0
0
8.069060e-02
0
6.909556e-01
6.575438e-01
6.246841e-01
4.958242e-01
5.813265e-01
6.138216e-01
1.698485e-01
0
0
0
0
0
4.434793e-01
3.040522e-01
5.307411e-01
3.138169e-01
3.289213e-01
2.669585e-01
4.147252e-02
0
0
0
0
0
0
0
0
0
0
0
9.621240e-02
2.120162e-01
0
0
4.077109e-01
0
2.081787e-01
4.094472e-02
0
0
0
0
0
0
0
0
7.306768e-03
0
0
3.191796e-02
0
0
0
0
8.050125e-02
0
0
0
0
0
2.277986e-02
4.375447e-01
2.923292e-01
6.386088e-01
3.647447e-01
4.316436e-01
3.851654e-01
6.157173e-03
0
1.047857e-02
0
1.893980e-01
0
0
0
9.803576e-02
0
2.536787e-01
9.135099e-02
0
0
1.292054e-01
0
0
0
1.651244e-01
0
0
3.590891e-01
3.815661e-01
0
7.551609e-01
3.798637e-01
5.844689e-01
7.017217e-01
1
3.054075e-01
0
2.790365e-01
1.926326e-01
3.670363e-01
3.320849e-01
0
0
1.229914e-01
1.127019e-01
0
1.403650e-02
5.132210e-01
3.868263e-01
0
0
0
0
1.014412e-01
0
5.293613e-01
3.341594e-01
3.270376e-01
7.163034e-02
3.115107e-01
3.636357e-01
3.367747e-01
2.343399e-04
0
0
1.849921e-01
0
2.087992e-01
7.532174e-02
2.351431e-01
3.792117e-02
1.844907e-01
8.069141e-02
0
0
0
0
0
0
0
0
0
0
0
0
0
4.913421e-01
0
0
2.589607e-01
0
0
0
0
0
3.036854e-02
1.122528e-01
0
0
0
0
2.297198e-01
0
0
0
0
0
7.215385e-02
0
0
0
0
0
0
0
2.780541e-01
3.736040e-01
6.357274e-01
4.833109e-01
2.143285e-01
2.027248e-01
1.620092e-01
0
0
0
0
2.406670e-02
0
0
0
2.597018e-02
0
0
0
0
0
6.044512e-02
0
0
0
1.769081e-02
1.847458e-01
1.110065e-01
5.197405e-01
2.615333e-01
0
1.669360e-01
2.949946e-01
4.060028e-02
3.180448e-01
3.054075e-01
1
0
6.079117e-01
0
5.842813e-01
8.009320e-02
1.978794e-01
5.345948e-02
3.589489e-01
1.798054e-01
0
0
2.906245e-01
3.984430e-01
0
0
0
1.170241e-01
1.885724e-01
8.111732e-03
4.278721e-01
3.600464e-01
1.791605e-02
4.072623e-03
9.165511e-02
0
2.701670e-01
0
0
0
0
5.287624e-02
0
0
0
0
0
0
0
0
0
0
0
1.284640e-02
0
0
0
0
0
0
0
0
0
0
2.729564e-01
0
0
0
7.641944e-02
1.887146e-01
1.144231e-01
3.816205e-02
0
5.975173e-02
0
0
0
0
2.712782e-01
4.818296e-01
4.012052e-02
0
1.180868e-01
0
4.386282e-01
0
0
0
0
0
1.254317e-01
3.176080e-01
2.572017e-01
5.499620e-01
3.816085e-01
2.773309e-01
0
0
0
0
1.220269e-01
5.152673e-01
1.843041e-01
1.038668e-01
0
2.888497e-01
1.703723e-01
2.638746e-01
2.977788e-01
0
5.489505e-02
2.958815e-01
3.808998e-01
0
9.585691e-02
2.991153e-01
3.013574e-01
4.080177e-01
0
0
0
0
0
3.728444e-01
0
0
0
1
4.313604e-02
7.329342e-01
2.811341e-01
7.107090e-01
1.237648e-01
2.461510e-01
3.789569e-01
2.759163e-01
3.418312e-01
4.229491e-05
0
0
0
0
4.616692e-01
5.925229e-01
1.660421e-01
5.982557e-01
0
0
0
0
0
0
0
2.277054e-01
7.227855e-02
1.415690e-01
0
0
0
0
0
0
0
0
0
0
8.166739e-02
8.714359e-02
2.788771e-01
0
0
6.285521e-03
2.255570e-01
4.314388e-01
2.553440e-01
4.607631e-01
0
1.815305e-01
5.513078e-01
5.659955e-01
0
6.761915e-02
0
0
1.705090e-01
0
1.220854e-01
1.521893e-01
0
0
0
0
2.882257e-02
3.155757e-01
0
0
1.371973e-01
2.580048e-01
3.461524e-01
5.663389e-01
0
2.321722e-01
4.715048e-01
2.642422e-01
2.483648e-01
3.535640e-01
1.297999e-01
0
0
0
0
5.471660e-02
0
0
0
0
4.571264e-01
0
3.813998e-01
1.211834e-01
0
0
0
0
0
9.631114e-02
1.809160e-01
0
0
0
0
5.764096e-02
4.720187e-01
4.890224e-01
3.632272e-01
2.580703e-01
0
1.226480e-01
5.024814e-01
1.899925e-01
4.052718e-01
2.790365e-01
6.079117e-01
4.313604e-02
1.000000e+00
2.078004e-02
6.483373e-01
1.330782e-01
1.274854e-01
0
5.969045e-01
4.160393e-01
7.044625e-02
2.702424e-01
7.550246e-02
8.910634e-02
0
0
0
2.279740e-01
5.547055e-01
1.966548e-01
3.484446e-01
5.116955e-01
3.562211e-01
2.934782e-01
0
0
0
0
1.327784e-02
0
0
0
0
0
0
0
0
0
0
0
0
0
0
0
0
0
3.470823e-03
7.893724e-02
0
0
3.599105e-01
1.484241e-01
7.469918e-03
1.115240e-01
0
0
0
0
1.633028e-01
1.492012e-02
1.772375e-01
2.458322e-01
0
8.525866e-02
4.612656e-02
6.596597e-02
5.606893e-02
0
0
0
2.287351e-02
0
2.189710e-01
0
4.447146e-03
0
0
0
0
0
2.377744e-01
4.030474e-01
1.029364e-02
1.965015e-01
1.811006e-01
3.007706e-01
0
0
0
0
6.715603e-02
1.843702e-01
7.549403e-02
1.525104e-01
0
4.993983e-02
0
1.009224e-01
1.128719e-01
0
0
3.772273e-01
1.909488e-01
0
6.054276e-02
2.963708e-01
2.849011e-01
4.049527e-01
0
1.944260e-01
0
3.444496e-01
0
7.862039e-01
0
1.926326e-01
0
7.329342e-01
2.078004e-02
1
2.322218e-01
8.491122e-01
7.361115e-02
0
4.253071e-01
5.139060e-01
2.336116e-01
0
7.580297e-02
3.537370e-01
0
0
3.930287e-01
3.978648e-01
1.386454e-02
2.061812e-01
0
5.048924e-03
0
0
0
0
0
1.822146e-01
0
2.153691e-01
0
0
0
0
0
0
0
0
6.298710e-02
1.691196e-02
0
5.479087e-02
8.196552e-02
0
0
2.713979e-02
2.681851e-01
9.301079e-02
0
1.721033e-01
0
4.295665e-01
1.370425e-01
4.217915e-01
0
8.378339e-02
0
0
2.586025e-01
2.192669e-01
5.710675e-03
2.482135e-01
1.035890e-01
3.549257e-02
0
8.715288e-02
3.803784e-02
1.802290e-01
0
0
0
3.577962e-01
1.354241e-01
2.862404e-01
0
3.194148e-01
0
6.648352e-02
0
1.045625e-01
2.355179e-01
0
2.372923e-01
0
0
9.481523e-02
0
0
1.374122e-01
0
3.148215e-01
0
3.701405e-01
0
0
0
0
0
1.197121e-01
1.077107e-01
2.029044e-01
0
6.268634e-02
0
0
0
1.552766e-01
4.976908e-01
4.421367e-01
2.040516e-01
0
3.007527e-01
6.732786e-02
2.806629e-01
2.327006e-01
3.670363e-01
5.842813e-01
2.811341e-01
6.483373e-01
2.322218e-01
1
4.878991e-01
1.229280e-01
1.184273e-01
5.797992e-01
2.436758e-01
0
1.929869e-01
2.517164e-01
5.493347e-02
0
0
0
3.439345e-01
4.948250e-01
4.191493e-01
3.344586e-01
4.190428e-01
0
0
0
0
0
0
0
0
0
0
0
0
0
0
0
0
0
0
0
0
0
0
0
0
0
9.337212e-03
0
0
1.448139e-02
2.436801e-01
5.715775e-02
0
0
0
0
0
0
0
1.774833e-01
3.750976e-01
0
0
0
0
6.356097e-02
0
7.659236e-02
2.205925e-01
1.791266e-01
0
4.286821e-01
1.657530e-01
2.488417e-01
0
0
0
0
0
1.461856e-01
0
1.735465e-01
1.581601e-01
3.560179e-02
3.267712e-01
0
0
0
0
3.099334e-01
9.705778e-02
1.191705e-01
0
0
1.426484e-01
0
1.101999e-01
0
0
3.353539e-03
2.490956e-01
4.054267e-02
0
1.080374e-01
4.295682e-01
1.783100e-01
4.075743e-01
0
2.268166e-01
0
2.912859e-01
0
6.623519e-01
0
3.320849e-01
8.009320e-02
7.107090e-01
1.330782e-01
8.491122e-01
4.878991e-01
1
1.030863e-01
0
4.278752e-01
4.146425e-01
2.614514e-01
5.593192e-02
6.640941e-02
1.130542e-01
0
0
1.362658e-01
3.091508e-01
1.856674e-01
4.729632e-01
0
1.485129e-01
0
0
0
0
0
1.076670e-01
1.650124e-01
2.273071e-01
1.619589e-01
0
0
0
0
0
0
0
0
0
0
0
1.588675e-01
0
0
2.405107e-03
6.992994e-02
2.073235e-02
0
6.931164e-02
0
3.407437e-01
3.719506e-02
1.978297e-01
0
2.973795e-02
0
0
4.197161e-02
0
1.404623e-01
3.121256e-01
6.454094e-02
0
0
0
2.304643e-01
3.281895e-01
0
0
0
3.356971e-01
4.274263e-01
5.594462e-01
0
3.140710e-01
4.175151e-02
2.761117e-01
0
2.168068e-01
1.862304e-01
0
1.447642e-01
0
0
4.957543e-02
0
0
3.656480e-02
0
3.091459e-01
0
1.763661e-01
0
0
0
0
0
1.195039e-01
9.700805e-02
1.312012e-01
0
4.623468e-02
0
0
0
2.889333e-01
1.682438e-01
0
0
0
0
0
5.521819e-02
0
0
1.978794e-01
1.237648e-01
1.274854e-01
7.361115e-02
1.229280e-01
1.030863e-01
1
4.749535e-01
3.373263e-01
3.967537e-01
5.682415e-02
2.106392e-01
0
2.735905e-02
0
0
0
0
5.995926e-01
4.541898e-01
9.977242e-02
0
0
0
0
0
2.427556e-01
9.163456e-02
6.124925e-02
4.266717e-02
2.637437e-01
1.667888e-01
3.122034e-02
1.539685e-01
0
8.877039e-02
1.204673e-01
2.443125e-02
1.234951e-01
2.834780e-01
0
0
0
0
0
0
6.080384e-01
0
0
0
0
0
9.010185e-02
8.533231e-02
0
0
0
0
6.555151e-01
5.346597e-01
5.258922e-01
6.447413e-01
4.191538e-01
3.530637e-01
2.899617e-01
7.263640e-02
2.875990e-01
1.765121e-01
6.546986e-01
4.376896e-01
6.544199e-01
8.899217e-02
4.782663e-01
2.103388e-01
0
0
0
0
0
0
6.453086e-03
0
0
0
0
0
0
3.981122e-02
2.044546e-01
3.782503e-01
1.852621e-01
1.243556e-01
2.847601e-01
3.387506e-01
0
0
4.140303e-01
4.023155e-02
0
0
1.356524e-01
6.630488e-01
1.677420e-02
0
0
0
1.725979e-02
2.567948e-02
0
0
0
0
0
0
0
0
5.345948e-02
2.461510e-01
0
0
1.184273e-01
0
4.749535e-01
1
4.889871e-02
0
0
4.677484e-02
0
0
0
0
0
0
2.202516e-01
4.972300e-01
0
0
0
0
0
0
1.103353e-01
3.925986e-01
2.873373e-01
8.605913e-02
3.540766e-01
1.679785e-01
0
0
0
0
0
0
0
0
4.366860e-02
1.415358e-01
1.799194e-01
2.582790e-01
0
0
3.397240e-01
3.929642e-01
3.253424e-01
1.368290e-01
8.917543e-02
0
3.163395e-01
6.927892e-02
0
0
0
9.934798e-03
2.231810e-01
2.487054e-02
2.932397e-01
2.459821e-01
0
2.054649e-01
4.870627e-02
0
1.861066e-01
3.894526e-01
6.588187e-01
5.722329e-01
5.729702e-01
1.684251e-01
5.304533e-01
3.921439e-01
3.671790e-01
0
4.290501e-01
2.926185e-01
2.473813e-01
3.456219e-01
2.544384e-02
0
0
0
0
0
0
0
0
0
4.203181e-01
2.770097e-01
1.016862e-01
1.507599e-01
0
2.207218e-01
3.647640e-01
0
0
0
8.132745e-02
3.164746e-01
0
0
0
6.287072e-02
6.770196e-01
8.356340e-01
2.038309e-03
0
0
2.031277e-01
3.731420e-02
3.874756e-01
0
1.229914e-01
3.589489e-01
3.789569e-01
5.969045e-01
4.253071e-01
5.797992e-01
4.278752e-01
3.373263e-01
4.889871e-02
1
8.578767e-01
1.995015e-01
5.296506e-01
1.254258e-01
2.124534e-01
0
0
9.395339e-02
4.663990e-01
6.349357e-01
3.815036e-01
0
0
4.030043e-03
0
0
0
0
0
0
0
2.647108e-02
0
0
0
0
0
0
0
0
0
0
0
0
0
0
0
4.470991e-01
3.995269e-01
0
0
0
1.067572e-01
3.340649e-01
3.879435e-01
0
0
0
0
5.744765e-01
4.572888e-01
4.161907e-01
5.949097e-01
3.639152e-01
4.772759e-01
2.839764e-01
4.215283e-01
0
0
1.044454e-02
0
2.290261e-01
0
1.927990e-01
9.327977e-02
0
0
0
0
0
0
3.228441e-01
3.030665e-02
2.006454e-01
0
8.817643e-02
8.190723e-02
0
1.295942e-01
2.633472e-01
2.048713e-02
4.377131e-01
0
5.904928e-01
1.596906e-01
3.813049e-02
1.021881e-01
0
0
0
4.556565e-02
2.172395e-01
4.018095e-01
3.218717e-01
9.291197e-02
2.390242e-01
2.941365e-01
7.326708e-01
7.048500e-01
0
0
0
2.196584e-01
5.991486e-02
4.921551e-01
0
1.127019e-01
1.798054e-01
2.759163e-01
4.160393e-01
5.139060e-01
2.436758e-01
4.146425e-01
3.967537e-01
0
8.578767e-01
1
2.170709e-01
4.058202e-01
1.046457e-01
3.282132e-01
0
0
2.270826e-01
3.350644e-01
5.185347e-01
2.416398e-01
0
0
7.428530e-02
0
0
0
0
0
0
0
5.584058e-02
0
0
0
0
0
0
0
5.746636e-02
0
0
0
0
0
0
0
5.940493e-01
3.014481e-01
0
0
0
9.706323e-02
2.266808e-01
3.940532e-01
0
0
0
0
7.311403e-01
6.687893e-01
3.504787e-01
5.150691e-01
5.349038e-01
5.480522e-01
3.895697e-01
4.675813e-01
0
0
0
0
1.667097e-01
0
8.671333e-02
9.348735e-02
0
0
0
0
0
0
2.802126e-01
0
1.257341e-01
0
1.596084e-01
3.946543e-03
0
2.755177e-01
4.133094e-01
1.666128e-01
3.360542e-01
0
6.044730e-01
2.286791e-01
1.053359e-03
0
0
0
0
2.759257e-01
2.991693e-01
3.908918e-01
4.278270e-01
1.129162e-01
3.367561e-01
8.716719e-02
2.736007e-01
2.102194e-01
0
1.935152e-01
2.318172e-01
0
2.213095e-01
6.845845e-02
0
0
0
3.418312e-01
7.044625e-02
2.336116e-01
0
2.614514e-01
5.682415e-02
0
1.995015e-01
2.170709e-01
1
6.800550e-01
0
0
3.198190e-01
1.350257e-01
4.665118e-01
1.465646e-01
1.446539e-01
2.939022e-01
5.562583e-02
1.152099e-01
4.839648e-02
6.933233e-02
0
0
0
0
2.325209e-01
7.012491e-02
8.366373e-02
0
0
0
0
0
0
0
0
0
1.744725e-01
0
2.229774e-01
0
7.068960e-02
0
0
3.344493e-02
2.665854e-01
0
0
0
6.652087e-02
2.639354e-01
0
7.842806e-02
0
0
7.679936e-02
0
1.816927e-01
2.385653e-01
2.525653e-01
6.048789e-02
3.315690e-01
0
0
5.492289e-02
0
0
0
0
0
3.641664e-01
0
8.744674e-02
0
2.793594e-01
1.317750e-01
5.386754e-02
4.685067e-02
0
0
0
0
0
6.416069e-02
0
0
0
3.831752e-02
0
7.645003e-02
3.427503e-01
8.317942e-02
0
0
8.857972e-02
1.246546e-01
2.066322e-01
1.068752e-01
0
7.253062e-02
2.241317e-01
9.230224e-02
0
2.638670e-01
4.430542e-01
2.827305e-01
0
5.777009e-02
4.624009e-02
3.526692e-01
4.148991e-02
0
1.403650e-02
0
4.229491e-05
2.702424e-01
0
1.929869e-01
5.593192e-02
2.106392e-01
4.677484e-02
5.296506e-01
4.058202e-01
6.800550e-01
1.000000e+00
2.049498e-01
2.918684e-02
2.644929e-01
4.804347e-02
2.434796e-01
9.411226e-02
4.433917e-01
1.979391e-01
1.840930e-01
0
2.627868e-01
2.896915e-02
0
0
0
0
1.152734e-02
0
1.895703e-01
1.197018e-02
0
0
0
0
0
0
0
0
0
0
7.484488e-02
0
0
0
8.115770e-02
9.654405e-02
0
0
0
0
1.417615e-02
1.738545e-01
0
9.464982e-02
0
0
2.316435e-01
2.326174e-01
4.480941e-01
6.277043e-01
4.214899e-01
3.391897e-01
5.193574e-01
3.057331e-01
0
8.547549e-02
1.991679e-02
0
0
0
0
1.412388e-01
0
0
0
1.005226e-01
0
0
2.131678e-01
2.799525e-01
1.320087e-01
0
0
0
0
3.522039e-03
0
1.405280e-01
9.055824e-02
1.008193e-01
8.988633e-02
1.633318e-01
6.928284e-02
0
0
6.023771e-02
0
0
0
7.345585e-02
6.867459e-02
3.292070e-01
1.186183e-01
0
0
5.275738e-02
6.951853e-01
3.799575e-01
9.663950e-04
4.075756e-01
4.954461e-01
2.373227e-01
3.113370e-01
5.132210e-01
2.906245e-01
0
7.550246e-02
7.580297e-02
2.517164e-01
6.640941e-02
0
0
1.254258e-01
1.046457e-01
0
2.049498e-01
1
7.315714e-01
3.842794e-01
0
0
0
0
0
5.511448e-01
0
0
0
2.121186e-01
9.880945e-02
3.375665e-01
0
0
0
1.822532e-01
2.154696e-01
0
0
0
0
0
0
0
0
0
3.323498e-02
9.852791e-03
1.170957e-01
0
0
8.476339e-02
0
0
0
0
1.805227e-01
0
0
4.954735e-01
2.914002e-01
0
0
0
3.509134e-01
2.067549e-01
3.921345e-01
2.680882e-01
3.193165e-01
6.450022e-02
4.639786e-01
5.208002e-02
0
2.580409e-01
1.168798e-01
0
4.943788e-02
0
0
1.850764e-01
1.464633e-01
0
0
0
0
3.230079e-01
3.031644e-01
5.720351e-01
5.757779e-01
9.631783e-02
0
0
2.628788e-01
0
0
5.048344e-02
2.218802e-01
0
0
0
1.521742e-01
6.478332e-02
4.319568e-02
2.357749e-01
0
0
0
2.781444e-01
1.578235e-01
2.624942e-01
0
1.313092e-01
2.518414e-02
3.377393e-01
4.522448e-01
2.479788e-02
5.317428e-01
3.275568e-01
4.473857e-01
1.983970e-01
3.868263e-01
3.984430e-01
0
8.910634e-02
3.537370e-01
5.493347e-02
1.130542e-01
2.735905e-02
0
2.124534e-01
3.282132e-01
0
2.918684e-02
7.315714e-01
1
3.495551e-01
6.820782e-02
0
0
0
0
3.443741e-01
0
2.130679e-02
0
1.278437e-02
1.835633e-02
1.710060e-01
0
0
0
0
1.181663e-01
0
0
0
0
3.183904e-02
0
0
6.875399e-02
1.148506e-02
1.115571e-01
0
0
0
0
1.535653e-01
0
0
0
0
2.566937e-01
0
0
2.662836e-01
3.053798e-01
0
0
1.658101e-01
6.054564e-01
1.638760e-03
1.657608e-01
1.298572e-01
2.699711e-01
0
4.108290e-01
0
0
4.320480e-03
1.465274e-01
0
1.628243e-01
0
0
7.531503e-02
1.696763e-01
0
0
0
0
2.715652e-01
1.659624e-01
6.091245e-01
4.319048e-01
3.340942e-01
4.249476e-02
2.622049e-04
3.988894e-01
0
1.139985e-01
2.903909e-02
1.634988e-02
2.010361e-01
0
4.533912e-02
4.820429e-02
2.483790e-01
4.195860e-02
3.183188e-01
4.882664e-03
1.960821e-01
0
2.989867e-01
0
2.440828e-01
0
0
0
2.884569e-01
3.010912e-01
6.847085e-01
0
2.732454e-01
0
0
0
0
0
0
0
0
0
0
0
0
0
3.198190e-01
2.644929e-01
3.842794e-01
3.495551e-01
1
6.148024e-01
3.895182e-01
0
0
0
2.306231e-01
0
5.095060e-02
1.056804e-02
2.918212e-01
2.314336e-01
3.187856e-01
0
1.707204e-01
2.333962e-01
1.885030e-01
2.178639e-01
0
0
0
0
0
0
0
0
5.133372e-01
4.610118e-01
3.552896e-01
4.148497e-01
4.443265e-03
1.242873e-01
1.719651e-02
0
2.488102e-01
6.828712e-03
0
0
0
0
4.099547e-01
5.092935e-01
3.413993e-01
3.432450e-01
0
1.166546e-01
0
0
1.925934e-01
2.029983e-01
1.704644e-01
1.770727e-01
0
1.157604e-01
0
0
0
0
0
0
9.869567e-02
2.859460e-01
0
1.592506e-01
4.111453e-01
2.813603e-01
0
1.333944e-01
0
3.244628e-02
0
0
0
9.479182e-02
0
0
0
2.017398e-01
0
0
0
0
0
1.875867e-01
7.660631e-02
8.368175e-02
0
0
1.712075e-02
0
2.124409e-01
0
0
0
4.262268e-02
1.205470e-01
6.828032e-01
4.171699e-02
1.004744e-01
0
1.848622e-01
0
0
0
0
0
0
0
0
0
0
0
1.350257e-01
4.804347e-02
0
6.820782e-02
6.148024e-01
1
2.406193e-01
2.572063e-02
0
0
2.096138e-01
1.860209e-01
4.451863e-01
5.109877e-01
3.898713e-01
5.863406e-01
2.034320e-01
0
1.848182e-01
3.209541e-01
2.465549e-02
2.919888e-01
3.089051e-01
3.607562e-01
4.790172e-01
4.124210e-01
1.639751e-01
3.301568e-01
2.647636e-01
3.815914e-01
1.199751e-01
1.659265e-01
0
3.092832e-02
1.595128e-01
2.395239e-01
0
0
0
0
0
3.849064e-02
0
8.248946e-03
2.678524e-01
8.066430e-02
3.672360e-01
5.456285e-01
0
0
0
0
0
0
0
0
0
0
0
0
0
0
0
0
0
1.997916e-01
0
1.473342e-01
6.239176e-02
0
0
0
0
0
0
0
1.065721e-01
1.161833e-01
0
2.201642e-01
0
5.602112e-02
0
0
0
0
5.584332e-02
2.331497e-01
0
0
0
0
0
0
0
0
3.058714e-01
2.692938e-01
0
0
4.468443e-01
0
0
3.323653e-02
0
0
0
4.616692e-01
0
3.930287e-01
0
1.362658e-01
0
0
9.395339e-02
2.270826e-01
4.665118e-01
2.434796e-01
0
0
3.895182e-01
2.406193e-01
1
3.637173e-01
0
0
0
0
0
0
0
0
0
2.468580e-02
0
1.970332e-01
0
0
0
0
0
0
0
0
3.544068e-03
5.674881e-03
5.526308e-01
4.631947e-01
5.257822e-01
2.007434e-01
1.425932e-01
3.101209e-01
3.935543e-01
4.859685e-01
5.616645e-01
4.107372e-01
0
5.349384e-02
2.924833e-01
3.681682e-01
0
4.545468e-01
0
7.485042e-02
1.749979e-01
2.072223e-01
3.679622e-02
9.798934e-02
2.610350e-01
2.200344e-01
3.898770e-01
2.486618e-01
0
2.386680e-01
0
0
0
1.568883e-01
0
2.372600e-01
0
3.149236e-01
1.804599e-01
3.655595e-01
4.775758e-01
4.318405e-01
3.136294e-02
0
0
0
0
0
0
1.231320e-01
0
0
3.537392e-01
0
3.360355e-01
1.558284e-01
3.748409e-01
0
0
0
0
4.176424e-01
2.532144e-01
0
8.008867e-02
2.135663e-01
1.513316e-01
0
1.232434e-01
2.900894e-01
0
0
8.056068e-02
2.651370e-01
0
3.068184e-01
0
0
1.170241e-01
5.925229e-01
2.279740e-01
3.978648e-01
3.439345e-01
3.091508e-01
0
0
4.663990e-01
3.350644e-01
1.465646e-01
9.411226e-02
0
0
0
2.572063e-02
3.637173e-01
1.000000e+00
1.708365e-01
3.634790e-01
0
1.513263e-01
2.315018e-02
2.738488e-01
0
0
0
1.681306e-02
0
6.101642e-03
0
0
0
0
0
0
0
0
7.739384e-02
0
0
0
0
0
0
0
0
2.345172e-01
0
9.828588e-02
0
3.627314e-01
4.730303e-01
5.764858e-01
0
1.006117e-01
0
0
7.710696e-02
0
0
0
0
0
0
0
0
0
0
0
4.368732e-02
4.970692e-02
4.359022e-02
2.418005e-01
0
1.158114e-01
2.490420e-01
0
0
0
0
0
0
0
0
3.386757e-01
0
0
0
0
1.437588e-01
0
3.187208e-01
1.901419e-01
1.341971e-01
0
0
0
0
1.130885e-02
1.451994e-01
0
0
0
0
3.706894e-01
3.486101e-01
5.236642e-01
7.052483e-03
0
0
8.276455e-02
7.463968e-02
1.719042e-01
8.069060e-02
1.014412e-01
1.885724e-01
1.660421e-01
5.547055e-01
1.386454e-02
4.948250e-01
1.856674e-01
5.995926e-01
2.202516e-01
6.349357e-01
5.185347e-01
1.446539e-01
4.433917e-01
0
0
0
0
0
1.708365e-01
1
6.757986e-01
9.265019e-02
2.535948e-01
2.424948e-01
3.077960e-02
0
0
0
0
5.550625e-02
0
9.833814e-02
0
1.435776e-01
1.373201e-01
8.662909e-03
5.851497e-02
1.783723e-01
1.381782e-02
1.168686e-01
0
0
0
0
0
0
0
2.453187e-01
2.049442e-01
0
0
9.329966e-02
0
4.218582e-01
2.917244e-01
0
0
0
0
4.995314e-01
1.317792e-01
4.331221e-01
5.694030e-01
2.547392e-01
1.594062e-01
2.256107e-01
3.073995e-02
2.804772e-01
7.913089e-02
2.365993e-01
2.197058e-02
6.345494e-01
0
5.495597e-01
2.516781e-01
0
0
2.589495e-03
0
0
0
1.183156e-01
8.642717e-02
0
2.634271e-02
0
1.022539e-01
0
0
3.771443e-01
2.139624e-01
8.071887e-02
2.325888e-02
2.363350e-01
2.635063e-01
0
0
0
0
0
0
0
7.857842e-01
2.328802e-02
1.482292e-01
0
3.577923e-02
1.899410e-01
3.288520e-01
0
0
0
0
0
2.447186e-02
0
0
8.111732e-03
5.982557e-01
1.966548e-01
2.061812e-01
4.191493e-01
4.729632e-01
4.541898e-01
4.972300e-01
3.815036e-01
2.416398e-01
2.939022e-01
1.979391e-01
0
0
0
0
0
3.634790e-01
6.757986e-01
1
0
2.046760e-01
0
0
0
0
0
1.132691e-01
4.202659e-01
9.442173e-02
2.447081e-01
0
0
0
0
0
0
0
2.671665e-02
0
0
0
0
0
5.966343e-02
0
1.324009e-01
2.967058e-01
0
0
0
0
5.135470e-01
4.193809e-01
0
0
0
0
2.336177e-01
0
2.293928e-01
2.733272e-01
9.317991e-02
0
0
0
2.407877e-01
3.571631e-01
1.777598e-01
7.934386e-02
5.733568e-01
9.419827e-02
8.116206e-01
7.945643e-01
0
0
4.418597e-01
3.999263e-01
0
3.770992e-02
0
0
0
0
0
8.567914e-02
0
0
1.473341e-01
0
1.520145e-01
0
1.179456e-01
2.011923e-01
0
0
0
0
0
4.704543e-03
1.594878e-02
4.351379e-01
0
0
0
4.537881e-02
0
0
7.723164e-01
4.306536e-01
0
3.230862e-01
6.380070e-01
1.404041e-01
6.909556e-01
5.293613e-01
4.278721e-01
0
3.484446e-01
0
3.344586e-01
0
9.977242e-02
0
0
0
5.562583e-02
1.840930e-01
5.511448e-01
3.443741e-01
2.306231e-01
2.096138e-01
0
0
9.265019e-02
0
1
6.494514e-01
4.034685e-01
1.951626e-01
4.344124e-01
4.519688e-01
3.903748e-01
0
1.206560e-01
0
1.333875e-01
6.504438e-02
3.073304e-01
2.360653e-01
3.203669e-01
2.031613e-01
1.222753e-01
1.350424e-01
0
4.684130e-02
0
0
0
0
0
0
0
0
0
0
0
6.611285e-02
0
0
3.597284e-01
0
8.368331e-02
0
0
0
0
1.648876e-01
0
0
0
0
2.319549e-01
0
1.545542e-01
3.858750e-01
0
0
4.431463e-02
0
1.807190e-01
0
0
0
0
0
3.808285e-02
4.226690e-01
2.945846e-01
5.681614e-01
6.164338e-02
0
9.712005e-02
0
0
3.734733e-02
0
3.587447e-01
0
0
0
0
0
2.759704e-01
2.627810e-01
0
0
8.253391e-02
0
0
0
0
0
0
3.092172e-01
4.511658e-01
0
2.674371e-01
3.274135e-01
2.130378e-01
6.575438e-01
3.341594e-01
3.600464e-01
0
5.116955e-01
5.048924e-03
4.190428e-01
1.485129e-01
0
0
0
0
1.152099e-01
0
0
0
0
1.860209e-01
0
1.513263e-01
2.535948e-01
2.046760e-01
6.494514e-01
1
5.005106e-01
6.041865e-01
2.820978e-01
3.965548e-01
0
0
1.810589e-01
0
0
0
4.287323e-01
3.078907e-01
4.702762e-01
4.210196e-01
1.983184e-01
1.903508e-01
2.024859e-01
1.750314e-01
0
0
0
0
0
0
0
0
0
0
6.240470e-02
2.174637e-01
0
0
0
0
0
6.632724e-02
0
0
0
0
0
0
0
0
9.395957e-02
0
0
1.399633e-01
0
0
2.251124e-01
4.466522e-02
0
0
0
0
0
0
0
1.162936e-03
0
2.290066e-01
0
3.476678e-01
0
0
0
0
0
7.074277e-02
0
0
0
0
0
2.014046e-01
1.178422e-01
0
0
1.291631e-01
0
0
0
7.437463e-03
0
0
1.506004e-01
1.276354e-01
1.935396e-01
2.757982e-01
4.014436e-01
7.289010e-02
6.246841e-01
3.270376e-01
1.791605e-02
0
3.562211e-01
0
0
0
0
0
4.030043e-03
7.428530e-02
4.839648e-02
2.627868e-01
0
2.130679e-02
5.095060e-02
4.451863e-01
0
2.315018e-02
2.424948e-01
0
4.034685e-01
5.005106e-01
1
8.360573e-01
2.120124e-01
3.319487e-01
0
0
4.064636e-02
0
0
0
5.377934e-01
4.349973e-01
5.776032e-01
4.477618e-01
4.754211e-01
4.091219e-01
4.305119e-01
3.076101e-01
0
0
0
0
0
0
0
0
0
0
1.064254e-01
2.157500e-02
0
1.389183e-01
4.901234e-02
0
1.338898e-01
0
3.097670e-02
0
0
0
0
0
0
0
0
0
0
0
0
0
0
0
0
0
0
0
0
0
0
2.636685e-01
0
1.746528e-01
2.102897e-01
1.083274e-01
4.953278e-01
1.047253e-01
6.836948e-02
4.466544e-01
0
7.730884e-03
0
1.141103e-02
0
0
0
7.984403e-02
0
0
0
2.310827e-01
0
0
0
8.236942e-02
0
0
2.783061e-02
2.789437e-01
3.517653e-01
1.342631e-01
1.981868e-01
0
4.958242e-01
7.163034e-02
4.072623e-03
0
2.934782e-01
0
0
0
0
0
0
0
6.933233e-02
2.896915e-02
0
0
1.056804e-02
5.109877e-01
0
2.738488e-01
3.077960e-02
0
1.951626e-01
6.041865e-01
8.360573e-01
1
2.874718e-01
4.702502e-01
0
0
1.960892e-02
0
0
0
4.595795e-01
3.248414e-01
5.551877e-01
4.441634e-01
3.130674e-01
3.463088e-01
4.238786e-01
2.465188e-01
0
0
0
0
2.490228e-02
0
0
0
0
0
2.636211e-01
9.000210e-02
3.910077e-02
1.290700e-01
2.242872e-02
0
1.818543e-01
2.429487e-01
0
0
0
0
0
0
0
0
0
0
0
0
0
0
0
0
0
0
0
0
0
0
0
0
0
0
1.437456e-01
2.757030e-01
3.700947e-01
8.446222e-02
0
2.065109e-01
0
0
0
5.964549e-03
6.097195e-02
0
0
1.645037e-01
0
0
0
0
0
0
0
2.418486e-01
0
0
4.812252e-01
4.699875e-01
4.593323e-01
2.038560e-01
2.089267e-01
0
5.813265e-01
3.115107e-01
9.165511e-02
0
0
0
0
0
0
0
0
0
0
0
2.121186e-01
1.278437e-02
2.918212e-01
3.898713e-01
0
0
0
0
4.344124e-01
2.820978e-01
2.120124e-01
2.874718e-01
1
8.603530e-01
1.620514e-01
0
6.160867e-02
0
0
5.406302e-02
1.242976e-01
0
3.416643e-01
1.068875e-01
0
0
0
0
0
9.528920e-02
0
4.064485e-01
0
3.026067e-04
0
0
0
2.715706e-02
1.697056e-01
1.264013e-02
0
0
7.774251e-01
2.374396e-01
5.830600e-01
5.747079e-01
0
0
0
0
0
0
0
0
0
0
4.010790e-02
2.773924e-01
0
0
0
0
5.242742e-01
2.327560e-01
2.896218e-02
0
2.399518e-01
1.236421e-01
0
1.856892e-01
1.346426e-01
4.088439e-01
1.391204e-01
2.220731e-01
1.885287e-01
0
0
0
0
3.320698e-01
0
0
7.518433e-02
3.308016e-01
0
5.053096e-01
0
0
0
0
0
0
8.849334e-02
2.433346e-01
0
0
3.548341e-01
4.669124e-01
4.630126e-01
2.869755e-01
2.205086e-01
0
6.138216e-01
3.636357e-01
0
0
0
0
0
0
0
0
0
0
0
0
9.880945e-02
1.835633e-02
2.314336e-01
5.863406e-01
0
0
0
0
4.519688e-01
3.965548e-01
3.319487e-01
4.702502e-01
8.603530e-01
1
1.702730e-01
0
1.064588e-01
5.150288e-02
0
1.166509e-01
4.110094e-01
2.694793e-01
5.882542e-01
3.745552e-01
1.390158e-01
3.373421e-01
3.286409e-02
7.327252e-02
0
1.162665e-01
0
2.923432e-01
8.884725e-02
2.348320e-01
0
0
0
3.133841e-02
7.189311e-03
2.327484e-01
0
0
5.959651e-01
1.072021e-01
4.102197e-01
5.506701e-01
0
0
0
0
0
0
0
0
0
0
0
9.944359e-02
0
0
0
0
3.042599e-01
2.730877e-01
0
2.275031e-02
9.275970e-02
6.213407e-03
0
1.196433e-01
1.101142e-01
2.532096e-01
1.194367e-01
1.960031e-01
3.028718e-01
0
0
0
0
1.207355e-01
0
0
3.705983e-02
2.609338e-02
0
3.332446e-01
4.288923e-02
0
0
0
0
0
0
5.377972e-02
0
0
3.663406e-01
0
6.292758e-03
0
3.339189e-01
0
1.698485e-01
3.367747e-01
2.701670e-01
0
0
0
0
0
2.427556e-01
1.103353e-01
0
0
0
0
3.375665e-01
1.710060e-01
3.187856e-01
2.034320e-01
0
0
0
0
3.903748e-01
0
0
0
1.620514e-01
1.702730e-01
1
2.882414e-01
3.367127e-01
2.855417e-01
6.588763e-01
4.342127e-01
4.081507e-02
1.466646e-01
1.024028e-01
1.118352e-02
4.054875e-02
0
0
5.215735e-02
2.002300e-02
5.217173e-02
0
8.607269e-02
2.572910e-01
7.707706e-02
0
0
0
0
0
0
0
0
3.280463e-01
0
1.207248e-01
0
0
1.492004e-01
1.858460e-01
4.657032e-02
3.363595e-01
2.431349e-01
1.175383e-01
9.689788e-03
3.507009e-01
1.530160e-01
5.066383e-01
2.229759e-01
0
0
2.283866e-01
6.841315e-02
1.080233e-01
0
0
1.281521e-01
0
0
0
4.173223e-01
3.606110e-02
4.492996e-01
0
0
5.628282e-02
0
0
1.519765e-01
0
5.555481e-01
0
0
0
8.906707e-02
2.299615e-01
1.753967e-01
2.850447e-01
0
0
0
1.065214e-01
0
0
0
0
0
0
0
0
0
0
6.324678e-03
0
2.343399e-04
0
2.277054e-01
0
1.822146e-01
0
1.076670e-01
9.163456e-02
3.925986e-01
0
0
0
0
0
0
0
0
2.468580e-02
1.681306e-02
0
1.132691e-01
0
0
0
0
0
0
2.882414e-01
1.000000e+00
2.397489e-01
3.634909e-01
3.713242e-01
0
0
0
0
2.371313e-02
5.200544e-02
0
7.188172e-02
1.836529e-01
1.920884e-01
2.451085e-01
0
6.170759e-02
4.329598e-01
2.862627e-01
2.720815e-01
2.191968e-01
1.203826e-01
2.004128e-01
0
0
1.427036e-01
3.194415e-01
0
0
2.429125e-03
8.159058e-02
2.662660e-01
1.374438e-01
0
0
0
1.679622e-01
0
0
2.081761e-01
2.548314e-01
1.788722e-01
1.509505e-01
2.637066e-01
2.289023e-01
3.248853e-01
2.183756e-01
0
6.209375e-02
3.665370e-01
1.694316e-01
1.450531e-01
2.520760e-01
0
0
1.673883e-02
0
1.595829e-02
7.694412e-02
0
0
2.772732e-01
0
1.180077e-01
0
1.044016e-01
5.091323e-02
0
5.015913e-02
3.565031e-01
0
0
3.995705e-02
0
1.123984e-01
0
0
0
0
0
0
0
0
0
0
3.565221e-02
0
0
0
0
7.227855e-02
1.327784e-02
0
0
1.650124e-01
6.124925e-02
2.873373e-01
0
0
2.325209e-01
1.152734e-02
0
0
1.707204e-01
1.848182e-01
0
0
5.550625e-02
4.202659e-01
1.206560e-01
1.810589e-01
4.064636e-02
1.960892e-02
6.160867e-02
1.064588e-01
3.367127e-01
2.397489e-01
1
5.771283e-01
6.754445e-01
1.052237e-01
6.457643e-03
6.426725e-02
4.617638e-02
1.937610e-02
0
0
0
1.429303e-02
0
0
0
5.568325e-02
3.974166e-01
3.317655e-01
0
2.257431e-02
6.698533e-02
4.167443e-03
0
0
0
8.265533e-02
0
0
0
2.955304e-02
0
0
0
0
0
0
4.837515e-02
0
5.618717e-01
4.976059e-01
7.316902e-02
0
1.062701e-01
0
6.591959e-01
6.502229e-01
0
0
3.555822e-01
6.280930e-01
7.780572e-02
1.869532e-01
0
5.010518e-02
0
0
0
0
4.515088e-02
0
0
0
0
0
0
0
0
0
0
0
6.567379e-02
0
0
0
0
0
0
0
2.685074e-02
0
0
0
8.008265e-02
0
0
0
0
0
0
1.415690e-01
0
2.153691e-01
0
2.273071e-01
4.266717e-02
8.605913e-02
0
0
7.012491e-02
0
0
0
2.333962e-01
3.209541e-01
1.970332e-01
6.101642e-03
0
9.442173e-02
0
0
0
0
0
5.150288e-02
2.855417e-01
3.634909e-01
5.771283e-01
1
5.377056e-01
5.240151e-01
0
0
0
0
0
1.346176e-02
7.974587e-02
1.650195e-01
1.110417e-01
2.851164e-01
5.820259e-02
2.763518e-02
4.085689e-01
4.001003e-01
6.891031e-02
6.166710e-02
2.217877e-01
2.038242e-01
0
0
0
6.561608e-02
0
0
0
6.495190e-02
0
0
0
0
3.411207e-02
0
2.623456e-03
0
1.128088e-01
9.719574e-02
0
0
0
1.206582e-01
3.259190e-01
3.372369e-01
0
1.467837e-01
5.065273e-02
4.243262e-01
1.131705e-01
1.637781e-01
0
0
0
0
0
5.881552e-02
0
0
7.735446e-02
0
2.472865e-02
0
0
0
0
0
3.747433e-01
0
3.718187e-01
1.506863e-01
0
0
0
0
0
0
0
0
8.872257e-02
0
0
0
1.425597e-01
0
0
1.849921e-01
0
0
0
0
0
1.619589e-01
2.637437e-01
3.540766e-01
2.647108e-02
5.584058e-02
8.366373e-02
1.895703e-01
1.822532e-01
0
1.885030e-01
2.465549e-02
0
0
9.833814e-02
2.447081e-01
1.333875e-01
0
0
0
0
0
6.588763e-01
3.713242e-01
6.754445e-01
5.377056e-01
1.000000e+00
4.024693e-01
0
6.590794e-02
0
0
0
0
0
3.125797e-02
0
0
0
0
3.381153e-01
1.894868e-01
1.579695e-01
0
0
0
0
0
0
7.637768e-02
0
0
0
0
1.747664e-01
1.660812e-02
2.030842e-01
3.234510e-01
4.278810e-01
3.649009e-01
3.331968e-01
8.177518e-02
5.339232e-01
4.400770e-01
3.861923e-01
5.057744e-02
1.735912e-01
0
5.661033e-01
3.625225e-01
0
0
0
4.421112e-01
0
7.239427e-02
0
2.310816e-01
0
0
0
0
0
0
1.926325e-01
3.557087e-02
5.237663e-03
5.243743e-02
0
0
0
0
1.768444e-01
0
1.854391e-01
0
0
6.337738e-02
0
0
0
0
6.170609e-03
0
3.110969e-01
0
3.475796e-02
0
1.163588e-01
0
0
0
5.287624e-02
0
0
0
0
0
1.667888e-01
1.679785e-01
0
0
0
1.197018e-02
2.154696e-01
1.181663e-01
2.178639e-01
2.919888e-01
0
0
0
0
6.504438e-02
0
0
0
5.406302e-02
1.166509e-01
4.342127e-01
0
1.052237e-01
5.240151e-01
4.024693e-01
1.000000e+00
0
2.116534e-02
0
0
0
9.846046e-02
0
5.138007e-02
6.471429e-02
2.687455e-01
6.048621e-02
1.487113e-01
1.363125e-01
1.595756e-01
1.811746e-01
0
1.574642e-01
0
0
0
0
0
2.459951e-01
0
0
9.032991e-03
4.784623e-02
1.637443e-01
0
8.352102e-02
1.958211e-01
2.629450e-01
1.174828e-01
9.709470e-02
0
0
4.698969e-01
2.489982e-01
9.522304e-02
5.542019e-02
0
0
1.464378e-01
0
0
1.342803e-01
0
0
0
6.395351e-02
0
0
1.661910e-01
0
1.012596e-01
4.023710e-01
9.831656e-02
4.420332e-01
7.527048e-02
1.354590e-01
3.825220e-02
0
1.451885e-01
2.867693e-01
5.406559e-01
2.615548e-01
2.521138e-01
2.294924e-01
1.742854e-01
0
3.168002e-02
1.722879e-01
3.420297e-01
1.145022e-01
0
0
0
0
0
2.613743e-01
4.387850e-03
1.434291e-01
4.434793e-01
2.087992e-01
0
0
0
0
0
0
3.122034e-02
0
0
0
0
0
0
0
0
3.089051e-01
0
0
1.435776e-01
0
3.073304e-01
4.287323e-01
5.377934e-01
4.595795e-01
1.242976e-01
4.110094e-01
4.081507e-02
0
6.457643e-03
0
0
0
1
9.468072e-01
9.217092e-01
9.506606e-01
9.056865e-01
9.226284e-01
8.050858e-01
7.786048e-01
0
0
0
0
2.860497e-01
3.163235e-01
0
0
0
0
0
2.100163e-01
0
5.429403e-02
0
0
4.873960e-03
7.882407e-02
0
0
0
0
0
0
0
0
2.665456e-01
2.048156e-02
0
5.240832e-02
2.540130e-01
0
3.878345e-02
0
0
0
0
0
0
0
0
0
0
7.763902e-02
6.307610e-03
1.245002e-01
3.526943e-01
0
2.299522e-01
4.477751e-01
0
0
0
0
0
0
0
0
0
0
0
2.263338e-01
0
0
0
0
0
0
0
0
0
1.059838e-01
9.282875e-03
4.886005e-02
3.040522e-01
7.532174e-02
0
0
0
0
0
0
1.539685e-01
0
0
0
0
0
0
0
0
3.607562e-01
0
0
1.373201e-01
0
2.360653e-01
3.078907e-01
4.349973e-01
3.248414e-01
0
2.694793e-01
1.466646e-01
0
6.426725e-02
0
6.590794e-02
2.116534e-02
9.468072e-01
1
8.521103e-01
9.334626e-01
9.142810e-01
9.105576e-01
8.296582e-01
8.407659e-01
0
0
0
0
3.884335e-01
3.954623e-01
0
0
0
0
0
7.408103e-02
0
1.101525e-01
0
0
4.850985e-02
9.516909e-02
1.315136e-03
0
0
0
4.968341e-02
0
0
0
2.821176e-01
7.526199e-02
0
5.666834e-03
2.722746e-01
0
5.625208e-02
0
0
0
0
0
0
0
0
0
0
5.378589e-02
0
0
2.933304e-01
0
2.969821e-01
5.155417e-01
0
0
0
0
0
0
0
0
1.724831e-02
0
0
2.129548e-01
0
0
0
0
0
0
0
0
3.497842e-02
2.436646e-01
2.915445e-02
6.037332e-03
5.307411e-01
2.351431e-01
0
0
0
0
0
0
0
0
0
0
0
0
0
0
0
4.790172e-01
0
0
8.662909e-03
0
3.203669e-01
4.702762e-01
5.776032e-01
5.551877e-01
3.416643e-01
5.882542e-01
1.024028e-01
0
4.617638e-02
0
0
0
9.217092e-01
8.521103e-01
1.000000e+00
9.294093e-01
7.523093e-01
7.860462e-01
6.510227e-01
6.726421e-01
0
0
0
0
1.937261e-01
1.781093e-01
0
0
0
0
0
2.063664e-01
0
8.705310e-02
9.826748e-02
0
2.153829e-01
3.179215e-01
0
0
0
0
0
0
0
0
1.031734e-01
0
0
1.267326e-01
1.427177e-01
0
0
0
0
0
2.620084e-03
0
0
0
0
4.901152e-02
0
1.245377e-01
0
2.377257e-01
2.481800e-01
0
0
3.667839e-01
0
3.505579e-02
0
0
0
0
0
0
0
0
0
8.824841e-02
0
0
0
0
0
0
0
0
0
1.670171e-01
0
6.204605e-02
3.138169e-01
3.792117e-02
0
0
0
0
0
0
8.877039e-02
0
0
0
0
0
0
0
0
4.124210e-01
0
0
5.851497e-02
0
2.031613e-01
4.210196e-01
4.477618e-01
4.441634e-01
1.068875e-01
3.745552e-01
1.118352e-02
2.371313e-02
1.937610e-02
0
0
0
9.506606e-01
9.334626e-01
9.294093e-01
1
8.452762e-01
8.734517e-01
8.055325e-01
8.594644e-01
0
0
0
0
2.668715e-01
3.054237e-01
0
0
0
0
0
1.674810e-01
3.312143e-02
1.710740e-01
0
0
1.035530e-01
2.648547e-01
0
0
0
0
0
0
0
0
1.501949e-01
0
0
1.437615e-01
2.824815e-01
0
4.556982e-02
0
0
0
4.049944e-02
0
0
0
0
0
0
0
0
1.746838e-01
1.802227e-01
0
1.385257e-01
4.466913e-01
0
0
0
3.303211e-02
0
0
5.536939e-02
0
0
0
0
1.816255e-01
0
0
0
0
0
0
0
0
0
2.686054e-01
0
2.290224e-01
3.289213e-01
1.844907e-01
0
0
0
0
0
0
1.204673e-01
0
0
0
0
0
0
3.183904e-02
0
1.639751e-01
0
0
1.783723e-01
0
1.222753e-01
1.983184e-01
4.754211e-01
3.130674e-01
0
1.390158e-01
4.054875e-02
5.200544e-02
0
0
0
0
9.056865e-01
9.142810e-01
7.523093e-01
8.452762e-01
1
9.144777e-01
8.768530e-01
8.209072e-01
0
0
0
0
3.593097e-01
3.154056e-01
0
0
0
0
0
1.283392e-01
4.109391e-02
1.347915e-01
0
0
0
0
1.970051e-01
2.905390e-02
0
0
5.631643e-02
0
0
2.262955e-02
2.023814e-01
0
0
0
3.261096e-01
1.607182e-02
0
0
0
0
0
0
0
0
0
0
3.810334e-02
1.084589e-01
1.318053e-01
1.226398e-01
4.407340e-01
1.623398e-01
5.356748e-01
5.718613e-01
0
0
0
0
0
0
0
0
3.791584e-02
0
0
3.501652e-01
0
0
0
0
0
0
0
0
0
2.394018e-01
0
1.503094e-01
2.669585e-01
8.069141e-02
0
0
0
0
0
0
2.443125e-02
0
0
0
0
0
0
0
0
3.301568e-01
0
0
1.381782e-02
0
1.350424e-01
1.903508e-01
4.091219e-01
3.463088e-01
0
3.373421e-01
0
0
0
1.346176e-02
0
9.846046e-02
9.226284e-01
9.105576e-01
7.860462e-01
8.734517e-01
9.144777e-01
1
8.517385e-01
8.244811e-01
0
0
0
0
4.320459e-01
5.115791e-01
0
0
0
0
0
1.401323e-01
0
9.647801e-03
0
0
0
6.998189e-02
0
0
0
0
0
0
0
0
1.487964e-01
0
0
0
2.438639e-01
9.595722e-02
0
0
0
0
0
0
0
0
0
0
2.024209e-02
0
1.095901e-01
8.000760e-02
4.753794e-01
9.340742e-02
3.743566e-01
5.095209e-01
0
0
0
0
0
0
0
0
7.995776e-02
0
0
1.464740e-01
0
2.979947e-02
0
0
0
0
0
0
0
9.821363e-02
0
2.119248e-01
4.147252e-02
0
0
0
0
6.298710e-02
0
0
1.234951e-01
0
0
5.746636e-02
0
0
0
0
0
2.647636e-01
3.544068e-03
7.739384e-02
1.168686e-01
2.671665e-02
0
2.024859e-01
4.305119e-01
4.238786e-01
0
3.286409e-02
0
7.188172e-02
0
7.974587e-02
0
0
8.050858e-01
8.296582e-01
6.510227e-01
8.055325e-01
8.768530e-01
8.517385e-01
1
8.881274e-01
0
0
0
0
5.086273e-01
4.087638e-01
0
0
0
0
0
1.006079e-01
1.274153e-01
3.168895e-01
0
0
0
0
2.340188e-01
0
0
0
7.836544e-02
0
4.672183e-03
0
1.086413e-01
2.286500e-02
0
0
2.405132e-01
0
2.438158e-03
0
0
0
0
0
0
0
0
0
0
0
0
0
3.412270e-01
9.260694e-02
4.553961e-01
5.435056e-01
0
0
1.344385e-01
9.424003e-02
0
0
0
0
1.101440e-01
0
0
1.908785e-01
0
0
0
0
0
0
0
0
0
8.650316e-02
0
1.679412e-01
0
0
0
0
0
1.691196e-02
0
0
2.834780e-01
0
0
0
0
0
0
6.875399e-02
0
3.815914e-01
5.674881e-03
0
0
0
4.684130e-02
1.750314e-01
3.076101e-01
2.465188e-01
0
7.327252e-02
5.215735e-02
1.836529e-01
1.429303e-02
1.650195e-01
3.125797e-02
5.138007e-02
7.786048e-01
8.407659e-01
6.726421e-01
8.594644e-01
8.209072e-01
8.244811e-01
8.881274e-01
1
0
1.176377e-02
0
0
3.760042e-01
4.078838e-01
1.736640e-02
0
0
0
0
1.020904e-01
0
2.639849e-01
0
0
0
1.434268e-01
2.371715e-01
8.519197e-02
0
0
6.723062e-02
0
2.934852e-02
0
1.556488e-01
5.897589e-02
0
1.015936e-01
2.784454e-01
3.601130e-02
1.372168e-02
0
0
0
0
0
0
0
0
0
0
0
0
0
1.362613e-01
5.200311e-02
2.936408e-01
5.832300e-01
0
0
0
9.524797e-02
0
0
1.945026e-01
0
4.974387e-02
0
0
1.698227e-01
0
0
0
0
1.135022e-01
0
0
0
4.160205e-01
0
0
0
0
0
0
8.166739e-02
0
0
0
0
0
4.366860e-02
0
0
1.744725e-01
0
0
1.148506e-02
5.133372e-01
1.199751e-01
5.526308e-01
0
0
0
0
0
0
0
0
0
2.002300e-02
1.920884e-01
0
1.110417e-01
0
6.471429e-02
0
0
0
0
0
0
0
0
1
8.472593e-01
8.187375e-01
6.479282e-01
4.660961e-01
5.015251e-01
1.994097e-01
2.692908e-01
7.145657e-01
5.699064e-01
0
0
0
0
1.273036e-01
5.766399e-01
3.030159e-01
3.644495e-01
0
9.937167e-02
0
0
2.070247e-01
2.627880e-01
2.771316e-01
2.893105e-01
0
2.667490e-01
0
0
0
0
0
2.516596e-02
4.177559e-02
3.381709e-01
1.578465e-01
3.035427e-01
7.490125e-01
7.039477e-01
0
0
0
0
0
0
3.220850e-02
0
0
0
2.641167e-01
1.618174e-02
1.923115e-01
4.786095e-02
3.866354e-01
0
0
0
2.236901e-01
4.204208e-01
4.150430e-02
0
3.958231e-01
3.051213e-01
1.267448e-01
0
0
0
0
0
3.041881e-01
0
0
0
0
0
0
8.714359e-02
0
5.479087e-02
0
0
0
1.415358e-01
0
0
0
0
3.323498e-02
1.115571e-01
4.610118e-01
1.659265e-01
4.631947e-01
0
0
0
0
0
0
0
9.528920e-02
1.162665e-01
5.217173e-02
2.451085e-01
0
2.851164e-01
0
2.687455e-01
0
0
0
0
0
0
0
1.176377e-02
8.472593e-01
1
7.834710e-01
7.088966e-01
4.149447e-01
5.929585e-01
1.276301e-01
1.165742e-01
5.618778e-01
6.375433e-01
0
0
0
0
1.545121e-01
5.339413e-01
1.256003e-01
3.616082e-01
0
4.070939e-02
0
0
0
2.001414e-02
0
2.882682e-02
0
2.914582e-01
3.397503e-02
7.138526e-02
0
2.760391e-01
0
6.016902e-02
1.983328e-01
5.154185e-01
1.115466e-01
3.706815e-01
6.809936e-01
7.593037e-01
0
0
0
0
0
0
0
5.336272e-02
0
0
3.498634e-01
0
1.680722e-01
0
3.401733e-01
0
1.805594e-01
0
1.893675e-01
4.381591e-01
1.768221e-01
0
1.660503e-01
1.782960e-01
1.305957e-01
0
2.022616e-01
2.499255e-01
0
2.215240e-02
2.565207e-01
0
0
0
0
0
0
2.788771e-01
0
8.196552e-02
0
1.588675e-01
0
1.799194e-01
0
0
2.229774e-01
7.484488e-02
9.852791e-03
0
3.552896e-01
0
5.257822e-01
0
0
0
0
0
0
0
0
0
0
0
0
5.820259e-02
0
6.048621e-02
0
0
0
0
0
0
0
0
8.187375e-01
7.834710e-01
1
7.591607e-01
2.470252e-01
3.787842e-01
2.007573e-01
4.270155e-01
6.874442e-01
6.213159e-01
5.088211e-02
0
6.770154e-02
0
5.815152e-02
6.367759e-01
0
7.749835e-02
0
0
7.220593e-02
1.165697e-02
1.188912e-01
1.144418e-01
1.730384e-01
1.399819e-01
0
3.902325e-01
0
0
0
1.173508e-01
0
2.474145e-01
1.973778e-01
3.886262e-01
2.392666e-01
4.849975e-01
8.021566e-01
8.760799e-01
7.824196e-02
0
0
0
0
0
0
0
0
0
5.675631e-01
0
2.524766e-01
0
4.801325e-01
4.013005e-02
0
0
1.577223e-01
5.010221e-01
1.908756e-01
0
4.316204e-01
5.189605e-01
3.053570e-01
0
0
0
1.990839e-01
8.154463e-02
3.650634e-01
0
0
0
0
0
1.284640e-02
0
0
0
0
0
0
2.582790e-01
0
0
0
0
1.170957e-01
0
4.148497e-01
3.092832e-02
2.007434e-01
0
0
0
0
0
0
0
4.064485e-01
2.923432e-01
8.607269e-02
6.170759e-02
5.568325e-02
2.763518e-02
0
1.487113e-01
0
0
0
0
0
0
0
0
6.479282e-01
7.088966e-01
7.591607e-01
1
5.944440e-02
2.616719e-01
0
1.811807e-01
4.449091e-01
5.312459e-01
1.624069e-01
1.251287e-02
0
0
5.362824e-01
6.225561e-01
2.062492e-01
3.220709e-01
0
0
1.184606e-02
0
0
0
9.224856e-03
1.882321e-02
6.219499e-02
3.630147e-01
4.025208e-02
4.786984e-02
0
0
0
1.864824e-02
4.625828e-01
2.566862e-01
3.150930e-01
3.228199e-01
7.644686e-01
7.934656e-01
1.175176e-01
2.162228e-02
0
0
0
0
0
0
0
0
4.078217e-01
2.623023e-01
0
0
3.257427e-01
1.696758e-01
0
5.172308e-02
7.577377e-02
1.228243e-01
0
0
2.155813e-01
1.549299e-01
7.897958e-02
1.288989e-02
0
0
0
0
8.014635e-02
0
0
0
0
0
0
0
0
0
0
0
0
0
0
0
7.068960e-02
0
0
0
4.443265e-03
1.595128e-01
1.425932e-01
0
0
5.966343e-02
0
0
0
2.490228e-02
0
8.884725e-02
2.572910e-01
4.329598e-01
3.974166e-01
4.085689e-01
3.381153e-01
1.363125e-01
2.860497e-01
3.884335e-01
1.937261e-01
2.668715e-01
3.593097e-01
4.320459e-01
5.086273e-01
3.760042e-01
4.660961e-01
4.149447e-01
2.470252e-01
5.944440e-02
1.000000e+00
8.309591e-01
0
3.976379e-02
2.413452e-01
2.338654e-01
0
0
9.078323e-03
6.006551e-02
0
0
9.065964e-02
1.406168e-01
0
0
0
0
8.564530e-02
0
7.359881e-02
0
2.505152e-01
3.154306e-01
0
0
0
1.319719e-01
1.130932e-01
3.234581e-01
0
1.739267e-01
1.413618e-01
5.797834e-01
2.057939e-01
3.317528e-01
0
0
0
0
2.978566e-04
0
5.058377e-01
0
3.845971e-01
1.065817e-01
0
0
0
3.483552e-02
0
0
0
0
2.685757e-01
3.217794e-01
0
0
4.838863e-04
1.203104e-01
0
0
0
0
0
0
1.471427e-01
0
0
0
0
0
0
6.285521e-03
0
2.713979e-02
0
2.405107e-03
0
0
0
0
0
0
0
0
1.242873e-01
2.395239e-01
3.101209e-01
0
0
0
0
0
0
0
3.026067e-04
2.348320e-01
7.707706e-02
2.862627e-01
3.317655e-01
4.001003e-01
1.894868e-01
1.595756e-01
3.163235e-01
3.954623e-01
1.781093e-01
3.054237e-01
3.154056e-01
5.115791e-01
4.087638e-01
4.078838e-01
5.015251e-01
5.929585e-01
3.787842e-01
2.616719e-01
8.309591e-01
1
0
7.764326e-03
3.248039e-01
4.756236e-01
0
0
0
0
0
0
1.533859e-02
2.310103e-01
0
0
0
0
0
0
6.452395e-02
0
3.266372e-01
4.603941e-01
0
0
0
2.214321e-01
0
2.054367e-01
0
3.187633e-01
2.085884e-01
5.715519e-01
3.215770e-01
4.875936e-01
0
0
0
0
0
0
3.447024e-01
0
2.152740e-01
2.147514e-02
0
0
0
0
2.011772e-02
0
0
0
2.539776e-01
2.403589e-01
0
0
0
1.947019e-01
0
0
7.146765e-01
5.043624e-01
0
0
0
0
0
8.183438e-03
0
0
0
2.255570e-01
3.470823e-03
2.681851e-01
0
6.992994e-02
6.080384e-01
3.397240e-01
4.470991e-01
5.940493e-01
0
8.115770e-02
8.476339e-02
1.535653e-01
1.719651e-02
0
3.935543e-01
0
2.453187e-01
1.324009e-01
0
0
0
0
0
0
0
2.720815e-01
0
6.891031e-02
1.579695e-01
1.811746e-01
0
0
0
0
0
0
0
1.736640e-02
1.994097e-01
1.276301e-01
2.007573e-01
0
0
0
1
5.495518e-01
4.106459e-01
4.521259e-02
0
0
2.671271e-01
1.977037e-01
0
3.135746e-02
0
0
7.650477e-01
7.082350e-01
3.801689e-01
4.990887e-01
6.110423e-01
7.481065e-01
4.961091e-01
5.819647e-01
9.977199e-02
1.929259e-01
4.203572e-01
1.628861e-02
3.506530e-01
1.098553e-01
1.227616e-01
3.137992e-02
0
0
4.875113e-02
0
0
6.930714e-02
1.920743e-01
0
0
0
0
0
0
3.435407e-01
4.173275e-01
3.134916e-01
5.593543e-01
0
6.052012e-01
2.033215e-01
0
3.630797e-02
4.616141e-01
0
0
2.730927e-01
2.634300e-01
3.658221e-01
3.815641e-01
2.315239e-01
3.247115e-01
0
6.159862e-01
6.576437e-01
0
0
0
0
0
0
0
0
0
4.314388e-01
7.893724e-02
9.301079e-02
9.337212e-03
2.073235e-02
0
3.929642e-01
3.995269e-01
3.014481e-01
3.344493e-02
9.654405e-02
0
0
0
0
4.859685e-01
2.345172e-01
2.049442e-01
2.967058e-01
0
0
0
0
0
0
0
2.191968e-01
2.257431e-02
6.166710e-02
0
0
0
0
0
0
0
0
0
0
2.692908e-01
1.165742e-01
4.270155e-01
1.811807e-01
3.976379e-02
7.764326e-03
5.495518e-01
1
6.206783e-01
4.021586e-01
4.901408e-01
0
6.503319e-01
3.705091e-01
0
9.622722e-02
0
0
3.856842e-01
9.063984e-02
1.214394e-01
1.124526e-01
1.621878e-01
3.634232e-01
3.586827e-01
3.052556e-01
0
1.908902e-01
0
0
2.320541e-01
2.603581e-02
1.365452e-01
2.182830e-01
0
0
4.778275e-01
2.691240e-01
3.658575e-01
3.877594e-01
2.239246e-01
0
0
0
0
0
0
5.994123e-02
4.006930e-01
8.681602e-03
6.409716e-01
0
5.352997e-01
2.257041e-01
3.528326e-01
1.842369e-01
2.360652e-02
0
0
3.244972e-01
2.187900e-01
1.435687e-01
2.327325e-01
3.317799e-01
2.231636e-01
2.935718e-01
4.422550e-01
1.468793e-01
0
0
2.029034e-01
0
0
0
0
0
0
2.553440e-01
0
0
0
0
0
3.253424e-01
0
0
2.665854e-01
0
0
0
2.488102e-01
0
5.616645e-01
0
0
0
0
0
0
0
0
0
0
1.203826e-01
6.698533e-02
2.217877e-01
0
1.574642e-01
0
0
0
0
0
0
0
0
7.145657e-01
5.618778e-01
6.874442e-01
4.449091e-01
2.413452e-01
3.248039e-01
4.106459e-01
6.206783e-01
1
7.129917e-01
4.124616e-01
0
2.455972e-01
2.233754e-02
0
3.535893e-01
2.840703e-01
3.661363e-01
9.342448e-02
3.709570e-02
4.139542e-02
0
1.857154e-01
3.290626e-01
3.334361e-01
2.362667e-01
0
1.003102e-01
4.010247e-02
0
0
5.251904e-02
0
6.812818e-02
1.840410e-01
1.537713e-01
3.481567e-01
2.811026e-01
7.425105e-01
6.184785e-01
2.032234e-02
0
0
0
0
0
0
1.102517e-01
5.897456e-02
0
4.762901e-01
0
3.300808e-01
3.127302e-01
4.384345e-01
1.122259e-01
2.079183e-01
0
2.205934e-01
4.400796e-01
2.292376e-01
0
3.121716e-01
3.783315e-01
2.684649e-01
0
4.618497e-02
0
0
6.276498e-02
1.665824e-01
0
0
0
0
0
0
4.607631e-01
0
1.721033e-01
0
6.931164e-02
0
1.368290e-01
0
0
0
0
0
0
6.828712e-03
0
4.107372e-01
9.828588e-02
0
0
0
0
0
0
2.715706e-02
3.133841e-02
0
2.004128e-01
4.167443e-03
2.038242e-01
0
0
0
0
0
0
0
0
0
0
5.699064e-01
6.375433e-01
6.213159e-01
5.312459e-01
2.338654e-01
4.756236e-01
4.521259e-02
4.021586e-01
7.129917e-01
1.000000e+00
3.525769e-01
1.639911e-02
2.481086e-01
0
0
3.158762e-01
1.132861e-01
4.685871e-01
0
0
0
0
0
0
0
0
0
1.656412e-01
0
0
0
1.835443e-01
0
6.521385e-02
2.246777e-01
3.907947e-01
5.579106e-01
2.326439e-01
7.087127e-01
6.952321e-01
0
0
0
0
0
5.773745e-03
0
0
0
0
3.891259e-01
0
2.092032e-01
0
3.486458e-01
0
1.481304e-01
0
2.362914e-01
2.343669e-01
9.786706e-02
0
7.902893e-02
9.431684e-02
0
5.886477e-02
2.775632e-01
1.563456e-01
2.642529e-02
0
1.571944e-01
0
1.176323e-01
0
9.621240e-02
0
0
0
3.599105e-01
0
1.448139e-02
0
0
8.917543e-02
0
0
0
0
0
0
0
0
0
0
9.329966e-02
0
0
6.240470e-02
1.064254e-01
2.636211e-01
1.697056e-01
7.189311e-03
0
0
0
0
0
0
0
0
0
0
0
0
0
0
0
0
5.088211e-02
1.624069e-01
0
0
0
4.901408e-01
4.124616e-01
3.525769e-01
1
0
3.918006e-01
1.383840e-02
2.000125e-01
2.134371e-02
3.881023e-01
3.385861e-01
0
0
0
0
0
0
6.183245e-02
7.861902e-02
0
0
0
0
0
0
0
0
1.665841e-01
0
4.370853e-01
0
2.685557e-01
9.506929e-03
9.749610e-02
1.770107e-01
0
0
7.637482e-02
2.253267e-01
0
2.459859e-02
5.166450e-02
9.709270e-02
8.208121e-02
1.456324e-01
0
2.723080e-01
3.754170e-01
2.358507e-01
0
7.142619e-02
0
0
0
8.715939e-02
9.345705e-02
2.306058e-01
6.716429e-02
3.439197e-01
0
5.103944e-02
0
2.616677e-01
0
6.104641e-01
9.143112e-03
6.943017e-01
2.120162e-01
4.913421e-01
0
1.815305e-01
1.484241e-01
4.295665e-01
2.436801e-01
3.407437e-01
0
0
1.067572e-01
9.706323e-02
0
0
1.805227e-01
2.566937e-01
0
3.849064e-02
5.349384e-02
3.627314e-01
0
0
6.611285e-02
2.174637e-01
2.157500e-02
9.000210e-02
1.264013e-02
2.327484e-01
0
0
0
0
0
0
2.100163e-01
7.408103e-02
2.063664e-01
1.674810e-01
1.283392e-01
1.401323e-01
1.006079e-01
1.020904e-01
0
0
0
1.251287e-02
0
0
0
0
0
1.639911e-02
0
1
0
1.510398e-01
4.518229e-02
2.047373e-01
0
0
0
0
1.260110e-01
1.669810e-01
0
0
2.773561e-02
7.595618e-02
1.763576e-01
1.405149e-01
0
0
0
0
0
0
0
1.602263e-01
7.114358e-02
0
0
0
9.968147e-02
0
3.062080e-01
0
0
1.466293e-01
0
0
0
0
0
0
0
0
0
0
0
0
7.849038e-04
0
0
0
0
0
0
0
3.129427e-01
3.894742e-01
0
0
0
0
0
0
0
0
0
5.513078e-01
7.469918e-03
1.370425e-01
5.715775e-02
3.719506e-02
9.010185e-02
3.163395e-01
3.340649e-01
2.266808e-01
6.652087e-02
1.417615e-02
0
0
0
0
2.924833e-01
4.730303e-01
4.218582e-01
5.135470e-01
0
0
0
3.910077e-02
0
0
0
1.427036e-01
0
0
0
0
0
0
0
3.312143e-02
4.109391e-02
0
1.274153e-01
0
0
0
6.770154e-02
0
9.078323e-03
0
2.671271e-01
6.503319e-01
2.455972e-01
2.481086e-01
3.918006e-01
0
1
5.830251e-01
0
0
0
0
3.848980e-01
0
0
0
0
7.160998e-02
0
5.620959e-02
0
2.748939e-02
0
0
4.823701e-01
1.357463e-01
1.363049e-01
2.308796e-01
0
0
4.794970e-01
5.228279e-02
9.009481e-02
7.417257e-02
4.895188e-02
0
0
0
0
2.085721e-01
0
6.584510e-02
3.649041e-01
1.234777e-02
2.617666e-01
0
4.790899e-01
4.021217e-01
2.541916e-01
1.105099e-01
0
0
0
1.339885e-01
2.450367e-01
4.036985e-01
4.244025e-02
1.724493e-01
0
3.650324e-01
2.352858e-01
2.448005e-01
0
0
0
0
0
3.428046e-01
0
0
0
5.659955e-01
1.115240e-01
4.217915e-01
0
1.978297e-01
8.533231e-02
6.927892e-02
3.879435e-01
3.940532e-01
2.639354e-01
1.738545e-01
0
0
0
8.248946e-03
3.681682e-01
5.764858e-01
2.917244e-01
4.193809e-01
0
0
1.389183e-01
1.290700e-01
0
0
0
3.194415e-01
8.265533e-02
6.561608e-02
7.637768e-02
0
5.429403e-02
1.101525e-01
8.705310e-02
1.710740e-01
1.347915e-01
9.647801e-03
3.168895e-01
2.639849e-01
0
0
0
0
6.006551e-02
0
1.977037e-01
3.705091e-01
2.233754e-02
0
1.383840e-02
1.510398e-01
5.830251e-01
1
0
0
0
0
4.435917e-01
5.305564e-02
0
5.594230e-02
1.674340e-01
2.318940e-01
2.438582e-01
1.716964e-01
0
1.449101e-01
0
0
2.054251e-01
0
2.094717e-01
2.850346e-01
0
0
3.051517e-01
5.959639e-02
0
0
0
0
0
0
0
5.427908e-02
0
0
2.393982e-01
6.106677e-02
0
0
2.523223e-01
3.528794e-01
0
0
0
0
0
0
0
1.566395e-01
0
0
0
1.967897e-02
0
0
6.585687e-01
3.838430e-01
4.350991e-01
1.076485e-01
4.198699e-01
0
4.077109e-01
2.589607e-01
2.729564e-01
0
0
0
0
0
0
0
0
0
0
0
4.954735e-01
2.662836e-01
4.099547e-01
2.678524e-01
0
0
0
0
3.597284e-01
0
4.901234e-02
2.242872e-02
7.774251e-01
5.959651e-01
3.280463e-01
0
0
0
0
2.459951e-01
0
0
9.826748e-02
0
0
0
0
0
1.273036e-01
1.545121e-01
5.815152e-02
5.362824e-01
0
0
0
0
0
0
2.000125e-01
4.518229e-02
0
0
1
4.933903e-01
5.988605e-01
4.622097e-01
0
0
0
0
0
1.734672e-03
0
1.245378e-01
0
0
1.778820e-01
1.915262e-01
0
0
0
0
6.211945e-01
1.527588e-01
0
0
2.866797e-01
1.141978e-01
5.934287e-02
4.996306e-01
2.762787e-01
5.624315e-01
1.031006e-01
0
0
5.059164e-02
0
0
0
6.237269e-01
0
0
2.175174e-01
4.852228e-01
9.645085e-02
4.131881e-01
0
0
0
0
5.575606e-02
0
1.609320e-01
1.879330e-01
7.398416e-02
1.614022e-02
1.513229e-01
3.677152e-01
5.114989e-01
1.063010e-01
1.909715e-02
0
0
0
0
6.761915e-02
0
8.378339e-02
0
2.973795e-02
0
0
0
0
7.842806e-02
9.464982e-02
2.914002e-01
3.053798e-01
5.092935e-01
8.066430e-02
4.545468e-01
1.006117e-01
0
0
0
0
0
0
2.374396e-01
1.072021e-01
0
0
0
0
0
0
0
0
0
0
0
0
0
0
5.766399e-01
5.339413e-01
6.367759e-01
6.225561e-01
0
0
3.135746e-02
9.622722e-02
3.535893e-01
3.158762e-01
2.134371e-02
2.047373e-01
0
0
4.933903e-01
1
2.442807e-01
2.637990e-01
0
1.546656e-01
2.147438e-01
0
7.153749e-02
1.046217e-01
1.150222e-01
2.744095e-01
0
0
0
0
0
1.724915e-01
0
0
4.276845e-01
5.788597e-01
8.854326e-04
5.078535e-02
6.981693e-01
5.592557e-01
2.380229e-01
1.721427e-02
2.153209e-01
6.028530e-02
0
0
0
6.899606e-02
0
0
2.701549e-01
1.483506e-01
0
0
5.705472e-01
2.685255e-01
0
2.349524e-01
0
3.258735e-01
2.484334e-01
0
2.916792e-01
2.432572e-01
3.483967e-01
5.754507e-02
0
0
1.991646e-01
2.253238e-01
4.805789e-01
0
2.682330e-01
0
2.081787e-01
0
0
0
0
0
0
0
0
0
0
0
0
0
0
0
3.413993e-01
3.672360e-01
0
0
0
0
8.368331e-02
0
1.338898e-01
1.818543e-01
5.830600e-01
4.102197e-01
1.207248e-01
2.429125e-03
0
0
0
0
4.873960e-03
4.850985e-02
2.153829e-01
1.035530e-01
0
0
0
0
3.030159e-01
1.256003e-01
0
2.062492e-01
9.065964e-02
1.533859e-02
0
0
2.840703e-01
1.132861e-01
3.881023e-01
0
0
0
5.988605e-01
2.442807e-01
1
8.251705e-01
0
0
0
0
0
0
0
0
0
0
9.256748e-02
1.468094e-01
0
0
0
0
4.379021e-01
9.711530e-02
5.442272e-02
0
3.988479e-01
5.031157e-02
0
3.603297e-01
0
3.686867e-01
1.043724e-01
0
2.434108e-01
1.326006e-01
0
1.194429e-01
0
4.878651e-01
0
3.269824e-01
2.388648e-01
3.228889e-01
9.624116e-03
4.316338e-01
0
5.341716e-02
0
0
0
3.835483e-03
9.331699e-02
1.723594e-02
0
0
0
2.189324e-01
5.606689e-01
0
0
0
4.094472e-02
0
0
0
0
0
0
0
0
9.934798e-03
0
0
0
0
0
0
3.432450e-01
5.456285e-01
7.485042e-02
0
0
0
0
6.632724e-02
0
2.429487e-01
5.747079e-01
5.506701e-01
0
8.159058e-02
2.955304e-02
6.495190e-02
0
9.032991e-03
7.882407e-02
9.516909e-02
3.179215e-01
2.648547e-01
0
6.998189e-02
0
1.434268e-01
3.644495e-01
3.616082e-01
7.749835e-02
3.220709e-01
1.406168e-01
2.310103e-01
0
0
3.661363e-01
4.685871e-01
3.385861e-01
0
0
0
4.622097e-01
2.637990e-01
8.251705e-01
1
0
0
0
0
0
0
0
0
0
0
0
1.920309e-01
0
0
0
0
4.362918e-01
3.361434e-01
2.711231e-01
0
5.178792e-01
2.132246e-01
0
0
0
0
0
8.160344e-02
2.431432e-03
7.960160e-03
0
0
0
2.241504e-01
0
1.698216e-01
2.087497e-01
8.512554e-02
1.833777e-01
2.793822e-01
0
0
0
0
0
0
0
3.525556e-02
6.270940e-01
4.674165e-01
0
0
0
0
0
1.885235e-01
0
0
7.641944e-02
1.705090e-01
1.633028e-01
2.586025e-01
0
4.197161e-02
6.555151e-01
2.231810e-01
5.744765e-01
7.311403e-01
7.679936e-02
2.316435e-01
0
1.658101e-01
0
0
1.749979e-01
7.710696e-02
4.995314e-01
2.336177e-01
0
0
3.097670e-02
0
0
0
0
2.662660e-01
0
0
1.747664e-01
4.784623e-02
0
1.315136e-03
0
0
1.970051e-01
0
2.340188e-01
2.371715e-01
0
0
0
0
0
0
7.650477e-01
3.856842e-01
9.342448e-02
0
0
0
3.848980e-01
4.435917e-01
0
0
0
0
1
7.600745e-01
2.408795e-01
4.308099e-01
4.330097e-01
6.157239e-01
4.004855e-01
4.443997e-01
6.372053e-02
0
3.118389e-01
1.035116e-01
5.833768e-01
3.493205e-02
2.017396e-01
0
0
0
0
0
0
0
2.708828e-01
1.539798e-02
6.502816e-02
0
1.912133e-01
0
1.259068e-02
3.037512e-01
6.186715e-01
5.420651e-01
3.585374e-01
0
6.968932e-01
4.596554e-01
0
0
2.957323e-01
0
0
1.831426e-01
2.933353e-01
6.913275e-01
2.877025e-01
7.290296e-02
1.622672e-01
0
4.898814e-01
2.654698e-01
0
0
0
2.053294e-01
3.787037e-02
2.228675e-01
0
0
1.887146e-01
0
1.492012e-02
2.192669e-01
0
0
5.346597e-01
2.487054e-02
4.572888e-01
6.687893e-01
0
2.326174e-01
3.509134e-01
6.054564e-01
1.166546e-01
0
2.072223e-01
0
1.317792e-01
0
0
0
0
0
0
0
1.492004e-01
1.374438e-01
0
0
1.660812e-02
1.637443e-01
0
0
0
0
2.905390e-02
0
0
8.519197e-02
9.937167e-02
4.070939e-02
0
0
0
0
7.082350e-01
9.063984e-02
3.709570e-02
0
0
0
0
5.305564e-02
0
1.546656e-01
0
0
7.600745e-01
1
4.043082e-01
4.629730e-01
4.815254e-01
6.493934e-01
4.156147e-01
5.999546e-01
0
0
3.862813e-01
1.323021e-01
1.716301e-01
1.496356e-01
0
0
0
0
0
0
0
0
4.211557e-01
1.967489e-01
4.134690e-01
1.757155e-01
2.448393e-01
0
0
4.162112e-01
2.586025e-01
4.578332e-01
3.529459e-01
6.110351e-02
5.623289e-01
3.145385e-01
1.204290e-01
1.583315e-01
3.623255e-01
0
0
2.926480e-01
4.354458e-01
3.428462e-01
4.562746e-01
1.493409e-01
3.531227e-01
0
2.914190e-01
2.279652e-01
1.583921e-01
0
0
2.700183e-02
2.109500e-01
9.484006e-02
0
3.036854e-02
1.144231e-01
1.220854e-01
1.772375e-01
5.710675e-03
1.774833e-01
1.404623e-01
5.258922e-01
2.932397e-01
4.161907e-01
3.504787e-01
1.816927e-01
4.480941e-01
2.067549e-01
1.638760e-03
0
0
3.679622e-02
0
4.331221e-01
2.293928e-01
0
0
0
0
0
0
1.858460e-01
0
0
0
2.030842e-01
0
0
0
0
0
0
0
0
0
0
0
7.220593e-02
1.184606e-02
0
0
3.801689e-01
1.214394e-01
4.139542e-02
0
0
1.260110e-01
0
0
0
2.147438e-01
0
0
2.408795e-01
4.043082e-01
1
7.541679e-01
6.076470e-01
4.462318e-01
6.616842e-01
3.674545e-01
2.713476e-01
2.347675e-01
3.864547e-01
0
5.424035e-02
0
1.434825e-01
8.862637e-02
1.193326e-01
0
0
0
0
0
3.542457e-01
3.865382e-01
1.885498e-01
1.372936e-01
0
0
0
0
0
2.791964e-03
2.929059e-01
3.233328e-01
1.350058e-01
2.918417e-01
0
8.104901e-02
5.542904e-02
3.074039e-02
0
0
2.328057e-02
1.543820e-01
2.738313e-01
2.324650e-01
0
0
3.276016e-01
5.108240e-01
1.842303e-01
0
0
1.665384e-01
1.350136e-01
3.418859e-01
0
1.122528e-01
3.816205e-02
1.521893e-01
2.458322e-01
2.482135e-01
3.750976e-01
3.121256e-01
6.447413e-01
2.459821e-01
5.949097e-01
5.150691e-01
2.385653e-01
6.277043e-01
3.921345e-01
1.657608e-01
0
0
9.798934e-02
0
5.694030e-01
2.733272e-01
1.648876e-01
0
0
0
0
0
4.657032e-02
0
0
0
3.234510e-01
8.352102e-02
0
0
0
0
0
0
0
0
0
0
1.165697e-02
0
0
0
4.990887e-01
1.124526e-01
0
0
0
1.669810e-01
0
5.594230e-02
0
0
0
0
4.308099e-01
4.629730e-01
7.541679e-01
1
5.770227e-01
4.582148e-01
5.797436e-01
4.048488e-01
3.641978e-01
3.685829e-01
3.441056e-01
3.238629e-02
2.508856e-01
0
2.772611e-01
1.137445e-01
0
0
0
0
0
0
3.495186e-01
1.231557e-01
2.373307e-01
0
0
0
0
0
8.109201e-02
1.271680e-01
3.944345e-01
0
2.789265e-01
0
0
0
6.016363e-02
0
0
0
0
2.974938e-01
1.095513e-01
2.305168e-01
0
0
4.835098e-01
2.896762e-01
0
0
0
0
2.363173e-01
4.806697e-02
0
0
0
0
0
1.035890e-01
0
6.454094e-02
4.191538e-01
0
3.639152e-01
5.349038e-01
2.525653e-01
4.214899e-01
2.680882e-01
1.298572e-01
1.925934e-01
0
2.610350e-01
0
2.547392e-01
9.317991e-02
0
0
0
0
0
0
3.363595e-01
0
0
3.411207e-02
4.278810e-01
1.958211e-01
0
4.968341e-02
0
0
5.631643e-02
0
7.836544e-02
6.723062e-02
2.070247e-01
0
1.188912e-01
0
8.564530e-02
0
6.110423e-01
1.621878e-01
1.857154e-01
0
0
0
0
1.674340e-01
0
7.153749e-02
0
0
4.330097e-01
4.815254e-01
6.076470e-01
5.770227e-01
1
7.978480e-01
7.864225e-01
6.742976e-01
2.111159e-01
2.304914e-01
2.416380e-01
0
0
0
2.160784e-02
5.203546e-02
0
0
0
6.169521e-02
0
0
0
1.176325e-01
0
2.181242e-02
0
0
0
1.620414e-01
3.101882e-01
2.924298e-01
4.036596e-02
1.166309e-01
1.985478e-01
1.559010e-01
0
0
4.802464e-02
0
1.355626e-01
7.415450e-02
0
4.821066e-02
3.653188e-01
3.147832e-01
1.120949e-01
0
6.280400e-01
3.623022e-01
3.379407e-03
0
0
0
1.363423e-01
0
0
0
5.975173e-02
0
8.525866e-02
3.549257e-02
0
0
3.530637e-01
2.054649e-01
4.772759e-01
5.480522e-01
6.048789e-02
3.391897e-01
3.193165e-01
2.699711e-01
2.029983e-01
0
2.200344e-01
0
1.594062e-01
0
0
0
0
0
0
0
2.431349e-01
1.679622e-01
0
0
3.649009e-01
2.629450e-01
0
0
0
0
0
0
0
0
2.627880e-01
2.001414e-02
1.144418e-01
0
0
0
7.481065e-01
3.634232e-01
3.290626e-01
0
0
0
7.160998e-02
2.318940e-01
1.734672e-03
1.046217e-01
0
0
6.157239e-01
6.493934e-01
4.462318e-01
4.582148e-01
7.978480e-01
1
6.642219e-01
8.666142e-01
0
3.194183e-02
3.518825e-01
0
4.204665e-02
0
0
0
0
0
0
0
0
0
1.630922e-01
2.178359e-01
0
3.753032e-02
0
0
0
3.030359e-01
3.258068e-01
3.881923e-01
2.918334e-01
2.135255e-01
4.260323e-01
1.969136e-01
2.790937e-04
1.600618e-01
3.010840e-01
0
8.273575e-02
4.363242e-02
3.870049e-04
1.731451e-01
4.495680e-01
1.971864e-01
2.694863e-01
0
4.361519e-01
3.055575e-01
0
0
0
0
2.799947e-01
8.039220e-03
0
0
0
0
4.612656e-02
0
0
0
2.899617e-01
4.870627e-02
2.839764e-01
3.895697e-01
3.315690e-01
5.193574e-01
6.450022e-02
0
1.704644e-01
0
3.898770e-01
0
2.256107e-01
0
0
0
0
0
0
0
1.175383e-01
0
4.837515e-02
2.623456e-03
3.331968e-01
1.174828e-01
0
0
0
0
0
0
4.672183e-03
2.934852e-02
2.771316e-01
0
1.730384e-01
9.224856e-03
7.359881e-02
6.452395e-02
4.961091e-01
3.586827e-01
3.334361e-01
0
6.183245e-02
2.773561e-02
0
2.438582e-01
0
1.150222e-01
0
0
4.004855e-01
4.156147e-01
6.616842e-01
5.797436e-01
7.864225e-01
6.642219e-01
1
6.559930e-01
3.272969e-01
3.008294e-01
3.839203e-02
0
0
0
0
0
0
0
0
7.450993e-02
0
0
2.483429e-01
3.805349e-01
0
0
0
0
0
0
2.526072e-01
3.832968e-01
1.821281e-01
3.381933e-02
2.134685e-01
3.199007e-01
3.024589e-02
0
0
0
1.320886e-01
0
0
0
3.379277e-01
3.357675e-01
0
0
5.020566e-01
3.811288e-01
3.786830e-02
0
2.660464e-02
0
2.175529e-01
9.792948e-02
0
0
0
0
6.596597e-02
8.715288e-02
0
0
7.263640e-02
0
4.215283e-01
4.675813e-01
0
3.057331e-01
4.639786e-01
4.108290e-01
1.770727e-01
0
2.486618e-01
0
3.073995e-02
0
0
0
0
0
0
0
9.689788e-03
0
0
0
8.177518e-02
9.709470e-02
0
0
0
0
2.262955e-02
0
0
0
2.893105e-01
2.882682e-02
1.399819e-01
1.882321e-02
0
0
5.819647e-01
3.052556e-01
2.362667e-01
0
7.861902e-02
7.595618e-02
5.620959e-02
1.716964e-01
1.245378e-01
2.744095e-01
0
0
4.443997e-01
5.999546e-01
3.674545e-01
4.048488e-01
6.742976e-01
8.666142e-01
6.559930e-01
1.000000e+00
0
0
4.251237e-02
0
0
0
0
0
0
0
0
0
0
0
3.361171e-01
2.558680e-01
2.260118e-01
9.421854e-02
0
0
0
2.872579e-01
3.152369e-01
3.793568e-01
2.329801e-01
7.807272e-02
4.150706e-01
3.774169e-02
1.926042e-01
7.180588e-02
1.049463e-01
0
1.300944e-01
0
0
1.296965e-02
5.143860e-01
3.106757e-01
1.613864e-01
0
0
0
0
0
0
0
8.943905e-02
1.977126e-01
7.306768e-03
2.297198e-01
0
2.882257e-02
5.606893e-02
3.803784e-02
6.356097e-02
2.304643e-01
2.875990e-01
1.861066e-01
0
0
0
0
5.208002e-02
0
0
0
0
0
2.804772e-01
2.407877e-01
2.319549e-01
9.395957e-02
0
0
0
0
3.507009e-01
2.081761e-01
5.618717e-01
1.128088e-01
5.339232e-01
0
2.665456e-01
2.821176e-01
1.031734e-01
1.501949e-01
2.023814e-01
1.487964e-01
1.086413e-01
1.556488e-01
0
0
0
6.219499e-02
2.505152e-01
3.266372e-01
9.977199e-02
0
0
0
0
1.763576e-01
0
0
0
0
0
0
6.372053e-02
0
2.713476e-01
3.641978e-01
2.111159e-01
0
3.272969e-01
0
1
7.378042e-01
1.432571e-01
0
1.671815e-01
0
5.818749e-01
2.861121e-01
0
0
2.680588e-01
2.571383e-01
0
6.195946e-02
1.387918e-01
1.702587e-01
0
0
0
0
0
0
2.023225e-01
0
5.634610e-02
0
0
0
0
0
0
0
2.302092e-01
0
0
2.012690e-01
1.185579e-03
0
0
0
0
5.538515e-02
0
0
0
0
0
9.977085e-02
0
0
0
3.155757e-01
0
1.802290e-01
0
3.281895e-01
1.765121e-01
3.894526e-01
0
0
5.492289e-02
8.547549e-02
0
0
1.157604e-01
0
2.386680e-01
0
7.913089e-02
3.571631e-01
0
0
0
0
0
0
1.530160e-01
2.548314e-01
4.976059e-01
9.719574e-02
4.400770e-01
0
2.048156e-02
7.526199e-02
0
0
0
0
2.286500e-02
5.897589e-02
2.667490e-01
2.914582e-01
3.902325e-01
3.630147e-01
3.154306e-01
4.603941e-01
1.929259e-01
1.908902e-01
1.003102e-01
1.656412e-01
0
1.405149e-01
2.748939e-02
1.449101e-01
0
0
0
0
0
0
2.347675e-01
3.685829e-01
2.304914e-01
3.194183e-02
3.008294e-01
0
7.378042e-01
1
9.211822e-02
0
7.782127e-02
0
4.636888e-01
5.877088e-01
0
1.164634e-02
4.672062e-01
6.256515e-01
1.860251e-01
5.133050e-01
1.346414e-02
0
0
0
0
0
0
0
0
0
2.549564e-01
0
0
0
0
0
0
0
0
0
0
0
0
8.703868e-03
0
0
6.102358e-02
0
3.163137e-01
0
0
0
0
0
0
0
2.712782e-01
0
0
0
7.659236e-02
0
6.546986e-01
6.588187e-01
1.044454e-02
0
0
1.991679e-02
2.580409e-01
4.320480e-03
0
0
0
0
2.365993e-01
1.777598e-01
1.545542e-01
0
0
0
4.010790e-02
0
5.066383e-01
1.788722e-01
7.316902e-02
0
3.861923e-01
4.698969e-01
0
0
0
0
0
0
0
0
0
3.397503e-02
0
4.025208e-02
0
0
4.203572e-01
0
4.010247e-02
0
0
0
0
0
1.778820e-01
0
9.256748e-02
0
3.118389e-01
3.862813e-01
3.864547e-01
3.441056e-01
2.416380e-01
3.518825e-01
3.839203e-02
4.251237e-02
1.432571e-01
9.211822e-02
1
6.548083e-01
5.312321e-01
2.023679e-01
3.475450e-01
6.265172e-02
3.436567e-01
0
0
0
0
1.700914e-02
2.662088e-02
1.519553e-01
4.024437e-02
3.257707e-01
1.645387e-02
0
0
2.121922e-01
3.842795e-02
2.277253e-01
2.331790e-01
4.813445e-01
4.345845e-02
7.564079e-02
0
4.351458e-01
5.049623e-01
3.626882e-01
0
1.309240e-01
2.596850e-01
4.652563e-01
7.269470e-02
1.524851e-01
3.169485e-01
0
0
0
2.878408e-01
0
0
3.565155e-02
0
0
3.191796e-02
0
4.818296e-01
0
0
0
2.205925e-01
0
4.376896e-01
5.722329e-01
0
0
0
0
1.168798e-01
1.465274e-01
0
0
0
0
2.197058e-02
7.934386e-02
3.858750e-01
1.399633e-01
0
0
2.773924e-01
9.944359e-02
2.229759e-01
1.509505e-01
0
0
5.057744e-02
2.489982e-01
5.240832e-02
5.666834e-03
1.267326e-01
1.437615e-01
0
0
0
1.015936e-01
0
7.138526e-02
0
4.786984e-02
0
0
1.628861e-02
0
0
0
0
0
0
0
1.915262e-01
0
1.468094e-01
1.920309e-01
1.035116e-01
1.323021e-01
0
3.238629e-02
0
0
0
0
0
0
6.548083e-01
1.000000e+00
5.032814e-01
2.086402e-01
2.581026e-01
0
5.096499e-01
0
0
0
0
0
0
0
2.153303e-01
2.232208e-01
1.445840e-01
1.958501e-01
0
5.928186e-02
0
1.097074e-01
1.264459e-01
3.450586e-01
1.555051e-02
1.714333e-02
0
2.398359e-01
5.668998e-01
3.110452e-01
0
0
1.994256e-01
3.595234e-01
0
0
8.535240e-03
1.757574e-01
8.098875e-02
1.801236e-01
0
0
0
0
0
0
0
0
4.012052e-02
1.371973e-01
2.287351e-02
0
1.791266e-01
0
6.544199e-01
5.729702e-01
2.290261e-01
1.667097e-01
0
0
0
0
0
0
0
4.368732e-02
6.345494e-01
5.733568e-01
0
0
0
0
0
0
0
2.637066e-01
1.062701e-01
0
1.735912e-01
9.522304e-02
2.540130e-01
2.722746e-01
1.427177e-01
2.824815e-01
3.261096e-01
2.438639e-01
2.405132e-01
2.784454e-01
0
0
0
0
0
0
3.506530e-01
2.320541e-01
0
0
0
0
4.823701e-01
2.054251e-01
0
0
0
0
5.833768e-01
1.716301e-01
5.424035e-02
2.508856e-01
0
4.204665e-02
0
0
1.671815e-01
7.782127e-02
5.312321e-01
5.032814e-01
1.000000e+00
2.959706e-01
6.210294e-01
2.259093e-01
0
0
1.177700e-01
0
0
0
0
0
0
0
1.146395e-01
2.979022e-01
0
1.498490e-01
5.014000e-01
3.189380e-01
1.755773e-01
0
3.130896e-01
1.948908e-01
0
9.619378e-02
3.288550e-01
0
0
0
2.363653e-01
8.502428e-01
0
0
0
1.535624e-01
0
7.010446e-03
0
0
0
2.634276e-01
0
8.248456e-02
0
0
0
2.580048e-01
0
3.577962e-01
0
3.356971e-01
8.899217e-02
1.684251e-01
0
0
0
0
4.943788e-02
1.628243e-01
0
0
1.568883e-01
4.970692e-02
0
9.419827e-02
0
0
0
0
0
0
0
2.289023e-01
0
1.206582e-01
0
5.542019e-02
0
0
0
0
1.607182e-02
9.595722e-02
0
3.601130e-02
0
2.760391e-01
1.173508e-01
0
1.319719e-01
2.214321e-01
1.098553e-01
2.603581e-02
5.251904e-02
1.835443e-01
0
0
1.357463e-01
0
0
1.724915e-01
0
0
3.493205e-02
1.496356e-01
0
0
0
0
0
0
0
0
2.023679e-01
2.086402e-01
2.959706e-01
1
0
1.453342e-01
2.563578e-01
6.656044e-01
0
1.615181e-01
1.322685e-01
2.533883e-01
5.021801e-02
0
2.699132e-01
0
1.532394e-01
2.750085e-01
1.636911e-02
3.701491e-01
1.607969e-01
0
1.857370e-01
0
1.629603e-01
0
2.219612e-01
2.631105e-01
1.906843e-01
8.521267e-02
0
4.232786e-01
6.414423e-01
1.445531e-02
0
1.411073e-01
2.882411e-01
1.728442e-01
3.187321e-02
1.679523e-01
0
0
0
0
0
7.913350e-02
0
7.215385e-02
1.180868e-01
3.461524e-01
2.189710e-01
1.354241e-01
4.286821e-01
4.274263e-01
4.782663e-01
5.304533e-01
1.927990e-01
8.671333e-02
0
0
0
0
0
0
0
4.359022e-02
5.495597e-01
8.116206e-01
4.431463e-02
2.251124e-01
0
0
0
0
2.283866e-01
3.248853e-01
6.591959e-01
3.259190e-01
5.661033e-01
0
3.878345e-02
5.625208e-02
0
4.556982e-02
0
0
2.438158e-03
1.372168e-02
0
0
0
0
1.130932e-01
0
1.227616e-01
1.365452e-01
0
0
0
0
1.363049e-01
2.094717e-01
0
0
0
0
2.017396e-01
0
1.434825e-01
2.772611e-01
2.160784e-02
0
0
0
5.818749e-01
4.636888e-01
3.475450e-01
2.581026e-01
6.210294e-01
0
1
6.755565e-01
0
0
3.812848e-01
3.717393e-01
0
0
0
0
0
0
0
1.204596e-01
0
0
2.058791e-01
0
1.417258e-01
0
0
0
0
0
1.017236e-01
0
0
0
0
4.755687e-01
0
0
0
0
2.944269e-03
1.343467e-01
0
0
0
0
0
1.955508e-03
0
0
0
5.663389e-01
0
2.862404e-01
1.657530e-01
5.594462e-01
2.103388e-01
3.921439e-01
9.327977e-02
9.348735e-02
3.641664e-01
1.412388e-01
0
0
0
0
2.372600e-01
2.418005e-01
2.516781e-01
7.945643e-01
0
4.466522e-02
0
0
0
0
6.841315e-02
2.183756e-01
6.502229e-01
3.372369e-01
3.625225e-01
0
0
0
0
0
0
0
0
0
2.516596e-02
6.016902e-02
2.474145e-01
1.864824e-02
3.234581e-01
2.054367e-01
3.137992e-02
2.182830e-01
6.812818e-02
6.521385e-02
0
0
2.308796e-01
2.850346e-01
0
0
0
0
0
0
8.862637e-02
1.137445e-01
5.203546e-02
0
0
0
2.861121e-01
5.877088e-01
6.265172e-02
0
2.259093e-01
1.453342e-01
6.755565e-01
1
0
1.537147e-01
4.871943e-01
7.814909e-01
2.167361e-01
3.982857e-01
0
0
0
0
0
0
0
0
0
0
1.438334e-01
0
0
0
0
0
0
1.001276e-02
0
2.370775e-01
3.983534e-02
1.702039e-03
0
0
0
0
0
0
5.115027e-01
2.903075e-01
1.250042e-01
0
7.413049e-02
0
8.050125e-02
0
4.386282e-01
0
4.447146e-03
0
2.488417e-01
0
0
3.671790e-01
0
0
0
0
1.850764e-01
7.531503e-02
9.869567e-02
0
0
0
0
0
1.807190e-01
0
0
0
5.242742e-01
3.042599e-01
1.080233e-01
0
0
0
0
1.464378e-01
0
0
0
0
0
0
0
0
4.177559e-02
1.983328e-01
1.973778e-01
4.625828e-01
0
0
0
0
1.840410e-01
2.246777e-01
1.665841e-01
0
0
0
6.211945e-01
4.276845e-01
4.379021e-01
4.362918e-01
0
0
1.193326e-01
0
0
0
0
0
0
0
3.436567e-01
5.096499e-01
0
2.563578e-01
0
0
1
3.643573e-01
3.811898e-02
0
4.712941e-01
3.251613e-01
9.567101e-02
2.252351e-01
2.231309e-01
3.852105e-01
1.245064e-01
1.849286e-01
0
0
0
0
1.503711e-01
5.132356e-01
0
8.709347e-03
2.642710e-01
6.131509e-01
2.261784e-01
5.171438e-01
1.875267e-03
4.035818e-02
2.714605e-01
0
0
0
2.259146e-01
3.347531e-01
0
0
0
3.467977e-01
4.131139e-01
1.750221e-01
0
3.294239e-02
0
0
0
2.321722e-01
0
3.194148e-01
0
3.140710e-01
0
0
0
0
8.744674e-02
0
1.464633e-01
1.696763e-01
2.859460e-01
1.997916e-01
3.149236e-01
1.158114e-01
0
0
0
0
0
0
2.327560e-01
2.730877e-01
0
6.209375e-02
0
1.467837e-01
0
0
0
0
0
0
0
0
0
0
3.381709e-01
5.154185e-01
3.886262e-01
2.566862e-01
1.739267e-01
3.187633e-01
0
0
1.537713e-01
3.907947e-01
0
1.602263e-01
0
0
1.527588e-01
5.788597e-01
9.711530e-02
3.361434e-01
0
0
0
0
0
0
0
0
0
1.164634e-02
0
0
0
6.656044e-01
0
1.537147e-01
3.643573e-01
1
8.886106e-03
3.280947e-01
5.070309e-01
5.359219e-01
0
0
1.118143e-01
0
0
2.223534e-02
0
1.107009e-01
0
0
0
0
0
0
2.334575e-01
7.455734e-02
0
7.310524e-02
0
2.386463e-01
2.167996e-01
0
0
1.264570e-02
1.034879e-01
3.632004e-02
0
0
0
0
1.259186e-03
0
0
0
0
0
0
4.715048e-01
0
0
0
4.175151e-02
0
4.290501e-01
0
0
0
0
0
0
0
0
1.804599e-01
2.490420e-01
2.589495e-03
4.418597e-01
0
0
0
0
2.896218e-02
0
0
3.665370e-01
3.555822e-01
5.065273e-02
0
0
0
0
2.620084e-03
4.049944e-02
0
0
0
0
1.578465e-01
1.115466e-01
2.392666e-01
3.150930e-01
1.413618e-01
2.085884e-01
4.875113e-02
4.778275e-01
3.481567e-01
5.579106e-01
4.370853e-01
7.114358e-02
4.794970e-01
3.051517e-01
0
8.854326e-04
5.442272e-02
2.711231e-01
0
0
0
0
0
0
0
0
2.680588e-01
4.672062e-01
0
0
1.177700e-01
0
3.812848e-01
4.871943e-01
3.811898e-02
8.886106e-03
1.000000e+00
3.889551e-01
4.645654e-01
4.720424e-01
0
0
0
0
0
5.910311e-02
0
0
0
0
1.497012e-01
0
0
8.982116e-02
0
0
2.391327e-02
0
0
0
0
0
0
0
0
4.167438e-02
0
0
0
0
1.589475e-01
0
0
0
0
0
0
2.642422e-01
0
6.648352e-02
0
2.761117e-01
0
2.926185e-01
0
0
2.793594e-01
1.005226e-01
0
0
1.592506e-01
1.473342e-01
3.655595e-01
0
0
3.999263e-01
0
0
0
0
0
2.275031e-02
1.281521e-01
1.694316e-01
6.280930e-01
4.243262e-01
4.421112e-01
1.342803e-01
0
0
0
0
0
0
0
0
3.035427e-01
3.706815e-01
4.849975e-01
3.228199e-01
5.797834e-01
5.715519e-01
0
2.691240e-01
2.811026e-01
2.326439e-01
0
0
5.228279e-02
5.959639e-02
0
5.078535e-02
0
0
0
0
0
0
6.169521e-02
0
7.450993e-02
0
2.571383e-01
6.256515e-01
0
0
0
1.615181e-01
3.717393e-01
7.814909e-01
0
3.280947e-01
3.889551e-01
1
4.481271e-01
6.487374e-01
0
0
0
0
0
0
4.374174e-02
0
0
0
1.478834e-01
0
0
0
0
0
0
0
0
3.609646e-01
3.102718e-02
0
0
1.487100e-01
2.675192e-02
0
2.967131e-02
0
0
1.221789e-01
5.152573e-01
0
0
0
0
0
0
2.483648e-01
0
0
0
0
0
2.473813e-01
0
0
1.317750e-01
0
0
0
4.111453e-01
6.239176e-02
4.775758e-01
0
0
0
0
0
0
0
2.399518e-01
9.275970e-02
0
1.450531e-01
7.780572e-02
1.131705e-01
0
0
0
0
0
0
0
0
0
0
7.490125e-01
6.809936e-01
8.021566e-01
7.644686e-01
2.057939e-01
3.215770e-01
0
3.658575e-01
7.425105e-01
7.087127e-01
2.685557e-01
0
9.009481e-02
0
2.866797e-01
6.981693e-01
3.988479e-01
5.178792e-01
0
0
0
0
0
0
0
0
0
1.860251e-01
0
0
0
1.322685e-01
0
2.167361e-01
4.712941e-01
5.070309e-01
4.645654e-01
4.481271e-01
1
8.740463e-01
1.312591e-02
0
0
0
0
0
0
0
0
0
3.260920e-01
1.160713e-01
0
1.338893e-02
4.507674e-01
2.365647e-01
0
1.252125e-01
0
4.052036e-01
1.832197e-01
0
1.675583e-01
2.073886e-01
2.391579e-01
8.569727e-02
0
2.840133e-03
0
0
2.703797e-01
0
0
0
0
0
0
3.535640e-01
0
1.045625e-01
0
2.168068e-01
0
3.456219e-01
0
0
5.386754e-02
0
0
0
2.813603e-01
0
4.318405e-01
0
0
3.770992e-02
0
0
0
0
1.236421e-01
6.213407e-03
0
2.520760e-01
1.869532e-01
1.637781e-01
7.239427e-02
0
0
0
0
0
0
0
0
0
7.039477e-01
7.593037e-01
8.760799e-01
7.934656e-01
3.317528e-01
4.875936e-01
6.930714e-02
3.877594e-01
6.184785e-01
6.952321e-01
9.506929e-03
0
7.417257e-02
0
1.141978e-01
5.592557e-01
5.031157e-02
2.132246e-01
0
0
0
0
0
0
0
0
6.195946e-02
5.133050e-01
1.700914e-02
0
0
2.533883e-01
0
3.982857e-01
3.251613e-01
5.359219e-01
4.720424e-01
6.487374e-01
8.740463e-01
1
5.646613e-02
0
0
0
0
0
0
0
0
0
4.949422e-01
0
2.007860e-02
0
2.842548e-01
1.304511e-01
0
0
9.336054e-04
3.975373e-01
1.453713e-01
0
1.432846e-01
2.537403e-01
1.742222e-01
0
2.834476e-01
3.337684e-01
6.503059e-02
1.031264e-01
0
2.746892e-01
1.849477e-01
3.396853e-01
2.277986e-02
2.780541e-01
1.254317e-01
1.297999e-01
2.377744e-01
2.355179e-01
1.461856e-01
1.862304e-01
6.453086e-03
2.544384e-02
3.228441e-01
2.802126e-01
4.685067e-02
2.131678e-01
3.230079e-01
2.715652e-01
0
0
3.136294e-02
0
1.183156e-01
0
3.808285e-02
0
0
0
0
0
0
0
0
0
0
0
0
0
0
0
0
0
0
0
0
0
7.824196e-02
1.175176e-01
0
0
1.920743e-01
2.239246e-01
2.032234e-02
0
9.749610e-02
9.968147e-02
4.895188e-02
0
5.934287e-02
2.380229e-01
0
0
2.708828e-01
4.211557e-01
3.542457e-01
3.495186e-01
0
1.630922e-01
2.483429e-01
3.361171e-01
1.387918e-01
1.346414e-02
2.662088e-02
0
0
5.021801e-02
0
0
9.567101e-02
0
0
0
1.312591e-02
5.646613e-02
1
4.456321e-01
6.814020e-01
1.408693e-01
3.713737e-01
0
1.271030e-01
0
1.190651e-01
0
5.531598e-01
0
3.149539e-01
3.898061e-02
2.010798e-01
2.222305e-01
0
0
4.635965e-03
4.530971e-02
2.753702e-01
2.024277e-01
3.774808e-01
2.145726e-01
1.762139e-01
0
1.222324e-02
0
4.743416e-01
1.262883e-01
2.207388e-02
4.017100e-02
7.351528e-01
0
4.375447e-01
3.736040e-01
3.176080e-01
0
4.030474e-01
0
0
0
0
0
3.030665e-02
0
0
2.799525e-01
3.031644e-01
1.659624e-01
1.333944e-01
0
0
0
8.642717e-02
0
4.226690e-01
1.162936e-03
2.636685e-01
0
1.856892e-01
1.196433e-01
4.173223e-01
0
5.010518e-02
0
2.310816e-01
6.395351e-02
0
0
4.901152e-02
0
0
0
0
0
0
0
0
2.162228e-02
0
0
0
0
0
0
1.770107e-01
0
0
0
4.996306e-01
1.721427e-02
3.603297e-01
0
1.539798e-02
1.967489e-01
3.865382e-01
1.231557e-01
1.176325e-01
2.178359e-01
3.805349e-01
2.558680e-01
1.702587e-01
0
1.519553e-01
0
0
0
0
0
2.252351e-01
0
0
0
0
0
4.456321e-01
1.000000e+00
3.883265e-01
5.394639e-01
2.297016e-01
0
1.838904e-01
0
0
2.478433e-01
0
5.507097e-01
0
2.879523e-01
0
2.434059e-01
0
1.338593e-01
1.569192e-01
0
0
1.099466e-01
2.162185e-01
0
0
0
0
0
2.452920e-01
1.967021e-01
0
7.147745e-01
1.449508e-01
4.976402e-01
2.923292e-01
6.357274e-01
2.572017e-01
0
1.029364e-02
2.372923e-01
1.735465e-01
1.447642e-01
0
0
2.006454e-01
1.257341e-01
0
1.320087e-01
5.720351e-01
6.091245e-01
0
0
0
0
0
0
2.945846e-01
0
0
0
1.346426e-01
1.101142e-01
3.606110e-02
1.673883e-02
0
0
0
0
0
0
0
0
3.810334e-02
2.024209e-02
0
0
0
0
0
0
0
0
0
0
0
0
0
3.062080e-01
0
0
2.762787e-01
2.153209e-01
0
0
6.502816e-02
4.134690e-01
1.885498e-01
2.373307e-01
0
0
0
2.260118e-01
0
0
4.024437e-02
2.153303e-01
0
2.699132e-01
0
0
2.231309e-01
1.118143e-01
0
0
0
0
6.814020e-01
3.883265e-01
1
4.177894e-01
4.076652e-01
5.504724e-02
1.197212e-01
0
0
0
1.562817e-01
0
1.102661e-01
0
8.478438e-02
2.425022e-01
2.710870e-03
0
0
0
2.355765e-01
5.793337e-02
8.584848e-02
0
9.074547e-03
6.001017e-02
0
0
6.832828e-01
4.015239e-01
2.022712e-02
3.210208e-01
5.872645e-01
0
6.386088e-01
4.833109e-01
5.499620e-01
0
1.965015e-01
0
1.581601e-01
0
0
0
0
0
0
0
5.757779e-01
4.319048e-01
3.244628e-02
0
0
0
2.634271e-02
0
5.681614e-01
2.290066e-01
1.746528e-01
0
4.088439e-01
2.532096e-01
4.492996e-01
0
0
0
0
0
7.763902e-02
5.378589e-02
1.245377e-01
0
1.084589e-01
0
0
0
0
0
0
0
0
0
0
0
0
0
0
0
0
0
5.624315e-01
6.028530e-02
3.686867e-01
0
0
1.757155e-01
1.372936e-01
0
2.181242e-02
3.753032e-02
0
9.421854e-02
0
0
3.257707e-01
2.232208e-01
0
0
0
0
3.852105e-01
0
0
0
0
0
1.408693e-01
5.394639e-01
4.177894e-01
1
3.746257e-01
1.349434e-01
2.342947e-01
2.369128e-01
0
6.744680e-02
0
6.517367e-01
0
2.811832e-02
0
4.358834e-01
0
4.559113e-01
1.320496e-01
0
2.938974e-02
1.792774e-01
3.185144e-01
8.669980e-02
2.043647e-01
7.340415e-02
1.425503e-01
5.883081e-02
1.179077e-01
2.642298e-01
0
2.361747e-01
1.971642e-01
9.083551e-02
3.647447e-01
2.143285e-01
3.816085e-01
0
1.811006e-01
0
3.560179e-02
0
0
0
8.817643e-02
1.596084e-01
0
0
9.631783e-02
3.340942e-01
0
0
0
0
0
0
6.164338e-02
0
2.102897e-01
1.437456e-01
1.391204e-01
1.194367e-01
0
1.595829e-02
0
0
0
1.661910e-01
6.307610e-03
0
0
0
1.318053e-01
1.095901e-01
0
0
0
0
0
0
2.978566e-04
0
0
0
0
0
7.637482e-02
0
0
0
1.031006e-01
0
1.043724e-01
0
1.912133e-01
2.448393e-01
0
0
0
0
0
0
0
0
1.645387e-02
1.445840e-01
1.146395e-01
1.532394e-01
0
0
1.245064e-01
0
0
0
0
0
3.713737e-01
2.297016e-01
4.076652e-01
3.746257e-01
1
4.864732e-01
6.625688e-01
4.162048e-01
3.742460e-01
2.032009e-01
1.500250e-01
0
3.601467e-01
1.320887e-01
4.017822e-01
5.097574e-01
8.819634e-02
2.299651e-01
2.968994e-01
3.750444e-01
5.378599e-01
2.967781e-01
3.805730e-01
1.480355e-01
4.239141e-01
4.436321e-01
0
0
0
2.320638e-01
0
3.323076e-01
0
1.555350e-01
4.316436e-01
2.027248e-01
2.773309e-01
5.471660e-02
3.007706e-01
9.481523e-02
3.267712e-01
4.957543e-02
0
0
8.190723e-02
3.946543e-03
0
0
0
4.249476e-02
0
0
0
3.386757e-01
1.022539e-01
8.567914e-02
0
3.476678e-01
1.083274e-01
2.757030e-01
2.220731e-01
1.960031e-01
0
7.694412e-02
0
5.881552e-02
0
0
1.245002e-01
0
2.377257e-01
1.746838e-01
1.226398e-01
8.000760e-02
0
0
0
0
0
0
0
0
0
0
0
5.773745e-03
2.253267e-01
1.466293e-01
2.085721e-01
5.427908e-02
0
0
0
8.160344e-02
0
0
0
0
0
0
0
0
0
0
0
1.958501e-01
2.979022e-01
2.750085e-01
1.204596e-01
0
1.849286e-01
2.223534e-02
5.910311e-02
0
0
0
0
0
5.504724e-02
1.349434e-01
4.864732e-01
1.000000e+00
3.140199e-02
3.175003e-01
1.627359e-01
0
0
0
2.820001e-03
0
5.529046e-02
4.022434e-01
2.958491e-01
2.299369e-01
0
0
2.974115e-01
2.783028e-01
0
0
1.683237e-01
6.977862e-01
0
0
8.512683e-03
1.735457e-01
9.678136e-02
6.306792e-02
2.892195e-01
0
3.851654e-01
1.620092e-01
0
0
0
0
0
0
0
0
0
0
6.416069e-02
0
0
2.622049e-04
0
1.065721e-01
0
0
0
0
9.712005e-02
0
4.953278e-01
3.700947e-01
1.885287e-01
3.028718e-01
5.628282e-02
0
4.515088e-02
0
0
1.012596e-01
3.526943e-01
2.933304e-01
2.481800e-01
1.802227e-01
4.407340e-01
4.753794e-01
3.412270e-01
1.362613e-01
3.220850e-02
0
0
0
5.058377e-01
3.447024e-01
0
0
0
0
0
0
0
0
0
0
2.434108e-01
2.431432e-03
1.259068e-02
0
0
0
0
0
0
0
0
0
0
0
0
1.636911e-02
0
0
0
0
0
4.374174e-02
0
0
1.271030e-01
1.838904e-01
1.197212e-01
2.342947e-01
6.625688e-01
3.140199e-02
1
2.635322e-01
4.231689e-01
2.923295e-01
0
0
0
4.288726e-02
2.608261e-01
1.113300e-01
0
1.187055e-01
2.363496e-01
3.573629e-01
2.088697e-01
1.154096e-01
1.988451e-01
3.578419e-01
2.103352e-01
0
3.370714e-01
1.727335e-01
1.002114e-01
7.112660e-02
1.432536e-01
8.079306e-02
1.434051e-02
0
6.157173e-03
0
0
0
0
0
0
0
3.981122e-02
0
1.295942e-01
2.755177e-01
0
3.522039e-03
2.628788e-01
3.988894e-01
9.479182e-02
1.161833e-01
1.231320e-01
0
0
0
0
0
1.047253e-01
8.446222e-02
0
0
0
0
0
0
0
4.023710e-01
0
0
0
0
1.623398e-01
9.340742e-02
9.260694e-02
5.200311e-02
0
5.336272e-02
0
0
0
0
3.435407e-01
5.994123e-02
1.102517e-01
0
2.459859e-02
0
6.584510e-02
0
5.059164e-02
6.899606e-02
1.326006e-01
7.960160e-03
3.037512e-01
4.162112e-01
0
0
1.620414e-01
3.030359e-01
0
2.872579e-01
0
0
2.121922e-01
5.928186e-02
1.498490e-01
3.701491e-01
0
0
0
1.107009e-01
0
0
0
0
0
0
0
2.369128e-01
4.162048e-01
3.175003e-01
2.635322e-01
1.000000e+00
3.203043e-01
3.660998e-01
1.948967e-02
0
3.148523e-01
2.023076e-02
4.486454e-01
4.293687e-01
2.863159e-01
3.540845e-01
0
4.759632e-01
5.512018e-01
1.715748e-01
2.094554e-01
3.941495e-01
7.143798e-01
4.348635e-01
3.989676e-01
3.912855e-01
0
0
0
0
0
1.222227e-01
0
0
0
0
0
1.374122e-01
0
3.656480e-02
2.044546e-01
0
2.633472e-01
4.133094e-01
0
0
0
0
0
0
0
0
3.771443e-01
1.473341e-01
0
0
6.836948e-02
0
0
0
0
2.772732e-01
0
7.735446e-02
1.926325e-01
9.831656e-02
2.299522e-01
2.969821e-01
0
1.385257e-01
5.356748e-01
3.743566e-01
4.553961e-01
2.936408e-01
0
0
0
0
3.845971e-01
2.152740e-01
4.173275e-01
4.006930e-01
5.897456e-02
0
5.166450e-02
0
3.649041e-01
2.393982e-01
0
0
0
0
6.186715e-01
2.586025e-01
0
8.109201e-02
3.101882e-01
3.258068e-01
2.526072e-01
3.152369e-01
2.023225e-01
0
3.842795e-02
0
5.014000e-01
1.607969e-01
2.058791e-01
0
0
0
0
0
0
0
1.190651e-01
0
0
0
3.742460e-01
1.627359e-01
4.231689e-01
3.203043e-01
1
4.496152e-01
1.171003e-01
0
5.112930e-01
1.461657e-01
1.643494e-04
0
3.947344e-02
0
1.920454e-01
1.748659e-01
1.325545e-01
5.623725e-01
2.583920e-01
3.190488e-01
6.206060e-02
4.327262e-03
1.184785e-01
0
0
0
0
0
1.556144e-01
0
1.047857e-02
0
0
0
0
0
0
0
3.782503e-01
0
2.048713e-02
1.666128e-01
0
1.405280e-01
0
1.139985e-01
0
2.201642e-01
0
0
2.139624e-01
0
3.734733e-02
0
4.466544e-01
2.065109e-01
0
0
1.519765e-01
0
0
0
3.557087e-02
4.420332e-01
4.477751e-01
5.155417e-01
3.667839e-01
4.466913e-01
5.718613e-01
5.095209e-01
5.435056e-01
5.832300e-01
0
0
0
0
1.065817e-01
2.147514e-02
3.134916e-01
8.681602e-03
0
0
9.709270e-02
0
1.234777e-02
6.106677e-02
0
0
1.194429e-01
0
5.420651e-01
4.578332e-01
2.791964e-03
1.271680e-01
2.924298e-01
3.881923e-01
3.832968e-01
3.793568e-01
0
0
2.277253e-01
1.097074e-01
3.189380e-01
0
0
0
0
0
0
0
0
0
0
2.478433e-01
0
6.744680e-02
2.032009e-01
0
2.923295e-01
3.660998e-01
4.496152e-01
1
0
1.146772e-01
2.864319e-01
3.828539e-01
4.863410e-02
0
2.812274e-01
0
8.199306e-02
0
0
4.371103e-01
1.173229e-01
1.663487e-01
0
0
5.177716e-01
5.914774e-01
0
0
0
0
0
5.745588e-02
0
0
1.220269e-01
4.571264e-01
6.715603e-02
3.148215e-01
3.099334e-01
3.091459e-01
1.852621e-01
4.203181e-01
4.377131e-01
3.360542e-01
3.831752e-02
9.055824e-02
5.048344e-02
2.903909e-02
0
0
3.537392e-01
1.437588e-01
8.071887e-02
1.520145e-01
0
0
0
0
0
0
0
1.180077e-01
0
2.472865e-02
5.237663e-03
7.527048e-02
0
0
0
0
0
0
0
0
2.641167e-01
3.498634e-01
5.675631e-01
4.078217e-01
0
0
5.593543e-01
6.409716e-01
4.762901e-01
3.891259e-01
8.208121e-02
0
2.617666e-01
0
0
2.701549e-01
0
0
3.585374e-01
3.529459e-01
2.929059e-01
3.944345e-01
4.036596e-02
2.918334e-01
1.821281e-01
2.329801e-01
5.634610e-02
2.549564e-01
2.331790e-01
1.264459e-01
1.755773e-01
1.857370e-01
1.417258e-01
1.438334e-01
1.503711e-01
0
1.497012e-01
1.478834e-01
3.260920e-01
4.949422e-01
5.531598e-01
0
1.562817e-01
0
1.500250e-01
0
0
1.948967e-02
1.171003e-01
0
1
0
6.928394e-01
0
3.337121e-01
2.450387e-01
2.312974e-01
0
4.883030e-02
4.090852e-01
4.697112e-01
1.015074e-01
4.291558e-01
3.146259e-01
3.872554e-01
1.983692e-01
0
0
5.784000e-01
1.138030e-02
1.337603e-01
0
3.560362e-01
0
1.893980e-01
2.406670e-02
5.152673e-01
0
1.843702e-01
0
9.705778e-02
0
1.243556e-01
2.770097e-01
0
0
0
1.008193e-01
2.218802e-01
1.634988e-02
2.017398e-01
5.602112e-02
0
0
2.325888e-02
0
3.587447e-01
7.074277e-02
7.730884e-03
0
3.320698e-01
1.207355e-01
5.555481e-01
0
0
0
5.243743e-02
1.354590e-01
0
0
3.505579e-02
0
0
0
0
0
1.618174e-02
0
0
2.623023e-01
0
0
0
0
0
0
1.456324e-01
0
0
0
6.237269e-01
1.483506e-01
4.878651e-01
2.241504e-01
0
6.110351e-02
3.233328e-01
0
1.166309e-01
2.135255e-01
3.381933e-02
7.807272e-02
0
0
4.813445e-01
3.450586e-01
0
0
0
0
5.132356e-01
0
0
0
1.160713e-01
0
0
5.507097e-01
0
6.517367e-01
0
0
0
0
0
1.146772e-01
0
1
0
2.739094e-01
0
3.945199e-01
7.698561e-02
4.742188e-01
0
0
0
4.645295e-02
2.335714e-01
0
4.799312e-02
2.430332e-02
6.247767e-01
6.196745e-01
0
0
0
0
0
1.864931e-01
0
0
1.843041e-01
3.813998e-01
7.549403e-02
3.701405e-01
1.191705e-01
1.763661e-01
2.847601e-01
1.016862e-01
5.904928e-01
6.044730e-01
7.645003e-02
8.988633e-02
0
2.010361e-01
0
0
3.360355e-01
3.187208e-01
2.363350e-01
1.179456e-01
0
0
0
0
0
0
0
1.044016e-01
0
0
0
3.825220e-02
0
0
0
0
0
0
1.344385e-01
0
1.923115e-01
1.680722e-01
2.524766e-01
0
0
0
6.052012e-01
5.352997e-01
3.300808e-01
2.092032e-01
0
0
4.790899e-01
2.523223e-01
0
0
0
0
6.968932e-01
5.623289e-01
1.350058e-01
2.789265e-01
1.985478e-01
4.260323e-01
2.134685e-01
4.150706e-01
0
0
4.345845e-02
1.555051e-02
3.130896e-01
1.629603e-01
0
0
0
0
0
0
0
2.007860e-02
3.149539e-01
0
1.102661e-01
0
3.601467e-01
2.820001e-03
0
3.148523e-01
5.112930e-01
2.864319e-01
6.928394e-01
0
1
3.189015e-01
3.752284e-01
7.116087e-02
2.097543e-01
0
1.907420e-01
3.918095e-01
4.689857e-01
3.442716e-01
5.512620e-01
3.158878e-01
2.526202e-01
1.763708e-01
3.884343e-01
0
0
0
0
0
4.152496e-02
0
0
0
1.038668e-01
1.211834e-01
1.525104e-01
0
0
0
3.387506e-01
1.507599e-01
1.596906e-01
2.286791e-01
3.427503e-01
1.633318e-01
0
0
0
0
1.558284e-01
1.901419e-01
2.635063e-01
2.011923e-01
0
0
1.141103e-02
5.964549e-03
0
0
0
5.091323e-02
0
0
0
0
0
0
0
3.303211e-02
0
0
9.424003e-02
9.524797e-02
4.786095e-02
0
0
0
3.483552e-02
0
2.033215e-01
2.257041e-01
3.127302e-01
0
2.723080e-01
0
4.021217e-01
3.528794e-01
0
0
3.269824e-01
1.698216e-01
4.596554e-01
3.145385e-01
2.918417e-01
0
1.559010e-01
1.969136e-01
3.199007e-01
3.774169e-02
0
0
7.564079e-02
1.714333e-02
1.948908e-01
0
0
0
8.709347e-03
0
8.982116e-02
0
1.338893e-02
0
3.898061e-02
2.879523e-01
0
2.811832e-02
1.320887e-01
0
4.288726e-02
2.023076e-02
1.461657e-01
3.828539e-01
0
2.739094e-01
3.189015e-01
1
2.019324e-01
9.575428e-02
6.680247e-02
1.969236e-01
0
2.291352e-01
2.607740e-01
3.267277e-01
2.185759e-01
4.779898e-02
0
0
2.130357e-01
1.924999e-01
6.535462e-03
1.360808e-01
3.079033e-01
0
0
0
0
0
0
0
0
0
0
0
0
0
3.813049e-02
1.053359e-03
8.317942e-02
6.928284e-02
0
4.533912e-02
0
0
3.748409e-01
1.341971e-01
0
0
0
0
0
6.097195e-02
7.518433e-02
3.705983e-02
0
0
0
0
0
1.451885e-01
0
0
0
0
0
0
0
0
3.866354e-01
3.401733e-01
4.801325e-01
3.257427e-01
0
2.011772e-02
0
3.528326e-01
4.384345e-01
3.486458e-01
3.754170e-01
0
2.541916e-01
0
2.175174e-01
5.705472e-01
2.388648e-01
2.087497e-01
0
1.204290e-01
0
0
0
2.790937e-04
3.024589e-02
1.926042e-01
0
0
0
0
0
2.219612e-01
0
0
2.642710e-01
2.334575e-01
0
0
4.507674e-01
2.842548e-01
2.010798e-01
0
8.478438e-02
0
4.017822e-01
5.529046e-02
2.608261e-01
4.486454e-01
1.643494e-04
4.863410e-02
3.337121e-01
0
3.752284e-01
2.019324e-01
1.000000e+00
4.834536e-01
0
3.199612e-01
0
5.908745e-01
5.852752e-01
0
4.121675e-01
6.367693e-01
5.254158e-01
3.741904e-01
1.513357e-01
0
2.961963e-01
9.315731e-02
5.522096e-02
1.258863e-03
4.410290e-02
0
9.803576e-02
2.597018e-02
2.888497e-01
0
4.993983e-02
0
1.426484e-01
0
0
2.207218e-01
1.021881e-01
0
0
0
1.521742e-01
4.820429e-02
0
0
0
0
0
0
0
0
0
0
3.308016e-01
2.609338e-02
8.906707e-02
5.015913e-02
0
0
0
2.867693e-01
0
0
0
0
0
0
0
0
0
0
4.013005e-02
1.696758e-01
0
0
3.630797e-02
1.842369e-01
1.122259e-01
0
2.358507e-01
0
1.105099e-01
0
4.852228e-01
2.685255e-01
3.228889e-01
8.512554e-02
0
1.583315e-01
8.104901e-02
0
0
1.600618e-01
0
7.180588e-02
0
0
4.351458e-01
2.398359e-01
9.619378e-02
2.631105e-01
0
0
6.131509e-01
7.455734e-02
0
0
2.365647e-01
1.304511e-01
2.222305e-01
2.434059e-01
2.425022e-01
4.358834e-01
5.097574e-01
4.022434e-01
1.113300e-01
4.293687e-01
0
0
2.450387e-01
3.945199e-01
7.116087e-02
9.575428e-02
4.834536e-01
1.000000e+00
2.536117e-01
5.423053e-01
0
3.981612e-01
5.900298e-01
1.128844e-01
2.426647e-01
2.153834e-01
6.773859e-01
6.826271e-01
9.114041e-02
0
0
0
0
0
0
0
0
0
1.703723e-01
0
0
0
0
0
4.140303e-01
3.647640e-01
0
0
0
0
6.478332e-02
2.483790e-01
0
5.584332e-02
0
0
0
0
0
0
0
0
0
0
2.299615e-01
3.565031e-01
0
3.747433e-01
1.768444e-01
5.406559e-01
0
0
0
5.536939e-02
0
0
0
1.945026e-01
0
1.805594e-01
0
0
0
0
4.616141e-01
2.360652e-02
2.079183e-01
1.481304e-01
0
0
0
0
9.645085e-02
0
9.624116e-03
1.833777e-01
2.957323e-01
3.623255e-01
5.542904e-02
6.016363e-02
4.802464e-02
3.010840e-01
0
1.049463e-01
0
0
5.049623e-01
5.668998e-01
3.288550e-01
1.906843e-01
1.017236e-01
0
2.261784e-01
0
2.391327e-02
0
0
0
0
0
2.710870e-03
0
8.819634e-02
2.958491e-01
0
2.863159e-01
3.947344e-02
2.812274e-01
2.312974e-01
7.698561e-02
2.097543e-01
6.680247e-02
0
2.536117e-01
1
8.107657e-02
8.179861e-02
3.049064e-02
2.551819e-01
1.450275e-01
0
0
1.429721e-01
1.510742e-01
0
0
4.824643e-01
3.225278e-01
2.327381e-01
8.052346e-02
2.614902e-01
0
2.536787e-01
0
2.638746e-01
0
1.009224e-01
0
1.101999e-01
0
4.023155e-02
0
0
0
8.857972e-02
6.023771e-02
4.319568e-02
4.195860e-02
1.875867e-01
2.331497e-01
0
0
0
0
2.759704e-01
2.014046e-01
7.984403e-02
1.645037e-01
5.053096e-01
3.332446e-01
1.753967e-01
0
0
0
0
2.615548e-01
0
0
0
0
0
0
0
0
0
0
0
5.172308e-02
0
0
0
0
0
0
7.142619e-02
0
0
0
4.131881e-01
2.349524e-01
4.316338e-01
2.793822e-01
0
0
3.074039e-02
0
0
0
0
0
0
0
3.626882e-01
3.110452e-01
0
8.521267e-02
0
1.001276e-02
5.171438e-01
7.310524e-02
0
0
1.252125e-01
0
0
1.338593e-01
0
4.559113e-01
2.299651e-01
2.299369e-01
1.187055e-01
3.540845e-01
0
0
0
4.742188e-01
0
1.969236e-01
3.199612e-01
5.423053e-01
8.107657e-02
1
0
4.034838e-01
4.621542e-01
0
7.612966e-03
1.458647e-01
5.660202e-01
2.913740e-01
1.863034e-01
7.777503e-03
2.460520e-01
3.601935e-01
0
0
4.333310e-01
1.136320e-01
9.135099e-02
0
2.977788e-01
0
1.128719e-01
1.197121e-01
0
1.195039e-01
0
0
0
0
1.246546e-01
0
2.357749e-01
3.183188e-01
7.660631e-02
0
0
0
0
0
2.627810e-01
1.178422e-01
0
0
0
4.288923e-02
2.850447e-01
0
6.567379e-02
3.718187e-01
1.854391e-01
2.521138e-01
0
1.724831e-02
0
0
3.791584e-02
7.995776e-02
1.101440e-01
4.974387e-02
2.236901e-01
1.893675e-01
1.577223e-01
7.577377e-02
2.685757e-01
2.539776e-01
0
0
2.205934e-01
2.362914e-01
0
7.849038e-04
0
0
0
0
0
0
0
0
0
0
1.355626e-01
8.273575e-02
1.320886e-01
1.300944e-01
2.302092e-01
0
0
0
0
0
0
0
1.875267e-03
0
0
0
0
9.336054e-04
4.635965e-03
1.569192e-01
0
1.320496e-01
2.968994e-01
0
2.363496e-01
0
1.920454e-01
8.199306e-02
4.883030e-02
0
1.907420e-01
0
0
0
8.179861e-02
0
1
3.482589e-02
0
0
5.006364e-01
1.078363e-01
0
0
3.677795e-01
1.874827e-01
0
2.616686e-02
9.836679e-02
0
0
0
0
0
0
9.631114e-02
0
1.077107e-01
0
9.700805e-02
0
0
4.556565e-02
2.759257e-01
2.066322e-01
0
0
4.882664e-03
8.368175e-02
0
4.176424e-01
1.130885e-02
0
4.704543e-03
0
0
0
0
0
0
0
3.995705e-02
0
1.506863e-01
0
2.294924e-01
0
0
0
0
0
0
0
0
4.204208e-01
4.381591e-01
5.010221e-01
1.228243e-01
3.217794e-01
2.403589e-01
2.730927e-01
3.244972e-01
4.400796e-01
2.343669e-01
0
0
1.339885e-01
0
0
3.258735e-01
5.341716e-02
0
1.831426e-01
2.926480e-01
0
0
7.415450e-02
4.363242e-02
0
0
0
0
1.309240e-01
0
0
4.232786e-01
0
2.370775e-01
4.035818e-02
2.386463e-01
0
3.609646e-01
4.052036e-01
3.975373e-01
4.530971e-02
0
0
0
3.750444e-01
0
3.573629e-01
4.759632e-01
1.748659e-01
0
4.090852e-01
0
3.918095e-01
2.291352e-01
5.908745e-01
3.981612e-01
3.049064e-02
4.034838e-01
3.482589e-02
1.000000e+00
7.924513e-01
0
3.906112e-01
4.865752e-01
7.235630e-01
1.868293e-01
3.192607e-01
1.925170e-01
0
2.099933e-02
0
1.314374e-01
0
0
0
0
5.489505e-02
1.809160e-01
0
2.029044e-01
3.353539e-03
1.312012e-01
1.356524e-01
8.132745e-02
2.172395e-01
2.991693e-01
1.068752e-01
0
0
1.960821e-01
0
0
2.532144e-01
1.451994e-01
0
1.594878e-02
0
0
0
0
0
0
0
0
0
0
0
1.742854e-01
0
0
0
0
0
0
0
0
4.150430e-02
1.768221e-01
1.908756e-01
0
0
0
2.634300e-01
2.187900e-01
2.292376e-01
9.786706e-02
0
0
2.450367e-01
0
0
2.484334e-01
0
0
2.933353e-01
4.354458e-01
2.328057e-02
0
0
3.870049e-04
0
0
0
0
2.596850e-01
1.994256e-01
2.363653e-01
6.414423e-01
0
3.983534e-02
2.714605e-01
2.167996e-01
0
3.102718e-02
1.832197e-01
1.453713e-01
2.753702e-01
0
2.355765e-01
2.938974e-02
5.378599e-01
2.974115e-01
2.088697e-01
5.512018e-01
1.325545e-01
0
4.697112e-01
0
4.689857e-01
2.607740e-01
5.852752e-01
5.900298e-01
2.551819e-01
4.621542e-01
0
7.924513e-01
1
1.573839e-01
2.578565e-01
3.341242e-01
7.297588e-01
4.260266e-01
2.964625e-01
2.951960e-01
0
0
0
5.770880e-02
0
4.246242e-02
1.292054e-01
6.044512e-02
2.958815e-01
0
3.772273e-01
0
2.490956e-01
0
6.630488e-01
3.164746e-01
4.018095e-01
3.908918e-01
0
7.345585e-02
0
0
0
0
0
0
7.857842e-01
4.351379e-01
8.253391e-02
1.291631e-01
2.310827e-01
0
0
0
0
1.123984e-01
0
0
6.337738e-02
0
2.263338e-01
2.129548e-01
8.824841e-02
1.816255e-01
3.501652e-01
1.464740e-01
1.908785e-01
1.698227e-01
0
0
0
0
0
0
3.658221e-01
1.435687e-01
0
0
8.715939e-02
0
4.036985e-01
1.566395e-01
0
0
0
0
6.913275e-01
3.428462e-01
1.543820e-01
2.974938e-01
4.821066e-02
1.731451e-01
0
1.296965e-02
2.012690e-01
0
4.652563e-01
3.595234e-01
8.502428e-01
1.445531e-02
4.755687e-01
1.702039e-03
0
0
0
0
0
0
2.024277e-01
1.099466e-01
5.793337e-02
1.792774e-01
2.967781e-01
2.783028e-01
1.154096e-01
1.715748e-01
5.623725e-01
4.371103e-01
1.015074e-01
4.645295e-02
3.442716e-01
3.267277e-01
0
1.128844e-01
1.450275e-01
0
0
0
1.573839e-01
1
5.628149e-02
4.322432e-02
3.159774e-02
1.248934e-01
5.909965e-01
3.899956e-01
1.622195e-01
1.500129e-01
0
0
2.845164e-01
0
0
0
3.808998e-01
0
1.909488e-01
6.268634e-02
4.054267e-02
4.623468e-02
1.677420e-02
0
3.218717e-01
4.278270e-01
7.253062e-02
6.867459e-02
2.781444e-01
2.989867e-01
1.712075e-02
0
8.008867e-02
0
2.328802e-02
0
0
0
0
0
0
0
1.065214e-01
0
0
0
0
3.168002e-02
0
0
0
0
0
0
0
0
3.958231e-01
1.660503e-01
4.316204e-01
2.155813e-01
4.838863e-04
0
3.815641e-01
2.327325e-01
3.121716e-01
7.902893e-02
9.345705e-02
0
4.244025e-02
0
5.575606e-02
2.916792e-01
0
0
2.877025e-01
4.562746e-01
2.738313e-01
1.095513e-01
3.653188e-01
4.495680e-01
3.379277e-01
5.143860e-01
1.185579e-03
0
7.269470e-02
0
0
0
0
0
0
0
0
0
1.675583e-01
1.432846e-01
3.774808e-01
2.162185e-01
8.584848e-02
3.185144e-01
3.805730e-01
0
1.988451e-01
2.094554e-01
2.583920e-01
1.173229e-01
4.291558e-01
2.335714e-01
5.512620e-01
2.185759e-01
4.121675e-01
2.426647e-01
0
7.612966e-03
5.006364e-01
3.906112e-01
2.578565e-01
5.628149e-02
1.000000e+00
5.325961e-01
4.244408e-01
0
3.186294e-01
3.857114e-01
1.641803e-01
0
0
0
1.374162e-01
0
0
0
0
0
0
0
0
0
0
0
9.291197e-02
1.129162e-01
2.241317e-01
3.292070e-01
1.578235e-01
0
0
0
2.135663e-01
0
1.482292e-01
0
0
0
0
0
0
0
0
0
0
0
0
1.722879e-01
0
0
0
0
0
2.979947e-02
0
0
3.051213e-01
1.782960e-01
5.189605e-01
1.549299e-01
1.203104e-01
1.947019e-01
2.315239e-01
3.317799e-01
3.783315e-01
9.431684e-02
2.306058e-01
0
1.724493e-01
0
0
2.432572e-01
3.835483e-03
0
7.290296e-02
1.493409e-01
2.324650e-01
2.305168e-01
3.147832e-01
1.971864e-01
3.357675e-01
3.106757e-01
0
8.703868e-03
1.524851e-01
0
0
1.411073e-01
0
0
0
1.264570e-02
0
1.487100e-01
2.073886e-01
2.537403e-01
2.145726e-01
0
0
8.669980e-02
1.480355e-01
0
3.578419e-01
3.941495e-01
3.190488e-01
1.663487e-01
3.146259e-01
0
3.158878e-01
4.779898e-02
6.367693e-01
2.153834e-01
0
1.458647e-01
1.078363e-01
4.865752e-01
3.341242e-01
4.322432e-02
5.325961e-01
1
4.827148e-01
0
4.982393e-01
3.073848e-01
2.475674e-01
2.480140e-01
1.498449e-01
0
1.077117e-01
0
0
0
9.585691e-02
0
6.054276e-02
0
1.080374e-01
0
0
0
2.390242e-01
3.367561e-01
9.230224e-02
1.186183e-01
2.624942e-01
2.440828e-01
2.124409e-01
0
1.513316e-01
0
0
0
0
0
0
0
8.849334e-02
0
0
0
0
0
0
3.420297e-01
0
0
0
0
0
0
0
0
1.267448e-01
1.305957e-01
3.053570e-01
7.897958e-02
0
0
3.247115e-01
2.231636e-01
2.684649e-01
0
6.716429e-02
0
0
0
1.609320e-01
3.483967e-01
9.331699e-02
0
1.622672e-01
3.531227e-01
0
0
1.120949e-01
2.694863e-01
0
1.613864e-01
0
0
3.169485e-01
8.535240e-03
0
2.882411e-01
0
0
2.259146e-01
1.034879e-01
0
2.675192e-02
2.391579e-01
1.742222e-01
1.762139e-01
0
9.074547e-03
2.043647e-01
4.239141e-01
1.683237e-01
2.103352e-01
7.143798e-01
6.206060e-02
0
3.872554e-01
4.799312e-02
2.526202e-01
0
5.254158e-01
6.773859e-01
1.429721e-01
5.660202e-01
0
7.235630e-01
7.297588e-01
3.159774e-02
4.244408e-01
4.827148e-01
1
5.250074e-01
1.807162e-01
2.539497e-01
1.004602e-01
1.630656e-01
9.808384e-02
1.045031e-01
0
0
1.651244e-01
1.769081e-02
2.991153e-01
5.764096e-02
2.963708e-01
0
4.295682e-01
0
0
6.287072e-02
2.941365e-01
8.716719e-02
0
0
0
0
0
0
0
3.706894e-01
3.577923e-02
4.537881e-02
0
7.437463e-03
8.236942e-02
2.418486e-01
2.433346e-01
5.377972e-02
0
0
0
0
0
1.145022e-01
0
0
0
0
0
0
0
0
0
0
0
1.288989e-02
0
0
0
2.935718e-01
0
5.886477e-02
3.439197e-01
0
3.650324e-01
1.967897e-02
1.879330e-01
5.754507e-02
1.723594e-02
3.525556e-02
0
0
0
0
0
0
0
0
0
0
0
1.757574e-01
1.535624e-01
1.728442e-01
0
0
3.347531e-01
3.632004e-02
4.167438e-02
0
8.569727e-02
0
0
0
6.001017e-02
7.340415e-02
4.436321e-01
6.977862e-01
0
4.348635e-01
4.327262e-03
0
1.983692e-01
2.430332e-02
1.763708e-01
0
3.741904e-01
6.826271e-01
1.510742e-01
2.913740e-01
0
1.868293e-01
4.260266e-01
1.248934e-01
0
0
5.250074e-01
1
