1.000000e+00
7.055497e-01
0
0
0
0
9.204152e-02
3.006236e-02
0
0
1.797649e-01
3.737077e-01
4.694819e-01
2.691497e-01
1.496684e-01
1.772768e-01
3.377445e-01
5.418269e-02
6.672697e-01
7.222138e-01
2.601584e-01
2.326378e-01
0
1.019944e-01
0
0
3.036874e-01
1.487043e-01
3.865518e-01
2.362302e-01
0
0
0
0
0
0
0
0
0
4.817304e-03
0
0
0
0
0
0
0
0
0
0
1.153153e-01
0
2.044386e-01
0
0
0
7.324109e-01
6.206855e-01
4.546767e-01
8.490814e-02
2.823822e-01
0
3.982155e-01
2.278715e-01
0
6.152755e-02
0
0
6.416477e-01
4.863068e-01
3.194181e-01
3.499008e-01
4.855952e-01
6.201322e-01
4.437898e-01
4.992070e-01
0
0
6.053606e-02
0
1.258387e-01
0
4.246313e-02
0
0
0
0
0
1.539556e-02
0
2.922803e-01
0
0
0
1.267100e-01
0
0
3.278590e-01
4.372590e-01
1.266274e-01
5.437372e-01
0
7.181823e-01
3.522240e-01
2.207096e-01
1.242829e-01
8.561194e-02
0
1.551708e-01
3.365110e-01
3.068449e-01
3.269079e-01
5.894328e-01
3.273242e-01
4.989453e-01
1.686413e-01
7.055497e-01
1.000000e+00
5.012587e-02
0
0
1.716964e-02
3.579385e-02
9.804635e-02
0
0
2.241311e-01
4.191563e-01
4.803820e-01
2.034846e-01
4.028247e-01
2.977015e-01
2.061043e-01
1.427155e-01
8.462405e-01
5.931811e-01
2.877907e-01
5.683085e-01
1.435762e-01
0
0
0
1.684120e-01
3.239821e-01
5.042675e-01
3.560437e-01
0
0
0
1.027195e-02
0
0
0
0
0
0
0
0
0
0
0
0
0
0
0
0
9.228049e-02
6.595473e-02
3.781059e-01
1.279646e-01
0
0
4.746775e-01
6.861801e-01
1.616132e-01
2.260846e-02
1.514128e-01
0
2.786705e-01
3.724615e-02
0
7.636804e-02
0
0
3.442131e-01
2.211519e-01
1.834761e-01
4.605960e-01
2.788508e-01
3.957134e-01
3.222587e-01
3.375189e-01
0
5.529893e-03
0
0
1.483046e-01
6.126912e-02
3.986395e-02
5.445800e-02
0
0
0
0
0
6.828679e-02
3.652660e-01
0
0
0
1.061426e-02
0
0
2.611195e-01
3.880488e-01
0
5.205068e-01
0
5.462991e-01
0
2.525089e-01
0
0
0
0
6.557567e-02
1.090315e-01
3.211458e-01
3.807337e-01
4.571955e-01
2.701622e-01
2.414161e-01
0
5.012587e-02
1.000000e+00
3.233533e-01
0
1.192056e-01
6.332451e-01
0
3.583448e-01
2.597571e-01
5.533283e-01
0
2.904073e-01
0
4.704339e-01
0
1.126352e-01
1.087009e-01
9.133029e-02
0
4.432776e-02
3.445097e-01
6.609584e-01
2.367942e-01
1.539493e-01
0
0
0
1.440831e-01
0
7.262487e-01
2.640520e-01
2.873413e-02
0
3.296848e-01
2.424573e-01
2.451183e-01
0
0
0
1.886578e-02
2.760089e-01
0
0
0
0
0
0
0
0
0
0
7.959269e-02
2.265780e-01
0
0
0
0
0
0
0
0
0
0
5.586990e-01
1.054410e-01
2.603265e-02
0
0
0
2.701052e-01
3.071369e-01
4.919642e-03
3.426933e-03
0
3.800445e-02
0
0
3.373550e-01
3.724075e-01
0
0
0
0
5.241321e-01
5.610213e-04
0
0
0
0
4.901694e-02
3.695040e-01
2.229942e-01
6.048316e-01
0
0
0
3.079951e-02
0
0
0
5.142788e-01
0
0
4.910617e-02
1.487954e-01
0
3.483027e-01
2.032569e-01
0
0
2.298819e-02
1.903133e-01
2.896932e-01
4.840268e-02
0
0
0
3.233533e-01
1.000000e+00
2.042460e-01
3.188270e-01
3.567858e-01
3.232405e-01
3.903980e-01
2.402323e-01
2.498213e-01
2.133688e-01
1.419477e-01
3.284935e-01
2.561718e-01
3.629934e-01
0
0
0
0
2.612475e-01
0
2.498504e-01
3.676103e-01
4.443727e-02
0
0
7.929932e-02
0
0
3.563210e-01
4.773897e-01
0
1.772159e-01
2.698273e-01
3.639208e-01
0
0
0
0
0
0
0
0
0
0
0
0
0
0
1.190094e-02
1.357954e-02
9.474705e-02
2.610710e-02
0
0
0
0
0
2.574780e-01
0
3.262988e-01
0
0
1.460929e-01
3.152704e-01
5.448562e-02
1.653485e-01
0
0
0
0
0
0
0
0
0
0
0
0
0
8.062665e-02
0
0
2.736117e-01
4.199712e-01
0
0
1.284854e-01
3.663875e-02
6.354386e-02
0
2.033300e-01
3.104987e-01
1.582703e-01
1.755431e-01
6.342161e-02
0
0
0
0
0
0
0
1.794300e-01
0
0
1.371395e-01
4.173885e-01
0
3.310215e-02
0
2.057995e-01
1.269903e-02
8.853328e-03
3.987141e-02
0
0
0
2.042460e-01
1
0
0
0
5.265238e-02
0
0
0
0
0
0
0
0
0
0
0
1.545384e-01
0
0
0
5.320442e-01
6.561794e-01
5.363388e-01
1.137174e-01
0
0
0
1.081067e-04
6.247323e-02
2.449629e-01
3.937506e-01
4.269371e-01
0
0
0
5.920894e-02
0
0
1.157819e-03
7.469019e-02
1.665765e-01
1.213450e-01
0
5.014596e-02
0
0
3.311400e-01
2.166413e-01
1.849156e-01
1.871328e-01
1.444563e-01
2.650103e-01
0
0
2.209553e-01
2.640435e-01
1.398592e-01
7.525019e-02
3.721171e-02
9.051597e-02
3.489759e-01
4.626304e-01
4.591492e-01
5.941166e-01
0
0
0
0
0
0
0
1.836517e-02
0
0
0
0
0
0
0
0
9.065017e-02
4.209097e-01
1.759260e-01
2.405825e-01
5.353558e-01
2.744929e-01
0
0
0
0
0
0
3.447890e-02
0
0
0
0
1.134843e-01
0
7.468474e-02
2.820954e-01
0
0
1.158436e-01
0
8.970408e-02
0
0
0
0
0
2.304386e-02
0
1.716964e-02
1.192056e-01
3.188270e-01
0
1
5.220598e-02
6.413225e-01
4.480852e-01
7.673310e-01
1.781062e-01
0
9.380165e-02
3.231394e-01
2.786909e-01
2.857987e-01
2.558684e-02
0
2.329030e-01
2.138989e-01
0
9.641682e-02
4.015121e-01
4.982218e-01
0
0
0
3.139933e-01
1.312848e-01
0
2.961913e-01
2.222004e-01
2.653309e-01
1.288888e-01
1.516909e-01
2.511958e-01
0
0
0
0
0
0
2.840046e-01
1.259878e-01
2.184070e-01
1.726463e-01
3.082917e-01
2.789094e-01
1.623996e-01
1.340138e-01
0
0
0
0
0
0
0
0
0
0
0
5.816217e-01
0
0
4.574930e-02
9.148470e-02
0
0
0
2.127239e-01
5.510966e-02
1.932009e-01
0
0
0
0
0
0
0
5.059534e-02
0
2.903633e-01
0
0
0
1.811383e-01
0
0
0
0
2.745761e-01
2.369943e-03
6.804832e-01
2.880437e-01
1.997907e-01
2.968686e-01
3.196652e-02
8.563327e-02
0
0
0
0
0
0
0
0
0
3.606568e-02
0
0
1.310004e-01
1.059798e-01
0
0
0
7.751601e-02
9.204152e-02
3.579385e-02
6.332451e-01
3.567858e-01
0
5.220598e-02
1
1.220918e-02
4.749634e-01
2.549539e-01
2.988318e-01
0
4.439682e-01
0
9.323740e-02
0
9.104606e-02
0
1.032856e-01
3.259369e-02
2.844176e-01
3.641940e-01
4.058901e-01
2.142987e-01
2.931895e-02
0
0
0
2.688298e-01
0
6.000512e-01
3.197853e-01
2.834507e-01
9.069623e-02
0
6.461096e-02
2.230664e-01
0
0
0
6.081085e-02
3.886123e-02
1.850147e-01
2.154776e-01
1.018802e-01
3.081837e-02
1.649682e-01
1.275364e-01
3.827794e-02
0
0
0
0
0
0
0
0
0
0
0
1.048126e-01
2.326174e-02
0
0
2.158405e-01
0
9.967715e-02
0
0
3.456689e-02
3.988857e-01
3.006117e-01
3.053534e-01
1.279722e-01
3.943224e-01
2.508574e-01
1.840662e-01
0
0
0
0
0
0
0
3.010719e-02
0
0
0
0
0
1.693762e-01
6.810927e-01
1.372823e-01
5.277681e-01
7.599070e-02
0
1.972376e-01
0
3.215919e-02
2.588158e-01
0
3.156480e-01
0
1.652715e-01
0
0
0
6.232102e-02
4.674207e-01
0
0
7.753450e-02
3.483960e-01
2.650012e-01
0
0
3.006236e-02
9.804635e-02
0
3.232405e-01
0
6.413225e-01
1.220918e-02
1.000000e+00
2.435962e-01
5.932227e-01
0
3.660124e-01
1.980754e-01
8.098916e-01
2.808757e-01
6.598060e-01
8.683020e-03
0
2.889543e-01
5.124743e-01
2.543407e-02
0
2.153100e-01
4.830516e-01
0
0
8.134047e-02
2.522747e-01
1.471965e-01
0
1.677187e-01
2.500208e-01
8.350045e-02
0
0
0
0
1.457776e-02
0
7.825764e-03
1.626512e-02
0
1.707680e-01
9.841580e-02
5.866674e-02
1.175620e-01
2.258726e-01
1.692702e-01
1.895438e-01
1.305069e-01
0
0
0
0
0
0
0
0
0
0
0
7.061871e-01
0
4.096278e-01
0
0
0
0
2.289739e-01
2.349111e-01
9.341470e-02
3.253762e-01
4.262485e-02
0
0
1.040821e-01
2.627605e-01
1.052914e-01
0
0
0
2.358056e-02
1.185459e-01
3.278330e-02
0
0
0
0
0
0
2.962941e-01
0
5.059683e-01
0
1.322800e-01
1.788557e-01
0
0
8.869770e-02
0
5.594664e-02
0
2.054455e-01
0
0
0
0
0
1.829309e-01
0
1.654109e-02
0
0
0
0
0
0
0
3.583448e-01
3.903980e-01
5.265238e-02
4.480852e-01
4.749634e-01
2.435962e-01
1
6.012563e-01
2.081296e-01
0
3.285244e-01
0
2.846835e-01
0
0
0
0
0
0
0
1.571303e-01
1.384808e-01
0
1.649505e-01
0
0
1.824551e-01
0
6.591798e-01
7.070745e-01
5.360295e-01
3.790512e-01
4.865401e-01
5.546281e-01
1.253721e-01
0
0
0
0
0
6.570643e-01
5.530441e-01
6.745803e-01
5.634741e-01
4.787379e-01
4.867826e-01
2.025543e-01
1.110594e-01
0
0
0
0
0
0
0
0
0
0
6.602526e-02
2.839540e-01
0
0
2.613250e-01
0
1.743095e-01
5.965770e-02
0
0
0
0
0
0
0
0
1.878256e-01
0
0
6.739678e-02
9.080762e-03
0
3.052537e-02
0
1.828443e-02
0
0
0
0
0
0
3.239827e-01
3.297637e-01
6.095405e-01
3.240044e-01
4.199476e-01
3.530269e-01
0
0
6.676117e-02
0
2.068142e-01
0
3.660867e-03
0
3.091481e-02
0
1.374550e-01
1.939372e-01
0
0
1.720115e-01
0
0
0
8.439236e-02
0
0
2.597571e-01
2.402323e-01
0
7.673310e-01
2.549539e-01
5.932227e-01
6.012563e-01
1
3.006797e-01
0
2.046814e-01
2.366638e-01
3.733260e-01
3.850086e-01
1.332077e-02
0
1.724233e-01
1.051372e-01
0
4.391176e-02
4.523342e-01
3.027608e-01
0
0
0
2.036675e-02
2.287075e-01
0
4.758841e-01
2.946783e-01
2.505792e-01
3.729831e-04
1.564088e-01
2.714661e-01
2.656861e-01
2.275702e-02
0
0
1.360120e-01
0
3.269368e-01
1.983026e-01
2.660760e-01
1.392568e-01
3.068650e-01
2.130329e-01
9.850135e-02
1.885281e-02
0
0
0
0
0
0
0
0
0
0
0
5.064313e-01
0
0
9.260875e-02
0
0
0
0
5.534717e-03
1.234776e-01
2.004251e-01
0
0
0
0
2.680486e-01
5.807849e-02
0
1.485654e-02
7.401344e-03
2.949729e-02
1.218748e-01
0
0
0
0
0
0
0
2.697730e-01
2.879678e-01
6.330660e-01
4.190824e-01
1.334012e-01
1.459702e-01
8.941903e-02
0
0
0
0
0
0
0
0
0
0
0
0
0
0
1.656554e-01
0
0
0
0
1.797649e-01
2.241311e-01
5.533283e-01
2.498213e-01
0
1.781062e-01
2.988318e-01
0
2.081296e-01
3.006797e-01
1
1.332732e-03
5.845648e-01
0
5.372769e-01
5.978901e-02
2.802382e-01
1.723874e-01
4.191210e-01
1.395400e-01
0
6.084597e-02
3.052824e-01
3.383015e-01
0
0
0
1.780094e-01
2.376624e-01
8.883958e-02
3.840394e-01
2.745525e-01
0
2.181236e-02
2.581618e-02
0
1.886802e-01
0
0
0
0
4.484721e-02
0
0
0
0
0
0
0
0
0
0
0
1.368703e-01
0
0
0
0
0
0
0
0
0
0
2.441349e-01
0
0
0
4.856114e-02
1.680582e-01
1.301598e-01
6.628148e-02
0
9.216102e-02
0
0
0
0
2.585701e-01
4.958927e-01
8.287204e-02
0
7.161986e-02
0
4.413369e-01
0
0
0
0
0
1.460970e-01
2.914662e-01
2.068304e-01
4.863899e-01
3.109528e-01
2.169023e-01
0
1.378611e-03
0
0
1.293783e-01
4.237140e-01
2.158629e-01
0
0
2.024732e-01
6.669653e-02
2.061965e-01
1.913217e-01
0
1.320237e-02
3.477427e-01
3.890493e-01
0
9.316574e-03
2.649552e-01
3.737077e-01
4.191563e-01
0
2.133688e-01
0
0
0
3.660124e-01
0
0
1.332732e-03
1
1.825598e-01
6.606505e-01
2.812414e-01
6.892675e-01
0
1.523876e-01
4.040448e-01
3.112565e-01
3.797242e-01
7.527167e-02
0
0
0
0
4.088455e-01
5.800040e-01
5.772533e-02
5.322087e-01
0
0
0
0
0
0
0
2.014524e-01
1.703359e-01
1.913954e-01
0
0
0
0
0
0
0
0
0
0
1.073667e-01
1.106264e-01
2.846493e-01
1.005590e-01
0
0
1.824244e-01
4.129469e-01
2.255510e-01
4.118436e-01
0
1.726727e-01
3.781042e-01
4.347500e-01
0
1.875382e-01
0
0
6.747841e-02
0
1.580137e-02
6.091677e-02
0
0
0
0
0
2.166077e-01
0
0
0
1.994694e-01
2.619506e-01
5.394087e-01
0
2.679945e-01
3.460637e-01
2.040669e-01
2.801673e-01
3.672731e-01
2.081321e-01
0
0
0
0
1.274707e-01
0
0
0
0
4.279510e-01
0
2.312470e-01
0
0
0
0
0
0
1.294951e-01
1.723054e-01
0
0
0
3.761357e-02
1.824405e-01
4.694819e-01
4.803820e-01
2.904073e-01
1.419477e-01
0
9.380165e-02
4.439682e-01
1.980754e-01
3.285244e-01
2.046814e-01
5.845648e-01
1.825598e-01
1
6.926638e-02
6.739627e-01
1.833699e-01
2.357815e-01
0
6.109156e-01
4.172360e-01
7.972081e-02
2.330029e-01
0
2.336767e-02
0
0
0
2.871077e-01
6.737476e-01
3.197758e-01
3.034620e-01
5.011440e-01
2.947753e-01
2.395586e-01
0
0
0
0
0
0
0
0
0
0
0
0
0
0
0
0
0
0
0
0
0
0
3.802696e-02
1.169300e-01
0
0
3.505557e-01
1.618637e-01
1.806231e-01
1.849099e-01
0
0
0
0
2.232907e-01
1.124877e-02
2.555887e-01
3.255945e-01
0
6.762771e-02
7.261760e-02
6.858523e-02
1.067932e-01
0
0
2.943447e-03
1.403579e-01
0
2.805004e-01
0
0
0
0
0
0
0
2.166851e-01
3.381714e-01
5.214420e-03
1.350855e-01
1.223106e-01
2.685716e-01
0
0
4.298204e-02
3.081458e-02
1.171213e-01
1.558255e-01
2.081094e-01
2.208060e-01
0
0
0
0
1.209436e-01
0
0
4.462348e-01
2.026842e-01
0
0
2.481636e-01
2.691497e-01
2.034846e-01
0
3.284935e-01
0
3.231394e-01
0
8.098916e-01
0
2.366638e-01
0
6.606505e-01
6.926638e-02
1.000000e+00
2.598419e-01
8.375847e-01
0
0
2.911861e-01
5.278241e-01
1.309086e-01
0
9.206964e-02
4.439320e-01
0
0
3.889119e-01
2.847281e-01
0
9.445541e-02
0
9.714042e-02
0
0
0
0
0
1.877166e-01
3.059749e-03
2.559485e-01
3.761080e-02
0
0
0
0
0
0
0
0
0
0
0
0
0
0
0
1.914033e-01
0
0
7.776899e-02
0
4.739410e-01
1.004972e-01
4.618682e-01
0
8.869225e-02
0
0
2.506056e-01
2.143217e-01
0
2.106871e-01
6.654092e-02
0
0
8.637542e-02
1.235350e-01
1.506593e-01
0
0
0
2.777256e-01
1.758030e-01
2.927106e-01
0
2.509808e-01
2.602116e-02
1.362371e-01
0
3.213825e-02
1.958681e-01
0
2.865202e-01
0
1.896654e-02
1.541511e-01
0
0
5.506906e-02
0
2.845983e-01
0
3.361772e-01
0
0
0
5.908532e-02
0
2.086321e-01
1.919636e-01
2.263934e-01
0
1.650831e-02
0
1.158562e-01
1.526884e-02
1.496684e-01
4.028247e-01
4.704339e-01
2.561718e-01
0
2.786909e-01
9.323740e-02
2.808757e-01
2.846835e-01
3.733260e-01
5.372769e-01
2.812414e-01
6.739627e-01
2.598419e-01
1
5.107723e-01
8.925359e-02
7.509534e-02
5.203681e-01
2.494043e-01
0
1.296135e-01
2.639559e-01
9.723930e-02
0
0
0
3.000373e-01
4.894417e-01
4.112630e-01
3.723512e-01
4.484109e-01
0
0
1.078953e-02
0
0
0
0
0
0
0
0
0
0
0
0
0
0
0
0
0
0
0
0
0
0
0
0
0
0
2.409729e-01
6.993585e-02
0
0
0
0
0
0
0
1.760939e-01
3.874549e-01
0
0
0
0
9.513177e-02
0
7.620194e-02
2.194369e-01
1.664959e-01
0
4.427319e-01
1.839510e-01
2.592007e-01
0
0
0
0
0
1.161492e-01
0
2.002117e-01
1.837817e-01
4.421429e-02
3.112039e-01
0
0
0
0
3.036627e-01
1.281532e-01
1.246514e-01
0
0
1.634189e-01
0
1.290465e-01
1.795014e-02
0
1.150904e-02
2.046530e-01
2.364264e-02
0
1.406868e-01
4.376905e-01
1.772768e-01
2.977015e-01
0
3.629934e-01
0
2.857987e-01
0
6.598060e-01
0
3.850086e-01
5.978901e-02
6.892675e-01
1.833699e-01
8.375847e-01
5.107723e-01
1.000000e+00
1.707816e-02
0
3.604893e-01
4.259142e-01
2.196993e-01
0
1.090092e-01
1.930048e-01
0
0
1.241639e-01
2.371469e-01
1.376112e-01
4.179391e-01
0
2.080458e-01
0
0
0
0
0
1.048570e-01
2.180413e-01
2.673517e-01
1.972573e-01
0
0
0
0
0
0
0
0
0
0
0
7.015344e-02
0
0
0
1.059441e-02
0
0
0
0
3.497880e-01
0
2.049963e-01
0
5.601005e-02
0
0
1.647637e-02
0
1.111029e-01
2.984381e-01
4.178425e-02
0
0
0
2.448103e-01
3.035935e-01
0
0
0
3.079966e-01
4.318896e-01
5.596139e-01
0
2.951092e-01
4.325658e-02
2.987781e-01
0
1.765940e-01
1.652652e-01
0
1.840210e-01
0
0
6.730175e-02
0
0
0
0
2.856940e-01
0
1.353634e-01
0
0
0
0
0
1.689910e-01
1.395159e-01
1.374374e-01
0
1.702180e-02
0
7.432868e-02
0
3.377445e-01
2.061043e-01
1.126352e-01
0
0
2.558684e-02
9.104606e-02
8.683020e-03
0
1.332077e-02
2.802382e-01
0
2.357815e-01
0
8.925359e-02
1.707816e-02
1
4.379840e-01
3.658838e-01
4.107461e-01
8.190036e-02
2.950366e-01
1.507120e-01
1.017090e-01
3.281663e-02
0
0
0
5.602101e-01
3.912229e-01
1.827007e-01
0
0
0
0
0
3.205364e-01
5.024476e-02
1.174023e-01
5.597290e-02
3.337638e-01
2.357470e-01
0
0
0
0
2.729267e-02
0
0
2.109629e-01
0
0
0
0
0
0
6.029526e-01
0
0
0
0
0
0
0
0
0
0
0
5.947619e-01
5.567000e-01
4.729506e-01
6.006574e-01
4.311561e-01
4.186671e-01
2.894183e-01
7.013965e-02
1.497517e-01
7.629161e-02
6.781390e-01
4.251835e-01
5.944249e-01
3.336458e-02
3.843068e-01
1.370060e-01
0
0
0
0
0
0
7.307150e-02
1.331908e-01
0
6.748254e-02
0
0
0
1.766436e-01
1.587700e-01
3.503538e-01
1.307807e-01
1.303560e-01
1.455197e-01
1.431977e-01
0
0
3.476914e-01
1.861535e-01
0
0
1.099227e-01
6.557315e-01
1.806222e-02
0
1.111847e-01
0
5.418269e-02
1.427155e-01
1.087009e-01
0
0
0
0
0
0
0
1.723874e-01
1.523876e-01
0
0
7.509534e-02
0
4.379840e-01
1
1.234760e-01
0
0
2.225370e-01
0
0
1.279825e-01
0
0
0
1.631503e-01
4.560650e-01
0
0
0
0
1.829600e-02
0
1.329583e-01
3.369364e-01
3.085322e-01
8.835008e-02
4.003654e-01
2.304727e-01
0
0
0
0
0
0
0
0
1.506942e-01
2.612181e-01
2.735373e-01
4.239752e-01
0
0
3.166447e-01
4.240429e-01
3.151913e-01
9.965916e-02
1.110689e-01
0
1.036758e-01
0
1.012372e-01
0
0
0
1.101205e-01
1.364700e-02
2.147071e-01
1.812527e-01
0
2.760703e-01
5.961789e-02
0
0
2.923444e-01
6.457112e-01
5.540939e-01
4.866066e-01
1.491510e-01
3.864009e-01
3.023730e-01
4.298838e-01
0
2.146118e-01
1.607805e-01
2.399567e-01
3.708116e-01
9.895610e-02
7.411821e-02
0
0
0
0
0
0
0
0
3.623935e-01
2.440754e-01
0
0
0
2.600049e-01
2.244547e-01
7.328552e-02
0
0
3.027231e-02
3.023250e-01
0
7.925347e-05
3.862172e-02
1.321242e-01
6.672697e-01
8.462405e-01
9.133029e-02
0
0
2.329030e-01
1.032856e-01
2.889543e-01
0
1.724233e-01
4.191210e-01
4.040448e-01
6.109156e-01
2.911861e-01
5.203681e-01
3.604893e-01
3.658838e-01
1.234760e-01
1.000000e+00
7.924881e-01
2.576692e-01
5.935106e-01
1.936650e-01
1.926602e-01
0
0
3.625110e-02
4.852362e-01
6.368031e-01
4.104240e-01
0
0
3.758858e-02
0
0
0
0
0
0
0
2.581532e-02
0
0
0
0
0
0
0
0
0
0
0
6.380737e-02
0
0
0
4.379186e-01
4.418484e-01
0
0
0
4.466690e-02
2.788292e-01
2.394323e-01
0
1.799757e-02
0
0
4.987440e-01
4.251886e-01
3.884619e-01
5.726246e-01
3.601805e-01
5.014047e-01
3.012860e-01
3.998504e-01
0
0
4.111308e-03
0
2.135443e-01
2.817262e-02
1.068478e-01
4.368443e-02
0
0
0
0
0
0
3.511739e-01
5.616758e-02
1.534000e-01
0
5.862699e-02
4.930099e-02
0
1.960680e-01
2.717441e-01
5.711557e-03
4.084228e-01
0
5.693050e-01
0
9.008817e-02
6.219595e-02
0
0
0
0
1.637692e-01
4.186011e-01
3.277963e-01
1.657098e-01
2.339826e-01
2.958018e-01
7.222138e-01
5.931811e-01
0
0
0
2.138989e-01
3.259369e-02
5.124743e-01
0
1.051372e-01
1.395400e-01
3.112565e-01
4.172360e-01
5.278241e-01
2.494043e-01
4.259142e-01
4.107461e-01
0
7.924881e-01
1
1.742052e-01
2.934367e-01
7.743455e-02
3.325862e-01
0
0
2.396545e-01
3.254328e-01
5.389033e-01
2.537480e-01
0
0
5.364812e-02
0
0
0
0
0
0
0
4.890020e-02
0
0
0
0
0
0
0
7.507114e-02
0
0
0
0
0
0
0
5.881847e-01
2.643735e-01
0
0
0
1.343580e-01
3.026111e-01
4.240790e-01
0
0
0
0
7.565104e-01
6.667928e-01
3.723881e-01
5.304327e-01
5.258378e-01
5.165846e-01
3.724540e-01
4.643352e-01
0
0
5.597507e-04
0
1.998574e-01
0
1.207447e-01
1.063458e-01
0
0
0
0
0
0
2.671397e-01
0
1.376506e-01
0
1.687145e-01
2.489198e-02
0
2.411333e-01
4.221826e-01
1.715880e-01
3.510328e-01
0
6.853827e-01
2.594589e-01
0
4.637106e-03
9.180387e-03
0
8.442363e-03
2.838270e-01
3.048760e-01
3.860490e-01
4.121794e-01
7.987450e-02
3.580196e-01
8.272257e-02
2.601584e-01
2.877907e-01
4.432776e-02
2.612475e-01
1.545384e-01
0
2.844176e-01
2.543407e-02
0
0
0
3.797242e-01
7.972081e-02
1.309086e-01
0
2.196993e-01
8.190036e-02
0
2.576692e-01
1.742052e-01
1
6.898787e-01
0
0
4.009284e-01
3.428470e-02
3.915369e-01
1.828503e-01
1.558239e-01
3.363908e-01
3.380036e-02
5.555145e-02
5.411586e-02
1.053857e-01
0
0
0
0
2.018132e-01
3.679225e-02
6.959532e-02
0
0
0
0
0
0
0
0
0
2.324748e-01
8.686276e-02
2.922435e-01
2.354840e-02
5.590352e-02
0
0
9.788234e-02
2.663494e-01
2.098410e-02
0
0
0
1.427277e-01
0
1.104747e-01
0
0
9.553896e-03
0
1.723622e-01
2.389454e-01
2.425183e-01
7.936363e-02
3.372908e-01
0
0
3.609010e-02
0
0
0
0
0
3.124640e-01
0
1.455765e-01
0
1.814107e-01
1.033735e-01
8.721976e-02
9.567873e-02
7.770474e-03
0
0
0
0
2.755606e-02
0
0
0
3.110537e-02
0
4.634805e-02
1.737964e-01
1.266142e-01
0
0
6.979240e-02
2.348021e-02
1.251921e-01
5.016629e-02
0
5.140743e-02
2.760264e-01
4.451274e-02
0
2.326378e-01
5.683085e-01
3.445097e-01
0
0
9.641682e-02
3.641940e-01
0
0
4.391176e-02
6.084597e-02
7.527167e-02
2.330029e-01
0
1.296135e-01
0
2.950366e-01
2.225370e-01
5.935106e-01
2.934367e-01
6.898787e-01
1
2.446888e-01
0
3.317490e-01
0
1.331349e-01
1.808893e-01
4.576420e-01
2.844072e-01
1.113530e-01
0
2.373121e-01
8.278550e-02
0
0
0
0
0
0
1.359322e-01
6.446132e-03
0
0
0
0
0
0
0
0
1.257799e-01
4.980653e-02
2.635338e-01
1.541662e-01
0
0
1.072472e-01
2.364283e-01
3.612826e-04
0
0
0
0
0
0
1.257160e-01
0
0
1.286561e-01
1.756322e-01
4.072752e-01
5.830983e-01
3.880856e-01
3.587599e-01
5.146096e-01
2.548112e-01
0
6.621001e-02
8.522811e-03
0
0
0
0
6.152745e-02
0
0
0
0
0
0
2.543303e-01
2.438814e-01
4.916367e-02
0
0
0
0
8.448893e-02
0
1.180084e-01
8.106289e-02
0
7.085314e-02
0
1.558654e-01
0
0
0
0
0
0
1.563713e-01
7.577791e-02
4.333141e-01
0
0
0
1.435762e-01
6.609584e-01
2.498504e-01
0
4.015121e-01
4.058901e-01
2.153100e-01
1.571303e-01
4.523342e-01
3.052824e-01
0
0
9.206964e-02
2.639559e-01
1.090092e-01
1.507120e-01
0
1.936650e-01
7.743455e-02
0
2.446888e-01
1.000000e+00
6.735244e-01
2.892102e-01
0
0
0
0
0
4.947048e-01
0
0
0
4.310925e-02
0
2.392756e-01
0
0
0
1.284006e-01
1.766289e-01
0
0
0
0
4.921981e-02
0
0
0
4.613899e-03
1.216212e-01
1.013765e-01
1.385584e-01
0
0
1.463710e-01
0
0
0
0
1.724401e-01
0
0
3.926760e-01
2.564056e-01
0
0
0
3.569862e-01
3.063184e-01
5.058423e-01
3.041688e-01
3.300760e-01
1.202759e-01
4.848277e-01
6.397828e-02
1.914739e-02
2.734898e-01
1.758810e-01
0
1.608170e-01
0
0
1.739106e-01
1.904968e-01
0
0
0
0
3.209474e-01
2.009997e-01
5.620263e-01
5.056464e-01
0
0
0
2.124409e-01
0
2.005987e-02
1.112221e-01
1.550675e-01
5.070742e-02
0
0
2.353893e-02
2.435272e-02
0
1.995600e-01
0
0
0
3.095589e-01
2.565272e-01
1.050459e-01
0
1.019944e-01
0
2.367942e-01
3.676103e-01
0
4.982218e-01
2.142987e-01
4.830516e-01
1.384808e-01
3.027608e-01
3.383015e-01
0
2.336767e-02
4.439320e-01
9.723930e-02
1.930048e-01
1.017090e-01
0
1.926602e-01
3.325862e-01
0
0
6.735244e-01
1.000000e+00
2.068153e-01
2.570658e-02
1.398602e-02
0
0
0
3.086362e-01
1.534999e-02
0
0
0
0
1.221170e-01
0
0
0
0
7.885322e-02
0
0
0
0
1.139137e-01
7.197365e-02
8.315795e-02
1.599902e-01
0
5.465717e-02
0
0
0
0
1.701989e-01
0
0
0
0
2.962017e-01
0
0
1.570085e-01
2.541452e-01
0
0
2.360874e-01
6.142357e-01
7.440076e-02
2.490119e-01
1.330143e-01
2.253820e-01
0
4.231712e-01
0
0
1.020991e-02
1.842303e-01
0
2.314472e-01
0
0
5.038629e-02
1.660514e-01
0
0
0
0
2.257865e-01
6.295815e-02
6.361784e-01
3.954992e-01
2.907537e-01
7.359518e-03
0
2.924859e-01
0
1.483571e-01
8.074517e-02
8.651389e-03
3.621147e-01
0
1.859596e-02
0
2.772665e-01
0
3.660551e-01
0
2.133151e-01
0
2.929976e-01
0
1.499496e-01
0
0
0
1.539493e-01
4.443727e-02
5.320442e-01
0
2.931895e-02
0
0
0
0
0
0
0
0
0
3.281663e-02
1.279825e-01
0
0
4.009284e-01
3.317490e-01
2.892102e-01
2.068153e-01
1
4.465229e-01
4.943747e-01
0
0
0
8.656630e-02
0
0
0
5.293166e-02
7.883832e-02
1.679820e-01
0
3.525666e-02
1.715290e-01
1.010302e-01
1.489447e-01
0
0
0
0
0
0
0
1.322238e-01
6.391680e-01
6.194942e-01
5.141131e-01
4.783531e-01
1.120667e-01
3.063202e-01
1.210209e-01
0
3.734041e-01
2.123714e-01
0
0
0
0
2.118734e-01
4.927126e-01
1.288543e-01
2.482215e-01
0
1.128845e-01
7.230937e-03
1.004138e-01
2.473313e-01
2.208941e-01
2.748611e-01
1.880437e-01
0
2.869475e-01
0
7.021737e-03
0
0
0
8.756768e-03
6.864753e-02
3.770997e-01
0
1.420507e-01
4.252001e-01
3.988564e-01
0
0
0
0
0
0
0
1.876423e-02
0
1.189194e-02
0
8.373705e-02
0
0
4.707767e-02
0
0
0
2.655096e-03
0
0
0
2.924635e-02
1.134834e-01
0
0
0
0
0
0
6.561794e-01
0
0
0
1.649505e-01
0
0
0
0
0
0
0
0
0
0
0
3.428470e-02
0
0
2.570658e-02
4.465229e-01
1
3.087841e-01
2.662890e-02
0
0
1.557380e-01
2.305004e-01
3.526221e-01
4.008068e-01
3.332364e-01
5.600661e-01
1.778312e-01
0
1.716481e-01
3.115801e-01
0
2.351496e-01
4.774309e-01
5.567462e-01
6.065976e-01
6.256244e-01
2.728099e-01
5.091441e-01
3.948929e-01
4.944925e-01
2.525985e-03
3.183295e-02
0
0
2.078325e-01
3.335837e-01
0
0
0
0
0
1.379374e-01
0
1.765672e-01
1.707148e-01
0
3.666258e-01
5.756999e-01
0
0
0
0
0
0
0
0
0
0
0
0
0
0
0
0
0
1.579549e-01
4.747585e-02
2.386701e-01
5.675249e-02
0
0
0
0
0
0
0
7.215243e-02
0
0
2.559314e-01
0
6.292769e-02
0
1.083744e-01
0
0
1.608560e-01
1.534353e-01
0
0
0
0
0
0
0
0
3.036874e-01
1.684120e-01
0
0
5.363388e-01
0
0
8.134047e-02
0
0
0
4.088455e-01
0
3.889119e-01
0
1.241639e-01
0
0
3.625110e-02
2.396545e-01
3.915369e-01
1.331349e-01
0
1.398602e-02
4.943747e-01
3.087841e-01
1
3.115904e-01
0
0
0
0
0
0
0
0
0
3.209189e-02
0
2.162807e-01
0
0
0
0
0
0
0
0
0
0
4.604115e-01
3.503151e-01
4.107018e-01
1.343503e-01
9.917231e-02
2.746244e-01
3.542517e-01
4.039826e-01
5.250961e-01
3.798300e-01
7.990889e-03
1.165402e-01
2.354931e-01
3.529323e-01
0
4.945436e-01
0
1.327742e-01
1.434599e-01
2.057381e-01
0
5.580455e-02
2.341907e-01
1.943976e-01
3.429616e-01
2.453709e-01
0
2.106659e-01
0
0
0
1.109491e-01
0
2.190536e-01
0
2.959291e-01
1.964062e-01
3.687698e-01
4.859181e-01
3.963329e-01
4.571509e-02
0
0
0
0
0
0
1.357046e-01
0
0
3.420238e-01
0
2.989192e-01
1.378680e-01
3.447915e-01
0
1.660396e-02
0
0
4.596387e-01
2.570720e-01
0
3.367662e-02
1.312297e-01
2.576570e-01
0
1.487043e-01
3.239821e-01
0
7.929932e-02
1.137174e-01
3.139933e-01
0
2.522747e-01
0
2.036675e-02
1.780094e-01
5.800040e-01
2.871077e-01
2.847281e-01
3.000373e-01
2.371469e-01
0
0
4.852362e-01
3.254328e-01
1.828503e-01
1.808893e-01
0
0
0
2.662890e-02
3.115904e-01
1
1.338320e-01
3.363266e-01
0
1.019266e-01
1.044526e-01
3.616637e-01
0
0
0
0
0
1.205542e-03
0
0
0
0
0
0
0
0
9.815823e-03
0
0
5.600331e-03
5.507718e-03
2.759129e-02
0
0
0
2.584500e-01
0
7.850380e-02
8.821277e-03
3.257842e-01
3.936351e-01
4.379126e-01
0
1.567783e-01
0
0
1.573756e-02
0
0
0
0
0
0
0
0
0
0
0
0
2.029108e-02
0
1.842643e-01
0
1.354328e-01
1.298657e-01
0
0
0
0
0
0
0
0
3.581999e-01
0
2.902633e-02
0
0
1.080337e-01
0
2.438185e-01
3.449161e-02
1.683661e-01
0
0
3.357239e-02
0
0
1.193962e-01
0
0
0
0
4.272326e-01
3.865518e-01
5.042675e-01
1.440831e-01
0
0
1.312848e-01
2.688298e-01
1.471965e-01
1.824551e-01
2.287075e-01
2.376624e-01
5.772533e-02
6.737476e-01
0
4.894417e-01
1.376112e-01
5.602101e-01
1.631503e-01
6.368031e-01
5.389033e-01
1.558239e-01
4.576420e-01
0
0
0
0
0
1.338320e-01
1
6.452622e-01
1.679118e-01
2.515620e-01
3.704471e-01
1.179035e-01
0
0
0
0
1.078494e-01
0
1.487926e-01
0
5.125803e-02
2.026132e-02
0
0
1.093645e-01
0
1.523237e-02
0
0
0
0
0
0
0
2.148099e-01
1.804737e-01
0
0
1.119848e-01
0
3.133819e-01
1.866216e-01
0
0
0
0
4.502559e-01
1.324255e-01
3.902021e-01
5.384930e-01
2.527000e-01
1.916176e-01
2.111529e-01
2.922275e-02
1.926779e-01
0
2.391278e-01
0
5.928413e-01
0
4.930595e-01
2.077139e-01
0
0
0
0
0
0
1.606521e-01
2.072025e-01
0
9.641730e-02
8.821023e-03
1.409298e-01
0
1.323726e-02
3.401840e-01
1.827806e-01
3.377340e-02
3.985336e-02
1.321389e-01
1.403770e-01
0
6.676935e-03
0
6.930684e-02
0
0
0
7.693542e-01
1.766920e-02
1.299947e-01
5.581554e-02
1.052709e-01
2.362302e-01
3.560437e-01
0
0
0
0
0
0
0
0
8.883958e-02
5.322087e-01
3.197758e-01
9.445541e-02
4.112630e-01
4.179391e-01
3.912229e-01
4.560650e-01
4.104240e-01
2.537480e-01
3.363908e-01
2.844072e-01
0
0
0
0
0
3.363266e-01
6.452622e-01
1
0
1.955790e-01
0
1.574495e-02
0
0
0
7.217426e-02
5.079432e-01
1.240696e-01
3.222055e-01
0
0
0
0
0
0
0
0
0
0
0
0
0
0
0
9.244836e-02
2.860063e-01
0
0
0
0
3.636132e-01
2.705899e-01
0
0
0
0
1.446946e-01
0
1.524929e-01
2.116760e-01
8.715778e-02
0
0
0
1.105985e-01
2.739203e-01
1.791082e-01
5.085564e-02
4.958773e-01
4.482978e-02
7.420989e-01
7.663421e-01
0
0
2.981963e-01
3.295265e-01
0
3.627302e-02
0
0
0
0
0
1.256320e-01
0
0
8.630421e-02
0
9.359287e-02
0
0
2.468578e-02
0
0
0
8.714797e-02
0
7.534934e-03
0
4.051801e-01
0
0
3.913804e-03
1.369325e-01
0
0
7.262487e-01
3.563210e-01
0
2.961913e-01
6.000512e-01
1.677187e-01
6.591798e-01
4.758841e-01
3.840394e-01
0
3.034620e-01
0
3.723512e-01
0
1.827007e-01
0
0
0
3.380036e-02
1.113530e-01
4.947048e-01
3.086362e-01
8.656630e-02
1.557380e-01
0
0
1.679118e-01
0
1
6.605468e-01
3.376030e-01
1.202378e-01
3.722573e-01
4.096947e-01
3.449608e-01
0
7.938467e-02
0
9.632397e-02
2.464233e-02
4.299674e-01
3.728550e-01
3.878487e-01
3.366557e-01
2.079959e-01
2.641284e-01
5.010547e-02
1.399214e-01
0
0
0
0
0
0
0
0
0
0
0
9.816626e-02
0
0
2.804412e-01
0
2.911324e-02
0
0
0
5.143237e-02
2.438042e-01
0
0
0
0
3.076998e-01
0
1.631204e-01
4.323504e-01
0
0
1.233172e-01
0
1.642276e-01
0
0
0
0
0
3.871721e-04
3.537100e-01
3.125265e-01
5.382052e-01
5.257532e-03
0
4.787175e-02
0
0
6.558631e-02
0
3.442152e-01
0
0
0
0
0
1.914066e-01
2.916950e-01
0
0
1.193747e-01
0
0
0
0
0
0
2.640520e-01
4.773897e-01
1.081067e-04
2.222004e-01
3.197853e-01
2.500208e-01
7.070745e-01
2.946783e-01
2.745525e-01
0
5.011440e-01
9.714042e-02
4.484109e-01
2.080458e-01
0
0
0
0
5.555145e-02
0
0
1.534999e-02
0
2.305004e-01
0
1.019266e-01
2.515620e-01
1.955790e-01
6.605468e-01
1
4.781541e-01
5.393280e-01
2.951568e-01
3.987323e-01
0
0
1.982778e-01
0
0
0
4.875380e-01
3.929858e-01
5.173171e-01
5.078975e-01
2.130717e-01
2.524090e-01
2.227478e-01
1.737061e-01
0
0
0
0
0
0
0
0
0
0
2.957208e-02
2.478777e-01
0
9.028192e-02
0
0
4.114195e-02
1.193493e-01
0
0
0
0
0
0
0
0
1.855783e-01
0
0
1.402987e-01
0
0
2.881167e-01
8.923880e-02
0
0
5.315078e-02
0
0
0
0
0
0
2.423103e-01
0
3.363429e-01
2.839238e-03
0
0
0
0
1.116394e-01
0
6.089505e-02
0
0
0
1.953525e-01
1.967370e-01
0
0
8.167946e-02
0
0
0
0
0
0
2.873413e-02
0
6.247323e-02
2.653309e-01
2.834507e-01
8.350045e-02
5.360295e-01
2.505792e-01
0
0
2.947753e-01
0
0
0
0
0
3.758858e-02
5.364812e-02
5.411586e-02
2.373121e-01
0
0
0
3.526221e-01
0
1.044526e-01
3.704471e-01
0
3.376030e-01
4.781541e-01
1
8.198560e-01
6.239413e-02
2.547077e-01
0
0
0
0
0
0
7.027479e-01
5.972415e-01
6.436717e-01
6.005558e-01
6.333395e-01
5.928211e-01
6.548884e-01
4.818418e-01
0
0
0
0
1.232711e-02
0
0
0
0
0
9.975929e-02
4.368928e-02
1.129617e-01
2.160162e-01
0
0
1.425672e-02
0
9.343450e-02
0
0
0
0
0
0
0
0
0
0
0
1.369873e-01
0
0
0
0
0
0
0
0
0
0
1.631290e-01
0
8.577650e-02
1.383410e-01
7.291181e-02
4.475538e-01
3.279447e-02
1.646540e-01
5.226185e-01
0
0
0
7.412642e-02
0
0
0
0
0
0
0
3.322315e-01
0
0
0
3.211821e-03
0
1.027195e-02
0
1.772159e-01
2.449629e-01
1.288888e-01
9.069623e-02
0
3.790512e-01
3.729831e-04
2.181236e-02
0
2.395586e-01
0
0
0
0
0
0
0
1.053857e-01
8.278550e-02
0
0
0
4.008068e-01
0
3.616637e-01
1.179035e-01
1.574495e-02
1.202378e-01
5.393280e-01
8.198560e-01
1
1.832869e-01
4.127657e-01
0
0
0
0
0
0
5.436099e-01
3.968445e-01
5.503804e-01
5.062217e-01
4.072592e-01
4.530675e-01
5.938319e-01
3.765695e-01
0
0
0
0
7.608799e-02
0
0
0
0
0
2.622850e-01
8.156509e-02
1.746100e-01
1.359002e-01
0
0
5.550381e-02
1.706696e-01
0
0
0
0
0
0
0
0
0
0
0
0
0
0
0
0
0
0
0
0
0
0
0
0
0
0
6.766732e-02
2.361824e-01
3.060996e-01
5.802324e-02
0
2.443252e-01
0
0
0
0
9.888494e-02
0
0
5.638543e-02
0
0
0
2.775349e-02
0
0
0
1.876707e-01
0
0
3.296848e-01
2.698273e-01
3.937506e-01
1.516909e-01
0
0
4.865401e-01
1.564088e-01
2.581618e-02
0
0
0
1.078953e-02
0
0
1.829600e-02
0
0
0
0
4.310925e-02
0
5.293166e-02
3.332364e-01
0
0
0
0
3.722573e-01
2.951568e-01
6.239413e-02
1.832869e-01
1
8.517464e-01
6.830886e-02
0
0
0
0
0
3.342476e-01
2.198703e-01
4.782908e-01
3.430134e-01
2.633052e-02
2.143568e-01
0
0
0
8.921198e-02
0
2.954618e-01
0
1.692941e-01
0
0
0
1.688015e-01
1.648004e-01
3.591733e-02
0
0
7.021239e-01
1.507838e-01
5.190377e-01
5.908579e-01
0
0
0
0
0
0
0
0
0
0
5.797499e-02
3.757942e-01
0
3.822683e-02
0
0
5.202022e-01
2.447445e-01
2.010273e-01
9.893933e-03
2.691824e-01
1.725262e-01
0
1.165098e-02
1.374986e-01
3.401073e-01
3.877444e-02
1.757589e-01
1.108119e-01
0
0
0
0
3.352593e-01
0
0
8.269392e-02
2.373826e-01
4.103896e-03
4.035122e-01
0
0
0
0
0
0
0
1.535648e-01
0
0
2.424573e-01
3.639208e-01
4.269371e-01
2.511958e-01
6.461096e-02
0
5.546281e-01
2.714661e-01
0
0
0
0
0
0
0
0
0
0
0
0
0
0
7.883832e-02
5.600661e-01
0
0
0
0
4.096947e-01
3.987323e-01
2.547077e-01
4.127657e-01
8.517464e-01
1
1.130555e-01
0
5.081892e-02
3.059143e-02
0
7.147853e-02
5.632185e-01
4.360985e-01
6.665764e-01
5.369105e-01
2.474051e-01
5.095985e-01
1.763907e-01
1.861709e-01
0
9.634427e-02
0
1.920811e-01
1.663517e-01
3.598399e-01
0
0
0
1.120316e-01
0
2.581836e-01
0
0
5.294614e-01
3.897982e-02
3.485943e-01
5.399218e-01
0
0
0
0
0
0
0
0
0
0
0
1.392239e-01
0
0
0
0
2.729432e-01
2.704447e-01
4.161788e-02
7.549944e-02
9.638391e-02
2.356431e-02
0
4.224883e-03
1.089980e-01
1.917065e-01
5.482834e-02
1.577562e-01
2.624497e-01
0
0
0
0
1.054886e-01
0
0
3.346249e-02
0
0
2.471842e-01
7.621180e-02
0
0
0
0
0
0
0
0
0
2.451183e-01
0
0
0
2.230664e-01
0
1.253721e-01
2.656861e-01
1.886802e-01
0
0
0
0
0
3.205364e-01
1.329583e-01
0
0
0
0
2.392756e-01
1.221170e-01
1.679820e-01
1.778312e-01
0
0
0
0
3.449608e-01
0
0
0
6.830886e-02
1.130555e-01
1
3.378240e-01
3.183626e-01
2.713449e-01
6.385741e-01
3.937445e-01
1.616159e-01
2.937408e-01
1.925740e-01
1.617820e-01
1.292869e-01
8.390156e-02
6.052899e-02
1.361732e-01
0
0
0
0
3.121202e-01
1.578079e-01
5.010940e-03
0
0
0
0
0
0
0
2.489869e-01
0
9.101987e-02
0
5.026024e-02
1.549682e-01
2.608565e-01
9.916445e-02
3.410837e-01
1.957425e-01
1.178978e-01
7.683938e-03
4.534628e-01
2.455863e-01
5.217514e-01
2.448338e-01
2.397190e-02
0
3.236983e-01
1.231131e-01
6.072047e-02
0
0
1.907266e-01
0
0
0
3.558342e-01
5.070782e-02
4.208813e-01
0
0
1.862299e-02
0
0
1.910885e-01
0
5.569768e-01
0
7.338085e-02
0
4.935579e-02
2.957191e-01
1.005452e-01
3.273853e-01
0
0
8.305333e-03
9.288896e-02
0
0
0
0
0
0
0
0
0
0
1.457776e-02
0
2.275702e-02
0
2.014524e-01
0
1.877166e-01
0
1.048570e-01
5.024476e-02
3.369364e-01
0
0
0
0
0
0
0
0
3.209189e-02
0
0
7.217426e-02
0
0
0
0
0
0
3.378240e-01
1
2.762415e-01
3.864551e-01
4.015870e-01
0
0
0
0
8.488051e-03
2.303056e-02
0
2.925459e-02
1.468700e-01
1.559372e-01
1.737395e-01
0
2.092915e-02
4.282185e-01
2.743054e-01
2.557623e-01
1.715945e-01
1.070776e-01
1.638522e-01
0
0
1.312780e-01
3.188697e-01
0
0
5.808282e-02
1.105860e-01
2.691221e-01
1.454293e-01
0
0
0
1.668088e-01
0
0
2.063220e-01
2.420696e-01
1.803343e-01
1.361110e-01
2.439859e-01
1.941642e-01
3.188124e-01
2.211193e-01
0
4.237512e-02
3.540128e-01
1.824673e-01
1.582453e-01
2.317663e-01
0
0
2.953987e-02
0
4.815398e-02
8.909125e-02
0
0
2.498564e-01
0
1.041836e-01
0
7.876338e-02
6.563398e-02
0
9.748494e-02
3.538878e-01
0
0
7.446862e-02
2.813863e-03
7.865654e-02
0
0
0
0
0
0
0
0
0
0
0
0
0
0
0
1.703359e-01
0
3.059749e-03
0
2.180413e-01
1.174023e-01
3.085322e-01
0
0
2.018132e-01
0
0
0
3.525666e-02
1.716481e-01
0
0
1.078494e-01
5.079432e-01
7.938467e-02
1.982778e-01
0
0
0
5.081892e-02
3.183626e-01
2.762415e-01
1
5.747810e-01
6.619237e-01
6.848285e-02
1.022509e-01
1.861957e-01
1.181300e-01
1.432448e-01
0
4.413474e-02
9.857489e-03
7.617383e-02
0
0
0
0
4.520517e-01
4.150016e-01
0
1.013484e-02
8.201283e-02
4.196124e-02
0
0
0
1.929363e-01
0
0
0
3.834246e-02
0
0
0
1.258356e-02
0
0
5.042536e-02
0
6.349668e-01
5.935657e-01
7.983707e-02
0
2.083923e-01
0
7.391730e-01
7.113461e-01
0
0
4.565478e-01
6.738898e-01
7.965149e-02
1.789022e-01
0
0
0
0
0
0
1.629202e-02
0
0
0
0
0
0
2.721709e-02
0
0
0
0
1.153762e-01
0
0
0
0
0
0
0
4.817304e-03
0
0
0
5.920894e-02
0
0
7.825764e-03
0
0
0
1.913954e-01
0
2.559485e-01
0
2.673517e-01
5.597290e-02
8.835008e-02
0
0
3.679225e-02
0
0
0
1.715290e-01
3.115801e-01
2.162807e-01
1.205542e-03
0
1.240696e-01
0
0
0
0
0
3.059143e-02
2.713449e-01
3.864551e-01
5.747810e-01
1.000000e+00
5.304070e-01
5.133702e-01
0
1.375825e-02
0
2.103792e-02
0
7.138380e-02
1.267787e-01
2.052866e-01
6.574112e-02
2.138574e-01
1.998085e-02
0
4.320665e-01
4.430385e-01
5.706447e-02
3.348406e-02
2.151926e-01
2.210611e-01
0
0
0
1.204111e-01
0
0
0
7.846463e-02
9.141444e-04
0
0
0
2.366333e-02
0
0
0
1.633892e-01
1.355902e-01
0
2.596399e-03
3.945568e-03
1.513143e-01
3.724675e-01
3.649591e-01
0
1.440134e-01
1.043298e-01
4.436660e-01
1.140972e-01
1.529601e-01
0
0
0
0
0
5.294865e-02
0
0
8.483278e-02
0
4.401228e-02
0
0
0
0
0
3.745811e-01
0
3.873585e-01
1.492320e-01
2.273758e-03
0
0
0
0
0
0
0
1.886578e-02
0
0
0
6.081085e-02
1.626512e-02
0
1.360120e-01
0
0
0
3.761080e-02
0
1.972573e-01
3.337638e-01
4.003654e-01
2.581532e-02
4.890020e-02
6.959532e-02
1.359322e-01
1.284006e-01
0
1.010302e-01
0
0
0
1.487926e-01
3.222055e-01
9.632397e-02
0
0
0
0
0
6.385741e-01
4.015870e-01
6.619237e-01
5.304070e-01
1.000000e+00
3.831009e-01
0
1.439423e-01
0
0
2.346881e-02
0
9.870644e-03
9.412401e-02
0
0
0
0
3.817434e-01
2.493884e-01
1.759654e-01
0
0
0
0
0
0
1.320806e-01
0
0
0
0
2.134108e-01
1.244067e-02
2.551538e-01
3.759568e-01
4.364212e-01
3.436652e-01
3.436636e-01
8.113234e-02
5.615712e-01
5.157768e-01
3.945080e-01
7.178603e-02
2.643917e-01
0
6.167209e-01
3.975592e-01
0
0
0
4.565901e-01
0
7.883446e-02
0
1.813418e-01
0
0
0
0
0
0
2.337004e-01
5.578837e-02
3.630753e-02
3.421014e-02
0
0
0
0
1.861090e-01
0
1.933268e-01
0
0
9.274554e-02
0
0
0
0
0
0
2.760089e-01
0
0
0
3.886123e-02
0
0
0
4.484721e-02
0
0
0
0
0
2.357470e-01
2.304727e-01
0
0
0
6.446132e-03
1.766289e-01
7.885322e-02
1.489447e-01
2.351496e-01
0
0
0
0
2.464233e-02
0
0
0
0
7.147853e-02
3.937445e-01
0
6.848285e-02
5.133702e-01
3.831009e-01
1
0
8.046986e-02
1.612156e-03
0
1.933408e-02
1.712997e-01
5.728336e-02
1.205411e-01
6.717118e-02
2.615477e-01
7.607145e-02
1.176835e-01
1.708269e-01
2.136581e-01
1.971348e-01
1.906044e-02
1.754450e-01
0
0
0
0
0
1.962870e-01
0
0
0
6.748186e-02
1.559060e-01
1.198207e-02
1.308620e-01
1.997247e-01
2.471366e-01
1.282584e-01
9.495338e-02
0
0
4.774846e-01
2.788002e-01
1.737890e-01
1.112611e-01
2.654894e-02
0
1.412145e-01
0
0
1.382725e-01
0
1.877538e-03
0
2.997897e-04
0
0
1.254135e-01
0
6.076758e-02
3.586643e-01
1.388475e-01
4.667176e-01
1.058149e-01
1.044763e-01
1.141361e-01
0
1.477653e-01
2.381869e-01
5.105819e-01
2.064965e-01
2.399588e-01
1.958053e-01
1.658815e-01
0
2.223634e-02
1.958387e-01
2.868741e-01
7.657617e-02
0
0
0
0
1.157819e-03
2.840046e-01
1.850147e-01
1.707680e-01
6.570643e-01
3.269368e-01
0
0
0
0
0
0
0
0
0
0
0
0
0
0
0
4.774309e-01
0
0
5.125803e-02
0
4.299674e-01
4.875380e-01
7.027479e-01
5.436099e-01
3.342476e-01
5.632185e-01
1.616159e-01
0
1.022509e-01
0
0
0
1
9.435608e-01
9.291103e-01
9.395240e-01
8.854823e-01
9.151909e-01
7.551569e-01
7.194573e-01
0
0
0
0
2.425195e-01
2.541243e-01
0
0
0
0
0
2.245187e-01
0
4.077017e-02
1.334515e-02
0
1.611210e-01
1.631498e-01
0
0
0
0
0
0
0
0
2.667369e-01
0
0
7.287857e-03
1.460065e-01
0
1.508336e-02
0
0
0
0
0
0
0
0
4.730106e-02
1.125808e-02
1.946502e-01
1.056450e-01
1.848789e-01
4.694066e-01
0
1.465061e-01
4.311256e-01
0
0
0
0
0
0
0
0
4.854247e-02
0
0
1.363138e-01
0
0
0
0
0
0
0
0
7.469019e-02
1.259878e-01
2.154776e-01
9.841580e-02
5.530441e-01
1.983026e-01
0
0
0
0
0
0
0
0
0
0
0
0
0
0
0
5.567462e-01
0
0
2.026132e-02
0
3.728550e-01
3.929858e-01
5.972415e-01
3.968445e-01
2.198703e-01
4.360985e-01
2.937408e-01
0
1.861957e-01
1.375825e-02
1.439423e-01
8.046986e-02
9.435608e-01
1
8.783178e-01
9.312902e-01
8.821669e-01
8.957198e-01
7.541196e-01
7.659646e-01
0
0
0
0
3.337143e-01
3.209196e-01
0
0
0
0
0
1.101033e-01
0
1.065182e-01
0
0
2.478674e-01
2.086599e-01
0
0
0
0
1.717510e-02
0
0
0
3.040415e-01
0
0
0
1.394842e-01
0
4.735285e-02
0
0
0
0
0
0
0
0
4.932372e-02
0
1.930032e-01
0
6.954918e-02
4.226665e-01
1.124196e-02
1.933791e-01
4.877208e-01
0
0
0
2.097571e-02
0
0
2.034383e-02
0
9.455595e-02
0
0
9.268660e-02
0
0
0
0
0
0
0
0
1.665765e-01
2.184070e-01
1.018802e-01
5.866674e-02
6.745803e-01
2.660760e-01
0
0
0
0
0
0
0
0
0
0
0
0
0
0
0
6.065976e-01
0
0
0
0
3.878487e-01
5.173171e-01
6.436717e-01
5.503804e-01
4.782908e-01
6.665764e-01
1.925740e-01
0
1.181300e-01
0
0
1.612156e-03
9.291103e-01
8.783178e-01
1
9.507052e-01
7.229205e-01
7.925286e-01
6.062650e-01
6.093952e-01
0
0
0
0
1.667260e-01
1.453170e-01
0
0
0
0
0
2.305409e-01
0
1.504307e-01
1.962755e-01
0
3.421751e-01
3.887286e-01
0
0
0
0
0
0
0
0
1.688134e-01
0
0
9.282114e-02
8.315851e-02
0
2.109031e-02
0
0
0
5.717597e-02
0
0
0
0
1.024719e-01
1.168361e-02
2.017901e-01
4.196734e-02
2.712769e-01
3.168463e-01
0
0
3.469479e-01
0
1.205753e-01
0
4.773858e-02
0
0
3.487958e-02
2.574702e-02
0
0
0
6.096164e-03
0
0
0
0
0
0
0
0
1.213450e-01
1.726463e-01
3.081837e-02
1.175620e-01
5.634741e-01
1.392568e-01
0
0
0
0
0
0
0
0
0
0
0
0
0
0
0
6.256244e-01
0
0
0
0
3.366557e-01
5.078975e-01
6.005558e-01
5.062217e-01
3.430134e-01
5.369105e-01
1.617820e-01
8.488051e-03
1.432448e-01
2.103792e-02
0
0
9.395240e-01
9.312902e-01
9.507052e-01
1
7.945605e-01
8.475349e-01
7.130925e-01
7.644357e-01
0
0
0
0
2.077383e-01
2.265093e-01
0
0
0
0
0
2.008026e-01
0
1.930114e-01
1.460119e-02
0
3.141985e-01
3.845263e-01
0
0
0
0
0
0
0
0
1.923874e-01
0
0
8.955857e-02
1.525100e-01
0
4.598007e-02
0
0
0
5.486626e-02
0
0
0
0
0
0
1.139650e-01
9.451112e-03
2.530049e-01
3.072093e-01
0
2.191593e-02
4.154539e-01
0
0
0
9.015596e-02
0
0
1.297129e-01
0
1.509378e-02
0
0
5.326899e-02
0
0
0
0
0
0
0
0
0
3.082917e-01
1.649682e-01
2.258726e-01
4.787379e-01
3.068650e-01
0
0
0
0
0
0
2.729267e-02
0
0
0
0
0
4.921981e-02
1.139137e-01
0
2.728099e-01
0
0
1.093645e-01
0
2.079959e-01
2.130717e-01
6.333395e-01
4.072592e-01
2.633052e-02
2.474051e-01
1.292869e-01
2.303056e-02
0
0
2.346881e-02
1.933408e-02
8.854823e-01
8.821669e-01
7.229205e-01
7.945605e-01
1
8.996203e-01
8.628889e-01
7.964217e-01
0
0
0
0
3.283673e-01
2.614965e-01
0
0
0
0
0
1.172012e-01
0
7.357492e-02
0
0
3.332183e-02
0
1.647014e-01
4.065205e-02
0
0
5.211848e-02
0
0
2.767154e-02
1.524993e-01
0
0
0
2.471116e-01
0
0
0
0
0
0
0
0
0
0
8.339773e-03
4.563442e-02
2.000084e-01
2.149072e-01
1.694986e-01
5.397472e-01
2.436721e-01
5.002188e-01
5.690786e-01
0
0
0
0
0
0
0
0
3.906254e-02
0
0
3.045211e-01
0
0
0
0
0
0
0
0
5.014596e-02
2.789094e-01
1.275364e-01
1.692702e-01
4.867826e-01
2.130329e-01
0
0
0
0
0
0
0
0
0
0
0
0
0
7.197365e-02
0
5.091441e-01
0
0
0
0
2.641284e-01
2.524090e-01
5.928211e-01
4.530675e-01
2.143568e-01
5.095985e-01
8.390156e-02
0
4.413474e-02
7.138380e-02
0
1.712997e-01
9.151909e-01
8.957198e-01
7.925286e-01
8.475349e-01
8.996203e-01
1
8.089584e-01
7.758843e-01
0
0
0
0
3.955702e-01
4.590446e-01
0
0
0
0
0
1.467177e-01
0
0
0
0
1.211163e-01
1.545718e-01
0
0
0
0
0
0
0
0
1.286570e-01
0
0
0
1.143118e-01
2.077184e-03
0
0
0
0
0
0
0
0
0
0
5.617378e-02
6.596085e-02
2.239711e-01
1.425171e-01
6.177709e-01
1.585948e-01
2.969977e-01
4.972418e-01
0
0
0
0
0
0
0
0
1.222341e-01
0
0
4.838610e-02
0
0
0
0
0
0
0
0
0
1.623996e-01
3.827794e-02
1.895438e-01
2.025543e-01
9.850135e-02
0
0
0
0
0
0
0
0
0
7.507114e-02
0
0
0
8.315795e-02
0
3.948929e-01
0
9.815823e-03
1.523237e-02
0
5.010547e-02
2.227478e-01
6.548884e-01
5.938319e-01
0
1.763907e-01
6.052899e-02
2.925459e-02
9.857489e-03
1.267787e-01
9.870644e-03
5.728336e-02
7.551569e-01
7.541196e-01
6.062650e-01
7.130925e-01
8.628889e-01
8.089584e-01
1
8.760823e-01
0
0
0
0
4.811266e-01
3.364752e-01
0
0
0
0
0
7.214623e-02
0
1.962583e-01
0
0
0
0
1.591098e-01
0
0
0
7.030261e-02
0
0
0
3.858239e-03
0
0
0
9.747476e-02
0
0
0
0
0
0
0
0
0
0
0
0
0
8.837470e-02
3.695135e-02
4.667256e-01
2.189358e-01
4.086419e-01
5.373985e-01
0
0
0
0
0
0
0
0
8.412360e-02
0
0
1.253864e-01
0
0
0
0
0
0
0
0
0
1.340138e-01
0
1.305069e-01
1.110594e-01
1.885281e-02
0
0
0
0
0
0
2.109629e-01
0
0
0
0
0
0
1.599902e-01
1.322238e-01
4.944925e-01
0
0
0
0
1.399214e-01
1.737061e-01
4.818418e-01
3.765695e-01
0
1.861709e-01
1.361732e-01
1.468700e-01
7.617383e-02
2.052866e-01
9.412401e-02
1.205411e-01
7.194573e-01
7.659646e-01
6.093952e-01
7.644357e-01
7.964217e-01
7.758843e-01
8.760823e-01
1
0
3.292458e-02
0
0
3.445324e-01
3.506781e-01
0
0
0
0
0
5.726138e-02
0
1.517999e-01
0
0
5.373145e-02
1.671426e-01
1.821978e-01
9.682590e-02
0
0
7.046773e-02
0
1.941074e-02
0
5.219647e-02
0
0
7.031415e-02
1.723241e-01
0
0
0
0
0
0
0
0
0
0
0
0
0
0
0
2.192843e-01
1.678910e-01
2.453659e-01
5.820212e-01
0
0
0
0
0
0
1.492035e-01
0
1.684734e-02
0
0
1.237326e-01
0
0
0
0
1.153153e-01
9.228049e-02
0
1.190094e-02
3.311400e-01
0
0
0
0
0
0
1.073667e-01
0
0
0
0
0
1.506942e-01
0
0
2.324748e-01
1.257799e-01
4.613899e-03
0
6.391680e-01
2.525985e-03
4.604115e-01
0
0
0
0
0
0
0
0
0
0
1.559372e-01
0
6.574112e-02
0
6.717118e-02
0
0
0
0
0
0
0
0
1
8.725996e-01
8.451227e-01
7.142286e-01
4.387451e-01
4.734849e-01
2.120870e-01
3.507770e-01
6.997371e-01
5.989717e-01
5.728774e-03
0
0
0
1.505526e-01
5.875258e-01
1.829533e-01
2.482401e-01
0
7.702743e-02
0
0
2.066702e-01
2.994148e-01
3.004734e-01
2.608939e-01
0
2.304669e-01
0
0
0
4.326757e-02
0
0
7.185814e-02
3.767166e-01
1.393264e-02
1.628998e-01
6.774640e-01
7.081810e-01
1.318556e-02
0
0
0
0
0
0
8.392560e-02
0
0
2.394678e-01
0
1.547289e-01
0
4.265121e-01
0
0
0
7.412403e-02
2.950614e-01
0
0
3.905745e-01
3.788335e-01
7.951182e-02
0
0
6.595473e-02
0
1.357954e-02
2.166413e-01
0
0
0
0
0
0
1.106264e-01
0
0
0
0
0
2.612181e-01
0
0
8.686276e-02
4.980653e-02
1.216212e-01
5.465717e-02
6.194942e-01
3.183295e-02
3.503151e-01
5.600331e-03
0
0
0
0
0
0
8.921198e-02
9.634427e-02
0
1.737395e-01
0
2.138574e-01
0
2.615477e-01
0
0
0
0
0
0
0
3.292458e-02
8.725996e-01
1
8.259378e-01
7.886929e-01
3.689068e-01
5.225847e-01
1.509137e-01
2.397089e-01
5.431927e-01
6.290629e-01
0
0
0
0
1.782255e-01
5.365205e-01
0
2.032766e-01
0
2.425225e-02
0
0
0
1.043094e-01
3.299416e-02
2.004605e-02
0
2.224369e-01
2.223776e-02
7.993180e-02
0
2.918801e-01
0
0
2.167487e-01
5.257729e-01
0
1.787285e-01
5.820844e-01
7.386955e-01
0
0
0
0
0
0
0
1.698392e-01
0
0
2.933099e-01
0
1.005587e-01
0
3.890451e-01
0
3.396651e-03
0
6.552092e-03
2.747212e-01
9.510168e-02
0
1.920698e-01
2.904925e-01
8.912736e-02
0
2.044386e-01
3.781059e-01
7.959269e-02
9.474705e-02
1.849156e-01
0
0
0
0
0
0
2.846493e-01
0
0
0
7.015344e-02
0
2.735373e-01
6.380737e-02
0
2.922435e-01
2.635338e-01
1.013765e-01
0
5.141131e-01
0
4.107018e-01
5.507718e-03
0
0
0
0
0
0
0
0
0
0
0
1.998085e-02
0
7.607145e-02
0
0
0
0
0
0
0
0
8.451227e-01
8.259378e-01
1
8.208960e-01
2.148425e-01
3.281748e-01
2.046176e-01
4.892255e-01
6.590367e-01
6.232234e-01
6.408889e-02
0
0
0
1.042568e-01
6.496913e-01
0
0
0
0
3.645274e-02
0
1.238507e-01
1.740271e-01
2.027631e-01
1.192474e-01
0
3.219615e-01
0
0
0
1.505352e-01
0
1.564253e-01
2.252710e-01
4.243188e-01
4.566976e-02
2.998486e-01
7.127647e-01
8.546035e-01
1.397734e-01
0
0
0
0
0
0
6.827790e-02
0
0
5.037493e-01
0
1.810044e-01
0
5.110062e-01
0
0
0
0
3.542051e-01
1.123639e-01
0
4.222584e-01
5.709165e-01
2.804904e-01
0
0
1.279646e-01
2.265780e-01
2.610710e-02
1.871328e-01
0
0
0
0
0
1.368703e-01
1.005590e-01
0
0
0
0
0
4.239752e-01
0
0
2.354840e-02
1.541662e-01
1.385584e-01
0
4.783531e-01
0
1.343503e-01
2.759129e-02
0
0
0
0
0
0
2.954618e-01
1.920811e-01
0
2.092915e-02
0
0
0
1.176835e-01
0
0
0
0
0
0
0
0
7.142286e-01
7.886929e-01
8.208960e-01
1
7.985048e-02
2.593399e-01
0
3.416602e-01
4.589440e-01
5.746872e-01
1.607720e-01
0
0
0
4.530054e-01
5.625220e-01
0
1.229700e-01
0
0
2.368474e-02
0
0
4.891626e-02
1.036637e-01
9.279453e-03
0
3.219413e-01
2.897516e-02
7.327751e-02
0
0
0
0
4.086167e-01
2.949381e-01
1.088795e-01
1.258749e-01
6.229360e-01
7.667385e-01
1.674157e-01
0
0
0
0
0
0
0
0
0
3.621981e-01
1.009552e-01
0
0
3.856702e-01
2.539549e-02
0
0
0
0
0
0
2.458283e-01
3.055624e-01
0
0
0
0
0
0
1.444563e-01
0
0
0
0
0
0
0
0
0
0
0
0
0
0
0
5.590352e-02
0
0
0
1.120667e-01
2.078325e-01
9.917231e-02
0
0
0
0
0
1.232711e-02
7.608799e-02
0
1.663517e-01
3.121202e-01
4.282185e-01
4.520517e-01
4.320665e-01
3.817434e-01
1.708269e-01
2.425195e-01
3.337143e-01
1.667260e-01
2.077383e-01
3.283673e-01
3.955702e-01
4.811266e-01
3.445324e-01
4.387451e-01
3.689068e-01
2.148425e-01
7.985048e-02
1
8.240727e-01
0
7.792084e-03
2.164716e-01
1.963688e-01
0
0
0
0
0
0
1.522341e-01
1.640611e-01
0
0
0
0
7.268084e-02
0
4.900060e-02
0
2.028853e-01
2.772338e-01
0
0
0
9.867899e-02
7.691251e-02
2.968163e-01
0
1.768251e-01
8.897658e-02
5.470168e-01
2.113437e-01
3.199316e-01
0
0
0
0
4.769434e-02
0
5.661515e-01
0
3.552679e-01
7.961033e-02
0
0
0
0
0
0
0
0
2.476545e-01
3.372802e-01
0
0
0
8.939534e-02
0
0
0
0
0
0
2.650103e-01
0
0
0
0
0
0
0
0
0
0
0
0
0
0
0
0
0
0
0
3.063202e-01
3.335837e-01
2.746244e-01
0
0
0
0
0
0
0
1.692941e-01
3.598399e-01
1.578079e-01
2.743054e-01
4.150016e-01
4.430385e-01
2.493884e-01
2.136581e-01
2.541243e-01
3.209196e-01
1.453170e-01
2.265093e-01
2.614965e-01
4.590446e-01
3.364752e-01
3.506781e-01
4.734849e-01
5.225847e-01
3.281748e-01
2.593399e-01
8.240727e-01
1.000000e+00
0
0
2.980289e-01
4.305041e-01
0
0
0
0
0
8.464411e-03
1.117007e-01
2.754634e-01
0
0
0
0
0
0
3.232033e-02
0
2.736266e-01
4.155235e-01
0
0
0
1.649830e-01
0
1.707117e-01
0
3.174014e-01
1.447880e-01
5.502150e-01
3.416047e-01
4.764675e-01
0
0
0
0
0
0
4.311581e-01
0
1.605407e-01
0
0
0
0
0
1.171149e-02
0
0
0
2.444001e-01
2.806542e-01
0
0
0
1.466755e-01
0
0
7.324109e-01
4.746775e-01
0
0
0
0
0
0
0
0
0
1.824244e-01
3.802696e-02
1.914033e-01
0
1.059441e-02
6.029526e-01
3.166447e-01
4.379186e-01
5.881847e-01
0
1.072472e-01
1.463710e-01
1.701989e-01
1.210209e-01
0
3.542517e-01
0
2.148099e-01
9.244836e-02
0
0
0
0
0
0
5.010940e-03
2.557623e-01
0
5.706447e-02
1.759654e-01
1.971348e-01
0
0
0
0
0
0
0
0
2.120870e-01
1.509137e-01
2.046176e-01
0
0
0
1.000000e+00
5.441877e-01
4.035293e-01
3.252659e-02
1.496397e-02
0
1.928570e-01
1.115633e-01
0
6.245641e-02
0
0
7.361779e-01
7.098906e-01
3.504230e-01
4.578827e-01
6.094741e-01
7.672442e-01
4.949688e-01
5.758288e-01
3.172606e-02
1.512288e-01
4.159593e-01
0
3.262790e-01
7.010330e-02
6.817800e-02
0
0
0
0
0
0
6.949755e-02
2.324487e-01
0
0
0
0
0
0
4.157851e-01
4.128990e-01
2.998326e-01
5.415332e-01
0
5.845883e-01
9.174590e-02
2.092484e-02
7.342401e-02
4.225070e-01
0
0
2.626025e-01
2.480795e-01
3.636579e-01
3.867226e-01
2.248546e-01
4.186533e-01
0
6.206855e-01
6.861801e-01
0
0
0
0
0
0
0
0
0
4.129469e-01
1.169300e-01
0
0
0
0
4.240429e-01
4.418484e-01
2.643735e-01
9.788234e-02
2.364283e-01
0
0
0
0
4.039826e-01
2.584500e-01
1.804737e-01
2.860063e-01
0
0
0
0
0
0
0
1.715945e-01
1.013484e-02
3.348406e-02
0
1.906044e-02
0
0
0
0
0
0
0
0
3.507770e-01
2.397089e-01
4.892255e-01
3.416602e-01
7.792084e-03
0
5.441877e-01
1
6.122220e-01
4.048196e-01
4.981718e-01
0
5.680276e-01
1.843557e-01
0
1.502084e-01
0
0
3.042024e-01
8.320883e-02
7.126462e-02
6.077739e-02
1.681022e-01
4.121104e-01
3.759736e-01
2.854508e-01
0
1.242616e-01
0
0
1.830619e-01
1.499441e-02
2.040031e-02
1.369760e-01
0
0
2.991605e-01
1.382676e-01
3.325757e-01
4.057348e-01
2.809866e-01
0
0
0
0
0
0
1.812753e-01
3.976448e-01
0
5.887488e-01
0
4.625508e-01
6.438626e-03
3.960457e-01
1.781081e-01
0
0
0
2.492257e-01
1.677015e-01
1.677371e-01
2.515789e-01
3.779375e-01
2.713206e-01
3.234173e-01
4.546767e-01
1.616132e-01
0
0
2.209553e-01
0
0
0
0
0
0
2.255510e-01
0
0
0
0
0
3.151913e-01
0
0
2.663494e-01
3.612826e-04
0
0
3.734041e-01
0
5.250961e-01
0
0
0
0
0
0
0
0
0
0
1.070776e-01
8.201283e-02
2.151926e-01
0
1.754450e-01
0
0
0
0
0
0
0
0
6.997371e-01
5.431927e-01
6.590367e-01
4.589440e-01
2.164716e-01
2.980289e-01
4.035293e-01
6.122220e-01
1
7.250964e-01
4.316192e-01
0
1.740558e-01
0
1.008019e-02
3.945448e-01
2.946802e-01
3.506916e-01
4.770848e-02
3.167813e-02
6.443604e-03
0
1.801359e-01
3.478414e-01
3.299719e-01
2.306103e-01
0
6.057039e-02
3.541460e-02
0
0
3.483975e-02
0
2.608692e-02
2.029379e-01
1.659614e-01
2.788178e-01
2.231375e-01
7.373027e-01
6.198648e-01
5.693622e-02
0
0
0
0
0
0
1.693481e-01
4.740871e-02
0
4.625600e-01
0
2.924159e-01
1.979896e-01
4.514682e-01
1.392306e-01
1.712843e-01
0
1.622934e-01
4.194293e-01
2.081426e-01
0
3.100255e-01
3.737090e-01
3.398968e-01
6.516513e-03
8.490814e-02
2.260846e-02
0
2.574780e-01
2.640435e-01
0
0
0
0
0
0
4.118436e-01
0
7.776899e-02
0
0
0
9.965916e-02
0
0
2.098410e-02
0
0
0
2.123714e-01
0
3.798300e-01
7.850380e-02
0
0
0
0
0
0
1.688015e-01
1.120316e-01
0
1.638522e-01
4.196124e-02
2.210611e-01
0
0
0
0
0
0
0
0
0
0
5.989717e-01
6.290629e-01
6.232234e-01
5.746872e-01
1.963688e-01
4.305041e-01
3.252659e-02
4.048196e-01
7.250964e-01
1
3.837144e-01
0
1.102020e-01
0
6.413491e-02
3.942455e-01
1.587984e-01
4.657429e-01
0
0
0
0
0
0
0
0
0
8.965434e-02
0
0
0
1.327669e-01
0
9.994121e-03
2.607361e-01
4.016080e-01
4.351732e-01
1.679657e-01
7.317314e-01
7.101433e-01
0
0
0
0
0
2.568490e-02
0
0
0
0
3.551530e-01
0
1.033928e-01
0
3.773644e-01
0
9.441993e-02
0
1.763755e-01
2.405121e-01
8.679231e-02
0
1.040380e-01
1.014523e-01
7.615787e-02
1.262864e-01
2.823822e-01
1.514128e-01
0
0
1.398592e-01
0
1.048126e-01
0
6.602526e-02
0
0
0
3.505557e-01
0
0
0
0
1.110689e-01
0
0
0
0
0
0
0
0
7.990889e-03
8.821277e-03
1.119848e-01
0
0
2.957208e-02
9.975929e-02
2.622850e-01
1.648004e-01
0
0
0
0
0
0
0
0
0
0
0
0
0
0
0
5.728774e-03
0
6.408889e-02
1.607720e-01
0
0
1.496397e-02
4.981718e-01
4.316192e-01
3.837144e-01
1
0
4.898594e-01
1.586129e-02
1.997014e-01
5.712605e-03
3.564532e-01
3.085397e-01
0
0
0
0
0
0
8.278379e-02
7.794434e-02
0
0
0
0
6.610551e-03
0
0
0
1.425027e-01
0
4.294928e-01
0
2.600472e-01
1.815642e-02
1.035490e-01
1.786352e-01
0
0
6.995842e-02
2.279963e-01
0
3.856077e-02
7.730307e-02
1.127136e-01
9.167047e-02
1.312086e-01
1.558360e-02
2.472173e-01
3.791646e-01
2.283455e-01
0
6.345650e-02
0
0
0
1.152274e-01
1.119860e-01
2.378573e-01
5.755988e-02
3.423281e-01
0
0
0
3.262988e-01
7.525019e-02
5.816217e-01
2.326174e-02
7.061871e-01
2.839540e-01
5.064313e-01
0
1.726727e-01
1.618637e-01
4.739410e-01
2.409729e-01
3.497880e-01
0
0
4.466690e-02
1.343580e-01
0
0
1.724401e-01
2.962017e-01
0
1.379374e-01
1.165402e-01
3.257842e-01
0
0
9.816626e-02
2.478777e-01
4.368928e-02
8.156509e-02
3.591733e-02
2.581836e-01
0
0
0
0
0
0
2.245187e-01
1.101033e-01
2.305409e-01
2.008026e-01
1.172012e-01
1.467177e-01
7.214623e-02
5.726138e-02
0
0
0
0
0
0
0
0
0
0
0
1
0
2.197721e-01
6.546568e-02
1.920595e-01
0
0
0
0
1.258636e-01
1.539371e-01
0
0
2.079408e-02
9.003181e-02
2.247892e-01
1.449322e-01
0
0
0
0
0
0
0
1.016570e-01
1.197031e-01
0
0
0
6.783441e-02
0
3.180510e-01
0
0
1.541847e-01
0
0
0
0
0
0
0
0
0
0
0
0
6.975118e-02
0
0
0
0
0
0
0
3.982155e-01
2.786705e-01
0
0
3.721171e-02
0
0
0
0
0
0
3.781042e-01
1.806231e-01
1.004972e-01
6.993585e-02
0
0
1.036758e-01
2.788292e-01
3.026111e-01
0
0
0
0
0
0
2.354931e-01
3.936351e-01
3.133819e-01
3.636132e-01
0
0
1.129617e-01
1.746100e-01
0
0
0
1.312780e-01
0
0
0
0
0
0
0
0
0
0
0
0
0
0
0
0
0
0
1.928570e-01
5.680276e-01
1.740558e-01
1.102020e-01
4.898594e-01
0
1
5.570185e-01
0
0
9.537478e-02
5.412708e-03
3.396554e-01
0
0
0
0
7.772699e-02
0
6.074332e-02
0
0
0
0
3.414798e-01
2.859836e-03
8.634582e-02
1.934081e-01
0
0
4.634584e-01
4.730977e-02
1.229180e-01
1.061113e-03
9.978500e-02
0
0
0
1.625416e-01
3.857742e-01
3.044607e-02
1.854236e-01
2.716836e-01
0
2.081565e-01
0
3.405658e-01
3.451326e-01
2.398156e-01
3.629735e-01
0
0
0
2.638320e-01
2.910257e-01
3.083885e-01
0
3.605117e-02
3.141085e-01
6.029480e-01
2.278715e-01
3.724615e-02
0
0
9.051597e-02
0
0
4.096278e-01
0
0
0
4.347500e-01
1.849099e-01
4.618682e-01
0
2.049963e-01
0
0
2.394323e-01
4.240790e-01
1.427277e-01
0
0
0
0
1.765672e-01
3.529323e-01
4.379126e-01
1.866216e-01
2.705899e-01
0
9.028192e-02
2.160162e-01
1.359002e-01
0
0
0
3.188697e-01
1.929363e-01
1.204111e-01
1.320806e-01
0
4.077017e-02
1.065182e-01
1.504307e-01
1.930114e-01
7.357492e-02
0
1.962583e-01
1.517999e-01
0
0
0
0
0
0
1.115633e-01
1.843557e-01
0
0
1.586129e-02
2.197721e-01
5.570185e-01
1
0
0
0
8.125359e-03
4.228749e-01
5.781502e-02
0
0
1.220767e-01
1.707915e-01
1.486846e-01
1.682963e-01
8.038368e-02
9.153858e-02
0
0
9.598909e-02
0
2.388768e-01
2.816687e-01
0
0
3.515034e-01
1.301593e-01
0
0
0
0
0
0
0
1.446110e-01
0
0
1.341994e-01
2.241749e-02
0
0
1.733453e-01
4.073315e-01
0
0
3.172115e-02
0
0
0
0
3.175496e-02
0
0
0
9.380543e-02
0
0
5.586990e-01
1.460929e-01
3.489759e-01
4.574930e-02
2.158405e-01
0
2.613250e-01
9.260875e-02
2.441349e-01
0
0
0
0
0
0
1.012372e-01
0
0
0
0
3.926760e-01
1.570085e-01
2.118734e-01
1.707148e-01
0
0
0
0
2.804412e-01
0
0
0
7.021239e-01
5.294614e-01
2.489869e-01
0
0
0
0
1.962870e-01
1.334515e-02
0
1.962755e-01
1.460119e-02
0
0
0
0
1.505526e-01
1.782255e-01
1.042568e-01
4.530054e-01
0
0
0
0
1.008019e-02
6.413491e-02
1.997014e-01
6.546568e-02
0
0
1
4.575115e-01
5.224185e-01
4.552301e-01
0
0
1.334160e-01
0
0
0
0
1.495057e-01
0
0
2.174086e-01
2.863803e-01
0
0
0
0
6.441239e-01
1.708674e-01
0
0
3.228426e-01
1.737121e-01
6.425675e-03
3.949748e-01
2.947963e-01
5.159569e-01
0
0
0
0
0
2.857689e-03
0
6.594745e-01
0
0
2.551660e-01
4.071406e-01
1.365774e-01
2.785724e-01
8.407206e-03
0
0
0
9.280439e-02
3.630517e-02
0
8.343629e-02
6.152755e-02
7.636804e-02
1.054410e-01
3.152704e-01
4.626304e-01
9.148470e-02
0
0
0
0
0
1.875382e-01
0
8.869225e-02
0
5.601005e-02
0
0
1.799757e-02
0
1.104747e-01
1.257160e-01
2.564056e-01
2.541452e-01
4.927126e-01
0
4.945436e-01
1.567783e-01
0
0
0
0
0
0
1.507838e-01
3.897982e-02
0
0
0
0
0
0
0
0
0
0
0
0
0
0
5.875258e-01
5.365205e-01
6.496913e-01
5.625220e-01
0
8.464411e-03
6.245641e-02
1.502084e-01
3.945448e-01
3.942455e-01
5.712605e-03
1.920595e-01
0
0
4.575115e-01
1.000000e+00
1.575543e-01
2.138771e-01
0
1.485715e-01
2.722052e-01
2.284033e-02
8.581770e-02
1.051993e-01
1.472360e-01
2.777866e-01
0
1.240407e-02
0
0
0
2.448292e-01
0
0
4.250642e-01
6.027537e-01
1.265937e-02
4.274090e-02
7.005590e-01
5.937703e-01
2.300013e-01
0
1.992605e-01
0
0
0
0
3.268024e-02
0
0
3.105242e-01
1.040335e-01
4.854762e-02
0
5.865644e-01
1.942823e-01
0
1.574158e-01
0
2.733684e-01
2.367792e-01
0
3.072464e-01
2.983274e-01
2.720557e-01
5.602031e-03
0
0
2.603265e-02
5.448562e-02
4.591492e-01
0
9.967715e-02
0
1.743095e-01
0
0
0
0
0
0
0
0
0
0
0
0
0
0
0
1.288543e-01
3.666258e-01
0
0
0
0
2.911324e-02
4.114195e-02
1.425672e-02
5.550381e-02
5.190377e-01
3.485943e-01
9.101987e-02
5.808282e-02
0
0
0
0
1.611210e-01
2.478674e-01
3.421751e-01
3.141985e-01
3.332183e-02
1.211163e-01
0
5.373145e-02
1.829533e-01
0
0
0
1.522341e-01
1.117007e-01
0
0
2.946802e-01
1.587984e-01
3.564532e-01
0
9.537478e-02
0
5.224185e-01
1.575543e-01
1.000000e+00
8.452705e-01
0
0
0
0
0
0
0
0
0
0
1.022373e-01
1.724461e-01
0
0
0
0
3.845644e-01
5.393765e-02
2.370308e-01
0
4.074296e-01
2.469475e-02
0
2.562787e-01
0
3.318414e-01
6.781153e-02
0
2.125459e-01
0
0
1.616627e-01
0
5.078403e-01
0
5.266355e-01
1.786200e-01
2.883318e-01
1.083311e-01
3.567604e-01
4.262080e-02
8.457965e-02
1.262750e-02
0
0
0
0
0
0
0
0
1.653485e-01
5.941166e-01
0
0
0
5.965770e-02
0
0
0
0
0
0
0
0
0
0
0
0
0
0
0
2.482215e-01
5.756999e-01
1.327742e-01
0
0
0
0
1.193493e-01
0
1.706696e-01
5.908579e-01
5.399218e-01
0
1.105860e-01
3.834246e-02
7.846463e-02
0
0
1.631498e-01
2.086599e-01
3.887286e-01
3.845263e-01
0
1.545718e-01
0
1.671426e-01
2.482401e-01
2.032766e-01
0
1.229700e-01
1.640611e-01
2.754634e-01
0
0
3.506916e-01
4.657429e-01
3.085397e-01
0
5.412708e-03
8.125359e-03
4.552301e-01
2.138771e-01
8.452705e-01
1
0
0
0
0
0
0
0
0
0
0
0
1.926756e-01
0
0
0
0
3.949922e-01
2.836996e-01
3.715174e-01
4.370444e-02
5.179134e-01
1.755748e-01
0
0
0
0
0
8.363843e-02
3.779328e-03
0
0
0
0
2.551620e-01
0
3.038360e-01
1.505750e-01
9.002272e-02
2.432965e-01
2.609812e-01
5.450445e-02
2.553320e-02
0
0
0
0
0
9.624701e-03
6.416477e-01
3.442131e-01
0
0
0
0
0
2.289739e-01
0
0
4.856114e-02
6.747841e-02
2.232907e-01
2.506056e-01
0
1.647637e-02
5.947619e-01
1.101205e-01
4.987440e-01
7.565104e-01
9.553896e-03
1.286561e-01
0
2.360874e-01
0
0
1.434599e-01
1.573756e-02
4.502559e-01
1.446946e-01
0
0
9.343450e-02
0
0
0
5.026024e-02
2.691221e-01
0
9.141444e-04
2.134108e-01
6.748186e-02
0
0
0
0
1.647014e-01
0
1.591098e-01
1.821978e-01
0
0
0
0
0
0
7.361779e-01
3.042024e-01
4.770848e-02
0
0
0
3.396554e-01
4.228749e-01
0
0
0
0
1
7.737283e-01
2.022970e-01
3.866395e-01
4.150339e-01
6.021240e-01
3.585649e-01
4.457133e-01
7.574890e-02
0
3.136630e-01
6.909623e-02
5.576380e-01
0
1.968662e-01
0
0
0
0
0
0
0
2.870156e-01
1.008094e-01
8.860187e-02
0
2.754255e-01
1.323656e-02
6.975746e-02
3.339599e-01
5.841126e-01
5.271441e-01
3.378960e-01
0
6.865951e-01
4.255620e-01
0
6.668365e-02
3.339774e-01
0
0
2.341974e-01
3.053455e-01
6.435049e-01
2.639581e-01
0
2.953784e-01
2.124218e-02
4.863068e-01
2.211519e-01
0
0
0
2.127239e-01
3.456689e-02
2.349111e-01
0
5.534717e-03
1.680582e-01
0
1.124877e-02
2.143217e-01
0
0
5.567000e-01
1.364700e-02
4.251886e-01
6.667928e-01
0
1.756322e-01
3.569862e-01
6.142357e-01
1.128845e-01
0
2.057381e-01
0
1.324255e-01
0
0
0
0
0
0
0
1.549682e-01
1.454293e-01
0
0
1.244067e-02
1.559060e-01
0
0
0
0
4.065205e-02
0
0
9.682590e-02
7.702743e-02
2.425225e-02
0
0
0
0
7.098906e-01
8.320883e-02
3.167813e-02
0
0
0
0
5.781502e-02
0
1.485715e-01
0
0
7.737283e-01
1
4.167970e-01
4.645145e-01
4.771730e-01
6.346890e-01
4.081713e-01
5.964197e-01
0
0
3.859951e-01
1.278433e-01
1.921960e-01
1.399261e-01
0
0
0
0
0
0
0
0
4.233490e-01
2.126050e-01
4.079981e-01
1.817719e-01
2.586627e-01
0
0
4.125321e-01
2.673767e-01
4.625733e-01
3.607952e-01
5.700344e-02
6.173299e-01
2.967870e-01
1.144524e-01
1.696128e-01
3.627773e-01
0
0
2.906844e-01
4.338575e-01
3.457258e-01
4.503690e-01
1.306432e-01
3.886865e-01
0
3.194181e-01
1.834761e-01
2.701052e-01
0
0
5.510966e-02
3.988857e-01
9.341470e-02
0
1.234776e-01
1.301598e-01
1.580137e-02
2.555887e-01
0
1.760939e-01
1.111029e-01
4.729506e-01
2.147071e-01
3.884619e-01
3.723881e-01
1.723622e-01
4.072752e-01
3.063184e-01
7.440076e-02
7.230937e-03
0
0
0
3.902021e-01
1.524929e-01
5.143237e-02
0
0
0
0
0
2.608565e-01
0
0
0
2.551538e-01
1.198207e-02
0
0
0
0
0
0
0
0
0
0
3.645274e-02
2.368474e-02
0
0
3.504230e-01
7.126462e-02
6.443604e-03
0
0
1.258636e-01
0
0
1.334160e-01
2.722052e-01
0
0
2.022970e-01
4.167970e-01
1.000000e+00
7.361351e-01
6.133162e-01
4.649073e-01
6.491102e-01
3.788815e-01
2.277974e-01
1.822325e-01
3.941112e-01
0
0
0
1.049055e-01
5.844191e-02
1.491204e-01
0
0
0
0
0
3.816935e-01
5.199414e-01
2.047331e-01
2.160877e-01
0
0
0
0
0
0
2.639377e-01
3.655298e-01
4.309623e-02
2.266378e-01
0
1.648982e-01
5.051084e-02
1.393670e-01
0
0
2.239383e-02
1.017722e-01
2.742002e-01
1.870052e-01
8.692209e-02
0
3.499008e-01
4.605960e-01
3.071369e-01
0
0
1.932009e-01
3.006117e-01
3.253762e-01
0
2.004251e-01
6.628148e-02
6.091677e-02
3.255945e-01
2.106871e-01
3.874549e-01
2.984381e-01
6.006574e-01
1.812527e-01
5.726246e-01
5.304327e-01
2.389454e-01
5.830983e-01
5.058423e-01
2.490119e-01
1.004138e-01
0
5.580455e-02
0
5.384930e-01
2.116760e-01
2.438042e-01
0
0
0
0
0
9.916445e-02
0
1.258356e-02
0
3.759568e-01
1.308620e-01
0
0
0
0
0
0
0
0
0
0
0
0
0
0
4.578827e-01
6.077739e-02
0
0
0
1.539371e-01
0
0
0
2.284033e-02
0
0
3.866395e-01
4.645145e-01
7.361351e-01
1
5.742075e-01
4.694914e-01
5.572608e-01
4.140559e-01
3.098596e-01
3.256735e-01
3.463744e-01
1.560787e-02
1.733440e-01
0
2.411110e-01
8.839667e-02
0
0
0
0
0
0
3.669402e-01
2.136874e-01
2.575471e-01
0
0
0
0
0
2.228691e-02
9.340291e-02
3.673408e-01
0
2.093665e-01
0
0
0
3.194919e-02
0
0
0
0
2.449406e-01
9.768257e-02
1.946091e-01
8.949484e-02
0
4.855952e-01
2.788508e-01
4.919642e-03
0
0
0
3.053534e-01
4.262485e-02
0
0
0
0
0
6.654092e-02
0
4.178425e-02
4.311561e-01
0
3.601805e-01
5.258378e-01
2.425183e-01
3.880856e-01
3.041688e-01
1.330143e-01
2.473313e-01
0
2.341907e-01
0
2.527000e-01
8.715778e-02
0
0
0
0
0
0
3.410837e-01
0
0
2.366333e-02
4.364212e-01
1.997247e-01
0
1.717510e-02
0
0
5.211848e-02
0
7.030261e-02
7.046773e-02
2.066702e-01
0
1.238507e-01
0
7.268084e-02
0
6.094741e-01
1.681022e-01
1.801359e-01
0
0
0
0
1.220767e-01
0
8.581770e-02
0
0
4.150339e-01
4.771730e-01
6.133162e-01
5.742075e-01
1
7.986347e-01
7.836073e-01
6.707363e-01
1.721940e-01
2.231584e-01
2.394884e-01
0
0
0
2.215367e-03
2.885432e-02
0
0
0
3.063369e-02
0
0
0
1.478341e-01
0
2.630710e-02
0
0
0
1.873793e-01
3.171915e-01
2.862756e-01
3.284223e-02
9.807838e-02
1.887999e-01
9.363650e-02
0
0
3.429493e-02
0
9.862992e-02
5.839054e-02
0
5.152010e-02
3.595501e-01
3.097699e-01
1.291006e-01
0
6.201322e-01
3.957134e-01
3.426933e-03
0
0
0
1.279722e-01
0
0
0
9.216102e-02
0
6.762771e-02
0
0
0
4.186671e-01
2.760703e-01
5.014047e-01
5.165846e-01
7.936363e-02
3.587599e-01
3.300760e-01
2.253820e-01
2.208941e-01
0
1.943976e-01
0
1.916176e-01
0
0
0
0
0
0
0
1.957425e-01
1.668088e-01
0
0
3.436652e-01
2.471366e-01
0
0
0
0
0
0
0
0
2.994148e-01
1.043094e-01
1.740271e-01
4.891626e-02
0
0
7.672442e-01
4.121104e-01
3.478414e-01
0
0
0
7.772699e-02
1.707915e-01
0
1.051993e-01
0
0
6.021240e-01
6.346890e-01
4.649073e-01
4.694914e-01
7.986347e-01
1
6.816004e-01
8.509461e-01
0
4.078258e-02
3.457418e-01
0
7.880799e-02
0
0
0
0
0
0
0
0
0
1.890151e-01
2.128546e-01
0
0
0
0
0
3.252969e-01
3.690653e-01
3.932351e-01
3.021039e-01
1.538682e-01
4.740232e-01
1.064481e-01
3.796771e-02
1.135116e-01
2.432362e-01
0
1.238525e-02
0
0
2.201661e-01
4.526443e-01
2.439533e-01
2.308250e-01
0
4.437898e-01
3.222587e-01
0
0
0
0
3.943224e-01
0
0
0
0
0
7.261760e-02
0
0
0
2.894183e-01
5.961789e-02
3.012860e-01
3.724540e-01
3.372908e-01
5.146096e-01
1.202759e-01
0
2.748611e-01
0
3.429616e-01
0
2.111529e-01
0
0
0
0
0
0
0
1.178978e-01
0
5.042536e-02
0
3.436636e-01
1.282584e-01
0
0
0
0
0
0
0
1.941074e-02
3.004734e-01
3.299416e-02
2.027631e-01
1.036637e-01
4.900060e-02
3.232033e-02
4.949688e-01
3.759736e-01
3.299719e-01
0
8.278379e-02
2.079408e-02
0
1.486846e-01
0
1.472360e-01
0
0
3.585649e-01
4.081713e-01
6.491102e-01
5.572608e-01
7.836073e-01
6.816004e-01
1
6.468936e-01
2.382346e-01
2.733128e-01
3.315083e-02
0
0
0
0
0
0
0
0
1.177497e-02
0
1.394960e-05
2.874823e-01
4.535039e-01
0
0
0
0
0
0
2.562068e-01
3.696046e-01
1.648891e-01
3.510915e-03
1.715231e-01
1.895664e-01
5.886081e-02
0
0
0
6.275352e-02
0
0
0
3.373141e-01
3.458909e-01
0
0
4.992070e-01
3.375189e-01
3.800445e-02
0
1.836517e-02
0
2.508574e-01
1.040821e-01
0
0
0
0
6.858523e-02
8.637542e-02
0
0
7.013965e-02
0
3.998504e-01
4.643352e-01
0
2.548112e-01
4.848277e-01
4.231712e-01
1.880437e-01
0
2.453709e-01
0
2.922275e-02
0
0
0
0
0
0
0
7.683938e-03
0
0
0
8.113234e-02
9.495338e-02
0
0
0
0
2.767154e-02
0
0
0
2.608939e-01
2.004605e-02
1.192474e-01
9.279453e-03
0
0
5.758288e-01
2.854508e-01
2.306103e-01
0
7.794434e-02
9.003181e-02
6.074332e-02
1.682963e-01
1.495057e-01
2.777866e-01
0
0
4.457133e-01
5.964197e-01
3.788815e-01
4.140559e-01
6.707363e-01
8.509461e-01
6.468936e-01
1.000000e+00
0
0
4.185991e-02
0
0
0
0
0
0
0
0
0
0
0
3.358031e-01
2.727408e-01
2.283946e-01
9.786473e-02
0
0
0
2.790807e-01
3.201564e-01
3.796053e-01
2.376383e-01
7.384686e-02
4.546913e-01
3.555871e-02
1.846206e-01
7.442016e-02
1.042732e-01
0
1.245336e-01
0
0
9.540020e-03
5.076080e-01
2.922155e-01
1.723693e-01
0
0
0
0
0
0
0
1.840662e-01
2.627605e-01
1.878256e-01
2.680486e-01
0
0
1.067932e-01
1.235350e-01
9.513177e-02
2.448103e-01
1.497517e-01
0
0
0
0
0
6.397828e-02
0
0
0
0
0
1.926779e-01
1.105985e-01
3.076998e-01
1.855783e-01
0
0
0
0
4.534628e-01
2.063220e-01
6.349668e-01
1.633892e-01
5.615712e-01
0
2.667369e-01
3.040415e-01
1.688134e-01
1.923874e-01
1.524993e-01
1.286570e-01
3.858239e-03
5.219647e-02
0
0
0
0
2.028853e-01
2.736266e-01
3.172606e-02
0
0
0
0
2.247892e-01
0
8.038368e-02
0
0
0
0
7.574890e-02
0
2.277974e-01
3.098596e-01
1.721940e-01
0
2.382346e-01
0
1
6.938331e-01
1.387948e-01
0
8.413603e-02
0
5.960800e-01
2.958455e-01
0
0
3.272799e-01
3.262188e-01
0
0
9.365266e-02
2.392202e-01
0
0
0
0
4.538865e-02
0
1.070687e-01
0
2.895430e-02
6.981538e-02
0
0
0
0
1.932833e-02
0
3.242157e-01
0
0
8.536492e-02
0
0
0
0
0
5.529893e-03
0
0
0
0
0
1.052914e-01
0
5.807849e-02
0
2.166077e-01
0
1.506593e-01
0
3.035935e-01
7.629161e-02
2.923444e-01
0
0
3.609010e-02
6.621001e-02
1.914739e-02
0
2.869475e-01
0
2.106659e-01
0
0
2.739203e-01
0
0
0
0
0
0
2.455863e-01
2.420696e-01
5.935657e-01
1.355902e-01
5.157768e-01
0
0
0
0
0
0
0
0
0
2.304669e-01
2.224369e-01
3.219615e-01
3.219413e-01
2.772338e-01
4.155235e-01
1.512288e-01
1.242616e-01
6.057039e-02
8.965434e-02
0
1.449322e-01
0
9.153858e-02
0
1.240407e-02
0
0
0
0
1.822325e-01
3.256735e-01
2.231584e-01
4.078258e-02
2.733128e-01
0
6.938331e-01
1
9.201597e-02
0
0
0
4.354531e-01
5.785702e-01
0
0
4.173500e-01
6.189260e-01
2.052947e-01
4.953047e-01
3.151870e-02
0
0
0
0
0
0
0
0
0
2.201487e-01
0
0
0
0
0
0
0
0
0
0
0
0
0
0
0
6.053606e-02
0
3.373550e-01
0
0
0
0
0
0
0
2.585701e-01
0
0
0
7.620194e-02
0
6.781390e-01
6.457112e-01
4.111308e-03
5.597507e-04
0
8.522811e-03
2.734898e-01
1.020991e-02
0
0
0
0
2.391278e-01
1.791082e-01
1.631204e-01
0
0
0
5.797499e-02
0
5.217514e-01
1.803343e-01
7.983707e-02
0
3.945080e-01
4.774846e-01
0
0
0
0
0
0
0
0
0
2.223776e-02
0
2.897516e-02
0
0
4.159593e-01
0
3.541460e-02
0
0
0
0
0
2.174086e-01
0
1.022373e-01
0
3.136630e-01
3.859951e-01
3.941112e-01
3.463744e-01
2.394884e-01
3.457418e-01
3.315083e-02
4.185991e-02
1.387948e-01
9.201597e-02
1
6.539848e-01
5.710727e-01
1.974095e-01
3.461122e-01
6.122683e-02
3.422310e-01
0
0
0
0
1.260107e-02
2.709474e-02
1.688067e-01
4.274025e-02
3.415376e-01
2.332311e-02
0
0
2.117267e-01
3.425016e-02
2.270634e-01
2.343589e-01
4.811675e-01
4.098856e-02
7.140185e-02
0
4.549025e-01
4.812617e-01
3.999347e-01
0
1.327673e-01
2.588141e-01
4.613631e-01
6.924107e-02
1.389666e-01
3.590921e-01
0
0
0
3.724075e-01
0
0
5.059534e-02
0
0
6.739678e-02
1.485654e-02
4.958927e-01
0
2.943447e-03
0
2.194369e-01
0
4.251835e-01
5.540939e-01
0
0
0
0
1.758810e-01
1.842303e-01
7.021737e-03
0
0
0
0
5.085564e-02
4.323504e-01
1.402987e-01
0
0
3.757942e-01
1.392239e-01
2.448338e-01
1.361110e-01
0
2.596399e-03
7.178603e-02
2.788002e-01
7.287857e-03
0
9.282114e-02
8.955857e-02
0
0
0
7.031415e-02
0
7.993180e-02
0
7.327751e-02
0
0
0
0
0
0
0
0
0
0
2.863803e-01
0
1.724461e-01
1.926756e-01
6.909623e-02
1.278433e-01
0
1.560787e-02
0
0
0
0
0
0
6.539848e-01
1
4.956448e-01
2.033937e-01
2.245540e-01
0
5.347266e-01
0
0
0
0
0
0
3.628914e-02
2.154702e-01
2.564719e-01
1.623810e-01
1.953999e-01
0
8.970011e-02
0
9.172115e-02
1.067376e-01
3.500043e-01
0
0
0
2.684807e-01
5.045343e-01
3.770588e-01
0
0
1.878621e-01
3.394722e-01
0
0
5.413461e-02
2.053482e-01
1.258387e-01
1.483046e-01
0
0
0
0
0
0
9.080762e-03
7.401344e-03
8.287204e-02
0
1.403579e-01
0
1.664959e-01
0
5.944249e-01
4.866066e-01
2.135443e-01
1.998574e-01
0
0
0
0
0
0
0
0
5.928413e-01
4.958773e-01
0
0
1.369873e-01
0
0
0
2.397190e-02
2.439859e-01
2.083923e-01
3.945568e-03
2.643917e-01
1.737890e-01
1.460065e-01
1.394842e-01
8.315851e-02
1.525100e-01
2.471116e-01
1.143118e-01
9.747476e-02
1.723241e-01
0
0
0
0
0
0
3.262790e-01
1.830619e-01
0
0
6.610551e-03
0
3.414798e-01
9.598909e-02
0
0
0
0
5.576380e-01
1.921960e-01
0
1.733440e-01
0
7.880799e-02
0
0
8.413603e-02
0
5.710727e-01
4.956448e-01
1
2.192697e-01
5.789139e-01
1.781451e-01
0
0
1.306305e-02
0
0
0
3.021066e-02
0
0
0
2.331067e-01
3.935558e-01
6.465562e-02
2.799679e-01
4.606706e-01
2.958872e-01
1.190054e-01
0
1.762754e-01
7.454852e-02
0
2.414599e-01
3.230261e-01
1.026353e-01
0
2.086101e-02
2.510212e-01
8.435734e-01
0
0
1.665174e-01
2.783786e-01
0
6.126912e-02
0
8.062665e-02
0
2.903633e-01
0
2.358056e-02
0
2.949729e-02
0
1.994694e-01
0
2.777256e-01
0
3.079966e-01
3.336458e-02
1.491510e-01
2.817262e-02
0
0
0
1.608170e-01
2.314472e-01
0
0
1.109491e-01
2.029108e-02
0
4.482978e-02
0
0
0
0
3.822683e-02
0
0
1.941642e-01
0
1.513143e-01
0
1.112611e-01
0
0
0
0
0
2.077184e-03
0
0
4.326757e-02
2.918801e-01
1.505352e-01
0
9.867899e-02
1.649830e-01
7.010330e-02
1.499441e-02
3.483975e-02
1.327669e-01
0
0
2.859836e-03
0
0
2.448292e-01
0
0
0
1.399261e-01
0
0
0
0
0
0
0
0
1.974095e-01
2.033937e-01
2.192697e-01
1
0
1.103851e-01
3.129584e-01
6.909854e-01
0
1.119683e-01
1.457392e-01
2.598595e-01
7.138414e-02
0
2.681886e-01
0
1.748152e-01
2.551770e-01
5.196943e-02
4.312349e-01
1.125897e-01
0
1.455620e-01
0
7.323710e-02
0
2.313988e-01
3.022273e-01
1.013985e-01
1.632580e-01
0
4.052786e-01
6.146340e-01
0
0
1.521141e-01
4.007059e-01
2.208890e-01
4.246313e-02
3.986395e-02
0
0
0
0
0
1.185459e-01
3.052537e-02
1.218748e-01
7.161986e-02
2.619506e-01
2.805004e-01
1.758030e-01
4.427319e-01
4.318896e-01
3.843068e-01
3.864009e-01
1.068478e-01
1.207447e-01
0
0
0
0
0
0
0
0
4.930595e-01
7.420989e-01
1.233172e-01
2.881167e-01
0
0
0
0
3.236983e-01
3.188124e-01
7.391730e-01
3.724675e-01
6.167209e-01
2.654894e-02
1.508336e-02
4.735285e-02
2.109031e-02
4.598007e-02
0
0
0
0
0
0
0
0
7.691251e-02
0
6.817800e-02
2.040031e-02
0
0
0
0
8.634582e-02
2.388768e-01
0
0
0
0
1.968662e-01
0
1.049055e-01
2.411110e-01
2.215367e-03
0
0
0
5.960800e-01
4.354531e-01
3.461122e-01
2.245540e-01
5.789139e-01
0
1
6.810287e-01
0
0
3.923572e-01
4.108312e-01
0
0
0
0
0
0
0
1.610642e-01
0
0
1.305827e-01
0
1.125812e-01
3.410375e-02
0
8.593353e-03
0
0
1.505816e-01
0
1.974349e-02
0
0
3.870168e-01
0
0
0
0
0
5.445800e-02
0
0
0
0
0
3.278330e-02
0
0
0
5.394087e-01
0
2.927106e-01
1.839510e-01
5.596139e-01
1.370060e-01
3.023730e-01
4.368443e-02
1.063458e-01
3.124640e-01
6.152745e-02
0
0
8.756768e-03
0
2.190536e-01
1.842643e-01
2.077139e-01
7.663421e-01
0
8.923880e-02
0
0
0
0
1.231131e-01
2.211193e-01
7.113461e-01
3.649591e-01
3.975592e-01
0
0
0
0
0
0
0
0
0
0
0
1.564253e-01
0
2.968163e-01
1.707117e-01
0
1.369760e-01
2.608692e-02
9.994121e-03
0
0
1.934081e-01
2.816687e-01
0
0
0
0
0
0
5.844191e-02
8.839667e-02
2.885432e-02
0
0
0
2.958455e-01
5.785702e-01
6.122683e-02
0
1.781451e-01
1.103851e-01
6.810287e-01
1.000000e+00
0
1.357864e-01
4.831197e-01
7.781284e-01
2.253897e-01
3.605312e-01
0
0
0
0
0
0
0
0
0
0
1.238855e-01
0
0
1.535877e-02
0
0
0
7.768108e-02
0
2.738899e-01
4.563468e-02
0
0
0
2.500668e-02
0
0
0
5.241321e-01
2.736117e-01
9.065017e-02
0
3.010719e-02
0
1.828443e-02
0
4.413369e-01
0
0
0
2.592007e-01
0
0
4.298838e-01
0
0
0
0
1.739106e-01
5.038629e-02
6.864753e-02
0
0
0
0
0
1.642276e-01
0
0
0
5.202022e-01
2.729432e-01
6.072047e-02
0
0
0
0
1.412145e-01
0
0
0
0
0
0
0
0
7.185814e-02
2.167487e-01
2.252710e-01
4.086167e-01
0
0
0
0
2.029379e-01
2.607361e-01
1.425027e-01
0
0
0
6.441239e-01
4.250642e-01
3.845644e-01
3.949922e-01
0
0
1.491204e-01
0
0
0
0
0
0
0
3.422310e-01
5.347266e-01
0
3.129584e-01
0
0
1
3.858984e-01
2.463456e-02
0
4.703472e-01
3.438621e-01
8.344185e-02
1.876095e-01
2.145687e-01
3.547873e-01
7.694248e-02
1.349834e-01
0
0
0
0
1.678895e-01
4.816110e-01
0
1.219060e-02
2.687110e-01
5.687071e-01
1.714896e-01
4.928060e-01
0
3.564305e-03
2.550742e-01
0
0
0
1.759943e-01
3.079991e-01
0
0
5.610213e-04
4.199712e-01
4.209097e-01
1.811383e-01
0
0
0
0
0
2.679945e-01
0
2.509808e-01
0
2.951092e-01
0
0
0
0
1.455765e-01
0
1.904968e-01
1.660514e-01
3.770997e-01
1.579549e-01
2.959291e-01
1.354328e-01
0
0
0
0
0
0
2.447445e-01
2.704447e-01
0
4.237512e-02
0
1.440134e-01
0
0
0
0
0
0
0
0
0
0
3.767166e-01
5.257729e-01
4.243188e-01
2.949381e-01
1.768251e-01
3.174014e-01
0
0
1.659614e-01
4.016080e-01
0
1.016570e-01
0
0
1.708674e-01
6.027537e-01
5.393765e-02
2.836996e-01
0
0
0
0
0
0
0
0
0
0
0
0
0
6.909854e-01
0
1.357864e-01
3.858984e-01
1
0
2.677474e-01
4.978564e-01
5.492173e-01
0
0
9.167470e-02
0
0
0
0
1.363134e-01
0
0
0
0
0
0
2.527064e-01
3.941385e-02
0
6.163869e-02
0
1.863218e-01
1.856053e-01
0
0
6.910306e-02
9.067155e-02
3.104673e-02
0
0
0
0
1.759260e-01
0
0
0
0
0
0
3.460637e-01
0
2.602116e-02
0
4.325658e-02
0
2.146118e-01
0
0
0
0
0
0
0
4.747585e-02
1.964062e-01
1.298657e-01
0
2.981963e-01
0
5.315078e-02
0
0
2.010273e-01
4.161788e-02
0
3.540128e-01
4.565478e-01
1.043298e-01
0
0
0
0
5.717597e-02
5.486626e-02
0
0
0
0
1.393264e-02
0
4.566976e-02
1.088795e-01
8.897658e-02
1.447880e-01
0
2.991605e-01
2.788178e-01
4.351732e-01
4.294928e-01
1.197031e-01
4.634584e-01
3.515034e-01
0
1.265937e-02
2.370308e-01
3.715174e-01
0
0
0
0
0
0
0
0
3.272799e-01
4.173500e-01
0
0
1.306305e-02
0
3.923572e-01
4.831197e-01
2.463456e-02
0
1
4.418748e-01
4.768069e-01
3.740173e-01
0
0
0
0
0
1.369450e-01
0
0
0
0
1.107159e-01
8.890522e-02
0
1.793492e-01
0
6.663148e-02
1.286496e-01
0
0
6.897334e-02
0
0
0
0
0
1.145161e-01
0
0
0
0
2.405825e-01
0
0
0
0
0
0
2.040669e-01
0
1.362371e-01
0
2.987781e-01
0
1.607805e-01
0
0
1.814107e-01
0
0
0
1.420507e-01
2.386701e-01
3.687698e-01
0
0
3.295265e-01
0
0
0
0
9.893933e-03
7.549944e-02
1.907266e-01
1.824673e-01
6.738898e-01
4.436660e-01
4.565901e-01
1.382725e-01
0
0
0
0
0
0
0
0
1.628998e-01
1.787285e-01
2.998486e-01
1.258749e-01
5.470168e-01
5.502150e-01
0
1.382676e-01
2.231375e-01
1.679657e-01
0
0
4.730977e-02
1.301593e-01
0
4.274090e-02
0
4.370444e-02
0
0
0
0
3.063369e-02
0
1.177497e-02
0
3.262188e-01
6.189260e-01
0
0
0
1.119683e-01
4.108312e-01
7.781284e-01
0
2.677474e-01
4.418748e-01
1
4.462200e-01
5.637192e-01
0
0
0
0
0
0
9.162734e-02
0
0
0
1.357832e-01
0
0
0
0
0
0
5.818551e-03
0
4.117711e-01
5.679747e-02
0
0
3.467366e-02
1.012722e-01
0
1.539556e-02
0
0
1.284854e-01
5.353558e-01
0
0
0
0
0
0
2.801673e-01
0
0
0
0
0
2.399567e-01
0
0
1.033735e-01
0
0
0
4.252001e-01
5.675249e-02
4.859181e-01
0
0
0
0
0
0
0
2.691824e-01
9.638391e-02
0
1.582453e-01
7.965149e-02
1.140972e-01
0
0
0
0
0
0
0
0
0
0
6.774640e-01
5.820844e-01
7.127647e-01
6.229360e-01
2.113437e-01
3.416047e-01
0
3.325757e-01
7.373027e-01
7.317314e-01
2.600472e-01
0
1.229180e-01
0
3.228426e-01
7.005590e-01
4.074296e-01
5.179134e-01
0
0
0
0
0
0
0
0
0
2.052947e-01
0
0
0
1.457392e-01
0
2.253897e-01
4.703472e-01
4.978564e-01
4.768069e-01
4.462200e-01
1
8.580227e-01
5.225515e-03
0
0
0
0
0
0
0
0
0
3.377155e-01
1.140292e-01
0
3.646741e-02
4.287496e-01
2.390401e-01
0
1.203917e-01
5.722340e-03
3.980788e-01
1.798976e-01
0
1.488576e-01
1.849454e-01
2.450760e-01
8.117561e-02
0
6.828679e-02
0
3.663875e-02
2.744929e-01
0
0
0
0
0
0
3.672731e-01
0
3.213825e-02
0
1.765940e-01
0
3.708116e-01
0
0
8.721976e-02
0
0
0
3.988564e-01
0
3.963329e-01
0
0
3.627302e-02
0
0
0
0
1.725262e-01
2.356431e-02
0
2.317663e-01
1.789022e-01
1.529601e-01
7.883446e-02
1.877538e-03
0
0
0
0
0
0
0
0
7.081810e-01
7.386955e-01
8.546035e-01
7.667385e-01
3.199316e-01
4.764675e-01
6.949755e-02
4.057348e-01
6.198648e-01
7.101433e-01
1.815642e-02
0
1.061113e-03
0
1.737121e-01
5.937703e-01
2.469475e-02
1.755748e-01
0
0
0
0
0
0
1.394960e-05
0
0
4.953047e-01
1.260107e-02
0
0
2.598595e-01
0
3.605312e-01
3.438621e-01
5.492173e-01
3.740173e-01
5.637192e-01
8.580227e-01
1
8.700918e-02
0
0
0
0
0
0
0
0
0
4.799403e-01
0
0
0
3.065180e-01
1.243097e-01
0
0
0
3.516265e-01
1.171587e-01
0
1.504947e-01
2.809777e-01
1.994810e-01
5.391779e-03
2.922803e-01
3.652660e-01
4.901694e-02
6.354386e-02
0
2.745761e-01
1.693762e-01
2.962941e-01
0
2.697730e-01
1.460970e-01
2.081321e-01
2.166851e-01
1.958681e-01
1.161492e-01
1.652652e-01
7.307150e-02
9.895610e-02
3.511739e-01
2.671397e-01
9.567873e-02
2.543303e-01
3.209474e-01
2.257865e-01
0
0
4.571509e-02
0
1.606521e-01
0
3.871721e-04
0
0
0
0
0
0
0
0
0
0
0
0
0
0
0
0
0
0
0
1.318556e-02
0
1.397734e-01
1.674157e-01
0
0
2.324487e-01
2.809866e-01
5.693622e-02
0
1.035490e-01
6.783441e-02
9.978500e-02
0
6.425675e-03
2.300013e-01
0
0
2.870156e-01
4.233490e-01
3.816935e-01
3.669402e-01
0
1.890151e-01
2.874823e-01
3.358031e-01
9.365266e-02
3.151870e-02
2.709474e-02
0
3.021066e-02
7.138414e-02
0
0
8.344185e-02
0
0
0
5.225515e-03
8.700918e-02
1
4.460818e-01
6.336868e-01
1.018249e-01
3.383925e-01
0
9.608058e-02
0
1.620769e-01
0
5.711353e-01
0
3.757156e-01
8.432352e-04
2.300975e-01
1.788829e-01
0
0
0
8.183636e-03
2.650126e-01
2.526861e-01
4.099025e-01
2.648307e-01
1.416227e-01
0
0
0
3.695040e-01
0
0
2.369943e-03
6.810927e-01
0
3.239827e-01
2.879678e-01
2.914662e-01
0
3.381714e-01
0
0
0
1.331908e-01
7.411821e-02
5.616758e-02
0
7.770474e-03
2.438814e-01
2.009997e-01
6.295815e-02
0
0
0
0
2.072025e-01
0
3.537100e-01
0
1.631290e-01
0
1.165098e-02
4.224883e-03
3.558342e-01
0
0
0
1.813418e-01
2.997897e-04
4.730106e-02
4.932372e-02
1.024719e-01
0
8.339773e-03
0
0
0
0
0
0
0
0
0
0
0
0
0
1.786352e-01
0
0
0
3.949748e-01
0
2.562787e-01
0
1.008094e-01
2.126050e-01
5.199414e-01
2.136874e-01
1.478341e-01
2.128546e-01
4.535039e-01
2.727408e-01
2.392202e-01
0
1.688067e-01
3.628914e-02
0
0
0
0
1.876095e-01
0
0
0
0
0
4.460818e-01
1
3.864344e-01
4.847839e-01
1.600622e-01
0
1.122843e-01
0
0
3.228829e-01
0
5.305271e-01
0
3.779000e-01
0
1.499074e-01
0
0
1.564064e-01
0
0
2.110485e-01
2.488211e-01
0
0
0
0
0
2.229942e-01
2.033300e-01
0
6.804832e-01
1.372823e-01
5.059683e-01
3.297637e-01
6.330660e-01
2.068304e-01
0
5.214420e-03
2.865202e-01
2.002117e-01
1.840210e-01
0
0
1.534000e-01
1.376506e-01
0
4.916367e-02
5.620263e-01
6.361784e-01
0
0
0
0
0
0
3.125265e-01
0
0
0
1.374986e-01
1.089980e-01
5.070782e-02
2.953987e-02
0
0
0
0
1.125808e-02
0
1.168361e-02
0
4.563442e-02
5.617378e-02
0
0
0
0
0
0
0
0
0
0
0
0
0
3.180510e-01
0
0
2.947963e-01
1.992605e-01
0
0
8.860187e-02
4.079981e-01
2.047331e-01
2.575471e-01
0
0
0
2.283946e-01
0
0
4.274025e-02
2.154702e-01
0
2.681886e-01
0
0
2.145687e-01
9.167470e-02
0
0
0
0
6.336868e-01
3.864344e-01
1
4.344802e-01
4.120812e-01
4.800823e-02
1.315952e-01
0
0
0
1.643202e-01
3.228404e-02
1.483103e-01
0
4.721257e-02
2.572570e-01
3.542152e-02
0
1.220349e-02
0
2.494948e-01
3.000580e-02
7.279102e-02
0
1.321180e-02
5.259624e-02
0
0
6.048316e-01
3.104987e-01
0
2.880437e-01
5.277681e-01
0
6.095405e-01
4.190824e-01
4.863899e-01
0
1.350855e-01
0
1.837817e-01
0
6.748254e-02
0
0
0
0
0
5.056464e-01
3.954992e-01
0
0
0
0
9.641730e-02
0
5.382052e-01
2.423103e-01
8.577650e-02
0
3.401073e-01
1.917065e-01
4.208813e-01
0
0
0
0
0
1.946502e-01
1.930032e-01
2.017901e-01
1.139650e-01
2.000084e-01
6.596085e-02
0
0
0
0
0
0
0
0
0
0
0
0
0
0
0
0
5.159569e-01
0
3.318414e-01
0
0
1.817719e-01
2.160877e-01
0
2.630710e-02
0
0
9.786473e-02
0
0
3.415376e-01
2.564719e-01
0
0
0
0
3.547873e-01
0
0
0
0
0
1.018249e-01
4.847839e-01
4.344802e-01
1
3.430019e-01
1.172134e-01
1.983190e-01
1.453067e-01
0
1.061745e-01
0
6.558522e-01
0
1.555337e-01
0
3.992031e-01
0
4.004678e-01
1.752789e-01
0
4.854060e-02
2.220346e-01
3.233690e-01
8.585542e-02
1.153049e-01
1.386065e-02
1.267100e-01
1.061426e-02
0
1.582703e-01
0
1.997907e-01
7.599070e-02
1.322800e-01
3.240044e-01
1.334012e-01
3.109528e-01
0
1.223106e-01
1.896654e-02
4.421429e-02
0
0
0
5.862699e-02
1.687145e-01
0
0
0
2.907537e-01
0
0
0
0
8.821023e-03
0
5.257532e-03
0
1.383410e-01
6.766732e-02
3.877444e-02
5.482834e-02
0
4.815398e-02
0
0
0
1.254135e-01
1.056450e-01
0
4.196734e-02
9.451112e-03
2.149072e-01
2.239711e-01
8.837470e-02
0
0
0
0
0
4.769434e-02
0
0
0
0
0
6.995842e-02
0
1.625416e-01
0
0
0
6.781153e-02
0
2.754255e-01
2.586627e-01
0
0
0
0
0
0
0
0
2.332311e-02
1.623810e-01
2.331067e-01
1.748152e-01
0
0
7.694248e-02
0
0
0
0
0
3.383925e-01
1.600622e-01
4.120812e-01
3.430019e-01
1
4.860778e-01
6.512806e-01
3.442033e-01
4.333931e-01
2.470194e-01
1.998991e-01
0
5.203898e-01
2.490124e-01
3.818437e-01
4.894833e-01
1.455202e-01
1.695449e-01
3.298807e-01
3.835769e-01
5.712890e-01
3.385046e-01
3.949835e-01
1.387673e-01
3.892099e-01
4.114912e-01
0
0
0
1.755431e-01
0
2.968686e-01
0
1.788557e-01
4.199476e-01
1.459702e-01
2.169023e-01
1.274707e-01
2.685716e-01
1.541511e-01
3.112039e-01
6.730175e-02
0
0
4.930099e-02
2.489198e-02
0
0
0
7.359518e-03
0
0
0
3.581999e-01
1.409298e-01
1.256320e-01
0
3.363429e-01
7.291181e-02
2.361824e-01
1.757589e-01
1.577562e-01
0
8.909125e-02
0
5.294865e-02
0
0
1.848789e-01
6.954918e-02
2.712769e-01
2.530049e-01
1.694986e-01
1.425171e-01
3.695135e-02
0
0
0
0
0
0
0
0
0
0
2.568490e-02
2.279963e-01
1.541847e-01
3.857742e-01
1.446110e-01
0
0
0
8.363843e-02
1.323656e-02
0
0
0
0
0
0
0
0
0
0
1.953999e-01
3.935558e-01
2.551770e-01
1.610642e-01
0
1.349834e-01
0
1.369450e-01
0
0
0
0
0
4.800823e-02
1.172134e-01
4.860778e-01
1
2.470390e-02
2.830732e-01
1.940594e-01
0
0
0
8.117198e-02
7.550042e-02
4.236263e-02
4.066773e-01
3.369783e-01
2.181089e-01
0
1.415171e-02
3.370972e-01
3.044619e-01
0
0
1.662292e-01
6.939643e-01
0
0
0
6.342161e-02
3.447890e-02
3.196652e-02
1.972376e-01
0
3.530269e-01
8.941903e-02
0
0
0
0
0
0
0
0
0
0
2.755606e-02
0
0
0
0
7.215243e-02
0
0
0
0
4.787175e-02
2.839238e-03
4.475538e-01
3.060996e-01
1.108119e-01
2.624497e-01
1.862299e-02
0
1.629202e-02
0
0
6.076758e-02
4.694066e-01
4.226665e-01
3.168463e-01
3.072093e-01
5.397472e-01
6.177709e-01
4.667256e-01
2.192843e-01
0
0
0
0
5.661515e-01
4.311581e-01
0
0
0
0
0
0
3.044607e-02
0
0
0
2.125459e-01
3.779328e-03
6.975746e-02
0
0
0
0
0
0
0
4.538865e-02
0
0
0
6.465562e-02
5.196943e-02
0
0
0
0
0
9.162734e-02
0
0
9.608058e-02
1.122843e-01
1.315952e-01
1.983190e-01
6.512806e-01
2.470390e-02
1
1.847876e-01
4.791171e-01
3.283966e-01
0
0
9.304236e-02
1.463855e-01
2.406294e-01
6.936960e-02
0
4.433041e-02
2.665137e-01
3.554594e-01
2.254746e-01
1.461817e-01
1.903034e-01
3.437335e-01
1.399565e-01
0
3.278590e-01
2.611195e-01
3.079951e-02
0
0
8.563327e-02
0
0
0
0
1.378611e-03
0
0
0
0
0
1.766436e-01
0
1.960680e-01
2.411333e-01
0
8.448893e-02
2.124409e-01
2.924859e-01
1.876423e-02
0
1.357046e-01
2.902633e-02
1.323726e-02
0
0
0
3.279447e-02
5.802324e-02
0
0
0
0
0
0
0
3.586643e-01
0
1.124196e-02
0
0
2.436721e-01
1.585948e-01
2.189358e-01
1.678910e-01
8.392560e-02
1.698392e-01
6.827790e-02
0
0
0
4.157851e-01
1.812753e-01
1.693481e-01
0
3.856077e-02
0
1.854236e-01
0
0
3.268024e-02
0
0
3.339599e-01
4.125321e-01
0
0
1.873793e-01
3.252969e-01
0
2.790807e-01
0
0
2.117267e-01
8.970011e-02
2.799679e-01
4.312349e-01
0
0
0
1.363134e-01
0
0
0
0
0
0
0
1.453067e-01
3.442033e-01
2.830732e-01
1.847876e-01
1
4.192551e-01
4.045137e-01
5.915065e-02
0
4.346421e-01
0
4.946108e-01
3.304885e-01
2.310908e-01
2.654654e-01
0
3.845061e-01
5.228909e-01
2.757122e-01
2.379514e-01
4.793452e-01
6.388023e-01
3.851060e-01
4.372590e-01
3.880488e-01
0
0
0
0
3.215919e-02
8.869770e-02
0
0
0
0
4.298204e-02
5.506906e-02
0
0
1.587700e-01
0
2.717441e-01
4.221826e-01
0
0
0
0
0
0
0
0
3.401840e-01
8.630421e-02
0
0
1.646540e-01
0
0
0
0
2.498564e-01
0
8.483278e-02
2.337004e-01
1.388475e-01
1.465061e-01
1.933791e-01
0
2.191593e-02
5.002188e-01
2.969977e-01
4.086419e-01
2.453659e-01
0
0
0
0
3.552679e-01
1.605407e-01
4.128990e-01
3.976448e-01
4.740871e-02
0
7.730307e-02
0
2.716836e-01
1.341994e-01
0
0
0
0
5.841126e-01
2.673767e-01
0
2.228691e-02
3.171915e-01
3.690653e-01
2.562068e-01
3.201564e-01
1.070687e-01
0
3.425016e-02
0
4.606706e-01
1.125897e-01
1.305827e-01
0
0
0
0
0
0
0
1.620769e-01
0
0
0
4.333931e-01
1.940594e-01
4.791171e-01
4.192551e-01
1
4.353907e-01
7.869003e-02
0
4.561570e-01
2.385050e-02
2.268073e-02
4.029637e-02
3.796935e-03
0
1.371242e-01
1.787550e-01
1.219992e-01
5.515068e-01
2.789784e-01
3.146984e-01
1.740187e-01
6.071882e-02
1.266274e-01
0
0
0
0
0
2.588158e-01
0
6.676117e-02
0
0
0
3.081458e-02
0
0
0
3.503538e-01
0
5.711557e-03
1.715880e-01
0
1.180084e-01
2.005987e-02
1.483571e-01
1.189194e-02
2.559314e-01
0
0
1.827806e-01
0
6.558631e-02
0
5.226185e-01
2.443252e-01
0
0
1.910885e-01
0
0
0
5.578837e-02
4.667176e-01
4.311256e-01
4.877208e-01
3.469479e-01
4.154539e-01
5.690786e-01
4.972418e-01
5.373985e-01
5.820212e-01
0
0
0
0
7.961033e-02
0
2.998326e-01
0
0
0
1.127136e-01
0
0
2.241749e-02
2.857689e-03
0
1.616627e-01
0
5.271441e-01
4.625733e-01
0
9.340291e-02
2.862756e-01
3.932351e-01
3.696046e-01
3.796053e-01
0
0
2.270634e-01
9.172115e-02
2.958872e-01
0
0
0
0
0
0
0
0
0
0
3.228829e-01
0
1.061745e-01
2.470194e-01
0
3.283966e-01
4.045137e-01
4.353907e-01
1
0
1.258204e-01
2.547198e-01
3.193496e-01
4.627349e-02
0
2.742251e-01
0
6.819647e-02
0
0
4.180114e-01
1.105566e-01
1.367790e-01
0
0
5.437372e-01
5.205068e-01
0
0
0
0
0
5.594664e-02
0
0
1.293783e-01
4.279510e-01
1.171213e-01
2.845983e-01
3.036627e-01
2.856940e-01
1.307807e-01
3.623935e-01
4.084228e-01
3.510328e-01
3.110537e-02
8.106289e-02
1.112221e-01
8.074517e-02
0
0
3.420238e-01
1.080337e-01
3.377340e-02
9.359287e-02
0
0
0
0
0
0
0
1.041836e-01
0
4.401228e-02
3.630753e-02
1.058149e-01
0
0
0
0
0
0
0
0
2.394678e-01
2.933099e-01
5.037493e-01
3.621981e-01
0
0
5.415332e-01
5.887488e-01
4.625600e-01
3.551530e-01
9.167047e-02
0
2.081565e-01
0
0
3.105242e-01
0
0
3.378960e-01
3.607952e-01
2.639377e-01
3.673408e-01
3.284223e-02
3.021039e-01
1.648891e-01
2.376383e-01
2.895430e-02
2.201487e-01
2.343589e-01
1.067376e-01
1.190054e-01
1.455620e-01
1.125812e-01
1.238855e-01
1.678895e-01
0
1.107159e-01
1.357832e-01
3.377155e-01
4.799403e-01
5.711353e-01
0
1.643202e-01
0
1.998991e-01
0
0
5.915065e-02
7.869003e-02
0
1.000000e+00
0
6.934236e-01
0
3.238544e-01
3.135856e-01
2.217204e-01
0
4.928396e-02
4.328809e-01
4.756548e-01
6.332692e-02
4.358344e-01
2.762808e-01
5.239639e-01
2.499153e-01
0
0
5.142788e-01
0
1.134843e-01
0
3.156480e-01
0
2.068142e-01
0
4.237140e-01
0
1.558255e-01
0
1.281532e-01
0
1.303560e-01
2.440754e-01
0
0
0
0
1.550675e-01
8.651389e-03
8.373705e-02
6.292769e-02
0
0
3.985336e-02
0
3.442152e-01
1.116394e-01
0
0
3.352593e-01
1.054886e-01
5.569768e-01
0
0
0
3.421014e-02
1.044763e-01
0
0
1.205753e-01
0
0
0
0
0
0
0
0
1.009552e-01
0
0
0
0
0
0
1.312086e-01
0
0
0
6.594745e-01
1.040335e-01
5.078403e-01
2.551620e-01
0
5.700344e-02
3.655298e-01
0
9.807838e-02
1.538682e-01
3.510915e-03
7.384686e-02
6.981538e-02
0
4.811675e-01
3.500043e-01
0
0
3.410375e-02
0
4.816110e-01
0
8.890522e-02
0
1.140292e-01
0
0
5.305271e-01
3.228404e-02
6.558522e-01
0
0
0
0
0
1.258204e-01
0
1
0
3.701440e-01
0
3.988760e-01
1.433398e-01
4.668012e-01
2.559162e-02
0
0
3.513649e-02
1.972400e-01
0
6.882748e-03
0
7.181823e-01
5.462991e-01
0
0
0
0
0
2.054455e-01
0
0
2.158629e-01
2.312470e-01
2.081094e-01
3.361772e-01
1.246514e-01
1.353634e-01
1.455197e-01
0
5.693050e-01
6.853827e-01
4.634805e-02
7.085314e-02
5.070742e-02
3.621147e-01
0
0
2.989192e-01
2.438185e-01
1.321389e-01
0
0
0
0
0
0
0
0
7.876338e-02
0
0
0
1.141361e-01
0
0
0
0
0
0
0
0
1.547289e-01
1.005587e-01
1.810044e-01
0
0
0
5.845883e-01
4.625508e-01
2.924159e-01
1.033928e-01
1.558360e-02
0
3.405658e-01
1.733453e-01
0
4.854762e-02
0
0
6.865951e-01
6.173299e-01
4.309623e-02
2.093665e-01
1.887999e-01
4.740232e-01
1.715231e-01
4.546913e-01
0
0
4.098856e-02
0
1.762754e-01
7.323710e-02
0
0
0
0
0
0
0
0
3.757156e-01
0
1.483103e-01
0
5.203898e-01
8.117198e-02
9.304236e-02
4.346421e-01
4.561570e-01
2.547198e-01
6.934236e-01
0
1
2.385116e-01
3.762704e-01
2.319353e-01
2.219660e-01
0
2.091509e-01
4.879184e-01
5.110271e-01
2.675414e-01
5.854029e-01
2.424874e-01
5.320191e-01
3.101871e-01
3.522240e-01
0
0
0
7.468474e-02
0
1.652715e-01
0
3.660867e-03
0
0
0
2.208060e-01
0
0
0
1.431977e-01
0
0
2.594589e-01
1.737964e-01
0
0
0
0
1.083744e-01
1.378680e-01
3.449161e-02
1.403770e-01
2.468578e-02
0
6.089505e-02
7.412642e-02
0
0
0
7.338085e-02
6.563398e-02
2.721709e-02
0
0
0
0
2.097571e-02
4.773858e-02
9.015596e-02
0
0
0
0
0
0
0
0
0
0
9.174590e-02
6.438626e-03
1.979896e-01
0
2.472173e-01
0
3.451326e-01
4.073315e-01
0
0
5.266355e-01
3.038360e-01
4.255620e-01
2.967870e-01
2.266378e-01
0
9.363650e-02
1.064481e-01
1.895664e-01
3.555871e-02
0
0
7.140185e-02
0
7.454852e-02
0
8.593353e-03
1.535877e-02
1.219060e-02
0
1.793492e-01
0
3.646741e-02
0
8.432352e-04
3.779000e-01
0
1.555337e-01
2.490124e-01
7.550042e-02
1.463855e-01
0
2.385050e-02
3.193496e-01
0
3.701440e-01
2.385116e-01
1
8.245084e-02
2.515910e-01
1.851560e-01
3.409768e-01
1.225061e-01
3.383644e-01
2.847981e-01
1.655526e-01
1.355568e-01
0
1.603440e-01
0
2.207096e-01
2.525089e-01
4.910617e-02
1.794300e-01
2.820954e-01
0
0
0
0
0
0
0
0
0
0
0
0
0
9.008817e-02
0
1.266142e-01
1.558654e-01
0
1.859596e-02
4.707767e-02
0
3.447915e-01
1.683661e-01
0
0
0
0
0
9.888494e-02
8.269392e-02
3.346249e-02
0
0
0
0
0
1.477653e-01
0
0
0
0
0
0
0
0
4.265121e-01
3.890451e-01
5.110062e-01
3.856702e-01
0
1.171149e-02
2.092484e-02
3.960457e-01
4.514682e-01
3.773644e-01
3.791646e-01
0
2.398156e-01
0
2.551660e-01
5.865644e-01
1.786200e-01
1.505750e-01
0
1.144524e-01
0
0
0
3.796771e-02
5.886081e-02
1.846206e-01
0
0
0
0
0
2.313988e-01
0
0
2.687110e-01
2.527064e-01
0
0
4.287496e-01
3.065180e-01
2.300975e-01
0
4.721257e-02
0
3.818437e-01
4.236263e-02
2.406294e-01
4.946108e-01
2.268073e-02
4.627349e-02
3.238544e-01
0
3.762704e-01
8.245084e-02
1
4.580090e-01
0
3.328906e-01
0
5.213216e-01
5.441238e-01
0
4.258263e-01
6.585071e-01
5.508780e-01
3.781445e-01
1.242829e-01
0
1.487954e-01
0
0
0
0
0
3.091481e-02
0
2.024732e-01
0
0
0
1.634189e-01
0
0
2.600049e-01
6.219595e-02
4.637106e-03
0
0
2.353893e-02
0
0
0
0
0
6.676935e-03
0
0
0
0
0
2.373826e-01
0
4.935579e-02
9.748494e-02
0
0
0
2.381869e-01
0
0
0
0
0
0
0
0
0
0
0
2.539549e-02
0
0
7.342401e-02
1.781081e-01
1.392306e-01
0
2.283455e-01
0
3.629735e-01
0
4.071406e-01
1.942823e-01
2.883318e-01
9.002272e-02
6.668365e-02
1.696128e-01
1.648982e-01
0
0
1.135116e-01
0
7.442016e-02
0
0
4.549025e-01
2.684807e-01
2.414599e-01
3.022273e-01
0
0
5.687071e-01
3.941385e-02
6.663148e-02
0
2.390401e-01
1.243097e-01
1.788829e-01
1.499074e-01
2.572570e-01
3.992031e-01
4.894833e-01
4.066773e-01
6.936960e-02
3.304885e-01
4.029637e-02
0
3.135856e-01
3.988760e-01
2.319353e-01
2.515910e-01
4.580090e-01
1
3.254594e-01
4.923441e-01
0
4.112884e-01
6.330327e-01
1.562896e-01
2.441332e-01
1.981865e-01
6.508880e-01
6.537351e-01
8.561194e-02
0
0
0
0
0
0
0
0
0
6.669653e-02
0
0
5.908532e-02
0
0
3.476914e-01
2.244547e-01
0
9.180387e-03
0
0
2.435272e-02
2.772665e-01
0
1.608560e-01
1.660396e-02
0
0
0
0
0
0
0
4.103896e-03
0
2.957191e-01
3.538878e-01
0
3.745811e-01
1.861090e-01
5.105819e-01
0
2.034383e-02
3.487958e-02
1.297129e-01
0
0
0
1.492035e-01
0
3.396651e-03
0
0
0
0
4.225070e-01
0
1.712843e-01
9.441993e-02
0
0
0
3.172115e-02
1.365774e-01
0
1.083311e-01
2.432965e-01
3.339774e-01
3.627773e-01
5.051084e-02
3.194919e-02
3.429493e-02
2.432362e-01
0
1.042732e-01
1.932833e-02
0
4.812617e-01
5.045343e-01
3.230261e-01
1.013985e-01
1.505816e-01
0
1.714896e-01
0
1.286496e-01
0
0
0
0
0
3.542152e-02
0
1.455202e-01
3.369783e-01
0
2.310908e-01
3.796935e-03
2.742251e-01
2.217204e-01
1.433398e-01
2.219660e-01
1.851560e-01
0
3.254594e-01
1
1.392036e-01
1.606733e-01
1.159014e-01
2.898934e-01
8.841089e-02
0
0
2.300489e-01
1.688943e-01
0
0
3.483027e-01
1.371395e-01
1.158436e-01
3.606568e-02
6.232102e-02
0
1.374550e-01
0
2.061965e-01
0
0
0
1.290465e-01
0
1.861535e-01
7.328552e-02
0
0
6.979240e-02
0
0
0
0
1.534353e-01
0
3.357239e-02
6.930684e-02
8.714797e-02
1.914066e-01
1.953525e-01
0
5.638543e-02
4.035122e-01
2.471842e-01
1.005452e-01
0
0
0
0
2.064965e-01
0
0
2.574702e-02
0
0
0
0
0
0
0
0
0
0
0
0
0
0
0
6.345650e-02
0
0
0
2.785724e-01
1.574158e-01
3.567604e-01
2.609812e-01
0
0
1.393670e-01
0
0
0
0
0
0
0
3.999347e-01
3.770588e-01
1.026353e-01
1.632580e-01
0
7.768108e-02
4.928060e-01
6.163869e-02
0
5.818551e-03
1.203917e-01
0
0
0
0
4.004678e-01
1.695449e-01
2.181089e-01
4.433041e-02
2.654654e-01
0
0
0
4.668012e-01
0
3.409768e-01
3.328906e-01
4.923441e-01
1.392036e-01
1
0
3.989673e-01
5.136672e-01
6.063862e-02
7.635331e-03
1.825694e-01
4.834150e-01
2.258954e-01
1.551708e-01
0
2.032569e-01
4.173885e-01
0
0
4.674207e-01
1.829309e-01
1.939372e-01
0
1.913217e-01
0
1.209436e-01
2.086321e-01
1.795014e-02
1.689910e-01
0
0
0
8.442363e-03
2.348021e-02
0
1.995600e-01
3.660551e-01
2.655096e-03
0
0
0
0
0
2.916950e-01
1.967370e-01
0
0
0
7.621180e-02
3.273853e-01
0
1.153762e-01
3.873585e-01
1.933268e-01
2.399588e-01
4.854247e-02
9.455595e-02
0
1.509378e-02
3.906254e-02
1.222341e-01
8.412360e-02
1.684734e-02
7.412403e-02
6.552092e-03
0
0
2.476545e-01
2.444001e-01
0
0
1.622934e-01
1.763755e-01
0
6.975118e-02
0
0
8.407206e-03
0
4.262080e-02
5.450445e-02
0
0
0
0
9.862992e-02
1.238525e-02
6.275352e-02
1.245336e-01
3.242157e-01
0
0
0
0
0
1.974349e-02
0
0
0
0
0
5.722340e-03
0
0
1.564064e-01
1.220349e-02
1.752789e-01
3.298807e-01
0
2.665137e-01
0
1.371242e-01
6.819647e-02
4.928396e-02
2.559162e-02
2.091509e-01
1.225061e-01
0
0
1.606733e-01
0
1.000000e+00
1.028219e-01
0
0
4.307978e-01
0
1.260194e-02
0
3.365110e-01
6.557567e-02
0
0
8.970408e-02
0
0
0
0
0
0
1.294951e-01
0
1.919636e-01
0
1.395159e-01
0
0
0
2.838270e-01
1.251921e-01
0
0
0
0
0
4.596387e-01
0
0
7.534934e-03
0
0
0
0
0
0
0
7.446862e-02
0
1.492320e-01
0
1.958053e-01
0
0
0
0
0
0
0
0
2.950614e-01
2.747212e-01
3.542051e-01
0
3.372802e-01
2.806542e-01
2.626025e-01
2.492257e-01
4.194293e-01
2.405121e-01
0
0
2.638320e-01
0
0
2.733684e-01
8.457965e-02
2.553320e-02
2.341974e-01
2.906844e-01
0
0
5.839054e-02
0
0
0
0
0
1.327673e-01
0
2.086101e-02
4.052786e-01
0
2.738899e-01
3.564305e-03
1.863218e-01
6.897334e-02
4.117711e-01
3.980788e-01
3.516265e-01
8.183636e-03
0
0
0
3.835769e-01
1.415171e-02
3.554594e-01
3.845061e-01
1.787550e-01
0
4.328809e-01
0
4.879184e-01
3.383644e-01
5.213216e-01
4.112884e-01
1.159014e-01
3.989673e-01
1.028219e-01
1
8.001817e-01
0
3.577138e-01
3.965445e-01
7.575254e-01
1.681689e-01
3.068449e-01
1.090315e-01
0
3.310215e-02
0
1.310004e-01
0
1.654109e-02
0
0
1.320237e-02
1.723054e-01
0
2.263934e-01
1.150904e-02
1.374374e-01
1.099227e-01
3.027231e-02
1.637692e-01
3.048760e-01
5.016629e-02
0
0
2.133151e-01
0
0
2.570720e-01
1.193962e-01
0
0
0
0
0
0
0
0
0
2.813863e-03
0
2.273758e-03
0
1.658815e-01
0
0
0
0
0
0
0
0
0
9.510168e-02
1.123639e-01
0
0
0
2.480795e-01
1.677015e-01
2.081426e-01
8.679231e-02
0
0
2.910257e-01
0
0
2.367792e-01
1.262750e-02
0
3.053455e-01
4.338575e-01
2.239383e-02
0
0
0
0
0
0
0
2.588141e-01
1.878621e-01
2.510212e-01
6.146340e-01
0
4.563468e-02
2.550742e-01
1.856053e-01
0
5.679747e-02
1.798976e-01
1.171587e-01
2.650126e-01
0
2.494948e-01
4.854060e-02
5.712890e-01
3.370972e-01
2.254746e-01
5.228909e-01
1.219992e-01
0
4.756548e-01
0
5.110271e-01
2.847981e-01
5.441238e-01
6.330327e-01
2.898934e-01
5.136672e-01
0
8.001817e-01
1
1.359461e-01
2.346279e-01
2.716924e-01
8.212927e-01
4.445230e-01
3.269079e-01
3.211458e-01
2.298819e-02
0
0
1.059798e-01
7.753450e-02
0
1.720115e-01
1.656554e-01
3.477427e-01
0
4.462348e-01
0
2.046530e-01
0
6.557315e-01
3.023250e-01
4.186011e-01
3.860490e-01
0
1.563713e-01
0
0
0
0
0
0
7.693542e-01
4.051801e-01
1.193747e-01
8.167946e-02
3.322315e-01
2.775349e-02
0
0
8.305333e-03
7.865654e-02
0
0
9.274554e-02
0
1.363138e-01
9.268660e-02
6.096164e-03
5.326899e-02
3.045211e-01
4.838610e-02
1.253864e-01
1.237326e-01
0
0
0
0
0
0
3.636579e-01
1.677371e-01
0
0
1.152274e-01
0
3.083885e-01
3.175496e-02
0
0
0
0
6.435049e-01
3.457258e-01
1.017722e-01
2.449406e-01
5.152010e-02
2.201661e-01
0
9.540020e-03
8.536492e-02
0
4.613631e-01
3.394722e-01
8.435734e-01
0
3.870168e-01
0
0
0
0
0
0
0
2.526861e-01
2.110485e-01
3.000580e-02
2.220346e-01
3.385046e-01
3.044619e-01
1.461817e-01
2.757122e-01
5.515068e-01
4.180114e-01
6.332692e-02
3.513649e-02
2.675414e-01
1.655526e-01
0
1.562896e-01
8.841089e-02
6.063862e-02
0
0
1.359461e-01
1
7.279938e-02
6.311746e-02
1.197254e-01
1.798606e-01
5.894328e-01
3.807337e-01
1.903133e-01
2.057995e-01
0
0
3.483960e-01
0
0
0
3.890493e-01
0
2.026842e-01
1.650831e-02
2.364264e-02
1.702180e-02
1.806222e-02
0
3.277963e-01
4.121794e-01
5.140743e-02
7.577791e-02
3.095589e-01
2.929976e-01
2.924635e-02
0
3.367662e-02
0
1.766920e-02
0
0
0
0
0
0
0
9.288896e-02
0
0
0
0
2.223634e-02
0
0
0
0
0
0
0
0
3.905745e-01
1.920698e-01
4.222584e-01
2.458283e-01
0
0
3.867226e-01
2.515789e-01
3.100255e-01
1.040380e-01
1.119860e-01
0
0
0
9.280439e-02
3.072464e-01
0
0
2.639581e-01
4.503690e-01
2.742002e-01
9.768257e-02
3.595501e-01
4.526443e-01
3.373141e-01
5.076080e-01
0
0
6.924107e-02
0
0
0
0
0
0
0
0
0
1.488576e-01
1.504947e-01
4.099025e-01
2.488211e-01
7.279102e-02
3.233690e-01
3.949835e-01
0
1.903034e-01
2.379514e-01
2.789784e-01
1.105566e-01
4.358344e-01
1.972400e-01
5.854029e-01
1.355568e-01
4.258263e-01
2.441332e-01
0
7.635331e-03
4.307978e-01
3.577138e-01
2.346279e-01
7.279938e-02
1
5.305754e-01
4.557385e-01
5.308164e-03
3.273242e-01
4.571955e-01
2.896932e-01
1.269903e-02
0
0
2.650012e-01
0
0
0
0
0
0
0
0
0
0
7.925347e-05
1.657098e-01
7.987450e-02
2.760264e-01
4.333141e-01
2.565272e-01
0
1.134834e-01
0
1.312297e-01
0
1.299947e-01
0
0
0
0
0
0
0
0
0
0
0
0
1.958387e-01
0
0
0
0
0
0
0
0
3.788335e-01
2.904925e-01
5.709165e-01
3.055624e-01
8.939534e-02
1.466755e-01
2.248546e-01
3.779375e-01
3.737090e-01
1.014523e-01
2.378573e-01
0
3.605117e-02
0
3.630517e-02
2.983274e-01
0
0
0
1.306432e-01
1.870052e-01
1.946091e-01
3.097699e-01
2.439533e-01
3.458909e-01
2.922155e-01
0
0
1.389666e-01
0
0
1.521141e-01
0
0
0
6.910306e-02
0
3.467366e-02
1.849454e-01
2.809777e-01
2.648307e-01
0
0
8.585542e-02
1.387673e-01
0
3.437335e-01
4.793452e-01
3.146984e-01
1.367790e-01
2.762808e-01
0
2.424874e-01
0
6.585071e-01
1.981865e-01
0
1.825694e-01
0
3.965445e-01
2.716924e-01
6.311746e-02
5.305754e-01
1
5.303721e-01
0
4.989453e-01
2.701622e-01
4.840268e-02
8.853328e-03
0
0
0
0
0
0
9.316574e-03
3.761357e-02
0
1.158562e-01
1.406868e-01
7.432868e-02
1.111847e-01
3.862172e-02
2.339826e-01
3.580196e-01
4.451274e-02
0
1.050459e-01
1.499496e-01
0
0
2.576570e-01
0
5.581554e-02
3.913804e-03
0
0
0
0
0
0
0
0
0
0
0
2.868741e-01
0
0
0
0
0
0
0
0
7.951182e-02
8.912736e-02
2.804904e-01
0
0
0
4.186533e-01
2.713206e-01
3.398968e-01
7.615787e-02
5.755988e-02
0
3.141085e-01
0
0
2.720557e-01
0
0
2.953784e-01
3.886865e-01
8.692209e-02
8.949484e-02
1.291006e-01
2.308250e-01
0
1.723693e-01
0
0
3.590921e-01
5.413461e-02
1.665174e-01
4.007059e-01
0
2.500668e-02
1.759943e-01
9.067155e-02
0
1.012722e-01
2.450760e-01
1.994810e-01
1.416227e-01
0
1.321180e-02
1.153049e-01
3.892099e-01
1.662292e-01
1.399565e-01
6.388023e-01
1.740187e-01
0
5.239639e-01
6.882748e-03
5.320191e-01
1.603440e-01
5.508780e-01
6.508880e-01
2.300489e-01
4.834150e-01
1.260194e-02
7.575254e-01
8.212927e-01
1.197254e-01
4.557385e-01
5.303721e-01
1
4.862465e-01
1.686413e-01
2.414161e-01
0
3.987141e-02
2.304386e-02
7.751601e-02
0
0
8.439236e-02
0
2.649552e-01
1.824405e-01
2.481636e-01
1.526884e-02
4.376905e-01
0
0
1.321242e-01
2.958018e-01
8.272257e-02
0
0
0
0
0
0
0
4.272326e-01
1.052709e-01
1.369325e-01
0
0
3.211821e-03
1.876707e-01
1.535648e-01
0
0
0
0
0
0
7.657617e-02
0
0
0
0
0
0
0
0
0
0
0
0
0
0
0
3.234173e-01
6.516513e-03
1.262864e-01
3.423281e-01
0
6.029480e-01
9.380543e-02
8.343629e-02
5.602031e-03
0
9.624701e-03
2.124218e-02
0
0
0
0
0
0
0
0
0
0
2.053482e-01
2.783786e-01
2.208890e-01
0
0
3.079991e-01
3.104673e-02
1.145161e-01
0
8.117561e-02
5.391779e-03
0
0
5.259624e-02
1.386065e-02
4.114912e-01
6.939643e-01
0
3.851060e-01
6.071882e-02
0
2.499153e-01
0
3.101871e-01
0
3.781445e-01
6.537351e-01
1.688943e-01
2.258954e-01
0
1.681689e-01
4.445230e-01
1.798606e-01
5.308164e-03
0
4.862465e-01
1.000000e+00
