1.000000e+00
7.106741e-01
0
0
0
0
0
1.402869e-01
0
0
1.197932e-01
4.382760e-01
3.791409e-01
3.476552e-01
1.095515e-01
2.008880e-01
3.229637e-01
7.727238e-02
6.743467e-01
7.247738e-01
1.105813e-01
9.125565e-02
0
0
0
0
2.081809e-01
1.894845e-01
4.179565e-01
2.988226e-01
0
0
0
0
0
0
0
3.181759e-03
0
0
0
0
0
0
0
0
0
0
0
0
8.059104e-02
0
1.925299e-01
0
0
0
7.064565e-01
6.499345e-01
4.290959e-01
1.677831e-01
3.197861e-01
0
5.061833e-01
2.831960e-01
0
0
0
0
6.497948e-01
4.636185e-01
2.252451e-01
2.383475e-01
4.150550e-01
5.849047e-01
3.798951e-01
4.574152e-01
0
0
5.499314e-02
0
2.702394e-01
3.034494e-02
9.747531e-02
1.720465e-02
0
0
8.529361e-02
0
0
0
3.048865e-01
0
0
0
1.982544e-01
2.022621e-01
0
3.383109e-01
5.268331e-01
5.713012e-02
5.427674e-01
0
6.928984e-01
2.176987e-01
2.397241e-01
1.887656e-01
1.563497e-01
0
1.068207e-01
3.597175e-01
3.718273e-01
3.872722e-01
5.229609e-01
2.933672e-01
5.045733e-01
2.926546e-01
7.106741e-01
1
1.838163e-02
0
0
4.584912e-02
0
9.932762e-02
0
0
2.141795e-01
3.708035e-01
4.432384e-01
1.994067e-01
3.494297e-01
2.831418e-01
2.061356e-01
1.561253e-01
8.450898e-01
5.849831e-01
3.100721e-01
5.866391e-01
1.152145e-01
0
0
0
1.543041e-01
3.390640e-01
4.978370e-01
3.482484e-01
0
0
0
6.457125e-03
0
0
0
0
0
0
0
0
0
0
0
0
0
0
0
0
9.554752e-02
7.659926e-02
3.707845e-01
1.399640e-01
0
0
4.529307e-01
6.487842e-01
1.606043e-01
3.922446e-02
1.556354e-01
0
2.564777e-01
2.559487e-02
0
6.033497e-02
0
0
3.374321e-01
2.241605e-01
1.680072e-01
4.156747e-01
2.838207e-01
4.058341e-01
3.400457e-01
3.267529e-01
0
7.096206e-03
0
0
1.709918e-01
8.039952e-02
4.069404e-02
5.360275e-02
0
0
0
0
0
7.695528e-02
3.734230e-01
0
0
0
1.800812e-02
0
0
2.621928e-01
4.122616e-01
0
5.184865e-01
0
5.362437e-01
0
2.537226e-01
0
0
0
0
6.029169e-02
1.131299e-01
3.371147e-01
3.945345e-01
4.627039e-01
2.630413e-01
2.509542e-01
0
1.838163e-02
1
2.770764e-01
2.537468e-01
1.438271e-01
6.710664e-01
0
5.377864e-01
3.036449e-01
5.771838e-01
0
3.644836e-01
0
6.253367e-01
3.058518e-02
0
5.781813e-02
3.192446e-02
0
0
3.122215e-01
7.258154e-01
3.946897e-01
2.233225e-01
0
0
0
4.325766e-02
0
7.323330e-01
3.851434e-01
1.260816e-01
0
5.363502e-01
4.081601e-01
2.225624e-01
0
0
0
1.024263e-01
3.501562e-01
2.728974e-02
0
1.017410e-01
0
0
0
0
0
0
0
0
4.409944e-02
0
0
0
0
0
0
0
0
0
0
6.759818e-01
2.217018e-01
2.388391e-01
4.930911e-02
0
0
3.016165e-01
3.759669e-01
0
0
0
2.475808e-03
6.403791e-02
0
2.684448e-01
3.498742e-01
0
1.540633e-01
0
0
6.297535e-01
1.479868e-01
0
0
0
0
1.183260e-01
4.205913e-01
4.712696e-01
7.052586e-01
1.208997e-02
0
0
0
0
0
0
5.904911e-01
0
0
0
1.499489e-01
0
2.929751e-01
3.288847e-02
0
0
0
9.005262e-02
1.607451e-01
0
0
0
0
2.770764e-01
1.000000e+00
1.624787e-01
3.514150e-01
3.086420e-01
3.530733e-01
4.267544e-01
2.613137e-01
2.166083e-01
1.793231e-01
1.344884e-01
3.699732e-01
2.788030e-01
4.130308e-01
0
0
0
0
2.447511e-01
0
2.054118e-01
3.349776e-01
0
0
0
6.529656e-02
0
0
3.419828e-01
4.777991e-01
0
1.816622e-01
2.937769e-01
3.637717e-01
0
0
0
0
0
0
2.760788e-03
0
1.673882e-02
0
0
0
0
0
0
0
3.169550e-02
0
0
0
0
0
0
2.208855e-01
0
3.688613e-01
0
0
1.287646e-01
2.852924e-01
7.519151e-02
1.853649e-01
0
0
0
0
0
0
0
0
0
0
0
0
0
1.601265e-01
0
0
2.730604e-01
4.425614e-01
0
0
1.208271e-01
2.597375e-02
5.084451e-02
0
2.383074e-01
2.462826e-01
1.940234e-01
2.023865e-01
9.953755e-02
0
0
0
0
0
0
0
1.450250e-01
0
0
1.099451e-01
4.264748e-01
0
3.447428e-02
0
1.404201e-01
0
3.704139e-03
7.603818e-02
0
0
2.537468e-01
1.624787e-01
1
0
2.744956e-01
0
2.827543e-01
0
0
0
0
0
1.360622e-01
4.577868e-02
0
0
0
0
1.314537e-01
2.888827e-02
2.327398e-01
3.622856e-01
6.568855e-01
6.022315e-01
5.063202e-01
4.469044e-02
0
0
1.239487e-01
2.850493e-01
1.686760e-01
1.514748e-01
5.262773e-01
5.299633e-01
3.587893e-02
2.503023e-01
7.653231e-02
8.338378e-02
0
2.016136e-01
3.095786e-02
8.320865e-02
2.690344e-01
1.899503e-01
0
8.969466e-02
0
0
0
0
0
0
0
0
0
0
0
0
0
4.631524e-02
0
0
5.882386e-01
5.560924e-01
6.680205e-01
6.671815e-01
0
0
2.901332e-02
0
0
0
0
2.065727e-02
0
4.698368e-03
0
0
0
1.851506e-01
0
0
3.453812e-01
4.762661e-01
0
1.844072e-01
3.137772e-01
7.627971e-02
0
1.730662e-01
3.014129e-01
3.806288e-01
0
0
6.823154e-02
0
0
0
0
5.081676e-01
0
3.478223e-01
0
0
0
9.434022e-02
0
0
0
0
0
0
0
0
0
4.584912e-02
1.438271e-01
3.514150e-01
0
1
1.177590e-01
6.249421e-01
3.022786e-01
7.467825e-01
1.796856e-01
7.623345e-02
7.499981e-02
2.934504e-01
1.321484e-01
1.634676e-01
1.920077e-01
0
2.854644e-01
2.640663e-01
3.008958e-02
2.331505e-01
3.392961e-01
3.732327e-01
0
2.893002e-02
0
2.989010e-01
1.757819e-01
0
3.340441e-01
1.309809e-01
2.408564e-01
1.358398e-01
0
1.370731e-01
0
0
0
0
0
0
2.374541e-01
1.015524e-01
1.182720e-01
9.698480e-02
2.858265e-01
2.207532e-01
1.722312e-01
1.584297e-01
0
0
0
0
0
0
0
0
0
0
0
5.671246e-01
0
0
0
5.291436e-02
0
0
2.421220e-02
3.122457e-01
9.229581e-02
1.894399e-01
0
0
0
2.589247e-02
0
0
0
4.049983e-02
0
9.563474e-02
0
0
0
7.703810e-02
0
0
0
0
2.372741e-01
2.943669e-02
4.694769e-01
1.719066e-01
1.534969e-01
2.412562e-01
0
1.853374e-01
0
0
0
0
0
0
7.487884e-02
0
0
1.112608e-01
0
0
1.838330e-01
1.099458e-01
0
0
0
5.147677e-02
0
0
6.710664e-01
3.086420e-01
2.744956e-01
1.177590e-01
1.000000e+00
0
6.955826e-01
3.371390e-01
3.486058e-01
0
5.149085e-01
0
3.452958e-01
6.433886e-02
0
0
3.181155e-02
0
9.763960e-02
2.854269e-01
5.253746e-01
4.018719e-01
4.228631e-02
0
0
0
1.547033e-01
0
6.140767e-01
4.626539e-01
3.675163e-01
8.926206e-02
2.167183e-01
2.824482e-01
1.695923e-01
0
0
0
1.364006e-01
1.202672e-01
2.623984e-01
2.469302e-01
2.695294e-01
1.518293e-01
1.697384e-01
2.276079e-01
1.064706e-02
0
0
0
0
0
0
0
0
0
0
0
0
8.155141e-02
0
0
4.215900e-01
5.118691e-02
3.210633e-01
2.678818e-02
0
0
4.253756e-01
3.767153e-01
1.543518e-01
0
1.747978e-01
1.873369e-01
2.867923e-01
0
0
0
0
0
0
0
2.174916e-01
0
0
0
0
0
2.507086e-01
7.026516e-01
4.597234e-01
6.771457e-01
1.139250e-01
0
2.841614e-01
0
3.941212e-02
1.594261e-01
0
4.296078e-01
0
2.501378e-01
0
0
0
0
2.558520e-01
0
0
2.340687e-02
1.994646e-01
1.033479e-01
0
0
1.402869e-01
9.932762e-02
0
3.530733e-01
0
6.249421e-01
0
1
1.220644e-01
5.591240e-01
0
4.503495e-01
1.168186e-01
8.127908e-01
1.183879e-01
5.464495e-01
1.264638e-01
0
3.063086e-01
5.445737e-01
1.245703e-01
0
5.721012e-02
2.728144e-01
0
0
3.467276e-02
2.109477e-01
2.041565e-01
7.012908e-02
1.244715e-01
1.475508e-01
3.919041e-02
0
0
0
0
0
0
1.007307e-02
0
0
1.341741e-01
8.783757e-02
0
6.867295e-02
2.160423e-01
1.218331e-01
1.925710e-01
1.326327e-01
0
0
0
0
0
0
1.039149e-01
0
0
0
0
6.883425e-01
1.094466e-01
4.790773e-01
0
0
0
0
3.130227e-01
2.653538e-01
1.943498e-02
2.228975e-01
9.606225e-02
0
6.766023e-02
1.395849e-01
1.808872e-01
7.777660e-02
0
0
1.409155e-02
0
9.375076e-02
6.233960e-02
0
0
0
0
0
0
2.177604e-01
0
2.768619e-01
0
1.447762e-01
2.417022e-01
0
0
8.336321e-02
0
2.406674e-02
0
1.575167e-01
0
0
0
1.203353e-01
0
3.151327e-01
7.690912e-03
1.505754e-01
9.356680e-03
8.810131e-03
0
0
0
0
0
5.377864e-01
4.267544e-01
2.827543e-01
3.022786e-01
6.955826e-01
1.220644e-01
1
4.846565e-01
2.725854e-01
0
4.262620e-01
0
3.857989e-01
9.300803e-03
0
0
0
0
0
0
2.957869e-01
3.093677e-01
0
2.745767e-01
0
0
1.107348e-01
0
7.898721e-01
7.671968e-01
5.804340e-01
3.664842e-01
5.144201e-01
5.812336e-01
2.216565e-01
0
0
0
0
0
6.156714e-01
5.362085e-01
6.835440e-01
5.630910e-01
3.615672e-01
4.585509e-01
1.528577e-01
5.585798e-02
0
0
0
0
0
0
0
0
0
0
0
2.288818e-01
0
0
3.803731e-01
0
3.394273e-01
1.922917e-01
0
0
0
0
0
0
0
0
2.504635e-01
0
0
5.278844e-02
0
0
2.463677e-02
0
1.348734e-01
0
0
0
0
0
0
4.449192e-01
4.107037e-01
6.716549e-01
2.453444e-01
1.390860e-01
3.605633e-01
0
0
9.521345e-02
0
4.185262e-01
0
1.988488e-01
0
0
0
1.854446e-01
2.442828e-01
0
0
2.888219e-02
0
0
0
0
0
0
3.036449e-01
2.613137e-01
0
7.467825e-01
3.371390e-01
5.591240e-01
4.846565e-01
1
3.193639e-01
0
2.025658e-01
1.970344e-01
2.633961e-01
2.915268e-01
1.371995e-01
0
2.105560e-01
1.336558e-01
0
1.618240e-01
4.187520e-01
2.341216e-01
0
0
0
0
2.556597e-01
0
5.256831e-01
2.255769e-01
2.304271e-01
0
4.092847e-02
1.911619e-01
3.590325e-01
0
0
0
1.397767e-01
0
2.967931e-01
1.833551e-01
1.952597e-01
8.321275e-02
2.851475e-01
1.663668e-01
1.034291e-01
3.717694e-02
0
0
0
0
0
0
0
0
0
0
0
4.980873e-01
0
0
3.704590e-02
0
0
0
0
7.652195e-02
1.819985e-01
2.185352e-01
1.000251e-02
0
0
0
2.482128e-01
5.730953e-02
0
5.715438e-03
0
0
6.974798e-02
0
0
0
0
0
0
0
2.445107e-01
3.313111e-01
4.744958e-01
3.315952e-01
7.958851e-02
7.296171e-02
3.610668e-02
0
0
0
0
3.945965e-03
0
0
0
0
0
0
7.733777e-02
0
0
1.595578e-01
4.282252e-02
0
0
0
1.197932e-01
2.141795e-01
5.771838e-01
2.166083e-01
0
1.796856e-01
3.486058e-01
0
2.725854e-01
3.193639e-01
1
0
6.001641e-01
0
5.620120e-01
1.082125e-01
1.683568e-01
1.580132e-01
3.907205e-01
1.106546e-01
0
8.180606e-02
3.565190e-01
3.758355e-01
0
0
0
1.861256e-01
1.845213e-01
1.892940e-02
4.011498e-01
2.995129e-01
4.398225e-02
2.707746e-02
1.212759e-01
1.134622e-02
2.049833e-01
6.905093e-02
0
0
0
9.949833e-02
0
0
0
0
0
0
0
0
0
0
0
8.288895e-02
0
0
0
0
0
0
0
0
0
0
3.115958e-01
2.507558e-02
0
0
0
1.410019e-01
1.650394e-01
1.123976e-01
0
5.774272e-02
0
0
0
0
2.364517e-01
4.783726e-01
1.294449e-02
0
7.648700e-02
0
4.762119e-01
0
0
0
0
0
1.817215e-01
3.381703e-01
2.936986e-01
5.143596e-01
3.028978e-01
1.341018e-01
0
0
0
0
1.451931e-01
4.554210e-01
2.351746e-01
4.499470e-02
0
1.870834e-01
0
2.007839e-01
1.118595e-01
0
0
3.164265e-01
3.916394e-01
0
0
1.931634e-01
4.382760e-01
3.708035e-01
0
1.793231e-01
0
7.623345e-02
0
4.503495e-01
0
0
0
1
0
6.241182e-01
0
4.349554e-01
2.123785e-01
1.825270e-01
3.841758e-01
3.076475e-01
3.743979e-01
0
0
0
0
0
2.192159e-01
4.991817e-01
1.564258e-01
5.944901e-01
0
0
0
0
0
0
0
0
4.926966e-02
1.180944e-01
0
0
0
0
0
0
0
0
0
0
2.590571e-01
2.131017e-01
4.292414e-01
2.286179e-01
3.071453e-02
2.968308e-02
3.552052e-01
5.201544e-01
4.006663e-01
5.346580e-01
1.438282e-01
1.920539e-01
5.634762e-01
4.758307e-01
0
0
0
0
2.271360e-01
0
0
0
0
4.339125e-02
8.288563e-03
0
0
1.577173e-01
0
0
1.826218e-01
1.732839e-02
2.027396e-01
4.907806e-01
0
1.004376e-01
3.941818e-01
1.605503e-01
2.728138e-01
3.768845e-01
1.159062e-01
0
0
0
0
3.472783e-01
0
0
0
0
3.174917e-01
0
1.229028e-01
0
8.947775e-02
0
1.491281e-01
0
0
2.436459e-01
3.715454e-01
1.195235e-02
0
0
2.134787e-01
3.349193e-01
3.791409e-01
4.432384e-01
3.644836e-01
1.344884e-01
0
7.499981e-02
5.149085e-01
1.168186e-01
4.262620e-01
2.025658e-01
6.001641e-01
0
1
4.173415e-02
7.316444e-01
2.682711e-01
6.010227e-02
0
5.554263e-01
3.725246e-01
5.059151e-02
2.474687e-01
1.075612e-01
1.646325e-01
0
0
0
2.715554e-01
5.748300e-01
2.037639e-01
3.529825e-01
5.508310e-01
3.428954e-01
2.344711e-01
0
0
0
0
3.884265e-03
0
0
0
0
0
0
0
0
0
0
0
0
0
0
0
0
0
0
0
0
0
2.188783e-01
1.620668e-01
1.011191e-02
1.072481e-01
9.849568e-03
0
0
0
1.013629e-01
0
3.026803e-01
3.876442e-01
0
6.184787e-03
0
6.034364e-02
1.653002e-01
0
0
0
2.326013e-02
0
3.012392e-01
0
9.137060e-02
0
0
0
0
0
2.403142e-01
3.872926e-01
1.724041e-01
2.634268e-01
1.125313e-01
1.447091e-01
0
0
1.049848e-02
5.030992e-03
1.331652e-01
2.717282e-01
2.319209e-01
2.957837e-01
0
0
0
0
4.774830e-02
0
0
3.601775e-01
1.616982e-01
0
0
1.485765e-01
3.476552e-01
1.994067e-01
0
3.699732e-01
0
2.934504e-01
0
8.127908e-01
0
1.970344e-01
0
6.241182e-01
4.173415e-02
1
1.727046e-01
7.722474e-01
1.067020e-02
0
3.042182e-01
5.591936e-01
2.452713e-01
0
1.709076e-02
3.259382e-01
0
0
3.605239e-01
2.442893e-01
0
1.354161e-01
0
7.101449e-02
0
0
0
0
0
6.445032e-02
0
2.606270e-01
1.927449e-02
0
0
0
0
0
0
0
0
0
0
0
0
0
0
5.487260e-03
2.206351e-01
0
0
1.179901e-01
0
4.724019e-01
1.631604e-01
5.041562e-01
0
3.402204e-02
0
0
2.906724e-01
2.332136e-01
0
1.788002e-01
1.202927e-01
4.202238e-02
0
1.241183e-01
8.832586e-02
1.333857e-01
0
0
0
1.925179e-01
1.645520e-01
3.054194e-01
0
1.855307e-01
3.030144e-02
1.536398e-01
0
3.849359e-02
1.391391e-01
0
1.649495e-01
0
1.864218e-02
1.582977e-01
0
0
2.676466e-02
0
2.596310e-01
0
3.093858e-01
0
0
0
1.202011e-01
0
3.241531e-01
2.513013e-01
2.675863e-01
0
4.160550e-02
0
1.976530e-01
5.012021e-02
1.095515e-01
3.494297e-01
6.253367e-01
2.788030e-01
1.360622e-01
1.321484e-01
3.452958e-01
1.183879e-01
3.857989e-01
2.633961e-01
5.620120e-01
0
7.316444e-01
1.727046e-01
1
5.467040e-01
0
0
4.489998e-01
2.249917e-01
7.505851e-02
2.549245e-01
3.993932e-01
2.988815e-01
0
0
0
2.213825e-01
3.614283e-01
2.235571e-01
5.052445e-01
5.477669e-01
8.046513e-02
4.891769e-03
1.289406e-01
2.552862e-02
0
0
6.041242e-02
0
1.093101e-01
9.589951e-02
0
0
0
0
0
0
0
0
0
0
0
0
0
0
0
0
0
0
0
1.497183e-01
0
0
1.920835e-01
6.875063e-02
0
0
0
0
2.853098e-01
5.094345e-01
0
0
0
0
1.648941e-01
0
4.220388e-02
1.801379e-01
0
5.625516e-03
4.040356e-01
1.444487e-01
3.587893e-01
0
0
0
0
0
1.124526e-01
1.008732e-01
3.371951e-01
3.563813e-01
0
9.874303e-03
0
0
0
0
2.993167e-01
3.664937e-01
1.691910e-01
3.594966e-03
0
1.022519e-01
0
1.647877e-01
2.971750e-02
0
0
5.279449e-02
5.445426e-02
0
3.695620e-02
2.190350e-01
2.008880e-01
2.831418e-01
3.058518e-02
4.130308e-01
4.577868e-02
1.634676e-01
6.433886e-02
5.464495e-01
9.300803e-03
2.915268e-01
1.082125e-01
4.349554e-01
2.682711e-01
7.722474e-01
5.467040e-01
1
0
0
3.484067e-01
4.353537e-01
4.234887e-01
1.104199e-01
2.057342e-01
3.035595e-01
6.383186e-02
0
2.010659e-01
1.755779e-01
9.518365e-02
3.133988e-01
1.376414e-01
3.026028e-01
0
0
0
0
3.623413e-02
9.740849e-02
2.728564e-01
3.072834e-01
2.779340e-01
0
0
0
0
0
0
0
0
0
0
0
1.197178e-02
0
0
0
0
0
0
0
0
2.950259e-01
0
1.690544e-01
0
1.350489e-01
0
0
0
0
2.080718e-01
4.077000e-01
1.304852e-01
0
0
0
2.820178e-01
2.996629e-01
0
0
0
2.873227e-01
4.161208e-01
5.363401e-01
0
2.958506e-01
0
3.198851e-01
0
1.254007e-01
1.376307e-01
0
2.332043e-01
0
0
0
0
0
0
0
2.880074e-01
0
1.670132e-01
0
0
0
0
0
2.458405e-01
1.091222e-01
1.333322e-02
0
6.604997e-02
0
4.174301e-02
0
3.229637e-01
2.061356e-01
0
0
0
1.920077e-01
0
1.264638e-01
0
1.371995e-01
1.683568e-01
2.123785e-01
6.010227e-02
1.067020e-02
0
0
1.000000e+00
4.813869e-01
3.556932e-01
3.705768e-01
0
1.396889e-01
0
0
0
0
0
0
5.761921e-01
4.725120e-01
0
0
0
0
0
0
1.891861e-01
0
1.285437e-02
0
1.617671e-01
3.139210e-02
0
0
0
0
1.489422e-01
0
5.070015e-02
2.666156e-01
0
0
0
0
0
0
6.670311e-01
1.933406e-01
0
0
0
0
1.124404e-01
0
0
0
0
0
6.338616e-01
5.380432e-01
2.879894e-01
3.366013e-01
3.370798e-01
3.741738e-01
2.450086e-01
0
5.442797e-02
6.295218e-02
6.473960e-01
4.106957e-01
7.593341e-01
3.941435e-02
3.653897e-01
1.482220e-01
0
0
0
0
0
0
8.115255e-02
0
0
0
0
1.964134e-01
0
2.985630e-01
2.827638e-01
2.963786e-01
1.009646e-01
0
7.580058e-02
0
0
0
4.625025e-01
1.160005e-01
0
1.513221e-02
2.756579e-01
7.382407e-01
0
1.567379e-02
1.807523e-01
0
7.727238e-02
1.561253e-01
5.781813e-02
0
0
0
0
0
0
0
1.580132e-01
1.825270e-01
0
0
0
0
4.813869e-01
1
1.359277e-01
0
0
2.404689e-01
0
0
1.189249e-01
0
0
0
1.765559e-01
4.547641e-01
0
0
0
0
0
0
1.338413e-01
2.821873e-01
2.734991e-01
6.886876e-02
3.490374e-01
1.813684e-01
0
0
0
0
0
0
0
0
2.073926e-01
3.040112e-01
3.249825e-01
4.674031e-01
0
0
3.642345e-01
4.474878e-01
3.694383e-01
1.419980e-01
1.488810e-01
0
1.214845e-01
0
3.391113e-02
0
0
0
1.497661e-01
4.814992e-02
1.954417e-01
1.255197e-01
1.489939e-02
3.099016e-01
1.052206e-01
0
0
2.865537e-01
6.493179e-01
5.422705e-01
5.012450e-01
1.077625e-01
3.577834e-01
2.936756e-01
3.505374e-01
0
2.193296e-01
1.343806e-01
2.423943e-01
3.835161e-01
1.031262e-01
5.622433e-02
0
0
0
0
0
0
0
0
3.513790e-01
1.530861e-01
0
0
0
2.487227e-01
2.521018e-01
7.927674e-02
0
0
7.190066e-02
3.390904e-01
0
3.956933e-02
6.610184e-02
1.472553e-01
6.743467e-01
8.450898e-01
3.192446e-02
0
0
2.854644e-01
3.181155e-02
3.063086e-01
0
2.105560e-01
3.907205e-01
3.841758e-01
5.554263e-01
3.042182e-01
4.489998e-01
3.484067e-01
3.556932e-01
1.359277e-01
1
7.889454e-01
2.533938e-01
5.904826e-01
1.374226e-01
1.242047e-01
0
0
6.239633e-03
5.001814e-01
6.370121e-01
4.159242e-01
0
0
1.538854e-02
0
0
0
0
0
0
0
0
0
0
0
0
0
0
0
0
0
0
0
7.353761e-02
0
0
0
4.237185e-01
4.374133e-01
0
0
0
7.250417e-02
2.914116e-01
2.370786e-01
0
0
0
0
4.936606e-01
4.240688e-01
3.529418e-01
5.064848e-01
3.579566e-01
5.115902e-01
3.045303e-01
3.871118e-01
0
0
5.853817e-03
0
2.539806e-01
4.970211e-02
1.170838e-01
4.885677e-02
0
0
0
0
0
0
3.536382e-01
1.283039e-02
1.225545e-01
0
7.867638e-02
1.153433e-01
0
2.056653e-01
3.029455e-01
0
4.031969e-01
0
5.521336e-01
0
1.028891e-01
7.944296e-02
0
0
0
0
1.834779e-01
4.356591e-01
3.222796e-01
1.634027e-01
2.394315e-01
3.283637e-01
7.247738e-01
5.849831e-01
0
0
0
2.640663e-01
0
5.445737e-01
0
1.336558e-01
1.106546e-01
3.076475e-01
3.725246e-01
5.591936e-01
2.249917e-01
4.353537e-01
3.705768e-01
0
7.889454e-01
1
1.320784e-01
2.469027e-01
2.913372e-02
2.604703e-01
0
0
1.926920e-01
3.301633e-01
5.416047e-01
2.684951e-01
0
0
2.565530e-02
0
0
0
0
4.391177e-03
0
0
1.788903e-02
0
0
0
0
0
1.678050e-02
0
8.885561e-02
0
0
0
0
0
0
0
5.365827e-01
2.570752e-01
0
0
0
1.887919e-01
3.224462e-01
4.374549e-01
0
0
0
0
7.298142e-01
6.509556e-01
3.375076e-01
4.766144e-01
5.238412e-01
5.117411e-01
3.618222e-01
4.534434e-01
0
0
0
0
2.374950e-01
2.607658e-02
1.506669e-01
1.147032e-01
0
0
0
0
0
0
2.583276e-01
0
1.274732e-01
0
1.957003e-01
9.802273e-02
0
2.229035e-01
4.412428e-01
1.400806e-01
3.431840e-01
0
6.660075e-01
2.103574e-01
0
2.889858e-02
3.962136e-02
0
7.700126e-03
2.904344e-01
3.068426e-01
3.824987e-01
3.815743e-01
5.663723e-02
3.514166e-01
1.254962e-01
1.105813e-01
3.100721e-01
0
2.447511e-01
1.314537e-01
3.008958e-02
9.763960e-02
1.245703e-01
0
0
0
3.743979e-01
5.059151e-02
2.452713e-01
7.505851e-02
4.234887e-01
0
0
2.533938e-01
1.320784e-01
1
6.085215e-01
0
0
1.655280e-01
0
3.584489e-01
2.960641e-01
1.511361e-01
3.823274e-01
0
1.027633e-01
3.068890e-02
9.315253e-02
0
0
0
0
2.015503e-01
0
2.316563e-02
0
0
0
0
0
0
0
1.128596e-02
0
4.935505e-02
0
1.445090e-01
0
3.792830e-02
0
0
8.638784e-02
5.859811e-02
2.297086e-02
0
0
5.825768e-02
1.709034e-01
0
1.210288e-01
0
0
0
0
1.175497e-01
2.109480e-01
4.132775e-02
0
1.256102e-01
0
0
6.207831e-02
0
0
0
3.334504e-01
2.757698e-02
3.766184e-01
0
3.448424e-01
0
2.071601e-01
5.129476e-02
1.027550e-01
1.875421e-01
0
9.560752e-03
0
0
0
6.265135e-02
0
0
0
4.969661e-02
0
4.061659e-02
1.032067e-01
6.589699e-02
0
0
0
0
7.273552e-02
2.921305e-02
0
0
1.691668e-01
0
0
9.125565e-02
5.866391e-01
3.122215e-01
0
2.888827e-02
2.331505e-01
2.854269e-01
0
0
1.618240e-01
8.180606e-02
0
2.474687e-01
0
2.549245e-01
1.104199e-01
1.396889e-01
2.404689e-01
5.904826e-01
2.469027e-01
6.085215e-01
1.000000e+00
2.907036e-01
2.241980e-02
2.398426e-01
0
1.102294e-01
2.513243e-01
4.308656e-01
2.429669e-01
5.818006e-02
0
2.587841e-01
6.918366e-02
0
0
0
0
0
0
1.353559e-01
0
0
0
0
0
0
0
0
0
0
0
1.148860e-01
6.759618e-02
0
0
0
1.845204e-01
0
0
0
0
0
0
0
1.705721e-01
0
0
2.767709e-02
1.034680e-01
4.146183e-01
5.914156e-01
2.792993e-01
2.376352e-01
3.948014e-01
1.884996e-01
0
9.085250e-02
0
0
2.557034e-02
1.953615e-01
0
5.155201e-02
7.348695e-03
9.596556e-02
0
0
0
0
3.446320e-01
2.327374e-01
2.414694e-01
2.755312e-02
0
0
0
0
4.352834e-02
3.725885e-02
1.080053e-01
0
8.524007e-02
0
8.328775e-02
0
0
0
0
0
0
1.930457e-01
0
3.571648e-01
0
0
0
1.152145e-01
7.258154e-01
2.054118e-01
2.327398e-01
3.392961e-01
5.253746e-01
5.721012e-02
2.957869e-01
4.187520e-01
3.565190e-01
0
1.075612e-01
1.709076e-02
3.993932e-01
2.057342e-01
0
0
1.374226e-01
2.913372e-02
0
2.907036e-01
1.000000e+00
7.300850e-01
4.486747e-01
0
0
0
0
0
5.387906e-01
4.605146e-02
0
0
2.181518e-01
1.388133e-01
2.671673e-01
0
0
0
2.165767e-01
2.850044e-01
0
0
0
0
0
2.704024e-04
0
0
0
1.151614e-02
0
6.523269e-03
0
0
0
0
0
0
0
1.291310e-01
0
0
5.228562e-01
3.589987e-01
2.959947e-02
0
0
2.733818e-01
3.712097e-01
5.657408e-01
2.738679e-01
2.541347e-01
4.410749e-02
4.435490e-01
1.414052e-01
3.652539e-02
2.126679e-01
1.451741e-01
0
3.129282e-01
0
0
2.954196e-01
2.778124e-01
0
0
0
0
3.472007e-01
3.140019e-01
6.848355e-01
6.179364e-01
0
0
0
4.413097e-02
0
1.171763e-02
1.347843e-01
3.440977e-01
9.955584e-02
0
0
0
0
0
7.256464e-02
0
0
0
2.777512e-01
1.691900e-01
0
0
0
0
3.946897e-01
3.349776e-01
3.622856e-01
3.732327e-01
4.018719e-01
2.728144e-01
3.093677e-01
2.341216e-01
3.758355e-01
0
1.646325e-01
3.259382e-01
2.988815e-01
3.035595e-01
0
0
1.242047e-01
2.604703e-01
0
2.241980e-02
7.300850e-01
1.000000e+00
3.869974e-01
1.371988e-01
1.278399e-01
0
0
0
4.078857e-01
2.072951e-01
4.957477e-02
0
7.959536e-02
1.107013e-01
1.682437e-01
1.654941e-01
0
1.413723e-02
0
2.288527e-01
0
0
6.377298e-03
2.787026e-02
1.930936e-02
9.153589e-02
2.000197e-02
6.378904e-02
0
0
0
0
0
0
0
0
0
0
0
2.234018e-01
0
0
3.572877e-01
3.658274e-01
1.898645e-01
9.732109e-02
3.764109e-02
4.690013e-01
1.745752e-01
3.719635e-01
1.135307e-01
1.518795e-01
0
3.940918e-01
0
0
0
1.452551e-01
0
3.731905e-01
0
0
2.119727e-01
2.537145e-01
0
0
0
0
2.345415e-01
2.046217e-01
7.552525e-01
5.437596e-01
2.300554e-01
0
3.725939e-02
6.067433e-02
0
1.185683e-01
1.025912e-01
2.709646e-01
3.716803e-01
1.622382e-01
0
0
0
0
2.539037e-01
0
0
0
2.415247e-01
0
0
0
0
0
2.233225e-01
0
6.568855e-01
0
4.228631e-02
0
0
0
0
0
0
0
0
6.383186e-02
0
1.189249e-01
0
0
1.655280e-01
2.398426e-01
4.486747e-01
3.869974e-01
1
4.274734e-01
5.093767e-01
0
0
0
9.005207e-02
0
0
0
3.292124e-01
3.095102e-01
1.005656e-01
3.121602e-01
6.577875e-02
1.482618e-01
1.526414e-01
1.960135e-01
0
0
0
0
0
0
0
1.289160e-01
3.702795e-01
4.696330e-01
2.317815e-01
2.992427e-01
0
1.907570e-01
0
0
4.573921e-02
4.293553e-02
0
0
0
0
4.355531e-01
6.092458e-01
3.178800e-01
3.845025e-01
0
0
7.742437e-02
1.874748e-01
8.256343e-02
8.193314e-03
4.676777e-02
8.560320e-02
4.482193e-04
3.287499e-01
0
2.169752e-02
0
3.594895e-01
0
0
2.673680e-01
5.943589e-01
0
1.159694e-01
3.422139e-01
3.493602e-01
1.975523e-02
3.352855e-02
2.550060e-01
1.384184e-01
0
0
0
0
0
0
3.989301e-02
2.417281e-01
0
0
0
0
0
0
0
0
0
0
0
0
0
0
0
0
0
0
6.022315e-01
2.893002e-02
0
0
2.745767e-01
0
0
0
0
0
0
0
0
0
0
0
0
0
0
1.371988e-01
4.274734e-01
1.000000e+00
3.102705e-01
4.223694e-02
0
0
1.738554e-01
3.008837e-01
3.750018e-01
3.893869e-01
4.555124e-01
6.494051e-01
1.471749e-01
9.284945e-02
1.901630e-01
3.074454e-01
1.268994e-02
2.570294e-01
5.429903e-01
5.868962e-01
7.120493e-01
7.161273e-01
2.895707e-01
5.792884e-01
3.907787e-01
4.842238e-01
0
0
0
0
1.338122e-01
2.617121e-01
0
0
0
0
0
2.023266e-01
0
1.205254e-01
2.702008e-01
6.356122e-02
4.294865e-01
6.278456e-01
0
0
0
0
0
0
0
0
0
2.673220e-03
0
0
0
1.303596e-02
0
0
0
2.626572e-01
6.566738e-02
2.388485e-01
1.663228e-02
0
0
0
3.657815e-02
8.346374e-03
0
0
9.498496e-02
0
0
2.047457e-01
0
1.411691e-01
0
1.530822e-01
0
0
4.102900e-02
1.138727e-01
0
0
0
0
0
0
0
0
2.081809e-01
1.543041e-01
0
0
5.063202e-01
0
0
3.467276e-02
0
0
0
2.192159e-01
0
3.605239e-01
0
2.010659e-01
0
0
6.239633e-03
1.926920e-01
3.584489e-01
1.102294e-01
0
1.278399e-01
5.093767e-01
3.102705e-01
1
3.251465e-01
0
0
0
0
0
0
0
0
0
1.881582e-01
1.136203e-02
2.064950e-01
0
0
0
0
0
0
0
0
0
0
3.346282e-01
2.715991e-01
2.693221e-01
4.445204e-02
2.236896e-02
1.998673e-01
2.119353e-01
2.822892e-01
3.813109e-01
2.690307e-01
0
1.691999e-01
8.121594e-02
2.607115e-01
0
5.398143e-01
6.853333e-02
2.080197e-01
4.044483e-02
1.556493e-01
5.549749e-02
1.225439e-01
1.922009e-01
1.124244e-01
2.806842e-01
2.119219e-01
0
2.289958e-01
0
0
0
2.659536e-01
0
1.937722e-01
0
3.884942e-01
1.979488e-01
3.577893e-01
4.467018e-01
3.591839e-01
8.463229e-02
0
1.238416e-02
0
0
0
0
2.853721e-02
0
0
3.594921e-01
0
3.223697e-01
1.871310e-01
2.525722e-01
0
0
0
0
3.566094e-01
1.150570e-01
0
0
6.248841e-02
1.149090e-01
0
1.894845e-01
3.390640e-01
0
6.529656e-02
4.469044e-02
2.989010e-01
0
2.109477e-01
0
0
1.861256e-01
4.991817e-01
2.715554e-01
2.442893e-01
2.213825e-01
1.755779e-01
0
0
5.001814e-01
3.301633e-01
2.960641e-01
2.513243e-01
0
0
0
4.223694e-02
3.251465e-01
1.000000e+00
1.392873e-01
3.234329e-01
0
5.032954e-02
9.229748e-02
3.625644e-01
0
0
0
0
0
0
0
0
0
0
0
0
0
0
1.106491e-02
0
0
5.035058e-02
6.485598e-02
8.646063e-02
0
0
3.688725e-02
2.668516e-01
0
8.969630e-02
3.194711e-02
3.090809e-01
3.153068e-01
3.761800e-01
0
1.450408e-01
0
0
4.749686e-02
0
0
0
0
0
0
0
0
0
0
0
0
0
0
1.766938e-01
0
9.948576e-02
1.008657e-01
0
0
0
0
0
0
0
0
3.148671e-01
0
7.248039e-02
0
0
1.077054e-01
0
2.444402e-01
2.501855e-02
1.912460e-01
0
0
6.289401e-02
0
0
1.167345e-01
0
0
0
0
3.885372e-01
4.179565e-01
4.978370e-01
4.325766e-02
0
0
1.757819e-01
1.547033e-01
2.041565e-01
1.107348e-01
2.556597e-01
1.845213e-01
1.564258e-01
5.748300e-01
0
3.614283e-01
9.518365e-02
5.761921e-01
1.765559e-01
6.370121e-01
5.416047e-01
1.511361e-01
4.308656e-01
0
0
0
0
0
1.392873e-01
1
6.640309e-01
1.000288e-01
1.592579e-01
3.136015e-01
1.116845e-01
0
0
0
0
6.807392e-02
0
8.797232e-02
0
5.814870e-02
2.187303e-02
0
0
1.435371e-01
0
3.555046e-02
0
0
0
0
0
0
0
2.615036e-01
2.337035e-01
0
0
1.648091e-01
0
3.763697e-01
2.242651e-01
0
0
0
0
4.792983e-01
1.438653e-01
3.245242e-01
4.344536e-01
2.538365e-01
2.070198e-01
2.329842e-01
1.847670e-02
1.484112e-01
0
2.462158e-01
4.443493e-03
6.329752e-01
0
4.917595e-01
2.180606e-01
0
0
0
0
0
0
1.384673e-01
1.169521e-01
0
0
3.128036e-02
2.378601e-01
0
7.028192e-02
3.672630e-01
1.731275e-01
1.837119e-02
0
1.016168e-01
5.309422e-02
0
3.017088e-02
0
5.648544e-02
0
0
4.250477e-02
7.701687e-01
6.141160e-03
1.464592e-01
1.105311e-01
1.755460e-01
2.988226e-01
3.482484e-01
0
0
0
0
0
7.012908e-02
0
0
1.892940e-02
5.944901e-01
2.037639e-01
1.354161e-01
2.235571e-01
3.133988e-01
4.725120e-01
4.547641e-01
4.159242e-01
2.684951e-01
3.823274e-01
2.429669e-01
0
0
0
0
0
3.234329e-01
6.640309e-01
1
0
6.329376e-02
0
8.960783e-03
0
0
0
0
4.234048e-01
9.260320e-02
2.197386e-01
0
0
0
0
0
0
0
0
0
0
0
1.048219e-01
0
6.988441e-02
0
2.025249e-01
3.620471e-01
4.265736e-02
0
6.443506e-02
0
4.616566e-01
3.212833e-01
0
0
0
0
2.305400e-01
0
6.903880e-02
9.231538e-02
9.824252e-02
2.287755e-02
0
0
4.084454e-02
2.464162e-01
1.943120e-01
5.862901e-02
5.636268e-01
0
7.035171e-01
7.481652e-01
0
0
3.446555e-01
3.066354e-01
0
7.352754e-02
0
0
0
0
0
2.521909e-01
0
0
1.191637e-01
0
6.451185e-02
0
0
0
0
0
0
8.041608e-02
0
8.714361e-02
1.259154e-01
4.263313e-01
0
0
1.065516e-01
2.295677e-01
0
0
7.323330e-01
3.419828e-01
1.239487e-01
3.340441e-01
6.140767e-01
1.244715e-01
7.898721e-01
5.256831e-01
4.011498e-01
0
3.529825e-01
0
5.052445e-01
1.376414e-01
0
0
0
0
0
5.818006e-02
5.387906e-01
4.078857e-01
9.005207e-02
1.738554e-01
0
0
1.000288e-01
0
1
7.197394e-01
3.973812e-01
1.262848e-01
5.287396e-01
5.223961e-01
3.167697e-01
0
1.196020e-01
0
1.472577e-01
8.239914e-02
4.761509e-01
3.924982e-01
4.942680e-01
4.138786e-01
1.999711e-01
3.247549e-01
2.747680e-02
9.485286e-02
0
0
0
0
0
0
0
0
0
0
0
1.305601e-01
0
0
3.863936e-01
0
1.845812e-01
8.431160e-02
0
0
6.657641e-02
2.933626e-01
0
0
0
0
3.654743e-01
0
1.173240e-01
4.286202e-01
0
0
1.818785e-01
0
2.709115e-01
0
0
0
0
0
4.365924e-02
3.665684e-01
4.957959e-01
5.902008e-01
3.577903e-02
0
1.187955e-01
0
0
0
0
3.929265e-01
0
0
0
0
0
1.473363e-01
1.841756e-01
0
0
6.603498e-02
0
0
0
0
0
0
3.851434e-01
4.777991e-01
2.850493e-01
1.309809e-01
4.626539e-01
1.475508e-01
7.671968e-01
2.255769e-01
2.995129e-01
0
5.508310e-01
7.101449e-02
5.477669e-01
3.026028e-01
0
0
0
0
1.027633e-01
0
4.605146e-02
2.072951e-01
0
3.008837e-01
0
5.032954e-02
1.592579e-01
6.329376e-02
7.197394e-01
1
5.234947e-01
5.091425e-01
3.891158e-01
4.587161e-01
3.550831e-02
0
2.513267e-01
2.853508e-02
0
0
4.536082e-01
3.757169e-01
5.512682e-01
5.166272e-01
1.216204e-01
2.518245e-01
1.608086e-01
9.283891e-02
0
0
0
0
0
0
0
0
0
0
0
2.064690e-01
0
5.044631e-02
1.019072e-01
0
2.418189e-01
2.540322e-01
0
0
0
2.815547e-02
0
0
0
0
2.425461e-01
0
0
1.206668e-01
0
0
2.944444e-01
6.829080e-02
1.008763e-01
0
0
0
0
0
0
6.948549e-02
1.012905e-01
3.604845e-01
0
1.160300e-01
6.932893e-02
0
0
0
0
2.847249e-01
0
2.184986e-01
0
0
0
1.919841e-01
1.793205e-01
0
0
0
0
0
0
0
0
0
1.260816e-01
0
1.686760e-01
2.408564e-01
3.675163e-01
3.919041e-02
5.804340e-01
2.304271e-01
4.398225e-02
0
3.428954e-01
0
8.046513e-02
0
0
0
1.538854e-02
2.565530e-02
3.068890e-02
2.587841e-01
0
4.957477e-02
0
3.750018e-01
0
9.229748e-02
3.136015e-01
0
3.973812e-01
5.234947e-01
1
7.989253e-01
1.344113e-01
3.162733e-01
0
0
0
0
0
0
7.376212e-01
6.135483e-01
7.079246e-01
6.576825e-01
6.121152e-01
6.258726e-01
6.385850e-01
4.662682e-01
0
0
0
0
0
0
0
0
0
0
1.428403e-02
7.395451e-02
0
1.573690e-01
0
0
1.320749e-01
1.738254e-02
5.129626e-03
0
0
0
0
0
0
0
5.451058e-02
0
0
0
4.002070e-02
0
0
0
0
0
0
0
0
0
0
2.231499e-01
1.026223e-01
1.969181e-01
1.106927e-01
0
4.444164e-01
0
1.167454e-01
5.088696e-01
0
8.434742e-02
0
1.607613e-01
0
0
0
0
0
0
0
2.575338e-01
0
0
0
0
0
6.457125e-03
0
1.816622e-01
1.514748e-01
1.358398e-01
8.926206e-02
0
3.664842e-01
0
2.707746e-02
0
2.344711e-01
0
4.891769e-03
0
0
0
0
0
9.315253e-02
6.918366e-02
0
0
0
3.893869e-01
0
3.625644e-01
1.116845e-01
8.960783e-03
1.262848e-01
5.091425e-01
7.989253e-01
1.000000e+00
1.794134e-01
4.057569e-01
0
0
0
0
0
0
5.796539e-01
4.144050e-01
5.838353e-01
5.452948e-01
4.225433e-01
4.787175e-01
6.060633e-01
3.909346e-01
0
0
0
0
5.860360e-02
0
0
0
0
0
2.402705e-01
1.211891e-01
1.378669e-01
1.312303e-01
0
0
5.858819e-02
1.747269e-01
0
0
0
0
0
0
0
0
0
0
0
0
0
0
0
0
0
0
0
0
0
0
0
0
0
0
6.037260e-02
2.324068e-01
2.908740e-01
3.207041e-02
0
2.370518e-01
0
0
0
6.442295e-03
8.132036e-02
0
0
4.924972e-02
0
0
0
1.252932e-02
0
0
0
1.661049e-01
0
0
5.363502e-01
2.937769e-01
5.262773e-01
0
2.167183e-01
0
5.144201e-01
4.092847e-02
1.212759e-01
0
0
0
1.289406e-01
0
0
0
0
0
0
0
2.181518e-01
7.959536e-02
3.292124e-01
4.555124e-01
0
0
0
0
5.287396e-01
3.891158e-01
1.344113e-01
1.794134e-01
1
8.668184e-01
1.908434e-01
0
3.977897e-02
0
0
1.319907e-01
2.914643e-01
2.059951e-01
4.760330e-01
3.305528e-01
0
1.839484e-01
0
0
0
3.394440e-02
0
2.017987e-01
0
4.664985e-02
0
0
0
2.446565e-03
4.367111e-02
0
0
0
7.685600e-01
2.714924e-01
6.197719e-01
6.581385e-01
0
0
0
0
0
0
0
0
2.928951e-02
0
4.517771e-02
3.463992e-01
0
3.200911e-04
0
0
5.924309e-01
2.644683e-01
6.657628e-02
2.047164e-02
2.589346e-01
1.072711e-01
0
1.952316e-01
2.266601e-01
4.798476e-01
0
0
1.133501e-01
0
0
0
0
5.549425e-01
0
0
0
1.510046e-01
0
4.668089e-01
0
0
0
0
0
0
0
0
0
0
4.081601e-01
3.637717e-01
5.299633e-01
1.370731e-01
2.824482e-01
0
5.812336e-01
1.911619e-01
1.134622e-02
0
0
0
2.552862e-02
0
0
0
0
0
0
0
1.388133e-01
1.107013e-01
3.095102e-01
6.494051e-01
0
0
0
0
5.223961e-01
4.587161e-01
3.162733e-01
4.057569e-01
8.668184e-01
1
2.071415e-01
0
1.143267e-01
6.656600e-02
0
2.009806e-01
5.229684e-01
4.118636e-01
6.598626e-01
5.205446e-01
1.568537e-01
4.819823e-01
1.313840e-01
1.363756e-01
0
4.116304e-02
0
1.117116e-01
6.699936e-02
2.400317e-01
0
0
0
0
0
1.916614e-01
0
0
6.000057e-01
1.515698e-01
4.526304e-01
5.901689e-01
0
0
0
0
0
0
0
0
5.197729e-02
0
0
1.160827e-01
0
0
0
0
3.494425e-01
2.940779e-01
0
7.980400e-02
8.740035e-02
0
0
1.570750e-01
2.030323e-01
3.341418e-01
0
0
2.725083e-01
0
0
0
0
3.143084e-01
0
0
0
0
0
2.903912e-01
7.803059e-02
0
0
0
0
0
0
0
0
0
2.225624e-01
0
3.587893e-02
0
1.695923e-01
0
2.216565e-01
3.590325e-01
2.049833e-01
0
0
0
0
3.623413e-02
1.891861e-01
1.338413e-01
0
0
0
0
2.671673e-01
1.682437e-01
1.005656e-01
1.471749e-01
0
0
0
0
3.167697e-01
3.550831e-02
0
0
1.908434e-01
2.071415e-01
1
5.443314e-01
3.257364e-01
2.649812e-01
6.422864e-01
3.828583e-01
2.291824e-01
3.255931e-01
2.867719e-01
2.388752e-01
1.769360e-01
1.516669e-01
6.690709e-02
1.409334e-01
0
0
0
0
2.735990e-01
1.298556e-01
0
0
0
0
0
0
0
0
3.025953e-01
0
1.420533e-01
1.179920e-02
0
9.818045e-02
2.578410e-01
1.019909e-01
2.637951e-01
9.673175e-02
0
0
5.015421e-01
2.668951e-01
5.089629e-01
2.643517e-01
4.011733e-02
0
3.908537e-01
1.169528e-01
1.298332e-01
0
0
1.873100e-01
0
0
0
3.433983e-01
1.910743e-01
4.439707e-01
0
0
4.277276e-02
0
0
1.368914e-01
0
5.108400e-01
0
6.224039e-02
0
7.501918e-02
2.040955e-01
4.724034e-02
2.135697e-01
0
0
2.193094e-02
0
0
0
0
3.181759e-03
0
0
0
2.503023e-01
0
0
0
0
0
6.905093e-02
0
0
6.445032e-02
0
9.740849e-02
0
2.821873e-01
0
4.391177e-03
0
0
0
1.654941e-01
3.121602e-01
9.284945e-02
1.881582e-01
0
0
0
0
0
0
0
0
0
5.443314e-01
1
3.755170e-01
4.582836e-01
5.501873e-01
1.960835e-01
0
0
0
0
0
0
0
9.406505e-02
1.731776e-01
1.425396e-01
0
0
3.145952e-01
1.459394e-01
1.626569e-01
0
1.260208e-01
0
0
0
0
1.916448e-01
8.477971e-02
7.604453e-03
2.620851e-01
2.366076e-01
1.937092e-01
1.901795e-01
4.048513e-02
0
1.758860e-01
2.918211e-01
8.494339e-02
9.506746e-02
2.765502e-01
2.599470e-01
1.854049e-01
1.083295e-01
0
8.175425e-02
2.657885e-01
1.874830e-01
7.803885e-02
3.211575e-02
1.787283e-01
2.006244e-01
1.772269e-01
1.696197e-01
0
1.944312e-01
9.211232e-02
6.766923e-02
0
0
0
0
9.969541e-02
6.225209e-02
1.292421e-01
3.002269e-01
1.496111e-01
3.053130e-01
0
0
1.713406e-01
0
5.024228e-02
4.122107e-03
0
0
4.281822e-02
0
0
0
0
0
0
0
7.653231e-02
0
0
0
0
0
0
4.926966e-02
3.884265e-03
0
6.041242e-02
2.728564e-01
1.285437e-02
2.734991e-01
0
0
2.015503e-01
0
0
0
6.577875e-02
1.901630e-01
1.136203e-02
0
6.807392e-02
4.234048e-01
1.196020e-01
2.513267e-01
0
0
3.977897e-02
1.143267e-01
3.257364e-01
3.755170e-01
1
5.756767e-01
6.728491e-01
1.079398e-01
1.225707e-01
1.980162e-01
1.700016e-01
1.829064e-01
0
6.917672e-02
0
5.906075e-02
0
0
0
0
3.815347e-01
3.446950e-01
0
0
0
0
0
0
0
1.477406e-01
0
0
4.697350e-02
1.060462e-01
0
0
0
7.101727e-02
0
0
1.826953e-03
0
6.606708e-01
5.952490e-01
5.887716e-02
0
1.320619e-01
0
7.636266e-01
6.886288e-01
0
0
4.439019e-01
6.672514e-01
5.931647e-02
1.481522e-01
0
1.426472e-02
0
0
0
0
3.286527e-02
0
0
0
0
1.718441e-02
0
8.733498e-02
0
0
0
0
7.835744e-02
0
0
0
0
0
0
0
0
0
0
0
8.338378e-02
0
0
1.007307e-02
0
0
0
1.180944e-01
0
2.606270e-01
0
3.072834e-01
0
6.886876e-02
0
0
0
0
0
1.413723e-02
1.482618e-01
3.074454e-01
2.064950e-01
0
0
9.260320e-02
0
2.853508e-02
0
0
0
6.656600e-02
2.649812e-01
4.582836e-01
5.756767e-01
1
5.293008e-01
5.052860e-01
0
3.089950e-02
0
6.075677e-02
0
9.721762e-02
1.270255e-01
2.034464e-01
4.162832e-03
1.687562e-01
0
0
3.881326e-01
3.981326e-01
0
0
1.536737e-01
1.749179e-01
0
0
0
1.090036e-01
0
0
0
1.168882e-01
0
0
0
0
0
0
0
0
1.913058e-01
1.425132e-01
0
1.079640e-02
0
2.309378e-01
4.061839e-01
3.583666e-01
0
1.855027e-01
1.168966e-01
4.466171e-01
9.748413e-02
1.346723e-01
0
0
0
0
0
3.762781e-02
0
0
7.103535e-02
0
4.871199e-02
0
0
0
0
0
3.011976e-01
0
3.762661e-01
1.170473e-01
0
0
0
0
0
0
0
0
1.024263e-01
0
0
0
1.364006e-01
0
0
1.397767e-01
0
0
0
1.927449e-02
1.093101e-01
2.779340e-01
1.617671e-01
3.490374e-01
0
1.788903e-02
2.316563e-02
1.353559e-01
2.165767e-01
0
1.526414e-01
1.268994e-02
0
0
8.797232e-02
2.197386e-01
1.472577e-01
0
0
0
0
0
6.422864e-01
5.501873e-01
6.728491e-01
5.293008e-01
1.000000e+00
4.227278e-01
0
1.562388e-01
2.460560e-02
4.383675e-04
4.485189e-03
2.741563e-02
0
6.465837e-02
0
0
0
0
2.885702e-01
1.638847e-01
3.106565e-02
0
0
0
0
0
0
6.953603e-02
0
0
0
0
1.019118e-01
0
2.999696e-01
4.281077e-01
4.158214e-01
2.856414e-01
2.849347e-01
6.752798e-02
5.976783e-01
5.140872e-01
3.543728e-01
7.043286e-02
1.556058e-01
8.208419e-02
6.392338e-01
3.687194e-01
0
0
0
4.481269e-01
0
3.977387e-02
0
2.321860e-01
1.008482e-01
2.219556e-02
0
0
0
0
2.021797e-01
2.539445e-02
5.389491e-02
1.525083e-01
0
0
0
0
4.545918e-02
0
1.234286e-01
0
0
3.833540e-02
0
0
0
0
0
0
3.501562e-01
0
2.016136e-01
0
1.202672e-01
0
0
0
9.949833e-02
0
0
0
9.589951e-02
0
3.139210e-02
1.813684e-01
0
0
0
0
2.850044e-01
2.288527e-01
1.960135e-01
2.570294e-01
0
0
0
0
8.239914e-02
0
0
0
1.319907e-01
2.009806e-01
3.828583e-01
1.960835e-01
1.079398e-01
5.052860e-01
4.227278e-01
1.000000e+00
3.492460e-02
1.000675e-01
1.009312e-01
6.684675e-02
5.614742e-03
2.209372e-01
3.598068e-02
8.730929e-02
0
1.446796e-01
0
0
6.811063e-02
1.113103e-01
1.228462e-02
0
0
0
0
0
0
0
3.320067e-01
5.814721e-03
1.194892e-01
1.121192e-01
0
8.192971e-02
7.538539e-02
2.149821e-01
1.385969e-01
1.514542e-01
1.715154e-02
6.645245e-02
1.081389e-02
0
4.210827e-01
2.718236e-01
6.021612e-02
2.998308e-01
7.258706e-02
0
2.610828e-01
5.484112e-02
0
1.374670e-01
0
0
0
7.693090e-02
8.952904e-02
1.357857e-01
1.196617e-01
0
9.667906e-02
1.885892e-01
1.105350e-01
4.142036e-01
1.266290e-01
2.370901e-01
1.454317e-01
9.478730e-03
3.191559e-02
2.221256e-01
2.929773e-01
1.737775e-01
1.310068e-01
8.635840e-02
0
0
0
1.015961e-01
1.231392e-01
0
0
0
2.728974e-02
2.760788e-03
3.095786e-02
2.374541e-01
2.623984e-01
1.341741e-01
6.156714e-01
2.967931e-01
0
0
0
0
0
0
0
0
0
0
0
0
0
0
0
5.429903e-01
0
0
5.814870e-02
0
4.761509e-01
4.536082e-01
7.376212e-01
5.796539e-01
2.914643e-01
5.229684e-01
2.291824e-01
0
1.225707e-01
0
0
3.492460e-02
1
9.481397e-01
9.107140e-01
9.307481e-01
8.668616e-01
9.116838e-01
7.547130e-01
7.134430e-01
0
0
0
0
2.471534e-01
2.483788e-01
0
0
0
0
0
1.733046e-01
0
3.847251e-02
4.311030e-03
0
1.452756e-01
1.497608e-01
0
0
0
0
0
0
0
0
2.535971e-01
0
0
0
8.965174e-02
0
0
0
0
0
0
0
0
0
0
8.275322e-02
0
1.632552e-01
8.561685e-02
1.055497e-01
4.928768e-01
0
1.173982e-01
4.977839e-01
0
0
0
0
0
0
0
0
1.156582e-01
0
0
1.140270e-01
0
0
0
0
0
0
0
0
8.320865e-02
1.015524e-01
2.469302e-01
8.783757e-02
5.362085e-01
1.833551e-01
0
0
0
0
0
0
0
0
0
0
0
0
0
0
0
5.868962e-01
0
0
2.187303e-02
0
3.924982e-01
3.757169e-01
6.135483e-01
4.144050e-01
2.059951e-01
4.118636e-01
3.255931e-01
0
1.980162e-01
3.089950e-02
1.562388e-01
1.000675e-01
9.481397e-01
1
8.773593e-01
9.358463e-01
8.659729e-01
8.990145e-01
7.437597e-01
7.470315e-01
0
0
0
0
3.256053e-01
3.043453e-01
0
0
0
0
0
8.603793e-02
0
1.145200e-01
0
0
2.265237e-01
2.037884e-01
0
0
0
0
4.494257e-02
0
0
0
2.958646e-01
0
0
0
1.018127e-01
0
3.875873e-02
0
0
0
0
0
0
0
0
5.617471e-02
0
1.612571e-01
0
3.194274e-02
4.454123e-01
7.281467e-03
1.750418e-01
5.114581e-01
0
5.557572e-03
0
4.522408e-02
0
0
1.069398e-02
0
1.325684e-01
0
0
6.924503e-02
0
0
0
0
0
0
1.017410e-01
1.673882e-02
2.690344e-01
1.182720e-01
2.695294e-01
0
6.835440e-01
1.952597e-01
0
0
0
0
0
0
0
0
0
0
0
0
0
6.377298e-03
0
7.120493e-01
0
0
0
0
4.942680e-01
5.512682e-01
7.079246e-01
5.838353e-01
4.760330e-01
6.598626e-01
2.867719e-01
0
1.700016e-01
0
2.460560e-02
1.009312e-01
9.107140e-01
8.773593e-01
1
9.476560e-01
6.532623e-01
7.774551e-01
5.769326e-01
5.669670e-01
0
0
0
0
1.270039e-01
9.002944e-02
0
0
0
0
0
1.608075e-01
0
1.280231e-01
2.396175e-01
0
3.916784e-01
4.268474e-01
0
0
0
0
0
0
0
0
1.874492e-01
0
0
7.587694e-02
0
0
0
0
0
0
0
0
0
0
0
1.863268e-01
3.193763e-02
2.458974e-01
3.529907e-03
9.738021e-02
3.543161e-01
0
0
4.032251e-01
0
2.374236e-01
0
1.610504e-01
0
0
0
8.061753e-02
4.864100e-02
0
0
0
0
0
0
0
0
0
0
0
1.899503e-01
9.698480e-02
1.518293e-01
6.867295e-02
5.630910e-01
8.321275e-02
0
0
0
0
0
0
0
0
0
0
0
0
0
2.787026e-02
0
7.161273e-01
0
0
0
0
4.138786e-01
5.166272e-01
6.576825e-01
5.452948e-01
3.305528e-01
5.205446e-01
2.388752e-01
0
1.829064e-01
6.075677e-02
4.383675e-04
6.684675e-02
9.307481e-01
9.358463e-01
9.476560e-01
1.000000e+00
7.488904e-01
8.408635e-01
6.966390e-01
7.358522e-01
0
0
0
0
1.910492e-01
1.943837e-01
0
0
0
0
0
1.370452e-01
0
1.839295e-01
4.408711e-02
0
3.296859e-01
3.972020e-01
0
0
0
0
0
0
0
0
1.953323e-01
0
0
7.465866e-02
5.224057e-02
0
1.739377e-02
0
0
0
0
0
0
0
0
1.133831e-02
0
1.318149e-01
0
1.285460e-01
3.463960e-01
0
0
4.728449e-01
0
8.019000e-02
0
1.643517e-01
0
0
7.958377e-02
4.454950e-02
8.550477e-02
0
0
9.108005e-05
0
0
0
0
0
0
0
0
0
2.858265e-01
1.697384e-01
2.160423e-01
3.615672e-01
2.851475e-01
0
0
0
0
0
0
1.489422e-01
0
0
1.678050e-02
0
0
0
1.930936e-02
0
2.895707e-01
0
0
1.435371e-01
0
1.999711e-01
1.216204e-01
6.121152e-01
4.225433e-01
0
1.568537e-01
1.769360e-01
0
0
0
4.485189e-03
5.614742e-03
8.668616e-01
8.659729e-01
6.532623e-01
7.488904e-01
1
8.724455e-01
8.712299e-01
8.111685e-01
0
0
0
0
3.653087e-01
2.956499e-01
0
0
0
0
0
7.274338e-02
0
8.105481e-02
0
0
0
0
2.371614e-01
1.020852e-01
0
0
1.424113e-01
0
5.866640e-02
6.091922e-02
1.052795e-01
0
0
0
2.533207e-01
0
0
0
0
0
0
0
0
0
0
4.798687e-03
0
9.003830e-02
1.972276e-01
1.592221e-01
5.206139e-01
3.176727e-01
5.020151e-01
6.435730e-01
0
0
0
0
0
0
3.279865e-02
0
1.161952e-01
0
0
3.210037e-01
0
1.249323e-02
0
0
0
0
0
0
8.969466e-02
2.207532e-01
2.276079e-01
1.218331e-01
4.585509e-01
1.663668e-01
0
0
0
0
0
0
0
0
0
0
0
0
2.704024e-04
9.153589e-02
0
5.792884e-01
0
0
0
0
3.247549e-01
2.518245e-01
6.258726e-01
4.787175e-01
1.839484e-01
4.819823e-01
1.516669e-01
0
6.917672e-02
9.721762e-02
2.741563e-02
2.209372e-01
9.116838e-01
8.990145e-01
7.774551e-01
8.408635e-01
8.724455e-01
1
8.045150e-01
7.668984e-01
0
0
0
0
3.810843e-01
4.332128e-01
0
0
0
0
0
9.467320e-02
0
0
0
0
1.345165e-01
1.594168e-01
0
0
0
0
0
0
0
0
1.274682e-01
0
0
0
3.909839e-02
0
0
0
0
0
0
0
0
0
0
1.779499e-03
2.301085e-02
7.938256e-02
1.986740e-01
4.081922e-02
6.396235e-01
1.555413e-01
2.591660e-01
5.628501e-01
0
0
0
0
0
0
0
0
1.879943e-01
0
0
1.339144e-02
0
0
0
0
0
0
0
0
0
1.722312e-01
1.064706e-02
1.925710e-01
1.528577e-01
1.034291e-01
0
0
0
0
0
0
5.070015e-02
0
0
8.885561e-02
1.128596e-02
0
0
2.000197e-02
0
3.907787e-01
0
1.106491e-02
3.555046e-02
0
2.747680e-02
1.608086e-01
6.385850e-01
6.060633e-01
0
1.313840e-01
6.690709e-02
0
0
1.270255e-01
0
3.598068e-02
7.547130e-01
7.437597e-01
5.769326e-01
6.966390e-01
8.712299e-01
8.045150e-01
1
8.761352e-01
1.438918e-02
0
0
0
4.958399e-01
3.531682e-01
0
0
0
0
0
5.752168e-02
0
1.970999e-01
0
0
0
0
1.918928e-01
1.940572e-02
0
0
9.621962e-02
0
3.556518e-03
0
0
0
0
0
1.210379e-01
0
0
0
0
0
0
0
0
0
0
0
0
0
9.381520e-02
6.209937e-02
4.662183e-01
2.508974e-01
4.228110e-01
5.652623e-01
0
0
0
0
0
0
0
0
1.089053e-01
0
0
1.440766e-01
0
0
0
0
0
0
0
0
0
1.584297e-01
0
1.326327e-01
5.585798e-02
3.717694e-02
0
0
0
0
0
0
2.666156e-01
0
0
0
0
0
0
6.378904e-02
1.289160e-01
4.842238e-01
0
0
0
0
9.485286e-02
9.283891e-02
4.662682e-01
3.909346e-01
0
1.363756e-01
1.409334e-01
9.406505e-02
5.906075e-02
2.034464e-01
6.465837e-02
8.730929e-02
7.134430e-01
7.470315e-01
5.669670e-01
7.358522e-01
8.111685e-01
7.668984e-01
8.761352e-01
1
2.850731e-02
7.854694e-02
0
0
3.749995e-01
3.803861e-01
5.673546e-02
0
0
0
0
3.475078e-02
0
1.464941e-01
0
0
0
9.439676e-02
2.252468e-01
1.266901e-01
0
0
9.182451e-02
0
5.753270e-02
0
1.308450e-02
0
0
6.369688e-02
2.104243e-01
0
0
0
0
0
0
0
0
0
0
0
0
0
0
2.926770e-02
2.179803e-01
2.239011e-01
2.772935e-01
6.144822e-01
0
0
0
0
0
0
1.842533e-01
0
2.298853e-02
0
0
1.647017e-01
0
0
0
0
8.059104e-02
9.554752e-02
0
0
0
0
0
0
0
0
0
2.590571e-01
0
0
0
0
0
2.073926e-01
0
0
4.935505e-02
0
0
0
3.702795e-01
0
3.346282e-01
0
0
0
0
0
0
0
0
0
0
1.731776e-01
0
4.162832e-03
0
0
0
0
0
0
0
0
1.438918e-02
2.850731e-02
1
8.894076e-01
8.516665e-01
7.329687e-01
4.961248e-01
5.457897e-01
2.793486e-01
4.530242e-01
7.045810e-01
6.846970e-01
9.087983e-02
0
9.626884e-02
0
0
4.480881e-01
0
1.203249e-01
0
6.645967e-02
0
0
1.030401e-01
2.379693e-01
2.328251e-01
1.841883e-01
0
2.289486e-01
0
0
0
1.199239e-01
0
0
0
3.818034e-01
1.450711e-01
1.334699e-01
6.615991e-01
7.486608e-01
3.035068e-02
0
0
0
0
0
0
1.586548e-01
2.859298e-02
0
2.245063e-01
0
1.074469e-01
0
4.681291e-01
0
0
0
0
3.150235e-01
1.131407e-01
0
3.191061e-01
3.643882e-01
9.633134e-02
0
0
7.659926e-02
0
0
0
0
0
0
0
0
0
2.131017e-01
0
0
0
0
0
3.040112e-01
0
0
0
0
1.151614e-02
0
4.696330e-01
0
2.715991e-01
5.035058e-02
0
0
0
0
0
0
3.394440e-02
4.116304e-02
0
1.425396e-01
0
1.687562e-01
0
1.446796e-01
0
0
0
0
0
0
0
7.854694e-02
8.894076e-01
1
8.360290e-01
8.021512e-01
4.059951e-01
5.614890e-01
2.303161e-01
3.254504e-01
5.711152e-01
6.604642e-01
0
0
0
0
4.849256e-02
4.169309e-01
0
8.515378e-02
0
4.192540e-02
0
0
0
8.812024e-02
1.538391e-02
0
0
2.138993e-01
3.672571e-02
8.729622e-02
0
3.109987e-01
0
0
1.246279e-01
4.900318e-01
0
1.448208e-01
5.648891e-01
7.506476e-01
0
0
0
0
0
0
0
2.417124e-01
0
0
2.747910e-01
0
6.692076e-02
0
4.239821e-01
0
1.006356e-01
0
0
2.830475e-01
1.807066e-01
0
1.786832e-01
3.040966e-01
1.211659e-01
0
1.925299e-01
3.707845e-01
0
3.169550e-02
0
0
0
0
0
0
0
4.292414e-01
0
0
0
1.197178e-02
0
3.249825e-01
7.353761e-02
0
1.445090e-01
1.148860e-01
0
0
2.317815e-01
0
2.693221e-01
6.485598e-02
0
1.048219e-01
0
0
0
0
0
0
0
0
0
0
0
0
0
0
0
0
0
0
0
0
8.516665e-01
8.360290e-01
1
8.323244e-01
2.908771e-01
4.112830e-01
3.021161e-01
5.871635e-01
6.813066e-01
7.055935e-01
1.676592e-01
0
1.615873e-01
0
0
4.634696e-01
0
0
0
0
0
0
3.120241e-02
1.278399e-01
1.511464e-01
4.560890e-02
0
3.027414e-01
0
0
0
1.838564e-01
0
1.691417e-01
9.600371e-02
3.843939e-01
1.703996e-01
2.556075e-01
6.790543e-01
8.685991e-01
1.416698e-01
0
0
0
0
0
0
1.733335e-01
0
0
4.623412e-01
0
1.201356e-01
0
5.537367e-01
4.124225e-02
0
0
0
3.787703e-01
2.543367e-01
0
3.610458e-01
5.591568e-01
3.185307e-01
1.182623e-01
0
1.399640e-01
4.409944e-02
0
0
0
0
0
0
0
8.288895e-02
2.286179e-01
0
0
0
0
0
4.674031e-01
0
0
0
6.759618e-02
6.523269e-03
0
2.992427e-01
0
4.445204e-02
8.646063e-02
0
0
0
0
0
0
2.017987e-01
1.117116e-01
0
0
0
0
0
0
0
0
0
0
0
0
0
0
7.329687e-01
8.021512e-01
8.323244e-01
1
1.438293e-01
3.255016e-01
1.264316e-01
4.397896e-01
4.954625e-01
6.227391e-01
2.366725e-01
0
0
0
2.468589e-01
4.099793e-01
0
0
0
0
0
0
0
2.827856e-02
9.411934e-02
0
0
3.024492e-01
4.885616e-02
8.010760e-02
0
0
0
0
2.705502e-01
2.498564e-01
1.814787e-01
7.647476e-02
5.832296e-01
7.652413e-01
1.775155e-01
0
0
0
0
0
0
0
0
0
3.299079e-01
0
0
0
4.263575e-01
4.682807e-02
0
0
0
0
9.209221e-03
0
2.331419e-01
3.214599e-01
0
8.202877e-02
0
0
0
0
0
0
0
0
0
0
0
3.071453e-02
0
0
0
0
0
0
0
0
3.792830e-02
0
0
0
0
1.338122e-01
2.236896e-02
0
0
6.988441e-02
0
0
0
5.860360e-02
0
6.699936e-02
2.735990e-01
3.145952e-01
3.815347e-01
3.881326e-01
2.885702e-01
6.811063e-02
2.471534e-01
3.256053e-01
1.270039e-01
1.910492e-01
3.653087e-01
3.810843e-01
4.958399e-01
3.749995e-01
4.961248e-01
4.059951e-01
2.908771e-01
1.438293e-01
1.000000e+00
8.350910e-01
0
1.059501e-01
3.071968e-01
2.861424e-01
0
0
2.813574e-02
5.863010e-02
0
0
0
5.792608e-02
1.822495e-03
0
0
0
7.637697e-02
0
8.352527e-02
0
1.465479e-01
2.609054e-01
0
0
2.795823e-02
3.158555e-02
7.239694e-02
3.009052e-01
0
1.196293e-01
1.438044e-01
5.169062e-01
2.160771e-01
3.394736e-01
0
0
0
0
5.986761e-02
0
5.062806e-01
9.836052e-03
3.789886e-01
7.623292e-02
0
0
0
0
2.541261e-03
0
0
0
2.910576e-01
3.726670e-01
3.519844e-02
0
0
1.205633e-01
0
0
0
0
0
0
0
0
0
0
0
0
0
2.968308e-02
0
5.487260e-03
0
0
0
0
0
0
0
0
0
0
1.907570e-01
2.617121e-01
1.998673e-01
0
0
0
0
0
0
0
4.664985e-02
2.400317e-01
1.298556e-01
1.459394e-01
3.446950e-01
3.981326e-01
1.638847e-01
1.113103e-01
2.483788e-01
3.043453e-01
9.002944e-02
1.943837e-01
2.956499e-01
4.332128e-01
3.531682e-01
3.803861e-01
5.457897e-01
5.614890e-01
4.112830e-01
3.255016e-01
8.350910e-01
1
6.353379e-03
7.136325e-02
4.002453e-01
4.942489e-01
0
0
0
0
0
0
0
1.464840e-01
0
0
0
0
0
0
8.508829e-02
0
2.069310e-01
3.928805e-01
0
0
0
8.158938e-02
0
1.765756e-01
0
2.450630e-01
1.868552e-01
5.126582e-01
3.451648e-01
4.912937e-01
0
0
0
0
0
0
3.688290e-01
2.837521e-02
1.916603e-01
0
0
0
0
0
8.478329e-02
0
9.861829e-02
0
2.852117e-01
3.180345e-01
3.969959e-02
0
0
1.902132e-01
0
0
7.064565e-01
4.529307e-01
0
0
0
0
0
1.039149e-01
0
0
0
3.552052e-01
0
2.206351e-01
0
0
6.670311e-01
3.642345e-01
4.237185e-01
5.365827e-01
0
0
0
0
0
0
2.119353e-01
3.688725e-02
2.615036e-01
2.025249e-01
0
0
0
0
0
0
0
1.626569e-01
0
0
3.106565e-02
1.228462e-02
0
0
0
0
0
0
0
5.673546e-02
2.793486e-01
2.303161e-01
3.021161e-01
1.264316e-01
0
6.353379e-03
1
6.364187e-01
4.644083e-01
1.981801e-01
1.397626e-01
0
3.688766e-01
1.424855e-01
0
0
0
0
7.562312e-01
6.853363e-01
1.973842e-01
2.308975e-01
5.401199e-01
7.281716e-01
4.787977e-01
4.772894e-01
0
1.317844e-01
4.070330e-01
1.188880e-02
5.014089e-01
4.616366e-02
6.316432e-02
5.306658e-03
0
0
1.013416e-01
0
0
1.291263e-01
2.173780e-01
0
0
0
0
1.108763e-01
0
4.992964e-01
4.954258e-01
2.605568e-01
4.759910e-01
0
4.798345e-01
0
1.194339e-01
1.132824e-01
5.189846e-01
0
0
2.930142e-01
3.765431e-01
4.588997e-01
3.470404e-01
2.436955e-01
4.573680e-01
1.321721e-01
6.499345e-01
6.487842e-01
0
0
0
0
0
0
0
0
0
5.201544e-01
0
0
0
0
1.933406e-01
4.474878e-01
4.374133e-01
2.570752e-01
8.638784e-02
1.845204e-01
0
0
0
0
2.822892e-01
2.668516e-01
2.337035e-01
3.620471e-01
0
0
0
0
0
0
0
0
0
0
0
0
0
0
0
0
0
0
0
0
4.530242e-01
3.254504e-01
5.871635e-01
4.397896e-01
1.059501e-01
7.136325e-02
6.364187e-01
1
7.124715e-01
5.008947e-01
5.608228e-01
0
6.234350e-01
2.034677e-01
0
8.681461e-03
0
0
3.932845e-01
1.368282e-01
0
0
1.774060e-01
4.423502e-01
4.409875e-01
2.421836e-01
0
1.028211e-01
0
0
3.259159e-01
0
0
1.411302e-01
0
0
3.399503e-01
9.654467e-02
3.243554e-01
4.248538e-01
2.351313e-01
0
0
0
0
1.380700e-01
0
3.078114e-01
4.356251e-01
1.052301e-02
5.119577e-01
0
3.727302e-01
0
4.608278e-01
1.808992e-01
1.208930e-01
0
0
2.937441e-01
3.006836e-01
2.528241e-01
2.767282e-01
4.202952e-01
3.522614e-01
4.016452e-01
4.290959e-01
1.606043e-01
0
0
0
0
0
0
0
0
0
4.006663e-01
0
0
0
0
0
3.694383e-01
0
0
5.859811e-02
0
0
0
4.573921e-02
0
3.813109e-01
0
0
4.265736e-02
0
0
0
0
0
0
0
1.260208e-01
0
1.536737e-01
0
0
0
0
0
0
0
0
0
0
7.045810e-01
5.711152e-01
6.813066e-01
4.954625e-01
3.071968e-01
4.002453e-01
4.644083e-01
7.124715e-01
1
8.205576e-01
5.120163e-01
0
4.057886e-01
2.731347e-02
0
2.348389e-01
4.492496e-02
1.922401e-01
1.206345e-01
1.421434e-02
0
0
4.570145e-02
2.826478e-01
2.384273e-01
1.480102e-01
0
5.273534e-02
4.206288e-02
0
3.847830e-02
1.246711e-01
0
5.423884e-02
8.513383e-02
1.630761e-01
4.371758e-01
1.975539e-01
7.239102e-01
6.709844e-01
7.099078e-02
0
0
0
0
3.059802e-02
0
2.554019e-01
1.839269e-01
0
4.384285e-01
0
2.287236e-01
0
5.062522e-01
2.229654e-01
3.033767e-01
0
8.562532e-02
4.599572e-01
3.581500e-01
0
2.123473e-01
3.537309e-01
3.850959e-01
2.104869e-01
1.677831e-01
3.922446e-02
0
2.208855e-01
0
0
0
0
0
0
0
5.346580e-01
0
1.179901e-01
0
0
0
1.419980e-01
0
0
2.297086e-02
0
0
0
4.293553e-02
0
2.690307e-01
8.969630e-02
0
0
0
0
0
0
2.446565e-03
0
0
0
0
1.749179e-01
0
0
0
0
0
0
0
0
0
0
6.846970e-01
6.604642e-01
7.055935e-01
6.227391e-01
2.861424e-01
4.942489e-01
1.981801e-01
5.008947e-01
8.205576e-01
1
4.677361e-01
0
3.021092e-01
0
0
2.094851e-01
0
2.455568e-01
0
0
0
0
0
0
0
0
0
6.377029e-02
0
0
0
8.782324e-03
0
3.816501e-02
7.686062e-02
2.724669e-01
4.702727e-01
1.407450e-01
7.043836e-01
7.038387e-01
0
0
0
0
0
2.049568e-01
0
1.407132e-01
0
0
2.969755e-01
0
4.305608e-02
0
4.496629e-01
1.744201e-02
2.546294e-01
0
2.260624e-01
3.147949e-01
2.556676e-01
0
1.281972e-01
1.630278e-01
2.140584e-01
2.563256e-01
3.197861e-01
1.556354e-01
0
0
0
0
0
0
0
0
0
1.438282e-01
2.188783e-01
0
0
0
0
1.488810e-01
0
0
0
0
0
0
0
0
0
3.194711e-02
1.648091e-01
6.443506e-02
0
0
1.428403e-02
2.402705e-01
4.367111e-02
0
0
0
0
0
0
0
0
0
0
0
0
0
0
0
9.087983e-02
0
1.676592e-01
2.366725e-01
0
0
1.397626e-01
5.608228e-01
5.120163e-01
4.677361e-01
1
0
5.706148e-01
7.894835e-02
1.048356e-02
0
1.139949e-01
1.534373e-01
1.390459e-03
0
0
0
0
9.835833e-03
1.047351e-01
5.142676e-02
0
0
0
0
1.563044e-01
0
0
0
1.976334e-02
0
4.852266e-01
0
2.602091e-01
6.329366e-02
7.784642e-02
4.675309e-02
0
0
9.809745e-02
3.791220e-01
0
1.426588e-01
1.358608e-01
1.022729e-01
6.561975e-02
0
0
8.416902e-02
4.304054e-01
2.488194e-01
1.196533e-01
4.228913e-02
0
0
5.450179e-02
1.847599e-01
1.059962e-01
2.657865e-01
1.405590e-01
4.305850e-01
0
0
0
3.688613e-01
4.631524e-02
5.671246e-01
8.155141e-02
6.883425e-01
2.288818e-01
4.980873e-01
0
1.920539e-01
1.620668e-01
4.724019e-01
1.497183e-01
2.950259e-01
0
0
7.250417e-02
1.887919e-01
0
0
1.291310e-01
2.234018e-01
0
2.023266e-01
1.691999e-01
3.090809e-01
0
0
1.305601e-01
2.064690e-01
7.395451e-02
1.211891e-01
0
1.916614e-01
0
0
0
0
0
0
1.733046e-01
8.603793e-02
1.608075e-01
1.370452e-01
7.274338e-02
9.467320e-02
5.752168e-02
3.475078e-02
0
0
0
0
0
0
0
0
0
0
0
1
0
2.423358e-01
1.902465e-03
1.656999e-01
0
0
0
0
1.182193e-01
1.429138e-01
5.814225e-02
0
1.443168e-01
1.580449e-01
1.875564e-01
1.345992e-01
0
0
0
0
0
0
0
2.111951e-02
7.104588e-02
0
0
0
3.655454e-02
0
1.932097e-01
0
0
9.932292e-02
0
0
0
0
0
0
0
0
0
0
2.043688e-02
0
1.745876e-01
0
0
0
0
0
0
0
5.061833e-01
2.564777e-01
0
0
0
0
0
1.094466e-01
0
0
0
5.634762e-01
1.011191e-02
1.631604e-01
0
0
1.124404e-01
1.214845e-01
2.914116e-01
3.224462e-01
5.825768e-02
0
0
0
0
0
8.121594e-02
3.153068e-01
3.763697e-01
4.616566e-01
0
0
0
1.378669e-01
0
0
0
0
0
0
0
0
0
0
0
0
0
0
0
0
9.626884e-02
0
1.615873e-01
0
2.813574e-02
0
3.688766e-01
6.234350e-01
4.057886e-01
3.021092e-01
5.706148e-01
0
1
6.039743e-01
0
0
0
0
4.591583e-01
5.887867e-02
0
0
0
1.761524e-01
1.427558e-02
7.673708e-02
0
0
0
0
4.467047e-01
0
4.707542e-02
2.034753e-01
0
0
4.769524e-01
4.343190e-02
1.514257e-01
5.989325e-02
0
0
0
0
1.542795e-01
5.029274e-01
0
3.192315e-01
2.556158e-01
0
1.301307e-01
0
2.222666e-01
1.308836e-01
3.425147e-01
3.390799e-01
1.748203e-01
8.454737e-03
0
3.727232e-01
4.554073e-01
3.111276e-01
3.936500e-02
1.273665e-01
4.597974e-01
6.477317e-01
2.831960e-01
2.559487e-02
0
0
0
0
0
4.790773e-01
0
0
0
4.758307e-01
1.072481e-01
5.041562e-01
0
1.690544e-01
0
0
2.370786e-01
4.374549e-01
1.709034e-01
0
0
0
0
1.205254e-01
2.607115e-01
3.761800e-01
2.242651e-01
3.212833e-01
0
5.044631e-02
1.573690e-01
1.312303e-01
0
0
0
1.916448e-01
1.477406e-01
1.090036e-01
6.953603e-02
0
3.847251e-02
1.145200e-01
1.280231e-01
1.839295e-01
8.105481e-02
0
1.970999e-01
1.464941e-01
0
0
0
0
5.863010e-02
0
1.424855e-01
2.034677e-01
2.731347e-02
0
7.894835e-02
2.423358e-01
6.039743e-01
1
0
0
0
0
4.415960e-01
5.463916e-02
0
0
1.209512e-01
1.960650e-01
1.647105e-01
1.794608e-01
3.186641e-02
6.587919e-02
0
0
1.549631e-01
0
2.429682e-01
2.930278e-01
0
0
3.879636e-01
1.482544e-01
0
0
0
0
0
0
0
2.288253e-01
0
0
1.210843e-01
0
0
0
1.232073e-01
3.107956e-01
0
0
1.309953e-01
0
0
1.533866e-02
0
1.841953e-02
0
0
0
1.824057e-01
0
0
6.759818e-01
1.287646e-01
5.882386e-01
0
4.215900e-01
0
3.803731e-01
3.704590e-02
3.115958e-01
0
9.849568e-03
0
1.920835e-01
0
0
3.391113e-02
0
0
0
0
5.228562e-01
3.572877e-01
4.355531e-01
2.702008e-01
0
0
0
0
3.863936e-01
1.019072e-01
0
0
7.685600e-01
6.000057e-01
3.025953e-01
8.477971e-02
0
0
0
3.320067e-01
4.311030e-03
0
2.396175e-01
4.408711e-02
0
0
0
0
0
4.849256e-02
0
2.468589e-01
0
0
0
0
0
0
1.048356e-02
1.902465e-03
0
0
1
5.401142e-01
6.367171e-01
5.353584e-01
0
0
2.482674e-01
1.939801e-02
0
0
0
1.528514e-01
0
0
1.553387e-01
2.314522e-01
0
0
0
0
6.944885e-01
2.467497e-01
0
0
2.574389e-01
8.546332e-02
5.206805e-02
5.072191e-01
4.586382e-01
6.426577e-01
0
0
0
0
0
1.427038e-02
0
7.771014e-01
0
9.798955e-02
9.178052e-02
3.072491e-01
0
2.711350e-01
0
0
0
0
9.514969e-02
0
0
0
0
6.033497e-02
2.217018e-01
2.852924e-01
5.560924e-01
5.291436e-02
5.118691e-02
0
0
0
2.507558e-02
0
0
3.402204e-02
6.875063e-02
1.350489e-01
0
0
0
0
1.210288e-01
1.705721e-01
3.589987e-01
3.658274e-01
6.092458e-01
6.356122e-02
5.398143e-01
1.450408e-01
0
0
0
0
0
0
2.714924e-01
1.515698e-01
0
7.604453e-03
0
0
0
5.814721e-03
0
0
0
0
0
0
0
0
4.480881e-01
4.169309e-01
4.634696e-01
4.099793e-01
0
0
0
8.681461e-03
2.348389e-01
2.094851e-01
0
1.656999e-01
0
0
5.401142e-01
1
2.921056e-01
2.993007e-01
0
1.018720e-01
3.340760e-01
1.242276e-01
7.390303e-02
5.953003e-02
9.912973e-02
2.672536e-01
0
2.645397e-02
0
0
0
3.656370e-01
0
0
4.934577e-01
6.500366e-01
0
4.411648e-02
6.415495e-01
5.140983e-01
2.564864e-01
5.147226e-02
3.385171e-01
1.743100e-01
0
0
0
0
0
0
3.179800e-01
2.601175e-01
8.720296e-02
2.680232e-02
4.486358e-01
1.590452e-01
0
1.540685e-01
0
1.644063e-01
5.723156e-02
0
2.925637e-01
2.345523e-01
1.414396e-01
0
0
0
2.388391e-01
7.519151e-02
6.680205e-01
0
3.210633e-01
0
3.394273e-01
0
0
0
0
0
0
0
0
0
0
0
0
0
2.959947e-02
1.898645e-01
3.178800e-01
4.294865e-01
6.853333e-02
0
0
0
1.845812e-01
2.418189e-01
1.320749e-01
5.858819e-02
6.197719e-01
4.526304e-01
1.420533e-01
2.620851e-01
4.697350e-02
0
0
1.194892e-01
1.452756e-01
2.265237e-01
3.916784e-01
3.296859e-01
0
1.345165e-01
0
0
0
0
0
0
0
0
0
0
4.492496e-02
0
1.139949e-01
0
0
0
6.367171e-01
2.921056e-01
1.000000e+00
8.627582e-01
0
0
3.198423e-03
0
0
0
0
0
0
0
4.146499e-02
1.341786e-01
0
7.206204e-02
0
0
4.917065e-01
1.605926e-01
1.109255e-01
0
3.171620e-01
0
0
3.685487e-01
1.911400e-01
5.050603e-01
2.405122e-02
0
2.556054e-01
0
0
1.248122e-01
0
6.556271e-01
0
6.272009e-01
1.379952e-03
2.101048e-01
0
3.201428e-01
0
0
0
0
0
0
0
0
0
0
4.930911e-02
1.853649e-01
6.671815e-01
0
2.678818e-02
0
1.922917e-01
0
0
0
0
0
0
0
0
0
0
0
0
0
0
9.732109e-02
3.845025e-01
6.278456e-01
2.080197e-01
0
0
0
8.431160e-02
2.540322e-01
1.738254e-02
1.747269e-01
6.581385e-01
5.901689e-01
1.179920e-02
2.366076e-01
1.060462e-01
1.168882e-01
0
1.121192e-01
1.497608e-01
2.037884e-01
4.268474e-01
3.972020e-01
0
1.594168e-01
0
9.439676e-02
1.203249e-01
8.515378e-02
0
0
5.792608e-02
1.464840e-01
0
0
1.922401e-01
2.455568e-01
1.534373e-01
0
0
0
5.353584e-01
2.993007e-01
8.627582e-01
1.000000e+00
0
0
0
0
0
0
0
0
0
0
0
1.683441e-01
0
7.275848e-02
0
0
4.675008e-01
3.331549e-01
2.782569e-01
6.641296e-02
4.684295e-01
1.073258e-01
0
5.359401e-02
9.741772e-04
1.692488e-01
0
0
6.469963e-02
0
0
0
0
4.003141e-01
0
4.181185e-01
3.723814e-02
6.218142e-02
4.346837e-02
2.616394e-01
3.261213e-02
0
0
0
0
0
0
0
6.497948e-01
3.374321e-01
0
0
0
2.421220e-02
0
3.130227e-01
0
0
0
2.271360e-01
1.013629e-01
2.906724e-01
0
0
6.338616e-01
1.497661e-01
4.936606e-01
7.298142e-01
0
2.767709e-02
0
3.764109e-02
0
0
4.044483e-02
4.749686e-02
4.792983e-01
2.305400e-01
0
0
5.129626e-03
0
0
0
0
1.937092e-01
0
0
1.019118e-01
0
0
0
0
0
2.371614e-01
0
1.918928e-01
2.252468e-01
0
0
0
0
1.822495e-03
0
7.562312e-01
3.932845e-01
1.206345e-01
0
1.390459e-03
0
4.591583e-01
4.415960e-01
0
0
0
0
1
7.603808e-01
9.698623e-02
2.290515e-01
3.794672e-01
5.960391e-01
3.579068e-01
3.947878e-01
1.502772e-02
0
3.170707e-01
8.333816e-02
6.654055e-01
0
2.013106e-01
0
0
0
0
0
0
0
2.625668e-01
0
0
0
3.099421e-01
2.087532e-01
2.686350e-02
3.952430e-01
6.361497e-01
4.901805e-01
3.033926e-01
0
6.092538e-01
2.370396e-01
0
1.045483e-01
4.242067e-01
0
0
2.750327e-01
3.993820e-01
6.822885e-01
2.308191e-01
9.763786e-03
3.441751e-01
1.468657e-01
4.636185e-01
2.241605e-01
0
0
0
3.122457e-01
0
2.653538e-01
0
7.652195e-02
1.410019e-01
0
0
2.332136e-01
0
0
5.380432e-01
4.814992e-02
4.240688e-01
6.509556e-01
0
1.034680e-01
2.733818e-01
4.690013e-01
0
0
1.556493e-01
0
1.438653e-01
0
0
0
0
0
0
0
9.818045e-02
1.901795e-01
0
0
0
8.192971e-02
0
0
0
0
1.020852e-01
0
1.940572e-02
1.266901e-01
6.645967e-02
4.192540e-02
0
0
0
0
6.853363e-01
1.368282e-01
1.421434e-02
0
0
0
5.887867e-02
5.463916e-02
0
1.018720e-01
0
0
7.603808e-01
1
3.628204e-01
3.763188e-01
4.480903e-01
6.240394e-01
3.868655e-01
5.619963e-01
0
0
3.876418e-01
1.390018e-01
2.786796e-01
2.169465e-01
0
0
0
0
0
0
0
0
4.468278e-01
1.423926e-01
3.661775e-01
1.043550e-01
2.976620e-01
0
0
4.220922e-01
3.341364e-01
4.439418e-01
3.600189e-01
0
5.977297e-01
1.900373e-01
1.309726e-01
1.985591e-01
3.700747e-01
0
0
2.815501e-01
4.403814e-01
4.007294e-01
4.297839e-01
1.181082e-01
3.762190e-01
0
2.252451e-01
1.680072e-01
3.016165e-01
0
2.901332e-02
9.229581e-02
4.253756e-01
1.943498e-02
0
1.819985e-01
1.650394e-01
0
3.026803e-01
0
2.853098e-01
2.080718e-01
2.879894e-01
1.954417e-01
3.529418e-01
3.375076e-01
1.175497e-01
4.146183e-01
3.712097e-01
1.745752e-01
7.742437e-02
0
5.549749e-02
0
3.245242e-01
6.903880e-02
6.657641e-02
0
0
0
0
0
2.578410e-01
4.048513e-02
0
0
2.999696e-01
7.538539e-02
0
0
0
0
0
0
0
0
0
0
0
0
0
0
1.973842e-01
0
0
0
0
1.182193e-01
0
0
2.482674e-01
3.340760e-01
3.198423e-03
0
9.698623e-02
3.628204e-01
1.000000e+00
7.408228e-01
5.836332e-01
4.143353e-01
5.919448e-01
3.597757e-01
2.696197e-01
1.917107e-01
3.628044e-01
0
0
3.070258e-02
1.298365e-01
4.671976e-02
2.288244e-01
0
0
0
0
0
4.399449e-01
5.476294e-01
3.583594e-01
3.186423e-01
0
0
0
0
0
0
2.868475e-01
4.049135e-01
6.958176e-02
2.562376e-01
0
1.787528e-01
0
1.128284e-01
0
0
0
9.174406e-02
2.374824e-01
1.234495e-01
0
0
2.383475e-01
4.156747e-01
3.759669e-01
0
0
1.894399e-01
3.767153e-01
2.228975e-01
0
2.185352e-01
1.123976e-01
0
3.876442e-01
1.788002e-01
5.094345e-01
4.077000e-01
3.366013e-01
1.255197e-01
5.064848e-01
4.766144e-01
2.109480e-01
5.914156e-01
5.657408e-01
3.719635e-01
1.874748e-01
0
1.225439e-01
0
4.344536e-01
9.231538e-02
2.933626e-01
2.815547e-02
0
0
0
0
1.019909e-01
0
7.101727e-02
0
4.281077e-01
2.149821e-01
0
0
0
0
0
0
0
0
0
0
0
0
0
0
2.308975e-01
0
0
0
0
1.429138e-01
0
0
1.939801e-02
1.242276e-01
0
0
2.290515e-01
3.763188e-01
7.408228e-01
1
5.281375e-01
3.949639e-01
4.655425e-01
3.933242e-01
3.607881e-01
3.224041e-01
2.920780e-01
7.708308e-03
4.291542e-02
1.298254e-01
2.694968e-01
7.011564e-02
0
0
0
0
0
0
3.958702e-01
2.714973e-01
4.360953e-01
1.602666e-01
0
0
0
0
1.211237e-03
5.317947e-02
3.751744e-01
1.440120e-01
2.350771e-01
8.751468e-03
0
0
0
0
0
0
0
1.715446e-01
3.643229e-02
1.046997e-01
0
0
4.150550e-01
2.838207e-01
0
0
0
0
1.543518e-01
9.606225e-02
0
1.000251e-02
0
0
0
1.202927e-01
0
1.304852e-01
3.370798e-01
1.489939e-02
3.579566e-01
5.238412e-01
4.132775e-02
2.792993e-01
2.738679e-01
1.135307e-01
8.256343e-02
0
1.922009e-01
0
2.538365e-01
9.824252e-02
0
0
0
0
0
0
2.637951e-01
1.758860e-01
0
0
4.158214e-01
1.385969e-01
0
4.494257e-02
0
0
1.424113e-01
0
9.621962e-02
9.182451e-02
1.030401e-01
0
3.120241e-02
0
7.637697e-02
0
5.401199e-01
1.774060e-01
4.570145e-02
0
0
5.814225e-02
0
1.209512e-01
0
7.390303e-02
0
0
3.794672e-01
4.480903e-01
5.836332e-01
5.281375e-01
1
7.716276e-01
7.367333e-01
6.545565e-01
1.996510e-01
2.500416e-01
2.320464e-01
0
1.932654e-02
6.917153e-02
7.076862e-02
3.489317e-02
0
1.414524e-02
0
2.106802e-02
0
0
1.507732e-02
7.222860e-02
0
2.925149e-02
0
0
0
1.525480e-01
4.326966e-01
2.239239e-01
4.335731e-02
4.995772e-05
1.895859e-01
1.047657e-02
0
0
1.365762e-02
0
0
2.371482e-02
0
1.127675e-01
2.673103e-01
2.499950e-01
6.044295e-02
0
5.849047e-01
4.058341e-01
0
0
0
0
0
0
0
0
5.774272e-02
4.339125e-02
6.184787e-03
4.202238e-02
0
0
3.741738e-01
3.099016e-01
5.115902e-01
5.117411e-01
0
2.376352e-01
2.541347e-01
1.518795e-01
8.193314e-03
0
1.124244e-01
0
2.070198e-01
2.287755e-02
0
0
0
0
0
0
9.673175e-02
2.918211e-01
0
0
2.856414e-01
1.514542e-01
0
0
0
0
0
0
0
0
2.379693e-01
8.812024e-02
1.278399e-01
2.827856e-02
0
0
7.281716e-01
4.423502e-01
2.826478e-01
0
9.835833e-03
0
1.761524e-01
1.960650e-01
0
5.953003e-02
0
0
5.960391e-01
6.240394e-01
4.143353e-01
3.949639e-01
7.716276e-01
1
6.417678e-01
8.372962e-01
0
4.920833e-02
3.495453e-01
0
2.077154e-01
2.011358e-02
0
0
0
0
0
0
0
2.059765e-03
2.271287e-01
1.115311e-01
1.767339e-02
0
0
0
0
3.162475e-01
4.703185e-01
3.416284e-01
3.161664e-01
1.263911e-02
4.730800e-01
2.808836e-03
3.294395e-02
1.725207e-01
2.688162e-01
0
0
0
1.740952e-02
2.856898e-01
3.762560e-01
1.948353e-01
1.894851e-01
2.130405e-02
3.798951e-01
3.400457e-01
0
0
0
0
1.747978e-01
6.766023e-02
0
0
0
8.288563e-03
0
0
0
0
2.450086e-01
1.052206e-01
3.045303e-01
3.618222e-01
1.256102e-01
3.948014e-01
4.410749e-02
0
4.676777e-02
0
2.806842e-01
0
2.329842e-01
0
0
0
0
0
0
0
0
8.494339e-02
1.826953e-03
0
2.849347e-01
1.715154e-02
0
0
0
0
5.866640e-02
0
3.556518e-03
5.753270e-02
2.328251e-01
1.538391e-02
1.511464e-01
9.411934e-02
8.352527e-02
8.508829e-02
4.787977e-01
4.409875e-01
2.384273e-01
0
1.047351e-01
1.443168e-01
1.427558e-02
1.647105e-01
0
9.912973e-02
0
0
3.579068e-01
3.868655e-01
5.919448e-01
4.655425e-01
7.367333e-01
6.417678e-01
1
6.189423e-01
2.496831e-01
3.055721e-01
1.701589e-02
0
0
0
0
0
0
0
0
0
0
3.051336e-02
3.692559e-01
3.476487e-01
0
0
0
0
0
0
4.052103e-01
3.139691e-01
1.821426e-01
0
1.573741e-01
4.802874e-02
5.913584e-02
0
0
0
0
0
0
9.919061e-02
2.372285e-01
3.038303e-01
0
0
4.574152e-01
3.267529e-01
2.475808e-03
0
2.065727e-02
2.589247e-02
1.873369e-01
1.395849e-01
0
0
0
0
6.034364e-02
1.241183e-01
0
0
0
0
3.871118e-01
4.534434e-01
0
1.884996e-01
4.435490e-01
3.940918e-01
8.560320e-02
0
2.119219e-01
0
1.847670e-02
0
0
0
0
0
0
0
0
9.506746e-02
0
0
6.752798e-02
6.645245e-02
0
0
0
0
6.091922e-02
0
0
0
1.841883e-01
0
4.560890e-02
0
0
0
4.772894e-01
2.421836e-01
1.480102e-01
0
5.142676e-02
1.580449e-01
7.673708e-02
1.794608e-01
1.528514e-01
2.672536e-01
0
0
3.947878e-01
5.619963e-01
3.597757e-01
3.933242e-01
6.545565e-01
8.372962e-01
6.189423e-01
1
0
0
2.328543e-02
0
0
0
0
0
0
0
0
0
0
0
3.525293e-01
2.254095e-01
2.896982e-01
9.631938e-02
0
0
0
2.184511e-01
3.465083e-01
3.374068e-01
2.426770e-01
3.978274e-02
4.543417e-01
2.180659e-02
1.488024e-01
1.045771e-01
7.671251e-02
0
7.910408e-02
0
0
7.494308e-03
4.556277e-01
2.411139e-01
1.213131e-01
0
0
0
6.403791e-02
0
0
0
2.867923e-01
1.808872e-01
2.504635e-01
2.482128e-01
0
0
1.653002e-01
8.832586e-02
1.648941e-01
2.820178e-01
5.442797e-02
0
0
0
0
0
1.414052e-01
0
4.482193e-04
0
0
0
1.484112e-01
4.084454e-02
3.654743e-01
2.425461e-01
5.451058e-02
0
2.928951e-02
5.197729e-02
5.015421e-01
2.765502e-01
6.606708e-01
1.913058e-01
5.976783e-01
1.081389e-02
2.535971e-01
2.958646e-01
1.874492e-01
1.953323e-01
1.052795e-01
1.274682e-01
0
1.308450e-02
0
0
0
0
1.465479e-01
2.069310e-01
0
0
0
0
0
1.875564e-01
0
3.186641e-02
0
0
0
0
1.502772e-02
0
2.696197e-01
3.607881e-01
1.996510e-01
0
2.496831e-01
0
1.000000e+00
6.854447e-01
1.229470e-01
0
0
0
5.889590e-01
2.801165e-01
0
0
2.710727e-01
3.295500e-01
0
0
1.056661e-01
2.978026e-01
5.736141e-02
8.121583e-02
0
0
8.467527e-02
0
6.956900e-02
0
4.177949e-02
1.755016e-01
0
4.998514e-03
0
0
0
0
3.084484e-01
0
0
3.485682e-02
0
0
0
0
0
7.096206e-03
0
0
4.698368e-03
0
0
7.777660e-02
0
5.730953e-02
0
1.577173e-01
0
1.333857e-01
0
2.996629e-01
6.295218e-02
2.865537e-01
0
0
6.207831e-02
9.085250e-02
3.652539e-02
0
3.287499e-01
2.673220e-03
2.289958e-01
0
0
2.464162e-01
0
0
0
0
0
0
2.668951e-01
2.599470e-01
5.952490e-01
1.425132e-01
5.140872e-01
0
0
0
0
0
0
0
0
0
2.289486e-01
2.138993e-01
3.027414e-01
3.024492e-01
2.609054e-01
3.928805e-01
1.317844e-01
1.028211e-01
5.273534e-02
6.377029e-02
0
1.345992e-01
0
6.587919e-02
0
2.645397e-02
0
0
0
0
1.917107e-01
3.224041e-01
2.500416e-01
4.920833e-02
3.055721e-01
0
6.854447e-01
1
9.148974e-02
0
0
0
4.325737e-01
5.731966e-01
0
1.988050e-04
4.050413e-01
6.127711e-01
2.069393e-01
4.873015e-01
3.864221e-02
0
0
0
0
0
0
0
0
0
2.233713e-01
0
0
0
0
0
0
0
0
0
0
0
0
0
0
0
5.499314e-02
0
2.684448e-01
0
0
0
0
0
0
0
2.364517e-01
0
0
0
4.220388e-02
0
6.473960e-01
6.493179e-01
5.853817e-03
0
0
0
2.126679e-01
0
0
0
0
0
2.462158e-01
1.943120e-01
1.173240e-01
0
0
0
4.517771e-02
0
5.089629e-01
1.854049e-01
5.887716e-02
0
3.543728e-01
4.210827e-01
0
0
0
0
0
0
0
0
0
3.672571e-02
0
4.885616e-02
0
0
4.070330e-01
0
4.206288e-02
0
0
0
0
0
1.553387e-01
0
4.146499e-02
0
3.170707e-01
3.876418e-01
3.628044e-01
2.920780e-01
2.320464e-01
3.495453e-01
1.701589e-02
2.328543e-02
1.229470e-01
9.148974e-02
1
6.594633e-01
5.861237e-01
2.302713e-01
3.554841e-01
6.464912e-02
3.005506e-01
0
0
0
0
2.615541e-02
3.243383e-02
1.255145e-01
1.812475e-02
2.493368e-01
3.897693e-02
0
0
2.227891e-01
6.392900e-02
2.200443e-01
2.302090e-01
3.574339e-01
2.939540e-02
1.963795e-02
0
4.704012e-01
4.640018e-01
3.922234e-01
0
1.362507e-01
2.663853e-01
4.780974e-01
5.562083e-02
1.397536e-01
3.604307e-01
2.200399e-02
0
0
3.498742e-01
0
0
4.049983e-02
0
0
5.278844e-02
5.715438e-03
4.783726e-01
0
0
0
1.801379e-01
0
4.106957e-01
5.422705e-01
0
0
0
0
1.451741e-01
1.452551e-01
2.169752e-02
0
0
0
4.443493e-03
5.862901e-02
4.286202e-01
1.206668e-01
0
0
3.463992e-01
1.160827e-01
2.643517e-01
1.083295e-01
0
1.079640e-02
7.043286e-02
2.718236e-01
0
0
7.587694e-02
7.465866e-02
0
0
0
6.369688e-02
0
8.729622e-02
0
8.010760e-02
0
0
1.188880e-02
0
0
0
0
0
0
0
2.314522e-01
0
1.341786e-01
1.683441e-01
8.333816e-02
1.390018e-01
0
7.708308e-03
0
0
0
0
0
0
6.594633e-01
1
4.634412e-01
1.903508e-01
2.168211e-01
0
4.877967e-01
0
0
0
0
0
0
2.978493e-02
1.704707e-01
1.949450e-01
1.664212e-01
1.831239e-01
0
9.989595e-02
0
1.051982e-01
1.029592e-01
2.907242e-01
0
0
0
2.729179e-01
4.663948e-01
3.973008e-01
0
0
1.882310e-01
3.286867e-01
0
0
8.564476e-02
2.089585e-01
2.702394e-01
1.709918e-01
0
0
0
0
0
1.409155e-02
0
0
1.294449e-02
1.826218e-01
2.326013e-02
0
0
0
7.593341e-01
5.012450e-01
2.539806e-01
2.374950e-01
0
2.557034e-02
0
0
0
0
0
0
6.329752e-01
5.636268e-01
0
0
4.002070e-02
0
0
0
4.011733e-02
0
1.320619e-01
0
1.556058e-01
6.021612e-02
8.965174e-02
1.018127e-01
0
5.224057e-02
2.533207e-01
3.909839e-02
1.210379e-01
2.104243e-01
0
0
0
0
2.795823e-02
0
5.014089e-01
3.259159e-01
3.847830e-02
0
1.563044e-01
0
4.467047e-01
1.549631e-01
0
0
0
0
6.654055e-01
2.786796e-01
0
4.291542e-02
1.932654e-02
2.077154e-01
0
0
0
0
5.861237e-01
4.634412e-01
1
0
4.839781e-01
1.880777e-01
0
0
2.970012e-02
0
0
0
0
0
0
0
2.086567e-01
4.596416e-01
0
4.247326e-01
4.587255e-01
3.497890e-01
8.028037e-02
0
1.200924e-01
0
0
2.235216e-01
4.693356e-01
1.410291e-01
0
1.307500e-01
3.909003e-01
8.375476e-01
0
4.737509e-02
3.269228e-01
3.432715e-01
3.034494e-02
8.039952e-02
1.540633e-01
1.601265e-01
1.851506e-01
9.563474e-02
0
0
0
0
0
1.732839e-02
0
1.925179e-01
5.625516e-03
2.873227e-01
3.941435e-02
1.077625e-01
4.970211e-02
2.607658e-02
3.334504e-01
1.953615e-01
3.129282e-01
3.731905e-01
3.594895e-01
1.303596e-02
2.659536e-01
0
0
0
0
0
0
0
3.200911e-04
0
0
8.175425e-02
0
2.309378e-01
8.208419e-02
2.998308e-01
0
0
0
0
0
0
0
0
1.199239e-01
3.109987e-01
1.838564e-01
0
3.158555e-02
8.158938e-02
4.616366e-02
0
1.246711e-01
8.782324e-03
0
0
0
0
0
3.656370e-01
7.206204e-02
7.275848e-02
0
2.169465e-01
3.070258e-02
1.298254e-01
6.917153e-02
2.011358e-02
0
0
0
0
2.302713e-01
1.903508e-01
0
1
0
9.572163e-02
3.825166e-01
7.033663e-01
0
1.429686e-01
1.945383e-01
2.320555e-01
3.661249e-02
0
2.565191e-01
1.321088e-01
7.592553e-02
0
5.414329e-02
4.016697e-01
0
0
1.702173e-01
0
1.335245e-01
0
2.156896e-01
2.313117e-01
5.811987e-05
3.076219e-01
0
4.101161e-01
4.758828e-01
0
0
2.463507e-01
4.420217e-01
2.559977e-02
9.747531e-02
4.069404e-02
0
0
0
0
0
9.375076e-02
2.463677e-02
6.974798e-02
7.648700e-02
2.027396e-01
3.012392e-01
1.645520e-01
4.040356e-01
4.161208e-01
3.653897e-01
3.577834e-01
1.170838e-01
1.506669e-01
2.757698e-02
0
0
0
0
0
0
0
4.917595e-01
7.035171e-01
1.818785e-01
2.944444e-01
0
0
0
0
3.908537e-01
2.657885e-01
7.636266e-01
4.061839e-01
6.392338e-01
7.258706e-02
0
3.875873e-02
0
1.739377e-02
0
0
0
0
0
0
0
0
7.239694e-02
0
6.316432e-02
0
0
0
0
0
4.707542e-02
2.429682e-01
0
0
0
0
2.013106e-01
0
1.298365e-01
2.694968e-01
7.076862e-02
0
0
0
5.889590e-01
4.325737e-01
3.554841e-01
2.168211e-01
4.839781e-01
0
1
6.913633e-01
0
0
3.535795e-01
4.310930e-01
0
0
0
0
0
0
0
7.258447e-02
0
0
8.554728e-02
0
1.096173e-01
7.804212e-02
0
6.505338e-02
0
0
1.254742e-01
0
9.797873e-02
0
0
3.358937e-01
0
0
0
0
1.720465e-02
5.360275e-02
0
0
0
0
0
6.233960e-02
0
0
0
4.907806e-01
0
3.054194e-01
1.444487e-01
5.363401e-01
1.482220e-01
2.936756e-01
4.885677e-02
1.147032e-01
3.766184e-01
5.155201e-02
0
0
0
0
1.937722e-01
1.766938e-01
2.180606e-01
7.481652e-01
0
6.829080e-02
0
0
0
0
1.169528e-01
1.874830e-01
6.886288e-01
3.583666e-01
3.687194e-01
0
0
0
0
0
0
0
0
0
0
0
1.691417e-01
0
3.009052e-01
1.765756e-01
5.306658e-03
1.411302e-01
5.423884e-02
3.816501e-02
0
0
2.034753e-01
2.930278e-01
0
0
0
0
0
0
4.671976e-02
7.011564e-02
3.489317e-02
0
0
0
2.801165e-01
5.731966e-01
6.464912e-02
0
1.880777e-01
9.572163e-02
6.913633e-01
1
0
1.201169e-01
5.039170e-01
7.744870e-01
2.294775e-01
3.604521e-01
0
0
0
0
0
0
0
0
0
0
1.156081e-01
0
0
1.090717e-03
0
0
0
7.823409e-02
0
2.859512e-01
6.915969e-02
0
0
0
4.430244e-02
0
0
0
6.297535e-01
2.730604e-01
3.453812e-01
0
2.174916e-01
0
1.348734e-01
0
4.762119e-01
0
9.137060e-02
0
3.587893e-01
0
0
3.505374e-01
0
0
0
7.348695e-03
2.954196e-01
2.119727e-01
2.673680e-01
0
0
0
0
0
2.709115e-01
1.008763e-01
0
0
5.924309e-01
3.494425e-01
1.298332e-01
7.803885e-02
0
0
0
2.610828e-01
0
0
0
0
0
0
0
0
0
1.246279e-01
9.600371e-02
2.705502e-01
0
0
0
0
8.513383e-02
7.686062e-02
1.976334e-02
0
0
0
6.944885e-01
4.934577e-01
4.917065e-01
4.675008e-01
0
0
2.288244e-01
0
0
0
0
0
0
0
3.005506e-01
4.877967e-01
0
3.825166e-01
0
0
1
4.191669e-01
0
0
4.385139e-01
2.745476e-01
1.010302e-01
2.971761e-01
3.318258e-01
4.606255e-01
4.207449e-02
0
0
0
0
0
1.809280e-01
5.949393e-01
0
1.558143e-01
1.625281e-01
5.077398e-01
0
5.039331e-01
0
0
7.152925e-02
0
1.395158e-02
0
8.680732e-02
1.583651e-01
0
0
1.479868e-01
4.425614e-01
4.762661e-01
7.703810e-02
0
0
0
0
0
1.004376e-01
0
1.855307e-01
0
2.958506e-01
0
0
0
0
3.448424e-01
9.596556e-02
2.778124e-01
2.537145e-01
5.943589e-01
2.626572e-01
3.884942e-01
9.948576e-02
0
0
0
0
0
0
2.644683e-01
2.940779e-01
0
3.211575e-02
0
1.855027e-01
0
5.484112e-02
0
0
0
0
0
0
0
0
3.818034e-01
4.900318e-01
3.843939e-01
2.498564e-01
1.196293e-01
2.450630e-01
0
0
1.630761e-01
2.724669e-01
0
2.111951e-02
0
0
2.467497e-01
6.500366e-01
1.605926e-01
3.331549e-01
0
0
0
0
1.414524e-02
0
0
0
0
1.988050e-04
0
0
0
7.033663e-01
0
1.201169e-01
4.191669e-01
1
0
2.780281e-01
5.126277e-01
5.131546e-01
0
0
1.252558e-01
5.765897e-02
0
0
0
8.238252e-02
0
0
0
0
0
0
2.091813e-01
0
0
1.191137e-01
0
1.505171e-01
7.232471e-02
0
0
9.187527e-02
7.154340e-02
0
8.529361e-02
0
0
0
0
0
0
0
0
0
0
3.941818e-01
0
3.030144e-02
0
0
0
2.193296e-01
0
0
0
0
0
0
0
6.566738e-02
1.979488e-01
1.008657e-01
0
3.446555e-01
0
0
0
0
6.657628e-02
0
0
1.787283e-01
4.439019e-01
1.168966e-01
0
0
0
0
0
0
0
0
0
0
1.450711e-01
0
1.703996e-01
1.814787e-01
1.438044e-01
1.868552e-01
1.013416e-01
3.399503e-01
4.371758e-01
4.702727e-01
4.852266e-01
7.104588e-02
4.769524e-01
3.879636e-01
0
0
1.109255e-01
2.782569e-01
0
0
0
0
0
0
0
0
2.710727e-01
4.050413e-01
0
0
2.970012e-02
0
3.535795e-01
5.039170e-01
0
0
1
4.522052e-01
5.247791e-01
3.956376e-01
0
0
0
0
0
1.300109e-01
0
0
0
0
9.204825e-02
1.543143e-02
0
1.486125e-01
0
5.946738e-02
2.101537e-01
1.495452e-02
0
1.471137e-01
0
0
0
0
0
1.428697e-01
0
0
0
0
1.844072e-01
0
0
0
0
0
0
1.605503e-01
0
1.536398e-01
0
3.198851e-01
0
1.343806e-01
0
0
2.071601e-01
0
0
0
1.159694e-01
2.388485e-01
3.577893e-01
0
0
3.066354e-01
0
0
0
0
2.047164e-02
7.980400e-02
1.873100e-01
2.006244e-01
6.672514e-01
4.466171e-01
4.481269e-01
1.374670e-01
0
0
0
0
0
0
0
0
1.334699e-01
1.448208e-01
2.556075e-01
7.647476e-02
5.169062e-01
5.126582e-01
0
9.654467e-02
1.975539e-01
1.407450e-01
0
0
4.343190e-02
1.482544e-01
0
4.411648e-02
0
6.641296e-02
0
0
0
0
2.106802e-02
0
0
0
3.295500e-01
6.127711e-01
0
0
0
1.429686e-01
4.310930e-01
7.744870e-01
0
2.780281e-01
4.522052e-01
1
4.424004e-01
5.439482e-01
0
0
0
0
0
0
1.035339e-01
0
0
0
1.319571e-01
0
0
0
0
0
0
0
0
4.010678e-01
4.112381e-02
0
0
1.334143e-02
9.083246e-02
0
0
0
0
1.208271e-01
3.137772e-01
0
0
0
0
0
0
2.728138e-01
0
0
0
0
0
2.423943e-01
0
0
5.129476e-02
0
0
0
3.422139e-01
1.663228e-02
4.467018e-01
0
0
0
0
0
0
0
2.589346e-01
8.740035e-02
0
1.772269e-01
5.931647e-02
9.748413e-02
0
0
0
0
0
0
0
0
0
0
6.615991e-01
5.648891e-01
6.790543e-01
5.832296e-01
2.160771e-01
3.451648e-01
0
3.243554e-01
7.239102e-01
7.043836e-01
2.602091e-01
0
1.514257e-01
0
2.574389e-01
6.415495e-01
3.171620e-01
4.684295e-01
0
0
0
0
0
0
0
0
0
2.069393e-01
0
0
0
1.945383e-01
0
2.294775e-01
4.385139e-01
5.126277e-01
5.247791e-01
4.424004e-01
1
8.601310e-01
5.404496e-03
0
0
0
0
0
0
0
0
0
3.341690e-01
4.840670e-02
0
0
4.200692e-01
2.576929e-01
0
9.982978e-02
0
3.919711e-01
1.861702e-01
0
1.167826e-01
1.701831e-01
2.329354e-01
1.123972e-01
0
7.695528e-02
0
2.597375e-02
7.627971e-02
0
0
0
0
0
0
3.768845e-01
0
3.849359e-02
0
1.254007e-01
0
3.835161e-01
0
0
1.027550e-01
0
0
0
3.493602e-01
0
3.591839e-01
0
0
7.352754e-02
0
0
0
0
1.072711e-01
0
0
1.696197e-01
1.481522e-01
1.346723e-01
3.977387e-02
0
0
0
0
0
0
0
0
0
7.486608e-01
7.506476e-01
8.685991e-01
7.652413e-01
3.394736e-01
4.912937e-01
1.291263e-01
4.248538e-01
6.709844e-01
7.038387e-01
6.329366e-02
0
5.989325e-02
0
8.546332e-02
5.140983e-01
0
1.073258e-01
0
0
0
0
0
2.059765e-03
3.051336e-02
0
0
4.873015e-01
2.615541e-02
0
0
2.320555e-01
0
3.604521e-01
2.745476e-01
5.131546e-01
3.956376e-01
5.439482e-01
8.601310e-01
1
7.589291e-02
0
0
0
0
0
0
0
0
0
4.655200e-01
0
0
0
3.327927e-01
1.257030e-01
0
0
0
3.623499e-01
1.590300e-01
0
1.724803e-01
3.086444e-01
2.296768e-01
3.928531e-02
3.048865e-01
3.734230e-01
1.183260e-01
5.084451e-02
0
2.372741e-01
2.507086e-01
2.177604e-01
0
2.445107e-01
1.817215e-01
1.159062e-01
2.403142e-01
1.391391e-01
1.124526e-01
1.376307e-01
8.115255e-02
1.031262e-01
3.536382e-01
2.583276e-01
1.875421e-01
3.446320e-01
3.472007e-01
2.345415e-01
1.975523e-02
0
8.463229e-02
0
1.384673e-01
0
4.365924e-02
0
0
0
0
0
0
0
0
0
0
0
0
0
0
0
0
0
0
0
3.035068e-02
0
1.416698e-01
1.775155e-01
0
0
2.173780e-01
2.351313e-01
7.099078e-02
0
7.784642e-02
3.655454e-02
0
0
5.206805e-02
2.564864e-01
0
0
2.625668e-01
4.468278e-01
4.399449e-01
3.958702e-01
1.507732e-02
2.271287e-01
3.692559e-01
3.525293e-01
1.056661e-01
3.864221e-02
3.243383e-02
0
0
3.661249e-02
0
0
1.010302e-01
0
0
0
5.404496e-03
7.589291e-02
1
4.968758e-01
5.815993e-01
1.472617e-01
3.004485e-01
0
7.698541e-02
0
1.366945e-01
0
5.760927e-01
0
3.904916e-01
4.236577e-02
2.129291e-01
1.392050e-01
0
0
0
0
1.863073e-01
2.323694e-01
4.870678e-01
2.908426e-01
1.116754e-01
0
0
0
4.205913e-01
0
1.730662e-01
2.943669e-02
7.026516e-01
0
4.449192e-01
3.313111e-01
3.381703e-01
0
3.872926e-01
0
1.008732e-01
0
0
5.622433e-02
1.283039e-02
0
0
2.327374e-01
3.140019e-01
2.046217e-01
3.352855e-02
0
0
0
1.169521e-01
0
3.665684e-01
6.948549e-02
2.231499e-01
0
1.952316e-01
1.570750e-01
3.433983e-01
1.944312e-01
1.426472e-02
0
2.321860e-01
7.693090e-02
8.275322e-02
5.617471e-02
1.863268e-01
1.133831e-02
4.798687e-03
1.779499e-03
0
0
0
0
0
0
0
0
0
0
0
0
4.675309e-02
0
0
0
5.072191e-01
5.147226e-02
3.685487e-01
5.359401e-02
0
1.423926e-01
5.476294e-01
2.714973e-01
7.222860e-02
1.115311e-01
3.476487e-01
2.254095e-01
2.978026e-01
0
1.255145e-01
2.978493e-02
0
0
0
0
2.971761e-01
0
0
0
0
0
4.968758e-01
1
5.509596e-01
5.827499e-01
1.581297e-01
0
1.544306e-01
0
0
2.804760e-01
0
5.836412e-01
0
4.078169e-01
0
1.350610e-01
0
0
0
0
0
1.769908e-01
1.906699e-01
0
0
0
0
0
4.712696e-01
2.383074e-01
3.014129e-01
4.694769e-01
4.597234e-01
2.768619e-01
4.107037e-01
4.744958e-01
2.936986e-01
0
1.724041e-01
1.649495e-01
3.371951e-01
2.332043e-01
0
0
1.225545e-01
1.274732e-01
9.560752e-03
2.414694e-01
6.848355e-01
7.552525e-01
2.550060e-01
3.657815e-02
1.238416e-02
0
0
0
4.957959e-01
1.012905e-01
1.026223e-01
0
2.266601e-01
2.030323e-01
1.910743e-01
9.211232e-02
0
0
1.008482e-01
8.952904e-02
0
0
3.193763e-02
0
0
2.301085e-02
0
0
0
0
0
0
0
0
0
0
0
0
0
1.932097e-01
0
0
4.586382e-01
3.385171e-01
1.911400e-01
9.741772e-04
0
3.661775e-01
3.583594e-01
4.360953e-01
0
1.767339e-02
0
2.896982e-01
5.736141e-02
0
1.812475e-02
1.704707e-01
0
2.565191e-01
0
0
3.318258e-01
1.252558e-01
0
0
0
0
5.815993e-01
5.509596e-01
1
5.852062e-01
3.001972e-01
0
1.707565e-01
0
0
0
1.777902e-01
3.539707e-01
2.044156e-01
1.669928e-01
0
1.603085e-01
0
0
4.915251e-02
0
0
0
1.517226e-01
0
0
0
0
0
7.052586e-01
2.462826e-01
3.806288e-01
1.719066e-01
6.771457e-01
0
6.716549e-01
3.315952e-01
5.143596e-01
0
2.634268e-01
0
3.563813e-01
0
0
0
0
0
0
2.755312e-02
6.179364e-01
5.437596e-01
1.384184e-01
8.346374e-03
0
0
0
0
5.902008e-01
3.604845e-01
1.969181e-01
0
4.798476e-01
3.341418e-01
4.439707e-01
6.766923e-02
0
0
2.219556e-02
1.357857e-01
1.632552e-01
1.612571e-01
2.458974e-01
1.318149e-01
9.003830e-02
7.938256e-02
0
0
0
0
0
0
0
0
0
0
0
0
0
0
0
0
6.426577e-01
1.743100e-01
5.050603e-01
1.692488e-01
0
1.043550e-01
3.186423e-01
1.602666e-01
2.925149e-02
0
0
9.631938e-02
8.121583e-02
0
2.493368e-01
1.949450e-01
0
1.321088e-01
0
0
4.606255e-01
5.765897e-02
0
0
0
0
1.472617e-01
5.827499e-01
5.852062e-01
1
2.473159e-01
0
2.320449e-01
0
0
1.018382e-01
0
7.753926e-01
0
3.106943e-01
0
2.860556e-01
0
3.629940e-01
4.171736e-02
0
0
9.017811e-02
2.939304e-01
9.104564e-03
0
0
1.982544e-01
1.800812e-02
1.208997e-02
1.940234e-01
0
1.534969e-01
1.139250e-01
1.447762e-01
2.453444e-01
7.958851e-02
3.028978e-01
0
1.125313e-01
1.864218e-02
0
0
0
0
7.867638e-02
1.957003e-01
0
0
0
2.300554e-01
0
0
0
0
3.128036e-02
0
3.577903e-02
0
1.106927e-01
6.037260e-02
0
0
0
0
0
0
0
1.196617e-01
8.561685e-02
0
3.529907e-03
0
1.972276e-01
1.986740e-01
9.381520e-02
0
0
0
0
0
5.986761e-02
0
0
0
0
0
9.809745e-02
0
1.542795e-01
0
0
0
2.405122e-02
0
3.099421e-01
2.976620e-01
0
0
0
0
0
0
0
0
3.897693e-02
1.664212e-01
2.086567e-01
7.592553e-02
0
0
4.207449e-02
0
0
0
0
0
3.004485e-01
1.581297e-01
3.001972e-01
2.473159e-01
1
4.446373e-01
6.319433e-01
3.568369e-01
4.020476e-01
2.876566e-01
1.907750e-01
0
5.192438e-01
2.548087e-01
4.034742e-01
4.783842e-01
1.839823e-01
2.097126e-01
4.407156e-01
4.120238e-01
5.492143e-01
3.084440e-01
4.713572e-01
1.829684e-01
4.320151e-01
3.860779e-01
2.022621e-01
0
0
2.023865e-01
0
2.412562e-01
0
2.417022e-01
1.390860e-01
7.296171e-02
1.341018e-01
3.472783e-01
1.447091e-01
1.582977e-01
9.874303e-03
0
1.964134e-01
0
1.153433e-01
9.802273e-02
0
0
0
0
0
0
0
3.148671e-01
2.378601e-01
2.521909e-01
0
1.160300e-01
0
2.324068e-01
0
0
0
0
0
3.762781e-02
0
0
1.055497e-01
3.194274e-02
9.738021e-02
1.285460e-01
1.592221e-01
4.081922e-02
6.209937e-02
2.926770e-02
0
0
0
0
0
0
1.108763e-01
1.380700e-01
3.059802e-02
2.049568e-01
3.791220e-01
9.932292e-02
5.029274e-01
2.288253e-01
0
0
0
0
2.087532e-01
0
0
0
0
0
0
0
0
0
0
1.831239e-01
4.596416e-01
0
7.258447e-02
0
0
0
1.300109e-01
0
0
0
0
0
0
0
4.446373e-01
1
0
4.561358e-01
1.838684e-01
0
0
0
3.029934e-02
0
1.983609e-01
3.786335e-01
5.183110e-01
2.857130e-01
1.394407e-01
1.570747e-01
4.937598e-01
3.354385e-01
0
0
3.778831e-01
7.298284e-01
0
0
0
9.953755e-02
6.823154e-02
0
2.841614e-01
0
3.605633e-01
3.610668e-02
0
0
0
0
0
0
0
0
0
0
6.265135e-02
0
0
3.725939e-02
0
9.498496e-02
0
0
0
0
1.187955e-01
6.932893e-02
4.444164e-01
2.908740e-01
1.133501e-01
2.725083e-01
4.277276e-02
0
3.286527e-02
0
0
9.667906e-02
4.928768e-01
4.454123e-01
3.543161e-01
3.463960e-01
5.206139e-01
6.396235e-01
4.662183e-01
2.179803e-01
0
0
0
0
5.062806e-01
3.688290e-01
0
0
0
0
0
0
0
0
0
0
2.556054e-01
6.469963e-02
2.686350e-02
0
0
0
0
0
0
0
8.467527e-02
0
0
0
0
5.414329e-02
0
0
0
0
0
1.035339e-01
0
0
7.698541e-02
1.544306e-01
1.707565e-01
2.320449e-01
6.319433e-01
0
1
1.108303e-01
4.240549e-01
3.352730e-01
0
0
1.099208e-01
2.212870e-01
1.929670e-01
4.207568e-02
0
5.790440e-02
3.178810e-01
3.222788e-01
1.368096e-01
7.569875e-02
1.922950e-01
3.293517e-01
8.078816e-02
0
3.383109e-01
2.621928e-01
0
0
0
1.853374e-01
0
0
0
0
0
0
0
0
0
0
2.985630e-01
0
2.056653e-01
2.229035e-01
0
0
4.413097e-02
6.067433e-02
0
0
2.853721e-02
7.248039e-02
7.028192e-02
0
0
0
0
3.207041e-02
0
0
0
0
0
0
0
1.885892e-01
0
7.281467e-03
0
0
3.176727e-01
1.555413e-01
2.508974e-01
2.239011e-01
1.586548e-01
2.417124e-01
1.733335e-01
0
9.836052e-03
2.837521e-02
4.992964e-01
3.078114e-01
2.554019e-01
1.407132e-01
1.426588e-01
0
3.192315e-01
0
0
0
0
0
3.952430e-01
4.220922e-01
0
0
1.525480e-01
3.162475e-01
0
2.184511e-01
0
0
2.227891e-01
9.989595e-02
4.247326e-01
4.016697e-01
0
0
0
8.238252e-02
0
0
0
0
0
0
0
0
3.568369e-01
4.561358e-01
1.108303e-01
1
4.799187e-01
3.777522e-01
3.832205e-02
0
3.622293e-01
0
5.348139e-01
3.386762e-01
3.452591e-01
2.236770e-01
0
3.968538e-01
5.802343e-01
3.576657e-01
2.225668e-01
4.908372e-01
6.498379e-01
4.665880e-01
5.268331e-01
4.122616e-01
0
0
0
0
3.941212e-02
8.336321e-02
0
0
0
0
1.049848e-02
2.676466e-02
0
0
2.827638e-01
0
3.029455e-01
4.412428e-01
0
4.352834e-02
0
0
0
0
0
0
3.672630e-01
1.191637e-01
0
0
1.167454e-01
0
0
0
0
9.969541e-02
0
7.103535e-02
2.021797e-01
1.105350e-01
1.173982e-01
1.750418e-01
0
0
5.020151e-01
2.591660e-01
4.228110e-01
2.772935e-01
2.859298e-02
0
0
0
3.789886e-01
1.916603e-01
4.954258e-01
4.356251e-01
1.839269e-01
0
1.358608e-01
0
2.556158e-01
1.210843e-01
0
0
0
0
6.361497e-01
3.341364e-01
0
1.211237e-03
4.326966e-01
4.703185e-01
4.052103e-01
3.465083e-01
6.956900e-02
0
6.392900e-02
0
4.587255e-01
0
8.554728e-02
0
0
0
0
0
0
0
1.366945e-01
0
0
0
4.020476e-01
1.838684e-01
4.240549e-01
4.799187e-01
1
5.040199e-01
6.903888e-02
0
4.455752e-01
0
8.316969e-02
7.645398e-03
8.599057e-02
0
2.102989e-01
2.047644e-01
1.623012e-01
5.618038e-01
3.830439e-01
3.944761e-01
2.302218e-01
4.966253e-02
5.713012e-02
0
0
0
0
0
1.594261e-01
0
9.521345e-02
0
0
0
5.030992e-03
0
0
0
2.963786e-01
0
0
1.400806e-01
0
3.725885e-02
1.171763e-02
1.185683e-01
0
2.047457e-01
0
0
1.731275e-01
0
0
0
5.088696e-01
2.370518e-01
0
0
1.368914e-01
6.225209e-02
0
0
2.539445e-02
4.142036e-01
4.977839e-01
5.114581e-01
4.032251e-01
4.728449e-01
6.435730e-01
5.628501e-01
5.652623e-01
6.144822e-01
0
0
0
0
7.623292e-02
0
2.605568e-01
1.052301e-02
0
0
1.022729e-01
0
0
0
1.427038e-02
0
1.248122e-01
0
4.901805e-01
4.439418e-01
0
5.317947e-02
2.239239e-01
3.416284e-01
3.139691e-01
3.374068e-01
0
0
2.200443e-01
1.051982e-01
3.497890e-01
0
0
0
0
0
0
0
0
0
0
2.804760e-01
0
1.018382e-01
2.876566e-01
0
3.352730e-01
3.777522e-01
5.040199e-01
1
0
6.407901e-02
2.530816e-01
2.472179e-01
3.102639e-02
0
2.457780e-01
0
0
0
0
4.618688e-01
4.813380e-02
9.838425e-02
0
0
5.427674e-01
5.184865e-01
0
0
0
0
0
2.406674e-02
0
0
1.451931e-01
3.174917e-01
1.331652e-01
2.596310e-01
2.993167e-01
2.880074e-01
1.009646e-01
3.513790e-01
4.031969e-01
3.431840e-01
4.969661e-02
1.080053e-01
1.347843e-01
1.025912e-01
3.989301e-02
0
3.594921e-01
1.077054e-01
1.837119e-02
6.451185e-02
0
0
0
0
0
0
0
1.292421e-01
0
4.871199e-02
5.389491e-02
1.266290e-01
0
0
0
0
0
0
0
0
2.245063e-01
2.747910e-01
4.623412e-01
3.299079e-01
0
0
4.759910e-01
5.119577e-01
4.384285e-01
2.969755e-01
6.561975e-02
0
1.301307e-01
0
0
3.179800e-01
0
0
3.033926e-01
3.600189e-01
2.868475e-01
3.751744e-01
4.335731e-02
3.161664e-01
1.821426e-01
2.426770e-01
4.177949e-02
2.233713e-01
2.302090e-01
1.029592e-01
8.028037e-02
1.702173e-01
1.096173e-01
1.156081e-01
1.809280e-01
0
9.204825e-02
1.319571e-01
3.341690e-01
4.655200e-01
5.760927e-01
0
1.777902e-01
0
1.907750e-01
0
0
3.832205e-02
6.903888e-02
0
1
0
6.964452e-01
0
2.966964e-01
3.024179e-01
1.678629e-01
0
3.497867e-02
3.968438e-01
3.936419e-01
5.159762e-02
4.676431e-01
2.753687e-01
4.896256e-01
2.091939e-01
0
0
5.904911e-01
0
5.081676e-01
0
4.296078e-01
0
4.185262e-01
3.945965e-03
4.554210e-01
0
2.717282e-01
0
3.664937e-01
0
0
1.530861e-01
0
0
0
0
3.440977e-01
2.709646e-01
2.417281e-01
1.411691e-01
0
0
0
0
3.929265e-01
2.847249e-01
8.434742e-02
0
5.549425e-01
3.143084e-01
5.108400e-01
3.002269e-01
1.718441e-02
0
1.525083e-01
2.370901e-01
0
5.557572e-03
2.374236e-01
8.019000e-02
0
0
0
0
0
0
0
0
0
0
0
0
0
0
0
0
0
0
7.771014e-01
2.601175e-01
6.556271e-01
4.003141e-01
0
0
4.049135e-01
1.440120e-01
4.995772e-05
1.263911e-02
0
3.978274e-02
1.755016e-01
0
3.574339e-01
2.907242e-01
0
0
7.804212e-02
0
5.949393e-01
0
1.543143e-02
0
4.840670e-02
0
0
5.836412e-01
3.539707e-01
7.753926e-01
0
0
0
0
0
6.407901e-02
0
1
0
4.574378e-01
0
3.328977e-01
0
3.808451e-01
0
0
0
0
9.889137e-02
0
0
0
6.928984e-01
5.362437e-01
0
0
0
0
0
1.575167e-01
0
0
2.351746e-01
1.229028e-01
2.319209e-01
3.093858e-01
1.691910e-01
1.670132e-01
7.580058e-02
0
5.521336e-01
6.660075e-01
4.061659e-02
8.524007e-02
9.955584e-02
3.716803e-01
0
0
3.223697e-01
2.444402e-01
1.016168e-01
0
0
0
0
0
0
0
0
1.496111e-01
0
0
0
1.454317e-01
0
0
0
0
0
0
0
0
1.074469e-01
6.692076e-02
1.201356e-01
0
0
0
4.798345e-01
3.727302e-01
2.287236e-01
4.305608e-02
0
0
2.222666e-01
1.232073e-01
0
8.720296e-02
0
0
6.092538e-01
5.977297e-01
6.958176e-02
2.350771e-01
1.895859e-01
4.730800e-01
1.573741e-01
4.543417e-01
0
0
2.939540e-02
0
1.200924e-01
1.335245e-01
0
0
0
0
0
0
0
0
3.904916e-01
0
2.044156e-01
0
5.192438e-01
3.029934e-02
1.099208e-01
3.622293e-01
4.455752e-01
2.530816e-01
6.964452e-01
0
1
2.595530e-01
3.260759e-01
2.237297e-01
1.386990e-01
0
1.721538e-01
4.326342e-01
4.006517e-01
2.407301e-01
6.020874e-01
2.204225e-01
4.716229e-01
2.591441e-01
2.176987e-01
0
0
0
3.478223e-01
0
2.501378e-01
0
1.988488e-01
0
4.499470e-02
0
2.957837e-01
0
3.594966e-03
0
0
0
0
2.103574e-01
1.032067e-01
0
0
1.622382e-01
0
1.530822e-01
1.871310e-01
2.501855e-02
5.309422e-02
0
0
2.184986e-01
1.607613e-01
6.442295e-03
0
0
6.224039e-02
3.053130e-01
8.733498e-02
0
0
9.478730e-03
0
4.522408e-02
1.610504e-01
1.643517e-01
0
0
0
0
0
0
0
0
0
0
0
0
0
0
8.416902e-02
0
1.308836e-01
3.107956e-01
9.798955e-02
2.680232e-02
6.272009e-01
4.181185e-01
2.370396e-01
1.900373e-01
2.562376e-01
8.751468e-03
1.047657e-02
2.808836e-03
4.802874e-02
2.180659e-02
4.998514e-03
0
1.963795e-02
0
0
0
6.505338e-02
1.090717e-03
1.558143e-01
0
1.486125e-01
0
0
0
4.236577e-02
4.078169e-01
1.669928e-01
3.106943e-01
2.548087e-01
0
2.212870e-01
0
0
2.472179e-01
0
4.574378e-01
2.595530e-01
1
0
2.478306e-01
0
2.943633e-01
1.976584e-02
2.224075e-01
8.735986e-02
7.357398e-02
3.945606e-02
0
1.393048e-02
0
2.397241e-01
2.537226e-01
0
1.450250e-01
0
7.487884e-02
0
0
0
0
0
8.947775e-02
0
0
0
0
0
0
1.028891e-01
0
6.589699e-02
8.328775e-02
0
0
0
0
2.525722e-01
1.912460e-01
0
0
0
0
0
8.132036e-02
0
0
0
0
0
0
0
3.191559e-02
0
0
0
0
0
0
0
0
4.681291e-01
4.239821e-01
5.537367e-01
4.263575e-01
2.541261e-03
8.478329e-02
1.194339e-01
4.608278e-01
5.062522e-01
4.496629e-01
4.304054e-01
0
3.425147e-01
0
9.178052e-02
4.486358e-01
1.379952e-03
3.723814e-02
0
1.309726e-01
0
0
0
3.294395e-02
5.913584e-02
1.488024e-01
0
0
0
0
0
2.156896e-01
0
0
1.625281e-01
2.091813e-01
0
0
4.200692e-01
3.327927e-01
2.129291e-01
0
0
0
4.034742e-01
1.983609e-01
1.929670e-01
5.348139e-01
8.316969e-02
3.102639e-02
2.966964e-01
0
3.260759e-01
0
1
4.732672e-01
3.201298e-03
3.033994e-01
0
5.339838e-01
5.864058e-01
0
4.146320e-01
6.661808e-01
5.779082e-01
4.527212e-01
1.887656e-01
0
1.499489e-01
0
0
0
0
0
0
0
1.870834e-01
0
0
0
1.022519e-01
0
0
2.487227e-01
7.944296e-02
2.889858e-02
0
0
0
0
0
0
0
0
3.017088e-02
0
0
0
0
0
1.510046e-01
0
7.501918e-02
0
0
0
0
2.221256e-01
0
0
0
0
0
0
0
0
0
0
4.124225e-02
4.682807e-02
0
0
1.132824e-01
1.808992e-01
2.229654e-01
1.744201e-02
2.488194e-01
0
3.390799e-01
0
3.072491e-01
1.590452e-01
2.101048e-01
6.218142e-02
1.045483e-01
1.985591e-01
1.787528e-01
0
0
1.725207e-01
0
1.045771e-01
0
0
4.704012e-01
2.729179e-01
2.235216e-01
2.313117e-01
0
0
5.077398e-01
0
5.946738e-02
0
2.576929e-01
1.257030e-01
1.392050e-01
1.350610e-01
1.603085e-01
2.860556e-01
4.783842e-01
3.786335e-01
4.207568e-02
3.386762e-01
7.645398e-03
0
3.024179e-01
3.328977e-01
2.237297e-01
2.478306e-01
4.732672e-01
1.000000e+00
3.456266e-01
5.336109e-01
0
4.388702e-01
6.068180e-01
1.308376e-01
2.949601e-01
2.351266e-01
6.900851e-01
6.318894e-01
1.563497e-01
0
0
0
0
0
0
1.203353e-01
0
0
0
1.491281e-01
0
1.202011e-01
0
0
4.625025e-01
2.521018e-01
0
3.962136e-02
0
0
0
0
0
4.102900e-02
0
0
0
0
0
0
0
0
0
0
2.040955e-01
1.713406e-01
0
3.011976e-01
4.545918e-02
2.929773e-01
0
1.069398e-02
0
7.958377e-02
3.279865e-02
0
0
1.842533e-01
0
1.006356e-01
0
0
0
9.861829e-02
5.189846e-01
1.208930e-01
3.033767e-01
2.546294e-01
1.196533e-01
2.043688e-02
1.748203e-01
1.309953e-01
0
0
0
4.346837e-02
4.242067e-01
3.700747e-01
0
0
1.365762e-02
2.688162e-01
0
7.671251e-02
0
0
4.640018e-01
4.663948e-01
4.693356e-01
5.811987e-05
1.254742e-01
0
0
0
2.101537e-01
0
0
0
0
0
0
0
1.839823e-01
5.183110e-01
0
3.452591e-01
8.599057e-02
2.457780e-01
1.678629e-01
0
1.386990e-01
0
3.201298e-03
3.456266e-01
1
1.074092e-01
1.991794e-01
2.092855e-01
4.379570e-01
1.791821e-01
0
0
3.496278e-01
3.198913e-01
0
0
2.929751e-01
1.099451e-01
9.434022e-02
1.112608e-01
0
0
1.854446e-01
0
2.007839e-01
0
0
0
1.647877e-01
0
1.160005e-01
7.927674e-02
0
0
0
0
0
0
0
1.138727e-01
0
6.289401e-02
5.648544e-02
8.041608e-02
1.473363e-01
1.919841e-01
0
4.924972e-02
4.668089e-01
2.903912e-01
4.724034e-02
0
0
0
0
1.737775e-01
0
0
8.061753e-02
4.454950e-02
0
0
0
0
0
0
0
0
0
0
0
0
0
0
4.228913e-02
0
8.454737e-03
0
2.711350e-01
1.540685e-01
3.201428e-01
2.616394e-01
0
0
1.128284e-01
0
0
0
0
0
0
0
3.922234e-01
3.973008e-01
1.410291e-01
3.076219e-01
0
7.823409e-02
5.039331e-01
1.191137e-01
1.495452e-02
0
9.982978e-02
0
0
0
0
3.629940e-01
2.097126e-01
2.857130e-01
5.790440e-02
2.236770e-01
0
0
0
3.808451e-01
0
2.943633e-01
3.033994e-01
5.336109e-01
1.074092e-01
1
0
3.673406e-01
4.626532e-01
8.326688e-02
0
1.369663e-01
4.319870e-01
2.548467e-01
1.068207e-01
0
3.288847e-02
4.264748e-01
0
0
2.558520e-01
3.151327e-01
2.442828e-01
7.733777e-02
1.118595e-01
0
4.774830e-02
3.241531e-01
2.971750e-02
2.458405e-01
0
0
0
7.700126e-03
0
0
7.256464e-02
2.539037e-01
0
0
0
0
0
0
1.841756e-01
1.793205e-01
0
0
0
7.803059e-02
2.135697e-01
5.024228e-02
7.835744e-02
3.762661e-01
1.234286e-01
1.310068e-01
1.156582e-01
1.325684e-01
4.864100e-02
8.550477e-02
1.161952e-01
1.879943e-01
1.089053e-01
2.298853e-02
0
0
0
0
2.910576e-01
2.852117e-01
0
0
8.562532e-02
2.260624e-01
0
1.745876e-01
0
0
0
0
0
3.261213e-02
0
0
0
0
0
0
0
7.910408e-02
3.084484e-01
0
0
0
0
0
9.797873e-02
0
0
0
0
0
0
0
0
0
4.915251e-02
4.171736e-02
4.407156e-01
1.394407e-01
3.178810e-01
0
2.102989e-01
0
3.497867e-02
0
1.721538e-01
1.976584e-02
0
0
1.991794e-01
0
1
1.478156e-01
1.994320e-02
0
3.073429e-01
0
3.136161e-02
0
3.597175e-01
6.029169e-02
0
0
0
0
0
7.690912e-03
0
0
0
2.436459e-01
0
2.513013e-01
0
1.091222e-01
1.513221e-02
0
0
2.904344e-01
7.273552e-02
0
0
0
0
0
3.566094e-01
0
0
8.714361e-02
0
0
0
0
0
0
0
4.122107e-03
0
1.170473e-01
0
8.635840e-02
0
0
0
0
0
0
0
0
3.150235e-01
2.830475e-01
3.787703e-01
0
3.726670e-01
3.180345e-01
2.930142e-01
2.937441e-01
4.599572e-01
3.147949e-01
0
0
3.727232e-01
1.533866e-02
0
1.644063e-01
0
0
2.750327e-01
2.815501e-01
0
0
2.371482e-02
0
0
0
0
0
1.362507e-01
0
1.307500e-01
4.101161e-01
0
2.859512e-01
0
1.505171e-01
1.471137e-01
4.010678e-01
3.919711e-01
3.623499e-01
0
0
0
0
4.120238e-01
1.570747e-01
3.222788e-01
3.968538e-01
2.047644e-01
0
3.968438e-01
0
4.326342e-01
2.224075e-01
5.339838e-01
4.388702e-01
2.092855e-01
3.673406e-01
1.478156e-01
1
8.039727e-01
0
3.158338e-01
3.879282e-01
7.778891e-01
2.571900e-01
3.718273e-01
1.131299e-01
0
3.447428e-02
0
1.838330e-01
0
1.505754e-01
0
0
0
3.715454e-01
0
2.675863e-01
0
1.333322e-02
2.756579e-01
7.190066e-02
1.834779e-01
3.068426e-01
2.921305e-02
0
0
0
0
0
1.150570e-01
1.167345e-01
4.250477e-02
1.259154e-01
0
0
0
0
0
0
0
0
0
0
0
0
0
0
0
0
0
0
0
0
1.131407e-01
1.807066e-01
2.543367e-01
9.209221e-03
3.519844e-02
3.969959e-02
3.765431e-01
3.006836e-01
3.581500e-01
2.556676e-01
5.450179e-02
0
4.554073e-01
0
0
5.723156e-02
0
0
3.993820e-01
4.403814e-01
0
0
0
1.740952e-02
0
0
0
0
2.663853e-01
1.882310e-01
3.909003e-01
4.758828e-01
0
6.915969e-02
7.152925e-02
7.232471e-02
0
4.112381e-02
1.861702e-01
1.590300e-01
1.863073e-01
0
0
0
5.492143e-01
4.937598e-01
1.368096e-01
5.802343e-01
1.623012e-01
0
3.936419e-01
0
4.006517e-01
8.735986e-02
5.864058e-01
6.068180e-01
4.379570e-01
4.626532e-01
1.994320e-02
8.039727e-01
1
1.944115e-01
2.260467e-01
3.061293e-01
8.561405e-01
5.279272e-01
3.872722e-01
3.371147e-01
0
0
0
1.099458e-01
2.340687e-02
9.356680e-03
2.888219e-02
1.595578e-01
3.164265e-01
1.195235e-02
3.601775e-01
0
5.279449e-02
0
7.382407e-01
3.390904e-01
4.356591e-01
3.824987e-01
0
1.930457e-01
0
0
0
0
0
0
7.701687e-01
4.263313e-01
6.603498e-02
0
2.575338e-01
1.252932e-02
0
0
2.193094e-02
0
0
0
3.833540e-02
0
1.140270e-01
6.924503e-02
0
9.108005e-05
3.210037e-01
1.339144e-02
1.440766e-01
1.647017e-01
0
0
0
0
0
0
4.588997e-01
2.528241e-01
0
0
1.847599e-01
0
3.111276e-01
1.841953e-02
0
0
0
0
6.822885e-01
4.007294e-01
9.174406e-02
1.715446e-01
1.127675e-01
2.856898e-01
9.919061e-02
7.494308e-03
3.485682e-02
0
4.780974e-01
3.286867e-01
8.375476e-01
0
3.358937e-01
0
0
0
0
0
0
0
2.323694e-01
1.769908e-01
0
9.017811e-02
3.084440e-01
3.354385e-01
7.569875e-02
3.576657e-01
5.618038e-01
4.618688e-01
5.159762e-02
0
2.407301e-01
7.357398e-02
0
1.308376e-01
1.791821e-01
8.326688e-02
0
0
1.944115e-01
1
1.477974e-01
1.352246e-01
1.730516e-01
1.905881e-01
5.229609e-01
3.945345e-01
9.005262e-02
1.404201e-01
0
0
1.994646e-01
8.810131e-03
0
4.282252e-02
3.916394e-01
0
1.616982e-01
4.160550e-02
5.445426e-02
6.604997e-02
0
0
3.222796e-01
3.815743e-01
0
0
2.777512e-01
2.415247e-01
0
0
0
0
6.141160e-03
0
0
0
0
0
0
0
0
4.281822e-02
0
0
0
0
0
0
0
0
0
0
0
0
3.191061e-01
1.786832e-01
3.610458e-01
2.331419e-01
0
0
3.470404e-01
2.767282e-01
2.123473e-01
1.281972e-01
1.059962e-01
0
3.936500e-02
0
9.514969e-02
2.925637e-01
0
0
2.308191e-01
4.297839e-01
2.374824e-01
3.643229e-02
2.673103e-01
3.762560e-01
2.372285e-01
4.556277e-01
0
0
5.562083e-02
0
0
0
0
0
1.395158e-02
0
0
0
1.167826e-01
1.724803e-01
4.870678e-01
1.906699e-01
1.517226e-01
2.939304e-01
4.713572e-01
0
1.922950e-01
2.225668e-01
3.830439e-01
4.813380e-02
4.676431e-01
9.889137e-02
6.020874e-01
3.945606e-02
4.146320e-01
2.949601e-01
0
0
3.073429e-01
3.158338e-01
2.260467e-01
1.477974e-01
1
4.999371e-01
3.849080e-01
6.516118e-02
2.933672e-01
4.627039e-01
1.607451e-01
0
0
0
1.033479e-01
0
0
0
0
0
0
0
0
0
1.567379e-02
3.956933e-02
1.634027e-01
5.663723e-02
1.691668e-01
3.571648e-01
1.691900e-01
0
0
0
6.248841e-02
0
1.464592e-01
0
0
0
0
0
0
0
0
0
0
0
0
1.015961e-01
0
0
0
0
1.249323e-02
0
0
0
3.643882e-01
3.040966e-01
5.591568e-01
3.214599e-01
1.205633e-01
1.902132e-01
2.436955e-01
4.202952e-01
3.537309e-01
1.630278e-01
2.657865e-01
0
1.273665e-01
0
0
2.345523e-01
0
0
9.763786e-03
1.181082e-01
1.234495e-01
1.046997e-01
2.499950e-01
1.948353e-01
3.038303e-01
2.411139e-01
0
0
1.397536e-01
0
4.737509e-02
2.463507e-01
0
0
0
9.187527e-02
0
1.334143e-02
1.701831e-01
3.086444e-01
2.908426e-01
0
0
9.104564e-03
1.829684e-01
0
3.293517e-01
4.908372e-01
3.944761e-01
9.838425e-02
2.753687e-01
0
2.204225e-01
0
6.661808e-01
2.351266e-01
0
1.369663e-01
0
3.879282e-01
3.061293e-01
1.352246e-01
4.999371e-01
1.000000e+00
5.137688e-01
6.107720e-02
5.045733e-01
2.630413e-01
0
3.704139e-03
0
0
0
0
0
0
0
2.134787e-01
0
1.976530e-01
3.695620e-02
4.174301e-02
1.807523e-01
6.610184e-02
2.394315e-01
3.514166e-01
0
0
0
0
0
0
1.149090e-01
0
1.105311e-01
1.065516e-01
0
0
0
0
0
0
0
0
0
0
0
1.231392e-01
0
0
0
0
0
0
0
0
9.633134e-02
1.211659e-01
3.185307e-01
0
0
0
4.573680e-01
3.522614e-01
3.850959e-01
2.140584e-01
1.405590e-01
0
4.597974e-01
0
0
1.414396e-01
0
0
3.441751e-01
3.762190e-01
0
0
6.044295e-02
1.894851e-01
0
1.213131e-01
0
0
3.604307e-01
8.564476e-02
3.269228e-01
4.420217e-01
0
4.430244e-02
8.680732e-02
7.154340e-02
0
9.083246e-02
2.329354e-01
2.296768e-01
1.116754e-01
0
0
0
4.320151e-01
3.778831e-01
8.078816e-02
6.498379e-01
2.302218e-01
0
4.896256e-01
0
4.716229e-01
1.393048e-02
5.779082e-01
6.900851e-01
3.496278e-01
4.319870e-01
3.136161e-02
7.778891e-01
8.561405e-01
1.730516e-01
3.849080e-01
5.137688e-01
1
5.894502e-01
2.926546e-01
2.509542e-01
0
7.603818e-02
0
5.147677e-02
0
0
0
0
1.931634e-01
3.349193e-01
1.485765e-01
5.012021e-02
2.190350e-01
0
0
1.472553e-01
3.283637e-01
1.254962e-01
0
0
0
0
0
0
0
3.885372e-01
1.755460e-01
2.295677e-01
0
0
0
1.661049e-01
0
0
0
0
0
0
0
0
0
0
0
0
0
0
0
0
0
0
1.182623e-01
8.202877e-02
0
0
1.321721e-01
4.016452e-01
2.104869e-01
2.563256e-01
4.305850e-01
0
6.477317e-01
1.824057e-01
0
0
0
0
1.468657e-01
0
0
0
0
2.130405e-02
0
0
0
0
2.200399e-02
2.089585e-01
3.432715e-01
2.559977e-02
0
0
1.583651e-01
0
1.428697e-01
0
1.123972e-01
3.928531e-02
0
0
0
0
3.860779e-01
7.298284e-01
0
4.665880e-01
4.966253e-02
0
2.091939e-01
0
2.591441e-01
0
4.527212e-01
6.318894e-01
3.198913e-01
2.548467e-01
0
2.571900e-01
5.279272e-01
1.905881e-01
6.516118e-02
6.107720e-02
5.894502e-01
1.000000e+00
