1.000000e+00
6.950383e-01
0
0
0
0
0
1.027180e-01
0
0
1.738239e-01
4.029687e-01
2.755206e-01
2.884412e-01
6.983474e-02
1.377182e-01
3.743836e-01
5.236143e-03
6.264163e-01
6.982138e-01
0
0
0
0
0
0
0
0
4.671824e-01
3.598697e-01
0
0
0
0
0
0
0
7.988289e-02
0
9.091470e-02
0
0
0
0
0
0
0
0
0
0
6.598818e-02
0
2.081722e-01
0
0
0
6.560158e-01
6.524362e-01
4.515535e-01
2.323672e-01
3.564015e-01
0
5.522038e-01
3.680313e-01
0
0
0
0
6.937432e-01
4.014985e-01
1.399968e-02
8.214652e-02
3.824062e-01
5.653793e-01
3.497731e-01
4.494445e-01
0
0
9.068568e-02
0
4.090341e-01
6.216651e-03
2.863015e-01
6.780696e-02
0
0
1.310046e-01
0
1.962204e-02
0
1.597205e-01
0
0
0
2.968160e-01
3.133069e-01
0
3.459441e-01
5.733955e-01
3.081696e-02
4.312487e-01
0
5.900834e-01
1.703320e-01
1.731173e-01
3.064985e-01
2.868888e-01
0
1.450752e-01
4.339906e-01
4.157897e-01
4.537290e-01
3.337545e-01
1.486809e-01
5.092629e-01
4.123745e-01
6.950383e-01
1
9.935719e-02
0
0
3.836963e-03
3.920150e-03
9.405595e-02
0
0
3.211385e-01
3.229212e-01
4.184629e-01
1.595739e-01
3.598768e-01
2.547177e-01
3.391505e-01
1.713670e-01
8.338699e-01
5.620944e-01
1.837441e-01
4.556143e-01
1.535044e-01
0
0
0
0
1.575210e-01
5.467828e-01
3.937112e-01
0
0
0
0
0
0
0
0
0
0
1.888885e-02
0
0
0
0
0
0
0
0
0
3.801016e-02
7.922952e-02
3.287552e-01
1.131911e-01
0
0
4.503493e-01
6.189571e-01
1.275428e-01
3.670534e-02
1.306331e-01
0
2.115308e-01
3.974450e-02
0
0
0
0
3.787448e-01
2.154902e-01
7.581529e-02
3.656121e-01
2.710332e-01
4.065367e-01
3.046058e-01
2.989518e-01
0
2.063310e-03
7.245878e-03
0
3.245253e-01
9.295598e-02
1.902912e-01
4.527788e-02
0
0
0
0
0
1.976715e-02
2.867216e-01
0
0
0
7.211833e-02
4.830481e-02
0
2.899733e-01
4.486452e-01
0
4.543584e-01
0
4.577667e-01
0
1.545085e-01
0
0
0
0
4.146547e-02
1.166403e-01
4.529807e-01
2.834019e-01
3.713916e-01
2.477797e-01
2.596867e-01
0
9.935719e-02
1.000000e+00
3.176723e-01
4.922485e-01
2.004171e-01
6.742637e-01
0
5.346344e-01
2.557543e-01
4.917760e-01
0
4.200611e-01
0
6.576339e-01
1.001042e-01
0
2.573065e-02
1.006242e-01
0
1.156820e-01
4.718907e-01
7.109684e-01
4.136178e-01
3.410180e-01
1.796216e-02
0
3.807964e-03
0
0
6.362865e-01
2.787475e-01
2.147385e-01
1.197547e-01
5.876788e-01
4.549578e-01
0
0
0
0
0
3.170416e-01
0
0
2.963611e-02
0
0
0
0
0
0
0
0
5.974079e-02
0
0
0
0
0
0
0
0
0
0
7.311853e-01
5.138175e-01
3.011597e-01
6.196884e-02
0
0
3.753328e-01
4.171042e-01
0
0
0
3.262890e-02
0
0
1.197958e-01
2.006443e-01
0
2.220118e-01
0
0
6.026324e-01
2.522637e-01
0
0
0
0
2.501632e-01
4.372245e-01
5.269120e-01
6.654169e-01
0
0
3.339336e-02
0
0
0
7.865652e-02
5.972332e-01
0
0
1.081968e-01
1.120747e-01
0
2.975085e-01
0
0
0
0
2.168456e-01
3.211135e-01
0
0
0
0
3.176723e-01
1
1.258543e-01
3.260944e-01
3.114406e-01
3.785457e-01
4.141894e-01
2.642208e-01
2.277083e-01
2.048344e-01
1.725410e-01
3.777728e-01
2.857213e-01
4.078271e-01
0
0
0
0
1.974351e-01
0
2.160807e-01
3.409378e-01
7.546863e-03
0
0
8.352205e-02
0
0
4.181542e-01
4.387167e-01
0
1.507961e-01
2.512687e-01
3.243293e-01
0
0
0
0
0
0
0
0
0
0
0
0
0
0
0
0
2.412845e-02
0
0
0
0
0
0
2.041014e-01
0
4.768421e-01
0
0
1.405771e-01
3.294194e-01
1.911792e-02
1.311484e-01
0
0
0
0
0
0
0
0
0
0
0
0
0
1.368537e-01
0
0
2.842079e-01
4.358972e-01
0
0
1.094693e-01
2.696377e-02
4.092491e-02
0
2.224847e-01
2.126596e-01
1.333354e-01
1.956476e-01
0
0
0
0
0
0
0
0
1.271375e-01
0
0
9.532237e-02
4.511818e-01
0
1.284880e-02
0
1.180514e-01
0
0
0
0
0
4.922485e-01
1.258543e-01
1
2.021793e-01
4.916661e-01
0
5.498918e-01
2.495283e-01
9.489381e-02
0
1.742949e-01
0
2.648976e-01
1.339829e-01
0
1.199375e-01
0
0
2.631770e-01
2.541408e-01
5.137228e-01
5.420724e-01
8.320656e-01
6.145414e-01
6.538102e-01
2.864990e-01
0
0
2.562345e-01
1.243199e-01
1.648187e-01
1.514059e-01
6.337426e-01
5.975178e-01
2.026484e-01
1.510444e-01
0
0
1.709292e-01
4.544602e-01
1.674546e-01
5.838057e-02
2.139295e-01
1.764712e-01
3.866895e-03
1.950164e-01
0
9.961539e-04
0
0
0
0
0
0
0
0
0
0
0
0
0
0
7.005222e-01
6.197129e-01
4.982804e-01
3.385383e-01
0
0
3.750824e-01
3.429459e-01
0
0
0
0
0
0
1.227388e-01
2.542403e-01
0
3.332451e-01
0
0
3.044273e-01
3.693550e-01
0
0
0
0
8.201949e-02
4.589343e-01
5.635008e-01
7.466234e-01
0
0
0
0
0
1.087297e-01
0
7.263363e-01
0
2.218973e-01
0
0
0
1.581352e-01
0
0
0
0
1.159908e-01
3.829491e-02
0
0
0
3.836963e-03
2.004171e-01
3.260944e-01
2.021793e-01
1.000000e+00
1.805048e-01
6.410262e-01
4.529043e-01
8.547760e-01
8.042191e-02
1.402944e-01
2.202038e-01
3.818633e-01
2.054604e-01
2.548460e-01
3.554780e-01
0
2.699545e-01
1.769899e-01
1.311198e-01
3.393686e-01
3.847335e-01
4.306148e-01
3.166790e-01
2.555977e-01
3.061003e-01
5.757943e-01
1.834560e-02
0
1.967241e-01
0
1.076691e-01
1.433623e-01
6.733001e-02
1.579493e-01
0
0
0
0
0
0
1.846987e-01
0
0
0
2.403377e-01
1.332866e-01
4.736956e-02
7.310874e-02
0
0
0
0
0
0
4.636856e-02
0
0
0
0
6.220845e-01
0
0
1.069844e-01
4.075472e-01
0
0
0
3.565836e-01
2.914018e-01
3.671264e-01
0
0
0
0
0
0
6.763356e-02
2.475984e-01
9.363042e-03
1.986040e-01
0
0
0
1.454170e-01
0
0
0
0
3.214119e-01
2.345259e-01
6.083808e-01
3.974038e-01
5.781817e-03
1.495578e-01
0
2.553791e-01
0
4.556391e-02
0
7.648676e-02
0
0
8.370520e-02
0
0
7.484111e-02
6.773916e-02
0
1.341193e-01
7.367515e-02
1.284543e-01
1.679230e-01
5.311803e-02
0
0
3.920150e-03
6.742637e-01
3.114406e-01
4.916661e-01
1.805048e-01
1.000000e+00
0
7.048295e-01
3.023734e-01
3.573592e-01
0
5.358912e-01
0
3.627561e-01
1.169999e-01
0
0
5.637807e-02
5.625692e-03
3.008966e-01
4.337705e-01
5.786362e-01
4.562681e-01
2.275833e-01
2.591861e-03
0
0
9.552604e-02
0
5.659421e-01
3.498822e-01
4.648298e-01
2.221143e-01
3.378643e-01
3.804513e-01
8.071047e-02
0
0
0
1.426087e-01
1.842015e-01
2.669169e-01
1.680464e-01
2.404767e-01
1.109525e-01
2.069659e-01
2.698681e-01
1.918278e-02
0
0
0
0
0
0
0
0
0
0
0
0
1.557728e-02
0
0
5.000176e-01
2.236999e-01
3.945985e-01
4.643065e-02
0
0
5.133835e-01
4.354946e-01
1.619652e-01
0
1.783791e-01
1.642397e-01
1.458114e-01
0
0
0
0
1.280393e-02
0
0
1.784032e-01
0
0
0
0
0
3.863898e-01
7.144728e-01
5.300827e-01
7.199138e-01
1.593771e-01
0
3.903093e-01
0
9.565633e-02
1.547483e-01
0
4.899792e-01
3.806034e-02
3.044961e-01
0
0
0
5.232506e-02
2.505904e-02
0
0
5.997798e-02
3.471498e-01
2.070711e-01
0
0
1.027180e-01
9.405595e-02
0
3.785457e-01
0
6.410262e-01
0
1
1.947616e-01
6.069504e-01
0
5.023833e-01
1.550001e-01
8.384038e-01
1.345091e-01
5.560209e-01
2.399098e-01
0
3.067902e-01
4.976959e-01
9.068137e-02
0
6.868586e-02
2.873913e-01
0
2.552398e-03
1.842534e-01
3.135444e-01
1.296339e-01
4.411327e-02
7.649495e-02
3.870226e-02
0
0
0
0
0
0
0
0
0
0
1.050726e-01
1.271191e-02
0
7.810429e-03
1.956600e-01
5.997301e-02
1.220453e-01
9.456622e-02
0
0
0
0
0
0
1.807347e-01
0
0
0
0
7.932069e-01
0
2.352682e-01
0
0
0
0
2.702532e-01
2.944635e-01
6.534067e-02
2.500128e-01
1.224696e-02
0
0
4.436968e-02
6.276956e-02
6.551855e-03
0
0
6.684186e-02
0
2.474108e-02
3.696942e-02
0
0
0
0
0
0
2.138426e-01
0
3.277570e-01
0
8.728908e-02
2.712382e-01
0
0
0
0
4.247587e-02
0
4.086771e-02
0
0
0
1.565801e-01
0
4.156591e-01
0
1.915950e-01
0
3.610234e-02
0
5.823209e-02
0
0
0
5.346344e-01
4.141894e-01
5.498918e-01
4.529043e-01
7.048295e-01
1.947616e-01
1.000000e+00
5.591050e-01
1.601317e-01
0
5.365991e-01
0
4.235332e-01
1.030718e-01
0
0
0
0
2.485283e-02
9.248898e-02
3.205702e-01
3.617617e-01
1.905105e-01
4.370566e-01
1.800283e-02
1.323098e-01
9.475562e-04
0
6.758889e-01
5.426689e-01
5.198570e-01
4.494409e-01
5.139886e-01
5.720858e-01
4.444580e-02
0
0
0
0
2.654197e-02
5.424694e-01
3.588751e-01
5.339355e-01
4.241225e-01
2.963568e-01
3.770621e-01
6.173029e-02
0
0
0
0
0
0
0
0
0
0
0
0
3.591289e-01
0
0
4.660650e-01
1.650647e-01
2.675616e-01
6.568906e-02
0
0
1.957078e-01
1.897116e-01
0
0
0
0
6.376765e-02
0
0
2.751107e-02
0
0
0
0
6.392045e-02
0
0
0
0
0
8.765847e-02
5.471011e-01
5.256257e-01
6.901461e-01
1.043060e-01
5.701977e-03
2.136290e-01
0
0
1.209511e-01
0
5.134962e-01
0
2.139703e-01
0
0
0
1.529450e-01
2.323070e-01
0
0
0
4.070030e-02
0
0
0
0
0
2.557543e-01
2.642208e-01
2.495283e-01
8.547760e-01
3.023734e-01
6.069504e-01
5.591050e-01
1
9.161435e-02
1.268786e-01
3.266549e-01
3.598911e-01
2.968101e-01
3.756548e-01
2.173992e-01
6.356886e-02
2.388022e-01
1.010997e-01
7.330916e-02
3.186263e-01
3.810478e-01
2.931333e-01
3.125230e-01
1.945531e-01
2.105067e-01
4.612772e-01
4.518413e-02
0
2.306493e-01
0
9.268233e-02
7.076143e-02
7.707381e-02
1.773021e-01
8.316285e-02
0
0
0
0
0
1.715527e-01
0
0
0
1.728621e-01
3.524126e-02
0
0
0
0
0
0
0
0
0
0
0
0
0
6.210026e-01
0
0
1.637354e-01
3.536433e-01
0
0
0
1.606472e-01
3.562420e-01
3.767196e-01
0
0
0
0
0
0
5.939245e-02
8.709405e-02
0
0
0
0
0
6.015634e-02
0
0
0
0
3.495521e-01
4.391525e-01
6.167949e-01
4.636341e-01
0
0
0
0
0
0
0
2.184988e-01
0
0
0
0
0
0
2.098620e-01
0
0
2.565885e-02
1.914146e-01
1.172879e-01
0
0
1.738239e-01
3.211385e-01
4.917760e-01
2.277083e-01
9.489381e-02
8.042191e-02
3.573592e-01
0
1.601317e-01
9.161435e-02
1.000000e+00
0
6.106934e-01
0
5.325523e-01
1.141071e-01
0
1.673749e-02
4.673003e-01
2.347400e-01
1.345429e-02
2.439097e-01
3.133160e-01
3.499399e-01
1.539117e-02
0
0
3.141544e-01
1.645150e-01
0
2.331211e-01
2.205628e-01
1.877777e-01
1.906060e-01
1.695277e-01
7.848566e-02
2.231834e-02
8.482384e-02
0
0
0
8.290297e-02
0
0
0
0
0
0
0
0
0
0
0
1.504188e-01
0
0
0
0
0
0
0
0
0
0
3.526671e-01
1.935768e-01
1.107292e-01
0
0
1.346943e-01
2.786918e-01
1.307658e-01
0
1.307475e-01
0
7.552793e-02
0
0
0
2.304012e-01
0
0
0
0
4.273109e-01
0
0
0
0
0
2.999236e-01
3.207858e-01
2.583008e-01
4.234336e-01
3.390638e-01
1.057221e-03
0
0
0
0
2.438764e-01
4.195187e-01
4.216893e-01
1.788720e-01
1.007774e-01
2.190839e-01
0
2.582358e-01
0
0
0
2.627101e-01
5.255368e-01
0
0
1.858817e-01
4.029687e-01
3.229212e-01
0
2.048344e-01
0
1.402944e-01
0
5.023833e-01
0
1.268786e-01
0
1
0
6.734058e-01
0
4.098503e-01
3.916206e-01
2.398141e-01
3.371745e-01
2.284912e-01
1.416221e-01
0
0
0
0
0
3.532170e-02
3.460604e-01
1.381173e-01
6.002289e-01
0
0
0
0
0
0
0
0
3.973751e-02
1.980019e-01
0
0
0
0
0
0
0
0
0
0
2.096883e-01
1.779866e-01
4.126272e-01
1.639107e-01
8.870739e-02
8.572208e-02
3.981569e-01
5.084649e-01
3.547887e-01
4.843036e-01
1.112073e-01
2.622869e-01
4.547502e-01
3.631617e-01
0
0
0
0
2.432886e-01
0
0
0
0
0
0
0
0
1.038750e-01
0
6.362885e-02
3.680079e-01
4.433076e-02
3.212661e-01
4.829860e-01
0
1.138001e-01
3.821178e-01
1.784284e-01
2.846227e-01
3.749771e-01
0
0
0
0
0
4.778993e-01
0
7.814614e-02
0
0
2.208175e-01
0
0
0
6.958044e-03
0
3.122102e-01
0
2.544887e-01
2.580558e-01
4.587189e-01
1.262005e-02
0
0
2.979344e-01
3.076158e-01
2.755206e-01
4.184629e-01
4.200611e-01
1.725410e-01
1.742949e-01
2.202038e-01
5.358912e-01
1.550001e-01
5.365991e-01
3.266549e-01
6.106934e-01
0
1
7.925402e-02
7.531066e-01
3.327086e-01
8.779618e-02
6.368163e-03
5.576902e-01
3.746963e-01
1.531979e-01
3.225891e-01
2.004315e-01
2.554995e-01
0
0
0
3.905497e-01
5.054428e-01
1.577774e-01
3.675155e-01
4.535691e-01
3.680662e-01
2.977733e-01
0
0
0
0
0
0
0
0
0
0
0
0
0
0
0
0
0
0
0
0
0
0
0
0
0
0
6.474216e-02
9.806170e-02
0
0
7.697989e-02
0
0
0
8.119981e-02
1.512795e-02
3.215460e-01
4.198964e-01
0
0
0
0
3.342882e-02
0
0
1.075430e-01
6.880224e-02
0
1.824059e-01
0
6.285117e-02
0
0
0
0
0
3.169340e-01
4.281896e-01
3.164313e-01
4.251958e-01
1.822067e-01
1.284679e-01
0
0
3.542862e-02
3.270560e-02
1.699464e-01
3.572870e-01
2.584964e-01
2.810820e-01
0
0
0
2.280945e-02
3.617351e-02
0
0
4.506711e-01
2.619448e-01
0
0
1.240488e-02
2.884412e-01
1.595739e-01
0
3.777728e-01
0
3.818633e-01
0
8.384038e-01
0
3.598911e-01
0
6.734058e-01
7.925402e-02
1
1.889887e-01
7.374730e-01
1.952220e-01
0
2.809128e-01
4.625623e-01
9.902508e-02
0
1.548954e-02
3.089559e-01
0
0
3.430968e-01
2.696695e-01
0
1.356502e-01
0
1.127901e-02
0
0
0
0
0
0
0
2.574114e-01
0
0
0
0
0
0
0
0
0
0
0
0
0
0
0
2.290337e-02
2.948290e-01
0
0
7.799854e-02
0
5.924179e-01
4.138434e-02
2.818441e-01
0
1.045963e-01
0
0
2.558770e-01
2.461015e-01
0
1.846090e-01
4.789777e-03
0
0
1.349057e-02
3.278244e-02
6.780346e-02
0
0
2.147665e-02
2.074811e-01
1.864836e-01
2.668989e-01
0
2.025163e-01
2.933188e-02
1.276480e-01
0
6.110375e-02
8.151032e-02
0
2.014195e-01
0
0
2.421034e-01
0
9.105653e-03
0
0
2.235559e-01
0
1.013770e-01
0
0
0
2.457202e-01
0
5.287448e-01
1.690506e-01
3.086679e-01
0
0
0
2.514997e-01
0
6.983474e-02
3.598768e-01
6.576339e-01
2.857213e-01
2.648976e-01
2.054604e-01
3.627561e-01
1.345091e-01
4.235332e-01
2.968101e-01
5.325523e-01
0
7.531066e-01
1.889887e-01
1
5.801109e-01
0
4.604897e-02
4.721550e-01
2.436679e-01
1.668140e-01
3.276945e-01
4.197602e-01
3.329900e-01
8.031880e-02
0
5.466260e-03
3.332390e-01
3.087041e-01
1.817520e-01
5.116344e-01
4.609476e-01
1.022348e-01
6.530741e-02
1.580988e-01
5.426481e-02
0
0
0
0
7.284288e-02
1.149548e-01
0
0
0
0
0
0
0
0
0
0
0
0
0
0
0
0
0
0
0
1.466449e-01
0
0
2.265585e-01
2.128704e-01
0
0
0
0
3.154133e-01
5.391764e-01
0
0
0
0
7.271946e-02
0
6.939875e-02
2.206255e-01
0
7.034635e-02
2.897289e-01
1.108330e-01
3.271454e-01
0
0
0
0
0
1.702558e-01
1.465712e-01
3.841818e-01
3.943157e-01
0
0
0
0
0
0
3.438707e-01
3.942934e-01
1.915241e-01
1.692489e-02
0
2.341040e-02
0
1.604989e-01
2.399867e-02
0
0
4.737267e-02
1.302276e-01
0
7.574277e-02
9.129588e-02
1.377182e-01
2.547177e-01
1.001042e-01
4.078271e-01
1.339829e-01
2.548460e-01
1.169999e-01
5.560209e-01
1.030718e-01
3.756548e-01
1.141071e-01
4.098503e-01
3.327086e-01
7.374730e-01
5.801109e-01
1
4.202124e-02
0
3.502292e-01
4.013051e-01
4.106735e-01
1.497047e-01
2.600426e-01
3.470472e-01
1.752862e-01
0
2.951594e-01
2.586352e-01
5.722215e-02
2.770813e-01
1.760826e-01
2.483168e-01
0
0
0
0
4.770705e-02
3.802431e-02
2.145214e-01
2.549100e-01
2.781190e-01
0
0
0
0
0
0
0
0
0
0
0
0
0
0
0
0
0
0
0
0
3.490391e-01
0
0
0
2.358320e-01
0
0
0
0
2.686256e-01
4.800021e-01
9.781249e-02
0
0
0
2.352538e-01
2.573429e-01
0
0
0
3.241189e-01
3.717490e-01
4.589112e-01
0
3.062831e-01
0
2.450480e-01
0
1.133432e-01
1.637005e-01
0
2.974363e-01
8.941256e-02
0
0
0
0
0
0
3.100449e-01
0
1.066908e-01
0
0
0
0
0
3.129261e-01
0
0
0
8.296747e-02
0
3.309428e-02
0
3.743836e-01
3.391505e-01
0
0
0
3.554780e-01
0
2.399098e-01
0
2.173992e-01
0
3.916206e-01
8.779618e-02
1.952220e-01
0
4.202124e-02
1
4.860540e-01
4.881051e-01
5.139760e-01
9.375258e-02
2.806539e-01
0
0
0
0
2.443359e-01
3.851661e-01
5.088130e-01
4.554500e-01
0
0
0
0
0
0
0
0
0
0
0
0
0
0
0
0
6.482604e-02
0
0
8.219575e-02
0
0
1.067228e-02
0
0
0
7.471519e-01
4.278472e-01
0
0
0
0
1.682799e-01
0
0
0
0
0
6.367207e-01
6.025661e-01
3.229461e-01
3.320994e-01
2.600373e-01
2.774895e-01
2.476915e-01
0
0
6.777932e-03
5.635975e-01
2.525564e-01
7.733905e-01
1.382919e-01
9.919108e-02
1.956278e-01
0
0
0
0
0
0
2.387554e-01
0
0
0
0
2.072134e-01
0
4.447944e-01
2.341602e-01
2.174167e-01
2.584370e-01
0
1.609214e-01
0
3.375857e-02
0
3.025589e-01
1.086940e-01
0
1.112259e-01
4.298854e-01
7.041374e-01
1.129946e-01
2.402746e-01
3.861918e-01
0
5.236143e-03
1.713670e-01
2.573065e-02
0
1.199375e-01
0
0
0
0
6.356886e-02
1.673749e-02
2.398141e-01
6.368163e-03
0
4.604897e-02
0
4.860540e-01
1
1.809118e-01
0
1.255049e-01
3.644692e-01
0
0
3.558743e-01
0
3.143342e-01
3.298582e-01
4.976408e-02
3.491082e-01
0
0
0
0
2.742676e-02
0
0
1.448186e-01
7.655234e-02
0
1.932643e-01
1.553778e-01
0
0
0
0
0
0
0
0
1.934029e-01
2.009190e-01
2.673687e-01
4.042495e-01
0
0
3.805551e-01
4.796891e-01
2.379855e-01
7.319867e-03
3.159585e-02
0
0
0
1.145441e-01
2.887654e-01
0
0
7.311112e-02
1.077854e-01
2.791521e-01
2.152201e-01
0
1.616934e-01
0
0
0
1.781854e-01
7.077964e-01
6.116424e-01
4.674620e-01
2.349683e-01
1.015684e-01
2.259922e-01
2.575870e-01
4.181992e-02
1.284359e-01
1.085269e-01
2.162063e-01
4.373108e-01
2.294304e-01
1.545463e-01
3.975323e-02
2.775499e-02
0
0
0
1.034671e-01
0
0
4.404152e-01
2.642849e-01
0
0
5.746971e-02
8.136659e-02
9.630888e-02
6.145535e-02
0
0
1.080988e-01
2.782398e-01
3.828729e-03
2.595429e-01
1.756809e-01
0
6.264163e-01
8.338699e-01
1.006242e-01
0
0
2.699545e-01
5.637807e-02
3.067902e-01
0
2.388022e-01
4.673003e-01
3.371745e-01
5.576902e-01
2.809128e-01
4.721550e-01
3.502292e-01
4.881051e-01
1.809118e-01
1
7.784901e-01
1.998882e-01
5.240457e-01
1.921841e-01
1.596281e-01
0
0
0
4.175034e-01
6.433684e-01
4.237384e-01
0
0
0
0
0
0
0
0
0
0
4.814078e-02
0
0
0
0
0
0
0
0
0
0
0
1.295422e-02
0
0
0
4.267286e-01
3.961534e-01
0
0
0
4.343345e-02
1.756185e-01
1.270583e-01
0
0
0
0
5.087178e-01
4.358102e-01
3.036637e-01
4.950920e-01
3.311294e-01
4.809166e-01
2.547087e-01
3.402261e-01
0
0
1.259968e-01
1.045369e-02
3.751317e-01
9.379277e-02
1.737769e-01
2.054968e-02
0
0
0
0
0
0
3.254496e-01
3.695873e-02
1.430778e-01
0
1.195811e-01
1.555202e-01
0
2.494268e-01
3.140939e-01
1.482139e-02
3.797573e-01
0
4.983873e-01
0
3.001988e-02
7.164510e-02
0
0
0
0
1.818428e-01
5.398620e-01
2.804233e-01
1.404184e-01
2.389496e-01
2.587441e-01
6.982138e-01
5.620944e-01
0
0
0
1.769899e-01
5.625692e-03
4.976959e-01
0
1.010997e-01
2.347400e-01
2.284912e-01
3.746963e-01
4.625623e-01
2.436679e-01
4.013051e-01
5.139760e-01
0
7.784901e-01
1
5.460138e-02
1.810542e-01
8.975869e-02
2.774238e-01
0
0
2.283517e-03
1.848712e-01
5.867355e-01
2.876136e-01
0
0
1.665290e-02
0
0
0
3.476730e-03
6.523274e-02
0
0
1.295553e-01
0
0
0
0
0
6.542711e-02
0
1.087036e-01
0
0
0
0
0
0
0
5.318104e-01
1.925092e-01
0
0
0
1.596951e-01
2.238164e-01
3.323993e-01
0
0
0
0
7.637254e-01
6.507738e-01
3.075294e-01
4.730519e-01
5.485017e-01
5.379555e-01
3.939382e-01
4.499229e-01
6.816841e-02
0
9.596536e-02
0
3.506477e-01
1.106391e-02
2.635473e-01
8.081954e-02
0
0
0
0
0
0
2.169607e-01
0
9.108536e-02
0
2.449154e-01
1.311376e-01
0
2.085957e-01
4.770362e-01
1.704648e-01
3.042186e-01
0
6.212373e-01
1.846614e-01
0
5.072395e-02
1.483595e-01
0
2.259561e-02
2.184751e-01
2.641768e-01
5.016954e-01
3.094502e-01
0
2.891101e-01
1.052591e-01
0
1.837441e-01
1.156820e-01
1.974351e-01
2.631770e-01
1.311198e-01
3.008966e-01
9.068137e-02
2.485283e-02
7.330916e-02
1.345429e-02
1.416221e-01
1.531979e-01
9.902508e-02
1.668140e-01
4.106735e-01
9.375258e-02
1.255049e-01
1.998882e-01
5.460138e-02
1
6.606529e-01
1.178558e-01
6.978227e-02
3.287200e-01
0
3.610325e-01
3.017784e-01
1.444676e-01
2.997058e-01
8.247008e-02
1.017839e-01
9.298293e-02
8.418636e-02
0
2.310002e-02
0
0
1.931739e-01
0
2.367079e-01
0
0
0
0
0
0
2.087300e-02
2.968710e-02
2.615847e-02
0
0
0
0
0
0
0
0
0
0
0
0
0
0
0
9.357398e-02
0
0
0
0
3.396840e-01
4.006704e-01
8.950948e-02
0
9.911843e-02
0
0
7.818845e-03
0
0
0
4.044402e-01
7.556915e-03
1.889640e-01
3.362750e-02
2.655097e-01
0
0
0
0
2.893425e-01
1.144408e-01
1.792041e-01
1.333444e-01
0
0
2.537617e-02
0
2.681642e-02
0
7.636865e-02
0
8.316945e-02
8.078726e-02
0
0
0
3.550442e-02
0
0
0
9.730604e-02
0
1.401933e-01
0
0
0
4.556143e-01
4.718907e-01
0
2.541408e-01
3.393686e-01
4.337705e-01
0
9.248898e-02
3.186263e-01
2.439097e-01
0
3.225891e-01
0
3.276945e-01
1.497047e-01
2.806539e-01
3.644692e-01
5.240457e-01
1.810542e-01
6.606529e-01
1.000000e+00
4.887751e-01
1.920158e-01
4.075746e-01
0
2.240072e-01
3.355978e-01
3.642032e-01
1.532120e-01
1.655042e-01
0
3.048806e-01
1.014136e-01
0
0
0
0
0
0
2.769073e-01
1.838010e-01
0
0
0
0
2.647587e-02
0
0
0
0
0
0
1.039623e-02
0
0
0
0
0
0
0
0
0
0
1.336393e-01
2.132625e-01
0
0
0
1.683073e-01
5.498094e-01
7.013370e-01
2.576748e-01
2.116738e-01
2.972418e-01
7.264597e-02
0
0
1.867930e-01
1.244518e-01
1.018796e-01
3.215762e-01
0
0
3.881870e-02
7.698851e-02
0
0
0
0
4.455853e-01
3.940600e-01
4.124899e-01
3.442132e-01
0
0
0
5.547998e-02
8.568105e-02
1.247111e-01
1.466187e-01
2.040770e-01
1.338458e-01
0
0
0
0
0
0
0
0
3.723257e-01
9.893296e-02
3.764569e-01
0
0
0
1.535044e-01
7.109684e-01
2.160807e-01
5.137228e-01
3.847335e-01
5.786362e-01
6.868586e-02
3.205702e-01
3.810478e-01
3.133160e-01
0
2.004315e-01
1.548954e-02
4.197602e-01
2.600426e-01
0
0
1.921841e-01
8.975869e-02
1.178558e-01
4.887751e-01
1
7.527653e-01
5.866257e-01
1.967609e-02
3.179990e-01
1.266844e-02
0
0
3.999824e-01
0
5.390488e-02
0
3.086667e-01
2.335281e-01
1.056967e-01
0
0
0
1.652728e-01
3.290919e-01
0
0
0
0
0
0
0
0
0
0
0
2.673511e-02
0
0
0
0
0
0
0
1.725762e-01
0
0
6.154899e-01
6.371995e-01
1.036467e-01
0
0
3.065480e-01
5.524595e-01
6.709795e-01
2.969525e-01
2.434523e-01
1.293687e-01
4.391692e-01
0
9.593646e-04
1.242514e-01
2.760585e-02
0
3.587767e-01
0
0
2.319651e-01
3.204561e-01
0
0
0
0
4.963125e-01
4.078629e-01
7.261575e-01
6.522301e-01
0
0
0
4.545651e-02
0
5.182027e-03
2.599694e-01
4.374186e-01
2.174779e-01
0
0
0
0
0
0
0
0
0
4.398934e-01
3.060463e-01
0
0
0
0
4.136178e-01
3.409378e-01
5.420724e-01
4.306148e-01
4.562681e-01
2.873913e-01
3.617617e-01
2.931333e-01
3.499399e-01
0
2.554995e-01
3.089559e-01
3.329900e-01
3.470472e-01
0
0
1.596281e-01
2.774238e-01
6.978227e-02
1.920158e-01
7.527653e-01
1
5.091777e-01
2.288966e-01
4.456329e-01
1.931554e-01
0
0
3.297230e-01
8.806159e-02
8.833797e-02
0
1.607771e-01
1.824940e-01
6.142577e-02
1.010666e-01
0
0
0
2.794571e-01
0
0
0
0
0
7.470576e-02
0
0
0
0
0
0
0
0
0
0
0
0
0
2.783176e-01
0
0
4.466738e-01
5.876663e-01
1.985651e-01
5.197319e-02
0
4.902116e-01
3.478011e-01
4.868805e-01
1.143542e-01
1.233455e-01
0
3.528273e-01
0
0
0
1.478814e-01
0
4.189801e-01
0
0
1.742348e-01
2.856198e-01
0
0
0
0
3.488370e-01
3.101044e-01
7.767088e-01
5.882658e-01
1.725047e-01
0
0
7.039454e-02
0
1.251354e-01
1.940492e-01
3.712987e-01
3.943541e-01
1.885173e-01
0
0
0
0
1.493671e-01
0
0
0
3.489789e-01
0
0
0
0
0
3.410180e-01
7.546863e-03
8.320656e-01
3.166790e-01
2.275833e-01
0
1.905105e-01
3.125230e-01
1.539117e-02
0
0
0
8.031880e-02
1.752862e-01
0
3.558743e-01
0
0
3.287200e-01
4.075746e-01
5.866257e-01
5.091777e-01
1
4.903295e-01
7.820735e-01
3.335673e-01
0
0
4.745842e-02
0
0
0
4.661229e-01
4.095921e-01
9.097500e-02
1.725810e-01
0
0
1.753732e-01
3.434792e-01
0
0
0
0
0
6.445149e-02
0
8.808078e-02
1.073234e-01
1.920573e-01
0
1.458437e-01
0
4.444028e-02
0
0
0
0
0
0
0
0
5.440721e-01
7.337071e-01
2.248624e-01
1.171108e-01
0
1.236530e-01
3.597216e-01
4.070058e-01
0
0
0
0
0
9.094610e-02
2.210474e-01
3.378897e-01
0
4.950515e-01
0
0
1.859322e-01
5.042492e-01
0
0
0
1.886268e-01
2.506771e-01
3.074267e-01
5.435582e-01
5.525232e-01
0
0
0
8.520002e-03
0
3.636301e-02
1.499040e-01
4.925001e-01
0
0
0
0
0
0
0
0
0
0
1.511643e-01
1.699845e-01
0
0
0
0
1.796216e-02
0
6.145414e-01
2.555977e-01
2.591861e-03
2.552398e-03
4.370566e-01
1.945531e-01
0
0
0
0
0
0
0
0
0
0
0
0
1.967609e-02
2.288966e-01
4.903295e-01
1.000000e+00
4.310963e-01
2.055563e-01
0
0
2.124172e-01
2.014244e-01
2.879169e-01
3.635688e-01
4.739971e-01
6.162405e-01
1.798345e-01
2.117095e-02
8.395654e-02
1.936788e-01
6.055384e-04
2.928777e-01
5.740990e-01
5.399423e-01
6.337896e-01
6.639119e-01
3.554357e-01
5.655512e-01
3.508453e-01
4.872434e-01
0
0
0
0
5.540610e-02
2.250604e-01
0
0
0
0
0
2.078750e-01
0
0
3.130111e-01
1.942823e-01
3.007234e-01
4.062657e-01
0
0
0
0
0
0
0
0
0
0
0
2.367647e-01
0
1.437477e-01
0
0
0
2.999250e-01
0
1.290141e-01
0
0
0
4.316840e-02
2.250748e-01
2.211852e-01
0
0
1.783303e-02
0
0
2.546858e-01
0
2.601601e-01
0
7.582802e-02
0
0
5.119946e-02
9.471068e-02
3.969347e-02
0
0
0
0
0
0
0
0
0
0
0
6.538102e-01
3.061003e-01
0
1.842534e-01
1.800283e-02
2.105067e-01
0
3.532170e-02
0
3.430968e-01
5.466260e-03
2.951594e-01
2.443359e-01
3.143342e-01
0
2.283517e-03
3.610325e-01
2.240072e-01
3.179990e-01
4.456329e-01
7.820735e-01
4.310963e-01
1
4.465969e-01
0
0
0
0
0
0
6.910452e-02
6.008410e-02
0
1.523267e-01
0
5.100279e-02
1.631371e-01
3.338373e-01
0
0
0
0
0
3.891637e-02
0
1.280303e-01
0
6.299142e-02
0
0
0
1.067559e-01
3.067548e-01
0
0
0
0
5.774037e-02
0
0
1.432784e-01
5.423890e-01
0
0
1.859780e-02
3.288050e-01
3.435839e-01
4.439678e-01
8.812307e-02
0
0
0
0
1.278949e-02
2.786545e-01
2.671868e-01
0
5.343461e-01
0
0
0
3.454015e-01
0
0
0
1.235720e-01
2.330356e-01
1.085352e-01
4.316209e-01
3.236619e-01
0
0
0
2.289617e-01
0
1.092003e-01
3.596737e-01
2.353624e-01
2.007874e-01
1.741785e-02
0
0
9.144934e-02
0
5.175859e-02
0
1.950467e-03
0
1.482019e-01
1.597644e-01
5.082370e-02
0
0
1.575210e-01
3.807964e-03
8.352205e-02
2.864990e-01
5.757943e-01
0
3.135444e-01
1.323098e-01
4.612772e-01
3.141544e-01
3.460604e-01
3.905497e-01
2.696695e-01
3.332390e-01
2.586352e-01
3.851661e-01
3.298582e-01
4.175034e-01
1.848712e-01
3.017784e-01
3.355978e-01
1.266844e-02
1.931554e-01
3.335673e-01
2.055563e-01
4.465969e-01
1
5.305335e-02
2.197101e-01
0
0
2.886051e-02
2.916377e-01
0
2.947362e-03
0
0
0
0
0
9.642892e-03
0
0
0
0
0
0
9.966426e-03
2.512803e-02
0
0
0
0
0
0
1.330955e-01
0
0
0
0
2.540092e-01
0
0
0
2.656061e-01
0
0
1.137122e-02
1.452226e-01
1.833743e-01
2.054855e-01
0
0
0
0
0
0
7.542923e-02
4.236630e-01
1.877450e-01
1.437240e-01
0
0
0
1.023397e-01
0
0
0
0
3.608430e-02
5.266779e-02
2.445741e-01
2.257717e-01
0
2.781930e-01
0
2.276100e-01
0
0
1.290871e-01
1.896368e-01
1.237206e-01
0
0
0
3.669775e-02
1.100078e-01
0
0
4.310820e-02
1.851779e-01
5.726623e-02
0
0
0
4.671824e-01
5.467828e-01
0
0
0
1.834560e-02
9.552604e-02
1.296339e-01
9.475562e-04
4.518413e-02
1.645150e-01
1.381173e-01
5.054428e-01
0
3.087041e-01
5.722215e-02
5.088130e-01
4.976408e-02
6.433684e-01
5.867355e-01
1.444676e-01
3.642032e-01
0
0
0
0
0
5.305335e-02
1.000000e+00
6.610009e-01
7.396937e-02
1.844075e-01
3.334892e-01
1.314392e-01
0
0
0
0
1.053048e-01
0
7.426914e-02
0
2.852855e-02
2.764733e-02
0
0
1.150480e-01
0
4.903517e-02
0
0
0
0
0
0
0
2.146744e-01
3.061934e-01
0
0
2.473818e-01
0
4.489562e-01
3.085082e-01
0
0
0
0
4.881394e-01
9.829559e-02
2.186936e-01
3.232424e-01
2.824395e-01
2.404935e-01
3.295411e-01
8.819011e-02
1.813942e-01
3.694641e-02
1.190184e-01
0
6.273568e-01
0
5.019477e-01
2.576429e-01
0
0
3.481414e-02
0
0
0
1.023942e-01
2.781228e-02
0
0
5.935252e-02
2.269968e-01
7.937664e-03
2.931416e-02
4.110233e-01
1.262617e-01
8.575778e-03
0
1.469905e-01
9.583142e-02
0
1.165635e-01
0
5.434904e-02
0
0
5.365986e-02
7.715548e-01
0
9.264329e-02
1.045265e-01
2.679278e-01
3.598697e-01
3.937112e-01
0
0
0
0
0
4.411327e-02
0
0
0
6.002289e-01
1.577774e-01
1.356502e-01
1.817520e-01
2.770813e-01
4.554500e-01
3.491082e-01
4.237384e-01
2.876136e-01
2.997058e-01
1.532120e-01
0
0
0
0
0
2.197101e-01
6.610009e-01
1.000000e+00
0
9.030623e-02
0
0
0
0
0
0
4.414578e-01
1.590389e-01
1.684656e-01
0
0
0
0
0
0
0
0
0
0
0
1.943444e-01
0
1.237945e-01
0
1.880002e-01
4.546104e-01
1.307889e-01
8.408418e-02
1.543352e-01
0
5.162079e-01
3.885217e-01
0
0
0
0
2.371847e-01
0
0
4.908282e-03
9.745479e-02
2.825818e-02
3.036111e-02
0
8.268432e-02
2.873641e-01
1.178789e-01
0
5.786882e-01
0
7.453806e-01
7.801592e-01
0
0
4.467785e-01
3.780258e-01
1.970397e-02
1.223436e-01
0
0
0
0
0
2.653339e-01
0
0
9.935304e-02
0
4.305092e-02
0
0
0
0
2.612028e-02
0
3.181248e-02
0
1.846554e-01
1.572029e-01
3.697460e-01
0
0
1.244947e-01
3.034982e-01
0
0
6.362865e-01
4.181542e-01
2.562345e-01
1.967241e-01
5.659421e-01
7.649495e-02
6.758889e-01
2.306493e-01
2.331211e-01
0
3.675155e-01
0
5.116344e-01
1.760826e-01
0
0
0
0
8.247008e-02
1.655042e-01
3.999824e-01
3.297230e-01
4.745842e-02
2.124172e-01
0
0
7.396937e-02
0
1
7.521099e-01
5.576698e-01
3.404554e-01
5.262768e-01
5.425582e-01
1.762060e-02
0
7.296743e-02
0
0
0
4.073308e-01
3.112944e-01
4.981620e-01
3.629705e-01
6.182151e-02
2.767617e-01
0
0
0
0
0
0
0
0
0
0
0
0
0
2.400274e-01
0
0
3.738037e-01
1.967790e-02
3.057902e-01
2.181967e-01
0
0
2.570997e-02
2.169237e-01
0
0
0
0
3.121419e-01
3.360058e-02
0
1.819747e-02
0
0
0
0
2.221572e-01
0
0
0
0
0
1.031382e-01
2.625112e-01
4.072136e-01
3.519758e-01
0
0
2.805012e-01
0
0
0
0
2.683510e-01
0
7.362063e-02
0
0
0
1.251010e-01
0
0
0
0
0
0
0
0
0
0
2.787475e-01
4.387167e-01
1.243199e-01
0
3.498822e-01
3.870226e-02
5.426689e-01
0
2.205628e-01
0
4.535691e-01
1.127901e-02
4.609476e-01
2.483168e-01
0
0
0
0
1.017839e-01
0
0
8.806159e-02
0
2.014244e-01
0
0
1.844075e-01
9.030623e-02
7.521099e-01
1.000000e+00
5.408126e-01
5.514965e-01
2.839896e-01
3.618470e-01
0
0
2.941698e-01
7.872783e-02
0
0
3.958737e-01
3.796849e-01
5.476724e-01
5.020139e-01
5.427550e-02
2.155138e-01
1.878006e-01
5.747071e-02
0
0
0
0
0
0
0
0
0
0
3.011344e-02
1.699026e-01
3.744621e-02
2.613557e-01
7.319548e-03
0
2.881828e-01
3.423835e-01
0
0
0
0
0
0
0
0
2.842649e-01
0
0
0
0
0
3.069689e-01
1.571606e-01
8.755375e-02
0
1.220631e-01
0
0
0
0
0
0
7.781296e-02
0
6.897392e-02
1.962063e-01
0
0
0
0
9.387124e-02
0
2.837925e-01
0
0
0
1.405490e-01
3.684461e-02
0
0
0
0
0
0
8.149444e-02
0
0
2.147385e-01
0
1.648187e-01
1.076691e-01
4.648298e-01
0
5.198570e-01
9.268233e-02
1.877777e-01
0
3.680662e-01
0
1.022348e-01
0
0
0
0
1.665290e-02
9.298293e-02
3.048806e-01
5.390488e-02
8.833797e-02
0
2.879169e-01
0
2.886051e-02
3.334892e-01
0
5.576698e-01
5.408126e-01
1
7.971793e-01
2.104034e-01
3.767845e-01
0
0
5.258859e-02
0
8.418969e-03
8.322416e-02
7.764481e-01
6.447249e-01
7.393772e-01
6.937145e-01
6.530487e-01
6.686497e-01
6.465706e-01
5.237740e-01
0
0
0
0
0
0
0
0
0
0
0
0
0
5.075641e-02
8.724851e-02
0
2.246025e-01
1.058847e-01
0
0
0
8.664254e-02
0
0
2.023330e-02
0
1.420198e-01
0
0
0
0
0
0
0
0
0
0
0
0
0
0
2.752714e-01
7.784480e-02
2.057886e-01
1.017647e-01
0
4.699592e-01
0
1.718002e-01
5.458949e-01
0
1.355545e-01
0
2.000821e-01
0
0
0
0
0
0
0
3.387976e-01
0
0
0
0
0
0
1.197547e-01
1.507961e-01
1.514059e-01
1.433623e-01
2.221143e-01
0
4.494409e-01
7.076143e-02
1.906060e-01
0
2.977733e-01
0
6.530741e-02
0
0
0
0
0
8.418636e-02
1.014136e-01
0
0
0
3.635688e-01
0
2.916377e-01
1.314392e-01
0
3.404554e-01
5.514965e-01
7.971793e-01
1
2.660046e-01
4.709781e-01
0
0
0
0
0
2.334792e-02
6.944813e-01
4.968701e-01
6.530680e-01
6.314436e-01
5.360886e-01
5.627022e-01
6.480153e-01
5.115684e-01
0
0
0
0
0
0
0
0
0
0
1.448158e-01
6.279397e-02
0
0
5.322756e-03
0
8.661642e-02
1.650316e-01
0
0
0
0
0
0
0
0
0
0
0
1.640274e-02
0
0
0
0
0
0
0
0
0
0
0
0
0
5.202955e-02
6.194311e-02
1.942630e-01
2.756465e-01
8.038800e-03
0
3.286000e-01
0
0
0
0
0
0
0
8.142707e-02
0
0
0
1.382488e-01
0
0
0
5.182516e-03
0
0
5.876788e-01
2.512687e-01
6.337426e-01
6.733001e-02
3.378643e-01
0
5.139886e-01
7.707381e-02
1.695277e-01
0
0
0
1.580988e-01
0
0
2.742676e-02
0
0
0
0
3.086667e-01
1.607771e-01
4.661229e-01
4.739971e-01
6.910452e-02
0
0
0
5.262768e-01
2.839896e-01
2.104034e-01
2.660046e-01
1.000000e+00
8.822489e-01
1.782999e-01
0
0
0
0
2.508705e-01
2.953496e-01
1.402679e-01
4.257350e-01
2.891488e-01
0
2.141479e-01
0
0
0
0
0
2.132403e-01
0
0
0
0
0
0
0
0
0
0
8.158646e-01
4.212923e-01
6.246095e-01
5.844923e-01
0
0
1.091134e-01
0
0
0
0
0
0
0
5.185629e-02
3.715796e-01
0
1.619964e-02
0
0
5.404618e-01
2.396524e-01
0
0
1.290381e-01
6.727381e-02
0
3.126542e-01
2.968502e-01
5.436284e-01
0
0
9.499845e-02
0
0
0
0
6.149734e-01
0
4.002652e-02
2.898312e-02
1.358220e-02
0
4.869880e-01
0
0
0
0
0
0
0
0
0
0
4.549578e-01
3.243293e-01
5.975178e-01
1.579493e-01
3.804513e-01
0
5.720858e-01
1.773021e-01
7.848566e-02
0
0
0
5.426481e-02
0
0
0
0
0
2.310002e-02
0
2.335281e-01
1.824940e-01
4.095921e-01
6.162405e-01
6.008410e-02
2.947362e-03
0
0
5.425582e-01
3.618470e-01
3.767845e-01
4.709781e-01
8.822489e-01
1
2.222323e-01
0
5.584216e-02
0
0
3.055122e-01
5.367424e-01
3.618290e-01
6.156803e-01
4.891149e-01
1.910745e-01
5.141056e-01
1.369506e-01
1.259635e-01
0
7.076780e-03
0
1.187222e-01
0
1.668862e-01
0
0
0
0
0
1.438684e-01
0
0
6.486469e-01
2.554061e-01
4.786313e-01
5.328384e-01
0
0
0
0
0
0
0
0
0
0
0
1.214497e-01
0
0
0
0
3.119864e-01
2.618052e-01
0
0
0
0
0
2.588161e-01
2.659480e-01
4.239881e-01
0
0
2.875381e-01
0
0
0
0
3.957448e-01
0
0
0
0
0
3.352957e-01
0
0
0
0
0
0
0
0
0
0
0
0
2.026484e-01
0
8.071047e-02
0
4.444580e-02
8.316285e-02
2.231834e-02
0
0
0
0
4.770705e-02
0
0
0
3.476730e-03
0
0
1.056967e-01
6.142577e-02
9.097500e-02
1.798345e-01
0
0
0
0
1.762060e-02
0
0
0
1.782999e-01
2.222323e-01
1
6.048485e-01
3.021924e-01
1.846507e-01
5.745676e-01
2.767921e-01
1.107317e-01
2.179610e-01
2.510950e-01
1.513588e-01
3.799717e-02
8.014244e-02
2.455346e-02
0
0
0
0
0
3.149326e-01
1.415499e-01
0
0
0
0
0
1.602304e-02
0
4.042741e-02
3.114140e-01
2.717102e-02
2.663248e-01
1.446636e-01
0
5.345193e-02
2.952855e-01
3.657969e-02
3.627210e-01
1.542012e-01
2.176187e-01
1.047507e-01
4.654262e-01
3.822585e-01
1.819933e-01
0
0
0
2.136576e-01
2.237793e-01
4.551727e-02
0
1.265538e-01
3.925884e-01
4.413914e-02
5.654984e-02
0
2.783306e-01
1.142820e-01
2.459575e-01
0
0
1.500946e-01
0
0
2.210047e-02
0
4.230393e-01
0
2.345333e-01
0
1.647176e-01
0
4.210760e-02
0
3.458098e-02
0
0
9.239851e-02
0
0
0
7.988289e-02
0
0
0
1.510444e-01
0
0
0
0
0
8.482384e-02
0
0
0
0
3.802431e-02
0
1.448186e-01
0
6.523274e-02
0
0
0
1.010666e-01
1.725810e-01
2.117095e-02
1.523267e-01
0
0
0
0
0
0
0
0
0
6.048485e-01
1.000000e+00
4.199955e-01
4.639028e-01
5.867433e-01
1.987761e-01
0
0
0
0
0
0
0
9.762243e-02
2.698724e-01
2.020427e-01
0
4.048995e-02
3.179915e-01
1.320539e-01
1.141556e-01
4.147499e-02
2.218542e-01
5.030130e-02
0
0
0
2.587138e-01
7.142134e-02
0
3.392993e-01
3.374861e-01
1.971526e-01
1.544718e-01
7.272638e-02
0
2.988641e-01
3.941361e-01
3.070721e-01
2.236799e-01
3.494103e-01
3.399798e-01
3.846457e-02
0
0
0
2.514165e-01
2.039280e-01
7.449614e-02
0
2.459144e-01
2.266522e-01
2.355416e-01
1.731262e-01
0
1.339167e-01
0
0
0
0
0
0
1.410008e-01
6.180093e-02
1.342707e-01
1.990548e-01
2.317519e-01
3.886642e-01
0
1.701654e-02
1.189107e-01
0
0
5.224539e-02
0
0
4.226820e-02
0
0
0
0
0
0
0
0
0
0
0
0
0
0
3.973751e-02
0
0
0
2.145214e-01
0
7.655234e-02
0
0
1.931739e-01
0
0
0
0
8.395654e-02
0
0
1.053048e-01
4.414578e-01
7.296743e-02
2.941698e-01
5.258859e-02
0
0
5.584216e-02
3.021924e-01
4.199955e-01
1
5.836247e-01
6.296838e-01
1.371752e-03
8.580573e-02
2.237103e-01
1.889772e-01
1.874393e-01
0
6.334565e-02
4.516809e-02
3.457151e-02
0
0
0
0
4.756938e-01
3.705804e-01
0
2.425488e-02
1.131400e-01
8.198254e-02
0
0
9.960185e-02
3.266632e-01
0
0
1.141397e-01
2.069979e-01
0
0
0
0
0
0
8.721204e-02
0
6.835389e-01
6.390387e-01
0
0
5.084549e-02
0
7.734427e-01
7.377996e-01
0
0
5.394179e-01
7.526278e-01
1.987406e-01
1.953989e-01
0
0
0
0
0
0
1.945777e-01
0
6.061331e-02
0
0
0
0
1.502073e-01
0
0
0
0
0
8.070734e-02
0
0
0
0
0
0
9.091470e-02
0
0
0
0
0
0
0
0
0
0
1.980019e-01
0
2.574114e-01
0
2.549100e-01
0
0
0
0
0
0
0
0
0
1.936788e-01
5.100279e-02
0
0
1.590389e-01
0
7.872783e-02
0
0
0
0
1.846507e-01
4.639028e-01
5.836247e-01
1
4.024273e-01
2.789780e-01
0
5.315865e-02
2.771973e-04
5.019280e-02
0
5.126082e-02
1.584499e-01
1.603451e-01
1.373277e-01
2.378492e-01
1.272044e-01
0
5.363139e-01
4.571015e-01
0
1.309808e-01
2.971231e-01
3.088148e-01
0
0
9.948319e-02
3.751849e-01
0
0
0
1.760189e-01
9.363420e-04
0
0
0
0
0
0
0
2.072435e-01
1.913447e-01
0
0
0
1.868560e-01
4.616299e-01
4.756074e-01
0
2.161632e-01
2.828029e-01
5.999690e-01
3.168863e-01
2.289777e-01
0
0
0
0
0
1.094154e-01
7.384582e-02
0
1.251169e-01
0
4.148060e-04
0
7.949244e-03
1.394276e-02
0
0
2.601122e-01
0
2.933897e-01
3.819854e-01
9.163912e-02
0
0
0
0
1.905476e-01
0
1.888885e-02
0
0
1.709292e-01
0
1.426087e-01
0
0
0
0
0
0
0
7.284288e-02
2.781190e-01
0
1.932643e-01
4.814078e-02
1.295553e-01
2.367079e-01
2.769073e-01
1.652728e-01
0
1.753732e-01
6.055384e-04
1.631371e-01
0
7.426914e-02
1.684656e-01
0
0
8.418969e-03
0
0
0
5.745676e-01
5.867433e-01
6.296838e-01
4.024273e-01
1
4.003169e-01
0
7.227383e-02
0
0
0
2.670023e-02
0
0
0
0
0
0
2.602852e-01
1.296767e-01
0
0
0
0
0
0
0
1.098444e-01
3.789903e-03
0
7.354562e-02
0
7.715617e-02
0
3.648041e-01
4.172483e-01
5.080527e-01
3.584177e-01
4.942536e-01
1.801230e-01
5.348253e-01
5.584878e-01
1.042618e-01
0
0
5.752114e-02
4.633122e-01
3.778556e-01
0
0
3.303293e-03
5.069269e-01
0
9.188556e-02
4.217158e-02
2.028649e-01
6.995024e-02
0
0
0
7.985814e-02
0
2.816428e-01
0
1.429212e-01
1.259793e-01
1.023640e-01
9.572921e-02
0
0
0
0
0
0
0
0
0
0
0
0
0
0
3.170416e-01
0
4.544602e-01
0
1.842015e-01
0
2.654197e-02
0
8.290297e-02
0
0
0
1.149548e-01
0
0
1.553778e-01
0
0
0
1.838010e-01
3.290919e-01
2.794571e-01
3.434792e-01
2.928777e-01
3.338373e-01
9.642892e-03
0
0
0
0
8.322416e-02
2.334792e-02
2.508705e-01
3.055122e-01
2.767921e-01
1.987761e-01
1.371752e-03
2.789780e-01
4.003169e-01
1.000000e+00
1.564863e-02
0
6.281904e-02
7.405680e-03
8.356937e-03
2.491353e-01
2.969491e-02
0
0
1.006851e-01
0
0
0
4.179127e-02
0
0
0
0
0
0
0
0
4.205607e-01
2.164384e-01
2.208363e-01
1.369086e-01
0
1.086373e-01
2.400167e-01
2.900951e-01
1.620089e-01
1.591769e-01
6.095645e-02
7.432561e-02
0
0
3.313546e-01
1.672729e-01
0
3.777379e-01
0
0
2.044074e-01
1.009262e-01
0
9.424332e-02
0
0
0
1.560080e-01
2.122024e-01
2.653887e-01
1.527676e-01
0
1.893849e-01
2.210095e-01
1.556106e-01
3.872007e-01
2.323962e-01
3.178488e-01
2.991800e-01
9.429849e-02
1.741543e-01
1.720785e-01
9.640091e-02
2.319951e-01
0
2.038412e-02
0
0
1.448278e-01
2.165878e-01
1.199962e-01
0
0
0
0
0
1.674546e-01
1.846987e-01
2.669169e-01
1.050726e-01
5.424694e-01
1.715527e-01
0
0
0
0
0
0
0
0
0
0
0
0
0
0
0
5.740990e-01
0
0
2.852855e-02
0
4.073308e-01
3.958737e-01
7.764481e-01
6.944813e-01
2.953496e-01
5.367424e-01
1.107317e-01
0
8.580573e-02
0
0
1.564863e-02
1
9.137607e-01
8.980179e-01
9.154229e-01
8.622438e-01
9.058456e-01
7.493219e-01
6.883965e-01
0
0
0
0
1.863878e-01
2.243460e-01
0
0
0
0
0
2.639497e-01
0
4.954669e-02
5.058775e-02
0
1.879160e-01
1.918134e-01
0
0
0
0
0
0
0
0
2.141538e-01
0
0
0
0
0
0
0
0
0
0
0
0
0
0
1.056084e-01
0
9.860839e-02
1.061692e-02
4.733544e-03
5.140494e-01
0
8.178013e-02
4.914235e-01
0
0
0
3.611823e-02
0
0
0
0
0
0
0
1.628297e-02
0
0
0
0
0
0
0
0
5.838057e-02
0
1.680464e-01
1.271191e-02
3.588751e-01
0
0
0
0
0
0
0
0
0
0
0
0
0
0
0
0
5.399423e-01
0
0
2.764733e-02
0
3.112944e-01
3.796849e-01
6.447249e-01
4.968701e-01
1.402679e-01
3.618290e-01
2.179610e-01
0
2.237103e-01
5.315865e-02
7.227383e-02
0
9.137607e-01
1
8.819667e-01
9.318774e-01
8.234048e-01
8.663442e-01
7.516524e-01
7.217492e-01
0
0
0
0
3.548622e-01
3.181960e-01
0
0
0
0
1.361989e-02
1.482064e-01
3.730589e-02
2.893683e-01
0
0
2.760727e-01
3.042029e-01
0
0
0
0
1.000250e-01
0
1.099327e-01
1.916212e-02
3.215492e-01
7.172125e-02
0
0
0
0
0
0
0
0
4.265904e-02
9.248181e-02
0
0
0
0
0
0
0
0
5.246825e-01
0
1.753800e-01
4.611887e-01
0
0
0
1.334139e-01
0
0
0
0
0
0
0
0
0
0
0
0
0
0
2.963611e-02
0
2.139295e-01
0
2.404767e-01
0
5.339355e-01
0
0
0
0
0
0
0
0
0
0
0
0
0
0
0
0
6.337896e-01
0
0
0
0
4.981620e-01
5.476724e-01
7.393772e-01
6.530680e-01
4.257350e-01
6.156803e-01
2.510950e-01
0
1.889772e-01
2.771973e-04
0
6.281904e-02
8.980179e-01
8.819667e-01
1
9.482167e-01
6.386365e-01
7.699684e-01
5.989627e-01
5.589384e-01
0
0
0
0
1.480384e-01
8.975274e-02
0
0
0
0
3.587655e-02
1.569910e-01
0
2.096596e-01
2.056293e-01
0
4.369357e-01
4.867594e-01
0
0
0
0
0
0
0
0
2.073954e-01
0
0
0
0
0
0
0
0
0
5.153535e-02
0
0
0
0
1.189027e-01
0
9.201677e-02
0
2.000428e-02
4.431318e-01
0
0
3.760611e-01
0
1.456699e-01
0
2.351365e-01
0
0
0
7.330808e-02
0
0
0
0
0
0
0
0
0
0
0
0
1.764712e-01
0
1.109525e-01
7.810429e-03
4.241225e-01
0
0
0
0
0
0
0
0
0
0
0
0
0
0
0
0
6.639119e-01
0
0
0
0
3.629705e-01
5.020139e-01
6.937145e-01
6.314436e-01
2.891488e-01
4.891149e-01
1.513588e-01
0
1.874393e-01
5.019280e-02
0
7.405680e-03
9.154229e-01
9.318774e-01
9.482167e-01
1
7.310542e-01
8.285902e-01
7.128673e-01
7.226397e-01
0
0
0
0
2.014879e-01
1.937234e-01
0
0
0
0
2.273665e-02
1.708513e-01
0
2.666717e-01
2.342409e-02
0
3.755680e-01
4.625648e-01
0
0
0
0
0
0
0
0
1.953489e-01
0
0
0
0
0
0
0
0
0
9.424809e-02
0
0
0
0
0
0
0
0
6.047739e-02
4.221587e-01
0
0
4.354737e-01
0
3.244472e-03
0
2.445091e-01
0
0
0
3.265408e-02
0
0
0
0
0
0
0
0
0
0
0
0
3.866895e-03
2.403377e-01
2.069659e-01
1.956600e-01
2.963568e-01
1.728621e-01
0
0
0
0
0
0
6.482604e-02
0
0
6.542711e-02
0
2.647587e-02
0
0
0
3.554357e-01
0
0
1.150480e-01
0
6.182151e-02
5.427550e-02
6.530487e-01
5.360886e-01
0
1.910745e-01
3.799717e-02
0
0
0
0
8.356937e-03
8.622438e-01
8.234048e-01
6.386365e-01
7.310542e-01
1
8.632148e-01
8.605469e-01
8.096708e-01
0
0
0
0
2.596285e-01
2.584208e-01
0
0
0
0
0
2.225255e-01
0
6.869288e-02
0
0
0
0
1.855216e-01
9.960151e-02
0
0
2.238131e-01
3.005018e-02
2.883633e-01
1.598101e-01
7.814609e-02
0
0
0
8.270340e-02
0
0
0
0
0
0
0
0
0
0
7.297781e-02
0
2.933434e-02
7.705113e-02
3.312997e-02
4.740160e-01
2.303949e-01
4.436990e-01
6.697550e-01
0
0
0
0
0
0
0
0
0
0
0
2.255362e-01
0
4.512453e-02
0
0
0
0
0
0
1.950164e-01
1.332866e-01
2.698681e-01
5.997301e-02
3.770621e-01
3.524126e-02
0
0
0
0
0
0
0
0
0
0
2.087300e-02
0
0
7.470576e-02
6.445149e-02
5.655512e-01
3.891637e-02
0
0
0
2.767617e-01
2.155138e-01
6.686497e-01
5.627022e-01
2.141479e-01
5.141056e-01
8.014244e-02
0
6.334565e-02
5.126082e-02
2.670023e-02
2.491353e-01
9.058456e-01
8.663442e-01
7.699684e-01
8.285902e-01
8.632148e-01
1.000000e+00
7.900163e-01
7.584517e-01
0
0
0
0
2.901067e-01
3.866648e-01
0
0
0
0
0
1.483523e-01
0
0
1.606862e-02
0
2.033236e-01
2.279466e-01
0
0
0
0
0
0
9.948123e-02
0
1.280426e-01
0
0
0
0
0
0
0
0
0
0
0
0
0
0
5.339765e-02
1.060940e-02
3.993624e-02
1.377952e-01
0
6.566611e-01
6.014414e-02
2.455983e-01
5.662625e-01
0
0
0
4.258712e-02
0
0
0
0
1.434068e-02
0
0
0
0
0
0
0
0
0
0
0
0
4.736956e-02
1.918278e-02
1.220453e-01
6.173029e-02
0
0
0
0
0
0
0
0
0
0
1.087036e-01
2.968710e-02
0
0
0
0
3.508453e-01
0
9.966426e-03
4.903517e-02
0
0
1.878006e-01
6.465706e-01
6.480153e-01
0
1.369506e-01
2.455346e-02
0
4.516809e-02
1.584499e-01
0
2.969491e-02
7.493219e-01
7.516524e-01
5.989627e-01
7.128673e-01
8.605469e-01
7.900163e-01
1
9.102970e-01
6.120273e-02
2.712192e-02
0
0
4.493232e-01
3.289247e-01
0
0
0
0
0
1.152468e-01
8.467726e-03
2.423704e-01
0
0
0
4.035100e-02
1.650034e-01
0
0
0
1.600703e-01
0
1.677014e-01
3.906290e-02
3.875272e-02
0
0
0
1.082394e-02
0
0
0
0
0
0
0
0
0
0
0
0
0
2.816129e-02
0
4.639849e-01
1.409922e-01
4.066517e-01
5.616768e-01
0
0
0
0
0
0
0
0
0
0
0
8.036103e-02
0
0
0
0
0
0
0
0
9.961539e-04
7.310874e-02
0
9.456622e-02
0
0
0
0
0
0
0
0
8.219575e-02
0
0
0
2.615847e-02
0
0
0
8.808078e-02
4.872434e-01
1.280303e-01
2.512803e-02
0
0
0
5.747071e-02
5.237740e-01
5.115684e-01
0
1.259635e-01
0
9.762243e-02
3.457151e-02
1.603451e-01
0
0
6.883965e-01
7.217492e-01
5.589384e-01
7.226397e-01
8.096708e-01
7.584517e-01
9.102970e-01
1
1.345432e-01
1.128364e-01
0
0
3.891814e-01
3.905518e-01
1.487146e-02
0
0
0
0
8.802664e-02
0
2.425076e-01
0
0
2.887823e-02
1.680671e-01
2.049481e-01
8.579113e-02
0
0
1.123475e-01
8.538257e-03
1.784920e-01
2.702657e-02
0
0
0
0
6.793839e-02
0
0
0
0
0
0
0
0
0
0
0
0
0
0
0
2.978904e-01
1.960677e-01
2.880344e-01
5.769388e-01
0
0
0
0
0
0
5.977978e-02
0
0
0
0
4.995655e-02
0
0
0
0
6.598818e-02
3.801016e-02
0
0
0
0
0
0
0
0
0
2.096883e-01
0
0
0
0
0
1.934029e-01
0
0
0
0
0
0
1.073234e-01
0
0
0
0
0
0
0
0
0
0
0
0
2.698724e-01
0
1.373277e-01
0
0
0
0
0
0
0
0
6.120273e-02
1.345432e-01
1
9.125494e-01
8.384647e-01
7.323850e-01
5.799785e-01
5.885903e-01
2.463456e-01
4.059352e-01
6.817848e-01
6.774308e-01
8.701605e-02
0
1.445081e-01
0
0
1.933330e-01
0
1.378804e-01
0
2.477204e-02
0
0
7.159535e-02
2.417557e-01
1.613338e-01
1.638645e-01
0
2.514258e-01
1.006910e-02
0
0
1.306723e-01
0
2.905427e-03
6.769155e-02
3.522142e-01
1.437621e-01
1.231442e-01
6.397063e-01
7.275182e-01
0
0
0
0
0
0
0
1.678816e-01
8.790578e-02
0
1.361554e-01
0
3.683651e-02
0
3.956404e-01
5.662389e-03
1.121565e-01
0
8.520527e-02
3.351187e-01
1.311321e-01
0
1.536481e-01
2.376727e-01
7.936961e-02
3.755906e-02
0
7.922952e-02
0
0
0
0
0
0
0
0
0
1.779866e-01
0
0
0
0
0
2.009190e-01
0
0
0
0
0
0
1.920573e-01
0
6.299142e-02
0
0
0
0
0
0
0
0
7.076780e-03
0
2.020427e-01
0
2.378492e-01
0
1.006851e-01
0
0
0
0
0
0
2.712192e-02
1.128364e-01
9.125494e-01
1.000000e+00
8.469885e-01
8.090675e-01
4.554402e-01
5.667816e-01
1.823352e-01
3.430624e-01
5.953606e-01
6.726089e-01
0
0
2.645477e-02
0
0
2.449729e-01
0
1.429147e-01
0
0
0
0
0
1.198991e-01
3.445733e-02
1.499280e-02
0
2.473509e-01
0
6.944067e-02
0
2.747116e-01
0
3.460087e-02
1.546050e-01
4.537355e-01
3.925274e-02
1.776975e-01
5.895298e-01
7.429778e-01
0
0
0
0
0
0
0
2.144918e-01
0
0
2.186538e-01
0
6.193626e-02
0
4.482366e-01
1.650359e-02
1.474604e-01
0
0
3.442955e-01
1.906121e-01
0
7.609262e-02
2.013159e-01
1.062232e-01
9.781843e-02
2.081722e-01
3.287552e-01
0
2.412845e-02
0
0
0
0
0
0
0
4.126272e-01
0
0
0
0
1.067228e-02
2.673687e-01
1.295422e-02
0
0
0
0
0
0
0
0
0
0
1.943444e-01
0
0
0
0
0
0
0
0
0
1.272044e-01
0
0
0
0
0
0
0
0
0
0
8.384647e-01
8.469885e-01
1
8.070046e-01
4.103184e-01
4.666218e-01
2.705236e-01
5.693137e-01
6.821870e-01
7.236702e-01
1.963379e-01
0
2.786833e-01
0
0
1.546719e-01
0
0
0
0
0
0
0
1.120764e-01
4.897522e-02
2.337021e-02
0
3.194598e-01
8.355187e-02
0
0
1.741677e-01
0
2.226526e-01
1.649244e-01
3.449894e-01
2.118309e-01
2.850650e-01
6.910933e-01
8.471409e-01
0
0
0
0
0
0
0
1.900200e-01
1.638809e-02
0
3.385455e-01
0
1.195729e-02
0
4.919711e-01
1.648250e-01
7.188662e-02
0
8.126008e-02
4.543478e-01
3.202918e-01
0
1.412941e-01
4.008460e-01
3.426462e-01
2.782549e-01
0
1.131911e-01
5.974079e-02
0
0
0
0
0
0
0
1.504188e-01
1.639107e-01
0
0
0
0
0
4.042495e-01
0
0
0
1.039623e-02
2.673511e-02
0
1.458437e-01
0
0
0
0
0
0
0
0
0
2.132403e-01
1.187222e-01
0
4.048995e-02
0
0
0
0
0
0
0
0
0
0
0
0
7.323850e-01
8.090675e-01
8.070046e-01
1
2.141348e-01
3.524878e-01
9.990599e-02
4.136821e-01
4.711036e-01
5.913113e-01
2.022034e-01
0
7.335555e-03
0
1.911640e-01
2.482650e-01
0
1.064537e-03
0
0
0
0
0
3.873142e-02
2.485962e-02
0
0
2.837150e-01
8.973944e-02
1.545216e-01
0
0
0
0
2.846302e-01
2.336886e-01
1.252950e-01
7.673764e-02
5.256351e-01
7.490576e-01
1.424800e-01
0
0
0
0
0
0
4.576740e-02
0
0
2.848931e-01
0
0
0
4.505801e-01
1.317607e-01
1.791967e-02
0
0
4.615118e-02
5.215186e-02
0
2.219942e-01
2.855239e-01
2.149062e-02
1.452777e-01
0
0
0
0
0
0
0
0
0
0
0
8.870739e-02
0
0
0
0
0
0
0
0
0
0
0
0
0
5.540610e-02
0
0
0
1.237945e-01
0
0
0
0
0
0
3.149326e-01
3.179915e-01
4.756938e-01
5.363139e-01
2.602852e-01
0
1.863878e-01
3.548622e-01
1.480384e-01
2.014879e-01
2.596285e-01
2.901067e-01
4.493232e-01
3.891814e-01
5.799785e-01
4.554402e-01
4.103184e-01
2.141348e-01
1.000000e+00
8.343877e-01
0
2.013824e-01
4.344975e-01
4.069309e-01
1.897799e-02
0
2.293600e-01
2.907271e-01
0
0
0
1.327528e-01
4.646671e-03
0
0
0
9.945939e-02
0
2.226534e-01
0
2.944263e-01
3.627961e-01
0
0
0
0
2.248559e-01
3.668847e-01
0
7.548848e-02
3.416877e-01
5.818903e-01
3.933774e-01
3.843320e-01
0
0
0
0
0
0
4.490672e-01
0
3.104911e-01
4.440553e-02
0
0
0
0
4.850810e-04
0
5.921426e-02
0
3.000866e-01
4.420216e-01
2.004985e-02
0
0
0
0
0
0
0
0
0
0
0
0
0
0
0
0
8.572208e-02
0
2.290337e-02
0
0
0
0
0
0
0
0
0
0
4.444028e-02
2.250604e-01
1.067559e-01
0
0
0
0
0
0
0
0
1.668862e-01
1.415499e-01
1.320539e-01
3.705804e-01
4.571015e-01
1.296767e-01
4.179127e-02
2.243460e-01
3.181960e-01
8.975274e-02
1.937234e-01
2.584208e-01
3.866648e-01
3.289247e-01
3.905518e-01
5.885903e-01
5.667816e-01
4.666218e-01
3.524878e-01
8.343877e-01
1
6.911099e-03
1.255511e-01
4.481418e-01
5.259652e-01
0
1.307145e-02
0
6.577871e-03
0
0
0
1.474903e-01
0
0
0
0
0
0
1.155887e-01
0
2.553972e-01
4.229475e-01
0
0
0
1.987226e-02
0
2.149080e-01
0
2.348332e-01
2.807836e-01
5.496624e-01
4.353233e-01
5.283916e-01
0
0
0
0
0
0
3.446818e-01
0
1.496551e-01
0
0
0
0
0
1.039800e-01
0
1.602146e-01
0
3.109136e-01
3.554348e-01
6.124760e-02
0
0
1.337118e-01
0
0
6.560158e-01
4.503493e-01
0
0
0
4.636856e-02
0
1.807347e-01
0
0
0
3.981569e-01
0
2.948290e-01
0
0
7.471519e-01
3.805551e-01
4.267286e-01
5.318104e-01
0
0
0
0
0
0
3.067548e-01
1.330955e-01
2.146744e-01
1.880002e-01
0
0
0
0
0
0
0
1.141556e-01
0
0
0
0
0
0
0
0
0
0
0
1.487146e-02
2.463456e-01
1.823352e-01
2.705236e-01
9.990599e-02
0
6.911099e-03
1
6.799474e-01
4.105886e-01
1.685218e-01
1.062440e-01
0
2.744123e-01
5.684475e-02
0
2.699296e-06
0
0
7.366599e-01
6.853017e-01
1.674905e-01
2.009870e-01
4.451679e-01
6.113991e-01
4.050773e-01
4.001368e-01
0
6.890937e-02
4.776247e-01
5.580351e-02
5.974718e-01
1.107953e-01
7.378375e-03
0
0
0
8.267176e-02
0
0
1.550505e-01
2.367471e-01
0
0
0
0
1.801061e-01
0
5.930921e-01
4.504345e-01
2.238766e-01
4.860689e-01
0
4.227218e-01
0
1.705422e-01
9.891855e-02
5.460728e-01
0
0
2.751035e-01
4.384466e-01
4.818576e-01
3.460388e-01
2.876779e-01
5.344805e-01
1.001057e-01
6.524362e-01
6.189571e-01
0
0
0
0
0
0
0
0
0
5.084649e-01
0
0
0
0
4.278472e-01
4.796891e-01
3.961534e-01
1.925092e-01
0
0
0
0
0
0
0
0
3.061934e-01
4.546104e-01
0
0
0
0
0
0
0
4.147499e-02
2.425488e-02
1.309808e-01
0
0
0
0
0
0
0
0
0
0
4.059352e-01
3.430624e-01
5.693137e-01
4.136821e-01
2.013824e-01
1.255511e-01
6.799474e-01
1.000000e+00
6.988796e-01
5.065772e-01
5.428274e-01
0
5.586605e-01
2.078987e-01
0
0
0
0
4.860343e-01
1.370917e-01
0
0
1.357830e-01
4.243428e-01
3.524021e-01
1.806645e-01
0
8.913633e-02
2.168731e-01
0
6.217241e-01
0
2.346950e-01
1.590938e-01
0
0
3.131671e-01
7.538941e-02
2.627277e-01
3.794603e-01
9.040454e-02
0
0
0
6.307367e-02
3.015509e-01
0
3.890717e-01
4.882111e-01
4.355961e-02
4.066052e-01
0
2.399504e-01
0
3.456222e-01
2.488697e-01
3.572040e-01
0
0
3.114093e-01
3.704345e-01
4.106300e-01
1.266767e-01
3.095224e-01
3.873257e-01
4.420449e-01
4.515535e-01
1.275428e-01
0
0
0
0
0
0
0
0
0
3.547887e-01
0
0
0
0
0
2.379855e-01
0
0
0
0
0
0
0
0
0
0
0
1.307889e-01
0
0
0
0
0
0
0
2.218542e-01
1.131400e-01
2.971231e-01
0
0
0
0
0
0
0
0
0
0
6.817848e-01
5.953606e-01
6.821870e-01
4.711036e-01
4.344975e-01
4.481418e-01
4.105886e-01
6.988796e-01
1
8.460902e-01
5.459916e-01
0
5.163185e-01
2.148529e-01
0
0
2.585827e-02
2.269647e-01
2.007075e-01
0
0
0
2.472682e-02
2.831471e-01
1.759651e-01
1.449823e-01
0
7.611756e-02
7.285776e-02
0
1.953100e-01
9.991302e-02
5.893304e-02
1.204351e-01
1.348038e-01
1.036304e-01
4.680414e-01
2.439704e-01
7.153054e-01
6.244940e-01
0
0
0
0
1.082456e-01
1.844426e-01
0
2.737480e-01
2.831975e-01
0
2.976449e-01
0
1.585008e-01
0
4.518455e-01
3.838742e-01
4.652559e-01
0
1.208717e-01
5.629780e-01
4.251867e-01
0
4.103767e-02
1.718045e-01
3.965965e-01
3.954883e-01
2.323672e-01
3.670534e-02
0
2.041014e-01
0
0
0
0
0
0
0
4.843036e-01
0
7.799854e-02
0
0
0
7.319867e-03
0
0
0
0
0
0
0
0
0
0
0
8.408418e-02
0
0
0
0
0
0
0
5.030130e-02
8.198254e-02
3.088148e-01
0
0
0
0
0
0
0
0
0
0
6.774308e-01
6.726089e-01
7.236702e-01
5.913113e-01
4.069309e-01
5.259652e-01
1.685218e-01
5.065772e-01
8.460902e-01
1
5.152557e-01
0
4.484926e-01
1.957144e-01
0
0
0
2.649156e-01
0
0
0
0
0
0
0
0
0
9.617210e-02
0
0
0
0
0
1.199487e-01
1.001572e-01
2.011416e-01
5.135637e-01
2.114132e-01
7.141268e-01
6.554407e-01
0
0
0
0
8.535454e-02
3.165168e-01
0
1.386619e-01
3.516624e-02
0
1.572794e-01
0
0
0
4.119326e-01
1.755788e-01
3.882752e-01
0
2.385700e-01
4.444614e-01
3.216538e-01
0
0
5.809681e-03
2.272860e-01
4.217021e-01
3.564015e-01
1.306331e-01
0
0
0
0
0
0
0
0
0
1.112073e-01
6.474216e-02
0
0
0
0
3.159585e-02
0
0
0
0
0
0
0
0
0
0
2.473818e-01
1.543352e-01
0
3.011344e-02
0
1.448158e-01
0
0
0
0
0
0
0
0
0
1.361989e-02
3.587655e-02
2.273665e-02
0
0
0
0
8.701605e-02
0
1.963379e-01
2.022034e-01
1.897799e-02
0
1.062440e-01
5.428274e-01
5.459916e-01
5.152557e-01
1.000000e+00
0
6.504320e-01
2.372269e-01
0
0
9.677109e-02
1.813280e-01
1.033097e-01
0
0
0
0
3.114391e-02
2.146606e-02
4.645502e-02
0
0
0
0
3.361814e-01
0
6.641971e-02
0
5.095714e-02
0
4.863297e-01
0
2.605664e-01
1.876503e-02
0
0
0
0
2.657916e-01
5.123732e-01
7.292081e-02
1.980932e-01
2.677033e-01
8.579218e-02
0
0
0
4.036519e-02
3.834621e-01
4.102737e-01
2.513837e-01
6.249748e-02
2.639280e-03
1.220133e-01
1.503384e-01
2.981772e-01
0
1.277605e-01
1.852777e-01
5.801307e-01
0
0
0
4.768421e-01
0
6.220845e-01
1.557728e-02
7.932069e-01
3.591289e-01
6.210026e-01
0
2.622869e-01
9.806170e-02
5.924179e-01
1.466449e-01
3.490391e-01
0
0
4.343345e-02
1.596951e-01
0
0
1.725762e-01
2.783176e-01
0
2.078750e-01
5.774037e-02
2.540092e-01
0
0
2.400274e-01
1.699026e-01
0
6.279397e-02
0
1.438684e-01
1.602304e-02
0
0
0
0
0
2.639497e-01
1.482064e-01
1.569910e-01
1.708513e-01
2.225255e-01
1.483523e-01
1.152468e-01
8.802664e-02
0
0
0
0
0
1.307145e-02
0
0
0
0
0
1.000000e+00
0
1.023241e-01
0
8.919854e-02
0
0
0
2.912138e-02
0
5.040873e-02
0
0
0
0
8.821596e-02
9.274492e-03
0
0
0
0
0
0
0
7.560840e-02
0
0
0
0
0
0
2.654536e-01
3.493373e-02
0
2.831765e-01
0
0
0
0
0
0
0
0
0
0
1.025788e-01
0
3.621244e-01
0
0
0
0
0
0
0
5.522038e-01
2.115308e-01
0
0
0
0
0
0
0
0
0
4.547502e-01
0
4.138434e-02
0
0
1.682799e-01
0
1.756185e-01
2.238164e-01
0
0
0
0
0
0
0
0
4.489562e-01
5.162079e-01
0
3.744621e-02
0
0
0
0
0
0
9.960185e-02
9.948319e-02
0
0
0
3.730589e-02
0
0
0
0
8.467726e-03
0
1.445081e-01
2.645477e-02
2.786833e-01
7.335555e-03
2.293600e-01
0
2.744123e-01
5.586605e-01
5.163185e-01
4.484926e-01
6.504320e-01
0
1
7.682304e-01
0
0
0
0
4.825446e-01
0
0
0
0
2.221481e-01
9.396820e-02
1.624058e-01
4.564099e-02
1.645148e-02
0
0
5.296775e-01
0
4.429606e-01
2.996401e-01
0
0
5.829890e-01
1.492107e-01
2.782834e-01
2.498563e-02
0
0
0
0
1.605361e-01
5.492913e-01
0
1.476200e-01
2.540200e-01
0
0
0
3.073868e-02
5.216918e-02
1.510550e-01
4.596827e-01
4.299253e-01
0
0
4.937529e-01
4.149518e-01
2.647241e-01
0
0
3.270067e-01
7.672180e-01
3.680313e-01
3.974450e-02
0
0
0
0
0
2.352682e-01
0
0
0
3.631617e-01
0
2.818441e-01
0
0
0
0
1.270583e-01
3.323993e-01
0
0
0
0
0
0
0
0
3.085082e-01
3.885217e-01
0
2.613557e-01
5.075641e-02
0
0
0
4.042741e-02
2.587138e-01
3.266632e-01
3.751849e-01
1.098444e-01
0
4.954669e-02
2.893683e-01
2.096596e-01
2.666717e-01
6.869288e-02
0
2.423704e-01
2.425076e-01
0
0
0
0
2.907271e-01
6.577871e-03
5.684475e-02
2.078987e-01
2.148529e-01
1.957144e-01
2.372269e-01
1.023241e-01
7.682304e-01
1
0
0
0
8.940098e-02
4.556186e-01
0
0
0
1.240756e-01
2.194456e-01
1.761329e-01
2.335001e-01
2.845347e-01
1.637586e-01
0
0
2.437971e-01
0
5.500155e-01
3.756582e-01
0
0
4.792885e-01
2.587614e-01
7.982759e-02
0
0
0
0
0
0
3.245015e-01
4.705916e-04
0
1.948659e-01
0
0
0
0
2.038935e-01
0
1.466276e-01
3.073118e-01
0
6.470418e-02
2.825182e-01
8.419289e-02
1.336846e-02
0
0
0
4.856721e-01
0
0
7.311853e-01
1.405771e-01
7.005222e-01
1.069844e-01
5.000176e-01
0
4.660650e-01
1.637354e-01
3.526671e-01
0
7.697989e-02
0
2.265585e-01
0
0
1.145441e-01
0
0
0
1.336393e-01
6.154899e-01
4.466738e-01
5.440721e-01
3.130111e-01
1.432784e-01
0
0
0
3.738037e-01
7.319548e-03
8.724851e-02
5.322756e-03
8.158646e-01
6.486469e-01
3.114140e-01
7.142134e-02
0
0
3.789903e-03
4.205607e-01
5.058775e-02
0
2.056293e-01
2.342409e-02
0
1.606862e-02
0
0
0
0
0
1.911640e-01
0
0
0
0
0
0
0
0
0
0
1.000000e+00
6.480800e-01
6.199283e-01
4.262696e-01
0
0
3.810242e-01
1.556788e-01
0
0
0
8.103594e-02
0
0
2.381702e-01
3.341157e-01
0
1.189185e-01
0
0
6.274465e-01
2.622269e-01
0
0
6.826723e-02
3.580938e-02
1.901134e-01
5.701790e-01
5.520377e-01
7.514370e-01
0
0
0
0
0
6.301673e-02
3.426754e-03
8.137779e-01
0
1.194674e-01
1.128868e-01
1.807354e-01
0
3.201700e-01
0
0
0
0
2.677117e-01
1.103056e-01
0
0
0
0
5.138175e-01
3.294194e-01
6.197129e-01
4.075472e-01
2.236999e-01
0
1.650647e-01
3.536433e-01
1.935768e-01
0
0
1.045963e-01
2.128704e-01
2.358320e-01
0
2.887654e-01
0
0
9.357398e-02
2.132625e-01
6.371995e-01
5.876663e-01
7.337071e-01
1.942823e-01
5.423890e-01
2.656061e-01
0
0
1.967790e-02
0
0
0
4.212923e-01
2.554061e-01
2.717102e-02
0
0
0
0
2.164384e-01
0
0
0
0
0
0
0
0
1.933330e-01
2.449729e-01
1.546719e-01
2.482650e-01
0
0
2.699296e-06
0
0
0
0
8.919854e-02
0
0
6.480800e-01
1.000000e+00
1.668729e-01
4.557715e-02
0
2.244793e-01
4.236715e-01
3.198720e-01
0
0
0
0
0
0
3.676210e-01
3.954464e-01
0
6.200775e-01
0
0
5.440112e-01
6.625613e-01
0
0
2.478628e-01
3.681313e-01
3.233272e-01
2.835036e-01
6.202612e-01
5.956803e-01
0
0
0
1.158028e-01
0
0
3.009309e-01
5.161178e-01
0
0
2.276572e-01
0
0
1.928762e-01
9.589492e-02
0
2.717864e-02
0
3.471309e-01
3.367273e-01
1.600764e-01
0
0
0
3.011597e-01
1.911792e-02
4.982804e-01
0
3.945985e-01
0
2.675616e-01
0
1.107292e-01
0
0
0
0
0
0
0
0
0
0
0
1.036467e-01
1.985651e-01
2.248624e-01
3.007234e-01
0
0
0
0
3.057902e-01
2.881828e-01
2.246025e-01
8.661642e-02
6.246095e-01
4.786313e-01
2.663248e-01
3.392993e-01
1.141397e-01
0
7.354562e-02
2.208363e-01
1.879160e-01
2.760727e-01
4.369357e-01
3.755680e-01
0
2.033236e-01
0
2.887823e-02
0
0
0
0
0
0
0
0
2.585827e-02
0
9.677109e-02
0
0
0
6.199283e-01
1.668729e-01
1
8.623504e-01
0
0
9.351035e-02
0
0
0
0
2.658598e-02
6.875682e-02
0
2.047198e-02
1.305821e-01
0
3.175411e-02
0
0
5.063900e-01
7.964027e-02
4.627279e-02
0
1.942456e-01
0
0
3.542111e-01
1.167141e-01
4.164395e-01
4.962693e-02
0
3.374407e-01
0
0
1.606213e-01
0
5.724527e-01
0
6.446900e-01
0
2.087111e-01
0
3.444610e-01
0
0
0
0
0
0
0
0
0
0
6.196884e-02
1.311484e-01
3.385383e-01
0
4.643065e-02
0
6.568906e-02
0
0
0
0
0
0
0
0
0
0
0
0
0
0
5.197319e-02
1.171108e-01
4.062657e-01
0
0
0
0
2.181967e-01
3.423835e-01
1.058847e-01
1.650316e-01
5.844923e-01
5.328384e-01
1.446636e-01
3.374861e-01
2.069979e-01
1.760189e-01
0
1.369086e-01
1.918134e-01
3.042029e-01
4.867594e-01
4.625648e-01
0
2.279466e-01
4.035100e-02
1.680671e-01
1.378804e-01
1.429147e-01
0
1.064537e-03
1.327528e-01
1.474903e-01
0
0
2.269647e-01
2.649156e-01
1.813280e-01
0
0
8.940098e-02
4.262696e-01
4.557715e-02
8.623504e-01
1
0
0
0
0
0
0
0
0
0
0
0
1.193116e-01
0
1.784616e-02
0
0
4.762823e-01
2.386101e-01
2.564856e-01
7.122636e-02
4.056073e-01
4.149127e-02
0
0
0
4.486561e-02
0
0
2.253276e-01
0
0
0
0
2.523379e-01
0
4.379472e-01
0
1.729269e-01
5.055240e-02
2.820266e-01
0
3.114719e-02
0
0
0
0
0
2.512436e-02
6.937432e-01
3.787448e-01
0
0
0
0
0
2.702532e-01
0
0
0
2.432886e-01
8.119981e-02
2.558770e-01
0
0
6.367207e-01
7.311112e-02
5.087178e-01
7.637254e-01
0
0
0
0
0
0
1.859780e-02
1.137122e-02
4.881394e-01
2.371847e-01
0
0
0
0
0
0
0
1.971526e-01
0
9.363420e-04
7.715617e-02
0
0
0
0
0
1.855216e-01
0
1.650034e-01
2.049481e-01
0
0
0
0
4.646671e-03
0
7.366599e-01
4.860343e-01
2.007075e-01
0
1.033097e-01
0
4.825446e-01
4.556186e-01
0
0
0
0
1
7.142892e-01
6.460242e-02
1.735196e-01
3.974287e-01
5.998978e-01
4.813976e-01
4.524503e-01
5.115140e-02
0
2.366723e-01
0
6.789923e-01
0
2.178162e-01
2.408271e-02
0
0
2.360255e-02
0
0
0
2.252181e-01
0
0
0
3.095397e-01
2.132194e-01
1.762851e-03
3.475917e-01
6.186203e-01
4.507616e-01
3.072749e-01
0
5.908722e-01
2.609349e-01
0
1.455289e-01
4.667834e-01
0
0
3.147559e-01
3.968518e-01
6.653997e-01
1.705888e-01
0
3.269787e-01
2.045579e-01
4.014985e-01
2.154902e-01
0
0
0
3.565836e-01
0
2.944635e-01
0
1.606472e-01
1.346943e-01
0
1.512795e-02
2.461015e-01
0
0
6.025661e-01
1.077854e-01
4.358102e-01
6.507738e-01
0
1.683073e-01
3.065480e-01
4.902116e-01
1.236530e-01
0
3.288050e-01
1.452226e-01
9.829559e-02
0
0
0
0
0
0
0
5.345193e-02
1.544718e-01
0
0
0
1.086373e-01
0
0
0
0
9.960151e-02
0
0
8.579113e-02
2.477204e-02
0
0
0
0
0
6.853017e-01
1.370917e-01
0
0
0
2.912138e-02
0
0
0
2.244793e-01
0
0
7.142892e-01
1.000000e+00
4.232852e-01
4.252175e-01
4.101950e-01
5.600754e-01
3.929993e-01
5.151137e-01
0
0
4.472918e-01
1.913716e-01
2.877849e-01
2.595527e-01
0
0
0
0
0
0
0
0
5.001379e-01
2.122795e-01
4.172873e-01
1.917658e-01
3.003949e-01
0
0
4.559693e-01
2.871472e-01
4.353488e-01
4.105860e-01
4.372841e-02
5.788912e-01
1.870516e-01
1.747544e-01
1.305992e-01
3.589914e-01
0
0
1.797856e-01
4.152019e-01
4.231777e-01
4.605378e-01
1.645317e-01
3.761522e-01
0
1.399968e-02
7.581529e-02
3.753328e-01
0
3.750824e-01
2.914018e-01
5.133835e-01
6.534067e-02
1.957078e-01
3.562420e-01
2.786918e-01
0
3.215460e-01
0
3.154133e-01
2.686256e-01
3.229461e-01
2.791521e-01
3.036637e-01
3.075294e-01
3.396840e-01
5.498094e-01
5.524595e-01
3.478011e-01
3.597216e-01
0
3.435839e-01
1.833743e-01
2.186936e-01
0
2.570997e-02
0
0
0
1.091134e-01
0
2.952855e-01
7.272638e-02
0
0
3.648041e-01
2.400167e-01
0
0
0
0
0
0
0
0
0
0
0
0
0
0
1.674905e-01
0
0
0
0
0
0
0
3.810242e-01
4.236715e-01
9.351035e-02
0
6.460242e-02
4.232852e-01
1
7.654796e-01
4.809421e-01
3.146805e-01
3.936567e-01
1.755110e-01
3.803494e-02
1.428349e-02
4.960438e-01
6.284037e-02
0
2.613386e-01
0
0
1.640437e-01
0
0
0
0
0
5.876725e-01
6.336877e-01
5.664810e-01
6.626876e-01
0
0
0
0
2.196661e-02
0
3.276167e-01
5.739101e-01
2.019683e-01
2.367946e-01
0
8.055427e-02
0
2.582251e-01
0
0
0
2.970194e-01
4.786902e-01
2.558104e-01
1.291390e-02
0
8.214652e-02
3.656121e-01
4.171042e-01
0
3.429459e-01
3.671264e-01
4.354946e-01
2.500128e-01
1.897116e-01
3.767196e-01
1.307658e-01
0
4.198964e-01
1.846090e-01
5.391764e-01
4.800021e-01
3.320994e-01
2.152201e-01
4.950920e-01
4.730519e-01
4.006704e-01
7.013370e-01
6.709795e-01
4.868805e-01
4.070058e-01
0
4.439678e-01
2.054855e-01
3.232424e-01
4.908282e-03
2.169237e-01
0
8.664254e-02
0
0
0
3.657969e-02
0
0
0
4.172483e-01
2.900951e-01
0
0
0
0
0
0
0
0
0
0
0
0
0
0
2.009870e-01
0
0
0
0
5.040873e-02
0
0
1.556788e-01
3.198720e-01
0
0
1.735196e-01
4.252175e-01
7.654796e-01
1
4.308359e-01
2.935842e-01
3.111538e-01
2.547273e-01
1.363641e-01
1.786827e-01
3.882546e-01
1.004450e-01
5.743317e-02
3.379296e-01
3.623116e-02
0
0
0
0
0
0
0
5.392008e-01
3.736307e-01
6.167623e-01
4.511897e-01
0
0
0
0
5.565887e-02
7.291441e-02
4.404620e-01
3.185348e-01
3.211543e-01
2.243918e-02
0
0
0
0
0
0
0
2.788247e-01
2.454813e-01
2.743162e-01
3.232316e-02
0
3.824062e-01
2.710332e-01
0
0
0
0
1.619652e-01
1.224696e-02
0
0
0
0
0
4.789777e-03
0
9.781249e-02
2.600373e-01
0
3.311294e-01
5.485017e-01
8.950948e-02
2.576748e-01
2.969525e-01
1.143542e-01
0
0
8.812307e-02
0
2.824395e-01
9.745479e-02
0
0
0
0
0
0
3.627210e-01
2.988641e-01
0
0
5.080527e-01
1.620089e-01
0
1.000250e-01
0
0
2.238131e-01
0
1.600703e-01
1.123475e-01
7.159535e-02
0
0
0
9.945939e-02
0
4.451679e-01
1.357830e-01
2.472682e-02
0
0
0
0
1.240756e-01
0
0
0
0
3.974287e-01
4.101950e-01
4.809421e-01
4.308359e-01
1
7.892290e-01
7.793877e-01
6.604718e-01
2.165531e-01
2.416192e-01
1.820876e-01
0
2.638437e-02
1.101145e-01
8.089443e-02
1.917898e-02
0
0
0
3.495591e-03
0
0
4.688576e-02
3.285423e-02
0
5.344048e-02
0
0
0
1.699920e-01
5.750570e-01
1.953386e-01
2.585242e-02
0
2.899392e-01
4.962921e-02
0
3.789639e-02
0
0
0
5.040660e-02
0
2.165654e-01
2.801356e-01
1.790415e-01
2.818825e-02
0
5.653793e-01
4.065367e-01
0
0
0
0
0
0
0
0
1.307475e-01
0
0
0
0
0
2.774895e-01
1.616934e-01
4.809166e-01
5.379555e-01
0
2.116738e-01
2.434523e-01
1.233455e-01
0
0
0
0
2.404935e-01
2.825818e-02
0
0
0
0
0
0
1.542012e-01
3.941361e-01
0
0
3.584177e-01
1.591769e-01
0
0
0
0
3.005018e-02
0
0
8.538257e-03
2.417557e-01
1.198991e-01
1.120764e-01
3.873142e-02
0
0
6.113991e-01
4.243428e-01
2.831471e-01
0
3.114391e-02
0
2.221481e-01
2.194456e-01
0
0
0
0
5.998978e-01
5.600754e-01
3.146805e-01
2.935842e-01
7.892290e-01
1
7.175719e-01
8.529653e-01
0
7.429465e-02
2.668570e-01
0
1.889647e-01
2.066310e-02
0
0
0
0
0
0
0
0
2.107784e-01
4.509500e-02
0
0
1.196975e-03
0
0
3.000621e-01
5.899981e-01
3.088332e-01
2.818253e-01
0
5.462235e-01
5.713344e-02
4.274601e-02
2.738078e-01
2.173332e-01
0
0
3.664802e-02
0
3.545675e-01
3.522528e-01
1.175833e-01
1.445535e-01
1.140909e-01
3.497731e-01
3.046058e-01
0
0
0
0
1.783791e-01
0
0
0
0
0
0
0
0
0
2.476915e-01
0
2.547087e-01
3.939382e-01
9.911843e-02
2.972418e-01
1.293687e-01
0
0
0
0
0
3.295411e-01
3.036111e-02
0
0
2.023330e-02
0
0
0
2.176187e-01
3.070721e-01
8.721204e-02
0
4.942536e-01
6.095645e-02
0
1.099327e-01
0
0
2.883633e-01
9.948123e-02
1.677014e-01
1.784920e-01
1.613338e-01
3.445733e-02
4.897522e-02
2.485962e-02
2.226534e-01
1.155887e-01
4.050773e-01
3.524021e-01
1.759651e-01
0
2.146606e-02
0
9.396820e-02
1.761329e-01
0
0
0
0
4.813976e-01
3.929993e-01
3.936567e-01
3.111538e-01
7.793877e-01
7.175719e-01
1
6.210610e-01
3.291655e-01
2.837043e-01
7.086803e-02
0
1.525549e-01
0
3.700175e-02
0
0
0
0
0
0
0
3.472341e-01
2.525472e-01
0
0
3.554942e-03
0
2.202469e-01
2.423766e-02
7.197459e-01
3.310672e-01
8.951107e-02
0
2.666661e-01
4.340068e-02
0
3.778926e-02
0
0
0
1.497522e-02
0
3.673311e-01
2.460366e-01
2.138668e-01
0
0
4.494445e-01
2.989518e-01
3.262890e-02
0
0
0
1.642397e-01
4.436968e-02
0
0
7.552793e-02
0
0
1.349057e-02
0
0
0
0
3.402261e-01
4.499229e-01
0
7.264597e-02
4.391692e-01
3.528273e-01
0
0
0
0
8.819011e-02
0
0
0
0
0
0
0
1.047507e-01
2.236799e-01
0
0
1.801230e-01
7.432561e-02
0
1.916212e-02
0
0
1.598101e-01
0
3.906290e-02
2.702657e-02
1.638645e-01
1.499280e-02
2.337021e-02
0
0
0
4.001368e-01
1.806645e-01
1.449823e-01
0
4.645502e-02
0
1.624058e-01
2.335001e-01
8.103594e-02
0
2.658598e-02
0
4.524503e-01
5.151137e-01
1.755110e-01
2.547273e-01
6.604718e-01
8.529653e-01
6.210610e-01
1
9.964387e-02
0
4.261152e-02
0
0
0
0
0
0
0
0
0
0
0
2.566023e-01
1.181769e-01
1.520551e-01
3.331418e-02
1.380437e-01
0
3.437566e-02
2.407268e-01
4.889121e-01
3.401115e-01
1.563912e-01
0
4.656860e-01
1.743973e-02
7.746707e-02
2.383571e-01
1.284145e-01
0
1.203624e-02
0
0
1.217423e-01
3.514485e-01
1.244766e-01
1.039654e-01
1.034511e-01
0
0
0
0
0
0
1.458114e-01
6.276956e-02
6.376765e-02
0
0
0
3.342882e-02
3.278244e-02
7.271946e-02
2.352538e-01
0
0
0
6.816841e-02
0
0
0
0
0
0
0
0
1.813942e-01
8.268432e-02
3.121419e-01
2.842649e-01
1.420198e-01
0
0
0
4.654262e-01
3.494103e-01
6.835389e-01
2.072435e-01
5.348253e-01
0
2.141538e-01
3.215492e-01
2.073954e-01
1.953489e-01
7.814609e-02
1.280426e-01
3.875272e-02
0
0
0
0
0
2.944263e-01
2.553972e-01
0
0
0
0
0
8.821596e-02
4.564099e-02
2.845347e-01
0
0
6.875682e-02
0
5.115140e-02
0
3.803494e-02
1.363641e-01
2.165531e-01
0
3.291655e-01
9.964387e-02
1
7.348901e-01
0
0
0
0
5.943002e-01
3.848105e-01
0
0
3.936667e-01
4.741452e-01
3.507574e-04
2.732612e-02
4.392262e-02
8.024387e-02
0
0
0
0
3.281926e-01
0
1.952199e-01
0
2.125374e-02
0
0
8.656307e-02
0
0
0
0
1.022329e-01
0
0
0
0
0
0
0
0
2.063310e-03
0
0
0
0
0
6.551855e-03
0
0
0
1.038750e-01
0
6.780346e-02
0
2.573429e-01
6.777932e-03
1.781854e-01
0
0
7.818845e-03
0
9.593646e-04
0
9.094610e-02
0
1.278949e-02
0
3.694641e-02
2.873641e-01
3.360058e-02
0
0
0
0
0
3.822585e-01
3.399798e-01
6.390387e-01
1.913447e-01
5.584878e-01
0
0
7.172125e-02
0
0
0
0
0
0
2.514258e-01
2.473509e-01
3.194598e-01
2.837150e-01
3.627961e-01
4.229475e-01
6.890937e-02
8.913633e-02
7.611756e-02
9.617210e-02
0
9.274492e-03
1.645148e-02
1.637586e-01
0
0
0
0
0
0
1.428349e-02
1.786827e-01
2.416192e-01
7.429465e-02
2.837043e-01
0
7.348901e-01
1.000000e+00
7.080393e-02
0
0
0
5.295398e-01
5.972940e-01
0
0
4.056630e-01
6.406550e-01
2.206708e-01
4.772590e-01
0
0
0
0
0
0
0
0
0
0
1.618137e-01
0
0
0
0
0
0
0
0
3.764397e-03
0
0
0
0
0
0
9.068568e-02
7.245878e-03
1.197958e-01
0
1.227388e-01
6.763356e-02
0
0
0
5.939245e-02
0
0
0
0
6.939875e-02
0
5.635975e-01
7.077964e-01
1.259968e-01
9.596536e-02
0
1.867930e-01
1.242514e-01
0
2.210474e-01
0
2.786545e-01
7.542923e-02
1.190184e-01
1.178789e-01
0
0
0
0
5.185629e-02
0
1.819933e-01
3.846457e-02
0
0
1.042618e-01
3.313546e-01
0
0
0
0
0
0
0
0
1.006910e-02
0
8.355187e-02
8.973944e-02
0
0
4.776247e-01
2.168731e-01
7.285776e-02
0
0
0
0
0
2.381702e-01
3.676210e-01
2.047198e-02
0
2.366723e-01
4.472918e-01
4.960438e-01
3.882546e-01
1.820876e-01
2.668570e-01
7.086803e-02
4.261152e-02
0
7.080393e-02
1
5.473024e-01
4.549646e-01
3.165434e-01
2.643791e-02
9.031696e-02
2.144087e-01
0
2.247353e-02
8.303406e-02
1.008357e-01
2.268821e-01
2.127890e-01
1.868454e-01
1.874013e-01
2.647464e-01
0
0
0
2.886270e-01
0
1.631072e-01
4.531571e-01
4.199445e-01
1.040256e-01
1.042903e-01
1.747536e-01
3.737148e-01
2.577012e-01
3.618854e-01
0
1.829107e-01
3.505275e-01
3.081802e-01
2.064760e-01
4.275691e-01
5.522184e-01
0
0
0
2.006443e-01
0
2.542403e-01
2.475984e-01
0
0
2.751107e-02
8.709405e-02
2.304012e-01
6.362885e-02
1.075430e-01
0
2.206255e-01
0
2.525564e-01
6.116424e-01
1.045369e-02
0
0
1.244518e-01
2.760585e-02
1.478814e-01
3.378897e-01
2.367647e-01
2.671868e-01
4.236630e-01
0
0
1.819747e-02
0
0
1.640274e-02
3.715796e-01
1.214497e-01
0
0
0
0
0
1.672729e-01
0
0
0
0
0
0
0
0
0
6.944067e-02
0
1.545216e-01
0
0
5.580351e-02
0
0
0
0
0
0
0
3.341157e-01
3.954464e-01
1.305821e-01
1.193116e-01
0
1.913716e-01
6.284037e-02
1.004450e-01
0
0
0
0
0
0
5.473024e-01
1
2.655777e-01
2.616326e-01
0
0
4.383018e-01
3.839380e-02
0
0
1.097710e-01
1.053978e-01
1.617732e-01
8.501269e-02
3.357516e-01
1.972464e-01
1.512452e-02
5.073641e-02
0
1.380931e-01
0
2.446259e-02
3.451732e-01
3.703778e-01
4.343405e-02
7.468862e-02
1.729239e-01
1.597627e-01
2.458322e-01
3.954272e-01
0
0
2.825007e-01
9.049947e-02
0
0
2.565432e-01
1.112607e-01
4.090341e-01
3.245253e-01
0
0
0
9.363042e-03
0
6.684186e-02
0
0
0
3.680079e-01
6.880224e-02
2.147665e-02
0
0
7.733905e-01
4.674620e-01
3.751317e-01
3.506477e-01
0
1.018796e-01
0
0
0
0
0
1.877450e-01
6.273568e-01
5.786882e-01
0
0
0
0
0
0
0
0
5.084549e-02
0
0
0
0
0
0
0
8.270340e-02
0
1.082394e-02
6.793839e-02
0
0
0
0
0
0
5.974718e-01
6.217241e-01
1.953100e-01
0
3.361814e-01
0
5.296775e-01
2.437971e-01
0
0
0
0
6.789923e-01
2.877849e-01
0
5.743317e-02
2.638437e-02
1.889647e-01
1.525549e-01
0
0
0
4.549646e-01
2.655777e-01
1
0
3.536329e-01
2.697425e-01
0
0
2.401570e-01
5.562918e-02
0
0
1.100133e-02
0
0
0
6.942964e-02
4.337503e-01
0
4.147979e-01
3.428897e-01
3.033958e-01
1.944785e-01
0
1.330007e-01
2.125778e-03
9.401173e-02
1.738265e-01
4.412498e-01
7.981487e-02
0
2.272656e-01
4.648260e-01
7.295130e-01
0
1.473160e-01
4.226449e-01
3.421532e-01
6.216651e-03
9.295598e-02
2.220118e-01
1.368537e-01
3.332451e-01
1.986040e-01
1.280393e-02
0
0
0
0
4.433076e-02
0
2.074811e-01
7.034635e-02
3.241189e-01
1.382919e-01
2.349683e-01
9.379277e-02
1.106391e-02
4.044402e-01
3.215762e-01
3.587767e-01
4.189801e-01
4.950515e-01
1.437477e-01
5.343461e-01
1.437240e-01
0
0
0
0
0
0
1.619964e-02
0
0
0
0
1.868560e-01
5.752114e-02
3.777379e-01
0
0
0
0
0
0
0
0
1.306723e-01
2.747116e-01
1.741677e-01
0
0
1.987226e-02
1.107953e-01
0
9.991302e-02
0
0
0
0
0
1.189185e-01
6.200775e-01
3.175411e-02
1.784616e-02
0
2.595527e-01
2.613386e-01
3.379296e-01
1.101145e-01
2.066310e-02
0
0
0
0
3.165434e-01
2.616326e-01
0
1
0
2.640516e-02
4.025510e-01
7.277118e-01
0
7.180395e-02
1.928804e-01
2.621773e-01
1.106680e-01
0
3.185126e-01
1.677767e-01
0
0
0
3.388453e-01
0
0
2.659769e-01
2.671841e-02
9.179139e-02
0
2.642858e-01
2.870391e-02
0
2.633458e-01
0
2.247868e-01
3.705111e-01
0
9.986003e-05
3.148740e-01
3.799026e-01
0
2.863015e-01
1.902912e-01
0
0
0
0
0
2.474108e-02
0
0
0
3.212661e-01
1.824059e-01
1.864836e-01
2.897289e-01
3.717490e-01
9.919108e-02
1.015684e-01
1.737769e-01
2.635473e-01
7.556915e-03
0
0
0
0
0
0
0
5.019477e-01
7.453806e-01
0
3.069689e-01
0
0
0
0
2.136576e-01
2.514165e-01
7.734427e-01
4.616299e-01
4.633122e-01
0
0
0
0
0
0
0
0
0
0
0
0
0
2.248559e-01
0
7.378375e-03
2.346950e-01
5.893304e-02
0
6.641971e-02
0
4.429606e-01
5.500155e-01
0
0
0
0
2.178162e-01
0
0
3.623116e-02
8.089443e-02
0
3.700175e-02
0
5.943002e-01
5.295398e-01
2.643791e-02
0
3.536329e-01
0
1
8.444182e-01
0
0
6.161443e-01
6.590396e-01
1.014215e-01
8.000448e-02
0
0
0
0
0
6.965167e-02
0
0
9.125212e-02
0
1.035459e-01
0
0
1.460664e-01
0
8.071416e-02
1.378931e-02
0
0
2.529430e-01
0
1.328709e-01
0
0
1.257467e-02
2.575484e-01
6.780696e-02
4.527788e-02
0
0
0
0
0
3.696942e-02
0
0
0
4.829860e-01
0
2.668989e-01
1.108330e-01
4.589112e-01
1.956278e-01
2.259922e-01
2.054968e-02
8.081954e-02
1.889640e-01
0
0
0
0
0
0
0
2.576429e-01
7.801592e-01
0
1.571606e-01
0
0
0
0
2.237793e-01
2.039280e-01
7.377996e-01
4.756074e-01
3.778556e-01
0
0
0
0
0
0
0
0
0
2.905427e-03
3.460087e-02
2.226526e-01
0
3.668847e-01
2.149080e-01
0
1.590938e-01
1.204351e-01
1.199487e-01
0
0
2.996401e-01
3.756582e-01
0
0
0
0
2.408271e-02
0
0
0
1.917898e-02
0
0
0
3.848105e-01
5.972940e-01
9.031696e-02
0
2.697425e-01
2.640516e-02
8.444182e-01
1
0
8.264680e-02
5.759915e-01
7.906574e-01
2.989164e-01
3.599401e-01
0
0
0
0
0
0
0
0
0
0
3.745023e-02
0
0
0
0
0
0
2.176095e-02
0
3.457769e-01
1.000583e-01
0
0
0
4.020291e-02
8.746738e-02
0
0
6.026324e-01
2.842079e-01
3.044273e-01
0
1.784032e-01
0
6.392045e-02
0
4.273109e-01
0
6.285117e-02
0
3.271454e-01
0
0
2.575870e-01
0
0
3.362750e-02
3.881870e-02
2.319651e-01
1.742348e-01
1.859322e-01
0
0
0
0
0
2.221572e-01
8.755375e-02
0
0
5.404618e-01
3.119864e-01
4.551727e-02
7.449614e-02
0
0
0
2.044074e-01
0
0
0
0
0
0
0
0
6.769155e-02
1.546050e-01
1.649244e-01
2.846302e-01
0
0
0
0
1.348038e-01
1.001572e-01
5.095714e-02
0
0
0
6.274465e-01
5.440112e-01
5.063900e-01
4.762823e-01
0
0
1.640437e-01
0
0
0
0
0
0
0
2.144087e-01
4.383018e-01
0
4.025510e-01
0
0
1
4.637203e-01
0
6.750010e-03
5.216993e-01
3.339708e-01
9.513091e-02
2.188231e-01
2.523435e-01
3.258878e-01
4.974216e-02
0
0
0
0
0
1.970887e-01
4.858227e-01
0
2.073416e-01
2.940764e-01
5.259405e-01
0
4.858613e-01
0
3.791245e-02
1.020221e-01
0
3.244873e-02
1.039430e-02
1.371955e-01
1.968255e-01
0
0
2.522637e-01
4.358972e-01
3.693550e-01
1.454170e-01
0
0
0
6.015634e-02
0
1.138001e-01
0
2.025163e-01
0
3.062831e-01
0
4.181992e-02
0
0
2.655097e-01
7.698851e-02
3.204561e-01
2.856198e-01
5.042492e-01
2.999250e-01
3.454015e-01
1.023397e-01
0
0
0
0
0
0
2.396524e-01
2.618052e-01
0
0
0
2.161632e-01
0
1.009262e-01
0
0
0
0
0
0
0
0
3.522142e-01
4.537355e-01
3.449894e-01
2.336886e-01
7.548848e-02
2.348332e-01
0
0
1.036304e-01
2.011416e-01
0
7.560840e-02
0
0
2.622269e-01
6.625613e-01
7.964027e-02
2.386101e-01
0
0
0
0
0
0
0
0
0
0
0
3.839380e-02
0
7.277118e-01
0
8.264680e-02
4.637203e-01
1
0
2.150758e-01
4.633101e-01
5.026767e-01
0
0
1.532774e-01
8.963873e-02
0
0
0
7.574803e-02
0
0
0
2.219352e-02
0
0
1.378557e-01
0
0
7.322577e-02
9.265900e-02
4.290897e-02
3.706845e-02
0
0
9.587659e-02
4.778583e-02
0
1.310046e-01
0
0
0
0
0
0
0
0
0
0
3.821178e-01
0
2.933188e-02
0
0
0
1.284359e-01
0
0
0
0
0
0
0
0
0
0
3.481414e-02
4.467785e-01
0
1.220631e-01
0
0
0
0
1.265538e-01
2.459144e-01
5.394179e-01
2.828029e-01
3.303293e-03
0
0
4.265904e-02
5.153535e-02
9.424809e-02
0
0
0
0
1.437621e-01
3.925274e-02
2.118309e-01
1.252950e-01
3.416877e-01
2.807836e-01
8.267176e-02
3.131671e-01
4.680414e-01
5.135637e-01
4.863297e-01
0
5.829890e-01
4.792885e-01
0
0
4.627279e-02
2.564856e-01
2.360255e-02
0
0
0
0
0
0
0
3.936667e-01
4.056630e-01
2.247353e-02
0
2.401570e-01
0
6.161443e-01
5.759915e-01
0
0
1
5.142445e-01
5.420182e-01
3.669617e-01
0
0
0
0
0
2.986623e-01
0
0
0
0
0
0
0
7.183180e-02
0
2.171112e-01
3.815774e-01
1.018377e-03
8.539198e-02
3.155703e-01
7.247283e-02
0
0
0
7.319360e-02
3.422450e-01
0
0
0
0
0
0
0
0
0
0
0
1.784284e-01
0
1.276480e-01
0
2.450480e-01
0
1.085269e-01
0
0
0
0
0
0
0
1.290141e-01
0
0
0
3.780258e-01
0
0
0
0
0
0
3.925884e-01
2.266522e-01
7.526278e-01
5.999690e-01
5.069269e-01
9.424332e-02
0
9.248181e-02
0
0
0
0
0
0
1.231442e-01
1.776975e-01
2.850650e-01
7.673764e-02
5.818903e-01
5.496624e-01
0
7.538941e-02
2.439704e-01
2.114132e-01
0
0
1.492107e-01
2.587614e-01
0
0
0
7.122636e-02
0
0
0
0
3.495591e-03
0
0
0
4.741452e-01
6.406550e-01
8.303406e-02
0
5.562918e-02
7.180395e-02
6.590396e-01
7.906574e-01
6.750010e-03
2.150758e-01
5.142445e-01
1
4.712352e-01
5.204441e-01
0
0
0
0
0
0
6.797391e-02
0
0
0
2.685486e-02
0
0
0
0
6.898711e-02
6.206254e-02
0
1.390046e-01
4.330928e-01
6.948337e-02
0
0
0
7.045504e-02
3.698621e-02
1.962204e-02
0
0
1.094693e-01
0
0
0
0
0
0
0
2.846227e-01
0
0
0
0
0
2.162063e-01
0
0
0
0
0
0
0
0
0
0
0
1.970397e-02
0
0
0
0
1.290381e-01
0
4.413914e-02
2.355416e-01
1.987406e-01
3.168863e-01
0
0
0
0
0
0
0
0
0
0
6.397063e-01
5.895298e-01
6.910933e-01
5.256351e-01
3.933774e-01
4.353233e-01
0
2.627277e-01
7.153054e-01
7.141268e-01
2.605664e-01
0
2.782834e-01
7.982759e-02
6.826723e-02
2.478628e-01
1.942456e-01
4.056073e-01
0
0
0
0
0
0
0
0
3.507574e-04
2.206708e-01
1.008357e-01
1.097710e-01
0
1.928804e-01
1.014215e-01
2.989164e-01
5.216993e-01
4.633101e-01
5.420182e-01
4.712352e-01
1
8.235029e-01
0
0
0
0
0
0
0
0
0
0
1.635788e-01
0
0
0
2.764893e-01
3.672969e-01
2.238035e-01
3.697231e-02
2.403575e-01
4.882619e-01
2.847519e-01
0
0
1.393082e-02
2.852251e-01
2.894172e-01
0
1.976715e-02
0
2.696377e-02
0
0
0
0
0
0
0
3.749771e-01
0
6.110375e-02
0
1.133432e-01
0
4.373108e-01
0
0
0
0
0
0
1.886268e-01
0
1.235720e-01
0
0
1.223436e-01
0
0
0
0
6.727381e-02
0
5.654984e-02
1.731262e-01
1.953989e-01
2.289777e-01
9.188556e-02
0
0
0
0
0
0
0
0
0
7.275182e-01
7.429778e-01
8.471409e-01
7.490576e-01
3.843320e-01
5.283916e-01
1.550505e-01
3.794603e-01
6.244940e-01
6.554407e-01
1.876503e-02
0
2.498563e-02
0
3.580938e-02
3.681313e-01
0
4.149127e-02
0
0
0
0
0
0
0
0
2.732612e-02
4.772590e-01
2.268821e-01
1.053978e-01
0
2.621773e-01
8.000448e-02
3.599401e-01
3.339708e-01
5.026767e-01
3.669617e-01
5.204441e-01
8.235029e-01
1
0
0
0
0
0
0
0
0
0
0
3.996017e-01
0
0
0
2.426517e-01
1.212431e-01
1.001250e-01
0
1.508236e-01
3.356256e-01
1.909956e-01
0
5.609653e-02
2.543634e-01
2.515986e-01
4.508431e-02
1.597205e-01
2.867216e-01
2.501632e-01
4.092491e-02
8.201949e-02
3.214119e-01
3.863898e-01
2.138426e-01
8.765847e-02
3.495521e-01
2.999236e-01
0
3.169340e-01
8.151032e-02
1.702558e-01
1.637005e-01
2.387554e-01
2.294304e-01
3.254496e-01
2.169607e-01
2.893425e-01
4.455853e-01
4.963125e-01
3.488370e-01
2.506771e-01
0
2.330356e-01
3.608430e-02
1.023942e-01
0
1.031382e-01
0
0
0
0
0
0
0
0
0
4.217158e-02
0
0
0
0
0
0
0
0
0
0
0
0
1.424800e-01
0
0
2.367471e-01
9.040454e-02
0
0
0
0
0
0
1.901134e-01
3.233272e-01
0
0
2.252181e-01
5.001379e-01
5.876725e-01
5.392008e-01
4.688576e-02
2.107784e-01
3.472341e-01
2.566023e-01
4.392262e-02
0
2.127890e-01
1.617732e-01
1.100133e-02
1.106680e-01
0
0
9.513091e-02
0
0
0
0
0
1
6.111008e-01
6.385208e-01
3.802207e-01
3.035285e-01
0
3.177428e-02
0
1.339124e-01
2.317052e-02
5.881199e-01
1.712437e-01
3.947408e-01
3.396676e-02
1.423114e-01
0
0
0
0
0
7.892925e-02
3.619512e-01
5.764239e-01
3.365226e-01
4.090440e-02
0
0
0
4.372245e-01
0
4.589343e-01
2.345259e-01
7.144728e-01
0
5.471011e-01
4.391525e-01
3.207858e-01
0
4.281896e-01
0
1.465712e-01
0
0
1.545463e-01
3.695873e-02
0
1.144408e-01
3.940600e-01
4.078629e-01
3.101044e-01
3.074267e-01
4.316840e-02
1.085352e-01
5.266779e-02
2.781228e-02
0
2.625112e-01
0
2.752714e-01
0
3.126542e-01
2.588161e-01
2.783306e-01
1.339167e-01
0
0
2.028649e-01
1.560080e-01
1.056084e-01
0
1.189027e-01
0
7.297781e-02
5.339765e-02
0
0
0
0
0
0
0
0
0
0
0
0
0
0
0
0
5.701790e-01
2.835036e-01
3.542111e-01
0
0
2.122795e-01
6.336877e-01
3.736307e-01
3.285423e-02
4.509500e-02
2.525472e-01
1.181769e-01
8.024387e-02
0
1.868454e-01
8.501269e-02
0
0
0
0
2.188231e-01
0
0
0
0
0
6.111008e-01
1
6.713636e-01
7.330539e-01
1.959686e-01
0
1.891007e-01
0
5.583929e-03
2.858488e-01
3.085425e-02
6.664346e-01
2.737933e-02
3.989779e-01
0
1.192074e-02
0
4.116500e-02
0
0
0
2.398029e-01
3.786889e-01
1.052000e-01
0
0
0
0
5.269120e-01
2.224847e-01
5.635008e-01
6.083808e-01
5.300827e-01
3.277570e-01
5.256257e-01
6.167949e-01
2.583008e-01
0
3.164313e-01
2.014195e-01
3.841818e-01
2.974363e-01
0
3.975323e-02
1.430778e-01
9.108536e-02
1.792041e-01
4.124899e-01
7.261575e-01
7.767088e-01
5.435582e-01
2.250748e-01
4.316209e-01
2.445741e-01
0
0
4.072136e-01
0
7.784480e-02
0
2.968502e-01
2.659480e-01
1.142820e-01
0
0
0
6.995024e-02
2.122024e-01
0
0
0
0
0
1.060940e-02
0
0
0
0
0
0
0
0
0
0
0
0
0
2.654536e-01
0
0
5.520377e-01
6.202612e-01
1.167141e-01
0
0
4.172873e-01
5.664810e-01
6.167623e-01
0
0
0
1.520551e-01
0
0
1.874013e-01
3.357516e-01
0
3.185126e-01
0
0
2.523435e-01
1.532774e-01
0
0
0
0
6.385208e-01
6.713636e-01
1
7.099996e-01
1.572684e-01
0
0
0
0
7.748914e-02
2.694561e-01
5.201329e-01
1.664122e-01
1.327477e-01
0
0
0
1.592288e-02
9.865542e-02
0
0
0
3.028480e-01
7.998851e-02
0
0
0
0
6.654169e-01
2.126596e-01
7.466234e-01
3.974038e-01
7.199138e-01
0
6.901461e-01
4.636341e-01
4.234336e-01
0
4.251958e-01
0
3.943157e-01
8.941256e-02
0
2.775499e-02
0
0
1.333444e-01
3.442132e-01
6.522301e-01
5.882658e-01
5.525232e-01
2.211852e-01
3.236619e-01
2.257717e-01
0
0
3.519758e-01
7.781296e-02
2.057886e-01
5.202955e-02
5.436284e-01
4.239881e-01
2.459575e-01
0
0
0
0
2.653887e-01
9.860839e-02
0
9.201677e-02
0
2.933434e-02
3.993624e-02
0
0
0
0
0
0
0
0
0
0
0
0
0
3.493373e-02
0
0
7.514370e-01
5.956803e-01
4.164395e-01
4.486561e-02
0
1.917658e-01
6.626876e-01
4.511897e-01
5.344048e-02
0
0
3.331418e-02
0
0
2.647464e-01
1.972464e-01
0
1.677767e-01
0
0
3.258878e-01
8.963873e-02
0
0
0
0
3.802207e-01
7.330539e-01
7.099996e-01
1
6.519513e-02
0
7.305462e-03
0
0
1.346942e-01
1.428243e-02
8.583956e-01
5.329387e-02
3.083989e-01
0
0
0
3.450060e-01
0
0
0
4.795501e-02
4.957495e-01
2.104782e-01
0
0
2.968160e-01
7.211833e-02
0
1.333354e-01
0
5.781817e-03
1.593771e-01
8.728908e-02
1.043060e-01
0
3.390638e-01
0
1.822067e-01
0
0
0
0
0
1.195811e-01
2.449154e-01
0
0
0
1.725047e-01
0
0
0
0
5.935252e-02
0
0
0
1.017647e-01
6.194311e-02
0
0
0
0
0
0
0
1.527676e-01
1.061692e-02
0
0
0
7.705113e-02
1.377952e-01
2.816129e-02
0
0
0
0
0
0
0
0
6.307367e-02
1.082456e-01
8.535454e-02
2.657916e-01
0
1.605361e-01
0
0
0
4.962693e-02
0
3.095397e-01
3.003949e-01
0
0
0
1.196975e-03
3.554942e-03
1.380437e-01
0
0
0
1.512452e-02
6.942964e-02
0
0
0
4.974216e-02
0
0
0
0
0
3.035285e-01
1.959686e-01
1.572684e-01
6.519513e-02
1
3.540116e-01
5.590919e-01
2.062699e-01
3.457695e-01
3.158036e-01
2.512531e-01
0
5.593613e-01
3.445879e-01
5.421099e-01
4.374809e-01
2.478057e-01
1.982653e-01
3.614904e-01
3.816218e-01
4.687321e-01
2.334800e-01
4.598300e-01
1.142992e-01
3.291820e-01
3.203806e-01
3.133069e-01
4.830481e-02
0
1.956476e-01
0
1.495578e-01
0
2.712382e-01
5.701977e-03
0
1.057221e-03
4.778993e-01
1.284679e-01
2.421034e-01
0
0
2.072134e-01
0
1.555202e-01
1.311376e-01
0
0
0
0
0
0
0
2.781930e-01
2.269968e-01
2.653339e-01
0
6.897392e-02
0
1.942630e-01
0
0
0
0
0
1.094154e-01
0
0
4.733544e-03
0
2.000428e-02
6.047739e-02
3.312997e-02
0
0
0
0
0
0
0
0
0
1.801061e-01
3.015509e-01
1.844426e-01
3.165168e-01
5.123732e-01
2.831765e-01
5.492913e-01
3.245015e-01
0
0
0
0
2.132194e-01
0
0
0
0
0
0
0
0
0
0
5.073641e-02
4.337503e-01
0
6.965167e-02
0
0
0
2.986623e-01
0
0
0
0
0
0
0
3.540116e-01
1
0
4.184363e-01
5.815960e-02
0
0
0
0
0
3.227413e-01
3.395677e-01
5.986009e-01
2.155657e-01
2.255689e-01
2.554579e-01
5.466498e-01
1.902062e-01
0
0
4.241179e-01
6.863191e-01
0
0
3.339336e-02
0
0
0
3.903093e-01
0
2.136290e-01
0
0
0
0
0
0
0
0
0
0
0
2.537617e-02
0
0
0
0
1.783303e-02
0
0
7.937664e-03
0
2.805012e-01
1.962063e-01
4.699592e-01
2.756465e-01
9.499845e-02
2.875381e-01
1.500946e-01
0
1.945777e-01
7.384582e-02
7.985814e-02
1.893849e-01
5.140494e-01
5.246825e-01
4.431318e-01
4.221587e-01
4.740160e-01
6.566611e-01
4.639849e-01
2.978904e-01
0
0
0
0
4.490672e-01
3.446818e-01
0
0
0
0
7.292081e-02
0
0
4.705916e-04
0
0
3.374407e-01
2.253276e-01
1.762851e-03
0
0
0
0
0
2.202469e-01
3.437566e-02
3.281926e-01
0
0
0
0
0
0
0
0
0
0
6.797391e-02
0
0
3.177428e-02
1.891007e-01
0
7.305462e-03
5.590919e-01
0
1
0
4.092342e-01
4.123001e-01
0
0
1.305095e-01
3.029246e-01
1.528955e-01
1.010687e-02
0
1.700140e-02
2.172906e-01
2.286305e-01
0
2.084111e-02
8.949712e-02
1.562831e-01
0
0
3.459441e-01
2.899733e-01
0
0
0
2.553791e-01
0
0
0
0
0
7.814614e-02
0
9.105653e-03
0
0
4.447944e-01
1.034671e-01
2.494268e-01
2.085957e-01
0
5.547998e-02
4.545651e-02
7.039454e-02
8.520002e-03
0
2.289617e-01
2.276100e-01
2.931416e-02
0
0
0
0
8.038800e-03
0
0
0
0
0
0
0
2.210095e-01
0
0
0
0
2.303949e-01
6.014414e-02
1.409922e-01
1.960677e-01
1.678816e-01
2.144918e-01
1.900200e-01
4.576740e-02
0
0
5.930921e-01
3.890717e-01
2.737480e-01
1.386619e-01
1.980932e-01
0
1.476200e-01
0
0
1.158028e-01
0
0
3.475917e-01
4.559693e-01
0
0
1.699920e-01
3.000621e-01
2.423766e-02
2.407268e-01
0
0
2.886270e-01
1.380931e-01
4.147979e-01
3.388453e-01
0
0
0
7.574803e-02
0
0
0
0
0
0
0
0
2.062699e-01
4.184363e-01
0
1
3.117676e-01
4.146492e-01
1.107006e-01
0
2.850565e-01
0
6.492270e-01
1.849723e-01
4.457793e-01
1.762333e-01
0
2.552432e-01
5.258593e-01
2.890742e-01
2.117804e-01
5.187344e-01
6.218098e-01
2.678657e-01
5.733955e-01
4.486452e-01
0
0
0
0
9.565633e-02
0
0
0
0
0
3.542862e-02
0
0
0
2.341602e-01
0
3.140939e-01
4.770362e-01
2.681642e-02
8.568105e-02
0
0
0
0
0
0
4.110233e-01
9.935304e-02
0
0
1.718002e-01
0
0
0
0
1.410008e-01
6.061331e-02
1.251169e-01
2.816428e-01
1.556106e-01
8.178013e-02
1.753800e-01
0
0
4.436990e-01
2.455983e-01
4.066517e-01
2.880344e-01
8.790578e-02
0
1.638809e-02
0
3.104911e-01
1.496551e-01
4.504345e-01
4.882111e-01
2.831975e-01
3.516624e-02
2.677033e-01
0
2.540200e-01
1.948659e-01
0
0
0
0
6.186203e-01
2.871472e-01
2.196661e-02
5.565887e-02
5.750570e-01
5.899981e-01
7.197459e-01
4.889121e-01
1.952199e-01
0
0
0
3.428897e-01
0
9.125212e-02
0
0
0
0
0
0
0
1.339124e-01
5.583929e-03
0
0
3.457695e-01
5.815960e-02
4.092342e-01
3.117676e-01
1
5.064661e-01
9.529976e-02
0
5.086266e-01
7.653765e-02
1.099164e-01
1.998718e-02
9.134780e-02
0
1.717292e-02
1.611520e-01
2.089247e-02
5.454063e-01
3.438280e-01
2.689386e-01
6.602020e-02
5.332736e-02
3.081696e-02
0
0
0
1.087297e-01
4.556391e-02
1.547483e-01
0
1.209511e-01
0
0
0
3.270560e-02
0
0
0
2.174167e-01
0
1.482139e-02
1.704648e-01
0
1.247111e-01
5.182027e-03
1.251354e-01
3.636301e-02
2.546858e-01
1.092003e-01
0
1.262617e-01
0
0
0
5.458949e-01
3.286000e-01
0
0
2.210047e-02
6.180093e-02
0
0
0
3.872007e-01
4.914235e-01
4.611887e-01
3.760611e-01
4.354737e-01
6.697550e-01
5.662625e-01
5.616768e-01
5.769388e-01
0
0
0
0
4.440553e-02
0
2.238766e-01
4.355961e-02
0
0
8.579218e-02
0
0
0
6.301673e-02
0
1.606213e-01
0
4.507616e-01
4.353488e-01
0
7.291441e-02
1.953386e-01
3.088332e-01
3.310672e-01
3.401115e-01
0
0
1.631072e-01
2.446259e-02
3.033958e-01
0
0
0
0
0
0
0
0
0
2.317052e-02
2.858488e-01
7.748914e-02
1.346942e-01
3.158036e-01
0
4.123001e-01
4.146492e-01
5.064661e-01
1.000000e+00
0
9.213916e-02
3.233970e-01
2.918910e-01
1.462562e-01
0
1.287606e-01
0
0
0
0
4.586262e-01
1.095549e-01
1.853762e-01
0
0
4.312487e-01
4.543584e-01
7.865652e-02
0
0
0
0
4.247587e-02
0
0
2.438764e-01
2.208175e-01
1.699464e-01
2.235559e-01
3.438707e-01
3.100449e-01
2.584370e-01
4.404152e-01
3.797573e-01
3.042186e-01
7.636865e-02
1.466187e-01
2.599694e-01
1.940492e-01
1.499040e-01
0
3.596737e-01
1.290871e-01
8.575778e-03
4.305092e-02
0
0
0
0
0
0
0
1.342707e-01
0
4.148060e-04
1.429212e-01
2.323962e-01
0
0
0
0
0
0
0
0
1.361554e-01
2.186538e-01
3.385455e-01
2.848931e-01
0
0
4.860689e-01
4.066052e-01
2.976449e-01
1.572794e-01
0
0
0
0
3.426754e-03
3.009309e-01
0
0
3.072749e-01
4.105860e-01
3.276167e-01
4.404620e-01
2.585242e-02
2.818253e-01
8.951107e-02
1.563912e-01
2.125374e-02
1.618137e-01
4.531571e-01
3.451732e-01
1.944785e-01
2.659769e-01
1.035459e-01
3.745023e-02
1.970887e-01
0
0
2.685486e-02
1.635788e-01
3.996017e-01
5.881199e-01
3.085425e-02
2.694561e-01
1.428243e-02
2.512531e-01
0
0
1.107006e-01
9.529976e-02
0
1.000000e+00
5.128965e-02
6.691040e-01
0
2.368329e-01
2.201974e-01
2.073020e-01
0
8.205823e-02
2.533750e-01
3.625235e-01
1.853547e-01
4.971860e-01
3.102794e-01
4.889788e-01
4.642504e-02
0
0
5.972332e-01
0
7.263363e-01
7.648676e-02
4.899792e-01
0
5.134962e-01
2.184988e-01
4.195187e-01
0
3.572870e-01
0
3.942934e-01
0
0
2.642849e-01
0
0
0
2.040770e-01
4.374186e-01
3.712987e-01
4.925001e-01
2.601601e-01
2.353624e-01
1.896368e-01
0
0
2.683510e-01
9.387124e-02
1.355545e-01
0
6.149734e-01
3.957448e-01
4.230393e-01
1.990548e-01
0
0
1.259793e-01
3.178488e-01
0
0
1.456699e-01
3.244472e-03
0
0
0
0
0
0
0
0
0
0
0
0
0
0
0
0
0
0
8.137779e-01
5.161178e-01
5.724527e-01
2.523379e-01
0
4.372841e-02
5.739101e-01
3.185348e-01
0
0
0
0
0
0
4.199445e-01
3.703778e-01
0
2.671841e-02
0
0
4.858227e-01
2.219352e-02
0
0
0
0
1.712437e-01
6.664346e-01
5.201329e-01
8.583956e-01
0
0
0
0
0
9.213916e-02
5.128965e-02
1
0
4.278599e-01
0
1.242546e-01
0
3.879886e-01
0
0
0
0
2.974334e-01
0
0
0
5.900834e-01
4.577667e-01
0
0
0
0
3.806034e-02
4.086771e-02
0
0
4.216893e-01
0
2.584964e-01
1.013770e-01
1.915241e-01
1.066908e-01
1.609214e-01
0
4.983873e-01
6.212373e-01
8.316945e-02
1.338458e-01
2.174779e-01
3.943541e-01
0
0
2.007874e-01
1.237206e-01
1.469905e-01
0
0
0
0
0
0
0
0
2.317519e-01
0
7.949244e-03
1.023640e-01
2.991800e-01
0
0
0
0
0
0
0
0
3.683651e-02
6.193626e-02
1.195729e-02
0
0
0
4.227218e-01
2.399504e-01
1.585008e-01
0
0
0
3.073868e-02
0
0
0
0
0
5.908722e-01
5.788912e-01
2.019683e-01
3.211543e-01
2.899392e-01
5.462235e-01
2.666661e-01
4.656860e-01
0
0
1.040256e-01
4.343405e-02
1.330007e-01
9.179139e-02
0
0
0
0
0
0
0
0
3.947408e-01
2.737933e-02
1.664122e-01
5.329387e-02
5.593613e-01
0
1.305095e-01
2.850565e-01
5.086266e-01
3.233970e-01
6.691040e-01
0
1
2.792853e-01
2.289107e-01
1.858705e-01
1.880934e-01
0
3.508457e-02
2.450948e-01
2.343942e-01
3.805589e-01
5.796243e-01
1.149996e-01
2.979097e-01
1.187096e-01
1.703320e-01
0
0
0
2.218973e-01
0
3.044961e-01
0
2.139703e-01
0
1.788720e-01
0
2.810820e-01
0
1.692489e-02
0
0
0
0
1.846614e-01
8.078726e-02
0
0
1.885173e-01
0
7.582802e-02
1.741785e-02
0
9.583142e-02
0
7.362063e-02
2.837925e-01
2.000821e-01
0
4.002652e-02
0
2.345333e-01
3.886642e-01
1.502073e-01
1.394276e-02
9.572921e-02
9.429849e-02
3.611823e-02
1.334139e-01
2.351365e-01
2.445091e-01
0
4.258712e-02
0
0
0
0
0
0
0
0
0
0
0
0
4.036519e-02
0
5.216918e-02
2.038935e-01
1.194674e-01
0
6.446900e-01
4.379472e-01
2.609349e-01
1.870516e-01
2.367946e-01
2.243918e-02
4.962921e-02
5.713344e-02
4.340068e-02
1.743973e-02
8.656307e-02
0
1.042903e-01
7.468862e-02
2.125778e-03
0
1.460664e-01
0
2.073416e-01
0
7.183180e-02
0
0
0
3.396676e-02
3.989779e-01
1.327477e-01
3.083989e-01
3.445879e-01
0
3.029246e-01
0
7.653765e-02
2.918910e-01
0
4.278599e-01
2.792853e-01
1.000000e+00
0
2.706954e-01
2.516928e-02
3.276970e-01
0
1.546054e-01
3.070940e-02
1.964523e-01
3.293948e-02
0
0
0
1.731173e-01
1.545085e-01
1.081968e-01
1.271375e-01
0
8.370520e-02
0
0
0
0
1.007774e-01
6.958044e-03
0
0
0
0
3.375857e-02
5.746971e-02
3.001988e-02
0
0
0
0
0
0
0
0
0
0
0
0
0
0
0
2.898312e-02
0
0
0
0
0
0
1.741543e-01
0
0
0
0
0
0
0
0
3.956404e-01
4.482366e-01
4.919711e-01
4.505801e-01
4.850810e-04
1.039800e-01
1.705422e-01
3.456222e-01
4.518455e-01
4.119326e-01
3.834621e-01
0
1.510550e-01
0
1.128868e-01
2.276572e-01
0
0
0
1.747544e-01
0
0
0
4.274601e-02
0
7.746707e-02
0
0
1.747536e-01
1.729239e-01
9.401173e-02
2.642858e-01
0
0
2.940764e-01
1.378557e-01
0
0
2.764893e-01
2.426517e-01
1.423114e-01
0
0
0
5.421099e-01
3.227413e-01
1.528955e-01
6.492270e-01
1.099164e-01
1.462562e-01
2.368329e-01
0
2.289107e-01
0
1
4.885679e-01
2.690454e-01
3.545528e-01
1.146011e-01
4.269291e-01
6.135380e-01
2.576487e-02
3.372032e-01
6.083611e-01
5.802542e-01
3.696208e-01
3.064985e-01
0
1.120747e-01
0
0
0
0
0
0
0
2.190839e-01
0
0
0
2.341040e-02
0
0
8.136659e-02
7.164510e-02
5.072395e-02
0
0
0
0
0
0
0
0
1.165635e-01
2.612028e-02
0
0
0
0
1.358220e-02
0
1.647176e-01
1.701654e-02
0
0
0
1.720785e-01
0
0
0
0
0
0
0
0
5.662389e-03
1.650359e-02
1.648250e-01
1.317607e-01
0
0
9.891855e-02
2.488697e-01
3.838742e-01
1.755788e-01
4.102737e-01
0
4.596827e-01
1.466276e-01
1.807354e-01
0
2.087111e-01
1.729269e-01
1.455289e-01
1.305992e-01
8.055427e-02
0
3.789639e-02
2.738078e-01
3.778926e-02
2.383571e-01
0
0
3.737148e-01
1.597627e-01
1.738265e-01
2.870391e-02
8.071416e-02
0
5.259405e-01
0
2.171112e-01
6.898711e-02
3.672969e-01
1.212431e-01
0
1.192074e-02
0
0
4.374809e-01
3.395677e-01
1.010687e-02
1.849723e-01
1.998718e-02
0
2.201974e-01
1.242546e-01
1.858705e-01
2.706954e-01
4.885679e-01
1.000000e+00
4.587094e-01
4.701590e-01
0
5.050755e-01
5.386091e-01
6.775344e-02
1.359668e-01
5.216730e-02
5.768437e-01
6.642368e-01
2.868888e-01
0
0
0
0
0
0
1.565801e-01
0
0
0
3.122102e-01
0
2.457202e-01
0
0
3.025589e-01
9.630888e-02
0
1.483595e-01
0
0
0
0
0
5.119946e-02
9.144934e-02
3.669775e-02
0
0
0
0
0
0
0
0
0
1.189107e-01
0
2.601122e-01
0
9.640091e-02
0
0
0
0
0
0
0
5.977978e-02
1.121565e-01
1.474604e-01
7.188662e-02
1.791967e-02
5.921426e-02
1.602146e-01
5.460728e-01
3.572040e-01
4.652559e-01
3.882752e-01
2.513837e-01
1.025788e-01
4.299253e-01
3.073118e-01
0
0
0
5.055240e-02
4.667834e-01
3.589914e-01
0
0
0
2.173332e-01
0
1.284145e-01
0
0
2.577012e-01
2.458322e-01
4.412498e-01
0
1.378931e-02
0
0
0
3.815774e-01
6.206254e-02
2.238035e-01
1.001250e-01
0
0
0
0
2.478057e-01
5.986009e-01
0
4.457793e-01
9.134780e-02
1.287606e-01
2.073020e-01
0
1.880934e-01
2.516928e-02
2.690454e-01
4.587094e-01
1
9.380941e-02
1.165354e-01
4.732679e-01
6.362128e-01
4.065299e-02
0
0
5.545645e-01
4.878974e-01
0
0
2.975085e-01
9.532237e-02
1.581352e-01
7.484111e-02
5.232506e-02
0
1.529450e-01
0
2.582358e-01
0
2.280945e-02
0
1.604989e-01
0
1.086940e-01
6.145535e-02
0
0
3.550442e-02
0
0
0
0
9.471068e-02
0
1.100078e-01
5.434904e-02
3.181248e-02
1.251010e-01
1.405490e-01
0
8.142707e-02
4.869880e-01
3.352957e-01
4.210760e-02
0
0
0
0
2.319951e-01
0
0
7.330808e-02
3.265408e-02
0
0
0
0
0
0
0
0
0
0
0
0
0
0
6.249748e-02
0
0
0
3.201700e-01
1.928762e-01
3.444610e-01
2.820266e-01
0
0
2.582251e-01
0
0
0
0
0
0
0
3.618854e-01
3.954272e-01
7.981487e-02
2.633458e-01
0
2.176095e-02
4.858613e-01
7.322577e-02
1.018377e-03
0
3.697231e-02
0
0
4.116500e-02
1.592288e-02
3.450060e-01
1.982653e-01
2.155657e-01
1.700140e-02
1.762333e-01
0
0
0
3.879886e-01
0
3.276970e-01
3.545528e-01
4.701590e-01
9.380941e-02
1.000000e+00
0
2.582929e-01
3.732987e-01
1.002255e-01
3.557856e-02
1.091878e-01
3.435035e-01
1.392563e-01
1.450752e-01
0
0
4.511818e-01
0
6.773916e-02
2.505904e-02
4.156591e-01
2.323070e-01
2.098620e-01
0
2.544887e-01
3.617351e-02
5.287448e-01
2.399867e-02
3.129261e-01
0
0
0
2.259561e-02
0
0
0
1.493671e-01
0
3.969347e-02
5.175859e-02
0
0
0
0
3.684461e-02
0
0
0
0
0
0
0
2.933897e-01
0
0
0
0
0
0
0
1.434068e-02
0
0
8.520527e-02
0
8.126008e-02
0
3.000866e-01
3.109136e-01
0
0
1.208717e-01
2.385700e-01
2.639280e-03
3.621244e-01
0
6.470418e-02
0
9.589492e-02
0
0
0
0
0
0
0
0
0
1.203624e-02
1.022329e-01
0
0
0
0
0
0
0
0
9.265900e-02
8.539198e-02
1.390046e-01
2.403575e-01
1.508236e-01
0
0
9.865542e-02
0
3.614904e-01
2.255689e-01
2.172906e-01
0
1.717292e-02
0
8.205823e-02
0
3.508457e-02
0
1.146011e-01
0
1.165354e-01
0
1
2.801247e-01
2.020469e-01
0
1.806742e-01
8.043735e-02
2.503931e-01
1.389396e-02
4.339906e-01
4.146547e-02
0
0
0
0
0
0
0
0
0
2.580558e-01
0
1.690506e-01
0
0
1.112259e-01
0
0
2.184751e-01
0
0
0
0
0
0
0
0
0
1.846554e-01
0
0
0
0
0
0
3.458098e-02
5.224539e-02
8.070734e-02
3.819854e-01
0
2.038412e-02
0
0
0
0
0
0
0
0
3.351187e-01
3.442955e-01
4.543478e-01
4.615118e-02
4.420216e-01
3.554348e-01
2.751035e-01
3.114093e-01
5.629780e-01
4.444614e-01
1.220133e-01
0
4.937529e-01
2.825182e-01
0
0
0
3.114719e-02
3.147559e-01
1.797856e-01
0
0
5.040660e-02
3.664802e-02
1.497522e-02
0
0
3.764397e-03
1.829107e-01
0
2.272656e-01
2.247868e-01
2.529430e-01
3.457769e-01
3.791245e-02
4.290897e-02
3.155703e-01
4.330928e-01
4.882619e-01
3.356256e-01
0
0
0
0
3.816218e-01
2.554579e-01
2.286305e-01
2.552432e-01
1.611520e-01
0
2.533750e-01
0
2.450948e-01
1.546054e-01
4.269291e-01
5.050755e-01
4.732679e-01
2.582929e-01
2.801247e-01
1
7.621688e-01
0
4.204400e-03
1.201905e-01
6.758991e-01
4.007200e-01
4.157897e-01
1.166403e-01
0
1.284880e-02
0
1.341193e-01
0
1.915950e-01
0
0
0
4.587189e-01
0
3.086679e-01
0
0
4.298854e-01
1.080988e-01
1.818428e-01
2.641768e-01
0
0
0
0
0
0
1.950467e-03
4.310820e-02
5.365986e-02
1.572029e-01
0
0
0
0
0
0
0
0
0
9.163912e-02
0
0
0
0
0
0
0
0
0
0
1.311321e-01
1.906121e-01
3.202918e-01
5.215186e-02
2.004985e-02
6.124760e-02
4.384466e-01
3.704345e-01
4.251867e-01
3.216538e-01
1.503384e-01
0
4.149518e-01
8.419289e-02
0
2.717864e-02
0
0
3.968518e-01
4.152019e-01
0
0
0
0
0
0
0
0
3.505275e-01
2.825007e-01
4.648260e-01
3.705111e-01
0
1.000583e-01
1.020221e-01
3.706845e-02
7.247283e-02
6.948337e-02
2.847519e-01
1.909956e-01
7.892925e-02
0
0
0
4.687321e-01
5.466498e-01
0
5.258593e-01
2.089247e-02
0
3.625235e-01
0
2.343942e-01
3.070940e-02
6.135380e-01
5.386091e-01
6.362128e-01
3.732987e-01
2.020469e-01
7.621688e-01
1
1.199359e-01
7.306438e-02
2.195386e-01
8.447586e-01
4.700904e-01
4.537290e-01
4.529807e-01
0
0
0
7.367515e-02
5.997798e-02
0
0
2.565885e-02
2.627101e-01
1.262005e-02
4.506711e-01
0
4.737267e-02
0
7.041374e-01
2.782398e-01
5.398620e-01
5.016954e-01
9.730604e-02
3.723257e-01
0
0
0
0
0
1.851779e-01
7.715548e-01
3.697460e-01
0
0
3.387976e-01
1.382488e-01
0
0
0
0
0
0
0
0
1.628297e-02
0
0
0
2.255362e-01
0
8.036103e-02
4.995655e-02
0
0
0
0
0
0
4.818576e-01
4.106300e-01
0
0
2.981772e-01
0
2.647241e-01
1.336846e-02
0
0
0
0
6.653997e-01
4.231777e-01
2.970194e-01
2.788247e-01
2.165654e-01
3.545675e-01
3.673311e-01
1.217423e-01
0
0
3.081802e-01
9.049947e-02
7.295130e-01
0
1.328709e-01
0
0
0
0
0
0
0
3.619512e-01
2.398029e-01
0
4.795501e-02
2.334800e-01
1.902062e-01
2.084111e-02
2.890742e-01
5.454063e-01
4.586262e-01
1.853547e-01
0
3.805589e-01
1.964523e-01
2.576487e-02
6.775344e-02
4.065299e-02
1.002255e-01
0
0
1.199359e-01
1
2.793418e-01
2.070152e-01
1.244312e-01
1.011612e-01
3.337545e-01
2.834019e-01
2.168456e-01
1.180514e-01
1.159908e-01
1.284543e-01
3.471498e-01
3.610234e-02
4.070030e-02
1.914146e-01
5.255368e-01
0
2.619448e-01
0
1.302276e-01
8.296747e-02
1.129946e-01
3.828729e-03
2.804233e-01
3.094502e-01
0
9.893296e-02
4.398934e-01
3.489789e-01
1.511643e-01
0
1.482019e-01
5.726623e-02
0
0
0
0
0
0
0
0
9.239851e-02
4.226820e-02
0
0
0
1.448278e-01
0
0
0
0
0
0
0
0
1.536481e-01
7.609262e-02
1.412941e-01
2.219942e-01
0
0
3.460388e-01
1.266767e-01
4.103767e-02
0
0
0
0
0
2.677117e-01
3.471309e-01
0
0
1.705888e-01
4.605378e-01
4.786902e-01
2.454813e-01
2.801356e-01
3.522528e-01
2.460366e-01
3.514485e-01
0
0
2.064760e-01
0
0
9.986003e-05
0
0
3.244873e-02
0
0
0
0
5.609653e-02
5.764239e-01
3.786889e-01
3.028480e-01
4.957495e-01
4.598300e-01
0
8.949712e-02
2.117804e-01
3.438280e-01
1.095549e-01
4.971860e-01
2.974334e-01
5.796243e-01
3.293948e-02
3.372032e-01
1.359668e-01
0
3.557856e-02
1.806742e-01
4.204400e-03
7.306438e-02
2.793418e-01
1
4.615198e-01
2.359277e-01
0
1.486809e-01
3.713916e-01
3.211135e-01
0
3.829491e-02
1.679230e-01
2.070711e-01
0
0
1.172879e-01
0
0
0
0
0
0
2.402746e-01
2.595429e-01
1.404184e-01
0
1.401933e-01
3.764569e-01
3.060463e-01
0
1.699845e-01
0
1.597644e-01
0
9.264329e-02
0
0
0
0
0
0
0
0
0
0
0
0
2.165878e-01
0
0
0
0
4.512453e-02
0
0
0
2.376727e-01
2.013159e-01
4.008460e-01
2.855239e-01
0
1.337118e-01
2.876779e-01
3.095224e-01
1.718045e-01
5.809681e-03
1.277605e-01
0
0
0
1.103056e-01
3.367273e-01
0
0
0
1.645317e-01
2.558104e-01
2.743162e-01
1.790415e-01
1.175833e-01
2.138668e-01
1.244766e-01
0
0
4.275691e-01
0
1.473160e-01
3.148740e-01
0
0
1.039430e-02
9.587659e-02
0
0
1.393082e-02
2.543634e-01
3.365226e-01
1.052000e-01
7.998851e-02
2.104782e-01
1.142992e-01
0
1.562831e-01
5.187344e-01
2.689386e-01
1.853762e-01
3.102794e-01
0
1.149996e-01
0
6.083611e-01
5.216730e-02
0
1.091878e-01
8.043735e-02
1.201905e-01
2.195386e-01
2.070152e-01
4.615198e-01
1
4.600652e-01
0
5.092629e-01
2.477797e-01
0
0
0
5.311803e-02
0
5.823209e-02
0
0
0
2.979344e-01
0
2.514997e-01
7.574277e-02
3.309428e-02
3.861918e-01
1.756809e-01
2.389496e-01
2.891101e-01
0
0
0
0
0
0
5.082370e-02
0
1.045265e-01
1.244947e-01
0
0
0
0
0
0
0
0
0
0
0
1.199962e-01
0
0
0
0
0
0
0
0
7.936961e-02
1.062232e-01
3.426462e-01
2.149062e-02
0
0
5.344805e-01
3.873257e-01
3.965965e-01
2.272860e-01
1.852777e-01
0
3.270067e-01
0
0
1.600764e-01
0
0
3.269787e-01
3.761522e-01
1.291390e-02
3.232316e-02
2.818825e-02
1.445535e-01
0
1.039654e-01
0
0
5.522184e-01
2.565432e-01
4.226449e-01
3.799026e-01
1.257467e-02
4.020291e-02
1.371955e-01
4.778583e-02
7.319360e-02
7.045504e-02
2.852251e-01
2.515986e-01
4.090440e-02
0
0
0
3.291820e-01
4.241179e-01
0
6.218098e-01
6.602020e-02
0
4.889788e-01
0
2.979097e-01
0
5.802542e-01
5.768437e-01
5.545645e-01
3.435035e-01
2.503931e-01
6.758991e-01
8.447586e-01
1.244312e-01
2.359277e-01
4.600652e-01
1.000000e+00
4.564415e-01
4.123745e-01
2.596867e-01
0
0
0
0
0
0
0
0
1.858817e-01
3.076158e-01
1.240488e-02
0
9.129588e-02
0
0
0
2.587441e-01
1.052591e-01
0
0
0
0
0
0
0
0
2.679278e-01
3.034982e-01
0
8.149444e-02
0
5.182516e-03
0
0
0
0
0
1.905476e-01
0
0
0
0
0
0
0
0
0
0
3.755906e-02
9.781843e-02
2.782549e-01
1.452777e-01
0
0
1.001057e-01
4.420449e-01
3.954883e-01
4.217021e-01
5.801307e-01
0
7.672180e-01
4.856721e-01
0
0
0
2.512436e-02
2.045579e-01
0
0
0
0
1.140909e-01
0
1.034511e-01
0
0
0
1.112607e-01
3.421532e-01
0
2.575484e-01
8.746738e-02
1.968255e-01
0
3.422450e-01
3.698621e-02
2.894172e-01
4.508431e-02
0
0
0
0
3.203806e-01
6.863191e-01
0
2.678657e-01
5.332736e-02
0
4.642504e-02
0
1.187096e-01
0
3.696208e-01
6.642368e-01
4.878974e-01
1.392563e-01
1.389396e-02
4.007200e-01
4.700904e-01
1.011612e-01
0
0
4.564415e-01
1
