1
6.882383e-01
0
0
0
0
0
8.102378e-02
0
0
1.714159e-01
4.146949e-01
2.759878e-01
2.772853e-01
6.949044e-02
1.156380e-01
3.598214e-01
3.696549e-02
6.126589e-01
7.227611e-01
0
0
0
0
0
0
0
0
4.485800e-01
3.581971e-01
0
0
0
0
0
0
0
9.760703e-02
0
9.165299e-02
0
0
0
0
0
0
0
0
0
0
6.237958e-02
0
2.021272e-01
0
0
0
6.441583e-01
6.679189e-01
4.813617e-01
2.657419e-01
4.200140e-01
0
5.463526e-01
3.674362e-01
0
0
0
0
6.832267e-01
3.916129e-01
9.069964e-03
5.898286e-02
3.672475e-01
5.621145e-01
3.357285e-01
4.430404e-01
0
0
9.208585e-02
0
3.915636e-01
0
2.877213e-01
6.022063e-02
0
0
1.857331e-01
0
5.230614e-02
0
1.635002e-01
0
0
0
2.732559e-01
3.239994e-01
0
3.430933e-01
5.564716e-01
1.256199e-02
4.435588e-01
0
5.906833e-01
1.861908e-01
1.733349e-01
3.314864e-01
3.236160e-01
0
1.314565e-01
4.320434e-01
4.083693e-01
4.099411e-01
3.076320e-01
1.234782e-01
5.075170e-01
4.338582e-01
6.882383e-01
1.000000e+00
1.541930e-01
0
0
0
1.566033e-02
3.911660e-02
0
0
3.279168e-01
3.548136e-01
4.660913e-01
1.261300e-01
3.916869e-01
2.329908e-01
2.757922e-01
2.925459e-01
8.253388e-01
5.278840e-01
2.143220e-01
4.454338e-01
1.643772e-01
8.670202e-03
0
0
0
2.214429e-01
4.617879e-01
3.839711e-01
0
0
0
0
0
0
0
0
0
0
0
0
0
0
0
0
0
0
0
0
2.716157e-02
7.499033e-02
3.155936e-01
1.253859e-01
0
0
4.058556e-01
6.530790e-01
1.619259e-01
7.290815e-02
2.061035e-01
0
1.909158e-01
1.611299e-02
0
0
0
0
3.058247e-01
1.515236e-01
8.087008e-02
3.535398e-01
2.136623e-01
4.048875e-01
2.601752e-01
2.742602e-01
0
0
4.961711e-02
0
2.677640e-01
8.279588e-02
1.872400e-01
1.360846e-02
9.206987e-03
0
0
0
0
8.512519e-02
3.107980e-01
0
0
0
0
4.516130e-02
0
2.715797e-01
3.406571e-01
0
5.016835e-01
0
4.270863e-01
0
1.378373e-01
8.433836e-03
0
0
0
0
7.483083e-02
3.321194e-01
1.753011e-01
3.565375e-01
2.296388e-01
2.897540e-01
0
1.541930e-01
1
3.592132e-01
5.455674e-01
2.854007e-01
7.151659e-01
0
5.010025e-01
3.114351e-01
4.754912e-01
0
4.598478e-01
0
6.485372e-01
1.654256e-01
0
5.363809e-02
1.712924e-01
0
2.053656e-01
5.164669e-01
7.643785e-01
5.225809e-01
4.190439e-01
1.115558e-01
5.091403e-02
1.081730e-01
0
0
6.728451e-01
3.437303e-01
1.177341e-01
1.012133e-01
5.486224e-01
3.933675e-01
0
0
0
0
0
2.670484e-01
0
0
0
0
0
0
0
0
0
0
0
0
0
0
0
0
0
0
0
3.995911e-02
0
0
7.847706e-01
6.084592e-01
2.726049e-01
2.905466e-03
0
0
3.995975e-01
4.789238e-01
0
0
0
2.968825e-02
0
0
1.668685e-01
2.445490e-01
0
2.104953e-01
0
0
7.188219e-01
3.790498e-01
0
0
0
0
2.568919e-01
4.371929e-01
5.523448e-01
5.915812e-01
0
0
0
0
0
0
9.183987e-02
6.028326e-01
0
0
4.186323e-02
4.718338e-02
0
1.339014e-01
0
0
0
0
5.603158e-02
3.851269e-01
0
0
0
0
3.592132e-01
1.000000e+00
1.640694e-01
3.705825e-01
3.519261e-01
3.980151e-01
4.149358e-01
3.036451e-01
2.328493e-01
1.951858e-01
2.061744e-01
3.775328e-01
3.047421e-01
4.424856e-01
0
0
0
0
2.328478e-01
0
2.712204e-01
3.866608e-01
5.874586e-02
1.751825e-02
0
1.254094e-01
0
0
4.449183e-01
4.609767e-01
0
1.482001e-01
2.431844e-01
3.056675e-01
0
0
0
0
0
0
0
0
0
0
0
0
0
0
0
0
2.183207e-02
0
0
0
0
0
0
1.390576e-01
0
5.275390e-01
0
0
1.838018e-01
3.714781e-01
8.813773e-04
1.005872e-01
0
0
0
0
0
0
0
0
0
0
0
0
0
1.407365e-01
0
0
3.419770e-01
4.648237e-01
0
0
9.650511e-02
4.612573e-02
5.177547e-02
0
2.533988e-01
2.026790e-01
5.492206e-02
1.179167e-01
0
0
0
0
0
0
0
0
9.891480e-02
0
0
3.010299e-02
4.323155e-01
0
0
0
5.614213e-02
1.298306e-03
0
0
0
0
5.455674e-01
1.640694e-01
1
3.066217e-01
5.601705e-01
0
5.491524e-01
3.402830e-01
1.030465e-01
0
2.154344e-01
0
2.922727e-01
2.204240e-01
0
9.045927e-02
0
0
3.231945e-01
3.401972e-01
5.878764e-01
6.177465e-01
8.466568e-01
6.341746e-01
6.790354e-01
3.283570e-01
0
0
3.144385e-01
1.733287e-01
1.485492e-01
1.651753e-01
5.782874e-01
5.419911e-01
1.908612e-01
8.260583e-02
0
0
1.350915e-01
4.398274e-01
1.222151e-01
2.722756e-02
1.807766e-01
1.252391e-01
0
1.414518e-01
0
3.945768e-02
0
0
0
0
0
0
0
0
0
0
0
5.598057e-02
0
0
7.096940e-01
6.488271e-01
4.390047e-01
2.347766e-01
0
0
4.020318e-01
4.349510e-01
1.542068e-02
0
0
0
0
0
1.556070e-01
2.352534e-01
0
3.527560e-01
0
0
3.318169e-01
4.342988e-01
0
0
0
0
8.767187e-02
4.584959e-01
6.010079e-01
7.241438e-01
0
0
0
0
0
1.428633e-01
0
7.191749e-01
0
1.830030e-01
0
0
0
4.910626e-02
1.655103e-03
0
0
0
5.563484e-02
1.485685e-01
0
0
0
0
2.854007e-01
3.705825e-01
3.066217e-01
1
2.211011e-01
6.128350e-01
4.670856e-01
8.565234e-01
7.737208e-02
1.575688e-01
2.803359e-01
3.537955e-01
2.443247e-01
2.606059e-01
2.738007e-01
7.834143e-02
2.623512e-01
1.307349e-01
1.750257e-01
3.465757e-01
4.140260e-01
4.652996e-01
3.914328e-01
3.375819e-01
3.798351e-01
6.429229e-01
0
0
2.469952e-01
0
1.192316e-02
1.256059e-01
1.261880e-01
1.643592e-01
0
0
0
0
0
0
7.521546e-02
0
0
0
9.913707e-02
0
0
2.607741e-02
0
0
0
0
0
0
0
0
0
0
0
6.530639e-01
0
0
2.310984e-01
5.023172e-01
0
0
0
3.025008e-01
2.984648e-01
3.839637e-01
0
0
0
0
0
0
1.305556e-01
3.884110e-01
0
1.958430e-01
0
0
1.747376e-02
2.497187e-01
0
0
0
0
3.327588e-01
2.709359e-01
6.396014e-01
3.776907e-01
0
8.624796e-02
0
2.313446e-01
0
1.205640e-02
0
1.527910e-01
0
0
4.740589e-02
0
0
0
6.047551e-02
0
6.959255e-02
0
0
1.834042e-01
2.616595e-02
0
0
1.566033e-02
7.151659e-01
3.519261e-01
5.601705e-01
2.211011e-01
1
0
6.861068e-01
3.197228e-01
3.659550e-01
0
5.731492e-01
0
3.864323e-01
1.409401e-01
0
0
7.995890e-02
5.335396e-03
3.568295e-01
4.561983e-01
6.207570e-01
5.160785e-01
3.062938e-01
8.299243e-02
6.762044e-02
0
0
0
6.053384e-01
4.011829e-01
3.661099e-01
1.954664e-01
3.736048e-01
3.700616e-01
2.756722e-02
0
0
0
9.465947e-02
1.555016e-01
1.487520e-01
6.708547e-02
2.087377e-01
4.568469e-02
7.836125e-02
1.199639e-01
0
0
0
0
0
0
0
0
0
0
0
0
0
7.681239e-02
0
0
5.999168e-01
3.414967e-01
4.272282e-01
6.455059e-02
0
0
5.299336e-01
4.651313e-01
1.692377e-01
0
1.723189e-01
1.454413e-01
1.599009e-01
0
0
0
0
6.729654e-03
0
0
3.476799e-01
8.700755e-02
0
0
0
0
3.973797e-01
7.303249e-01
5.544151e-01
6.787397e-01
1.900332e-02
0
3.188003e-01
0
0
1.211903e-01
0
5.384902e-01
1.174360e-03
2.980074e-01
0
0
0
0
0
0
0
0
2.002829e-01
2.323705e-01
0
0
8.102378e-02
3.911660e-02
0
3.980151e-01
0
6.128350e-01
0
1
2.104388e-01
5.847739e-01
0
5.420997e-01
1.775242e-01
8.366659e-01
1.490757e-01
5.342508e-01
2.011830e-01
0
2.632268e-01
4.512963e-01
9.080844e-02
0
4.229738e-02
2.518706e-01
0
4.328687e-02
2.118798e-01
3.487902e-01
6.744391e-02
3.778670e-02
7.671538e-02
5.332002e-02
0
0
0
0
0
0
0
0
0
0
5.727181e-02
0
0
0
1.153860e-01
0
2.509662e-02
4.951805e-02
0
0
0
0
0
0
1.566459e-01
0
0
0
0
7.953164e-01
0
2.339848e-01
0
6.811172e-03
0
0
2.199798e-01
2.467134e-01
5.211467e-02
2.180754e-01
0
0
0
1.414074e-02
3.635626e-02
0
0
0
5.346227e-02
0
2.428112e-02
1.621097e-02
0
0
0
0
0
0
2.243565e-01
0
3.352860e-01
0
3.720337e-02
2.930645e-01
0
0
0
0
6.799276e-02
0
0
0
0
0
2.147970e-01
0
4.091062e-01
0
1.743647e-01
0
0
0
4.730927e-02
0
0
0
5.010025e-01
4.149358e-01
5.491524e-01
4.670856e-01
6.861068e-01
2.104388e-01
1
5.759130e-01
1.444143e-01
0
5.364113e-01
0
4.260561e-01
1.210433e-01
0
0
0
0
3.693180e-02
1.080313e-01
3.069208e-01
3.466008e-01
1.942877e-01
4.387208e-01
3.045328e-02
1.441617e-01
0
0
6.513381e-01
5.336715e-01
5.173382e-01
4.592761e-01
5.268778e-01
5.608365e-01
3.372663e-02
0
0
0
0
2.476394e-02
5.264587e-01
3.532317e-01
5.251968e-01
4.103235e-01
3.087776e-01
3.620260e-01
8.140684e-02
0
0
0
0
0
0
0
0
0
0
0
0
3.663409e-01
0
0
4.628906e-01
1.683911e-01
2.669969e-01
4.758454e-02
0
0
1.871603e-01
2.031431e-01
0
0
0
0
6.143506e-02
0
0
3.739843e-02
0
0
0
0
6.540691e-02
0
0
0
0
0
8.164530e-02
5.465319e-01
5.251845e-01
6.859152e-01
8.091432e-02
0
2.442732e-01
0
0
1.363725e-01
0
5.195408e-01
0
2.086126e-01
0
0
0
1.209811e-01
2.473735e-01
0
0
0
2.491074e-02
0
0
0
0
0
3.114351e-01
3.036451e-01
3.402830e-01
8.565234e-01
3.197228e-01
5.847739e-01
5.759130e-01
1
7.680324e-02
1.479835e-01
3.707846e-01
3.390883e-01
3.271630e-01
3.767417e-01
1.534584e-01
1.684583e-01
2.233735e-01
4.279438e-02
1.117471e-01
3.207676e-01
3.878183e-01
3.186560e-01
3.732088e-01
2.690282e-01
2.758666e-01
5.257663e-01
0
0
2.616127e-01
0
1.260180e-02
6.148688e-02
1.344528e-01
1.843454e-01
1.027047e-02
0
0
0
0
0
8.554258e-02
0
0
0
5.839677e-02
0
0
0
0
0
0
0
0
0
0
0
0
0
0
6.332146e-01
0
0
2.641045e-01
4.297896e-01
0
0
0
1.069406e-01
3.487363e-01
3.820655e-01
0
0
0
0
0
0
1.208168e-01
2.180809e-01
0
0
0
0
0
1.524572e-01
0
0
0
0
3.550709e-01
4.671001e-01
6.423217e-01
4.506106e-01
0
0
0
0
0
0
0
2.863943e-01
0
0
0
0
0
0
2.116172e-01
0
0
0
6.826081e-02
1.336841e-01
0
0
1.714159e-01
3.279168e-01
4.754912e-01
2.328493e-01
1.030465e-01
7.737208e-02
3.659550e-01
0
1.444143e-01
7.680324e-02
1.000000e+00
0
5.937713e-01
0
5.168994e-01
1.157565e-01
0
0
4.790292e-01
2.774637e-01
5.541585e-02
2.575470e-01
3.317101e-01
3.557065e-01
3.576073e-02
0
0
2.986822e-01
1.423591e-01
0
2.530721e-01
2.332731e-01
1.737681e-01
1.770436e-01
1.848445e-01
8.626916e-02
3.339662e-02
6.748937e-02
0
0
0
7.754541e-02
0
0
0
0
0
0
0
0
0
0
0
1.394232e-01
0
0
0
0
0
0
0
0
0
0
3.749851e-01
1.840749e-01
1.283671e-01
0
0
1.369678e-01
2.977526e-01
1.371400e-01
0
1.449960e-01
0
8.073056e-02
0
0
0
2.292931e-01
0
0
0
0
4.583293e-01
0
0
0
0
0
3.090945e-01
3.231261e-01
2.507095e-01
4.161703e-01
3.037564e-01
0
0
0
0
0
2.443956e-01
4.244876e-01
4.442028e-01
1.817267e-01
8.810991e-02
2.300980e-01
0
2.391466e-01
0
0
0
2.093426e-01
4.860741e-01
0
0
1.865441e-01
4.146949e-01
3.548136e-01
0
1.951858e-01
0
1.575688e-01
0
5.420997e-01
0
1.479835e-01
0
1
0
6.983219e-01
0
4.331289e-01
4.180942e-01
2.242998e-01
3.654278e-01
2.932241e-01
1.429887e-01
0
0
0
0
0
2.144086e-02
3.249962e-01
1.676090e-01
6.129751e-01
0
0
0
0
0
0
0
0
2.651776e-02
1.997354e-01
0
0
0
0
0
0
0
0
0
0
2.269550e-01
1.846486e-01
4.286253e-01
1.460307e-01
1.402224e-01
1.130801e-01
4.061900e-01
5.033362e-01
3.323335e-01
4.592044e-01
7.542719e-02
2.561030e-01
4.404835e-01
3.562197e-01
0
0
0
0
2.729527e-01
2.417065e-02
0
0
0
0
0
0
0
1.098036e-01
0
3.711475e-02
3.652723e-01
6.393196e-02
3.239372e-01
4.986927e-01
0
9.415906e-02
3.726685e-01
1.888091e-01
2.719960e-01
3.611022e-01
0
0
0
0
0
4.469999e-01
0
1.062528e-01
0
0
2.105795e-01
0
0
0
1.828758e-02
0
2.875421e-01
0
2.814529e-01
3.061114e-01
4.742735e-01
3.446126e-02
0
0
3.225325e-01
2.881782e-01
2.759878e-01
4.660913e-01
4.598478e-01
2.061744e-01
2.154344e-01
2.803359e-01
5.731492e-01
1.775242e-01
5.364113e-01
3.707846e-01
5.937713e-01
0
1
8.503534e-02
7.586434e-01
3.844552e-01
6.260849e-02
3.132950e-03
6.144628e-01
4.782169e-01
2.286180e-01
3.818326e-01
2.665933e-01
3.244983e-01
0
0
0
4.231166e-01
4.637893e-01
1.508493e-01
4.015791e-01
4.814905e-01
3.451557e-01
3.116491e-01
0
0
0
0
0
0
0
0
0
0
0
0
0
0
0
0
0
0
0
0
0
0
0
0
0
0
0
1.181895e-01
0
0
1.037295e-01
6.556639e-02
0
0
6.289561e-02
3.174779e-02
3.249908e-01
4.670969e-01
0
0
0
0
4.506535e-02
0
0
1.284622e-01
8.425375e-03
0
1.676103e-01
0
1.164163e-01
0
0
0
0
0
3.123098e-01
4.186445e-01
3.459138e-01
4.166039e-01
1.128495e-01
3.283383e-02
0
0
9.193570e-03
5.775353e-02
1.718941e-01
3.648299e-01
2.732339e-01
2.677713e-01
0
0
0
0
5.239194e-02
0
0
3.299545e-01
1.972972e-01
3.280417e-02
0
0
2.772853e-01
1.261300e-01
0
3.775328e-01
0
3.537955e-01
0
8.366659e-01
0
3.390883e-01
0
6.983219e-01
8.503534e-02
1.000000e+00
1.929028e-01
7.196807e-01
1.792108e-01
0
2.488266e-01
4.405484e-01
8.750572e-02
0
0
2.563454e-01
0
1.432953e-02
3.409279e-01
2.794513e-01
0
1.374462e-01
0
1.029612e-02
0
0
0
0
0
0
0
2.582107e-01
0
0
0
0
0
0
0
0
0
0
0
0
0
0
0
1.603062e-02
2.848185e-01
0
0
1.160859e-01
0
5.764507e-01
5.196138e-02
2.831511e-01
0
1.032773e-01
0
0
2.306428e-01
2.188907e-01
0
1.556177e-01
0
0
0
0
9.427507e-03
5.659830e-02
0
0
2.719884e-02
2.081198e-01
1.895533e-01
2.599634e-01
0
1.905889e-01
8.709991e-02
1.190505e-01
3.359242e-02
8.574534e-02
7.904951e-02
0
1.973680e-01
0
0
2.590598e-01
0
0
0
0
2.378325e-01
0
7.672933e-02
0
0
0
2.858445e-01
0
5.278430e-01
1.483720e-01
3.041059e-01
0
0
0
2.540216e-01
0
6.949044e-02
3.916869e-01
6.485372e-01
3.047421e-01
2.922727e-01
2.443247e-01
3.864323e-01
1.490757e-01
4.260561e-01
3.271630e-01
5.168994e-01
0
7.586434e-01
1.929028e-01
1
6.117531e-01
0
5.451132e-02
5.089337e-01
3.032403e-01
2.088605e-01
3.627501e-01
4.362585e-01
3.610871e-01
1.159750e-01
0
4.424647e-02
3.563266e-01
2.782823e-01
1.749731e-01
5.203432e-01
4.747938e-01
8.318443e-02
7.341336e-02
1.449312e-01
3.539594e-02
0
0
0
0
5.041182e-02
1.074120e-01
0
0
0
0
0
0
0
0
0
0
0
0
0
0
0
0
0
0
0
1.660176e-01
0
0
2.485802e-01
2.499786e-01
0
0
0
0
3.165290e-01
5.653526e-01
0
0
0
0
7.898675e-02
0
9.851276e-02
2.493607e-01
0
8.646046e-02
2.792184e-01
1.060171e-01
3.620296e-01
5.919706e-02
0
0
0
0
1.690590e-01
1.452474e-01
4.013550e-01
3.872192e-01
0
0
0
0
0
0
3.459663e-01
4.059700e-01
1.928003e-01
8.845952e-03
0
0
0
1.031662e-01
3.634375e-02
0
0
0
8.345816e-02
3.138687e-02
7.931768e-02
5.998305e-02
1.156380e-01
2.329908e-01
1.654256e-01
4.424856e-01
2.204240e-01
2.606059e-01
1.409401e-01
5.342508e-01
1.210433e-01
3.767417e-01
1.157565e-01
4.331289e-01
3.844552e-01
7.196807e-01
6.117531e-01
1
0
4.859178e-03
3.351438e-01
3.671195e-01
4.323049e-01
1.433251e-01
2.778505e-01
3.637597e-01
2.374534e-01
0
3.513750e-01
3.231066e-01
0
2.550242e-01
2.117279e-01
2.889997e-01
0
0
0
0
0
4.796534e-02
2.306457e-01
2.220289e-01
2.380296e-01
0
0
0
0
0
0
0
0
0
0
0
0
0
0
0
0
0
0
0
0
3.800637e-01
0
0
0
3.185677e-01
0
0
0
0
2.798457e-01
4.834308e-01
4.434906e-02
0
0
0
2.281633e-01
2.504713e-01
0
0
0
3.168803e-01
3.646265e-01
4.314389e-01
1.439958e-01
3.628501e-01
0
2.152173e-01
0
1.738494e-01
1.818064e-01
0
3.295127e-01
7.957539e-02
0
0
0
0
0
0
3.416192e-01
2.386662e-02
5.066938e-02
0
0
0
0
0
2.930546e-01
0
0
0
0
0
4.676626e-03
0
3.598214e-01
2.757922e-01
0
0
0
2.738007e-01
0
2.011830e-01
0
1.534584e-01
0
4.180942e-01
6.260849e-02
1.792108e-01
0
0
1
5.601958e-01
4.180360e-01
4.486872e-01
4.083967e-02
2.109861e-01
0
0
0
0
1.998005e-01
3.475058e-01
5.080755e-01
4.666171e-01
0
0
0
0
0
0
0
0
0
0
0
0
0
0
0
0
5.679116e-02
0
0
5.166811e-02
0
0
1.621650e-03
0
0
0
7.554730e-01
4.547892e-01
7.918703e-02
0
4.661653e-02
0
2.206143e-01
1.955085e-03
0
0
0
0
6.356974e-01
5.784593e-01
2.787633e-01
2.519815e-01
1.805622e-01
2.562976e-01
1.936681e-01
0
0
0
5.446730e-01
3.186682e-01
7.879906e-01
1.279277e-01
1.098881e-01
1.937151e-01
0
0
4.875134e-02
0
0
0
2.273601e-01
0
0
0
0
2.862823e-01
0
4.361120e-01
2.311816e-01
1.980350e-01
2.663261e-01
0
1.438003e-01
0
5.685452e-02
0
3.927605e-01
1.594456e-01
0
8.986710e-02
4.485427e-01
6.937165e-01
1.268304e-01
1.726541e-01
3.941793e-01
1.277195e-02
3.696549e-02
2.925459e-01
5.363809e-02
0
9.045927e-02
7.834143e-02
0
0
0
1.684583e-01
0
2.242998e-01
3.132950e-03
0
5.451132e-02
4.859178e-03
5.601958e-01
1
3.029681e-01
0
1.709371e-01
4.730636e-01
1.228473e-02
0
3.587566e-01
0
3.205331e-01
3.367385e-01
1.110379e-01
3.792534e-01
0
0
0
0
0
0
0
8.232625e-02
3.562157e-02
0
1.918049e-01
1.732436e-01
0
0
0
0
0
0
0
0
2.319455e-01
2.297614e-01
3.147419e-01
3.404566e-01
0
0
4.035325e-01
4.674161e-01
1.243776e-01
0
0
0
0
0
3.582457e-02
2.860694e-01
0
0
1.330766e-01
2.131938e-01
2.903571e-01
3.114156e-01
3.621226e-02
1.866547e-01
5.893088e-02
0
0
2.166287e-01
7.456625e-01
5.735763e-01
4.464488e-01
2.953557e-01
1.029429e-01
2.664797e-01
1.512727e-01
7.174105e-02
0
1.321313e-01
1.282213e-01
4.215696e-01
2.179875e-01
1.238477e-01
7.048450e-02
2.995440e-02
0
0
0
1.769646e-01
0
2.937173e-02
4.328057e-01
2.169237e-01
0
0
6.157696e-02
0
0
0
0
0
1.300284e-01
2.641111e-01
3.917251e-02
4.172845e-01
2.238039e-01
0
6.126589e-01
8.253388e-01
1.712924e-01
0
0
2.623512e-01
7.995890e-02
2.632268e-01
0
2.233735e-01
4.790292e-01
3.654278e-01
6.144628e-01
2.488266e-01
5.089337e-01
3.351438e-01
4.180360e-01
3.029681e-01
1
7.730010e-01
2.336368e-01
5.186589e-01
2.171076e-01
1.922508e-01
0
0
0
4.847921e-01
5.475080e-01
4.054980e-01
0
0
0
0
0
0
0
0
0
0
1.150674e-02
0
0
0
0
0
0
0
0
0
0
0
0
0
0
0
3.726859e-01
4.192209e-01
0
0
0
5.720296e-02
1.424708e-01
9.545899e-02
0
5.001495e-02
0
0
4.272145e-01
3.831199e-01
3.206288e-01
4.923919e-01
2.821189e-01
4.790207e-01
2.132504e-01
3.156148e-01
0
0
1.704580e-01
1.449720e-01
2.992077e-01
7.967601e-02
1.668886e-01
0
5.690966e-02
0
0
0
0
0
3.534664e-01
7.978242e-02
1.757231e-01
0
1.080191e-02
1.379633e-01
0
2.212046e-01
1.848630e-01
0
4.237689e-01
0
4.600236e-01
0
2.374202e-03
1.021487e-01
0
0
0
0
1.289107e-01
3.925953e-01
1.577257e-01
1.143595e-01
2.109236e-01
2.819021e-01
7.227611e-01
5.278840e-01
0
0
0
1.307349e-01
5.335396e-03
4.512963e-01
0
4.279438e-02
2.774637e-01
2.932241e-01
4.782169e-01
4.405484e-01
3.032403e-01
3.671195e-01
4.486872e-01
0
7.730010e-01
1
6.102366e-02
1.306135e-01
9.873627e-02
2.896917e-01
0
0
8.187448e-02
2.817277e-01
4.911143e-01
2.752105e-01
0
0
0
0
0
0
0
1.300733e-01
0
0
1.011640e-01
0
0
0
0
0
0
0
0
0
0
0
0
0
0
0
5.100007e-01
2.516539e-01
0
0
0
1.850277e-01
2.252760e-01
3.414201e-01
0
0
0
0
7.024110e-01
6.037561e-01
3.555060e-01
4.652134e-01
4.839177e-01
5.668273e-01
3.554724e-01
4.434257e-01
5.064617e-02
0
1.430827e-01
0
2.976904e-01
0
2.807451e-01
3.049289e-02
0
0
0
0
0
0
2.777602e-01
5.165983e-03
1.242605e-01
0
1.219957e-01
1.752479e-01
0
1.457345e-01
3.218240e-01
8.284061e-02
3.918350e-01
0
5.961942e-01
2.602430e-01
0
1.389832e-01
2.741126e-01
0
0
9.833711e-02
2.096118e-01
3.750589e-01
1.710168e-01
0
2.539830e-01
1.797941e-01
0
2.143220e-01
2.053656e-01
2.328478e-01
3.231945e-01
1.750257e-01
3.568295e-01
9.080844e-02
3.693180e-02
1.117471e-01
5.541585e-02
1.429887e-01
2.286180e-01
8.750572e-02
2.088605e-01
4.323049e-01
4.083967e-02
1.709371e-01
2.336368e-01
6.102366e-02
1.000000e+00
6.812567e-01
2.017002e-01
1.574896e-01
3.847979e-01
0
4.098633e-01
3.517810e-01
7.528532e-02
2.561367e-01
1.515188e-01
1.562727e-01
2.507464e-02
5.309664e-02
0
3.277862e-02
0
0
1.997082e-01
0
2.061648e-01
0
0
0
0
0
0
0
0
0
0
0
0
0
0
0
0
0
0
0
0
0
0
0
0
2.080520e-01
0
0
0
0
3.979333e-01
4.495855e-01
1.005743e-01
0
1.296162e-01
0
0
2.026015e-02
0
0
0
3.748787e-01
0
1.590601e-01
1.743186e-01
3.230401e-01
0
0
0
0
3.248794e-01
1.742746e-01
2.260788e-01
1.201669e-01
0
0
0
0
0
0
9.564260e-02
1.112522e-02
2.799808e-02
7.394026e-02
0
0
0
0
0
0
0
0
0
1.275734e-01
0
0
0
4.454338e-01
5.164669e-01
0
3.401972e-01
3.465757e-01
4.561983e-01
0
1.080313e-01
3.207676e-01
2.575470e-01
0
3.818326e-01
0
3.627501e-01
1.433251e-01
2.109861e-01
4.730636e-01
5.186589e-01
1.306135e-01
6.812567e-01
1
5.051028e-01
2.356023e-01
4.660464e-01
0
2.865461e-01
3.976798e-01
2.682850e-01
1.228665e-01
2.130330e-01
0
2.208287e-01
7.423084e-02
4.413451e-02
0
0
0
0
0
2.381245e-01
1.640442e-01
0
0
0
0
0
0
0
0
0
0
0
8.362072e-03
0
0
0
0
0
0
0
0
0
0
2.558812e-01
3.078799e-01
0
0
0
1.141643e-01
5.730741e-01
7.090377e-01
2.217588e-01
2.029975e-01
2.755877e-01
4.926803e-02
0
0
2.214962e-01
2.380818e-01
2.347224e-02
3.047459e-01
0
0
2.120766e-01
1.575420e-01
0
0
0
0
4.715103e-01
4.467789e-01
4.451949e-01
3.334814e-01
0
0
0
1.294741e-02
0
7.857184e-02
1.776277e-01
2.803940e-01
7.603321e-02
0
0
0
0
0
0
0
0
2.270461e-01
0
3.620833e-01
0
0
0
1.643772e-01
7.643785e-01
2.712204e-01
5.878764e-01
4.140260e-01
6.207570e-01
4.229738e-02
3.069208e-01
3.878183e-01
3.317101e-01
0
2.665933e-01
0
4.362585e-01
2.778505e-01
0
1.228473e-02
2.171076e-01
9.873627e-02
2.017002e-01
5.051028e-01
1
7.909721e-01
6.443027e-01
1.183043e-01
4.007392e-01
1.176560e-01
0
0
4.700417e-01
2.136233e-02
0
0
3.396077e-01
2.220379e-01
3.947790e-02
0
0
0
1.020086e-01
2.760561e-01
0
0
0
0
0
0
0
0
0
0
0
0
0
0
0
0
0
0
0
2.473621e-01
0
0
7.260662e-01
7.100137e-01
1.369952e-01
0
0
2.511110e-01
5.678962e-01
6.817272e-01
3.051266e-01
2.355953e-01
1.290480e-01
3.937950e-01
1.391115e-02
4.972887e-03
1.665317e-01
1.209751e-01
0
3.199455e-01
0
0
4.455739e-01
4.347678e-01
0
0
0
2.005010e-02
4.964199e-01
4.308364e-01
7.276094e-01
5.859717e-01
0
0
0
1.534208e-02
0
0
2.731743e-01
4.873453e-01
1.620463e-01
0
0
0
0
0
0
0
0
0
2.370518e-01
3.222650e-01
0
0
0
8.670202e-03
5.225809e-01
3.866608e-01
6.177465e-01
4.652996e-01
5.160785e-01
2.518706e-01
3.466008e-01
3.186560e-01
3.557065e-01
0
3.244983e-01
2.563454e-01
3.610871e-01
3.637597e-01
0
0
1.922508e-01
2.896917e-01
1.574896e-01
2.356023e-01
7.909721e-01
1.000000e+00
5.801650e-01
3.146658e-01
5.186394e-01
2.888025e-01
0
0
4.102386e-01
1.833512e-01
0
0
1.875803e-01
1.669355e-01
0
5.139745e-02
0
0
0
2.260173e-01
0
0
0
0
0
0
0
0
0
0
0
0
0
0
0
0
0
0
0
3.546194e-01
0
0
5.725774e-01
6.852029e-01
2.199830e-01
5.950366e-02
0
4.220528e-01
3.782461e-01
5.201693e-01
1.267199e-01
1.210841e-01
0
3.087087e-01
0
0
2.525676e-02
2.449004e-01
0
3.752245e-01
0
0
4.002359e-01
4.158747e-01
0
0
0
0
3.567042e-01
3.395550e-01
7.753075e-01
5.192110e-01
0
0
0
3.747182e-02
0
7.689712e-02
2.114132e-01
4.258805e-01
3.143241e-01
1.734245e-01
0
0
0
0
9.165972e-02
0
0
0
1.396297e-01
0
0
0
0
0
4.190439e-01
5.874586e-02
8.466568e-01
3.914328e-01
3.062938e-01
0
1.942877e-01
3.732088e-01
3.576073e-02
0
0
0
1.159750e-01
2.374534e-01
0
3.587566e-01
0
0
3.847979e-01
4.660464e-01
6.443027e-01
5.801650e-01
1
5.209229e-01
7.990260e-01
3.801458e-01
0
0
1.279094e-01
0
0
0
4.338803e-01
3.655157e-01
6.220830e-02
1.120471e-01
0
0
1.299599e-01
3.165187e-01
0
0
0
0
0
0
0
9.766026e-02
9.644288e-02
1.931587e-01
0
7.272270e-02
0
0
0
0
0
0
0
4.001868e-02
0
0
5.868962e-01
7.532320e-01
1.900932e-01
4.554306e-02
0
1.394222e-01
3.848962e-01
4.737991e-01
5.637333e-02
0
0
0
0
1.048819e-01
2.506357e-01
3.560395e-01
0
4.887973e-01
0
0
2.751654e-01
5.607783e-01
0
0
0
2.094143e-01
2.566638e-01
3.162922e-01
5.721518e-01
5.192762e-01
0
0
0
1.577627e-02
0
4.429022e-02
1.519689e-01
5.019325e-01
0
0
0
0
0
0
0
0
0
0
5.471681e-02
2.486215e-01
0
0
0
0
1.115558e-01
1.751825e-02
6.341746e-01
3.375819e-01
8.299243e-02
4.328687e-02
4.387208e-01
2.690282e-01
0
0
0
1.432953e-02
0
0
0
0
0
0
0
0
1.183043e-01
3.146658e-01
5.209229e-01
1
4.652973e-01
2.542992e-01
0
0
2.608895e-01
2.410465e-01
2.568211e-01
3.679868e-01
4.336773e-01
5.658779e-01
1.538020e-01
0
6.033349e-02
1.424635e-01
0
2.769349e-01
5.042468e-01
4.859456e-01
5.901464e-01
5.942621e-01
3.323297e-01
4.835551e-01
3.901257e-01
5.139685e-01
0
0
0
0
4.375366e-02
1.609812e-01
0
0
0
0
0
2.749610e-01
0
0
3.387387e-01
2.817034e-01
2.568017e-01
3.413895e-01
0
0
0
0
0
0
0
0
0
0
0
2.461178e-01
0
1.626825e-01
0
0
1.455760e-02
3.645657e-01
0
1.135561e-01
0
0
0
4.889778e-02
2.702319e-01
2.071768e-01
0
0
1.854744e-02
0
0
2.769572e-01
0
2.652504e-01
0
4.808484e-02
0
0
0
0
6.093521e-02
0
0
0
0
0
0
0
0
0
5.091403e-02
0
6.790354e-01
3.798351e-01
6.762044e-02
2.118798e-01
3.045328e-02
2.758666e-01
0
2.144086e-02
0
3.409279e-01
4.424647e-02
3.513750e-01
1.998005e-01
3.205331e-01
0
8.187448e-02
4.098633e-01
2.865461e-01
4.007392e-01
5.186394e-01
7.990260e-01
4.652973e-01
1.000000e+00
4.840909e-01
0
0
0
0
0
0
3.155946e-02
2.907567e-02
0
9.689787e-02
0
0
1.197808e-01
3.094787e-01
0
0
0
0
0
0
0
1.366282e-01
0
6.796680e-02
0
0
0
2.561751e-02
2.449431e-01
0
0
0
0
1.394192e-01
0
0
2.007350e-01
5.903946e-01
0
0
0
3.442741e-01
3.684626e-01
5.072628e-01
1.478831e-01
8.742060e-03
0
0
0
2.958608e-02
3.047710e-01
2.858300e-01
0
5.284178e-01
0
0
8.044435e-03
4.165131e-01
0
0
0
1.462024e-01
2.396516e-01
1.243065e-01
4.672049e-01
3.017151e-01
0
0
0
2.317986e-01
0
1.157549e-01
3.546805e-01
2.521214e-01
1.808131e-01
0
0
0
8.228692e-04
0
5.039978e-02
0
0
0
5.586257e-02
2.349669e-01
3.209925e-02
0
0
2.214429e-01
1.081730e-01
1.254094e-01
3.283570e-01
6.429229e-01
0
3.487902e-01
1.441617e-01
5.257663e-01
2.986822e-01
3.249962e-01
4.231166e-01
2.794513e-01
3.563266e-01
3.231066e-01
3.475058e-01
3.367385e-01
4.847921e-01
2.817277e-01
3.517810e-01
3.976798e-01
1.176560e-01
2.888025e-01
3.801458e-01
2.542992e-01
4.840909e-01
1
9.662428e-03
1.965387e-01
0
8.577217e-03
0
2.950876e-01
0
0
0
0
0
0
0
0
0
0
0
0
0
0
1.102400e-02
4.679406e-02
0
0
0
0
0
0
8.586258e-02
0
0
0
0
3.191097e-01
0
0
2.804249e-02
3.533385e-01
0
0
0
1.680322e-01
2.015509e-01
2.816184e-01
0
0
0
0
0
0
1.213013e-01
4.457300e-01
9.080395e-02
1.631227e-01
0
0
3.231056e-02
1.992977e-01
0
0
0
0
4.067195e-02
5.928258e-02
2.915570e-01
2.086834e-01
0
1.475046e-01
0
2.431347e-01
0
1.753060e-02
1.287346e-01
1.993711e-01
1.075537e-01
0
0
0
0
3.502152e-03
0
0
1.325341e-03
5.803464e-02
0
0
0
0
4.485800e-01
4.617879e-01
0
0
0
0
0
6.744391e-02
0
0
1.423591e-01
1.676090e-01
4.637893e-01
0
2.782823e-01
0
5.080755e-01
1.110379e-01
5.475080e-01
4.911143e-01
7.528532e-02
2.682850e-01
0
0
0
0
0
9.662428e-03
1
6.717723e-01
0
1.300376e-01
3.323079e-01
1.138926e-01
0
0
0
0
1.362259e-01
0
9.388439e-02
0
5.252703e-02
4.272396e-02
0
0
1.029677e-01
0
0
0
0
0
0
0
0
0
2.382835e-01
3.413871e-01
0
0
4.249918e-01
0
5.148731e-01
3.618494e-01
0
0
0
0
4.887888e-01
3.981200e-02
1.733944e-01
2.137315e-01
1.810205e-01
2.175915e-01
2.682945e-01
6.241909e-02
1.346188e-01
9.027738e-03
9.219677e-02
0
6.684985e-01
0
5.139362e-01
2.533154e-01
0
0
1.536118e-01
0
0
0
9.482363e-02
3.113174e-02
0
0
1.174635e-01
3.411290e-01
0
0
4.155638e-01
8.828775e-02
1.881953e-02
0
1.306948e-01
1.364319e-01
0
1.973631e-01
0
1.393941e-01
0
0
8.305059e-02
7.786125e-01
1.260076e-02
0
1.055953e-01
3.449310e-01
3.581971e-01
3.839711e-01
0
0
0
0
0
3.778670e-02
0
0
0
6.129751e-01
1.508493e-01
1.374462e-01
1.749731e-01
2.550242e-01
4.666171e-01
3.792534e-01
4.054980e-01
2.752105e-01
2.561367e-01
1.228665e-01
0
0
0
0
0
1.965387e-01
6.717723e-01
1
0
6.602648e-02
0
0
0
0
0
0
4.481034e-01
1.807395e-01
1.719960e-01
0
0
0
0
0
0
0
0
0
0
0
1.907702e-01
1.104083e-02
1.254956e-01
0
2.038512e-01
4.705917e-01
1.626099e-01
1.204429e-01
2.098773e-01
0
5.209599e-01
4.025462e-01
0
0
0
0
2.409785e-01
0
0
0
6.681762e-02
1.710252e-02
1.671614e-02
0
7.048523e-02
2.839366e-01
1.050944e-01
0
5.733387e-01
0
7.495495e-01
7.817154e-01
0
0
5.200338e-01
3.791181e-01
4.327436e-02
1.175004e-01
0
0
0
0
0
2.944509e-01
0
0
1.018916e-01
0
4.264120e-02
0
0
0
0
4.044975e-02
7.885487e-03
5.390723e-02
0
1.794026e-01
1.647872e-01
3.668708e-01
0
0
1.242452e-01
3.200365e-01
0
0
6.728451e-01
4.449183e-01
3.144385e-01
2.469952e-01
6.053384e-01
7.671538e-02
6.513381e-01
2.616127e-01
2.530721e-01
0
4.015791e-01
0
5.203432e-01
2.117279e-01
0
0
0
0
1.515188e-01
2.130330e-01
4.700417e-01
4.102386e-01
1.279094e-01
2.608895e-01
0
0
0
0
1.000000e+00
7.681790e-01
4.779628e-01
3.157649e-01
5.334101e-01
5.146381e-01
0
0
6.681250e-02
0
0
0
3.005945e-01
2.238821e-01
4.536456e-01
2.885343e-01
0
1.567503e-01
0
0
0
0
0
0
0
0
0
0
0
0
0
2.988605e-01
0
0
4.484517e-01
1.510933e-01
3.090488e-01
2.053785e-01
0
0
7.174853e-02
2.695567e-01
0
0
0
0
3.287817e-01
4.076648e-02
0
5.577584e-02
0
0
0
0
3.450415e-01
9.564888e-02
0
0
0
0
1.232702e-01
2.806865e-01
4.339469e-01
3.275342e-01
0
0
2.446184e-01
0
0
0
0
2.994713e-01
0
6.453829e-02
0
0
0
3.738055e-02
0
0
0
0
0
0
0
0
0
0
3.437303e-01
4.609767e-01
1.733287e-01
0
4.011829e-01
5.332002e-02
5.336715e-01
0
2.332731e-01
0
4.814905e-01
1.029612e-02
4.747938e-01
2.889997e-01
0
0
0
0
1.562727e-01
0
2.136233e-02
1.833512e-01
0
2.410465e-01
0
8.577217e-03
1.300376e-01
6.602648e-02
7.681790e-01
1
4.888850e-01
5.352808e-01
2.739747e-01
3.381681e-01
0
0
2.786820e-01
3.039888e-02
0
0
3.180418e-01
3.149298e-01
5.109824e-01
4.370552e-01
0
1.306819e-01
1.685484e-01
5.842273e-02
0
0
0
0
0
0
0
0
0
0
0
2.300140e-01
0
1.963447e-01
6.924439e-02
0
2.778537e-01
3.214719e-01
0
0
0
0
0
0
0
0
3.037152e-01
0
0
0
0
0
2.843857e-01
1.391077e-01
1.762295e-01
1.394565e-02
1.005727e-01
0
0
0
0
0
0
6.807608e-02
0
0
1.815859e-01
0
0
0
0
1.161624e-01
0
2.654656e-01
0
0
0
5.958556e-02
2.354645e-02
0
0
0
0
0
0
4.031264e-02
0
0
1.177341e-01
0
1.485492e-01
1.192316e-02
3.661099e-01
0
5.173382e-01
1.260180e-02
1.737681e-01
0
3.451557e-01
0
8.318443e-02
0
0
0
0
0
2.507464e-02
2.208287e-01
0
0
0
2.568211e-01
0
0
3.323079e-01
0
4.779628e-01
4.888850e-01
1
7.832030e-01
3.131204e-01
4.292598e-01
0
0
8.165894e-02
0
2.479884e-02
8.436278e-02
7.768193e-01
6.459293e-01
7.616556e-01
7.142675e-01
6.513029e-01
6.653489e-01
6.495717e-01
4.918159e-01
0
0
0
0
0
0
0
0
0
0
1.505735e-01
0
0
1.024924e-01
9.410237e-02
0
3.130364e-01
2.486032e-01
0
0
0
0
0
0
0
0
1.067383e-01
0
0
0
5.084910e-02
0
0
0
0
0
0
0
0
0
0
2.922841e-01
3.413458e-02
2.097490e-01
1.378319e-01
0
4.569103e-01
0
1.612382e-01
5.158965e-01
0
1.610473e-01
0
2.363382e-01
0
0
0
5.234150e-02
0
0
0
3.685537e-01
0
0
0
0
0
0
1.012133e-01
1.482001e-01
1.651753e-01
1.256059e-01
1.954664e-01
0
4.592761e-01
6.148688e-02
1.770436e-01
0
3.116491e-01
0
7.341336e-02
0
0
0
0
0
5.309664e-02
7.423084e-02
0
0
0
3.679868e-01
0
2.950876e-01
1.138926e-01
0
3.157649e-01
5.352808e-01
7.832030e-01
1
3.183616e-01
4.904318e-01
0
0
0
0
0
2.001259e-02
6.686556e-01
4.762205e-01
6.552811e-01
6.215636e-01
5.185639e-01
5.261193e-01
6.701358e-01
5.025540e-01
0
0
0
0
0
0
0
0
0
0
2.039136e-01
6.729046e-02
0
0
2.946137e-02
0
1.155098e-01
2.266516e-01
0
0
0
0
0
0
0
0
0
0
0
5.978909e-02
0
0
0
0
0
0
0
0
0
0
0
0
0
4.922377e-02
3.829713e-02
2.134160e-01
2.454661e-01
0
0
3.175830e-01
0
1.769389e-02
0
0
0
0
0
7.981967e-02
0
0
0
1.185254e-01
0
0
0
1.945592e-02
0
0
5.486224e-01
2.431844e-01
5.782874e-01
1.261880e-01
3.736048e-01
0
5.268778e-01
1.344528e-01
1.848445e-01
0
0
0
1.449312e-01
0
0
0
0
0
0
4.413451e-02
3.396077e-01
1.875803e-01
4.338803e-01
4.336773e-01
3.155946e-02
0
0
0
5.334101e-01
2.739747e-01
3.131204e-01
3.183616e-01
1
8.937263e-01
2.628373e-01
0
0
0
0
2.857138e-01
3.853376e-01
2.289402e-01
4.468321e-01
3.220496e-01
7.860558e-02
3.385494e-01
0
0
0
1.858739e-02
0
1.787418e-01
0
3.886725e-02
0
0
0
0
0
0
0
0
7.500460e-01
3.270789e-01
5.857309e-01
5.173018e-01
0
0
1.241566e-01
0
0
0
0
0
0
0
2.268972e-02
2.609024e-01
0
4.508317e-02
0
0
4.012475e-01
2.021714e-01
0
0
2.120029e-02
5.119316e-03
0
2.894201e-01
2.992421e-01
5.854802e-01
0
0
2.883756e-01
0
0
0
0
5.773894e-01
0
1.322554e-03
4.513622e-02
0
0
4.894975e-01
0
0
0
0
6.548095e-02
6.978228e-02
0
0
0
0
3.933675e-01
3.056675e-01
5.419911e-01
1.643592e-01
3.700616e-01
0
5.608365e-01
1.843454e-01
8.626916e-02
0
0
0
3.539594e-02
0
0
0
0
0
3.277862e-02
0
2.220379e-01
1.669355e-01
3.655157e-01
5.658779e-01
2.907567e-02
0
0
0
5.146381e-01
3.381681e-01
4.292598e-01
4.904318e-01
8.937263e-01
1.000000e+00
2.666675e-01
0
4.482787e-02
0
0
3.184710e-01
5.752877e-01
4.079965e-01
6.218852e-01
5.023695e-01
2.804165e-01
5.742572e-01
2.486127e-01
1.716472e-01
0
1.719070e-02
0
1.077732e-01
2.136240e-02
1.978885e-01
0
0
0
0
0
1.380529e-01
0
0
5.921916e-01
1.708948e-01
4.654212e-01
5.294341e-01
0
0
0
0
0
0
0
0
9.122108e-03
0
0
5.019506e-02
0
0
0
0
2.237140e-01
2.107729e-01
0
6.679749e-03
0
0
0
2.387656e-01
2.458847e-01
4.333104e-01
3.086813e-02
0
4.135290e-01
0
0
0
0
3.612299e-01
0
0
0
0
0
3.387572e-01
0
0
0
0
0
0
0
0
0
0
0
0
1.908612e-01
0
2.756722e-02
0
3.372663e-02
1.027047e-02
3.339662e-02
0
0
0
0
0
0
0
0
0
0
0
3.947790e-02
0
6.220830e-02
1.538020e-01
0
0
0
0
0
0
0
0
2.628373e-01
2.666675e-01
1
6.504111e-01
3.286380e-01
2.016841e-01
5.862854e-01
2.757180e-01
1.087585e-01
2.122291e-01
2.670207e-01
1.664946e-01
1.014228e-02
7.728716e-02
0
0
0
0
0
3.198662e-02
2.964111e-01
1.430219e-01
0
0
0
0
0
0
0
7.289043e-02
3.285680e-01
0
3.473396e-01
2.661448e-01
0
1.126000e-02
2.836362e-01
0
3.186959e-01
1.473735e-01
1.921366e-01
9.174315e-02
4.469429e-01
3.650361e-01
1.530734e-01
0
0
0
2.177717e-01
2.149497e-01
6.701333e-02
0
2.184047e-01
3.909783e-01
9.772376e-02
6.215526e-02
0
2.920967e-01
7.742318e-02
2.490978e-01
0
0
1.227454e-01
0
0
0
0
4.484555e-01
0
2.657937e-01
0
2.308322e-01
6.573986e-02
1.002365e-01
0
2.447357e-03
0
0
1.029019e-01
0
0
0
9.760703e-02
0
0
0
8.260583e-02
0
0
0
0
0
6.748937e-02
0
0
0
0
4.796534e-02
0
8.232625e-02
0
1.300733e-01
0
0
0
5.139745e-02
1.120471e-01
0
9.689787e-02
0
0
0
0
0
0
0
0
0
6.504111e-01
1
4.096522e-01
4.803243e-01
6.081623e-01
2.144406e-01
0
7.864903e-03
0
3.133769e-03
0
0
1.252546e-01
1.517129e-01
2.940729e-01
2.133243e-01
0
3.621998e-02
4.233204e-01
1.979211e-01
1.490976e-01
2.999396e-02
2.207176e-01
4.320892e-02
0
0
0
2.768622e-01
0
0
3.142178e-01
3.142175e-01
2.690175e-01
2.093299e-01
4.761398e-02
0
3.552084e-01
4.039482e-01
3.332766e-01
2.438667e-01
3.472974e-01
3.470096e-01
1.435430e-02
0
0
0
2.592066e-01
2.321427e-01
0
0
2.020204e-01
2.533548e-01
2.000215e-01
1.309292e-01
0
9.590741e-02
0
0
0
0
8.957752e-02
0
2.470642e-01
1.048085e-01
1.121271e-01
1.465988e-01
2.870621e-01
3.810408e-01
0
3.018372e-03
1.031306e-01
0
0
1.221347e-01
0
0
1.251148e-01
0
0
0
0
0
0
0
0
0
0
0
0
0
0
2.651776e-02
0
0
0
2.306457e-01
0
3.562157e-02
0
0
1.997082e-01
0
0
0
0
6.033349e-02
0
0
1.362259e-01
4.481034e-01
6.681250e-02
2.786820e-01
8.165894e-02
0
0
4.482787e-02
3.286380e-01
4.096522e-01
1
5.792927e-01
6.373027e-01
7.697658e-03
1.105887e-01
2.499285e-01
1.900413e-01
1.941266e-01
0
1.013460e-01
1.091704e-01
6.159644e-02
0
0
0
0
5.324208e-01
3.794155e-01
0
1.438249e-02
9.622899e-02
6.278629e-02
0
0
9.894636e-02
3.225171e-01
0
0
9.184570e-02
1.864331e-01
0
0
0
0
8.591375e-03
0
1.136940e-01
0
6.956076e-01
6.496451e-01
0
0
5.852522e-02
0
7.755436e-01
7.531106e-01
0
0
5.485109e-01
7.666084e-01
1.738266e-01
1.751158e-01
0
0
0
0
0
0
2.725634e-01
0
1.089372e-01
0
0
0
0
1.419799e-01
0
0
0
0
0
1.166525e-01
0
0
0
0
0
0
9.165299e-02
0
0
0
0
0
0
0
0
0
0
1.997354e-01
0
2.582107e-01
0
2.220289e-01
0
0
0
0
0
0
0
0
0
1.424635e-01
0
0
0
1.807395e-01
0
3.039888e-02
0
0
0
0
2.016841e-01
4.803243e-01
5.792927e-01
1
4.137619e-01
2.843694e-01
0
1.072450e-01
1.727119e-02
8.924051e-02
0
1.266134e-01
2.342292e-01
1.791343e-01
1.539154e-01
2.369527e-01
1.356064e-01
0
6.075493e-01
5.000651e-01
0
1.342253e-01
3.438573e-01
3.536698e-01
0
0
1.486069e-01
3.989723e-01
0
0
0
2.129292e-01
4.569739e-02
0
0
0
0
0
0
0
1.778778e-01
1.788126e-01
0
0
7.781967e-03
1.928308e-01
4.639080e-01
4.857648e-01
0
1.230035e-01
3.047869e-01
6.084946e-01
3.329563e-01
2.027671e-01
0
0
0
0
3.980849e-02
1.617834e-01
1.410320e-01
0
1.925825e-01
0
0
0
3.419411e-02
2.309961e-02
0
0
2.958368e-01
0
3.014977e-01
4.254013e-01
1.361979e-01
0
0
0
8.395929e-03
2.127244e-01
0
0
0
0
1.350915e-01
0
9.465947e-02
0
0
0
0
0
0
0
5.041182e-02
2.380296e-01
0
1.918049e-01
1.150674e-02
1.011640e-01
2.061648e-01
2.381245e-01
1.020086e-01
0
1.299599e-01
0
1.197808e-01
0
9.388439e-02
1.719960e-01
0
0
2.479884e-02
0
0
0
5.862854e-01
6.081623e-01
6.373027e-01
4.137619e-01
1
4.006160e-01
0
9.177415e-02
1.196565e-02
0
0
5.920186e-02
0
0
0
0
0
0
2.746455e-01
1.498392e-01
0
0
0
0
0
0
0
1.369360e-01
0
0
1.031260e-01
7.769476e-03
9.621393e-02
0
3.476244e-01
3.630253e-01
5.030230e-01
3.532697e-01
4.906442e-01
1.783503e-01
5.190140e-01
5.446199e-01
7.163865e-02
0
0
4.220667e-02
4.626118e-01
3.770003e-01
0
0
3.351230e-02
5.089588e-01
0
7.742779e-02
4.122893e-02
1.991899e-01
3.476490e-02
0
0
0
9.498357e-02
0
3.142072e-01
0
1.398732e-01
1.190713e-01
1.156098e-01
1.093443e-01
0
0
0
0
0
0
0
2.168934e-02
0
0
0
0
0
0
2.670484e-01
0
4.398274e-01
0
1.555016e-01
0
2.476394e-02
0
7.754541e-02
0
0
0
1.074120e-01
0
0
1.732436e-01
0
0
0
1.640442e-01
2.760561e-01
2.260173e-01
3.165187e-01
2.769349e-01
3.094787e-01
0
0
0
0
0
8.436278e-02
2.001259e-02
2.857138e-01
3.184710e-01
2.757180e-01
2.144406e-01
7.697658e-03
2.843694e-01
4.006160e-01
1
2.185327e-02
8.240429e-04
6.849180e-02
1.631200e-02
7.432187e-03
2.509236e-01
2.196229e-02
0
0
9.820219e-02
0
8.135452e-03
0
5.023184e-02
0
0
0
0
0
0
0
0
4.168775e-01
1.650183e-01
2.501360e-01
1.809476e-01
0
1.005496e-01
2.279739e-01
2.637642e-01
1.466971e-01
1.547916e-01
4.845505e-02
6.961902e-02
0
0
3.197832e-01
1.873122e-01
0
3.745472e-01
0
0
1.962692e-01
7.216110e-02
0
9.519070e-02
0
0
0
1.575001e-01
1.953351e-01
2.665633e-01
1.582730e-01
0
2.019976e-01
2.211318e-01
1.596852e-01
3.863791e-01
2.348538e-01
3.256173e-01
3.022989e-01
1.033920e-01
1.798433e-01
1.895768e-01
1.237738e-01
2.393922e-01
0
1.477446e-02
0
0
1.480101e-01
1.982641e-01
1.213611e-01
0
0
0
0
0
1.222151e-01
7.521546e-02
1.487520e-01
5.727181e-02
5.264587e-01
8.554258e-02
0
0
0
0
0
0
0
0
0
0
0
0
0
0
0
5.042468e-01
0
0
5.252703e-02
0
3.005945e-01
3.180418e-01
7.768193e-01
6.686556e-01
3.853376e-01
5.752877e-01
1.087585e-01
0
1.105887e-01
0
0
2.185327e-02
1
9.158538e-01
9.033075e-01
9.260419e-01
8.804044e-01
9.107402e-01
7.745200e-01
6.542060e-01
0
0
0
0
1.822337e-01
2.659409e-01
0
0
0
0
1.494311e-01
1.920093e-01
0
1.164582e-01
2.364740e-02
0
2.568111e-01
3.290682e-01
0
0
0
0
0
0
0
0
1.687042e-01
0
0
0
1.463119e-02
0
0
0
0
0
2.360945e-04
0
0
0
0
1.094633e-01
0
1.020392e-01
7.963284e-02
1.327519e-01
5.125240e-01
0
9.527673e-02
4.576335e-01
0
0
0
6.615110e-02
0
0
0
5.481243e-02
0
0
0
1.081300e-01
0
0
0
0
0
0
0
0
2.722756e-02
0
6.708547e-02
0
3.532317e-01
0
0
0
0
0
0
0
0
0
0
0
0
0
0
0
0
4.859456e-01
0
0
4.272396e-02
0
2.238821e-01
3.149298e-01
6.459293e-01
4.762205e-01
2.289402e-01
4.079965e-01
2.122291e-01
7.864903e-03
2.499285e-01
1.072450e-01
9.177415e-02
8.240429e-04
9.158538e-01
1
8.955802e-01
9.454740e-01
8.348102e-01
8.668304e-01
7.706195e-01
6.910681e-01
0
0
0
0
3.432979e-01
3.453834e-01
0
0
0
0
1.723792e-01
9.383996e-02
1.103019e-01
3.442090e-01
0
0
3.519138e-01
4.547474e-01
0
0
0
0
0
0
6.128645e-02
0
2.825861e-01
5.156504e-02
0
0
0
0
4.525235e-03
0
0
0
1.571949e-01
9.417221e-02
0
0
0
0
0
0
0
8.826939e-02
5.141209e-01
0
1.746272e-01
4.277995e-01
0
0
0
1.629906e-01
0
0
2.559658e-02
0
0
0
0
7.150347e-03
0
0
0
0
0
0
0
0
1.807766e-01
0
2.087377e-01
0
5.251968e-01
0
0
0
0
0
0
0
0
0
0
0
0
0
0
0
0
5.901464e-01
0
0
0
0
4.536456e-01
5.109824e-01
7.616556e-01
6.552811e-01
4.468321e-01
6.218852e-01
2.670207e-01
0
1.900413e-01
1.727119e-02
1.196565e-02
6.849180e-02
9.033075e-01
8.955802e-01
1.000000e+00
9.454160e-01
6.917637e-01
7.856264e-01
6.914671e-01
5.810444e-01
0
0
0
0
1.726688e-01
1.113392e-01
0
0
0
0
5.419877e-02
1.453540e-01
0
2.226024e-01
1.754299e-01
0
4.525383e-01
5.341178e-01
0
0
0
0
0
0
0
0
2.044632e-01
0
0
0
0
0
0
0
0
0
5.411287e-02
4.402193e-03
0
0
0
1.134075e-01
0
9.485255e-02
1.638670e-02
4.438771e-02
5.114389e-01
0
0
3.849283e-01
0
1.320988e-01
0
2.359501e-01
0
0
0
9.495450e-02
0
0
0
0
0
0
0
0
0
0
0
0
1.252391e-01
0
4.568469e-02
0
4.103235e-01
0
0
0
0
0
0
0
0
0
0
0
0
0
0
0
0
5.942621e-01
0
0
0
0
2.885343e-01
4.370552e-01
7.142675e-01
6.215636e-01
3.220496e-01
5.023695e-01
1.664946e-01
3.133769e-03
1.941266e-01
8.924051e-02
0
1.631200e-02
9.260419e-01
9.454740e-01
9.454160e-01
1
7.832478e-01
8.510594e-01
7.969898e-01
7.267114e-01
0
0
0
0
2.259735e-01
2.315953e-01
0
0
0
0
9.540385e-02
1.341364e-01
4.785966e-02
3.007740e-01
0
0
4.010090e-01
5.394651e-01
0
0
0
0
0
0
0
0
1.750476e-01
0
0
0
0
0
0
0
0
0
1.345487e-01
6.553486e-03
0
0
0
0
0
0
1.359697e-02
1.286481e-01
4.676625e-01
0
2.134737e-02
4.303867e-01
0
0
0
2.512990e-01
0
0
4.205418e-02
8.763438e-02
0
0
0
0
0
0
0
0
0
0
0
0
0
9.913707e-02
7.836125e-02
1.153860e-01
3.087776e-01
5.839677e-02
0
0
0
0
0
0
5.679116e-02
0
0
0
0
0
0
0
0
3.323297e-01
0
0
1.029677e-01
0
0
0
6.513029e-01
5.185639e-01
7.860558e-02
2.804165e-01
1.014228e-02
0
0
0
0
7.432187e-03
8.804044e-01
8.348102e-01
6.917637e-01
7.832478e-01
1
8.639691e-01
8.406833e-01
7.695629e-01
0
0
0
0
2.024935e-01
2.853876e-01
4.737798e-03
0
0
0
2.354080e-01
1.609456e-01
2.641028e-02
1.529393e-01
0
0
1.074465e-01
1.470813e-01
1.578783e-01
4.220472e-03
0
0
6.098457e-02
0
2.152350e-01
1.267306e-01
2.501274e-02
0
0
0
1.633193e-01
0
0
0
0
0
0
0
0
0
0
1.125463e-01
0
3.219289e-02
1.166631e-01
2.075238e-01
3.959131e-01
1.641311e-01
4.119375e-01
6.294223e-01
0
0
0
1.285125e-02
0
0
1.255328e-01
0
0
0
0
2.892035e-01
0
0
0
0
0
0
0
0
1.414518e-01
0
1.199639e-01
0
3.620260e-01
0
0
0
0
0
0
0
0
0
0
0
0
0
0
0
0
4.835551e-01
0
0
0
0
1.567503e-01
1.306819e-01
6.653489e-01
5.261193e-01
3.385494e-01
5.742572e-01
7.728716e-02
0
1.013460e-01
1.266134e-01
5.920186e-02
2.509236e-01
9.107402e-01
8.668304e-01
7.856264e-01
8.510594e-01
8.639691e-01
1
7.813158e-01
6.996294e-01
0
0
0
0
2.683740e-01
4.257228e-01
0
0
0
0
1.062087e-01
6.084106e-02
0
5.868309e-02
0
0
3.029223e-01
4.222742e-01
0
0
0
0
0
0
2.956136e-02
0
7.369436e-02
0
0
0
0
0
0
0
0
0
0
0
0
0
0
6.697871e-02
0
4.553042e-02
2.120371e-01
9.898201e-02
6.331717e-01
2.751246e-03
2.503261e-01
5.101431e-01
0
0
0
8.583064e-02
0
0
6.241837e-02
8.267494e-02
0
0
0
6.987442e-02
0
0
0
0
0
0
0
0
0
0
0
2.509662e-02
8.140684e-02
0
0
0
0
0
0
0
0
0
0
0
0
0
0
0
0
3.901257e-01
0
1.102400e-02
0
0
0
1.685484e-01
6.495717e-01
6.701358e-01
0
2.486127e-01
0
1.252546e-01
1.091704e-01
2.342292e-01
0
2.196229e-02
7.745200e-01
7.706195e-01
6.914671e-01
7.969898e-01
8.406833e-01
7.813158e-01
1
9.138014e-01
3.157603e-02
0
0
0
3.805165e-01
3.375296e-01
0
0
0
6.340302e-02
1.363088e-01
8.162445e-02
9.070362e-02
3.358274e-01
0
0
9.690520e-02
3.155353e-01
9.991392e-02
0
0
0
0
0
8.063332e-02
0
0
0
0
0
6.194034e-02
0
0
0
0
0
1.018832e-02
0
0
0
0
0
0
0
1.383743e-02
1.662613e-01
3.387388e-01
5.048937e-02
3.298835e-01
5.314635e-01
0
0
0
3.270694e-02
0
0
7.682932e-02
0
0
0
0
1.047915e-01
0
0
0
0
0
0
0
0
3.945768e-02
2.607741e-02
0
4.951805e-02
0
0
0
0
0
0
0
0
5.166811e-02
0
0
0
0
0
0
0
9.766026e-02
5.139685e-01
1.366282e-01
4.679406e-02
0
0
0
5.842273e-02
4.918159e-01
5.025540e-01
0
1.716472e-01
0
1.517129e-01
6.159644e-02
1.791343e-01
0
0
6.542060e-01
6.910681e-01
5.810444e-01
7.267114e-01
7.695629e-01
6.996294e-01
9.138014e-01
1
1.184490e-01
9.679745e-02
0
0
3.323182e-01
3.587117e-01
8.136625e-03
0
0
2.448145e-02
0
9.186111e-02
1.059585e-02
2.629794e-01
0
0
1.020962e-01
3.072958e-01
1.549252e-01
2.368021e-02
0
0
2.328451e-02
0
1.395400e-01
9.643641e-04
0
0
0
0
6.503866e-02
0
0
0
0
0
0
0
0
0
0
0
0
0
0
2.884386e-02
2.095133e-01
1.517868e-01
2.123294e-01
5.542944e-01
0
0
0
1.533189e-02
0
0
1.441472e-01
0
0
0
0
2.424120e-02
0
0
0
0
6.237958e-02
2.716157e-02
0
0
0
0
0
0
0
0
0
2.269550e-01
0
0
0
0
0
2.319455e-01
0
0
0
0
0
0
9.644288e-02
0
0
0
0
0
0
0
0
0
0
0
0
2.940729e-01
0
1.539154e-01
0
0
0
0
0
0
0
0
3.157603e-02
1.184490e-01
1
9.076406e-01
8.378694e-01
7.519894e-01
5.797756e-01
5.701887e-01
2.541234e-01
4.259957e-01
6.984588e-01
7.030218e-01
1.323401e-01
0
1.471568e-01
0
0
1.678727e-01
0
1.758341e-01
0
1.045245e-02
0
0
3.884992e-02
2.296037e-01
1.528420e-01
1.589940e-01
0
2.527222e-01
8.606910e-03
0
0
1.219248e-01
0
0
7.092032e-02
3.056795e-01
1.970449e-01
1.187890e-01
7.013321e-01
7.375678e-01
0
0
0
0
0
0
0
1.486327e-01
6.198481e-02
0
1.409277e-01
0
6.270203e-03
0
3.912407e-01
1.153586e-02
1.417872e-01
0
9.019463e-02
3.232811e-01
1.244144e-01
0
1.407517e-01
2.128262e-01
7.042896e-02
4.681165e-02
0
7.499033e-02
0
0
0
0
0
0
0
0
0
1.846486e-01
0
0
0
0
0
2.297614e-01
0
0
0
0
0
0
1.931587e-01
0
6.796680e-02
0
0
0
0
0
0
0
1.858739e-02
1.719070e-02
0
2.133243e-01
0
2.369527e-01
0
9.820219e-02
0
0
0
0
0
0
0
9.679745e-02
9.076406e-01
1
8.452078e-01
8.188603e-01
4.416317e-01
5.304435e-01
1.765826e-01
3.542583e-01
5.999441e-01
6.846131e-01
0
0
2.112955e-02
0
8.778234e-03
2.300772e-01
0
1.789076e-01
0
0
0
0
0
1.162633e-01
3.419762e-02
1.162750e-02
0
2.488039e-01
0
8.983773e-02
0
2.646990e-01
0
2.690210e-02
1.837964e-01
4.204866e-01
7.175036e-02
1.713096e-01
6.372260e-01
7.562612e-01
0
0
0
0
0
0
0
2.004085e-01
0
0
2.261481e-01
0
4.370258e-02
0
4.371844e-01
2.535863e-02
1.653639e-01
0
0
3.343555e-01
1.739666e-01
0
5.544582e-02
1.836854e-01
9.139823e-02
1.050467e-01
2.021272e-01
3.155936e-01
0
2.183207e-02
0
0
0
0
0
0
0
4.286253e-01
0
0
0
0
1.621650e-03
3.147419e-01
0
0
0
0
0
0
0
0
0
0
0
1.907702e-01
0
0
0
0
0
0
0
0
0
1.356064e-01
0
0
0
0
0
0
0
0
0
0
8.378694e-01
8.452078e-01
1.000000e+00
8.286649e-01
3.975012e-01
4.447987e-01
2.689392e-01
5.889440e-01
7.087346e-01
7.582436e-01
2.553228e-01
0
2.796312e-01
0
0
1.367738e-01
0
0
0
0
0
0
0
1.027277e-01
3.178657e-02
1.369291e-02
0
3.166582e-01
8.248645e-02
0
6.112051e-04
1.641910e-01
0
2.166313e-01
1.891837e-01
3.079062e-01
2.794075e-01
2.798260e-01
7.619200e-01
8.651049e-01
0
0
0
0
0
0
0
1.736086e-01
0
0
3.489950e-01
0
0
0
4.886581e-01
1.838804e-01
1.069358e-01
0
7.378498e-02
4.465006e-01
3.107601e-01
0
1.221546e-01
3.766558e-01
3.351845e-01
2.966306e-01
0
1.253859e-01
0
0
0
0
0
0
0
0
1.394232e-01
1.460307e-01
0
0
0
0
0
3.404566e-01
0
0
0
8.362072e-03
0
0
7.272270e-02
0
0
0
0
1.104083e-02
0
0
0
0
1.787418e-01
1.077732e-01
3.198662e-02
3.621998e-02
0
0
0
8.135452e-03
0
0
0
0
0
0
0
0
7.519894e-01
8.188603e-01
8.286649e-01
1.000000e+00
3.172866e-01
4.163927e-01
1.391533e-01
4.031934e-01
4.831029e-01
5.991587e-01
1.945585e-01
0
5.190066e-02
0
8.842990e-02
9.927936e-02
0
0
0
0
0
0
0
4.965846e-02
4.714545e-02
0
0
2.846918e-01
5.004584e-02
7.279534e-02
0
0
0
5.833561e-03
1.363123e-01
1.344682e-01
7.346398e-02
1.058287e-01
5.006681e-01
6.980116e-01
1.212480e-01
0
0
0
2.152543e-02
0
0
8.573698e-02
0
0
2.602399e-01
0
0
0
4.802923e-01
1.339363e-01
1.572518e-02
3.619645e-02
0
1.182212e-01
1.061770e-01
0
3.147471e-01
3.021468e-01
5.525843e-02
1.510750e-01
0
0
0
0
0
0
0
0
0
0
0
1.402224e-01
0
0
0
0
0
0
0
0
0
0
0
0
0
4.375366e-02
0
0
0
1.254956e-01
0
0
0
0
0
2.136240e-02
2.964111e-01
4.233204e-01
5.324208e-01
6.075493e-01
2.746455e-01
0
1.822337e-01
3.432979e-01
1.726688e-01
2.259735e-01
2.024935e-01
2.683740e-01
3.805165e-01
3.323182e-01
5.797756e-01
4.416317e-01
3.975012e-01
3.172866e-01
1
8.475503e-01
0
2.648868e-01
5.769868e-01
5.664768e-01
2.218415e-01
0
2.967607e-01
3.584077e-01
0
0
4.942264e-02
3.153801e-01
0
0
0
0
0
0
1.689858e-01
0
2.656776e-01
3.557174e-01
0
0
2.796056e-02
0
2.494753e-01
3.652733e-01
0
0
5.547886e-01
5.924038e-01
5.446607e-01
4.188176e-01
0
0
0
0
0
3.462341e-02
3.709170e-01
0
2.621903e-01
0
0
0
0
0
7.376746e-03
0
2.082397e-01
0
2.869572e-01
3.877830e-01
2.053612e-02
0
0
0
0
3.791628e-02
0
0
0
0
0
0
0
0
0
0
0
1.130801e-01
0
1.603062e-02
0
0
0
0
0
0
0
0
0
0
0
1.609812e-01
2.561751e-02
0
0
0
0
0
0
0
3.886725e-02
1.978885e-01
1.430219e-01
1.979211e-01
3.794155e-01
5.000651e-01
1.498392e-01
5.023184e-02
2.659409e-01
3.453834e-01
1.113392e-01
2.315953e-01
2.853876e-01
4.257228e-01
3.375296e-01
3.587117e-01
5.701887e-01
5.304435e-01
4.447987e-01
4.163927e-01
8.475503e-01
1
5.835559e-02
1.577773e-01
5.427552e-01
6.272371e-01
1.350365e-01
0
7.992602e-02
7.817709e-02
0
0
0
2.539927e-01
0
0
0
0
0
0
6.635133e-02
0
2.058480e-01
3.920927e-01
0
0
0
8.013029e-06
5.763502e-03
2.156526e-01
0
8.744816e-02
3.840536e-01
5.415368e-01
5.036637e-01
4.946678e-01
0
0
0
0
0
9.068667e-03
3.422540e-01
0
1.768189e-01
0
0
0
0
0
1.319259e-01
0
2.674744e-01
0
3.024868e-01
3.373484e-01
1.000535e-01
0
0
2.978817e-02
0
0
6.441583e-01
4.058556e-01
0
0
0
0
0
1.566459e-01
0
0
0
4.061900e-01
0
2.848185e-01
0
0
7.554730e-01
4.035325e-01
3.726859e-01
5.100007e-01
0
0
0
0
0
0
2.449431e-01
8.586258e-02
2.382835e-01
2.038512e-01
0
0
0
0
0
0
0
1.490976e-01
0
0
0
0
0
0
0
0
4.737798e-03
0
0
8.136625e-03
2.541234e-01
1.765826e-01
2.689392e-01
1.391533e-01
0
5.835559e-02
1.000000e+00
6.880697e-01
4.763266e-01
2.399651e-01
1.888930e-01
0
3.195890e-01
9.667504e-02
0
0
0
0
7.557678e-01
6.836990e-01
1.251683e-01
1.316881e-01
4.075266e-01
5.922263e-01
3.707405e-01
3.869326e-01
0
5.284323e-02
4.449351e-01
6.691427e-02
6.222974e-01
1.070683e-01
1.761809e-02
5.875268e-03
0
0
1.277054e-01
0
8.167954e-03
1.420878e-01
2.180419e-01
0
0
0
5.717642e-02
2.449720e-01
0
6.013875e-01
4.875320e-01
2.206028e-01
4.783278e-01
0
4.330915e-01
0
1.966590e-01
1.361602e-01
6.079518e-01
0
0
2.895914e-01
4.646730e-01
5.064958e-01
3.765265e-01
2.424411e-01
5.473481e-01
1.385405e-01
6.679189e-01
6.530790e-01
0
0
0
0
0
0
0
0
0
5.033362e-01
0
0
0
0
4.547892e-01
4.674161e-01
4.192209e-01
2.516539e-01
0
0
0
0
0
0
0
0
3.413871e-01
4.705917e-01
0
0
0
0
0
0
0
2.999396e-02
1.438249e-02
1.342253e-01
0
0
0
0
0
0
0
0
0
0
4.259957e-01
3.542583e-01
5.889440e-01
4.031934e-01
2.648868e-01
1.577773e-01
6.880697e-01
1
6.902659e-01
4.953809e-01
5.406215e-01
0
5.533684e-01
2.099540e-01
0
0
0
0
5.282050e-01
1.705611e-01
0
0
1.697345e-01
4.322053e-01
3.683870e-01
1.913316e-01
0
9.197072e-02
2.092666e-01
0
6.160141e-01
0
2.378000e-01
1.749851e-01
0
0
2.984043e-01
8.912028e-02
2.477764e-01
3.623890e-01
7.665002e-02
0
0
0
1.002539e-01
2.884294e-01
0
4.310741e-01
5.505166e-01
7.222087e-02
3.978949e-01
0
2.762588e-01
0
3.618448e-01
2.370586e-01
3.436919e-01
0
0
3.690366e-01
3.943735e-01
4.125724e-01
1.622887e-01
3.481508e-01
4.149945e-01
4.344597e-01
4.813617e-01
1.619259e-01
0
0
0
0
0
0
0
0
0
3.323335e-01
0
0
0
0
7.918703e-02
1.243776e-01
0
0
0
0
0
0
0
0
0
0
0
1.626099e-01
0
0
0
0
0
0
0
2.207176e-01
9.622899e-02
3.438573e-01
0
0
0
0
0
0
0
0
0
0
6.984588e-01
5.999441e-01
7.087346e-01
4.831029e-01
5.769868e-01
5.427552e-01
4.763266e-01
6.902659e-01
1
8.483131e-01
5.457651e-01
0
5.547177e-01
2.622193e-01
0
0
0
1.623424e-01
3.164325e-01
3.661639e-02
0
0
8.751425e-02
2.924834e-01
2.272129e-01
1.802296e-01
0
8.639951e-02
6.439580e-03
0
2.776775e-01
1.100614e-01
7.318890e-02
1.620870e-01
0
0
4.193668e-01
2.851013e-01
6.699216e-01
5.398266e-01
0
0
0
0
2.460085e-01
2.261688e-01
1.067033e-01
3.190560e-01
4.560535e-01
0
2.572781e-01
0
2.309989e-01
0
4.874266e-01
3.742529e-01
4.652448e-01
0
1.410934e-01
6.750110e-01
4.902772e-01
6.996670e-02
1.928776e-01
1.797616e-01
4.347940e-01
3.949562e-01
2.657419e-01
7.290815e-02
0
1.390576e-01
0
0
0
0
0
0
0
4.592044e-01
0
1.160859e-01
0
0
0
0
0
0
0
0
0
0
0
0
0
0
0
1.204429e-01
0
0
0
0
0
0
0
4.320892e-02
6.278629e-02
3.536698e-01
0
0
0
0
0
0
0
0
6.340302e-02
2.448145e-02
7.030218e-01
6.846131e-01
7.582436e-01
5.991587e-01
5.664768e-01
6.272371e-01
2.399651e-01
4.953809e-01
8.483131e-01
1.000000e+00
5.030655e-01
0
4.931927e-01
2.429509e-01
0
0
0
1.951511e-01
3.734276e-02
0
0
0
0
0
0
0
0
1.068152e-01
0
0
6.927203e-02
0
7.710197e-03
1.656619e-01
0
5.476963e-02
4.558997e-01
2.572463e-01
6.626171e-01
5.700198e-01
0
0
0
0
2.353613e-01
3.485646e-01
8.146087e-02
1.929969e-01
2.229197e-01
0
1.153438e-01
0
6.781950e-02
0
4.545428e-01
1.645700e-01
3.808544e-01
0
2.595625e-01
5.682429e-01
3.968669e-01
0
1.399439e-01
2.310581e-02
2.739437e-01
4.200089e-01
4.200140e-01
2.061035e-01
0
0
0
0
0
0
0
0
0
7.542719e-02
0
0
0
0
4.661653e-02
0
0
0
0
0
0
0
0
0
0
0
4.249918e-01
2.098773e-01
0
0
1.505735e-01
2.039136e-01
0
0
0
0
0
0
0
0
1.494311e-01
1.723792e-01
5.419877e-02
9.540385e-02
2.354080e-01
1.062087e-01
1.363088e-01
0
1.323401e-01
0
2.553228e-01
1.945585e-01
2.218415e-01
1.350365e-01
1.888930e-01
5.406215e-01
5.457651e-01
5.030655e-01
1
0
7.146945e-01
2.869579e-01
0
0
0
5.124718e-02
2.700711e-01
0
0
0
0
5.873788e-02
9.294755e-02
9.930745e-02
0
0
0
0
4.397354e-01
0
8.220634e-02
0
0
0
3.851766e-01
0
1.557348e-01
0
0
0
0
0
4.451921e-01
5.330038e-01
3.519386e-01
3.014910e-01
5.248508e-01
1.844825e-01
0
0
5.289763e-02
6.842846e-03
4.564400e-01
3.938309e-01
2.105378e-01
1.322809e-01
4.865692e-02
2.882263e-01
2.550959e-01
4.623343e-01
1.704801e-01
2.067978e-01
2.646692e-01
5.843058e-01
0
0
3.995911e-02
5.275390e-01
5.598057e-02
6.530639e-01
7.681239e-02
7.953164e-01
3.663409e-01
6.332146e-01
0
2.561030e-01
1.181895e-01
5.764507e-01
1.660176e-01
3.800637e-01
0
0
5.720296e-02
1.850277e-01
0
0
2.473621e-01
3.546194e-01
4.001868e-02
2.749610e-01
1.394192e-01
3.191097e-01
0
0
2.988605e-01
2.300140e-01
0
6.729046e-02
0
1.380529e-01
0
0
0
0
0
0
1.920093e-01
9.383996e-02
1.453540e-01
1.341364e-01
1.609456e-01
6.084106e-02
8.162445e-02
9.186111e-02
0
0
0
0
0
0
0
0
0
0
0
1
0
3.853542e-02
4.524494e-03
1.973181e-01
0
0
0
1.416957e-03
0
8.009672e-02
0
0
0
0
8.500104e-02
4.375941e-05
0
0
0
0
0
0
0
1.949481e-01
0
0
0
0
0
0
3.007227e-01
3.016817e-02
0
1.925352e-01
0
0
0
0
0
0
0
0
0
0
5.226349e-02
0
3.505258e-01
0
0
0
0
0
0
0
5.463526e-01
1.909158e-01
0
0
0
0
0
0
0
0
0
4.404835e-01
0
5.196138e-02
0
0
2.206143e-01
0
1.424708e-01
2.252760e-01
0
0
0
0
0
0
0
0
5.148731e-01
5.209599e-01
0
0
0
0
0
0
0
0
9.894636e-02
1.486069e-01
0
0
0
1.103019e-01
0
4.785966e-02
2.641028e-02
0
9.070362e-02
1.059585e-02
1.471568e-01
2.112955e-02
2.796312e-01
5.190066e-02
2.967607e-01
7.992602e-02
3.195890e-01
5.533684e-01
5.547177e-01
4.931927e-01
7.146945e-01
0
1
7.834312e-01
0
0
0
0
5.365966e-01
0
0
0
0
2.105076e-01
9.770016e-02
1.692623e-01
2.997904e-02
1.242961e-02
0
0
5.707278e-01
0
4.419909e-01
3.132357e-01
0
0
6.114333e-01
1.702057e-01
2.712725e-01
0
0
0
0
0
2.558161e-01
5.912326e-01
3.026595e-02
1.522482e-01
3.490719e-01
0
0
0
6.019452e-02
5.215859e-02
1.793960e-01
4.713669e-01
4.711807e-01
2.055420e-02
2.506106e-03
5.328472e-01
4.498189e-01
3.568683e-01
0
0
3.377606e-01
7.724187e-01
3.674362e-01
1.611299e-02
0
0
0
0
0
2.339848e-01
0
0
0
3.562197e-01
0
2.831511e-01
0
0
1.955085e-03
0
9.545899e-02
3.414201e-01
0
0
0
0
0
0
0
0
3.618494e-01
4.025462e-01
0
1.963447e-01
1.024924e-01
0
0
0
7.289043e-02
2.768622e-01
3.225171e-01
3.989723e-01
1.369360e-01
0
1.164582e-01
3.442090e-01
2.226024e-01
3.007740e-01
1.529393e-01
5.868309e-02
3.358274e-01
2.629794e-01
0
0
0
0
3.584077e-01
7.817709e-02
9.667504e-02
2.099540e-01
2.622193e-01
2.429509e-01
2.869579e-01
3.853542e-02
7.834312e-01
1.000000e+00
0
0
0
1.092825e-01
5.036708e-01
0
0
0
1.138174e-01
2.117644e-01
1.673116e-01
2.345541e-01
2.585827e-01
1.533690e-01
0
0
2.999296e-01
0
5.480106e-01
3.872045e-01
0
0
5.069729e-01
2.743978e-01
7.727056e-02
0
0
0
0
0
8.782278e-02
3.699096e-01
6.848010e-02
0
2.769010e-01
0
0
0
2.683935e-02
2.065097e-01
0
1.672426e-01
3.439884e-01
0
7.364921e-02
3.240883e-01
1.309085e-01
1.118321e-01
0
0
0
5.019307e-01
0
0
7.847706e-01
1.838018e-01
7.096940e-01
2.310984e-01
5.999168e-01
0
4.628906e-01
2.641045e-01
3.749851e-01
0
1.037295e-01
0
2.485802e-01
0
0
3.582457e-02
0
0
0
2.558812e-01
7.260662e-01
5.725774e-01
5.868962e-01
3.387387e-01
2.007350e-01
2.804249e-02
0
0
4.484517e-01
6.924439e-02
9.410237e-02
2.946137e-02
7.500460e-01
5.921916e-01
3.285680e-01
0
0
0
0
4.168775e-01
2.364740e-02
0
1.754299e-01
0
0
0
0
0
0
8.778234e-03
0
8.842990e-02
0
0
0
0
0
0
0
4.524494e-03
0
0
1
6.741706e-01
5.560376e-01
2.953781e-01
0
1.797144e-02
4.248979e-01
2.741369e-01
1.902687e-02
0
0
1.136451e-01
0
0
2.628851e-01
2.796284e-01
0
1.527173e-01
0
0
6.323008e-01
3.544319e-01
0
0
0
2.889490e-02
1.966540e-01
5.603690e-01
5.967228e-01
7.458556e-01
0
0
7.895029e-02
0
0
1.155395e-01
0
7.976828e-01
0
7.710947e-02
8.329993e-02
9.103958e-02
0
2.042368e-01
0
0
0
0
2.256594e-01
2.593699e-01
0
0
0
0
6.084592e-01
3.714781e-01
6.488271e-01
5.023172e-01
3.414967e-01
6.811172e-03
1.683911e-01
4.297896e-01
1.840749e-01
0
6.556639e-02
1.032773e-01
2.499786e-01
3.185677e-01
0
2.860694e-01
5.001495e-02
0
2.080520e-01
3.078799e-01
7.100137e-01
6.852029e-01
7.532320e-01
2.817034e-01
5.903946e-01
3.533385e-01
0
0
1.510933e-01
0
0
0
3.270789e-01
1.708948e-01
0
0
0
0
0
1.650183e-01
0
0
0
0
0
0
0
0
1.678727e-01
2.300772e-01
1.367738e-01
9.927936e-02
0
0
0
0
0
0
0
1.973181e-01
0
0
6.741706e-01
1
1.023086e-01
0
0
2.204409e-01
4.207309e-01
4.153137e-01
3.228134e-02
0
0
0
0
0
4.016968e-01
4.132986e-01
0
5.728574e-01
0
0
6.390845e-01
7.347143e-01
0
0
1.792578e-01
3.779497e-01
3.009301e-01
2.723338e-01
6.337378e-01
5.011560e-01
0
0
0
1.248299e-01
0
0
2.784854e-01
4.984435e-01
0
0
1.377051e-01
0
0
0
9.700855e-02
0
0
0
1.385471e-01
4.480874e-01
1.218909e-01
0
0
0
2.726049e-01
8.813773e-04
4.390047e-01
0
4.272282e-01
0
2.669969e-01
0
1.283671e-01
0
0
0
0
0
0
0
0
0
0
0
1.369952e-01
2.199830e-01
1.900932e-01
2.568017e-01
0
0
0
0
3.090488e-01
2.778537e-01
3.130364e-01
1.155098e-01
5.857309e-01
4.654212e-01
3.473396e-01
3.142178e-01
9.184570e-02
0
1.031260e-01
2.501360e-01
2.568111e-01
3.519138e-01
4.525383e-01
4.010090e-01
1.074465e-01
3.029223e-01
9.690520e-02
1.020962e-01
0
0
0
0
4.942264e-02
0
0
0
0
0
0
0
0
0
5.560376e-01
1.023086e-01
1
8.479642e-01
0
0
1.175327e-01
0
3.440035e-02
0
0
7.141637e-02
1.115689e-01
0
0
0
0
4.846057e-02
0
0
3.813836e-01
4.369692e-02
0
0
1.066993e-01
0
0
3.483364e-01
1.157361e-01
4.435931e-01
1.057361e-01
0
5.262694e-01
0
0
2.255060e-01
0
5.388943e-01
0
6.424438e-01
0
1.676107e-01
0
3.413062e-01
0
0
0
0
3.959841e-02
0
0
0
0
0
2.905466e-03
1.005872e-01
2.347766e-01
0
6.455059e-02
0
4.758454e-02
0
0
0
0
0
0
0
0
0
0
0
0
0
0
5.950366e-02
4.554306e-02
3.413895e-01
0
0
0
0
2.053785e-01
3.214719e-01
2.486032e-01
2.266516e-01
5.173018e-01
5.294341e-01
2.661448e-01
3.142175e-01
1.864331e-01
2.129292e-01
7.769476e-03
1.809476e-01
3.290682e-01
4.547474e-01
5.341178e-01
5.394651e-01
1.470813e-01
4.222742e-01
3.155353e-01
3.072958e-01
1.758341e-01
1.789076e-01
0
0
3.153801e-01
2.539927e-01
0
0
1.623424e-01
1.951511e-01
5.124718e-02
0
0
1.092825e-01
2.953781e-01
0
8.479642e-01
1
0
0
0
0
0
0
0
0
2.867253e-02
0
0
0
0
5.026798e-02
0
0
2.641009e-01
1.629938e-01
1.122976e-01
1.267309e-01
3.110778e-01
0
0
0
0
6.215530e-02
1.121318e-01
0
5.092405e-01
0
0
6.924595e-02
0
1.597702e-01
0
4.312541e-01
1.118019e-02
1.225212e-01
0
3.157923e-01
0
1.739007e-01
0
0
0
0
0
0
6.832267e-01
3.058247e-01
0
0
0
0
0
2.199798e-01
0
0
0
2.729527e-01
6.289561e-02
2.306428e-01
0
0
6.356974e-01
1.330766e-01
4.272145e-01
7.024110e-01
0
0
0
0
0
0
0
0
4.887888e-01
2.409785e-01
0
0
0
0
0
0
0
2.690175e-01
0
4.569739e-02
9.621393e-02
0
0
0
0
0
1.578783e-01
0
9.991392e-02
1.549252e-01
0
0
0
0
0
0
7.557678e-01
5.282050e-01
3.164325e-01
3.734276e-02
2.700711e-01
0
5.365966e-01
5.036708e-01
0
0
0
0
1
6.869934e-01
4.177332e-02
8.356213e-02
3.143539e-01
5.821610e-01
4.444659e-01
4.366744e-01
1.933664e-02
0
2.034199e-01
1.708464e-02
7.030706e-01
0
2.308478e-01
1.536262e-02
0
0
1.454681e-01
0
0
0
2.291302e-01
0
0
0
3.336681e-01
3.196010e-01
0
3.115007e-01
6.127620e-01
4.126350e-01
3.215680e-01
0
5.751189e-01
2.988059e-01
0
2.237673e-01
5.967738e-01
0
0
2.772868e-01
4.080823e-01
6.696303e-01
1.866466e-01
0
3.151176e-01
2.784929e-01
3.916129e-01
1.515236e-01
0
0
0
3.025008e-01
0
2.467134e-01
0
1.069406e-01
1.369678e-01
2.417065e-02
3.174779e-02
2.188907e-01
0
0
5.784593e-01
2.131938e-01
3.831199e-01
6.037561e-01
0
1.141643e-01
2.511110e-01
4.220528e-01
1.394222e-01
0
3.442741e-01
1.680322e-01
3.981200e-02
0
0
0
0
0
0
0
1.126000e-02
2.093299e-01
0
0
0
1.005496e-01
0
0
0
0
4.220472e-03
0
0
2.368021e-02
1.045245e-02
0
0
0
0
0
6.836990e-01
1.705611e-01
3.661639e-02
0
0
1.416957e-03
0
0
1.797144e-02
2.204409e-01
0
0
6.869934e-01
1
4.256301e-01
3.800234e-01
3.442322e-01
5.626556e-01
3.545343e-01
5.058773e-01
0
0
4.672999e-01
3.170914e-01
2.824376e-01
2.450177e-01
0
0
0
0
0
0
0
0
5.303473e-01
2.539480e-01
4.169048e-01
1.954289e-01
2.597261e-01
0
0
4.403795e-01
2.154917e-01
4.046100e-01
4.542832e-01
1.050243e-01
5.641241e-01
2.320267e-01
1.758764e-01
1.953906e-01
4.639250e-01
0
0
1.206708e-01
4.059878e-01
3.741440e-01
4.065144e-01
9.159996e-02
3.683610e-01
0
9.069964e-03
8.087008e-02
3.995975e-01
0
4.020318e-01
2.984648e-01
5.299336e-01
5.211467e-02
1.871603e-01
3.487363e-01
2.977526e-01
0
3.249908e-01
0
3.165290e-01
2.798457e-01
2.787633e-01
2.903571e-01
3.206288e-01
3.555060e-01
3.979333e-01
5.730741e-01
5.678962e-01
3.782461e-01
3.848962e-01
0
3.684626e-01
2.015509e-01
1.733944e-01
0
7.174853e-02
0
0
0
1.241566e-01
0
2.836362e-01
4.761398e-02
0
0
3.476244e-01
2.279739e-01
0
0
0
0
0
0
0
0
0
0
0
0
0
0
1.251683e-01
0
0
0
0
0
0
0
4.248979e-01
4.207309e-01
1.175327e-01
0
4.177332e-02
4.256301e-01
1
7.675451e-01
5.260826e-01
3.260297e-01
4.035784e-01
1.732023e-01
5.074999e-02
1.197475e-02
4.970107e-01
8.664218e-02
0
2.598720e-01
0
0
2.398325e-01
4.491796e-02
0
0
0
0
5.929662e-01
6.375148e-01
5.647526e-01
6.531093e-01
0
0
0
0
0
0
3.347168e-01
5.946232e-01
2.183731e-01
2.419179e-01
0
8.313501e-02
0
2.165680e-01
0
0
0
2.103018e-01
4.145377e-01
2.832603e-01
2.758561e-03
0
5.898286e-02
3.535398e-01
4.789238e-01
0
4.349510e-01
3.839637e-01
4.651313e-01
2.180754e-01
2.031431e-01
3.820655e-01
1.371400e-01
0
4.670969e-01
1.556177e-01
5.653526e-01
4.834308e-01
2.519815e-01
3.114156e-01
4.923919e-01
4.652134e-01
4.495855e-01
7.090377e-01
6.817272e-01
5.201693e-01
4.737991e-01
0
5.072628e-01
2.816184e-01
2.137315e-01
0
2.695567e-01
0
0
0
0
0
0
0
0
0
3.630253e-01
2.637642e-01
0
0
0
0
0
0
0
0
0
0
0
0
0
0
1.316881e-01
0
0
0
0
8.009672e-02
0
0
2.741369e-01
4.153137e-01
0
0
8.356213e-02
3.800234e-01
7.675451e-01
1
4.110656e-01
2.853440e-01
2.783050e-01
2.271495e-01
1.334243e-01
1.697568e-01
4.323150e-01
2.199140e-01
0
3.323468e-01
2.179235e-02
0
1.174054e-01
9.104554e-02
0
0
0
0
5.508403e-01
4.067600e-01
6.436361e-01
4.343345e-01
0
0
0
0
0
3.915078e-02
4.665087e-01
3.892039e-01
2.761621e-01
3.731490e-02
0
0
0
0
0
0
0
1.227396e-01
1.100140e-01
2.901050e-01
5.360599e-03
0
3.672475e-01
2.136623e-01
0
0
1.542068e-02
0
1.692377e-01
0
0
0
0
0
0
0
0
4.434906e-02
1.805622e-01
3.621226e-02
2.821189e-01
4.839177e-01
1.005743e-01
2.217588e-01
3.051266e-01
1.267199e-01
5.637333e-02
0
1.478831e-01
0
1.810205e-01
6.681762e-02
0
0
0
0
0
0
3.186959e-01
3.552084e-01
8.591375e-03
0
5.030230e-01
1.466971e-01
0
0
0
0
6.098457e-02
0
0
2.328451e-02
3.884992e-02
0
0
0
0
0
4.075266e-01
1.697345e-01
8.751425e-02
0
0
0
0
1.138174e-01
1.902687e-02
3.228134e-02
3.440035e-02
0
3.143539e-01
3.442322e-01
5.260826e-01
4.110656e-01
1.000000e+00
8.140077e-01
7.806290e-01
6.599752e-01
2.176179e-01
2.324663e-01
2.064017e-01
0
0
7.224375e-02
7.599663e-02
0
0
5.089551e-02
0
0
0
0
8.514003e-02
9.527631e-02
0
4.666044e-02
0
0
0
1.124755e-01
4.588034e-01
1.209942e-01
6.876066e-02
7.966335e-02
2.425976e-01
9.448391e-02
0
1.096758e-01
4.378850e-02
0
0
0
0
1.106023e-01
1.696655e-01
9.702543e-02
0
0
5.621145e-01
4.048875e-01
0
0
0
0
0
0
0
0
1.449960e-01
0
0
0
0
0
2.562976e-01
1.866547e-01
4.790207e-01
5.668273e-01
0
2.029975e-01
2.355953e-01
1.210841e-01
0
0
8.742060e-03
0
2.175915e-01
1.710252e-02
0
0
0
0
0
0
1.473735e-01
4.039482e-01
0
0
3.532697e-01
1.547916e-01
0
0
0
0
0
0
0
0
2.296037e-01
1.162633e-01
1.027277e-01
4.965846e-02
0
0
5.922263e-01
4.322053e-01
2.924834e-01
0
5.873788e-02
0
2.105076e-01
2.117644e-01
0
0
0
0
5.821610e-01
5.626556e-01
3.260297e-01
2.853440e-01
8.140077e-01
1
7.301792e-01
8.540071e-01
3.659676e-03
7.169361e-02
2.587800e-01
0
1.623915e-01
5.792694e-03
0
0
0
0
0
0
0
0
2.226468e-01
6.258171e-02
0
0
0
0
0
2.886640e-01
5.660583e-01
2.915301e-01
2.911227e-01
0
5.442364e-01
6.548780e-02
3.206522e-02
2.924991e-01
2.387812e-01
0
0
1.120801e-02
0
3.022615e-01
3.182758e-01
9.367598e-02
1.268954e-01
1.267679e-01
3.357285e-01
2.601752e-01
0
0
0
0
1.723189e-01
0
0
0
0
0
0
0
0
0
1.936681e-01
5.893088e-02
2.132504e-01
3.554724e-01
1.296162e-01
2.755877e-01
1.290480e-01
0
0
0
0
0
2.682945e-01
1.671614e-02
0
0
0
0
0
0
1.921366e-01
3.332766e-01
1.136940e-01
0
4.906442e-01
4.845505e-02
0
6.128645e-02
0
0
2.152350e-01
2.956136e-02
8.063332e-02
1.395400e-01
1.528420e-01
3.419762e-02
3.178657e-02
4.714545e-02
1.689858e-01
6.635133e-02
3.707405e-01
3.683870e-01
2.272129e-01
0
9.294755e-02
0
9.770016e-02
1.673116e-01
0
0
0
0
4.444659e-01
3.545343e-01
4.035784e-01
2.783050e-01
7.806290e-01
7.301792e-01
1
6.138736e-01
3.232619e-01
2.705588e-01
8.135270e-02
0
1.242417e-01
0
3.056612e-02
0
0
0
0
0
0
0
3.698039e-01
2.800760e-01
0
0
0
0
1.750476e-01
1.948010e-03
6.761332e-01
2.960465e-01
1.153814e-01
0
2.626954e-01
7.738114e-02
0
9.155405e-02
5.475866e-03
0
0
0
0
2.964460e-01
1.867816e-01
1.746290e-01
0
0
4.430404e-01
2.742602e-01
2.968825e-02
0
0
0
1.454413e-01
1.414074e-02
0
0
8.073056e-02
0
0
0
0
0
0
0
3.156148e-01
4.434257e-01
0
4.926803e-02
3.937950e-01
3.087087e-01
0
0
0
0
6.241909e-02
0
0
0
0
0
0
0
9.174315e-02
2.438667e-01
0
0
1.783503e-01
6.961902e-02
0
0
0
0
1.267306e-01
0
0
9.643641e-04
1.589940e-01
1.162750e-02
1.369291e-02
0
0
0
3.869326e-01
1.913316e-01
1.802296e-01
0
9.930745e-02
0
1.692623e-01
2.345541e-01
1.136451e-01
0
7.141637e-02
0
4.366744e-01
5.058773e-01
1.732023e-01
2.271495e-01
6.599752e-01
8.540071e-01
6.138736e-01
1
9.032736e-02
0
4.283657e-02
0
0
0
0
0
0
0
0
0
0
0
2.640597e-01
1.307376e-01
1.432344e-01
3.297178e-02
1.227349e-01
0
0
2.326884e-01
4.682489e-01
3.236230e-01
1.687952e-01
0
4.660007e-01
3.500297e-02
7.668483e-02
2.706865e-01
1.672255e-01
0
0
0
0
1.026635e-01
3.218231e-01
9.266993e-02
9.479100e-02
1.288226e-01
0
0
0
0
0
0
1.599009e-01
3.635626e-02
6.143506e-02
0
0
0
4.506535e-02
9.427507e-03
7.898675e-02
2.281633e-01
0
0
0
5.064617e-02
0
0
1.391115e-02
0
0
0
0
0
1.346188e-01
7.048523e-02
3.287817e-01
3.037152e-01
1.067383e-01
0
0
9.122108e-03
4.469429e-01
3.472974e-01
6.956076e-01
1.778778e-01
5.190140e-01
0
1.687042e-01
2.825861e-01
2.044632e-01
1.750476e-01
2.501274e-02
7.369436e-02
0
0
0
0
0
0
2.656776e-01
2.058480e-01
0
0
0
0
0
8.500104e-02
2.997904e-02
2.585827e-01
0
0
1.115689e-01
2.867253e-02
1.933664e-02
0
5.074999e-02
1.334243e-01
2.176179e-01
3.659676e-03
3.232619e-01
9.032736e-02
1.000000e+00
7.291866e-01
0
0
0
0
5.848689e-01
3.698451e-01
0
0
4.563305e-01
4.616802e-01
1.987318e-02
5.335950e-02
5.626562e-02
9.251546e-02
0
0
0
0
3.280598e-01
0
1.545919e-01
0
3.526292e-02
0
0
1.011224e-01
0
0
0
0
7.033502e-02
0
0
0
0
0
0
0
0
0
0
0
0
0
0
0
0
0
0
1.098036e-01
0
5.659830e-02
0
2.504713e-01
0
2.166287e-01
0
0
2.026015e-02
0
4.972887e-03
0
1.048819e-01
0
2.958608e-02
0
9.027738e-03
2.839366e-01
4.076648e-02
0
0
0
0
0
3.650361e-01
3.470096e-01
6.496451e-01
1.788126e-01
5.446199e-01
0
0
5.156504e-02
0
0
0
0
0
0
2.527222e-01
2.488039e-01
3.166582e-01
2.846918e-01
3.557174e-01
3.920927e-01
5.284323e-02
9.197072e-02
8.639951e-02
1.068152e-01
0
4.375941e-05
1.242961e-02
1.533690e-01
0
0
0
0
0
0
1.197475e-02
1.697568e-01
2.324663e-01
7.169361e-02
2.705588e-01
0
7.291866e-01
1
8.329019e-02
0
0
0
5.278081e-01
5.918049e-01
0
1.175118e-02
4.699960e-01
6.348263e-01
2.546949e-01
4.987559e-01
0
0
0
0
0
0
0
0
0
0
1.720210e-01
0
0
0
0
0
0
0
0
0
0
0
0
0
0
0
9.208585e-02
4.961711e-02
1.668685e-01
0
1.556070e-01
1.305556e-01
0
0
0
1.208168e-01
0
0
0
0
9.851276e-02
0
5.446730e-01
7.456625e-01
1.704580e-01
1.430827e-01
0
2.214962e-01
1.665317e-01
2.525676e-02
2.506357e-01
0
3.047710e-01
1.213013e-01
9.219677e-02
1.050944e-01
0
0
0
0
2.268972e-02
0
1.530734e-01
1.435430e-02
0
0
7.163865e-02
3.197832e-01
0
0
0
0
0
0
0
0
8.606910e-03
0
8.248645e-02
5.004584e-02
0
0
4.449351e-01
2.092666e-01
6.439580e-03
0
0
0
0
0
2.628851e-01
4.016968e-01
0
0
2.034199e-01
4.672999e-01
4.970107e-01
4.323150e-01
2.064017e-01
2.587800e-01
8.135270e-02
4.283657e-02
0
8.329019e-02
1
5.852121e-01
3.742343e-01
3.248287e-01
2.121200e-02
8.382832e-02
2.467982e-01
1.020100e-02
8.308007e-04
6.961333e-02
9.274492e-02
2.406487e-01
2.119660e-01
1.999536e-01
2.232387e-01
2.524340e-01
0
0
0
2.895569e-01
0
1.759044e-01
4.500780e-01
4.331793e-01
7.397793e-02
8.402468e-02
1.481240e-01
3.187894e-01
2.027947e-01
2.711097e-01
0
1.763755e-01
3.114901e-01
2.092600e-01
1.429017e-01
4.804439e-01
5.394585e-01
0
0
0
2.445490e-01
0
2.352534e-01
3.884110e-01
0
0
3.739843e-02
2.180809e-01
2.292931e-01
3.711475e-02
1.284622e-01
0
2.493607e-01
0
3.186682e-01
5.735763e-01
1.449720e-01
0
0
2.380818e-01
1.209751e-01
2.449004e-01
3.560395e-01
2.461178e-01
2.858300e-01
4.457300e-01
0
0
5.577584e-02
0
0
5.978909e-02
2.609024e-01
5.019506e-02
0
0
0
0
0
1.873122e-01
0
0
0
0
0
0
0
0
0
8.983773e-02
0
7.279534e-02
0
0
6.691427e-02
0
0
0
0
0
0
0
2.796284e-01
4.132986e-01
0
0
1.708464e-02
3.170914e-01
8.664218e-02
2.199140e-01
0
0
0
0
0
0
5.852121e-01
1
2.273723e-01
3.216448e-01
0
0
3.510001e-01
8.318259e-02
0
0
0
7.280549e-02
1.569618e-01
6.322978e-02
3.915277e-01
2.065983e-01
0
0
0
2.066928e-01
0
1.080244e-01
3.357029e-01
3.355750e-01
8.088231e-02
1.821974e-02
1.697478e-01
5.279235e-02
1.116852e-01
3.135129e-01
0
0
2.976394e-01
6.557663e-02
0
1.248062e-01
2.996236e-01
1.701319e-02
3.915636e-01
2.677640e-01
0
0
0
0
0
5.346227e-02
0
0
0
3.652723e-01
8.425375e-03
2.719884e-02
0
0
7.879906e-01
4.464488e-01
2.992077e-01
2.976904e-01
0
2.347224e-02
0
0
0
0
0
9.080395e-02
6.684985e-01
5.733387e-01
0
0
5.084910e-02
0
0
0
0
0
5.852522e-02
7.781967e-03
0
0
1.463119e-02
0
0
0
1.633193e-01
0
6.194034e-02
6.503866e-02
0
0
6.112051e-04
0
2.796056e-02
0
6.222974e-01
6.160141e-01
2.776775e-01
6.927203e-02
4.397354e-01
0
5.707278e-01
2.999296e-01
0
0
0
0
7.030706e-01
2.824376e-01
0
0
0
1.623915e-01
1.242417e-01
0
0
0
3.742343e-01
2.273723e-01
1
0
3.539712e-01
2.761102e-01
0
0
2.866127e-01
7.577077e-02
0
0
0
0
0
0
1.748248e-01
5.098351e-01
0
3.949350e-01
4.108917e-01
2.940235e-01
1.696607e-01
0
1.378397e-01
1.376893e-02
1.286989e-01
2.076712e-01
5.089707e-01
1.669288e-01
0
2.400781e-01
4.930057e-01
7.642781e-01
0
6.495620e-02
4.223560e-01
3.735401e-01
0
8.279588e-02
2.104953e-01
1.407365e-01
3.527560e-01
1.958430e-01
6.729654e-03
0
0
0
0
6.393196e-02
0
2.081198e-01
8.646046e-02
3.168803e-01
1.279277e-01
2.953557e-01
7.967601e-02
0
3.748787e-01
3.047459e-01
3.199455e-01
3.752245e-01
4.887973e-01
1.626825e-01
5.284178e-01
1.631227e-01
0
0
0
0
0
0
4.508317e-02
0
0
0
0
1.928308e-01
4.220667e-02
3.745472e-01
0
0
0
0
0
0
0
0
1.219248e-01
2.646990e-01
1.641910e-01
0
0
8.013029e-06
1.070683e-01
0
1.100614e-01
0
0
0
0
0
1.527173e-01
5.728574e-01
4.846057e-02
5.026798e-02
0
2.450177e-01
2.598720e-01
3.323468e-01
7.224375e-02
5.792694e-03
0
0
0
0
3.248287e-01
3.216448e-01
0
1
0
1.651425e-02
4.378382e-01
6.756504e-01
0
6.015757e-02
2.404485e-01
2.828541e-01
1.158233e-01
0
3.254681e-01
1.634015e-01
0
0
0
3.208443e-01
0
0
2.778201e-01
5.435132e-02
5.057650e-02
0
2.529607e-01
3.095752e-02
1.853435e-02
2.375721e-01
0
1.949437e-01
3.497895e-01
0
0
2.981200e-01
3.690839e-01
0
2.877213e-01
1.872400e-01
0
0
0
0
0
2.428112e-02
0
0
0
3.239372e-01
1.676103e-01
1.895533e-01
2.792184e-01
3.646265e-01
1.098881e-01
1.029429e-01
1.668886e-01
2.807451e-01
0
0
0
0
0
0
0
0
5.139362e-01
7.495495e-01
0
2.843857e-01
0
0
0
0
2.177717e-01
2.592066e-01
7.755436e-01
4.639080e-01
4.626118e-01
0
0
4.525235e-03
0
0
0
0
0
0
0
0
0
0
2.494753e-01
5.763502e-03
1.761809e-02
2.378000e-01
7.318890e-02
7.710197e-03
8.220634e-02
0
4.419909e-01
5.480106e-01
0
0
0
0
2.308478e-01
0
0
2.179235e-02
7.599663e-02
0
3.056612e-02
0
5.848689e-01
5.278081e-01
2.121200e-02
0
3.539712e-01
0
1
8.494939e-01
0
0
6.739419e-01
6.627221e-01
1.088637e-01
7.346947e-02
0
0
0
0
0
8.401911e-02
0
0
1.097827e-01
0
1.005838e-01
0
0
1.488726e-01
0
8.526770e-02
2.448239e-02
0
5.367404e-03
2.718563e-01
0
1.449368e-01
0
0
2.091447e-02
2.633403e-01
6.022063e-02
1.360846e-02
0
0
0
0
0
1.621097e-02
0
0
0
4.986927e-01
0
2.599634e-01
1.060171e-01
4.314389e-01
1.937151e-01
2.664797e-01
0
3.049289e-02
1.590601e-01
0
0
0
0
0
0
0
2.533154e-01
7.817154e-01
0
1.391077e-01
0
0
0
0
2.149497e-01
2.321427e-01
7.531106e-01
4.857648e-01
3.770003e-01
0
0
0
0
0
0
0
0
0
0
2.690210e-02
2.166313e-01
5.833561e-03
3.652733e-01
2.156526e-01
5.875268e-03
1.749851e-01
1.620870e-01
1.656619e-01
0
0
3.132357e-01
3.872045e-01
0
0
0
0
1.536262e-02
0
0
0
0
0
0
0
3.698451e-01
5.918049e-01
8.382832e-02
0
2.761102e-01
1.651425e-02
8.494939e-01
1
0
4.929440e-02
6.788463e-01
7.898214e-01
3.493999e-01
3.675622e-01
0
0
0
0
0
2.637402e-02
0
0
0
0
4.304917e-02
0
0
0
0
0
2.234188e-02
4.434253e-02
0
3.394956e-01
1.034815e-01
0
0
0
3.653914e-02
1.123273e-01
0
9.206987e-03
7.188219e-01
3.419770e-01
3.318169e-01
1.747376e-02
3.476799e-01
0
6.540691e-02
0
4.583293e-01
0
1.164163e-01
0
3.620296e-01
1.439958e-01
0
1.512727e-01
5.690966e-02
0
1.743186e-01
2.120766e-01
4.455739e-01
4.002359e-01
2.751654e-01
1.455760e-02
8.044435e-03
3.231056e-02
0
0
3.450415e-01
1.762295e-01
0
0
4.012475e-01
2.237140e-01
6.701333e-02
0
0
0
0
1.962692e-01
0
0
0
0
0
0
0
0
7.092032e-02
1.837964e-01
1.891837e-01
1.363123e-01
0
0
0
0
0
0
0
0
0
0
6.323008e-01
6.390845e-01
3.813836e-01
2.641009e-01
0
0
2.398325e-01
1.174054e-01
0
0
0
0
0
0
2.467982e-01
3.510001e-01
0
4.378382e-01
0
0
1
5.833223e-01
0
3.529214e-03
3.812797e-01
3.208055e-01
1.095832e-01
2.085784e-01
3.329776e-01
3.120402e-01
0
0
0
0
0
0
1.776345e-01
4.523235e-01
0
1.396387e-01
2.368236e-01
3.856990e-01
0
3.033909e-01
0
1.111328e-01
4.548996e-02
0
0
2.105043e-01
1.331645e-01
6.201413e-02
0
0
3.790498e-01
4.648237e-01
4.342988e-01
2.497187e-01
8.700755e-02
0
0
1.524572e-01
0
9.415906e-02
0
1.905889e-01
5.919706e-02
3.628501e-01
0
7.174105e-02
0
0
3.230401e-01
1.575420e-01
4.347678e-01
4.158747e-01
5.607783e-01
3.645657e-01
4.165131e-01
1.992977e-01
0
0
9.564888e-02
1.394565e-02
0
0
2.021714e-01
2.107729e-01
0
0
0
1.230035e-01
0
7.216110e-02
0
0
0
0
0
0
0
0
3.056795e-01
4.204866e-01
3.079062e-01
1.344682e-01
0
8.744816e-02
0
0
0
5.476963e-02
0
1.949481e-01
0
0
3.544319e-01
7.347143e-01
4.369692e-02
1.629938e-01
0
0
4.491796e-02
9.104554e-02
5.089551e-02
0
0
0
0
1.175118e-02
1.020100e-02
8.318259e-02
0
6.756504e-01
0
4.929440e-02
5.833223e-01
1.000000e+00
0
1.638018e-01
4.202666e-01
5.107691e-01
0
0
2.269923e-01
6.611574e-02
0
0
0
6.138831e-02
0
0
0
6.978539e-02
0
0
6.508147e-02
0
0
0
7.633009e-02
2.266323e-03
0
0
0
1.773953e-01
8.182222e-03
0
1.857331e-01
0
0
0
0
0
0
0
0
0
0
3.726685e-01
0
8.709991e-02
0
0
4.875134e-02
0
0
0
0
0
0
0
0
0
0
0
1.536118e-01
5.200338e-01
0
1.005727e-01
0
0
0
0
2.184047e-01
2.020204e-01
5.485109e-01
3.047869e-01
3.351230e-02
0
2.360945e-04
1.571949e-01
5.411287e-02
1.345487e-01
0
0
1.018832e-02
0
1.970449e-01
7.175036e-02
2.794075e-01
7.346398e-02
5.547886e-01
3.840536e-01
1.277054e-01
2.984043e-01
4.193668e-01
4.558997e-01
3.851766e-01
0
6.114333e-01
5.069729e-01
0
0
0
1.122976e-01
1.454681e-01
0
0
0
0
0
0
0
4.563305e-01
4.699960e-01
8.308007e-04
0
2.866127e-01
0
6.739419e-01
6.788463e-01
0
0
1.000000e+00
6.044192e-01
4.803017e-01
3.264196e-01
0
0
0
0
0
2.528791e-01
0
0
3.726072e-02
0
0
0
0
3.288023e-02
0
1.625809e-01
3.065400e-01
7.744623e-05
1.425570e-01
5.026052e-01
1.395987e-01
0
0
0
1.398515e-01
3.109281e-01
0
0
0
0
0
0
0
0
0
0
0
1.888091e-01
0
1.190505e-01
0
2.152173e-01
0
1.321313e-01
0
0
0
0
0
0
0
1.135561e-01
0
0
0
3.791181e-01
0
0
0
0
0
6.679749e-03
3.909783e-01
2.533548e-01
7.666084e-01
6.084946e-01
5.089588e-01
9.519070e-02
0
9.417221e-02
4.402193e-03
6.553486e-03
0
0
0
0
1.187890e-01
1.713096e-01
2.798260e-01
1.058287e-01
5.924038e-01
5.415368e-01
0
8.912028e-02
2.851013e-01
2.572463e-01
0
0
1.702057e-01
2.743978e-01
0
0
0
1.267309e-01
0
0
0
0
0
0
0
0
4.616802e-01
6.348263e-01
6.961333e-02
0
7.577077e-02
6.015757e-02
6.627221e-01
7.898214e-01
3.529214e-03
1.638018e-01
6.044192e-01
1
5.228744e-01
5.224350e-01
0
0
0
0
0
0
5.029280e-02
0
0
0
3.032105e-02
0
0
0
0
9.677368e-02
1.069200e-01
0
1.270569e-01
4.345918e-01
7.536404e-02
0
0
0
6.634255e-02
6.344156e-02
5.230614e-02
0
0
9.650511e-02
0
0
0
0
0
0
0
2.719960e-01
0
3.359242e-02
0
0
0
1.282213e-01
0
0
0
0
0
0
0
0
0
0
0
4.327436e-02
0
0
0
0
2.120029e-02
0
9.772376e-02
2.000215e-01
1.738266e-01
3.329563e-01
0
0
0
0
0
0
0
0
0
0
7.013321e-01
6.372260e-01
7.619200e-01
5.006681e-01
5.446607e-01
5.036637e-01
8.167954e-03
2.477764e-01
6.699216e-01
6.626171e-01
1.557348e-01
0
2.712725e-01
7.727056e-02
0
1.792578e-01
1.066993e-01
3.110778e-01
0
0
0
0
0
0
0
0
1.987318e-02
2.546949e-01
9.274492e-02
0
0
2.404485e-01
1.088637e-01
3.493999e-01
3.812797e-01
4.202666e-01
4.803017e-01
5.228744e-01
1
8.123718e-01
0
0
0
0
0
0
0
0
0
0
1.384120e-01
0
0
0
3.060352e-01
3.177735e-01
1.473050e-01
2.338007e-02
2.981316e-01
6.318716e-01
3.353967e-01
0
0
1.116279e-01
3.425986e-01
2.480615e-01
0
8.512519e-02
0
4.612573e-02
0
0
0
0
0
0
0
3.611022e-01
0
8.574534e-02
0
1.738494e-01
0
4.215696e-01
0
0
0
0
2.005010e-02
0
2.094143e-01
0
1.462024e-01
0
0
1.175004e-01
0
0
0
0
5.119316e-03
0
6.215526e-02
1.309292e-01
1.751158e-01
2.027671e-01
7.742779e-02
0
0
0
0
0
0
0
0
0
7.375678e-01
7.562612e-01
8.651049e-01
6.980116e-01
4.188176e-01
4.946678e-01
1.420878e-01
3.623890e-01
5.398266e-01
5.700198e-01
0
0
0
0
2.889490e-02
3.779497e-01
0
0
0
0
0
0
0
0
0
0
5.335950e-02
4.987559e-01
2.406487e-01
7.280549e-02
0
2.828541e-01
7.346947e-02
3.675622e-01
3.208055e-01
5.107691e-01
3.264196e-01
5.224350e-01
8.123718e-01
1
0
0
0
0
0
0
0
0
0
0
3.935771e-01
0
0
0
2.267135e-01
6.542963e-02
2.181892e-02
0
1.682070e-01
3.793998e-01
1.753470e-01
0
3.969004e-02
3.360215e-01
2.580440e-01
0
1.635002e-01
3.107980e-01
2.568919e-01
5.177547e-02
8.767187e-02
3.327588e-01
3.973797e-01
2.243565e-01
8.164530e-02
3.550709e-01
3.090945e-01
0
3.123098e-01
7.904951e-02
1.690590e-01
1.818064e-01
2.273601e-01
2.179875e-01
3.534664e-01
2.777602e-01
3.248794e-01
4.715103e-01
4.964199e-01
3.567042e-01
2.566638e-01
0
2.396516e-01
4.067195e-02
9.482363e-02
0
1.232702e-01
0
0
0
0
0
0
0
0
0
4.122893e-02
0
0
0
0
0
0
0
0
0
0
0
0
1.212480e-01
0
0
2.180419e-01
7.665002e-02
0
0
0
0
0
0
1.966540e-01
3.009301e-01
0
0
2.291302e-01
5.303473e-01
5.929662e-01
5.508403e-01
8.514003e-02
2.226468e-01
3.698039e-01
2.640597e-01
5.626562e-02
0
2.119660e-01
1.569618e-01
0
1.158233e-01
0
0
1.095832e-01
0
0
0
0
0
1.000000e+00
6.113418e-01
6.308881e-01
3.795663e-01
2.768011e-01
0
6.174800e-02
0
1.429919e-01
2.944536e-02
5.879657e-01
1.693944e-01
4.216882e-01
3.052409e-02
1.363000e-01
0
0
0
0
0
7.164114e-02
3.086072e-01
5.476995e-01
3.715442e-01
4.125392e-02
0
0
0
4.371929e-01
0
4.584959e-01
2.709359e-01
7.303249e-01
0
5.465319e-01
4.671001e-01
3.231261e-01
0
4.186445e-01
0
1.452474e-01
0
0
1.238477e-01
7.978242e-02
5.165983e-03
1.742746e-01
4.467789e-01
4.308364e-01
3.395550e-01
3.162922e-01
4.889778e-02
1.243065e-01
5.928258e-02
3.113174e-02
0
2.806865e-01
0
2.922841e-01
0
2.894201e-01
2.387656e-01
2.920967e-01
9.590741e-02
0
0
1.991899e-01
1.575001e-01
1.094633e-01
0
1.134075e-01
0
1.125463e-01
6.697871e-02
0
0
0
0
0
0
0
0
0
0
0
0
0
0
0
0
5.603690e-01
2.723338e-01
3.483364e-01
0
0
2.539480e-01
6.375148e-01
4.067600e-01
9.527631e-02
6.258171e-02
2.800760e-01
1.307376e-01
9.251546e-02
0
1.999536e-01
6.322978e-02
0
0
0
0
2.085784e-01
0
0
0
0
0
6.113418e-01
1.000000e+00
6.759400e-01
7.428918e-01
1.862945e-01
0
2.850551e-01
0
3.633246e-02
3.239459e-01
2.434208e-02
6.650979e-01
6.635197e-02
3.953730e-01
0
0
0
1.226177e-02
0
0
0
2.022297e-01
3.704461e-01
1.778429e-01
0
0
0
0
5.523448e-01
2.533988e-01
6.010079e-01
6.396014e-01
5.544151e-01
3.352860e-01
5.251845e-01
6.423217e-01
2.507095e-01
0
3.459138e-01
1.973680e-01
4.013550e-01
3.295127e-01
0
7.048450e-02
1.757231e-01
1.242605e-01
2.260788e-01
4.451949e-01
7.276094e-01
7.753075e-01
5.721518e-01
2.702319e-01
4.672049e-01
2.915570e-01
0
0
4.339469e-01
0
3.413458e-02
0
2.992421e-01
2.458847e-01
7.742318e-02
0
0
0
3.476490e-02
1.953351e-01
0
0
0
0
0
0
0
0
0
0
0
0
0
0
0
0
0
0
0
3.007227e-01
0
0
5.967228e-01
6.337378e-01
1.157361e-01
0
0
4.169048e-01
5.647526e-01
6.436361e-01
0
0
0
1.432344e-01
0
0
2.232387e-01
3.915277e-01
0
3.254681e-01
0
0
3.329776e-01
2.269923e-01
0
0
0
0
6.308881e-01
6.759400e-01
1
6.865764e-01
6.409841e-02
0
0
0
0
7.932428e-02
2.757454e-01
5.445226e-01
1.471295e-01
1.241307e-01
0
0
0
0
1.018643e-01
0
0
0
2.108332e-01
1.333828e-01
0
0
0
0
5.915812e-01
2.026790e-01
7.241438e-01
3.776907e-01
6.787397e-01
0
6.859152e-01
4.506106e-01
4.161703e-01
0
4.166039e-01
0
3.872192e-01
7.957539e-02
0
2.995440e-02
0
0
1.201669e-01
3.334814e-01
5.859717e-01
5.192110e-01
5.192762e-01
2.071768e-01
3.017151e-01
2.086834e-01
0
0
3.275342e-01
6.807608e-02
2.097490e-01
4.922377e-02
5.854802e-01
4.333104e-01
2.490978e-01
0
0
0
0
2.665633e-01
1.020392e-01
0
9.485255e-02
0
3.219289e-02
4.553042e-02
0
0
0
0
0
0
0
0
0
0
0
0
0
3.016817e-02
0
0
7.458556e-01
5.011560e-01
4.435931e-01
6.215530e-02
0
1.954289e-01
6.531093e-01
4.343345e-01
4.666044e-02
0
0
3.297178e-02
0
0
2.524340e-01
2.065983e-01
0
1.634015e-01
0
0
3.120402e-01
6.611574e-02
0
0
0
0
3.795663e-01
7.428918e-01
6.865764e-01
1
7.138698e-02
0
3.223205e-03
0
0
1.321650e-01
1.408498e-02
8.711889e-01
5.279600e-02
3.135163e-01
0
0
0
3.396050e-01
0
0
0
5.682173e-02
4.865063e-01
1.991207e-01
0
0
2.732559e-01
0
0
5.492206e-02
0
0
1.900332e-02
3.720337e-02
8.091432e-02
0
3.037564e-01
0
1.128495e-01
0
0
0
0
0
1.080191e-02
1.219957e-01
0
0
0
0
0
0
0
0
1.174635e-01
0
0
0
1.378319e-01
3.829713e-02
0
3.086813e-02
0
0
0
3.980849e-02
0
1.582730e-01
7.963284e-02
0
1.638670e-02
1.359697e-02
1.166631e-01
2.120371e-01
1.383743e-02
0
0
0
0
2.152543e-02
0
0
5.717642e-02
1.002539e-01
2.460085e-01
2.353613e-01
4.451921e-01
0
2.558161e-01
8.782278e-02
0
0
1.057361e-01
1.121318e-01
3.336681e-01
2.597261e-01
0
0
0
0
0
1.227349e-01
0
0
0
0
1.748248e-01
0
0
0
0
0
0
0
0
0
2.768011e-01
1.862945e-01
6.409841e-02
7.138698e-02
1
4.805164e-01
5.641027e-01
1.583381e-01
3.918839e-01
2.655082e-01
2.311126e-01
0
5.317521e-01
3.562632e-01
5.429039e-01
5.013150e-01
3.804265e-01
3.073493e-01
3.061643e-01
3.519392e-01
4.846099e-01
3.457418e-01
5.162468e-01
0
3.081271e-01
3.898606e-01
3.239994e-01
4.516130e-02
0
1.179167e-01
0
8.624796e-02
0
2.930645e-01
0
0
0
4.469999e-01
3.283383e-02
2.590598e-01
0
0
2.862823e-01
0
1.379633e-01
1.752479e-01
0
0
0
0
0
0
0
1.475046e-01
3.411290e-01
2.944509e-01
0
0
0
2.134160e-01
0
0
0
0
0
1.617834e-01
0
0
1.327519e-01
8.826939e-02
4.438771e-02
1.286481e-01
2.075238e-01
9.898201e-02
1.662613e-01
2.884386e-02
0
0
0
0
3.462341e-02
9.068667e-03
2.449720e-01
2.884294e-01
2.261688e-01
3.485646e-01
5.330038e-01
1.925352e-01
5.912326e-01
3.699096e-01
0
0
0
0
3.196010e-01
0
0
0
0
0
0
0
0
0
0
0
5.098351e-01
0
8.401911e-02
2.637402e-02
0
0
2.528791e-01
0
0
0
0
0
0
0
4.805164e-01
1
0
4.532542e-01
2.273898e-01
0
0
0
1.990497e-02
0
3.614639e-01
3.398305e-01
6.088028e-01
2.919755e-01
2.381089e-01
3.426597e-01
6.034145e-01
3.354045e-01
3.343122e-02
0
4.561296e-01
6.804925e-01
0
0
0
0
0
0
3.188003e-01
0
2.442732e-01
0
0
0
0
0
0
0
0
0
0
0
0
0
0
0
0
1.854744e-02
0
0
0
0
2.446184e-01
1.815859e-01
4.569103e-01
2.454661e-01
2.883756e-01
4.135290e-01
1.227454e-01
8.957752e-02
2.725634e-01
1.410320e-01
9.498357e-02
2.019976e-01
5.125240e-01
5.141209e-01
5.114389e-01
4.676625e-01
3.959131e-01
6.331717e-01
3.387388e-01
2.095133e-01
0
0
0
0
3.709170e-01
3.422540e-01
0
0
1.067033e-01
8.146087e-02
3.519386e-01
0
3.026595e-02
6.848010e-02
7.895029e-02
0
5.262694e-01
5.092405e-01
0
0
0
0
0
0
1.750476e-01
0
3.280598e-01
0
0
0
0
0
0
0
0
0
0
5.029280e-02
0
0
6.174800e-02
2.850551e-01
0
3.223205e-03
5.641027e-01
0
1
0
3.415557e-01
3.574534e-01
0
0
4.454851e-02
3.909078e-01
1.594682e-01
1.271552e-01
0
9.891358e-02
1.754839e-01
1.193027e-01
0
4.191832e-02
5.914201e-02
0
0
0
3.430933e-01
2.715797e-01
0
0
0
2.313446e-01
0
0
0
0
0
1.062528e-01
0
0
0
0
4.361120e-01
1.769646e-01
2.212046e-01
1.457345e-01
0
1.294741e-02
1.534208e-02
3.747182e-02
1.577627e-02
0
2.317986e-01
2.431347e-01
0
0
0
0
0
0
0
0
0
0
0
0
0
2.211318e-01
0
0
0
0
1.641311e-01
2.751246e-03
5.048937e-02
1.517868e-01
1.486327e-01
2.004085e-01
1.736086e-01
8.573698e-02
0
0
6.013875e-01
4.310741e-01
3.190560e-01
1.929969e-01
3.014910e-01
0
1.522482e-01
0
0
1.248299e-01
0
0
3.115007e-01
4.403795e-01
0
0
1.124755e-01
2.886640e-01
1.948010e-03
2.326884e-01
0
0
2.895569e-01
2.066928e-01
3.949350e-01
3.208443e-01
0
0
0
6.138831e-02
0
0
0
0
0
0
0
0
1.583381e-01
4.532542e-01
0
1
2.483104e-01
3.906254e-01
1.298403e-01
0
2.389029e-01
0
6.470847e-01
2.189053e-01
5.243912e-01
1.775131e-01
0
2.033284e-01
5.069363e-01
2.494956e-01
1.709697e-01
4.730086e-01
6.096412e-01
3.022825e-01
5.564716e-01
3.406571e-01
0
0
0
0
0
0
0
0
0
0
9.193570e-03
0
0
0
2.311816e-01
0
1.848630e-01
3.218240e-01
0
0
0
0
0
0
0
0
4.155638e-01
1.018916e-01
0
0
1.612382e-01
0
0
0
0
2.470642e-01
1.089372e-01
1.925825e-01
3.142072e-01
1.596852e-01
9.527673e-02
1.746272e-01
0
2.134737e-02
4.119375e-01
2.503261e-01
3.298835e-01
2.123294e-01
6.198481e-02
0
0
0
2.621903e-01
1.768189e-01
4.875320e-01
5.505166e-01
4.560535e-01
2.229197e-01
5.248508e-01
0
3.490719e-01
2.769010e-01
0
0
0
0
6.127620e-01
2.154917e-01
0
0
4.588034e-01
5.660583e-01
6.761332e-01
4.682489e-01
1.545919e-01
0
0
0
4.108917e-01
0
1.097827e-01
0
0
0
3.726072e-02
0
0
0
1.429919e-01
3.633246e-02
0
0
3.918839e-01
2.273898e-01
3.415557e-01
2.483104e-01
1
4.440901e-01
1.127054e-01
0
4.797153e-01
1.280512e-01
1.311350e-01
1.382434e-01
2.753469e-01
0
0
8.889004e-02
3.885163e-02
5.935798e-01
3.709121e-01
9.083980e-02
3.894377e-02
1.643218e-01
1.256199e-02
0
0
0
1.428633e-01
1.205640e-02
1.211903e-01
0
1.363725e-01
0
0
0
5.775353e-02
0
0
0
1.980350e-01
2.937173e-02
0
8.284061e-02
0
7.857184e-02
0
7.689712e-02
4.429022e-02
2.769572e-01
1.157549e-01
1.753060e-02
8.828775e-02
0
0
0
5.158965e-01
3.175830e-01
0
0
0
1.048085e-01
0
0
0
3.863791e-01
4.576335e-01
4.277995e-01
3.849283e-01
4.303867e-01
6.294223e-01
5.101431e-01
5.314635e-01
5.542944e-01
0
0
0
0
0
0
2.206028e-01
7.222087e-02
0
0
1.844825e-01
0
0
0
1.155395e-01
0
2.255060e-01
6.924595e-02
4.126350e-01
4.046100e-01
0
3.915078e-02
1.209942e-01
2.915301e-01
2.960465e-01
3.236230e-01
0
0
1.759044e-01
1.080244e-01
2.940235e-01
0
0
0
0
0
0
0
0
0
2.944536e-02
3.239459e-01
7.932428e-02
1.321650e-01
2.655082e-01
0
3.574534e-01
3.906254e-01
4.440901e-01
1.000000e+00
0
1.400338e-01
2.787856e-01
3.191991e-01
1.415742e-01
0
1.955146e-01
0
0
0
0
4.055596e-01
6.327633e-02
1.312775e-01
0
0
4.435588e-01
5.016835e-01
9.183987e-02
0
0
0
0
6.799276e-02
0
0
2.443956e-01
2.105795e-01
1.718941e-01
2.378325e-01
3.459663e-01
3.416192e-01
2.663261e-01
4.328057e-01
4.237689e-01
3.918350e-01
9.564260e-02
1.776277e-01
2.731743e-01
2.114132e-01
1.519689e-01
0
3.546805e-01
1.287346e-01
1.881953e-02
4.264120e-02
0
0
0
0
0
0
0
1.121271e-01
0
0
1.398732e-01
2.348538e-01
0
0
0
0
0
0
0
0
1.409277e-01
2.261481e-01
3.489950e-01
2.602399e-01
0
0
4.783278e-01
3.978949e-01
2.572781e-01
1.153438e-01
0
0
0
0
0
2.784854e-01
0
0
3.215680e-01
4.542832e-01
3.347168e-01
4.665087e-01
6.876066e-02
2.911227e-01
1.153814e-01
1.687952e-01
3.526292e-02
1.720210e-01
4.500780e-01
3.357029e-01
1.696607e-01
2.778201e-01
1.005838e-01
4.304917e-02
1.776345e-01
0
0
3.032105e-02
1.384120e-01
3.935771e-01
5.879657e-01
2.434208e-02
2.757454e-01
1.408498e-02
2.311126e-01
0
0
1.298403e-01
1.127054e-01
0
1.000000e+00
3.780883e-02
6.978872e-01
0
2.318364e-01
1.952912e-01
1.704976e-01
0
8.813962e-02
2.872300e-01
3.576368e-01
1.589210e-01
4.845133e-01
3.566892e-01
4.979702e-01
2.231653e-02
0
0
6.028326e-01
0
7.191749e-01
1.527910e-01
5.384902e-01
0
5.195408e-01
2.863943e-01
4.244876e-01
0
3.648299e-01
0
4.059700e-01
2.386662e-02
0
2.169237e-01
0
0
1.112522e-02
2.803940e-01
4.873453e-01
4.258805e-01
5.019325e-01
2.652504e-01
2.521214e-01
1.993711e-01
0
0
2.994713e-01
1.161624e-01
1.610473e-01
1.769389e-02
5.773894e-01
3.612299e-01
4.484555e-01
1.465988e-01
0
0
1.190713e-01
3.256173e-01
0
0
1.320988e-01
0
0
0
0
0
0
0
0
0
0
0
0
0
0
0
0
0
0
0
7.976828e-01
4.984435e-01
5.388943e-01
1.597702e-01
0
1.050243e-01
5.946232e-01
3.892039e-01
7.966335e-02
0
0
0
0
0
4.331793e-01
3.355750e-01
0
5.435132e-02
0
0
4.523235e-01
6.978539e-02
0
0
0
0
1.693944e-01
6.650979e-01
5.445226e-01
8.711889e-01
0
0
0
0
0
1.400338e-01
3.780883e-02
1
1.505152e-02
4.071298e-01
0
6.445156e-02
0
3.215221e-01
0
0
0
0
2.948032e-01
9.346410e-02
0
0
5.906833e-01
4.270863e-01
0
0
0
0
1.174360e-03
0
0
0
4.442028e-01
0
2.732339e-01
7.672933e-02
1.928003e-01
5.066938e-02
1.438003e-01
0
4.600236e-01
5.961942e-01
2.799808e-02
7.603321e-02
1.620463e-01
3.143241e-01
0
0
1.808131e-01
1.075537e-01
1.306948e-01
0
0
0
0
0
0
0
0
2.870621e-01
0
3.419411e-02
1.156098e-01
3.022989e-01
0
0
0
0
0
0
0
0
6.270203e-03
4.370258e-02
0
0
0
0
4.330915e-01
2.762588e-01
2.309989e-01
6.781950e-02
5.289763e-02
0
6.019452e-02
2.683935e-02
0
0
0
0
5.751189e-01
5.641241e-01
2.183731e-01
2.761621e-01
2.425976e-01
5.442364e-01
2.626954e-01
4.660007e-01
0
0
7.397793e-02
8.088231e-02
1.378397e-01
5.057650e-02
0
0
0
0
0
0
0
0
4.216882e-01
6.635197e-02
1.471295e-01
5.279600e-02
5.317521e-01
1.990497e-02
4.454851e-02
2.389029e-01
4.797153e-01
2.787856e-01
6.978872e-01
1.505152e-02
1
3.092738e-01
2.225632e-01
2.504099e-01
2.832567e-01
0
0
1.934181e-01
2.181989e-01
3.649265e-01
5.611540e-01
1.291952e-02
2.667570e-01
1.738572e-01
1.861908e-01
0
0
0
1.830030e-01
0
2.980074e-01
0
2.086126e-01
0
1.817267e-01
0
2.677713e-01
0
8.845952e-03
0
0
0
0
2.602430e-01
7.394026e-02
0
0
1.734245e-01
0
4.808484e-02
0
0
1.364319e-01
0
6.453829e-02
2.654656e-01
2.363382e-01
0
1.322554e-03
0
2.657937e-01
3.810408e-01
1.419799e-01
2.309961e-02
1.093443e-01
1.033920e-01
6.615110e-02
1.629906e-01
2.359501e-01
2.512990e-01
1.285125e-02
8.583064e-02
3.270694e-02
1.533189e-02
0
0
0
0
0
0
0
0
0
0
6.842846e-03
0
5.215859e-02
2.065097e-01
7.710947e-02
0
6.424438e-01
4.312541e-01
2.988059e-01
2.320267e-01
2.419179e-01
3.731490e-02
9.448391e-02
6.548780e-02
7.738114e-02
3.500297e-02
1.011224e-01
0
8.402468e-02
1.821974e-02
1.376893e-02
0
1.488726e-01
0
1.396387e-01
0
3.288023e-02
0
0
0
3.052409e-02
3.953730e-01
1.241307e-01
3.135163e-01
3.562632e-01
0
3.909078e-01
0
1.280512e-01
3.191991e-01
0
4.071298e-01
3.092738e-01
1
0
2.570208e-01
3.251347e-03
3.202029e-01
0
1.931206e-01
4.371229e-02
2.115634e-01
7.311036e-02
0
0
0
1.733349e-01
1.378373e-01
4.186323e-02
9.891480e-02
0
4.740589e-02
0
0
0
0
8.810991e-02
1.828758e-02
0
0
0
0
5.685452e-02
6.157696e-02
2.374202e-03
0
0
0
0
0
0
0
0
0
0
0
0
0
0
0
4.513622e-02
0
0
0
0
0
0
1.798433e-01
0
0
0
0
0
0
0
0
3.912407e-01
4.371844e-01
4.886581e-01
4.802923e-01
7.376746e-03
1.319259e-01
1.966590e-01
3.618448e-01
4.874266e-01
4.545428e-01
4.564400e-01
0
1.793960e-01
0
8.329993e-02
1.377051e-01
0
1.118019e-02
0
1.758764e-01
0
0
0
3.206522e-02
0
7.668483e-02
0
0
1.481240e-01
1.697478e-01
1.286989e-01
2.529607e-01
0
0
2.368236e-01
6.508147e-02
0
0
3.060352e-01
2.267135e-01
1.363000e-01
0
0
0
5.429039e-01
3.614639e-01
1.594682e-01
6.470847e-01
1.311350e-01
1.415742e-01
2.318364e-01
0
2.225632e-01
0
1.000000e+00
5.060241e-01
3.150082e-01
3.724307e-01
1.153266e-01
4.357512e-01
6.202012e-01
7.559776e-02
3.595684e-01
5.737863e-01
5.802174e-01
3.901342e-01
3.314864e-01
8.433836e-03
4.718338e-02
0
0
0
0
0
0
0
2.300980e-01
0
0
0
0
0
0
0
1.021487e-01
1.389832e-01
0
0
0
0
0
0
0
0
1.973631e-01
4.044975e-02
0
0
0
0
0
0
2.308322e-01
3.018372e-03
0
0
0
1.895768e-01
0
0
0
0
0
0
0
0
1.153586e-02
2.535863e-02
1.838804e-01
1.339363e-01
0
0
1.361602e-01
2.370586e-01
3.742529e-01
1.645700e-01
3.938309e-01
0
4.713669e-01
1.672426e-01
9.103958e-02
0
1.676107e-01
1.225212e-01
2.237673e-01
1.953906e-01
8.313501e-02
0
1.096758e-01
2.924991e-01
9.155405e-02
2.706865e-01
0
0
3.187894e-01
5.279235e-02
2.076712e-01
3.095752e-02
8.526770e-02
0
3.856990e-01
0
1.625809e-01
9.677368e-02
3.177735e-01
6.542963e-02
0
0
0
0
5.013150e-01
3.398305e-01
1.271552e-01
2.189053e-01
1.382434e-01
0
1.952912e-01
6.445156e-02
2.504099e-01
2.570208e-01
5.060241e-01
1
4.490478e-01
4.913613e-01
0
5.920127e-01
5.715603e-01
1.478783e-01
2.293887e-01
6.374311e-02
5.979259e-01
6.629661e-01
3.236160e-01
0
0
0
0
0
0
2.147970e-01
0
0
0
2.875421e-01
0
2.858445e-01
0
0
3.927605e-01
0
0
2.741126e-01
0
0
0
0
0
0
8.228692e-04
0
0
7.885487e-03
0
0
0
0
0
0
6.573986e-02
1.031306e-01
0
2.958368e-01
0
1.237738e-01
0
2.559658e-02
0
4.205418e-02
1.255328e-01
6.241837e-02
7.682932e-02
1.441472e-01
1.417872e-01
1.653639e-01
1.069358e-01
1.572518e-02
2.082397e-01
2.674744e-01
6.079518e-01
3.436919e-01
4.652448e-01
3.808544e-01
2.105378e-01
5.226349e-02
4.711807e-01
3.439884e-01
0
0
0
0
5.967738e-01
4.639250e-01
0
0
4.378850e-02
2.387812e-01
5.475866e-03
1.672255e-01
0
0
2.027947e-01
1.116852e-01
5.089707e-01
1.853435e-02
2.448239e-02
2.234188e-02
0
0
3.065400e-01
1.069200e-01
1.473050e-01
2.181892e-02
0
0
0
0
3.804265e-01
6.088028e-01
0
5.243912e-01
2.753469e-01
1.955146e-01
1.704976e-01
0
2.832567e-01
3.251347e-03
3.150082e-01
4.490478e-01
1
1.542290e-01
1.424775e-01
6.110709e-01
7.131876e-01
1.788783e-01
7.168843e-02
0
6.140163e-01
4.861606e-01
0
0
1.339014e-01
3.010299e-02
4.910626e-02
0
0
0
1.209811e-01
0
2.391466e-01
0
0
0
1.031662e-01
0
1.594456e-01
0
0
0
0
0
0
0
0
0
0
3.502152e-03
1.393941e-01
5.390723e-02
3.738055e-02
5.958556e-02
5.234150e-02
7.981967e-02
4.894975e-01
3.387572e-01
1.002365e-01
0
0
0
0
2.393922e-01
5.481243e-02
0
9.495450e-02
8.763438e-02
0
8.267494e-02
0
0
0
0
0
3.619645e-02
0
0
0
0
0
0
1.322809e-01
0
2.055420e-02
0
2.042368e-01
0
3.413062e-01
3.157923e-01
0
0
2.165680e-01
0
0
0
0
0
0
0
2.711097e-01
3.135129e-01
1.669288e-01
2.375721e-01
0
4.434253e-02
3.033909e-01
0
7.744623e-05
0
2.338007e-02
0
0
1.226177e-02
0
3.396050e-01
3.073493e-01
2.919755e-01
9.891358e-02
1.775131e-01
0
0
0
3.215221e-01
0
3.202029e-01
3.724307e-01
4.913613e-01
1.542290e-01
1.000000e+00
0
2.946347e-01
4.086631e-01
2.267208e-01
1.545501e-01
4.238737e-02
3.452257e-01
1.780784e-01
1.314565e-01
0
0
4.323155e-01
1.655103e-03
6.047551e-02
0
4.091062e-01
2.473735e-01
2.116172e-01
0
2.814529e-01
5.239194e-02
5.278430e-01
3.634375e-02
2.930546e-01
0
0
0
0
0
0
0
9.165972e-02
0
6.093521e-02
5.039978e-02
0
0
0
0
2.354645e-02
0
0
0
0
0
0
0
3.014977e-01
0
0
0
0
0
0
0
0
0
0
9.019463e-02
0
7.378498e-02
0
2.869572e-01
3.024868e-01
0
0
1.410934e-01
2.595625e-01
4.865692e-02
3.505258e-01
2.506106e-03
7.364921e-02
0
9.700855e-02
0
0
0
0
0
0
0
0
0
0
7.033502e-02
0
0
0
0
0
5.367404e-03
0
0
7.633009e-02
1.425570e-01
1.270569e-01
2.981316e-01
1.682070e-01
0
0
1.018643e-01
0
3.061643e-01
2.381089e-01
1.754839e-01
0
0
0
8.813962e-02
0
0
0
1.153266e-01
0
1.424775e-01
0
1
2.559488e-01
1.964344e-01
0
1.422392e-01
6.625936e-02
2.528247e-01
1.604510e-02
4.320434e-01
0
0
0
0
0
0
0
0
0
0
3.061114e-01
0
1.483720e-01
0
0
8.986710e-02
0
0
9.833711e-02
0
0
0
0
0
0
0
0
0
1.794026e-01
0
0
0
0
0
0
2.447357e-03
1.221347e-01
1.166525e-01
4.254013e-01
0
1.477446e-02
0
0
0
0
0
0
0
0
3.232811e-01
3.343555e-01
4.465006e-01
1.182212e-01
3.877830e-01
3.373484e-01
2.895914e-01
3.690366e-01
6.750110e-01
5.682429e-01
2.882263e-01
0
5.328472e-01
3.240883e-01
0
0
0
1.739007e-01
2.772868e-01
1.206708e-01
0
0
0
1.120801e-02
0
0
0
0
1.763755e-01
0
2.400781e-01
1.949437e-01
2.718563e-01
3.394956e-01
1.111328e-01
2.266323e-03
5.026052e-01
4.345918e-01
6.318716e-01
3.793998e-01
0
0
0
0
3.519392e-01
3.426597e-01
1.193027e-01
2.033284e-01
8.889004e-02
0
2.872300e-01
0
1.934181e-01
1.931206e-01
4.357512e-01
5.920127e-01
6.110709e-01
2.946347e-01
2.559488e-01
1
7.666135e-01
0
0
8.962862e-03
6.732108e-01
4.775527e-01
4.083693e-01
7.483083e-02
0
0
0
6.959255e-02
0
1.743647e-01
0
0
0
4.742735e-01
0
3.041059e-01
0
0
4.485427e-01
1.300284e-01
1.289107e-01
2.096118e-01
0
0
0
0
0
0
0
1.325341e-03
8.305059e-02
1.647872e-01
0
0
0
0
0
0
0
0
0
1.361979e-01
0
0
0
0
0
0
0
0
0
0
1.244144e-01
1.739666e-01
3.107601e-01
1.061770e-01
2.053612e-02
1.000535e-01
4.646730e-01
3.943735e-01
4.902772e-01
3.968669e-01
2.550959e-01
0
4.498189e-01
1.309085e-01
0
0
0
0
4.080823e-01
4.059878e-01
0
0
0
0
0
0
0
0
3.114901e-01
2.976394e-01
4.930057e-01
3.497895e-01
0
1.034815e-01
4.548996e-02
0
1.395987e-01
7.536404e-02
3.353967e-01
1.753470e-01
7.164114e-02
0
0
0
4.846099e-01
6.034145e-01
0
5.069363e-01
3.885163e-02
0
3.576368e-01
0
2.181989e-01
4.371229e-02
6.202012e-01
5.715603e-01
7.131876e-01
4.086631e-01
1.964344e-01
7.666135e-01
1.000000e+00
1.786547e-01
1.128854e-01
1.465314e-01
8.380567e-01
5.058500e-01
4.099411e-01
3.321194e-01
0
0
0
0
0
0
0
0
2.093426e-01
3.446126e-02
3.299545e-01
0
0
0
6.937165e-01
2.641111e-01
3.925953e-01
3.750589e-01
0
2.270461e-01
0
0
0
0
0
5.803464e-02
7.786125e-01
3.668708e-01
0
0
3.685537e-01
1.185254e-01
0
0
0
0
0
0
2.168934e-02
0
1.081300e-01
7.150347e-03
0
0
2.892035e-01
6.987442e-02
1.047915e-01
2.424120e-02
0
0
0
0
0
0
5.064958e-01
4.125724e-01
6.996670e-02
0
4.623343e-01
0
3.568683e-01
1.118321e-01
0
0
0
0
6.696303e-01
3.741440e-01
2.103018e-01
1.227396e-01
1.106023e-01
3.022615e-01
2.964460e-01
1.026635e-01
0
0
2.092600e-01
6.557663e-02
7.642781e-01
0
1.449368e-01
0
0
0
0
0
0
0
3.086072e-01
2.022297e-01
0
5.682173e-02
3.457418e-01
3.354045e-01
4.191832e-02
2.494956e-01
5.935798e-01
4.055596e-01
1.589210e-01
0
3.649265e-01
2.115634e-01
7.559776e-02
1.478783e-01
1.788783e-01
2.267208e-01
0
0
1.786547e-01
1
3.655915e-01
6.220279e-02
1.314449e-01
1.805928e-01
3.076320e-01
1.753011e-01
5.603158e-02
5.614213e-02
5.563484e-02
0
2.002829e-01
0
2.491074e-02
6.826081e-02
4.860741e-01
0
1.972972e-01
0
8.345816e-02
0
1.268304e-01
3.917251e-02
1.577257e-01
1.710168e-01
0
0
2.370518e-01
1.396297e-01
5.471681e-02
0
5.586257e-02
0
1.260076e-02
0
0
0
0
0
6.548095e-02
0
1.029019e-01
1.251148e-01
0
0
0
1.480101e-01
0
0
0
0
0
0
0
0
1.407517e-01
5.544582e-02
1.221546e-01
3.147471e-01
0
0
3.765265e-01
1.622887e-01
1.928776e-01
1.399439e-01
1.704801e-01
0
0
0
2.256594e-01
1.385471e-01
3.959841e-02
0
1.866466e-01
4.065144e-01
4.145377e-01
1.100140e-01
1.696655e-01
3.182758e-01
1.867816e-01
3.218231e-01
0
0
1.429017e-01
0
0
0
0
0
0
0
0
0
0
3.969004e-02
5.476995e-01
3.704461e-01
2.108332e-01
4.865063e-01
5.162468e-01
3.343122e-02
5.914201e-02
1.709697e-01
3.709121e-01
6.327633e-02
4.845133e-01
2.948032e-01
5.611540e-01
7.311036e-02
3.595684e-01
2.293887e-01
7.168843e-02
1.545501e-01
1.422392e-01
0
1.128854e-01
3.655915e-01
1
3.120364e-01
2.269446e-01
0
1.234782e-01
3.565375e-01
3.851269e-01
1.298306e-03
1.485685e-01
1.834042e-01
2.323705e-01
0
0
1.336841e-01
0
0
3.280417e-02
0
3.138687e-02
0
1.726541e-01
4.172845e-01
1.143595e-01
0
1.275734e-01
3.620833e-01
3.222650e-01
0
2.486215e-01
0
2.349669e-01
0
0
0
0
0
0
0
6.978228e-02
0
0
0
0
0
0
1.982641e-01
0
0
0
0
0
0
0
0
2.128262e-01
1.836854e-01
3.766558e-01
3.021468e-01
0
2.978817e-02
2.424411e-01
3.481508e-01
1.797616e-01
2.310581e-02
2.067978e-01
0
0
0
2.593699e-01
4.480874e-01
0
0
0
9.159996e-02
2.832603e-01
2.901050e-01
9.702543e-02
9.367598e-02
1.746290e-01
9.266993e-02
0
0
4.804439e-01
1.248062e-01
6.495620e-02
2.981200e-01
0
0
2.105043e-01
1.773953e-01
0
0
1.116279e-01
3.360215e-01
3.715442e-01
1.778429e-01
1.333828e-01
1.991207e-01
0
0
0
4.730086e-01
9.083980e-02
1.312775e-01
3.566892e-01
9.346410e-02
1.291952e-02
0
5.737863e-01
6.374311e-02
0
4.238737e-02
6.625936e-02
8.962862e-03
1.465314e-01
6.220279e-02
3.120364e-01
1
4.215341e-01
0
5.075170e-01
2.296388e-01
0
0
0
2.616595e-02
0
4.730927e-02
0
0
0
3.225325e-01
0
2.540216e-01
7.931768e-02
4.676626e-03
3.941793e-01
2.238039e-01
2.109236e-01
2.539830e-01
0
0
0
0
0
0
3.209925e-02
0
1.055953e-01
1.242452e-01
0
0
0
0
0
0
0
0
0
8.395929e-03
0
1.213611e-01
0
0
0
0
0
0
0
0
7.042896e-02
9.139823e-02
3.351845e-01
5.525843e-02
0
0
5.473481e-01
4.149945e-01
4.347940e-01
2.739437e-01
2.646692e-01
0
3.377606e-01
0
0
1.218909e-01
0
0
3.151176e-01
3.683610e-01
2.758561e-03
5.360599e-03
0
1.268954e-01
0
9.479100e-02
0
0
5.394585e-01
2.996236e-01
4.223560e-01
3.690839e-01
2.091447e-02
3.653914e-02
1.331645e-01
8.182222e-03
1.398515e-01
6.634255e-02
3.425986e-01
2.580440e-01
4.125392e-02
0
0
0
3.081271e-01
4.561296e-01
0
6.096412e-01
3.894377e-02
0
4.979702e-01
0
2.667570e-01
0
5.802174e-01
5.979259e-01
6.140163e-01
3.452257e-01
2.528247e-01
6.732108e-01
8.380567e-01
1.314449e-01
2.269446e-01
4.215341e-01
1.000000e+00
4.793631e-01
4.338582e-01
2.897540e-01
0
0
0
0
0
0
0
0
1.865441e-01
2.881782e-01
0
0
5.998305e-02
0
1.277195e-02
0
2.819021e-01
1.797941e-01
0
0
0
0
0
0
0
0
3.449310e-01
3.200365e-01
0
4.031264e-02
0
1.945592e-02
0
0
0
0
0
2.127244e-01
0
0
0
0
0
0
0
0
0
0
4.681165e-02
1.050467e-01
2.966306e-01
1.510750e-01
3.791628e-02
0
1.385405e-01
4.344597e-01
3.949562e-01
4.200089e-01
5.843058e-01
0
7.724187e-01
5.019307e-01
0
0
0
0
2.784929e-01
0
0
0
0
1.267679e-01
0
1.288226e-01
0
0
0
1.701319e-02
3.735401e-01
0
2.633403e-01
1.123273e-01
6.201413e-02
0
3.109281e-01
6.344156e-02
2.480615e-01
0
0
0
0
0
3.898606e-01
6.804925e-01
0
3.022825e-01
1.643218e-01
0
2.231653e-02
0
1.738572e-01
0
3.901342e-01
6.629661e-01
4.861606e-01
1.780784e-01
1.604510e-02
4.775527e-01
5.058500e-01
1.805928e-01
0
0
4.793631e-01
1.000000e+00
