1
7.030127e-01
0
0
0
0
0
1.457788e-01
0
0
1.622811e-02
4.364245e-01
2.154804e-01
3.184829e-01
6.056164e-02
1.847783e-01
3.513590e-01
1.381095e-01
6.389816e-01
7.587373e-01
0
0
0
0
0
0
0
0
4.858178e-01
4.294701e-01
0
0
0
0
0
0
0
2.807434e-01
0
2.709611e-01
4.722722e-02
0
0
0
0
0
0
0
0
0
1.226342e-01
8.001558e-03
2.297680e-01
0
0
0
6.626363e-01
6.970628e-01
5.640522e-01
3.025996e-01
3.534796e-01
0
5.243745e-01
3.858888e-01
0
0
0
0
6.719021e-01
3.732623e-01
0
8.291422e-02
3.793618e-01
5.820175e-01
3.339686e-01
4.054668e-01
9.904488e-03
2.330234e-02
1.516556e-01
0
3.836633e-01
1.555438e-02
4.212598e-01
2.279186e-01
0
0
2.887300e-01
0
1.015713e-01
7.798575e-02
4.415925e-02
0
0
0
1.725593e-01
2.899439e-01
0
3.035411e-01
5.428464e-01
0
4.665862e-01
0
5.453593e-01
1.362937e-01
1.204702e-01
3.137288e-01
3.624811e-01
0
1.772443e-01
5.035560e-01
3.934621e-01
3.683082e-01
2.344788e-01
8.077650e-02
5.109732e-01
4.057878e-01
7.030127e-01
1
4.659572e-02
0
0
0
0
0
0
0
1.356945e-01
3.662663e-01
4.009044e-01
1.106676e-01
3.472865e-01
2.325266e-01
2.425222e-01
4.620994e-01
7.989474e-01
4.633706e-01
1.403991e-01
3.664393e-01
7.431480e-03
0
0
0
0
2.094546e-01
4.300787e-01
4.349552e-01
0
0
0
0
0
0
0
2.400843e-02
0
1.082104e-01
5.140768e-02
8.864132e-02
0
0
0
0
0
0
0
0
1.360842e-01
1.907122e-01
3.760254e-01
1.466132e-01
0
0
4.287595e-01
7.149117e-01
3.158752e-01
1.806044e-01
2.157483e-01
0
1.988328e-01
5.708213e-02
0
0
0
0
2.778742e-01
9.799943e-02
0
3.008516e-01
1.700108e-01
4.068470e-01
1.903773e-01
1.956684e-01
0
1.020280e-01
1.322955e-01
2.583458e-02
2.736384e-01
1.604217e-01
2.743384e-01
1.487435e-01
0
0
0
0
0
2.571813e-01
1.746029e-01
0
0
0
0
1.689797e-02
0
3.045087e-01
3.227935e-01
0
5.333342e-01
0
3.995326e-01
0
1.520733e-01
1.893935e-02
0
0
0
8.209017e-02
1.036637e-01
2.811466e-01
1.013558e-01
3.654982e-01
2.848970e-01
2.935114e-01
0
4.659572e-02
1
1.582235e-01
7.053942e-01
3.391359e-01
7.656687e-01
0
5.561245e-01
3.613993e-01
6.182246e-01
0
4.184219e-01
0
6.144436e-01
1.499094e-01
0
2.746556e-02
1.050159e-01
0
2.374371e-01
5.244346e-01
8.260327e-01
6.553546e-01
6.643876e-01
3.211522e-01
3.421368e-01
1.463081e-01
0
0
7.603312e-01
3.803311e-01
0
0
6.665842e-01
4.614298e-01
1.779791e-01
0
0
0
1.621172e-01
2.290933e-01
0
0
0
0
0
0
0
0
0
1.893065e-02
5.185580e-02
1.606401e-01
0
0
0
0
0
0
0
4.474712e-02
0
0
8.591222e-01
6.609161e-01
2.962455e-01
0
0
0
5.295870e-01
3.642956e-01
1.134159e-01
0
0
6.386434e-02
3.981356e-02
0
2.306527e-01
3.270248e-01
0
2.349943e-01
0
0
8.471566e-01
5.340910e-01
0
0
1.901050e-03
1.659227e-01
2.925687e-01
4.951641e-01
5.424982e-01
6.135419e-01
0
0
0
0
0
0
1.645628e-01
5.823826e-01
0
0
0
8.523935e-04
0
1.623149e-02
0
0
0
0
1.399534e-01
3.080171e-01
0
0
0
0
1.582235e-01
1
1.465174e-01
2.125311e-01
1.357321e-01
4.213693e-01
1.920166e-01
1.891988e-01
0
2.594263e-01
3.605068e-02
3.953187e-01
2.373984e-01
4.951647e-01
0
0
0
0
1.622303e-01
0
1.388679e-02
1.531212e-01
0
5.667561e-02
0
1.399890e-01
0
0
1.393570e-01
3.336367e-01
0
1.901595e-01
1.395857e-01
2.846814e-01
0
0
0
4.139712e-02
0
0
0
0
0
0
0
0
0
0
4.539637e-02
9.597575e-02
7.700120e-02
0
0
5.003460e-02
0
0
0
2.920846e-01
0
5.465336e-01
0
0
6.013756e-02
3.835055e-01
1.641299e-02
2.615391e-01
0
0
0
0
0
0
0
0
0
0
0
0
0
2.300256e-01
0
1.252105e-02
1.987238e-01
5.408939e-01
0
6.775446e-02
2.571265e-01
2.690153e-01
0
0
1.471947e-01
6.480473e-02
0
5.909030e-02
0
0
0
0
0
0
0
0
1.308821e-01
0
0
4.785497e-02
4.903414e-01
9.019610e-02
6.397660e-03
0
0
0
3.048527e-02
0
0
0
7.053942e-01
1.465174e-01
1.000000e+00
5.635722e-01
7.888992e-01
0
7.767453e-01
5.843183e-01
3.970128e-01
0
3.934600e-01
0
3.984188e-01
2.244151e-01
0
0
0
0
3.420981e-01
4.640372e-01
7.374003e-01
7.476482e-01
8.480029e-01
6.600193e-01
7.087707e-01
3.511097e-01
0
0
6.138471e-01
3.323162e-01
1.821812e-01
0
6.613702e-01
5.798332e-01
2.739281e-01
0
0
0
1.951880e-01
2.433692e-01
1.917321e-02
0
1.277819e-01
0
0
3.117033e-02
0
0
0
0
0
0
0
0
0
0
0
0
0
2.443440e-01
0
0
7.802277e-01
6.549802e-01
4.041722e-01
7.601011e-03
0
2.239538e-02
5.720970e-01
4.392661e-01
1.329007e-01
0
0
0
1.010846e-03
0
1.154866e-01
2.597949e-01
0
2.644504e-01
0
0
4.718605e-01
4.509893e-01
0
0
0
0
3.068574e-01
6.478591e-01
7.380120e-01
8.235482e-01
0
0
0
0
0
1.129107e-01
0
6.927270e-01
0
1.091515e-01
0
0
0
0
0
0
0
0
1.732296e-01
1.008267e-01
0
0
0
0
3.391359e-01
2.125311e-01
5.635722e-01
1
1.726880e-01
2.749909e-01
4.154572e-01
8.400240e-01
1.557627e-01
5.528999e-02
1.446151e-01
2.690380e-01
1.665706e-01
2.401103e-01
2.514630e-01
2.568663e-01
9.160123e-02
0
2.443803e-01
3.141412e-01
4.443061e-01
5.265990e-01
6.488673e-01
6.019761e-01
7.304962e-01
6.951067e-01
0
0
2.009017e-01
0
0
0
3.109998e-01
2.691963e-01
0
0
0
0
0
0
0
0
0
0
0
0
0
0
0
1.172760e-02
0
0
0
0
4.227764e-03
0
0
0
0
5.663691e-01
0
0
3.976054e-01
6.830272e-01
0
0
0
2.454827e-01
3.303024e-01
2.788805e-01
0
0
0
0
0
0
3.091984e-01
5.885439e-01
0
3.855817e-01
0
0
2.862923e-01
5.185338e-01
0
0
0
6.026811e-02
2.550500e-01
2.263493e-01
6.025648e-01
3.938372e-01
0
0
0
2.561979e-01
0
0
7.989324e-02
2.361403e-01
0
0
0
0
2.806629e-02
0
0
0
5.720323e-02
0
0
2.155864e-01
3.151916e-02
0
0
0
7.656687e-01
1.357321e-01
7.888992e-01
1.726880e-01
1.000000e+00
0
6.592866e-01
3.026454e-01
4.627874e-01
0
4.845101e-01
0
3.575915e-01
1.627052e-01
0
0
0
0
3.958209e-01
4.601352e-01
6.871675e-01
6.160220e-01
6.034911e-01
3.401380e-01
4.094092e-01
2.409746e-02
0
0
6.116803e-01
3.955696e-01
1.628480e-01
0
5.441219e-01
4.891184e-01
3.024973e-01
0
1.153197e-01
0
3.954810e-01
2.900582e-01
0
0
1.021758e-01
0
0
0
0
0
0
0
0
0
0
0
0
0
0
0
0
0
0
0
7.459286e-01
4.904663e-01
5.449000e-01
7.663506e-02
0
0
6.200993e-01
3.982365e-01
3.063527e-01
0
2.127519e-01
1.082311e-01
2.576491e-01
0
1.859532e-02
0
0
1.043479e-01
0
0
5.790668e-01
3.383830e-01
0
0
0
0
3.506139e-01
7.300031e-01
5.284125e-01
6.771650e-01
0
0
2.734324e-01
0
0
5.585977e-02
0
5.970577e-01
2.994494e-03
2.409167e-01
0
0
0
0
0
0
0
0
2.055996e-01
1.927862e-01
0
0
1.457788e-01
0
0
4.213693e-01
0
2.749909e-01
0
1
0
2.464034e-01
0
6.935387e-01
0
8.451796e-01
0
4.883312e-01
4.307165e-02
0
9.015582e-02
2.703238e-01
9.837206e-02
0
0
0
0
0
1.725745e-01
2.602742e-01
0
1.844989e-01
0
0
0
1.112634e-01
0
0
0
7.894573e-02
0
9.758348e-02
0
0
1.079995e-01
7.502008e-02
0
1.623913e-01
8.631515e-02
5.653117e-02
1.272664e-01
2.022430e-01
0
0
0
0
0
9.193311e-02
1.666491e-01
1.064215e-01
0
2.677956e-01
0
5.597858e-01
1.420022e-01
3.995145e-01
0
0
0
0
1.978245e-01
1.465312e-01
0
1.438159e-01
0
0
0
0
0
1.582398e-01
0
0
4.716777e-02
4.705228e-02
6.793011e-02
2.633900e-01
0
0
2.117858e-01
2.707695e-01
0
0
0
0
1.035816e-01
0
0
3.411603e-01
0
1.805625e-01
0
0
8.773742e-02
0
6.891760e-02
0
0
0
3.490714e-01
0
4.936014e-01
2.087175e-01
2.955590e-01
0
0
0
2.964878e-01
1.243355e-01
0
0
5.561245e-01
1.920166e-01
7.767453e-01
4.154572e-01
6.592866e-01
0
1.000000e+00
5.796686e-01
2.622352e-01
0
4.108903e-01
0
4.044983e-01
1.140230e-01
0
0
0
0
2.425323e-02
7.762975e-02
4.243899e-01
4.510243e-01
5.102357e-01
7.045801e-01
3.449626e-01
1.801054e-01
0
0
6.465075e-01
5.046508e-01
3.313624e-01
1.779619e-01
6.739259e-01
6.547960e-01
3.256849e-01
0
7.309097e-02
0
1.114839e-01
1.483675e-01
3.090326e-01
1.763197e-01
4.063086e-01
2.235125e-01
1.332605e-01
2.304314e-01
0
0
0
0
0
0
0
0
0
0
0
0
0
3.122652e-01
0
0
5.974288e-01
2.903008e-01
3.491435e-01
3.172333e-02
0
0
2.711279e-01
7.439151e-02
0
0
0
0
1.004694e-01
0
0
1.885397e-01
0
0
0
0
3.070021e-01
1.573589e-01
0
0
0
0
0
5.354603e-01
4.884215e-01
7.113737e-01
5.806937e-02
0
2.470802e-01
0
0
1.024114e-01
0
5.857379e-01
0
1.650706e-01
0
0
0
3.868883e-02
1.840917e-01
0
0
0
8.466516e-02
0
0
0
0
0
3.613993e-01
1.891988e-01
5.843183e-01
8.400240e-01
3.026454e-01
2.464034e-01
5.796686e-01
1
1.584997e-01
5.829908e-02
2.990187e-01
2.566104e-01
2.576049e-01
3.265378e-01
1.379780e-01
3.349290e-01
5.981737e-02
0
1.929506e-01
2.872055e-01
4.013652e-01
3.902256e-01
6.034592e-01
4.919119e-01
5.991866e-01
5.666639e-01
0
0
2.161657e-01
0
0
0
3.065000e-01
2.599897e-01
4.130949e-02
0
0
0
0
0
0
0
0
0
0
0
0
0
0
0
0
7.405344e-03
0
0
0
0
0
0
0
5.049628e-01
0
0
4.058461e-01
5.912012e-01
0
0
0
4.961415e-02
3.510117e-01
2.445302e-01
0
0
0
0
0
0
2.734278e-01
4.104392e-01
0
1.653750e-01
0
0
2.401893e-01
3.740957e-01
0
0
0
1.324570e-01
3.200631e-01
4.625991e-01
6.163167e-01
5.086282e-01
0
0
0
0
0
0
5.526443e-02
3.803372e-01
0
0
0
0
0
0
1.714149e-01
0
0
0
1.100460e-01
2.123112e-01
0
0
1.622811e-02
1.356945e-01
6.182246e-01
0
3.970128e-01
1.557627e-01
4.627874e-01
0
2.622352e-01
1.584997e-01
1
0
4.783219e-01
0
4.549099e-01
1.128184e-01
0
0
3.386646e-01
2.207656e-01
1.324199e-01
2.934538e-01
6.158190e-01
5.887494e-01
4.976374e-01
0
2.286357e-01
2.857302e-01
0
0
4.822738e-01
2.723695e-01
0
0
4.274295e-01
2.348786e-01
3.369372e-01
0
0
0
1.904391e-01
3.280385e-02
0
0
0
0
0
0
0
0
2.430268e-02
1.707500e-01
1.443241e-01
3.368709e-01
0
0
0
0
0
0
0
0
0
0
5.981767e-01
3.132541e-01
1.399156e-01
0
0
8.901945e-02
5.051210e-01
5.434438e-02
1.505849e-01
9.535813e-02
0
1.152350e-01
0
0
6.649254e-02
3.182354e-01
0
0
0
0
6.947284e-01
1.655009e-01
0
0
0
4.762630e-02
3.317251e-01
3.974141e-01
2.575896e-01
4.521375e-01
2.689971e-01
0
0
0
0
0
2.997994e-01
3.950157e-01
3.443848e-01
4.102542e-02
0
1.216589e-01
0
6.209220e-02
0
0
0
6.890098e-02
4.932708e-01
0
0
0
4.364245e-01
3.662663e-01
0
2.594263e-01
0
5.528999e-02
0
6.935387e-01
0
5.829908e-02
0
1.000000e+00
0
7.121329e-01
0
4.267076e-01
3.066443e-01
2.884711e-01
3.706219e-01
2.699379e-01
1.176065e-01
0
0
0
0
0
0
2.536717e-01
2.530123e-01
6.477738e-01
0
0
0
0
0
0
0
1.093486e-02
0
1.976783e-01
0
0
0
0
0
0
0
0
0
0
1.610641e-01
1.076068e-01
2.966472e-01
0
1.152293e-01
1.322563e-01
3.531643e-01
5.603924e-01
3.982212e-01
5.610197e-01
2.231303e-01
2.281349e-01
5.120907e-01
4.696891e-01
0
0
0
0
2.666236e-01
7.663344e-03
0
0
0
0
0
0
0
2.407275e-01
0
0
3.193694e-01
5.374249e-02
3.251151e-01
6.063917e-01
0
0
4.519394e-01
3.747404e-01
2.117890e-01
3.447867e-01
0
0
0
0
0
4.866308e-01
0
2.040539e-01
9.309746e-03
0
1.640917e-01
0
0
0
1.357033e-01
0
2.959372e-01
0
3.180938e-01
3.941396e-01
4.770232e-01
2.132024e-02
0
0
4.082574e-01
4.039727e-01
2.154804e-01
4.009044e-01
4.184219e-01
3.605068e-02
3.934600e-01
1.446151e-01
4.845101e-01
0
4.108903e-01
2.990187e-01
4.783219e-01
0
1.000000e+00
5.103406e-02
7.612681e-01
4.738259e-01
2.926122e-03
1.822988e-01
5.600326e-01
4.370735e-01
2.751341e-01
3.563914e-01
2.311108e-01
3.083511e-01
1.936302e-01
1.317704e-02
2.520494e-01
4.843864e-01
2.545171e-01
1.620320e-01
2.411186e-01
4.276485e-01
1.842855e-01
2.036472e-01
0
0
0
0
1.188144e-01
0
1.445992e-01
1.972704e-01
0
0
0
0
0
0
0
0
0
0
0
0
0
0
0
0
0
0
0
0
0
0
1.822114e-01
1.841238e-01
0
0
0
0
3.309918e-01
4.724445e-01
0
0
0
0
1.195186e-01
0
1.321961e-01
2.003243e-01
0
0
2.780058e-01
3.523697e-02
2.284405e-01
0
0
0
0
0
1.784157e-01
3.371866e-01
2.760290e-01
3.596282e-01
0
0
0
0
0
1.162604e-02
2.984521e-01
4.469385e-01
3.226244e-01
2.759690e-01
0
0
0
0
2.291200e-02
0
0
1.559559e-01
1.387795e-01
1.926296e-02
0
0
3.184829e-01
1.106676e-01
0
3.953187e-01
0
2.690380e-01
0
8.451796e-01
0
2.566104e-01
0
7.121329e-01
5.103406e-02
1
1.210476e-01
7.074314e-01
1.298019e-01
0
2.195460e-01
4.001621e-01
9.259878e-02
0
0
9.823618e-02
0
0
2.909000e-01
2.215320e-01
0
1.719333e-01
0
0
0
0
0
0
0
2.171215e-02
0
3.033950e-01
0
0
0
0
0
0
0
0
0
0
0
0
0
0
0
4.542110e-02
2.797198e-01
7.055917e-02
7.856352e-02
2.315374e-01
0
5.437209e-01
1.227416e-01
3.060966e-01
0
7.606493e-02
0
0
2.395790e-01
1.963326e-01
0
1.344872e-01
0
0
0
0
0
8.238651e-02
0
0
3.865534e-02
2.505345e-01
1.811231e-01
3.361778e-01
0
1.678005e-01
1.751690e-01
2.415968e-01
7.091405e-02
1.170570e-01
2.819056e-02
0
1.285956e-01
0
0
3.030574e-01
0
8.116066e-02
0
0
2.291891e-01
0
1.008471e-01
0
0
0
3.360210e-01
0
5.147835e-01
2.253178e-01
3.371039e-01
0
0
0
3.402417e-01
7.920604e-02
6.056164e-02
3.472865e-01
6.144436e-01
2.373984e-01
3.984188e-01
1.665706e-01
3.575915e-01
0
4.044983e-01
2.576049e-01
4.549099e-01
0
7.612681e-01
1.210476e-01
1.000000e+00
5.878111e-01
0
1.317693e-01
4.438298e-01
2.308953e-01
1.885145e-01
3.273596e-01
3.782336e-01
3.480341e-01
2.392688e-01
2.094028e-02
1.760485e-01
3.696020e-01
1.551947e-01
1.380604e-01
4.657100e-01
4.699875e-01
0
0
2.189790e-01
6.312327e-02
0
0
8.188588e-02
0
1.420433e-01
1.810130e-01
0
0
0
0
0
0
0
0
0
0
0
0
0
0
0
0
0
0
0
5.363217e-02
0
0
2.950868e-01
3.072865e-01
0
0
0
0
2.776542e-01
4.644343e-01
0
0
0
0
3.997238e-02
0
1.865601e-01
3.571381e-01
0
1.798514e-01
3.090079e-01
1.366771e-01
4.435493e-01
1.654616e-01
0
0
0
0
9.829888e-02
1.163196e-01
3.626307e-01
3.998691e-01
0
0
0
0
0
0
4.038760e-01
4.545471e-01
1.903803e-01
4.038734e-02
0
0
0
9.494398e-02
2.596495e-02
0
0
0
1.004778e-01
4.549890e-02
8.580858e-02
0
1.847783e-01
2.325266e-01
1.499094e-01
4.951647e-01
2.244151e-01
2.401103e-01
1.627052e-01
4.883312e-01
1.140230e-01
3.265378e-01
1.128184e-01
4.267076e-01
4.738259e-01
7.074314e-01
5.878111e-01
1.000000e+00
0
1.086964e-02
3.589277e-01
3.741007e-01
5.044904e-01
1.409876e-01
1.897677e-01
3.104309e-01
1.870525e-01
0
3.844255e-01
2.880665e-01
0
2.179052e-01
1.483672e-01
3.233258e-01
0
0
0
0
0
0
1.885217e-01
1.575645e-01
1.257703e-01
0
0
0
0
0
0
0
0
0
0
0
0
0
0
0
0
0
0
0
0
3.279955e-01
0
0
0
3.377742e-01
0
0
0
0
2.379257e-01
4.727324e-01
0
0
0
0
1.904850e-01
1.658871e-01
0
7.421561e-04
0
3.552640e-01
2.913228e-01
4.177382e-01
1.786221e-01
3.843124e-01
0
2.051078e-01
0
1.764208e-01
2.525332e-01
0
3.161719e-01
7.719848e-02
0
0
0
0
0
0
3.587533e-01
2.393694e-02
1.271614e-01
0
0
0
0
0
2.324522e-01
0
0
0
0
0
6.585918e-02
0
3.513590e-01
2.425222e-01
0
0
0
2.514630e-01
0
4.307165e-02
0
1.379780e-01
0
3.066443e-01
2.926122e-03
1.298019e-01
0
0
1
6.194179e-01
3.619095e-01
3.947890e-01
0
1.724364e-01
0
0
7.203619e-02
0
2.472601e-01
3.468139e-01
4.710792e-01
4.072153e-01
0
0
0
0
0
0
0
0
0
0
9.538847e-03
0
0
0
0
0
1.615467e-02
0
0
5.763202e-03
4.419155e-02
8.556461e-03
1.103369e-01
9.708313e-02
0
0
7.769963e-01
4.178036e-01
1.692720e-01
0
0
0
1.774933e-01
0
0
0
0
0
6.196863e-01
5.610289e-01
2.382178e-01
1.367570e-01
1.722130e-01
2.164521e-01
1.571060e-01
0
0
0
6.143762e-01
4.067794e-01
7.990716e-01
1.948604e-01
1.427840e-01
1.999434e-01
0
0
5.920939e-02
0
0
0
1.662001e-01
0
0
0
0
2.671956e-01
0
4.090438e-01
1.845065e-01
2.054191e-01
2.829903e-01
0
8.903710e-02
0
2.668325e-02
0
4.000234e-01
1.176056e-01
0
1.169663e-01
4.595421e-01
7.286135e-01
1.824819e-01
1.707946e-01
3.656424e-01
0
1.381095e-01
4.620994e-01
2.746556e-02
0
0
2.568663e-01
0
0
0
3.349290e-01
0
2.884711e-01
1.822988e-01
0
1.317693e-01
1.086964e-02
6.194179e-01
1.000000e+00
5.362804e-01
1.317820e-01
1.795627e-01
5.841928e-01
0
0
1.048111e-01
0
1.341639e-01
3.778987e-01
3.996588e-01
4.132750e-01
0
0
0
0
0
0
0
0
0
0
1.307500e-02
3.896105e-02
0
0
0
0
0
0
0
0
7.871149e-02
5.096419e-02
1.966228e-01
2.258592e-01
0
0
4.157111e-01
4.936053e-01
0
0
0
0
0
0
0
2.051470e-01
0
0
2.250840e-01
3.265668e-01
2.651393e-01
4.238226e-01
2.780315e-03
2.148174e-01
1.142778e-01
0
0
1.678577e-01
6.893478e-01
4.894475e-01
4.875192e-01
2.180576e-01
4.601378e-02
1.775202e-01
0
0
0
0
0
2.494625e-01
3.963846e-01
2.103852e-01
1.768444e-01
6.411023e-02
0
0
0
2.545490e-01
0
8.377776e-02
4.117522e-01
1.747291e-01
3.980309e-02
0
1.710391e-01
0
0
1.937497e-02
0
0
1.789524e-01
4.659735e-01
8.558294e-02
4.992836e-01
2.541591e-01
0
6.389816e-01
7.989474e-01
1.050159e-01
0
0
9.160123e-02
0
9.015582e-02
0
5.981737e-02
3.386646e-01
3.706219e-01
5.600326e-01
2.195460e-01
4.438298e-01
3.589277e-01
3.619095e-01
5.362804e-01
1
7.405129e-01
2.775407e-01
4.733573e-01
1.161896e-01
1.318413e-01
0
0
1.647369e-01
4.922918e-01
3.973678e-01
4.284076e-01
0
0
0
0
0
0
0
0
0
0
1.161714e-01
8.991749e-02
0
0
0
0
0
0
0
0
0
0
8.135352e-02
0
0
0
3.977582e-01
5.012340e-01
2.208912e-02
0
0
0
1.088149e-01
2.856102e-02
0
1.333762e-01
0
0
4.087423e-01
3.324705e-01
2.570353e-01
4.667892e-01
2.938520e-01
5.112699e-01
1.599303e-01
2.399555e-01
0
0
3.069773e-01
2.307819e-01
2.840986e-01
2.053241e-01
2.217439e-01
1.354920e-01
1.445286e-01
2.420028e-02
0
0
0
2.096111e-02
2.499106e-01
0
6.224940e-02
0
0
6.101059e-02
0
2.761275e-01
1.715105e-01
0
5.290743e-01
0
5.233589e-01
0
0
1.342981e-01
5.344616e-02
0
0
0
1.294652e-01
2.842302e-01
7.790799e-02
1.300515e-01
2.775492e-01
2.945379e-01
7.587373e-01
4.633706e-01
0
0
0
0
0
2.703238e-01
0
0
2.207656e-01
2.699379e-01
4.370735e-01
4.001621e-01
2.308953e-01
3.741007e-01
3.947890e-01
1.317820e-01
7.405129e-01
1
1.185716e-01
7.240493e-02
6.899632e-02
2.569579e-01
0
0
2.539924e-01
2.654035e-01
3.358582e-01
2.613237e-01
0
0
0
0
0
0
0
2.023350e-01
0
7.653447e-02
1.935582e-01
1.743220e-02
0
0
0
0
0
0
0
0
0
0
0
0
0
0
5.247386e-01
2.958209e-01
4.082304e-02
0
0
0
1.929336e-01
2.224960e-01
0
0
0
0
7.088267e-01
5.789244e-01
3.147912e-01
4.282429e-01
5.021268e-01
5.980275e-01
3.175277e-01
3.986843e-01
6.631446e-02
0
2.624878e-01
5.173390e-02
2.773934e-01
5.652482e-02
3.124934e-01
1.306443e-01
0
0
5.356385e-02
0
0
0
2.121673e-01
0
2.876780e-02
0
2.633796e-02
1.087251e-01
0
1.851733e-01
3.085451e-01
4.947804e-02
4.766051e-01
0
6.604228e-01
3.195251e-01
0
1.825803e-01
3.883164e-01
0
0
1.724506e-01
2.038020e-01
2.874080e-01
1.062556e-01
0
3.006250e-01
1.888318e-01
0
1.403991e-01
2.374371e-01
1.622303e-01
3.420981e-01
2.443803e-01
3.958209e-01
9.837206e-02
2.425323e-02
1.929506e-01
1.324199e-01
1.176065e-01
2.751341e-01
9.259878e-02
1.885145e-01
5.044904e-01
0
1.795627e-01
2.775407e-01
1.185716e-01
1
7.007431e-01
2.491715e-01
2.144816e-01
3.709066e-01
2.700333e-02
4.902818e-01
3.113862e-01
0
1.764595e-01
1.470537e-01
1.850359e-01
0
2.047651e-02
6.145385e-02
1.227120e-01
0
0
2.320682e-01
0
2.760225e-01
0
0
0
0
0
0
0
0
0
0
0
0
0
0
0
0
0
0
0
0
0
0
0
7.370114e-02
2.695053e-01
2.564597e-02
0
0
0
4.742238e-01
5.535143e-01
1.850783e-01
0
2.022766e-01
0
7.346476e-02
1.030365e-01
0
0
0
3.036800e-01
0
1.877683e-01
2.252734e-01
3.861649e-01
0
3.188485e-02
0
0
4.181359e-01
2.011325e-01
2.507412e-01
7.300734e-02
0
0
0
0
0
0
1.124699e-01
1.224202e-02
7.776206e-02
0
0
0
0
0
0
0
0
0
0
6.449526e-02
0
0
0
3.664393e-01
5.244346e-01
0
4.640372e-01
3.141412e-01
4.601352e-01
0
7.762975e-02
2.872055e-01
2.934538e-01
0
3.563914e-01
0
3.273596e-01
1.409876e-01
1.724364e-01
5.841928e-01
4.733573e-01
7.240493e-02
7.007431e-01
1.000000e+00
4.790406e-01
2.888193e-01
5.575219e-01
7.500267e-02
4.679418e-01
3.930696e-01
9.241749e-02
5.770416e-02
2.061054e-01
0
1.127599e-01
0
1.630433e-01
5.625135e-02
0
0
0
0
3.702795e-01
2.474663e-01
0
0
0
0
0
0
0
0
0
0
0
7.424684e-02
0
0
0
0
0
0
0
0
0
0
3.521473e-01
3.965561e-01
1.241662e-02
0
0
7.070342e-02
5.779705e-01
6.718016e-01
2.694899e-01
2.014458e-01
2.776982e-01
2.134079e-02
0
0
3.058315e-01
3.131334e-01
0
3.759863e-01
0
0
3.524966e-01
2.995156e-01
0
0
0
0
4.756488e-01
4.411918e-01
4.218101e-01
3.263023e-01
0
0
0
0
0
3.855900e-02
2.351068e-01
3.192759e-01
9.776902e-02
0
0
0
0
0
0
0
0
1.375101e-01
0
3.580986e-01
0
0
0
7.431480e-03
8.260327e-01
1.388679e-02
7.374003e-01
4.443061e-01
6.871675e-01
0
4.243899e-01
4.013652e-01
6.158190e-01
0
2.311108e-01
0
3.782336e-01
1.897677e-01
0
0
1.161896e-01
6.899632e-02
2.491715e-01
4.790406e-01
1
8.684994e-01
8.633683e-01
3.582212e-01
6.597278e-01
1.310789e-01
0
0
6.671123e-01
1.487267e-01
0
0
5.498473e-01
3.244089e-01
2.615544e-01
0
0
0
3.182067e-01
1.264625e-01
0
0
0
0
0
0
0
0
4.647136e-04
1.473311e-01
8.323243e-02
1.969323e-01
0
0
0
0
0
0
0
2.000118e-01
0
0
8.306516e-01
6.906978e-01
1.901714e-01
0
0
1.830462e-01
6.719695e-01
4.264468e-01
4.031772e-01
1.581607e-01
1.955995e-01
3.708255e-01
1.012635e-01
0
2.174998e-01
2.521721e-01
0
2.919978e-01
0
0
7.144779e-01
5.634960e-01
0
0
0
1.945893e-01
5.135329e-01
4.980063e-01
6.264891e-01
5.928696e-01
0
0
0
0
0
0
2.968052e-01
4.306446e-01
1.261462e-01
0
0
0
0
0
0
0
0
0
3.109789e-01
2.045117e-01
0
0
0
0
6.553546e-01
1.531212e-01
7.476482e-01
5.265990e-01
6.160220e-01
0
4.510243e-01
3.902256e-01
5.887494e-01
0
3.083511e-01
9.823618e-02
3.480341e-01
3.104309e-01
0
0
1.318413e-01
2.569579e-01
2.144816e-01
2.888193e-01
8.684994e-01
1.000000e+00
7.867004e-01
4.856897e-01
7.220007e-01
2.730448e-01
0
0
6.028798e-01
2.650266e-01
0
0
4.118872e-01
2.824895e-01
2.128534e-01
0
0
0
1.457523e-01
1.277542e-01
0
0
0
0
0
0
0
0
0
3.051899e-02
0
0
0
0
0
0
0
0
0
3.615967e-01
0
0
7.181662e-01
6.983284e-01
2.452455e-01
0
0
3.443917e-01
5.440670e-01
3.839391e-01
2.680730e-01
8.929953e-02
2.475999e-02
3.210068e-01
8.354110e-04
0
9.737756e-02
3.280142e-01
0
3.435089e-01
0
0
6.371090e-01
5.461294e-01
0
0
0
0
4.188285e-01
4.323951e-01
7.235715e-01
5.481575e-01
6.326001e-03
0
0
0
0
3.465141e-03
2.491148e-01
4.044486e-01
2.531697e-01
6.455734e-02
0
0
0
0
0
0
0
0
2.161400e-01
0
0
0
0
0
6.643876e-01
0
8.480029e-01
6.488673e-01
6.034911e-01
0
5.102357e-01
6.034592e-01
4.976374e-01
0
1.936302e-01
0
2.392688e-01
1.870525e-01
7.203619e-02
1.048111e-01
0
0
3.709066e-01
5.575219e-01
8.633683e-01
7.867004e-01
1
5.554882e-01
8.109793e-01
3.583181e-01
0
0
5.903230e-01
1.154872e-01
0
0
5.828922e-01
4.107515e-01
1.798268e-01
0
0
0
2.181317e-01
0
0
0
0
0
0
0
0
0
2.903435e-02
1.465111e-01
0
1.968743e-01
0
0
0
0
0
0
0
2.221890e-01
0
0
7.245802e-01
6.892590e-01
1.314692e-01
0
0
1.880587e-01
6.091431e-01
3.743539e-01
2.097203e-01
0
6.125842e-02
8.603246e-02
0
0
1.881419e-01
3.792588e-01
0
3.384805e-01
0
0
5.267691e-01
5.451456e-01
0
0
0
1.147103e-01
4.980562e-01
5.473121e-01
6.629796e-01
6.440859e-01
0
0
0
0
0
8.686980e-03
1.432525e-01
4.347872e-01
0
0
0
0
0
0
0
0
0
0
2.414478e-01
1.586065e-01
0
0
0
0
3.211522e-01
5.667561e-02
6.600193e-01
6.019761e-01
3.401380e-01
0
7.045801e-01
4.919119e-01
0
0
1.317704e-02
0
2.094028e-02
0
0
0
0
0
2.700333e-02
7.500267e-02
3.582212e-01
4.856897e-01
5.554882e-01
1.000000e+00
4.714531e-01
2.864436e-01
0
0
5.626282e-01
4.083210e-01
3.462285e-01
2.264632e-01
5.160334e-01
5.867680e-01
1.535277e-01
0
0
0
0
4.983021e-02
4.225807e-01
3.649560e-01
5.438632e-01
4.393828e-01
3.342450e-01
3.953692e-01
2.559582e-01
3.771688e-01
0
0
0
0
0
0
0
0
0
0
0
4.831961e-01
0
0
4.420219e-01
2.931189e-01
2.378570e-01
1.452085e-01
0
0
4.062870e-02
0
0
0
0
0
0
0
0
2.794795e-01
0
8.985455e-02
0
0
1.746219e-01
3.492897e-01
0
0
0
0
0
2.583101e-01
4.221162e-01
3.711981e-01
0
0
8.517358e-02
0
0
2.885454e-01
0
2.680452e-01
0
2.695737e-02
0
0
0
0
0
0
0
0
0
0
0
0
0
0
3.421368e-01
0
7.087707e-01
7.304962e-01
4.094092e-01
1.725745e-01
3.449626e-01
5.991866e-01
2.286357e-01
0
2.520494e-01
2.909000e-01
1.760485e-01
3.844255e-01
2.472601e-01
1.341639e-01
1.647369e-01
2.539924e-01
4.902818e-01
4.679418e-01
6.597278e-01
7.220007e-01
8.109793e-01
4.714531e-01
1
4.770397e-01
0
0
2.562802e-01
0
0
0
2.206302e-01
1.347959e-01
0
0
0
0
1.198866e-01
4.382967e-02
0
0
0
0
0
0
0
0
0
0
0
0
0
0
1.536270e-01
0
0
0
0
3.835834e-01
0
0
4.083397e-01
6.171746e-01
0
0
4.991416e-03
4.190135e-01
6.172325e-01
5.901234e-01
2.635327e-01
2.395628e-02
1.176998e-01
8.318908e-02
0
0
2.339394e-01
2.907885e-01
0
3.907139e-01
0
0
2.311339e-01
4.175116e-01
0
0
0
0
5.760552e-01
3.945713e-01
6.648026e-01
4.573434e-01
0
0
0
8.641935e-02
0
5.789772e-02
3.177235e-01
2.481316e-01
1.796584e-01
0
0
0
0
0
0
0
0
0
1.621150e-01
1.699289e-01
0
0
0
2.094546e-01
1.463081e-01
1.399890e-01
3.511097e-01
6.951067e-01
2.409746e-02
2.602742e-01
1.801054e-01
5.666639e-01
2.857302e-01
2.536717e-01
4.843864e-01
2.215320e-01
3.696020e-01
2.880665e-01
3.468139e-01
3.778987e-01
4.922918e-01
2.654035e-01
3.113862e-01
3.930696e-01
1.310789e-01
2.730448e-01
3.583181e-01
2.864436e-01
4.770397e-01
1
0
1.625141e-01
0
4.763914e-02
0
2.535700e-01
0
0
0
0
0
0
0
0
0
0
0
0
0
0
0
1.497722e-02
0
0
0
0
0
0
8.530664e-02
0
0
0
0
3.250547e-01
0
0
7.676411e-02
3.682191e-01
0
0
0
1.640170e-01
1.758458e-01
2.257723e-01
0
0
0
0
0
0
1.544997e-01
5.205532e-01
9.796760e-02
1.841000e-01
0
0
1.115759e-01
2.248949e-01
0
0
0
0
4.694060e-02
8.222569e-02
3.001224e-01
2.412250e-01
0
1.464086e-01
0
2.516075e-01
0
2.466585e-02
1.241613e-01
2.293613e-01
8.531384e-02
0
0
0
0
0
0
0
1.112046e-02
7.684574e-02
0
0
0
0
4.858178e-01
4.300787e-01
0
0
0
0
0
0
0
0
0
2.530123e-01
2.545171e-01
0
1.551947e-01
0
4.710792e-01
3.996588e-01
3.973678e-01
3.358582e-01
0
9.241749e-02
0
0
0
0
0
0
1
8.266220e-01
0
0
2.227663e-01
1.547280e-01
0
0
0
1.470141e-01
3.727743e-01
1.066823e-01
2.254639e-01
5.223459e-02
4.123585e-02
8.420932e-02
0
3.895232e-02
4.299993e-02
0
9.243001e-02
0
0
0
0
0
2.317253e-02
0
3.242756e-01
5.319312e-01
1.986960e-01
1.466583e-02
4.984068e-01
0
5.855543e-01
4.340652e-01
0
0
0
0
4.753413e-01
0
0
9.171485e-02
9.826794e-02
2.129461e-01
1.313098e-01
0
5.692340e-02
2.344154e-01
2.507156e-01
0
7.385205e-01
0
7.261613e-01
5.835399e-01
0
0
4.387405e-01
3.238806e-01
0
0
0
0
0
0
0
3.359266e-01
0
8.950032e-02
4.346069e-01
1.074269e-01
7.382000e-02
0
1.130105e-01
2.210342e-01
0
2.359507e-01
9.145694e-02
2.135853e-01
0
2.393141e-01
1.889256e-01
7.361931e-01
0
7.670737e-03
2.655036e-01
3.800900e-01
4.294701e-01
4.349552e-01
0
0
0
0
0
1.844989e-01
0
0
0
6.477738e-01
1.620320e-01
1.719333e-01
1.380604e-01
2.179052e-01
4.072153e-01
4.132750e-01
4.284076e-01
2.613237e-01
1.764595e-01
5.770416e-02
0
0
0
0
0
1.625141e-01
8.266220e-01
1.000000e+00
0
1.230407e-02
0
1.372898e-01
0
0
0
7.101503e-02
3.854758e-01
1.616422e-01
2.119847e-02
0
0
0
0
0
0
0
0
0
0
0
1.075384e-01
0
9.635223e-02
0
2.035252e-01
5.353528e-01
2.302828e-01
2.260099e-01
3.799359e-01
0
6.176170e-01
5.029610e-01
0
0
0
0
2.636991e-01
0
0
0
0
1.791228e-02
0
0
0
3.313057e-01
6.251847e-02
0
5.612179e-01
0
7.448370e-01
8.379320e-01
0
0
5.647903e-01
4.643057e-01
1.600498e-02
4.335465e-02
0
0
0
0
0
3.862819e-01
0
0
1.521188e-01
0
0
0
0
6.303986e-03
0
7.787817e-02
0
1.228404e-01
0
2.815279e-01
2.437125e-01
4.263514e-01
0
0
2.266379e-01
4.079436e-01
0
0
7.603312e-01
1.393570e-01
6.138471e-01
2.009017e-01
6.116803e-01
0
6.465075e-01
2.161657e-01
4.822738e-01
0
2.411186e-01
0
4.657100e-01
1.483672e-01
0
0
0
0
1.470537e-01
2.061054e-01
6.671123e-01
6.028798e-01
5.903230e-01
5.626282e-01
2.562802e-01
0
0
0
1
7.087729e-01
1.900282e-01
0
7.101910e-01
5.780579e-01
3.129296e-01
0
3.325930e-01
0
2.651593e-01
0
0
0
2.220555e-01
0
0
0
0
0
0
0
0
3.610305e-02
0
0
0
0
0
0
0
2.020949e-01
0
0
6.575534e-01
3.081323e-01
3.705230e-01
1.017958e-01
0
0
2.600566e-01
6.983936e-02
0
0
0
0
3.254917e-01
0
0
2.531432e-01
0
0
4.864327e-05
0
6.640233e-01
3.724075e-01
0
0
5.926654e-02
7.812459e-03
6.193450e-02
3.174891e-01
3.730154e-01
3.999563e-01
0
0
2.419363e-01
0
0
0
0
3.476109e-01
0
3.647499e-03
0
0
0
0
0
0
0
0
0
0
0
0
0
0
3.803311e-01
3.336367e-01
3.323162e-01
0
3.955696e-01
0
5.046508e-01
0
2.723695e-01
0
4.276485e-01
0
4.699875e-01
3.233258e-01
0
0
0
0
1.850359e-01
0
1.487267e-01
2.650266e-01
1.154872e-01
4.083210e-01
0
4.763914e-02
0
1.230407e-02
7.087729e-01
1.000000e+00
3.764636e-01
3.496581e-01
3.608910e-01
4.104367e-01
9.977289e-02
0
4.795559e-01
1.974770e-01
3.055087e-02
0
1.759068e-01
1.964749e-01
4.457474e-01
3.127586e-01
0
4.007139e-02
8.259721e-02
1.304770e-02
0
0
0
0
0
0
0
0
0
0
0
2.383991e-01
0
1.679745e-02
1.940610e-01
0
3.343820e-01
3.386649e-01
0
0
0
0
0
0
0
0
3.710134e-01
0
0
0
0
0
3.334238e-01
2.148186e-01
3.131629e-01
1.785280e-01
1.476446e-01
9.279211e-02
0
0
0
0
0
7.032935e-02
0
0
1.576156e-01
0
0
0
0
1.549576e-01
0
2.335245e-01
0
0
0
5.926711e-03
0
0
0
0
0
0
0
0
0
0
0
0
1.821812e-01
0
1.628480e-01
0
3.313624e-01
0
0
0
1.842855e-01
0
0
0
0
0
0
0
0
1.127599e-01
0
0
0
3.462285e-01
0
0
2.227663e-01
0
1.900282e-01
3.764636e-01
1.000000e+00
7.648284e-01
2.612230e-01
4.343245e-01
5.420333e-02
1.716394e-01
2.620639e-01
4.617732e-02
1.432636e-01
3.424846e-01
7.714255e-01
6.661011e-01
7.862246e-01
7.433501e-01
6.313752e-01
6.972531e-01
7.095247e-01
5.674515e-01
0
0
0
0
5.110563e-02
0
0
0
0
0
1.266956e-01
0
0
1.376740e-01
1.766507e-02
0
4.304028e-01
4.564918e-01
0
0
0
0
0
0
0
0
8.334220e-02
0
0
0
5.051191e-02
0
3.880859e-02
0
0
0
0
0
0
0
0
1.295457e-01
0
9.869392e-02
3.046022e-02
0
4.536408e-01
0
1.559598e-01
5.468680e-01
0
1.924454e-01
0
2.886786e-01
0
0
0
8.757348e-02
0
0
0
2.674978e-01
0
0
0
0
0
0
0
1.901595e-01
0
0
0
1.112634e-01
1.779619e-01
0
0
0
2.036472e-01
0
0
0
0
0
0
0
2.047651e-02
0
0
0
0
2.264632e-01
0
2.535700e-01
1.547280e-01
1.372898e-01
0
3.496581e-01
7.648284e-01
1.000000e+00
7.113674e-02
3.596579e-01
0
0
0
1.747428e-02
0
2.216212e-01
7.065962e-01
5.441133e-01
6.619706e-01
6.792413e-01
5.303530e-01
5.652978e-01
7.175756e-01
5.752007e-01
0
0
0
0
4.825048e-03
1.416290e-02
0
0
0
5.782648e-02
2.790013e-01
2.182084e-02
2.109195e-02
1.914990e-01
0
0
1.067862e-01
3.932017e-01
0
0
0
0
0
0
0
0
0
0
0
0
0
0
0
0
0
0
3.174190e-02
0
0
0
0
0
0
0
0
2.207197e-01
1.665472e-01
8.088658e-02
8.017546e-03
2.972072e-01
0
0
0
2.774634e-02
4.686499e-02
0
0
1.508323e-01
3.715658e-02
0
0
2.435955e-02
0
0
0
1.521688e-01
0
0
6.665842e-01
1.395857e-01
6.613702e-01
3.109998e-01
5.441219e-01
0
6.739259e-01
3.065000e-01
4.274295e-01
0
0
0
2.189790e-01
0
0
0
0
0
6.145385e-02
1.630433e-01
5.498473e-01
4.118872e-01
5.828922e-01
5.160334e-01
2.206302e-01
0
0
0
7.101910e-01
3.608910e-01
2.612230e-01
7.113674e-02
1
8.915907e-01
4.186648e-01
0
0
0
2.704175e-02
1.615206e-01
2.142699e-01
6.316752e-02
3.347113e-01
1.191758e-01
1.975901e-03
1.992833e-01
0
0
0
5.804797e-02
0
2.733045e-01
0
0
0
0
0
0
0
9.355454e-02
0
0
7.985423e-01
3.743845e-01
5.301757e-01
2.886019e-01
0
0
3.421612e-01
0
0
0
0
0
8.522582e-02
0
1.277433e-02
2.640528e-01
0
1.180470e-02
0
0
5.237281e-01
2.840044e-01
0
0
0
1.355174e-02
1.241081e-01
4.315916e-01
3.941903e-01
6.508857e-01
5.491986e-02
0
2.844755e-01
0
0
0
0
5.418611e-01
0
0
0
0
0
3.470528e-01
0
0
0
0
1.844975e-01
3.796928e-02
0
0
0
0
4.614298e-01
2.846814e-01
5.798332e-01
2.691963e-01
4.891184e-01
0
6.547960e-01
2.599897e-01
2.348786e-01
0
0
0
6.312327e-02
0
0
0
0
0
1.227120e-01
5.625135e-02
3.244089e-01
2.824895e-01
4.107515e-01
5.867680e-01
1.347959e-01
0
0
0
5.780579e-01
4.104367e-01
4.343245e-01
3.596579e-01
8.915907e-01
1
2.905929e-01
0
1.643163e-02
0
0
2.494534e-01
4.708643e-01
3.043787e-01
5.682068e-01
3.841362e-01
2.329465e-01
4.791842e-01
1.359792e-01
1.033167e-01
0
0
0
1.215001e-01
0
1.017563e-01
0
0
0
0
0
2.001327e-01
0
0
6.118340e-01
2.120070e-01
5.203448e-01
4.838646e-01
0
0
9.874460e-02
0
0
0
0
0
4.402014e-02
0
0
5.352561e-02
0
0
0
0
3.152087e-01
2.535964e-01
0
0
0
0
0
3.288968e-01
3.027550e-01
4.794529e-01
8.600720e-02
0
4.114800e-01
0
0
0
0
3.554073e-01
0
0
0
0
0
3.123493e-01
0
0
0
0
9.975461e-04
0
0
0
0
0
1.779791e-01
0
2.739281e-01
0
3.024973e-01
0
3.256849e-01
4.130949e-02
3.369372e-01
0
0
0
0
0
0
0
0
0
0
0
2.615544e-01
2.128534e-01
1.798268e-01
1.535277e-01
0
0
0
0
3.129296e-01
9.977289e-02
5.420333e-02
0
4.186648e-01
2.905929e-01
1.000000e+00
3.403465e-01
2.018470e-01
0
4.903800e-01
2.193483e-03
2.861238e-02
1.121002e-01
2.286463e-01
6.480270e-02
3.901804e-03
1.998576e-03
0
0
0
0
0
4.197545e-02
1.366421e-01
0
0
0
0
0
0
0
0
0
4.638736e-01
0
5.479742e-01
2.409811e-01
0
9.826521e-02
3.860532e-01
0
3.162312e-01
1.371143e-01
2.200081e-01
2.402703e-01
3.620522e-01
0
1.073248e-01
0
0
0
4.353050e-02
0
2.872597e-01
0
6.311295e-02
0
9.499502e-02
0
7.670493e-02
5.321273e-01
1.825834e-01
4.814546e-01
2.020401e-01
0
2.658438e-01
0
0
4.361501e-02
0
5.111773e-01
0
4.200310e-01
0
3.223747e-01
1.061400e-02
1.304967e-01
0
0
0
4.454890e-02
3.032868e-01
0
0
0
2.807434e-01
2.400843e-02
0
0
0
0
0
7.894573e-02
0
0
0
1.093486e-02
0
2.171215e-02
0
0
0
0
0
2.023350e-01
0
0
0
0
0
0
0
0
1.470141e-01
7.101503e-02
0
0
1.716394e-01
0
0
0
3.403465e-01
1
1.682185e-01
3.120311e-01
2.885934e-01
8.219135e-02
7.012335e-02
1.748277e-01
6.099652e-02
1.706067e-01
1.327369e-01
1.014354e-01
2.956187e-01
2.245910e-01
1.483849e-01
0
0
0
2.516759e-01
9.405054e-02
1.676143e-01
1.388833e-01
2.041423e-01
1.151329e-01
5.824716e-03
0
2.154153e-01
5.280252e-01
0
0
2.838049e-01
3.389904e-01
3.652601e-01
2.872805e-01
0
0
1.554154e-01
3.959310e-01
2.520535e-01
2.724343e-01
1.313418e-01
2.689613e-01
0
0
0
0
2.232347e-01
1.229008e-01
0
0
1.286994e-01
4.039411e-02
5.348559e-02
0
0
7.875153e-02
0
0
1.117387e-01
0
1.903685e-01
0
3.378998e-01
2.226185e-01
0
9.214993e-02
2.808032e-01
5.242671e-01
0
6.744690e-02
0
0
1.117432e-01
2.126209e-01
0
2.031771e-01
1.236259e-01
0
0
4.546973e-03
0
0
0
0
0
0
1.153197e-01
0
7.309097e-02
0
0
0
1.188144e-01
0
8.188588e-02
1.885217e-01
0
0
0
0
2.320682e-01
0
0
0
0
0
0
0
3.727743e-01
3.854758e-01
3.325930e-01
4.795559e-01
2.620639e-01
0
0
1.643163e-02
2.018470e-01
1.682185e-01
1
4.371503e-01
5.643536e-01
0
1.417935e-01
2.405665e-01
2.089589e-01
1.671552e-01
0
1.029604e-01
6.807403e-02
0
0
0
0
0
3.880097e-01
2.014985e-01
0
0
0
0
9.416014e-02
0
1.776387e-01
2.756188e-01
0
0
9.234882e-02
6.646139e-02
6.237672e-03
0
0
0
0
0
1.769284e-01
0
6.907056e-01
4.861652e-01
0
0
1.080663e-01
0
7.404424e-01
6.054547e-01
0
0
4.300276e-01
5.521988e-01
4.229845e-02
0
0
2.238448e-02
0
0
0
0
4.003618e-01
0
1.562889e-01
0
0
0
0
2.196348e-01
0
0
0
0
0
0
0
1.332158e-01
0
0
0
0
2.709611e-01
1.082104e-01
0
4.139712e-02
0
0
0
9.758348e-02
0
0
0
1.976783e-01
0
3.033950e-01
0
1.575645e-01
0
0
0
7.653447e-02
0
0
0
0
0
0
0
0
1.066823e-01
1.616422e-01
0
1.974770e-01
4.617732e-02
1.747428e-02
0
0
0
3.120311e-01
4.371503e-01
1
2.145432e-01
2.675967e-04
5.117989e-02
1.712914e-01
5.688736e-02
1.267617e-01
5.876021e-02
2.070993e-01
2.864384e-01
1.535963e-01
4.213864e-03
1.858604e-02
2.213640e-02
0
4.953386e-01
3.788586e-01
0
1.080718e-01
3.113204e-01
3.007662e-01
1.028000e-01
0
3.315652e-01
4.737762e-01
0
0
0
9.525804e-02
1.804481e-01
0
0
0
0
0
0
0
5.164589e-02
0
0
0
1.177483e-01
1.166140e-01
4.235119e-01
2.910920e-01
0
0
1.505487e-01
3.017253e-01
2.270138e-01
0
0
0
0
0
3.352287e-01
4.142359e-01
3.002577e-01
0
2.825643e-01
0
0
0
9.952259e-03
1.097747e-01
0
1.624763e-02
2.157803e-01
0
3.703686e-01
3.642230e-01
2.547849e-01
8.197700e-03
0
0
2.376593e-02
2.968134e-01
4.722722e-02
5.140768e-02
1.621172e-01
0
1.951880e-01
0
3.954810e-01
0
1.114839e-01
0
1.904391e-01
0
1.445992e-01
0
1.420433e-01
1.257703e-01
9.538847e-03
1.307500e-02
1.161714e-01
1.935582e-01
2.760225e-01
3.702795e-01
3.182067e-01
1.457523e-01
2.181317e-01
0
1.198866e-01
0
2.254639e-01
2.119847e-02
2.651593e-01
3.055087e-02
1.432636e-01
0
2.704175e-02
0
4.903800e-01
2.885934e-01
5.643536e-01
2.145432e-01
1
1.343025e-01
0
0
0
0
0
0
0
0
0
0
0
0
8.751841e-02
0
0
0
0
0
0
0
0
0
1.238416e-01
0
2.155007e-01
0
2.111407e-01
1.892878e-02
4.574214e-01
3.057600e-01
5.258321e-01
3.698062e-01
5.735479e-01
3.557209e-01
4.487745e-01
2.016828e-01
0
0
6.108098e-02
0
3.269256e-01
7.643553e-02
9.574485e-02
0
0
1.106332e-01
0
0
3.210586e-01
4.471831e-01
1.569178e-01
2.102384e-01
3.046825e-02
0
2.414167e-01
0
3.732954e-01
1.609754e-02
1.204060e-01
1.390737e-01
1.739807e-01
2.307412e-01
0
0
0
0
0
0
0
2.734382e-01
1.578926e-01
0
0
0
0
8.864132e-02
2.290933e-01
0
2.433692e-01
0
2.900582e-01
0
1.483675e-01
0
3.280385e-02
0
1.972704e-01
0
1.810130e-01
0
0
3.896105e-02
8.991749e-02
1.743220e-02
0
2.474663e-01
1.264625e-01
1.277542e-01
0
4.983021e-02
4.382967e-02
0
5.223459e-02
0
0
0
3.424846e-01
2.216212e-01
1.615206e-01
2.494534e-01
2.193483e-03
8.219135e-02
0
2.675967e-04
1.343025e-01
1
1.888145e-01
1.171840e-01
1.667616e-01
1.331741e-01
1.798376e-01
3.597050e-01
8.215887e-02
2.032350e-02
0
0
0
0
0
0
0
0
0
0
0
0
0
0
2.588707e-01
6.415239e-02
2.797948e-01
1.879034e-01
0
2.103135e-01
1.680655e-01
3.807844e-01
5.580811e-02
1.935559e-01
6.241014e-02
1.780639e-01
0
0
1.955955e-01
9.106119e-02
0
2.894658e-01
0
0
1.464855e-02
0
0
0
0
0
1.147654e-01
2.623314e-01
3.208329e-01
3.221620e-01
3.030487e-01
0
2.661201e-01
3.682679e-01
2.754256e-01
4.835733e-01
1.569072e-01
3.047996e-01
3.860947e-01
2.003672e-01
3.528909e-01
2.737375e-01
4.690710e-02
3.397866e-01
0
0
1.087859e-02
1.626666e-01
1.704895e-01
2.720534e-01
1.884287e-01
7.892943e-02
0
0
0
0
1.917321e-02
0
0
1.079995e-01
3.090326e-01
0
0
0
0
0
0
0
0
0
0
0
0
0
0
0
0
4.225807e-01
0
0
4.123585e-02
0
0
1.759068e-01
7.714255e-01
7.065962e-01
2.142699e-01
4.708643e-01
2.861238e-02
7.012335e-02
1.417935e-01
5.117989e-02
0
1.888145e-01
1.000000e+00
9.287723e-01
8.939077e-01
9.443970e-01
8.798210e-01
9.237546e-01
8.114814e-01
7.075209e-01
0
0
0
0
3.094821e-01
4.178625e-01
0
0
0
1.477832e-02
2.711215e-01
4.653277e-02
4.644369e-02
2.516808e-01
0
0
3.355241e-01
5.379817e-01
0
0
0
0
0
0
0
0
8.331740e-02
7.027033e-02
0
0
3.436017e-02
0
0
0
0
0
1.496056e-01
1.420736e-01
0
0
0
0
0
0
6.171567e-03
1.739920e-01
4.762072e-01
0
1.346717e-01
4.647459e-01
0
0
0
1.397584e-01
0
0
1.995468e-04
1.427456e-01
1.008659e-01
0
0
5.956974e-02
0
0
0
0
0
0
0
0
0
0
0
7.502008e-02
1.763197e-01
0
0
0
0
0
0
0
0
0
0
0
0
0
0
0
0
3.649560e-01
0
0
8.420932e-02
0
0
1.964749e-01
6.661011e-01
5.441133e-01
6.316752e-02
3.043787e-01
1.121002e-01
1.748277e-01
2.405665e-01
1.712914e-01
0
1.171840e-01
9.287723e-01
1.000000e+00
8.856316e-01
9.523287e-01
8.482791e-01
8.767886e-01
7.947222e-01
7.263742e-01
0
0
0
0
4.094516e-01
4.355712e-01
0
0
0
3.511449e-02
3.033969e-01
0
2.079893e-01
4.420810e-01
0
0
4.000768e-01
6.142481e-01
0
0
0
0
0
0
0
0
2.031313e-01
1.611298e-01
0
0
1.375295e-02
0
4.170419e-02
1.841167e-02
0
0
2.646132e-01
2.863527e-01
0
0
0
0
0
0
0
1.449733e-01
4.697663e-01
0
2.175463e-01
4.287432e-01
0
0
0
2.231531e-01
0
0
6.027892e-02
6.314073e-02
7.963731e-02
0
0
0
0
0
0
1.167981e-02
0
0
0
0
1.277819e-01
0
1.021758e-01
0
4.063086e-01
0
0
0
0
0
0
0
0
0
0
0
0
0
0
0
0
5.438632e-01
0
0
0
0
2.220555e-01
4.457474e-01
7.862246e-01
6.619706e-01
3.347113e-01
5.682068e-01
2.286463e-01
6.099652e-02
2.089589e-01
5.688736e-02
0
1.667616e-01
8.939077e-01
8.856316e-01
1.000000e+00
9.348247e-01
6.949980e-01
7.865716e-01
6.937944e-01
6.133005e-01
0
0
0
0
2.211440e-01
1.668025e-01
0
0
0
0
1.341301e-01
8.710048e-02
1.768274e-02
2.660924e-01
6.477244e-02
0
5.371323e-01
6.819448e-01
0
0
0
0
0
0
0
0
1.703874e-01
0
0
0
0
0
0
0
0
0
1.297918e-01
1.363625e-01
0
0
0
1.982152e-02
0
1.573109e-02
0
6.087100e-02
4.908476e-01
0
0
3.944373e-01
0
1.201142e-01
0
2.914270e-01
0
0
0
1.522757e-01
0
0
0
0
0
0
0
0
0
0
0
0
0
0
0
1.623913e-01
2.235125e-01
0
0
0
0
0
0
0
0
0
0
0
0
0
0
0
0
4.393828e-01
0
0
3.895232e-02
0
0
3.127586e-01
7.433501e-01
6.792413e-01
1.191758e-01
3.841362e-01
6.480270e-02
1.706067e-01
1.671552e-01
1.267617e-01
0
1.331741e-01
9.443970e-01
9.523287e-01
9.348247e-01
1
8.022089e-01
8.600103e-01
8.175865e-01
7.584064e-01
0
0
0
0
2.508189e-01
2.921660e-01
0
0
0
0
2.105027e-01
9.330540e-02
1.461688e-01
4.241308e-01
0
0
4.164769e-01
6.716895e-01
0
0
0
0
0
0
0
0
1.218385e-01
7.920719e-02
0
0
0
0
3.875494e-03
4.163041e-03
0
0
2.276692e-01
1.886709e-01
0
0
0
0
0
0
0
1.776617e-01
4.085156e-01
0
7.685960e-02
4.209333e-01
0
0
0
2.925834e-01
0
0
6.317935e-02
1.597660e-01
5.019868e-02
0
0
0
0
0
0
2.758426e-02
0
0
0
0
0
0
0
8.631515e-02
1.332605e-01
0
0
0
0
0
0
0
1.615467e-02
0
0
0
0
0
0
0
0
3.342450e-01
0
0
4.299993e-02
0
0
0
6.313752e-01
5.303530e-01
1.975901e-03
2.329465e-01
3.901804e-03
1.327369e-01
0
5.876021e-02
0
1.798376e-01
8.798210e-01
8.482791e-01
6.949980e-01
8.022089e-01
1
8.826286e-01
8.716722e-01
8.134189e-01
0
0
0
0
4.002851e-01
4.896635e-01
4.530981e-02
0
6.042687e-03
6.489138e-02
3.002927e-01
5.791458e-03
7.954655e-02
2.242201e-01
0
0
1.824556e-01
3.285343e-01
1.359700e-01
0
0
0
0
0
1.067384e-01
1.983435e-02
0
0
0
0
1.890569e-01
0
0
0
0
0
5.004722e-02
0
0
0
0
0
0
0
4.711552e-02
2.206363e-01
3.802047e-01
2.424531e-01
4.213873e-01
6.415159e-01
0
0
0
5.947400e-02
0
0
1.944977e-01
0
6.530678e-02
0
0
2.405478e-01
0
0
0
0
0
0
0
0
3.117033e-02
0
0
5.653117e-02
2.304314e-01
0
0
0
0
0
0
0
0
0
0
0
0
0
0
0
0
3.953692e-01
0
0
0
0
0
4.007139e-02
6.972531e-01
5.652978e-01
1.992833e-01
4.791842e-01
1.998576e-03
1.014354e-01
1.029604e-01
2.070993e-01
0
3.597050e-01
9.237546e-01
8.767886e-01
7.865716e-01
8.600103e-01
8.826286e-01
1
7.993174e-01
7.219012e-01
0
0
0
0
3.527295e-01
5.324059e-01
0
0
0
7.146065e-02
2.093787e-01
0
0
1.840004e-01
0
0
3.538626e-01
5.598170e-01
0
0
0
0
0
0
0
0
3.724820e-03
0
0
0
2.048429e-02
0
0
0
0
0
0
8.097199e-02
0
0
0
0
0
0
1.726034e-01
1.528030e-01
6.023498e-01
8.547294e-02
2.715310e-01
5.120990e-01
0
0
0
1.358173e-01
6.038339e-02
0
9.161181e-02
1.418389e-01
9.734936e-02
0
0
6.947899e-02
0
0
0
0
0
0
0
0
0
0
0
1.272664e-01
0
0
0
0
0
0
0
0
0
0
0
0
0
0
0
0
0
2.559582e-01
0
0
9.243001e-02
0
0
8.259721e-02
7.095247e-01
7.175756e-01
0
1.359792e-01
0
2.956187e-01
6.807403e-02
2.864384e-01
0
8.215887e-02
8.114814e-01
7.947222e-01
6.937944e-01
8.175865e-01
8.716722e-01
7.993174e-01
1.000000e+00
9.047605e-01
4.952961e-02
0
0
0
4.330857e-01
4.175621e-01
0
0
3.506381e-02
1.999539e-01
2.892270e-01
0
2.180358e-01
4.521374e-01
0
0
1.336978e-01
4.476964e-01
1.122874e-01
0
0
0
0
0
0
0
0
0
0
0
1.097003e-01
0
0
0
0
0
9.788366e-02
0
0
0
0
0
0
0
6.150141e-03
2.577043e-01
3.352455e-01
1.579659e-01
3.448204e-01
5.418740e-01
0
0
0
1.093084e-01
0
0
8.133829e-02
0
9.844533e-02
0
0
1.516977e-01
0
0
0
2.969470e-02
0
0
0
0
0
0
0
2.022430e-01
0
0
0
0
0
0
0
0
5.763202e-03
0
0
0
0
0
0
0
0
3.771688e-01
0
1.497722e-02
0
0
0
1.304770e-02
5.674515e-01
5.752007e-01
0
1.033167e-01
0
2.245910e-01
0
1.535963e-01
0
2.032350e-02
7.075209e-01
7.263742e-01
6.133005e-01
7.584064e-01
8.134189e-01
7.219012e-01
9.047605e-01
1
5.782142e-02
1.736674e-02
0
0
3.014531e-01
3.566827e-01
0
0
0
1.073210e-01
1.100342e-01
8.317851e-02
1.048182e-01
3.626959e-01
0
0
1.163864e-01
4.081185e-01
1.678742e-01
2.249936e-02
0
0
0
0
9.082375e-02
0
0
4.561018e-02
0
0
5.966913e-02
0
0
0
0
0
1.675995e-02
0
0
0
0
0
0
0
0
9.390001e-02
1.823887e-01
2.285520e-01
2.527580e-01
5.476077e-01
0
0
0
5.603651e-02
0
0
1.447245e-01
0
0
0
0
4.205923e-02
0
0
0
0
1.226342e-01
1.360842e-01
0
4.539637e-02
0
0
0
0
0
0
2.430268e-02
1.610641e-01
0
0
0
0
4.419155e-02
7.871149e-02
0
0
0
0
4.647136e-04
0
2.903435e-02
0
0
0
0
0
0
0
0
0
0
0
0
1.483849e-01
0
4.213864e-03
0
0
0
0
0
0
0
0
4.952961e-02
5.782142e-02
1
8.907177e-01
8.259739e-01
7.586658e-01
5.241861e-01
5.062478e-01
2.841845e-01
3.505516e-01
6.524101e-01
5.792881e-01
1.681514e-01
0
1.942909e-01
0
0
9.032156e-02
0
0
0
1.061086e-01
0
0
2.347660e-02
2.259030e-01
2.073042e-01
2.922040e-01
0
1.097887e-01
0
0
0
3.386086e-02
0
0
3.270422e-02
1.770755e-01
2.632281e-02
0
6.687239e-01
6.734559e-01
6.970148e-02
0
0
0
8.559516e-02
0
3.324361e-02
1.132865e-01
6.412345e-02
0
7.045362e-02
0
0
0
4.027782e-01
0
3.370846e-02
0
1.161595e-01
1.970130e-01
1.545136e-01
0
2.772285e-01
2.182713e-01
4.749539e-03
2.713062e-03
8.001558e-03
1.907122e-01
1.893065e-02
9.597575e-02
0
1.172760e-02
0
0
0
0
1.707500e-01
1.076068e-01
0
0
0
0
8.556461e-03
5.096419e-02
0
0
0
0
1.473311e-01
3.051899e-02
1.465111e-01
0
0
0
0
0
0
0
0
0
5.804797e-02
0
0
0
0
1.858604e-02
0
0
0
0
0
0
0
0
0
1.736674e-02
8.907177e-01
1
8.428249e-01
8.384888e-01
2.910747e-01
3.920014e-01
1.862785e-01
2.670554e-01
5.421413e-01
5.649613e-01
6.362255e-02
0
6.580330e-02
0
5.866711e-02
1.855002e-01
0
0
0
8.571783e-02
0
0
0
1.209485e-01
1.002469e-01
1.663396e-01
0
3.828823e-02
0
1.103751e-01
0
1.785270e-01
0
0
2.034486e-01
3.251609e-01
0
0
5.803580e-01
6.836344e-01
1.312174e-01
0
0
0
9.418757e-02
0
0
1.892331e-01
0
0
1.676812e-01
0
3.561269e-03
0
4.719444e-01
3.099158e-02
6.045550e-02
0
0
1.635203e-01
1.954407e-01
0
2.036402e-01
2.007185e-01
1.526875e-02
8.631953e-02
2.297680e-01
3.760254e-01
5.185580e-02
7.700120e-02
0
0
0
0
0
0
1.443241e-01
2.966472e-01
0
0
0
0
1.103369e-01
1.966228e-01
8.135352e-02
0
0
0
8.323243e-02
0
0
0
0
0
0
1.075384e-01
0
0
0
0
0
0
0
0
0
2.213640e-02
0
0
0
0
0
0
0
0
0
0
8.259739e-01
8.428249e-01
1
8.440044e-01
3.359934e-01
3.626767e-01
2.810596e-01
4.681154e-01
6.694424e-01
6.001239e-01
2.528116e-01
0
2.645400e-01
0
0
1.038986e-01
0
0
0
0
0
0
0
8.471839e-02
7.856806e-02
1.213788e-01
0
1.632604e-01
4.358113e-02
4.924866e-02
5.621072e-02
1.043337e-01
0
4.078450e-02
2.313073e-01
2.439502e-01
1.326530e-01
1.347037e-03
7.658368e-01
8.814178e-01
1.269253e-01
0
0
0
6.563287e-02
1.991826e-02
0
1.039185e-01
0
0
3.058508e-01
0
0
0
4.322487e-01
1.678583e-01
2.547467e-02
0
4.467228e-02
2.886146e-01
2.998020e-01
0
2.511087e-01
3.636019e-01
2.390829e-01
2.022840e-01
0
1.466132e-01
1.606401e-01
0
0
0
0
0
0
7.405344e-03
3.368709e-01
0
0
0
0
0
9.708313e-02
2.258592e-01
0
0
0
7.424684e-02
1.969323e-01
0
1.968743e-01
0
0
0
0
0
3.610305e-02
0
0
0
2.733045e-01
1.215001e-01
4.197545e-02
0
0
0
0
0
0
0
0
0
0
0
0
0
7.586658e-01
8.384888e-01
8.440044e-01
1.000000e+00
2.802032e-01
3.435014e-01
1.615172e-01
2.729542e-01
4.625937e-01
4.368317e-01
1.718179e-01
0
1.778742e-02
0
1.971102e-01
9.630100e-02
0
0
0
0
0
0
0
2.217873e-02
7.925031e-02
3.859480e-02
0
6.547610e-02
3.656682e-02
1.615812e-01
3.001441e-02
0
0
0
2.571758e-01
1.178783e-01
0
0
5.365828e-01
7.120236e-01
2.442305e-01
0
0
0
1.994408e-01
0
2.203631e-02
2.861537e-02
0
0
2.341347e-01
0
0
0
4.116171e-01
1.176621e-01
0
0
0
0
1.071974e-01
1.003388e-01
4.429860e-01
2.917415e-01
0
2.746465e-02
0
0
0
0
0
0
0
0
0
0
0
1.152293e-01
0
0
0
0
0
0
0
0
0
0
0
0
0
0
0
0
2.317253e-02
9.635223e-02
0
0
5.110563e-02
4.825048e-03
0
0
1.366421e-01
2.516759e-01
3.880097e-01
4.953386e-01
8.751841e-02
0
3.094821e-01
4.094516e-01
2.211440e-01
2.508189e-01
4.002851e-01
3.527295e-01
4.330857e-01
3.014531e-01
5.241861e-01
2.910747e-01
3.359934e-01
2.802032e-01
1
8.121281e-01
0
2.292901e-01
5.778984e-01
5.025552e-01
4.410690e-01
0
4.563787e-01
4.029249e-01
0
0
0
1.664246e-01
7.359621e-02
0
0
0
0
0
1.872648e-01
0
1.593394e-01
1.352946e-01
0
0
1.461419e-01
0
1.874324e-01
1.504328e-01
0
0
4.323603e-01
2.851366e-01
4.921860e-01
1.828557e-01
0
0
0
0
2.607280e-01
2.411958e-01
5.394938e-01
0
3.310597e-01
6.402589e-02
0
0
0
0
8.392796e-02
0
1.067094e-01
0
3.547258e-01
2.969832e-01
1.080172e-01
4.868627e-02
0
0
0
6.513744e-02
0
0
0
5.003460e-02
0
0
0
9.193311e-02
0
0
0
1.322563e-01
0
4.542110e-02
0
0
0
0
0
0
0
0
0
0
0
0
0
0
0
0
0
0
0
1.416290e-02
0
1.017563e-01
0
9.405054e-02
2.014985e-01
3.788586e-01
0
0
4.178625e-01
4.355712e-01
1.668025e-01
2.921660e-01
4.896635e-01
5.324059e-01
4.175621e-01
3.566827e-01
5.062478e-01
3.920014e-01
3.626767e-01
3.435014e-01
8.121281e-01
1
9.649850e-02
1.557551e-01
5.550735e-01
6.106496e-01
3.543465e-01
4.194683e-02
2.445402e-01
2.000495e-01
0
0
0
1.542790e-01
0
0
0
0
0
0
3.904426e-02
0
7.322579e-02
2.378825e-01
0
0
1.071700e-01
0
0
3.195506e-02
0
0
2.747591e-01
2.965664e-01
4.429427e-01
2.942272e-01
0
0
0
0
2.054142e-01
2.159957e-01
4.794694e-01
1.529429e-02
2.413393e-01
3.855156e-02
0
0
0
0
2.540809e-01
0
1.809195e-01
0
3.954506e-01
2.947958e-01
2.112218e-01
0
0
7.002980e-02
4.842026e-03
0
6.626363e-01
4.287595e-01
0
0
0
4.227764e-03
0
1.666491e-01
0
0
0
3.531643e-01
0
2.797198e-01
0
0
7.769963e-01
4.157111e-01
3.977582e-01
5.247386e-01
0
0
0
0
0
0
1.536270e-01
8.530664e-02
3.242756e-01
2.035252e-01
0
0
0
0
0
0
0
1.676143e-01
0
0
0
0
0
0
0
0
4.530981e-02
0
0
0
2.841845e-01
1.862785e-01
2.810596e-01
1.615172e-01
0
9.649850e-02
1
6.483946e-01
5.197960e-01
2.118192e-01
1.815381e-01
0
3.258472e-01
1.019098e-01
0
0
0
0
7.670300e-01
7.006656e-01
8.016676e-02
8.543909e-02
3.660134e-01
5.612739e-01
3.467526e-01
3.977761e-01
0
3.488716e-02
4.618142e-01
1.016592e-01
6.456401e-01
1.094906e-01
4.777507e-02
0
0
0
1.080096e-01
0
2.875228e-02
1.397175e-01
2.032627e-01
0
0
0
1.115528e-01
2.797618e-01
0
5.845055e-01
4.641890e-01
2.352875e-01
4.492120e-01
0
3.631376e-01
0
1.854544e-01
1.229385e-01
5.823737e-01
0
1.372384e-04
2.813898e-01
4.788675e-01
5.962390e-01
3.990038e-01
2.334386e-01
5.226569e-01
9.862322e-02
6.970628e-01
7.149117e-01
0
0
0
0
0
1.064215e-01
0
0
0
5.603924e-01
0
7.055917e-02
0
0
4.178036e-01
4.936053e-01
5.012340e-01
2.958209e-01
0
0
0
0
0
0
0
0
5.319312e-01
5.353528e-01
0
0
0
0
0
0
0
1.388833e-01
0
1.080718e-01
0
0
0
0
0
0
0
0
0
0
3.505516e-01
2.670554e-01
4.681154e-01
2.729542e-01
2.292901e-01
1.557551e-01
6.483946e-01
1
7.033743e-01
5.203032e-01
6.451920e-01
0
6.181231e-01
3.563065e-01
0
0
0
0
5.385225e-01
1.838621e-01
0
0
9.318124e-02
4.312443e-01
3.373663e-01
1.761987e-01
0
2.109073e-01
1.599040e-01
0
5.902627e-01
0
2.778871e-01
2.389659e-01
0
0
3.218382e-01
1.480326e-01
1.507423e-01
3.041707e-01
4.799538e-02
0
0
0
6.390895e-02
3.567687e-01
0
4.634415e-01
5.720996e-01
8.535172e-02
3.338058e-01
0
2.429516e-01
0
4.152105e-01
2.395018e-01
3.112602e-01
0
7.363087e-02
3.989065e-01
4.086965e-01
4.718937e-01
8.807526e-02
3.411985e-01
4.475310e-01
4.955666e-01
5.640522e-01
3.158752e-01
0
0
0
0
0
0
0
0
0
3.982212e-01
0
7.856352e-02
0
0
1.692720e-01
0
2.208912e-02
4.082304e-02
0
0
0
0
0
0
0
0
1.986960e-01
2.302828e-01
0
0
0
0
0
0
0
2.041423e-01
0
3.113204e-01
0
0
0
0
0
0
6.042687e-03
0
3.506381e-02
0
6.524101e-01
5.421413e-01
6.694424e-01
4.625937e-01
5.778984e-01
5.550735e-01
5.197960e-01
7.033743e-01
1
8.084787e-01
6.211761e-01
0
6.593868e-01
3.954484e-01
0
0
0
0
4.112624e-01
1.303417e-01
0
0
1.108630e-01
3.483280e-01
3.538632e-01
3.114177e-01
0
1.749468e-01
0
0
3.280434e-01
0
1.211156e-01
1.390618e-01
0
0
3.556469e-01
2.247952e-01
5.554356e-01
4.642858e-01
0
0
0
0
3.404726e-01
3.434317e-01
1.281158e-01
2.740609e-01
5.413983e-01
0
2.031084e-01
0
1.803279e-01
0
5.074029e-01
3.806190e-01
4.298008e-01
0
1.992537e-01
6.333167e-01
5.181092e-01
2.361012e-01
2.458526e-01
1.507194e-01
4.099993e-01
4.349139e-01
3.025996e-01
1.806044e-01
0
2.920846e-01
0
0
0
2.677956e-01
0
0
0
5.610197e-01
0
2.315374e-01
0
0
0
0
0
0
0
0
0
0
0
0
0
0
1.466583e-02
2.260099e-01
0
0
0
5.782648e-02
0
0
0
1.151329e-01
0
3.007662e-01
0
0
1.477832e-02
3.511449e-02
0
0
6.489138e-02
7.146065e-02
1.999539e-01
1.073210e-01
5.792881e-01
5.649613e-01
6.001239e-01
4.368317e-01
5.025552e-01
6.106496e-01
2.118192e-01
5.203032e-01
8.084787e-01
1.000000e+00
6.198963e-01
4.239370e-02
5.895856e-01
4.336127e-01
0
0
0
1.429775e-01
7.090153e-02
0
0
0
0
0
0
0
0
2.499901e-01
0
0
6.705554e-02
0
4.234861e-02
2.130520e-01
0
0
4.492392e-01
3.089803e-01
5.039668e-01
4.706826e-01
0
0
0
0
2.172883e-01
4.533028e-01
6.024289e-02
2.105642e-01
2.805788e-01
0
3.400901e-02
0
3.987120e-02
0
5.125082e-01
1.602979e-01
3.311189e-01
0
3.233806e-01
5.619940e-01
4.050733e-01
0
7.597254e-02
5.397171e-03
3.000279e-01
5.138848e-01
3.534796e-01
2.157483e-01
0
0
0
0
0
0
0
0
0
2.231303e-01
0
0
0
0
0
0
0
0
0
0
0
0
0
0
0
0
4.984068e-01
3.799359e-01
0
0
1.266956e-01
2.790013e-01
0
0
0
5.824716e-03
9.416014e-02
1.028000e-01
0
0
2.711215e-01
3.033969e-01
1.341301e-01
2.105027e-01
3.002927e-01
2.093787e-01
2.892270e-01
1.100342e-01
1.681514e-01
6.362255e-02
2.528116e-01
1.718179e-01
4.410690e-01
3.543465e-01
1.815381e-01
6.451920e-01
6.211761e-01
6.198963e-01
1
0
7.227197e-01
4.366610e-01
0
0
0
7.589817e-02
2.247509e-01
0
0
0
0
9.346452e-02
1.311510e-01
8.271359e-03
1.031273e-01
1.803611e-01
0
0
3.954075e-01
0
2.759342e-01
1.941555e-01
0
0
5.896197e-01
3.481661e-01
1.351287e-01
3.609305e-02
0
0
0
0
2.437158e-01
4.986267e-01
2.567725e-01
2.602178e-01
5.743452e-01
1.411830e-01
0
0
2.684119e-02
0
4.419248e-01
3.673346e-01
2.792935e-01
1.228870e-01
1.310889e-01
4.317109e-01
2.087571e-01
3.456473e-01
8.530503e-03
1.645646e-01
2.920063e-01
6.264960e-01
0
0
4.474712e-02
5.465336e-01
2.443440e-01
5.663691e-01
0
5.597858e-01
3.122652e-01
5.049628e-01
0
2.281349e-01
0
5.437209e-01
5.363217e-02
3.279955e-01
0
0
0
0
0
0
2.000118e-01
3.615967e-01
2.221890e-01
4.831961e-01
3.835834e-01
3.250547e-01
0
0
2.020949e-01
2.383991e-01
0
2.182084e-02
9.355454e-02
2.001327e-01
0
0
0
0
0
0
4.653277e-02
0
8.710048e-02
9.330540e-02
5.791458e-03
0
0
8.317851e-02
0
0
0
0
0
4.194683e-02
0
0
0
4.239370e-02
0
1
0
0
1.145764e-01
3.390599e-01
0
0
0
0
0
0
0
0
0
0
0
0
0
0
0
0
0
0
3.498999e-02
4.151387e-01
8.165876e-02
0
0
1.033157e-01
0
0
1.978666e-01
1.593479e-02
0
1.880445e-01
0
6.588829e-02
0
0
0
0
0
0
0
0
1.787691e-01
0
3.459838e-01
0
0
0
0
0
0
0
5.243745e-01
1.988328e-01
0
0
0
0
0
1.420022e-01
0
0
0
5.120907e-01
0
1.227416e-01
0
0
1.774933e-01
0
1.088149e-01
1.929336e-01
0
0
0
0
0
0
0
0
5.855543e-01
6.176170e-01
0
0
0
2.109195e-02
0
0
0
2.154153e-01
1.776387e-01
3.315652e-01
0
0
4.644369e-02
2.079893e-01
1.768274e-02
1.461688e-01
7.954655e-02
0
2.180358e-01
1.048182e-01
1.942909e-01
6.580330e-02
2.645400e-01
1.778742e-02
4.563787e-01
2.445402e-01
3.258472e-01
6.181231e-01
6.593868e-01
5.895856e-01
7.227197e-01
0
1.000000e+00
8.154113e-01
0
0
0
4.131929e-02
5.047255e-01
0
0
0
0
2.091155e-01
5.064519e-02
8.218133e-02
3.712404e-02
2.596301e-01
0
0
5.444071e-01
0
5.684667e-01
5.324635e-01
0
0
7.463145e-01
4.872757e-01
3.201119e-01
5.027897e-02
0
0
0
0
1.391173e-01
5.876272e-01
0
1.638289e-01
3.535476e-01
0
0
0
2.049598e-02
2.930815e-02
2.080217e-01
4.479606e-01
4.962315e-01
3.469575e-02
1.203987e-01
6.644035e-01
4.622721e-01
2.993047e-01
0
0
3.900175e-01
7.598525e-01
3.858888e-01
5.708213e-02
0
0
0
0
0
3.995145e-01
0
0
0
4.696891e-01
0
3.060966e-01
0
0
0
0
2.856102e-02
2.224960e-01
0
0
0
0
0
0
0
0
4.340652e-01
5.029610e-01
0
1.679745e-02
1.376740e-01
1.914990e-01
0
0
0
5.280252e-01
2.756188e-01
4.737762e-01
0
0
2.516808e-01
4.420810e-01
2.660924e-01
4.241308e-01
2.242201e-01
1.840004e-01
4.521374e-01
3.626959e-01
0
0
0
0
4.029249e-01
2.000495e-01
1.019098e-01
3.563065e-01
3.954484e-01
4.336127e-01
4.366610e-01
0
8.154113e-01
1
0
0
0
3.210445e-01
4.363166e-01
0
0
0
0
1.857069e-01
1.293943e-02
8.451879e-02
1.129545e-01
3.344655e-01
0
0
2.682941e-01
0
5.591166e-01
5.361905e-01
0
0
6.100409e-01
5.323465e-01
1.079072e-01
0
0
0
0
0
0
4.104180e-01
4.246039e-02
0
2.991212e-01
1.196422e-02
0
0
2.599705e-02
2.736914e-01
0
1.888698e-01
3.255210e-01
0
2.320368e-01
5.142985e-01
2.292664e-01
7.773357e-02
0
0
1.271595e-01
5.737361e-01
0
0
8.591222e-01
6.013756e-02
7.802277e-01
3.976054e-01
7.459286e-01
0
5.974288e-01
4.058461e-01
5.981767e-01
0
1.822114e-01
0
2.950868e-01
0
0
0
0
0
7.370114e-02
3.521473e-01
8.306516e-01
7.181662e-01
7.245802e-01
4.420219e-01
4.083397e-01
7.676411e-02
0
0
6.575534e-01
1.940610e-01
1.766507e-02
0
7.985423e-01
6.118340e-01
4.638736e-01
0
0
0
1.238416e-01
2.588707e-01
0
0
6.477244e-02
0
0
0
0
0
0
5.866711e-02
0
1.971102e-01
0
0
0
0
0
0
0
1.145764e-01
0
0
1
6.802984e-01
5.143883e-01
8.302175e-02
0
4.629401e-02
5.941263e-01
2.444699e-01
1.818661e-01
0
2.232328e-02
2.011880e-01
3.509296e-02
0
2.414712e-01
2.952229e-01
0
1.092223e-01
0
0
7.464251e-01
4.428208e-01
0
0
0
5.902244e-02
3.528480e-01
6.640316e-01
6.383812e-01
7.638387e-01
0
0
8.061916e-02
0
0
6.218613e-02
4.753754e-02
7.120923e-01
0
0
0
3.992931e-02
0
7.580168e-02
0
0
0
0
3.071974e-01
1.941914e-01
0
0
0
0
6.609161e-01
3.835055e-01
6.549802e-01
6.830272e-01
4.904663e-01
0
2.903008e-01
5.912012e-01
3.132541e-01
0
1.841238e-01
7.606493e-02
3.072865e-01
3.377742e-01
0
2.051470e-01
1.333762e-01
0
2.695053e-01
3.965561e-01
6.906978e-01
6.983284e-01
6.892590e-01
2.931189e-01
6.171746e-01
3.682191e-01
0
0
3.081323e-01
0
0
0
3.743845e-01
2.120070e-01
0
0
0
0
0
6.415239e-02
0
0
0
0
0
0
0
0
9.032156e-02
1.855002e-01
1.038986e-01
9.630100e-02
0
0
0
0
0
0
0
3.390599e-01
0
0
6.802984e-01
1
9.899076e-02
0
0
2.557233e-01
5.059217e-01
4.578032e-01
1.049358e-01
0
0
7.517084e-02
0
0
3.700660e-01
3.966530e-01
0
5.207977e-01
0
0
6.418854e-01
7.512313e-01
0
0
9.014306e-02
3.619936e-01
4.593853e-01
3.860530e-01
7.294391e-01
5.494056e-01
0
0
0
7.106867e-02
0
0
2.783883e-01
4.917341e-01
0
0
7.079683e-02
0
0
0
0
0
0
0
1.735538e-01
4.298469e-01
2.904060e-02
0
0
0
2.962455e-01
1.641299e-02
4.041722e-01
0
5.449000e-01
0
3.491435e-01
0
1.399156e-01
0
0
0
0
0
0
0
0
0
2.564597e-02
1.241662e-02
1.901714e-01
2.452455e-01
1.314692e-01
2.378570e-01
0
0
0
0
3.705230e-01
3.343820e-01
4.304028e-01
1.067862e-01
5.301757e-01
5.203448e-01
5.479742e-01
2.838049e-01
9.234882e-02
0
2.155007e-01
2.797948e-01
3.355241e-01
4.000768e-01
5.371323e-01
4.164769e-01
1.824556e-01
3.538626e-01
1.336978e-01
1.163864e-01
0
0
0
0
0
0
0
0
0
0
0
0
0
0
5.143883e-01
9.899076e-02
1
7.744538e-01
0
0
2.397041e-01
5.733508e-02
1.556626e-01
0
1.303718e-01
1.476760e-01
2.672928e-01
0
0
0
0
0
0
0
2.614811e-01
1.174830e-02
0
0
0
0
0
4.553497e-01
2.487536e-01
4.666890e-01
7.009926e-02
0
5.302146e-01
0
0
2.156155e-01
0
5.536980e-01
0
6.090071e-01
0
1.165145e-01
0
2.929254e-01
0
0
0
0
3.363317e-02
0
0
0
0
0
0
2.615391e-01
7.601011e-03
0
7.663506e-02
0
3.172333e-02
0
0
0
0
0
0
0
0
0
0
0
0
0
0
0
0
1.452085e-01
0
0
0
0
1.017958e-01
3.386649e-01
4.564918e-01
3.932017e-01
2.886019e-01
4.838646e-01
2.409811e-01
3.389904e-01
6.646139e-02
9.525804e-02
0
1.879034e-01
5.379817e-01
6.142481e-01
6.819448e-01
6.716895e-01
3.285343e-01
5.598170e-01
4.476964e-01
4.081185e-01
0
0
0
0
1.664246e-01
1.542790e-01
0
0
0
1.429775e-01
7.589817e-02
0
4.131929e-02
3.210445e-01
8.302175e-02
0
7.744538e-01
1.000000e+00
0
0
0
0
0
0
0
0
1.244131e-01
6.712198e-02
0
0
0
0
0
0
0
1.021418e-03
4.925314e-02
1.821437e-01
9.073872e-03
0
0
0
0
0
5.436602e-02
0
4.812007e-01
0
0
6.861459e-02
0
9.104579e-02
0
4.077492e-01
4.215945e-02
1.031434e-01
0
3.346680e-01
0
1.309216e-01
0
0
0
0
0
8.807239e-02
6.719021e-01
2.778742e-01
0
0
0
0
0
1.978245e-01
0
0
0
2.666236e-01
0
2.395790e-01
0
0
6.196863e-01
2.250840e-01
4.087423e-01
7.088267e-01
0
0
0
0
0
0
4.991416e-03
0
4.753413e-01
2.636991e-01
0
0
0
0
0
0
0
3.652601e-01
6.237672e-03
1.804481e-01
2.111407e-01
0
0
0
0
0
1.359700e-01
0
1.122874e-01
1.678742e-01
0
0
0
0
7.359621e-02
0
7.670300e-01
5.385225e-01
4.112624e-01
7.090153e-02
2.247509e-01
0
5.047255e-01
4.363166e-01
0
0
0
0
1
6.775486e-01
1.159327e-02
7.313976e-02
3.197720e-01
5.823458e-01
4.343443e-01
4.053515e-01
4.725467e-02
4.516883e-02
2.677370e-01
3.688775e-02
6.935302e-01
0
3.040692e-01
1.206168e-01
0
0
2.253872e-01
0
0
0
1.499214e-01
0
0
0
2.794135e-01
2.868215e-01
0
2.931519e-01
5.978630e-01
3.970456e-01
3.477105e-01
0
5.531832e-01
2.833573e-01
0
2.122229e-01
6.502495e-01
0
0
3.275630e-01
3.956899e-01
6.573021e-01
1.472614e-01
0
3.175082e-01
2.437080e-01
3.732623e-01
9.799943e-02
0
0
2.239538e-02
2.454827e-01
0
1.465312e-01
0
4.961415e-02
8.901945e-02
7.663344e-03
0
1.963326e-01
0
0
5.610289e-01
3.265668e-01
3.324705e-01
5.789244e-01
0
7.070342e-02
1.830462e-01
3.443917e-01
1.880587e-01
0
4.190135e-01
1.640170e-01
0
0
0
0
0
0
0
0
9.826521e-02
2.872805e-01
0
0
1.892878e-02
2.103135e-01
0
0
0
0
0
0
0
2.249936e-02
1.061086e-01
8.571783e-02
0
0
0
0
7.006656e-01
1.838621e-01
1.303417e-01
0
0
0
0
0
4.629401e-02
2.557233e-01
0
0
6.775486e-01
1
3.671063e-01
3.412640e-01
3.519480e-01
5.634913e-01
3.322809e-01
4.757697e-01
0
0
5.683992e-01
3.806874e-01
2.787178e-01
3.208870e-01
0
0
0
0
0
0
0
0
4.756782e-01
2.044699e-01
3.856385e-01
1.648131e-01
2.140258e-01
0
0
4.435252e-01
1.877183e-01
3.931461e-01
4.999492e-01
1.316074e-01
5.565382e-01
2.363946e-01
1.472315e-01
1.972732e-01
5.263107e-01
0
0
1.721675e-01
4.012654e-01
3.301512e-01
3.747431e-01
8.187376e-02
3.754249e-01
0
0
0
5.295870e-01
0
5.720970e-01
3.303024e-01
6.200993e-01
0
2.711279e-01
3.510117e-01
5.051210e-01
0
3.309918e-01
0
2.776542e-01
2.379257e-01
2.382178e-01
2.651393e-01
2.570353e-01
3.147912e-01
4.742238e-01
5.779705e-01
6.719695e-01
5.440670e-01
6.091431e-01
4.062870e-02
6.172325e-01
1.758458e-01
0
0
2.600566e-01
0
0
0
3.421612e-01
9.874460e-02
3.860532e-01
0
0
0
4.574214e-01
1.680655e-01
0
0
0
0
0
0
0
0
0
0
0
0
0
0
8.016676e-02
0
0
0
0
0
0
0
5.941263e-01
5.059217e-01
2.397041e-01
0
1.159327e-02
3.671063e-01
1.000000e+00
6.416875e-01
5.732777e-01
2.801127e-01
4.182193e-01
1.998595e-01
1.284042e-01
0
5.182193e-01
1.802306e-01
0
2.751883e-01
0
0
5.066549e-01
2.262231e-01
0
0
0
0
6.654709e-01
6.725305e-01
5.392854e-01
6.525612e-01
0
0
0
0
0
0
3.709708e-01
5.693754e-01
2.421580e-01
1.927596e-01
0
7.358316e-02
0
1.607378e-01
0
0
0
1.279627e-01
4.226331e-01
2.388705e-01
0
0
8.291422e-02
3.008516e-01
3.642956e-01
0
4.392661e-01
2.788805e-01
3.982365e-01
1.438159e-01
7.439151e-02
2.445302e-01
5.434438e-02
0
4.724445e-01
1.344872e-01
4.644343e-01
4.727324e-01
1.367570e-01
4.238226e-01
4.667892e-01
4.282429e-01
5.535143e-01
6.718016e-01
4.264468e-01
3.839391e-01
3.743539e-01
0
5.901234e-01
2.257723e-01
9.171485e-02
0
6.983936e-02
0
0
0
0
0
0
0
0
0
3.057600e-01
3.807844e-01
0
0
0
0
0
0
0
0
0
0
0
0
0
0
8.543909e-02
0
0
0
0
0
0
0
2.444699e-01
4.578032e-01
5.733508e-02
0
7.313976e-02
3.412640e-01
6.416875e-01
1.000000e+00
3.692621e-01
2.974086e-01
2.328794e-01
1.807347e-01
1.394240e-01
1.873689e-01
4.649345e-01
2.102488e-01
0
3.856613e-01
0
0
1.484800e-01
1.593211e-01
0
0
0
0
5.678117e-01
3.254896e-01
5.733359e-01
3.391039e-01
0
0
0
4.728229e-02
0
1.349518e-02
5.017290e-01
3.915869e-01
3.781295e-01
1.100213e-01
0
0
0
4.171911e-03
0
0
0
3.696358e-02
1.642113e-02
3.336863e-01
8.479168e-02
0
3.793618e-01
1.700108e-01
1.134159e-01
0
1.329007e-01
0
3.063527e-01
0
0
0
1.505849e-01
0
0
0
0
0
1.722130e-01
2.780315e-03
2.938520e-01
5.021268e-01
1.850783e-01
2.694899e-01
4.031772e-01
2.680730e-01
2.097203e-01
0
2.635327e-01
0
9.826794e-02
0
0
0
0
0
0
0
3.162312e-01
1.554154e-01
0
0
5.258321e-01
5.580811e-02
0
0
0
0
0
0
0
0
2.347660e-02
0
0
0
0
0
3.660134e-01
9.318124e-02
1.108630e-01
0
0
0
0
0
1.818661e-01
1.049358e-01
1.556626e-01
0
3.197720e-01
3.519480e-01
5.732777e-01
3.692621e-01
1
7.959238e-01
7.925904e-01
7.106148e-01
2.259137e-01
7.464066e-02
2.245523e-01
0
0
7.321394e-02
0
0
1.093937e-01
1.250434e-01
0
0
0
0
2.104881e-01
1.934942e-01
0
1.310216e-01
0
0
0
1.030524e-01
4.245391e-01
1.000763e-01
8.254875e-02
1.114047e-01
2.694661e-01
1.181366e-01
0
1.400249e-01
5.077244e-02
0
0
0
0
1.317020e-01
2.084219e-01
9.668805e-02
0
0
5.820175e-01
4.068470e-01
0
0
0
0
0
0
0
0
9.535813e-02
0
0
0
0
0
2.164521e-01
2.148174e-01
5.112699e-01
5.980275e-01
0
2.014458e-01
1.581607e-01
8.929953e-02
0
0
2.395628e-02
0
2.129461e-01
1.791228e-02
0
0
0
0
0
0
1.371143e-01
3.959310e-01
0
0
3.698062e-01
1.935559e-01
0
0
0
0
0
0
0
0
2.259030e-01
1.209485e-01
8.471839e-02
2.217873e-02
0
0
5.612739e-01
4.312443e-01
3.483280e-01
0
9.346452e-02
0
2.091155e-01
1.857069e-01
0
0
0
0
5.823458e-01
5.634913e-01
2.801127e-01
2.974086e-01
7.959238e-01
1
7.314326e-01
8.579047e-01
1.026786e-02
9.288082e-02
2.644867e-01
0
1.329808e-01
4.489948e-03
0
0
0
0
0
0
0
0
2.352453e-01
4.906050e-02
0
0
0
0
0
3.142850e-01
5.652431e-01
2.845193e-01
3.003968e-01
0
5.676624e-01
8.338337e-02
4.707834e-02
3.094531e-01
2.492277e-01
0
0
2.067243e-02
0
2.917224e-01
2.744702e-01
9.852643e-02
1.333047e-01
1.469735e-01
3.339686e-01
1.903773e-01
0
0
0
0
2.127519e-01
0
0
0
0
0
0
0
0
0
1.571060e-01
1.142778e-01
1.599303e-01
3.175277e-01
2.022766e-01
2.776982e-01
1.955995e-01
2.475999e-02
6.125842e-02
0
1.176998e-01
0
1.313098e-01
0
0
0
0
0
0
0
2.200081e-01
2.520535e-01
1.769284e-01
0
5.735479e-01
6.241014e-02
0
0
0
0
1.067384e-01
0
0
9.082375e-02
2.073042e-01
1.002469e-01
7.856806e-02
7.925031e-02
1.872648e-01
3.904426e-02
3.467526e-01
3.373663e-01
3.538632e-01
0
1.311510e-01
0
5.064519e-02
1.293943e-02
2.232328e-02
0
1.303718e-01
0
4.343443e-01
3.322809e-01
4.182193e-01
2.328794e-01
7.925904e-01
7.314326e-01
1.000000e+00
6.212838e-01
3.411355e-01
2.215976e-01
1.412372e-01
0
9.770119e-02
0
0
0
0
0
0
0
0
3.797445e-02
4.152813e-01
2.991544e-01
0
0
0
0
1.568409e-01
6.362142e-03
6.505031e-01
2.693542e-01
1.509569e-01
0
2.939695e-01
1.058085e-01
0
1.244028e-01
5.222304e-02
0
0
0
0
2.622995e-01
1.763504e-01
1.795339e-01
0
0
4.054668e-01
1.956684e-01
6.386434e-02
0
0
0
1.082311e-01
0
0
0
1.152350e-01
0
0
0
0
0
0
0
2.399555e-01
3.986843e-01
0
2.134079e-02
3.708255e-01
3.210068e-01
8.603246e-02
0
8.318908e-02
0
0
0
0
0
0
0
0
0
2.402703e-01
2.724343e-01
0
0
3.557209e-01
1.780639e-01
0
0
0
0
1.983435e-02
0
0
0
2.922040e-01
1.663396e-01
1.213788e-01
3.859480e-02
0
0
3.977761e-01
1.761987e-01
3.114177e-01
0
8.271359e-03
0
8.218133e-02
8.451879e-02
2.011880e-01
7.517084e-02
1.476760e-01
0
4.053515e-01
4.757697e-01
1.998595e-01
1.807347e-01
7.106148e-01
8.579047e-01
6.212838e-01
1.000000e+00
1.328309e-01
1.683518e-02
1.369647e-01
0
0
0
0
0
4.361104e-02
3.827992e-03
0
0
4.511015e-02
4.148739e-02
2.079911e-01
9.988052e-02
9.787902e-02
2.114417e-02
6.561958e-02
0
0
1.993468e-01
4.289157e-01
2.939638e-01
2.309184e-01
1.406910e-02
4.699245e-01
1.171730e-02
5.259435e-03
2.669267e-01
2.340181e-01
0
0
0
0
6.421336e-04
3.078860e-01
7.713619e-02
7.077027e-02
5.193748e-02
9.904488e-03
0
3.981356e-02
0
1.010846e-03
0
2.576491e-01
0
1.004694e-01
0
0
0
1.195186e-01
0
3.997238e-02
1.904850e-01
0
0
0
6.631446e-02
7.346476e-02
0
1.012635e-01
8.354110e-04
0
0
0
0
5.692340e-02
0
3.254917e-01
3.710134e-01
8.334220e-02
0
8.522582e-02
4.402014e-02
3.620522e-01
1.313418e-01
6.907056e-01
5.164589e-02
4.487745e-01
0
8.331740e-02
2.031313e-01
1.703874e-01
1.218385e-01
0
3.724820e-03
0
0
0
0
0
0
1.593394e-01
7.322579e-02
0
0
0
0
1.031273e-01
0
3.712404e-02
1.129545e-01
3.509296e-02
0
2.672928e-01
1.244131e-01
4.725467e-02
0
1.284042e-01
1.394240e-01
2.259137e-01
1.026786e-02
3.411355e-01
1.328309e-01
1
6.294035e-01
0
0
0
0
4.591444e-01
2.844039e-01
0
0
4.524101e-01
4.415336e-01
0
2.141233e-02
1.957441e-01
1.444303e-01
0
0
0
0
3.227996e-01
0
1.916199e-01
0
6.376968e-02
0
4.494526e-02
1.699671e-01
0
0
0
0
0
0
0
0
0
0
0
0
2.330234e-02
1.020280e-01
0
0
0
0
0
1.582398e-01
0
0
0
2.407275e-01
0
8.238651e-02
0
1.658871e-01
0
1.678577e-01
0
0
1.030365e-01
0
0
0
0
0
0
0
2.344154e-01
3.313057e-01
0
0
0
0
0
0
0
2.689613e-01
4.861652e-01
0
2.016828e-01
0
7.027033e-02
1.611298e-01
0
7.920719e-02
0
0
0
4.561018e-02
1.097887e-01
3.828823e-02
1.632604e-01
6.547610e-02
1.352946e-01
2.378825e-01
3.488716e-02
2.109073e-01
1.749468e-01
2.499901e-01
1.803611e-01
0
2.596301e-01
3.344655e-01
0
0
0
6.712198e-02
4.516883e-02
0
0
1.873689e-01
7.464066e-02
9.288082e-02
2.215976e-01
1.683518e-02
6.294035e-01
1.000000e+00
0
0
6.778784e-03
0
4.347574e-01
5.349775e-01
0
0
5.041344e-01
5.836316e-01
1.561110e-01
3.406639e-01
1.027686e-01
0
0
0
0
0
0
0
7.188942e-02
0
1.165401e-01
0
0
0
0
0
0
0
0
4.139248e-02
0
0
0
0
0
0
1.516556e-01
1.322955e-01
2.306527e-01
0
1.154866e-01
3.091984e-01
1.859532e-02
0
0
2.734278e-01
6.649254e-02
0
1.321961e-01
0
1.865601e-01
0
6.143762e-01
6.893478e-01
3.069773e-01
2.624878e-01
0
3.058315e-01
2.174998e-01
9.737756e-02
1.881419e-01
0
2.339394e-01
1.544997e-01
2.507156e-01
6.251847e-02
0
0
0
0
1.277433e-02
0
1.073248e-01
0
0
0
0
1.955955e-01
0
0
0
0
0
0
0
0
0
0
4.358113e-02
3.656682e-02
0
0
4.618142e-01
1.599040e-01
0
0
0
0
0
0
2.414712e-01
3.700660e-01
0
0
2.677370e-01
5.683992e-01
5.182193e-01
4.649345e-01
2.245523e-01
2.644867e-01
1.412372e-01
1.369647e-01
0
0
1
5.761625e-01
4.073897e-01
2.838746e-01
0
0
2.081571e-01
0
0
0
0
1.220051e-01
3.643282e-01
3.228966e-01
3.394094e-01
3.462490e-01
0
0
0
3.016793e-01
0
2.195933e-01
4.452842e-01
4.279832e-01
8.322726e-02
9.319477e-02
1.742528e-01
3.257674e-01
1.405745e-01
2.491776e-01
0
9.696972e-02
3.337374e-01
3.625059e-01
2.395406e-01
5.267673e-01
5.085676e-01
0
0
2.583458e-02
3.270248e-01
0
2.597949e-01
5.885439e-01
0
0
1.885397e-01
4.104392e-01
3.182354e-01
0
2.003243e-01
0
3.571381e-01
7.421561e-04
4.067794e-01
4.894475e-01
2.307819e-01
5.173390e-02
0
3.131334e-01
2.521721e-01
3.280142e-01
3.792588e-01
2.794795e-01
2.907885e-01
5.205532e-01
0
0
2.531432e-01
0
0
0
2.640528e-01
5.352561e-02
0
0
0
0
0
9.106119e-02
0
0
0
0
0
0
0
0
0
1.103751e-01
4.924866e-02
1.615812e-01
0
0
1.016592e-01
0
0
0
0
0
0
0
2.952229e-01
3.966530e-01
0
0
3.688775e-02
3.806874e-01
1.802306e-01
2.102488e-01
0
0
0
0
0
0
5.761625e-01
1
2.520609e-01
3.014141e-01
0
0
3.342021e-01
7.114636e-02
0
0
0
3.511250e-02
2.299373e-01
1.755413e-01
5.070434e-01
3.060046e-01
1.209296e-01
0
0
1.267328e-01
0
1.371763e-01
3.500353e-01
3.298847e-01
4.864819e-02
0
1.146942e-01
0
4.001307e-02
2.094826e-01
0
0
2.878247e-01
1.438883e-01
5.411830e-02
1.175590e-01
1.978460e-01
0
3.836633e-01
2.736384e-01
0
0
0
0
0
4.716777e-02
0
0
0
3.193694e-01
0
3.865534e-02
0
0
7.990716e-01
4.875192e-01
2.840986e-01
2.773934e-01
0
0
0
0
0
0
0
9.796760e-02
7.385205e-01
5.612179e-01
0
0
5.051191e-02
0
0
0
0
0
1.080663e-01
1.177483e-01
6.108098e-02
0
3.436017e-02
1.375295e-02
0
0
1.890569e-01
2.048429e-02
1.097003e-01
5.966913e-02
0
0
5.621072e-02
3.001441e-02
1.461419e-01
1.071700e-01
6.456401e-01
5.902627e-01
3.280434e-01
6.705554e-02
3.954075e-01
0
5.444071e-01
2.682941e-01
0
0
0
0
6.935302e-01
2.787178e-01
0
0
0
1.329808e-01
9.770119e-02
0
0
6.778784e-03
4.073897e-01
2.520609e-01
1.000000e+00
0
4.194513e-01
3.290002e-01
0
0
3.000903e-01
1.261109e-01
0
0
0
0
0
0
2.074416e-01
5.160707e-01
0
3.650546e-01
3.816110e-01
3.023215e-01
1.617891e-01
0
6.975816e-02
0
1.126762e-01
1.751102e-01
4.971320e-01
1.253299e-01
0
2.775658e-01
5.056410e-01
8.184385e-01
0
5.561912e-02
4.056568e-01
2.872504e-01
1.555438e-02
1.604217e-01
2.349943e-01
2.300256e-01
2.644504e-01
3.855817e-01
1.043479e-01
4.705228e-02
0
1.653750e-01
0
5.374249e-02
0
2.505345e-01
1.798514e-01
3.552640e-01
1.948604e-01
2.180576e-01
2.053241e-01
5.652482e-02
3.036800e-01
3.759863e-01
2.919978e-01
3.435089e-01
3.384805e-01
8.985455e-02
3.907139e-01
1.841000e-01
0
0
0
0
0
0
1.180470e-02
0
0
0
0
1.166140e-01
0
2.894658e-01
0
0
0
0
0
0
0
0
3.386086e-02
1.785270e-01
1.043337e-01
0
0
0
1.094906e-01
0
0
0
0
0
0
0
1.092223e-01
5.207977e-01
0
0
0
3.208870e-01
2.751883e-01
3.856613e-01
7.321394e-02
4.489948e-03
0
0
0
0
2.838746e-01
3.014141e-01
0
1
0
0
3.157923e-01
6.030032e-01
0
0
1.326698e-01
1.755798e-01
2.247703e-01
1.252516e-02
4.506425e-01
2.291069e-01
0
0
0
2.976623e-01
0
0
2.377139e-01
3.254595e-02
7.362324e-03
0
2.441771e-01
1.096886e-02
0
2.017971e-01
0
1.042262e-01
3.537056e-01
0
2.384311e-02
2.982774e-01
3.293018e-01
0
4.212598e-01
2.743384e-01
0
0
0
0
0
6.793011e-02
0
0
0
3.251151e-01
2.780058e-01
1.811231e-01
3.090079e-01
2.913228e-01
1.427840e-01
4.601378e-02
2.217439e-01
3.124934e-01
0
0
0
0
0
0
0
0
7.261613e-01
7.448370e-01
4.864327e-05
3.334238e-01
3.880859e-02
0
0
0
4.353050e-02
2.232347e-01
7.404424e-01
4.235119e-01
3.269256e-01
0
0
4.170419e-02
0
3.875494e-03
0
0
0
0
0
0
0
0
1.874324e-01
0
4.777507e-02
2.778871e-01
1.211156e-01
4.234861e-02
2.759342e-01
0
5.684667e-01
5.591166e-01
0
0
0
0
3.040692e-01
0
0
0
0
0
0
0
4.591444e-01
4.347574e-01
0
0
4.194513e-01
0
1
8.170392e-01
0
0
6.713645e-01
6.055494e-01
1.046860e-01
0
0
0
0
0
0
2.166231e-01
6.200760e-03
0
1.555628e-01
0
5.609423e-02
0
0
2.603405e-01
0
1.345368e-01
0
0
7.363337e-02
3.150175e-01
9.025246e-02
3.080149e-01
0
0
9.208524e-02
3.189990e-01
2.279186e-01
1.487435e-01
0
1.252105e-02
0
0
0
2.633900e-01
0
0
0
6.063917e-01
3.523697e-02
3.361778e-01
1.366771e-01
4.177382e-01
1.999434e-01
1.775202e-01
1.354920e-01
1.306443e-01
1.877683e-01
0
0
0
0
0
0
0
5.835399e-01
8.379320e-01
0
2.148186e-01
0
0
0
0
0
1.229008e-01
6.054547e-01
2.910920e-01
7.643553e-02
0
0
1.841167e-02
0
4.163041e-03
0
0
0
0
0
0
4.078450e-02
0
1.504328e-01
3.195506e-02
0
2.389659e-01
1.390618e-01
2.130520e-01
1.941555e-01
0
5.324635e-01
5.361905e-01
0
0
0
0
1.206168e-01
0
0
0
0
0
0
0
2.844039e-01
5.349775e-01
0
0
3.290002e-01
0
8.170392e-01
1.000000e+00
0
0
6.760042e-01
7.533804e-01
1.909992e-01
1.226255e-01
0
0
0
0
0
2.315322e-01
0
0
0
0
0
0
0
8.568142e-02
0
3.760469e-02
0
1.546328e-01
0
3.487624e-01
2.024690e-01
1.482119e-01
0
0
1.422365e-01
3.057372e-01
0
0
8.471566e-01
1.987238e-01
4.718605e-01
2.862923e-01
5.790668e-01
0
3.070021e-01
2.401893e-01
6.947284e-01
0
2.284405e-01
0
4.435493e-01
1.786221e-01
0
0
1.445286e-01
0
2.252734e-01
3.524966e-01
7.144779e-01
6.371090e-01
5.267691e-01
1.746219e-01
2.311339e-01
1.115759e-01
0
0
6.640233e-01
3.131629e-01
0
0
5.237281e-01
3.152087e-01
2.872597e-01
0
0
0
9.574485e-02
1.464855e-02
0
0
0
0
0
0
0
0
3.270422e-02
2.034486e-01
2.313073e-01
2.571758e-01
0
0
0
0
0
0
0
3.498999e-02
0
0
7.464251e-01
6.418854e-01
2.614811e-01
0
0
0
5.066549e-01
1.484800e-01
1.093937e-01
0
0
4.361104e-02
0
0
2.081571e-01
3.342021e-01
0
3.157923e-01
0
0
1.000000e+00
6.247602e-01
0
0
2.815181e-01
3.236591e-01
3.061843e-01
4.096286e-01
4.554449e-01
4.265520e-01
2.306531e-02
0
0
0
0
0
1.999383e-01
4.097180e-01
0
0
0
2.599957e-01
0
1.010060e-01
0
0
0
0
1.158391e-01
1.148828e-01
0
0
0
0
5.340910e-01
5.408939e-01
4.509893e-01
5.185338e-01
3.383830e-01
0
1.573589e-01
3.740957e-01
1.655009e-01
0
0
1.678005e-01
1.654616e-01
3.843124e-01
0
0
2.420028e-02
0
3.861649e-01
2.995156e-01
5.634960e-01
5.461294e-01
5.451456e-01
3.492897e-01
4.175116e-01
2.248949e-01
0
0
3.724075e-01
1.785280e-01
0
0
2.840044e-01
2.535964e-01
0
0
0
0
0
0
0
0
0
0
0
0
0
0
1.770755e-01
3.251609e-01
2.439502e-01
1.178783e-01
0
0
0
0
0
0
0
4.151387e-01
0
0
4.428208e-01
7.512313e-01
1.174830e-02
1.021418e-03
0
0
2.262231e-01
1.593211e-01
1.250434e-01
0
0
3.827992e-03
0
0
0
7.114636e-02
0
6.030032e-01
0
0
6.247602e-01
1
0
0
2.865208e-01
4.241818e-01
8.242238e-02
1.513801e-02
3.844805e-01
1.959507e-01
0
0
0
0
0
0
0
6.631411e-02
0
0
0
0
0
0
0
0
0
0
0
1.646059e-01
0
0
2.887300e-01
0
0
0
0
0
0
2.117858e-01
0
0
0
4.519394e-01
0
1.751690e-01
0
0
5.920939e-02
0
0
5.356385e-02
0
0
0
0
0
0
0
0
4.387405e-01
5.647903e-01
0
1.476446e-01
0
3.174190e-02
0
0
6.311295e-02
1.286994e-01
4.300276e-01
1.505487e-01
0
0
1.496056e-01
2.646132e-01
1.297918e-01
2.276692e-01
5.004722e-02
0
9.788366e-02
1.675995e-02
2.632281e-02
0
1.326530e-01
0
4.323603e-01
2.747591e-01
1.080096e-01
3.218382e-01
3.556469e-01
4.492392e-01
5.896197e-01
8.165876e-02
7.463145e-01
6.100409e-01
0
0
0
4.925314e-02
2.253872e-01
0
0
0
0
0
0
0
4.524101e-01
5.041344e-01
0
0
3.000903e-01
0
6.713645e-01
6.760042e-01
0
0
1.000000e+00
5.970277e-01
3.100872e-01
1.260828e-01
0
0
0
0
0
3.961090e-01
3.866370e-03
0
1.212117e-01
0
0
0
0
6.103085e-02
0
1.869745e-01
2.526438e-01
3.599535e-02
1.801464e-01
4.891659e-01
1.776073e-01
1.184522e-01
0
0
1.747000e-01
4.183808e-01
0
0
0
6.775446e-02
0
0
0
2.707695e-01
0
0
0
3.747404e-01
0
2.415968e-01
0
2.051078e-01
0
0
0
0
3.188485e-02
0
0
0
0
0
0
0
3.238806e-01
4.643057e-01
0
9.279211e-02
0
0
0
0
0
4.039411e-02
5.521988e-01
3.017253e-01
1.106332e-01
0
1.420736e-01
2.863527e-01
1.363625e-01
1.886709e-01
0
8.097199e-02
0
0
0
0
1.347037e-03
0
2.851366e-01
2.965664e-01
0
1.480326e-01
2.247952e-01
3.089803e-01
3.481661e-01
0
4.872757e-01
5.323465e-01
0
0
0
1.821437e-01
0
0
0
0
0
0
0
0
4.415336e-01
5.836316e-01
0
0
1.261109e-01
0
6.055494e-01
7.533804e-01
0
0
5.970277e-01
1.000000e+00
2.725537e-01
1.695917e-01
0
0
0
0
0
1.647626e-01
1.151297e-01
0
5.353189e-03
0
0
0
0
2.967483e-03
0
2.237165e-01
3.021380e-02
1.415837e-01
1.606982e-01
4.132727e-01
1.793986e-01
0
0
0
1.991328e-01
3.744913e-01
1.015713e-01
0
1.901050e-03
2.571265e-01
0
0
0
0
0
0
0
2.117890e-01
0
7.091405e-02
0
0
0
0
0
0
0
0
0
0
0
0
0
0
0
1.600498e-02
5.926654e-02
0
0
0
0
0
9.499502e-02
5.348559e-02
4.229845e-02
2.270138e-01
0
0
0
0
0
0
0
0
0
0
6.687239e-01
5.803580e-01
7.658368e-01
5.365828e-01
4.921860e-01
4.429427e-01
2.875228e-02
1.507423e-01
5.554356e-01
5.039668e-01
1.351287e-01
0
3.201119e-01
1.079072e-01
0
9.014306e-02
0
9.073872e-03
0
0
0
0
0
0
0
4.511015e-02
0
1.561110e-01
0
0
0
1.326698e-01
1.046860e-01
1.909992e-01
2.815181e-01
2.865208e-01
3.100872e-01
2.725537e-01
1
7.637116e-01
0
0
0
0
1.283409e-01
3.893951e-02
7.693874e-02
0
0
0
6.340405e-02
0
0
0
2.968324e-01
3.087264e-01
7.045533e-03
0
3.410480e-01
5.192664e-01
3.740863e-01
0
9.121775e-02
9.686740e-02
2.600097e-01
1.832363e-01
7.798575e-02
2.571813e-01
1.659227e-01
2.690153e-01
0
6.026811e-02
0
0
0
1.324570e-01
4.762630e-02
3.447867e-01
0
1.170570e-01
0
1.764208e-01
0
2.494625e-01
2.096111e-02
0
0
0
1.945893e-01
0
1.147103e-01
0
0
0
0
4.335465e-02
7.812459e-03
0
0
0
1.355174e-02
0
0
0
0
0
0
0
0
0
0
0
0
0
0
0
6.734559e-01
6.836344e-01
8.814178e-01
7.120236e-01
1.828557e-01
2.942272e-01
1.397175e-01
3.041707e-01
4.642858e-01
4.706826e-01
3.609305e-02
1.033157e-01
5.027897e-02
0
5.902244e-02
3.619936e-01
0
0
0
0
0
0
0
0
3.797445e-02
4.148739e-02
2.141233e-02
3.406639e-01
1.220051e-01
3.511250e-02
0
1.755798e-01
0
1.226255e-01
3.236591e-01
4.241818e-01
1.260828e-01
1.695917e-01
7.637116e-01
1
3.149455e-01
0
0
0
0
0
0
0
0
0
3.776454e-01
0
0
0
3.014959e-01
9.526453e-02
0
0
1.308307e-01
2.070655e-01
2.125905e-01
0
2.036369e-01
4.276915e-01
2.239591e-01
1.917822e-02
4.415925e-02
1.746029e-01
2.925687e-01
0
3.068574e-01
2.550500e-01
3.506139e-01
0
0
3.200631e-01
3.317251e-01
0
1.784157e-01
2.819056e-02
9.829888e-02
2.525332e-01
1.662001e-01
3.963846e-01
2.499106e-01
2.121673e-01
4.181359e-01
4.756488e-01
5.135329e-01
4.188285e-01
4.980562e-01
0
5.760552e-01
4.694060e-02
0
0
6.193450e-02
0
0
0
1.241081e-01
0
7.670493e-02
0
0
0
3.210586e-01
1.147654e-01
0
0
0
0
0
0
0
0
6.970148e-02
1.312174e-01
1.269253e-01
2.442305e-01
0
0
2.032627e-01
4.799538e-02
0
0
0
0
0
0
3.528480e-01
4.593853e-01
0
0
1.499214e-01
4.756782e-01
6.654709e-01
5.678117e-01
2.104881e-01
2.352453e-01
4.152813e-01
2.079911e-01
1.957441e-01
1.027686e-01
3.643282e-01
2.299373e-01
0
2.247703e-01
0
0
3.061843e-01
8.242238e-02
0
0
0
3.149455e-01
1
5.774057e-01
6.025005e-01
3.289328e-01
1.274772e-01
0
0
0
8.026798e-02
0
7.345025e-01
2.234729e-01
4.724807e-01
0
0
0
0
0
0
0
0
1.009338e-01
4.962286e-01
3.544906e-01
0
0
0
0
4.951641e-01
0
6.478591e-01
2.263493e-01
7.300031e-01
0
5.354603e-01
4.625991e-01
3.974141e-01
0
3.371866e-01
0
1.163196e-01
0
0
2.103852e-01
0
0
2.011325e-01
4.411918e-01
4.980063e-01
4.323951e-01
5.473121e-01
2.583101e-01
3.945713e-01
8.222569e-02
0
0
3.174891e-01
0
1.295457e-01
0
4.315916e-01
3.288968e-01
5.321273e-01
7.875153e-02
2.238448e-02
0
4.471831e-01
2.623314e-01
0
0
1.982152e-02
0
0
0
0
0
0
0
0
0
0
0
0
0
0
0
0
0
0
0
6.640316e-01
3.860530e-01
4.553497e-01
0
0
2.044699e-01
6.725305e-01
3.254896e-01
1.934942e-01
4.906050e-02
2.991544e-01
9.988052e-02
1.444303e-01
0
3.228966e-01
1.755413e-01
0
1.252516e-02
0
0
4.096286e-01
1.513801e-02
0
0
0
0
5.774057e-01
1
6.574417e-01
7.501360e-01
1.510432e-01
0
2.692414e-01
0
0
2.838652e-01
1.118990e-01
7.163486e-01
6.357906e-02
3.721242e-01
0
0
0
0
0
0
0
8.265505e-02
3.886767e-01
1.594155e-01
0
0
0
0
5.424982e-01
1.471947e-01
7.380120e-01
6.025648e-01
5.284125e-01
1.035816e-01
4.884215e-01
6.163167e-01
2.575896e-01
0
2.760290e-01
1.285956e-01
3.626307e-01
3.161719e-01
0
1.768444e-01
6.224940e-02
2.876780e-02
2.507412e-01
4.218101e-01
6.264891e-01
7.235715e-01
6.629796e-01
4.221162e-01
6.648026e-01
3.001224e-01
0
0
3.730154e-01
0
0
0
3.941903e-01
3.027550e-01
1.825834e-01
0
0
0
1.569178e-01
3.208329e-01
0
0
0
0
0
0
0
0
0
0
0
0
0
0
0
0
0
0
0
1.978666e-01
0
0
6.383812e-01
7.294391e-01
2.487536e-01
0
0
3.856385e-01
5.392854e-01
5.733359e-01
0
0
0
9.787902e-02
0
0
3.394094e-01
5.070434e-01
0
4.506425e-01
0
0
4.554449e-01
3.844805e-01
0
0
0
0
6.025005e-01
6.574417e-01
1.000000e+00
6.885349e-01
3.028158e-02
0
0
0
0
6.411119e-02
3.554931e-01
6.077263e-01
1.661892e-01
1.510065e-01
0
0
0
0
5.540999e-02
0
0
0
2.107768e-01
1.485341e-01
0
0
0
0
6.135419e-01
6.480473e-02
8.235482e-01
3.938372e-01
6.771650e-01
0
7.113737e-01
5.086282e-01
4.521375e-01
0
3.596282e-01
0
3.998691e-01
7.719848e-02
0
6.411023e-02
0
0
7.300734e-02
3.263023e-01
5.928696e-01
5.481575e-01
6.440859e-01
3.711981e-01
4.573434e-01
2.412250e-01
0
0
3.999563e-01
7.032935e-02
9.869392e-02
0
6.508857e-01
4.794529e-01
4.814546e-01
0
0
0
2.102384e-01
3.221620e-01
0
0
1.573109e-02
0
0
0
0
0
0
0
0
0
0
0
0
0
0
0
0
1.593479e-02
0
0
7.638387e-01
5.494056e-01
4.666890e-01
0
0
1.648131e-01
6.525612e-01
3.391039e-01
1.310216e-01
0
0
2.114417e-02
0
0
3.462490e-01
3.060046e-01
0
2.291069e-01
0
0
4.265520e-01
1.959507e-01
0
0
0
0
3.289328e-01
7.501360e-01
6.885349e-01
1.000000e+00
7.599372e-02
0
1.703238e-02
0
0
1.079591e-01
6.936403e-02
8.888477e-01
2.787511e-04
2.601887e-01
0
0
0
2.397304e-01
0
0
0
0
5.174712e-01
1.631503e-01
0
0
1.725593e-01
0
0
0
0
0
0
0
5.806937e-02
0
2.689971e-01
0
0
0
0
0
0
0
0
2.633796e-02
0
0
0
6.326001e-03
0
0
0
0
0
0
0
0
3.046022e-02
0
5.491986e-02
8.600720e-02
2.020401e-01
1.117387e-01
0
3.352287e-01
3.046825e-02
3.030487e-01
6.171567e-03
0
0
0
4.711552e-02
1.726034e-01
6.150141e-03
0
8.559516e-02
9.418757e-02
6.563287e-02
1.994408e-01
2.607280e-01
2.054142e-01
1.115528e-01
6.390895e-02
3.404726e-01
2.172883e-01
2.437158e-01
0
1.391173e-01
0
0
0
7.009926e-02
5.436602e-02
2.794135e-01
2.140258e-01
0
0
0
0
0
6.561958e-02
0
0
0
1.209296e-01
2.074416e-01
0
0
0
2.306531e-02
0
0
0
1.283409e-01
0
1.274772e-01
1.510432e-01
3.028158e-02
7.599372e-02
1
3.945303e-01
5.652082e-01
2.844208e-02
3.042461e-01
2.370077e-01
2.750411e-01
0
4.183616e-01
2.845883e-01
4.106727e-01
4.585759e-01
4.349614e-01
2.148093e-01
3.258660e-01
3.917651e-01
4.587481e-01
2.883388e-01
5.296368e-01
0
2.475649e-01
2.187812e-01
2.899439e-01
1.689797e-02
0
5.909030e-02
0
0
0
3.411603e-01
0
0
0
4.866308e-01
0
3.030574e-01
0
0
2.671956e-01
0
6.101059e-02
1.087251e-01
0
0
0
0
0
0
0
1.464086e-01
3.359266e-01
3.862819e-01
0
0
0
2.207197e-01
0
0
0
0
0
4.142359e-01
0
0
1.739920e-01
1.449733e-01
6.087100e-02
1.776617e-01
2.206363e-01
1.528030e-01
2.577043e-01
9.390001e-02
0
0
1.991826e-02
0
2.411958e-01
2.159957e-01
2.797618e-01
3.567687e-01
3.434317e-01
4.533028e-01
4.986267e-01
1.880445e-01
5.876272e-01
4.104180e-01
0
0
0
0
2.868215e-01
0
0
0
0
0
0
0
0
0
0
0
5.160707e-01
0
2.166231e-01
2.315322e-01
0
0
3.961090e-01
1.647626e-01
3.893951e-02
0
0
0
0
0
3.945303e-01
1
0
4.591864e-01
2.180844e-01
0
0
0
0
0
3.668470e-01
3.208897e-01
6.736675e-01
2.916676e-01
3.260518e-01
4.882153e-01
6.257106e-01
2.698416e-01
0
0
5.031439e-01
6.452491e-01
0
0
0
0
0
0
2.734324e-01
0
2.470802e-01
0
0
0
0
0
0
0
0
0
0
0
0
0
0
0
0
8.517358e-02
0
0
0
0
2.419363e-01
1.576156e-01
4.536408e-01
1.665472e-01
2.844755e-01
4.114800e-01
2.658438e-01
1.903685e-01
4.003618e-01
3.002577e-01
2.414167e-01
2.661201e-01
4.762072e-01
4.697663e-01
4.908476e-01
4.085156e-01
3.802047e-01
6.023498e-01
3.352455e-01
1.823887e-01
3.324361e-02
0
0
2.203631e-02
5.394938e-01
4.794694e-01
0
0
1.281158e-01
6.024289e-02
2.567725e-01
0
0
4.246039e-02
8.061916e-02
0
5.302146e-01
4.812007e-01
0
0
0
0
0
0
1.568409e-01
0
3.227996e-01
0
0
0
0
0
6.200760e-03
0
0
0
3.866370e-03
1.151297e-01
7.693874e-02
0
0
2.692414e-01
0
1.703238e-02
5.652082e-01
0
1.000000e+00
0
2.840573e-01
3.529944e-01
0
0
0
3.626705e-01
9.390336e-02
9.636885e-02
0
3.594617e-02
2.045893e-01
1.402651e-01
0
2.525070e-02
6.849068e-02
0
0
0
3.035411e-01
3.045087e-01
0
0
0
2.561979e-01
0
1.805625e-01
0
0
0
2.040539e-01
0
8.116066e-02
0
0
4.090438e-01
2.545490e-01
2.761275e-01
1.851733e-01
0
0
0
0
0
0
8.641935e-02
2.516075e-01
8.950032e-02
0
0
0
0
8.088658e-02
0
0
0
0
0
0
0
3.682679e-01
0
0
0
0
2.424531e-01
8.547294e-02
1.579659e-01
2.285520e-01
1.132865e-01
1.892331e-01
1.039185e-01
2.861537e-02
0
1.529429e-02
5.845055e-01
4.634415e-01
2.740609e-01
2.105642e-01
2.602178e-01
6.588829e-02
1.638289e-01
0
0
7.106867e-02
0
0
2.931519e-01
4.435252e-01
0
4.728229e-02
1.030524e-01
3.142850e-01
6.362142e-03
1.993468e-01
0
0
3.016793e-01
1.267328e-01
3.650546e-01
2.976623e-01
0
0
0
0
0
0
0
0
0
0
0
0
2.844208e-02
4.591864e-01
0
1.000000e+00
2.544428e-01
3.708220e-01
1.008677e-01
0
1.879172e-01
0
6.344007e-01
1.952347e-01
5.413319e-01
1.653599e-01
4.747596e-03
2.400444e-01
4.798901e-01
2.183611e-01
6.114907e-02
4.406949e-01
6.162040e-01
3.391670e-01
5.428464e-01
3.227935e-01
0
0
0
0
0
0
0
0
0
9.309746e-03
0
0
0
0
1.845065e-01
0
1.715105e-01
3.085451e-01
0
0
0
0
0
0
0
0
4.346069e-01
1.521188e-01
0
0
1.559598e-01
8.017546e-03
0
0
0
3.378998e-01
1.562889e-01
2.825643e-01
3.732954e-01
2.754256e-01
1.346717e-01
2.175463e-01
0
7.685960e-02
4.213873e-01
2.715310e-01
3.448204e-01
2.527580e-01
6.412345e-02
0
0
0
3.310597e-01
2.413393e-01
4.641890e-01
5.720996e-01
5.413983e-01
2.805788e-01
5.743452e-01
0
3.535476e-01
2.991212e-01
0
0
0
0
5.978630e-01
1.877183e-01
0
0
4.245391e-01
5.652431e-01
6.505031e-01
4.289157e-01
1.916199e-01
7.188942e-02
0
0
3.816110e-01
0
1.555628e-01
0
0
0
1.212117e-01
5.353189e-03
0
0
8.026798e-02
0
0
0
3.042461e-01
2.180844e-01
2.840573e-01
2.544428e-01
1.000000e+00
4.139348e-01
1.072831e-01
0
4.664750e-01
1.113781e-01
1.255986e-01
1.397254e-01
3.166148e-01
0
0
1.281091e-01
2.230862e-02
5.724337e-01
2.804361e-01
7.245684e-02
7.128345e-02
2.053903e-01
0
0
0
0
1.129107e-01
0
5.585977e-02
0
1.024114e-01
0
0
0
1.162604e-02
0
0
0
2.054191e-01
8.377776e-02
0
4.947804e-02
0
3.855900e-02
0
3.465141e-03
8.686980e-03
2.885454e-01
5.789772e-02
2.466585e-02
1.074269e-01
0
0
0
5.468680e-01
2.972072e-01
0
0
4.361501e-02
2.226185e-01
0
0
1.609754e-02
4.835733e-01
4.647459e-01
4.287432e-01
3.944373e-01
4.209333e-01
6.415159e-01
5.120990e-01
5.418740e-01
5.476077e-01
0
0
0
0
6.402589e-02
3.855156e-02
2.352875e-01
8.535172e-02
0
0
1.411830e-01
0
0
1.196422e-02
6.218613e-02
0
2.156155e-01
6.861459e-02
3.970456e-01
3.931461e-01
0
1.349518e-02
1.000763e-01
2.845193e-01
2.693542e-01
2.939638e-01
0
0
2.195933e-01
1.371763e-01
3.023215e-01
0
0
0
0
0
0
0
0
0
0
2.838652e-01
6.411119e-02
1.079591e-01
2.370077e-01
0
3.529944e-01
3.708220e-01
4.139348e-01
1
0
1.528496e-01
2.143840e-01
3.104973e-01
1.183133e-01
0
1.956974e-01
0
0
0
0
4.153499e-01
3.594566e-02
1.084169e-01
0
0
4.665862e-01
5.333342e-01
1.645628e-01
0
0
7.989324e-02
0
8.773742e-02
0
5.526443e-02
2.997994e-01
1.640917e-01
2.984521e-01
2.291891e-01
4.038760e-01
3.587533e-01
2.829903e-01
4.117522e-01
5.290743e-01
4.766051e-01
1.124699e-01
2.351068e-01
2.968052e-01
2.491148e-01
1.432525e-01
0
3.177235e-01
1.241613e-01
7.382000e-02
0
0
0
0
0
0
0
0
0
0
0
1.204060e-01
1.569072e-01
0
0
0
0
0
0
0
0
7.045362e-02
1.676812e-01
3.058508e-01
2.341347e-01
0
0
4.492120e-01
3.338058e-01
2.031084e-01
3.400901e-02
0
0
0
0
4.753754e-02
2.783883e-01
0
0
3.477105e-01
4.999492e-01
3.709708e-01
5.017290e-01
8.254875e-02
3.003968e-01
1.509569e-01
2.309184e-01
6.376968e-02
1.165401e-01
4.452842e-01
3.500353e-01
1.617891e-01
2.377139e-01
5.609423e-02
0
1.999383e-01
0
0
0
6.340405e-02
3.776454e-01
7.345025e-01
1.118990e-01
3.554931e-01
6.936403e-02
2.750411e-01
0
0
1.008677e-01
1.072831e-01
0
1.000000e+00
3.976438e-02
6.986982e-01
0
1.949862e-01
2.056528e-01
1.453730e-01
0
2.139781e-02
1.780881e-01
3.207334e-01
2.294411e-01
5.015868e-01
3.491929e-01
4.462477e-01
2.446754e-02
0
0
5.823826e-01
0
6.927270e-01
2.361403e-01
5.970577e-01
0
5.857379e-01
3.803372e-01
3.950157e-01
0
4.469385e-01
0
4.545471e-01
2.393694e-02
0
1.747291e-01
0
0
1.224202e-02
3.192759e-01
4.306446e-01
4.044486e-01
4.347872e-01
2.680452e-01
2.481316e-01
2.293613e-01
0
0
3.476109e-01
1.549576e-01
1.924454e-01
0
5.418611e-01
3.554073e-01
5.111773e-01
9.214993e-02
0
0
1.390737e-01
3.047996e-01
0
0
1.201142e-01
0
0
0
0
0
0
0
0
0
0
0
0
0
0
0
0
0
0
0
7.120923e-01
4.917341e-01
5.536980e-01
9.104579e-02
0
1.316074e-01
5.693754e-01
3.915869e-01
1.114047e-01
0
0
1.406910e-02
0
0
4.279832e-01
3.298847e-01
0
3.254595e-02
0
0
4.097180e-01
6.631411e-02
0
0
0
0
2.234729e-01
7.163486e-01
6.077263e-01
8.888477e-01
0
0
0
0
0
1.528496e-01
3.976438e-02
1
1.685205e-02
4.146089e-01
0
5.386550e-02
0
2.861128e-01
0
0
0
0
3.242820e-01
9.527175e-02
0
0
5.453593e-01
3.995326e-01
0
0
0
0
2.994494e-03
6.891760e-02
0
0
3.443848e-01
0
3.226244e-01
1.008471e-01
1.903803e-01
1.271614e-01
8.903710e-02
3.980309e-02
5.233589e-01
6.604228e-01
7.776206e-02
9.776902e-02
1.261462e-01
2.531697e-01
0
0
1.796584e-01
8.531384e-02
1.130105e-01
0
0
0
0
0
0
0
0
2.808032e-01
0
9.952259e-03
1.739807e-01
3.860947e-01
0
0
0
0
0
0
0
0
0
3.561269e-03
0
0
0
0
3.631376e-01
2.429516e-01
1.803279e-01
3.987120e-02
2.684119e-02
0
2.049598e-02
2.599705e-02
0
0
0
0
5.531832e-01
5.565382e-01
2.421580e-01
3.781295e-01
2.694661e-01
5.676624e-01
2.939695e-01
4.699245e-01
4.494526e-02
0
8.322726e-02
4.864819e-02
6.975816e-02
7.362324e-03
0
0
0
0
0
0
0
0
4.724807e-01
6.357906e-02
1.661892e-01
2.787511e-04
4.183616e-01
0
0
1.879172e-01
4.664750e-01
2.143840e-01
6.986982e-01
1.685205e-02
1
2.583020e-01
1.415585e-01
2.516313e-01
3.123181e-01
0
0
1.171346e-01
1.241955e-01
3.167109e-01
4.558059e-01
0
2.247857e-01
2.085249e-01
1.362937e-01
0
0
0
1.091515e-01
0
2.409167e-01
0
1.650706e-01
0
4.102542e-02
0
2.759690e-01
0
4.038734e-02
0
0
0
0
3.195251e-01
0
0
0
6.455734e-02
0
2.695737e-02
0
0
2.210342e-01
6.303986e-03
3.647499e-03
2.335245e-01
2.886786e-01
2.774634e-02
0
0
4.200310e-01
5.242671e-01
2.196348e-01
1.097747e-01
2.307412e-01
2.003672e-01
1.397584e-01
2.231531e-01
2.914270e-01
2.925834e-01
5.947400e-02
1.358173e-01
1.093084e-01
5.603651e-02
0
0
0
0
0
0
0
0
0
0
0
0
2.930815e-02
2.736914e-01
0
0
6.090071e-01
4.077492e-01
2.833573e-01
2.363946e-01
1.927596e-01
1.100213e-01
1.181366e-01
8.338337e-02
1.058085e-01
1.171730e-02
1.699671e-01
0
9.319477e-02
0
0
0
2.603405e-01
8.568142e-02
0
0
6.103085e-02
2.967483e-03
0
0
0
3.721242e-01
1.510065e-01
2.601887e-01
2.845883e-01
0
3.626705e-01
0
1.113781e-01
3.104973e-01
0
4.146089e-01
2.583020e-01
1
0
2.284631e-01
0
2.807969e-01
2.447409e-02
2.097080e-01
1.052330e-02
1.893231e-01
1.002245e-02
0
0
0
1.204702e-01
1.520733e-01
0
1.308821e-01
0
0
0
0
0
0
0
1.357033e-01
0
0
0
0
2.668325e-02
1.710391e-01
0
0
0
0
0
0
0
0
0
0
0
0
0
0
0
4.686499e-02
0
0
0
0
0
0
0
3.528909e-01
0
0
0
0
0
6.038339e-02
0
0
4.027782e-01
4.719444e-01
4.322487e-01
4.116171e-01
8.392796e-02
2.540809e-01
1.854544e-01
4.152105e-01
5.074029e-01
5.125082e-01
4.419248e-01
0
2.080217e-01
0
0
7.079683e-02
0
4.215945e-02
0
1.472315e-01
0
0
0
4.707834e-02
0
5.259435e-03
0
0
1.742528e-01
1.146942e-01
1.126762e-01
2.441771e-01
0
0
0
0
0
0
2.968324e-01
3.014959e-01
0
0
0
0
4.106727e-01
3.668470e-01
9.390336e-02
6.344007e-01
1.255986e-01
1.183133e-01
1.949862e-01
0
1.415585e-01
0
1.000000e+00
4.944590e-01
3.298276e-01
3.673847e-01
2.020902e-01
5.123046e-01
6.082526e-01
2.274871e-02
2.234805e-01
5.375571e-01
6.063848e-01
4.324367e-01
3.137288e-01
1.893935e-02
8.523935e-04
0
0
0
0
0
0
0
1.216589e-01
0
0
0
0
0
0
0
1.342981e-01
1.825803e-01
0
0
0
0
0
0
0
0
2.359507e-01
7.787817e-02
0
0
0
0
0
0
3.223747e-01
6.744690e-02
0
1.624763e-02
0
2.737375e-01
0
0
0
0
0
0
0
0
0
3.099158e-02
1.678583e-01
1.176621e-01
0
0
1.229385e-01
2.395018e-01
3.806190e-01
1.602979e-01
3.673346e-01
0
4.479606e-01
1.888698e-01
3.992931e-02
0
1.165145e-01
1.031434e-01
2.122229e-01
1.972732e-01
7.358316e-02
0
1.400249e-01
3.094531e-01
1.244028e-01
2.669267e-01
0
0
3.257674e-01
0
1.751102e-01
1.096886e-02
1.345368e-01
3.760469e-02
2.599957e-01
0
1.869745e-01
2.237165e-01
3.087264e-01
9.526453e-02
0
0
0
0
4.585759e-01
3.208897e-01
9.636885e-02
1.952347e-01
1.397254e-01
0
2.056528e-01
5.386550e-02
2.516313e-01
2.284631e-01
4.944590e-01
1.000000e+00
4.569082e-01
4.755697e-01
0
6.145370e-01
5.437347e-01
1.119646e-01
1.836138e-01
4.416562e-02
5.763834e-01
6.307600e-01
3.624811e-01
0
0
0
0
2.806629e-02
0
3.490714e-01
0
0
0
2.959372e-01
0
3.360210e-01
0
0
4.000234e-01
0
5.344616e-02
3.883164e-01
0
0
0
0
0
0
0
0
9.145694e-02
0
0
0
0
0
0
0
1.061400e-02
0
0
2.157803e-01
0
4.690710e-02
1.995468e-04
6.027892e-02
0
6.317935e-02
1.944977e-01
9.161181e-02
8.133829e-02
1.447245e-01
3.370846e-02
6.045550e-02
2.547467e-02
0
1.067094e-01
1.809195e-01
5.823737e-01
3.112602e-01
4.298008e-01
3.311189e-01
2.792935e-01
1.787691e-01
4.962315e-01
3.255210e-01
0
0
0
0
6.502495e-01
5.263107e-01
0
0
5.077244e-02
2.492277e-01
5.222304e-02
2.340181e-01
0
0
1.405745e-01
4.001307e-02
4.971320e-01
0
0
0
0
0
2.526438e-01
3.021380e-02
7.045533e-03
0
0
0
0
0
4.349614e-01
6.736675e-01
0
5.413319e-01
3.166148e-01
1.956974e-01
1.453730e-01
0
3.123181e-01
0
3.298276e-01
4.569082e-01
1
1.637847e-01
1.126549e-01
5.427394e-01
6.906856e-01
2.608494e-01
9.104672e-02
0
5.931726e-01
5.029982e-01
0
0
1.623149e-02
4.785497e-02
0
0
0
0
3.868883e-02
0
6.209220e-02
0
0
0
9.494398e-02
0
1.176056e-01
1.937497e-02
0
0
0
0
0
0
0
0
0
0
2.135853e-01
1.228404e-01
0
5.926711e-03
8.757348e-02
1.508323e-01
3.470528e-01
3.123493e-01
1.304967e-01
0
0
0
0
3.397866e-01
1.427456e-01
6.314073e-02
1.522757e-01
1.597660e-01
0
1.418389e-01
0
0
0
0
0
0
0
0
0
0
0
0
1.228870e-01
0
3.469575e-02
0
7.580168e-02
0
2.929254e-01
3.346680e-01
0
0
1.607378e-01
4.171911e-03
0
0
0
0
0
0
2.491776e-01
2.094826e-01
1.253299e-01
2.017971e-01
0
1.546328e-01
1.010060e-01
0
3.599535e-02
1.415837e-01
0
0
0
0
0
2.397304e-01
2.148093e-01
2.916676e-01
3.594617e-02
1.653599e-01
0
0
0
2.861128e-01
0
2.807969e-01
3.673847e-01
4.755697e-01
1.637847e-01
1
0
3.055272e-01
3.658444e-01
1.969402e-01
6.930223e-02
1.845488e-02
3.481128e-01
2.275836e-01
1.772443e-01
0
0
4.903414e-01
0
0
0
4.936014e-01
1.840917e-01
1.714149e-01
0
3.180938e-01
2.291200e-02
5.147835e-01
2.596495e-02
2.324522e-01
0
0
0
0
0
0
0
0
0
0
0
0
0
0
0
0
0
3.715658e-02
0
0
0
1.117432e-01
0
3.703686e-01
0
0
1.008659e-01
7.963731e-02
0
5.019868e-02
6.530678e-02
9.734936e-02
9.844533e-02
0
1.161595e-01
0
4.467228e-02
0
3.547258e-01
3.954506e-01
1.372384e-04
7.363087e-02
1.992537e-01
3.233806e-01
1.310889e-01
3.459838e-01
1.203987e-01
2.320368e-01
0
0
0
0
0
0
0
0
0
0
0
0
0
0
0
0
0
0
7.363337e-02
0
0
0
1.801464e-01
1.606982e-01
3.410480e-01
1.308307e-01
0
0
5.540999e-02
0
3.258660e-01
3.260518e-01
2.045893e-01
4.747596e-03
0
0
2.139781e-02
0
0
2.447409e-02
2.020902e-01
0
1.126549e-01
0
1.000000e+00
3.496980e-01
2.830682e-01
0
1.132119e-01
8.144674e-02
3.221652e-01
7.194223e-02
5.035560e-01
8.209017e-02
0
9.019610e-02
0
0
0
2.087175e-01
0
0
0
3.941396e-01
0
2.253178e-01
0
0
1.169663e-01
0
0
1.724506e-01
0
0
0
0
0
0
0
0
2.393141e-01
2.815279e-01
0
0
0
0
0
0
0
2.126209e-01
0
3.642230e-01
0
0
0
0
0
0
0
0
0
0
1.970130e-01
1.635203e-01
2.886146e-01
0
2.969832e-01
2.947958e-01
2.813898e-01
3.989065e-01
6.333167e-01
5.619940e-01
4.317109e-01
0
6.644035e-01
5.142985e-01
0
0
0
1.309216e-01
3.275630e-01
1.721675e-01
0
0
0
2.067243e-02
0
0
0
4.139248e-02
9.696972e-02
0
2.775658e-01
1.042262e-01
3.150175e-01
3.487624e-01
0
0
4.891659e-01
4.132727e-01
5.192664e-01
2.070655e-01
0
0
0
0
3.917651e-01
4.882153e-01
1.402651e-01
2.400444e-01
1.281091e-01
0
1.780881e-01
0
1.171346e-01
2.097080e-01
5.123046e-01
6.145370e-01
5.427394e-01
3.055272e-01
3.496980e-01
1
8.147769e-01
3.656371e-02
0
0
7.083906e-01
5.674368e-01
3.934621e-01
1.036637e-01
0
6.397660e-03
0
5.720323e-02
0
2.955590e-01
0
0
0
4.770232e-01
0
3.371039e-01
0
0
4.595421e-01
1.789524e-01
1.294652e-01
2.038020e-01
0
0
0
0
0
0
0
1.112046e-02
1.889256e-01
2.437125e-01
0
0
0
0
0
0
0
0
0
2.547849e-01
0
1.087859e-02
0
0
0
0
0
0
0
0
1.545136e-01
1.954407e-01
2.998020e-01
1.071974e-01
1.080172e-01
2.112218e-01
4.788675e-01
4.086965e-01
5.181092e-01
4.050733e-01
2.087571e-01
0
4.622721e-01
2.292664e-01
0
0
0
0
3.956899e-01
4.012654e-01
0
0
0
0
0
0
0
0
3.337374e-01
2.878247e-01
5.056410e-01
3.537056e-01
9.025246e-02
2.024690e-01
0
0
1.776073e-01
1.793986e-01
3.740863e-01
2.125905e-01
0
0
0
0
4.587481e-01
6.257106e-01
0
4.798901e-01
2.230862e-02
0
3.207334e-01
0
1.241955e-01
1.052330e-02
6.082526e-01
5.437347e-01
6.906856e-01
3.658444e-01
2.830682e-01
8.147769e-01
1
2.021324e-01
7.627578e-02
1.160121e-01
8.227568e-01
4.650503e-01
3.683082e-01
2.811466e-01
0
0
0
0
0
0
0
0
6.890098e-02
2.132024e-02
1.559559e-01
0
0
0
7.286135e-01
4.659735e-01
2.842302e-01
2.874080e-01
0
1.375101e-01
0
0
0
0
0
7.684574e-02
7.361931e-01
4.263514e-01
0
0
2.674978e-01
2.435955e-02
0
0
4.454890e-02
2.031771e-01
1.332158e-01
8.197700e-03
2.734382e-01
1.626666e-01
5.956974e-02
0
0
0
2.405478e-01
6.947899e-02
1.516977e-01
4.205923e-02
0
0
0
1.003388e-01
4.868627e-02
0
5.962390e-01
4.718937e-01
2.361012e-01
0
3.456473e-01
0
2.993047e-01
7.773357e-02
0
0
0
0
6.573021e-01
3.301512e-01
1.279627e-01
3.696358e-02
1.317020e-01
2.917224e-01
2.622995e-01
6.421336e-04
0
0
3.625059e-01
1.438883e-01
8.184385e-01
0
3.080149e-01
1.482119e-01
0
0
1.184522e-01
0
0
0
1.009338e-01
8.265505e-02
0
0
2.883388e-01
2.698416e-01
2.525070e-02
2.183611e-01
5.724337e-01
4.153499e-01
2.294411e-01
0
3.167109e-01
1.893231e-01
2.274871e-02
1.119646e-01
2.608494e-01
1.969402e-01
0
3.656371e-02
2.021324e-01
1
3.499034e-01
4.191591e-02
1.522050e-01
7.568787e-02
2.344788e-01
1.013558e-01
1.399534e-01
0
1.732296e-01
0
2.055996e-01
0
8.466516e-02
1.100460e-01
4.932708e-01
0
1.387795e-01
0
1.004778e-01
0
1.824819e-01
8.558294e-02
7.790799e-02
1.062556e-01
0
0
3.109789e-01
2.161400e-01
2.414478e-01
0
1.621150e-01
0
0
0
0
0
0
0
1.844975e-01
9.975461e-04
3.032868e-01
1.236259e-01
0
0
1.578926e-01
1.704895e-01
0
0
0
0
0
0
0
0
2.772285e-01
2.036402e-01
2.511087e-01
4.429860e-01
0
0
3.990038e-01
8.807526e-02
2.458526e-01
7.597254e-02
8.530503e-03
0
0
0
3.071974e-01
1.735538e-01
3.363317e-02
0
1.472614e-01
3.747431e-01
4.226331e-01
1.642113e-02
2.084219e-01
2.744702e-01
1.763504e-01
3.078860e-01
0
0
2.395406e-01
5.411830e-02
0
2.384311e-02
0
0
1.158391e-01
0
0
0
9.121775e-02
2.036369e-01
4.962286e-01
3.886767e-01
2.107768e-01
5.174712e-01
5.296368e-01
0
6.849068e-02
6.114907e-02
2.804361e-01
3.594566e-02
5.015868e-01
3.242820e-01
4.558059e-01
1.002245e-02
2.234805e-01
1.836138e-01
9.104672e-02
6.930223e-02
1.132119e-01
0
7.627578e-02
3.499034e-01
1
2.629863e-01
1.446250e-01
0
8.077650e-02
3.654982e-01
3.080171e-01
0
1.008267e-01
2.155864e-01
1.927862e-01
0
0
2.123112e-01
0
0
1.926296e-02
0
4.549890e-02
0
1.707946e-01
4.992836e-01
1.300515e-01
0
6.449526e-02
3.580986e-01
2.045117e-01
0
1.586065e-01
0
1.699289e-01
0
7.670737e-03
0
0
0
0
0
3.796928e-02
0
0
0
0
0
0
2.720534e-01
0
0
0
0
0
0
0
0
2.182713e-01
2.007185e-01
3.636019e-01
2.917415e-01
0
7.002980e-02
2.334386e-01
3.411985e-01
1.507194e-01
5.397171e-03
1.645646e-01
0
0
0
1.941914e-01
4.298469e-01
0
0
0
8.187376e-02
2.388705e-01
3.336863e-01
9.668805e-02
9.852643e-02
1.795339e-01
7.713619e-02
0
0
5.267673e-01
1.175590e-01
5.561912e-02
2.982774e-01
0
0
1.148828e-01
1.646059e-01
0
0
9.686740e-02
4.276915e-01
3.544906e-01
1.594155e-01
1.485341e-01
1.631503e-01
0
0
0
4.406949e-01
7.245684e-02
1.084169e-01
3.491929e-01
9.527175e-02
0
0
5.375571e-01
4.416562e-02
0
1.845488e-02
8.144674e-02
0
1.160121e-01
4.191591e-02
2.629863e-01
1.000000e+00
4.034778e-01
0
5.109732e-01
2.848970e-01
0
3.048527e-02
0
3.151916e-02
0
2.964878e-01
0
0
0
4.082574e-01
0
3.402417e-01
8.580858e-02
6.585918e-02
3.656424e-01
2.541591e-01
2.775492e-01
3.006250e-01
0
0
0
0
0
0
0
0
2.655036e-01
2.266379e-01
0
0
0
0
0
0
0
0
0
2.376593e-02
0
1.884287e-01
0
0
0
0
0
0
0
0
4.749539e-03
1.526875e-02
2.390829e-01
0
0
4.842026e-03
5.226569e-01
4.475310e-01
4.099993e-01
3.000279e-01
2.920063e-01
0
3.900175e-01
1.271595e-01
0
2.904060e-02
0
0
3.175082e-01
3.754249e-01
0
8.479168e-02
0
1.333047e-01
0
7.077027e-02
0
0
5.085676e-01
1.978460e-01
4.056568e-01
3.293018e-01
9.208524e-02
1.422365e-01
0
0
1.747000e-01
1.991328e-01
2.600097e-01
2.239591e-01
0
0
0
0
2.475649e-01
5.031439e-01
0
6.162040e-01
7.128345e-02
0
4.462477e-01
0
2.247857e-01
0
6.063848e-01
5.763834e-01
5.931726e-01
3.481128e-01
3.221652e-01
7.083906e-01
8.227568e-01
1.522050e-01
1.446250e-01
4.034778e-01
1
5.172656e-01
4.057878e-01
2.935114e-01
0
0
0
0
0
1.243355e-01
0
0
0
4.039727e-01
0
7.920604e-02
0
0
0
0
2.945379e-01
1.888318e-01
0
0
0
0
0
0
0
0
3.800900e-01
4.079436e-01
0
0
0
1.521688e-01
0
0
0
4.546973e-03
0
2.968134e-01
0
7.892943e-02
0
1.167981e-02
0
2.758426e-02
0
0
2.969470e-02
0
2.713062e-03
8.631953e-02
2.022840e-01
2.746465e-02
6.513744e-02
0
9.862322e-02
4.955666e-01
4.349139e-01
5.138848e-01
6.264960e-01
0
7.598525e-01
5.737361e-01
0
0
0
8.807239e-02
2.437080e-01
0
0
0
0
1.469735e-01
0
5.193748e-02
0
0
0
0
2.872504e-01
0
3.189990e-01
3.057372e-01
0
0
4.183808e-01
3.744913e-01
1.832363e-01
1.917822e-02
0
0
0
0
2.187812e-01
6.452491e-01
0
3.391670e-01
2.053903e-01
0
2.446754e-02
0
2.085249e-01
0
4.324367e-01
6.307600e-01
5.029982e-01
2.275836e-01
7.194223e-02
5.674368e-01
4.650503e-01
7.568787e-02
0
0
5.172656e-01
1
