1
5.229615e-01
1.911277e-01
1.661300e-01
0
0
3.229244e-01
1.568159e-01
0
4.510509e-02
5.902466e-01
5.197482e-01
3.861516e-01
3.901564e-01
1.509617e-01
0
0
0
6.297693e-01
4.003630e-01
0
0
3.194264e-03
0
2.048896e-01
1.125703e-01
1.471330e-01
8.079786e-02
0
0
2.403310e-01
0
4.716910e-02
0
0
0
0
1.010162e-01
0
2.709424e-01
0
0
0
0
0
0
0
0
3.110287e-02
0
1.404155e-01
4.590203e-01
3.005928e-01
2.432051e-01
6.305230e-03
1.984273e-01
2.868230e-01
4.016282e-01
2.991949e-01
2.030813e-01
3.176245e-02
2.094783e-02
8.524560e-02
4.550860e-01
0
2.645957e-01
0
0
0
1.901541e-01
0
0
0
0
2.449738e-02
0
0
0
0
0
0
0
1.351891e-01
0
0
3.044765e-02
3.966660e-02
0
3.016242e-01
5.349274e-01
0
0
0
0
2.027988e-01
8.293396e-02
0
2.521274e-01
0
0
5.146113e-02
0
0
0
8.767328e-02
1.119433e-01
0
0
1.869374e-01
2.289920e-01
2.836264e-01
9.226929e-02
2.632806e-01
0
4.325318e-01
1.703450e-01
5.229615e-01
1.000000e+00
2.981841e-01
0
4.349744e-01
1.367558e-01
6.784306e-03
0
1.022788e-01
8.267763e-03
2.602807e-01
2.972155e-01
0
2.762192e-02
3.077373e-01
0
1.044465e-01
1.050313e-01
7.622043e-01
5.563091e-01
3.088422e-02
1.664528e-01
1.303656e-01
1.396987e-01
3.369793e-01
2.939086e-01
3.899065e-01
4.688645e-01
8.547371e-02
6.162667e-02
3.257488e-01
0
2.086975e-01
0
0
0
0
2.213198e-01
0
3.578925e-01
0
1.104373e-02
0
0
0
0
0
0
0
0
8.763846e-02
2.044544e-01
3.611694e-01
8.559846e-02
8.034658e-02
0
6.391107e-01
6.438754e-01
0
0
0
0
0
1.975282e-01
0
1.264407e-01
0
0
1.092304e-01
8.024864e-02
8.820965e-02
0
0
0
0
0
0
0
2.589251e-01
2.536100e-01
3.257397e-01
3.670866e-01
3.778124e-01
1.445928e-01
7.877672e-03
0
4.199019e-01
3.240367e-02
2.201732e-01
3.363287e-01
0
0
0
0
4.005040e-01
4.879277e-01
5.411815e-02
3.232536e-01
0
0
0
0
0
0
1.761110e-01
3.378320e-01
0
0
5.068880e-01
4.875758e-01
5.753225e-01
2.593863e-01
0
0
4.520805e-01
4.362970e-01
1.911277e-01
2.981841e-01
1
5.240884e-01
7.305748e-01
4.310620e-01
7.318345e-01
5.284855e-02
5.134563e-01
3.141116e-01
2.108445e-01
0
1.712947e-01
9.980632e-02
4.502383e-01
0
0
0
5.245481e-01
2.667886e-01
3.296052e-01
3.746756e-01
6.970382e-01
7.403035e-01
7.764873e-01
8.164339e-01
5.636874e-01
5.300764e-01
0
0
7.532745e-01
3.510788e-01
0
0
3.162515e-01
2.795948e-02
0
0
0
0
0
0
0
0
0
0
0
0
0
0
0
0
1.043786e-01
0
0
0
0
0
0
0
0
0
0
0
4.004842e-01
6.380084e-01
0
0
0
0
9.124053e-02
0
0
0
0
0
0
0
0
0
0
9.969054e-02
0
4.891072e-02
2.742909e-01
2.622100e-01
1.990220e-01
1.653655e-01
4.214471e-01
2.904443e-02
0
1.495111e-01
1.654255e-02
2.281149e-01
1.498581e-01
6.228791e-01
0
3.834687e-01
0
0
0
1.174584e-01
0
0
3.730590e-01
5.698113e-01
0
1.547926e-01
3.801940e-01
5.789047e-01
5.820090e-01
0
0
0
3.521438e-01
4.052270e-01
1.661300e-01
0
5.240884e-01
1
2.010087e-01
6.106227e-01
6.443006e-01
7.310305e-01
4.067115e-01
7.068934e-01
2.655020e-01
2.832723e-01
5.136959e-01
4.373151e-01
2.916692e-01
2.527179e-01
0
0
3.263908e-01
3.984498e-01
4.390191e-02
2.668005e-01
5.273422e-01
5.932375e-01
3.196400e-01
2.180727e-01
1.763377e-01
5.375009e-02
0
0
4.115600e-01
3.580460e-01
0
0
3.388494e-01
3.215052e-01
0
0
0
0
0
0
0
0
0
0
0
0
0
0
0
0
6.977634e-02
1.276080e-01
0
0
0
0
0
0
0
4.130137e-01
0
7.848740e-02
4.189029e-01
4.991348e-01
1.343132e-01
4.376616e-02
0
2.742496e-01
1.330626e-01
4.291985e-01
1.950636e-02
1.448309e-01
0
2.819162e-01
0
0
0
0
0
3.034766e-02
0
0
4.683019e-01
5.221385e-01
0
6.655471e-03
1.069662e-01
2.496814e-01
1.757941e-01
9.867452e-03
2.080035e-01
0
4.801555e-02
3.748117e-01
0
4.536882e-02
0
0
0
3.289166e-01
0
0
0
1.184189e-01
1.101630e-01
1.703311e-01
3.327561e-01
3.529988e-01
2.491383e-01
0
0
0
1.938128e-01
1.410159e-01
0
4.349744e-01
7.305748e-01
2.010087e-01
1
5.246713e-01
5.052295e-01
0
5.833190e-01
3.633088e-01
0
0
7.891874e-03
6.630936e-02
4.762959e-01
0
0
0
5.192627e-01
4.707667e-01
6.100682e-01
5.407952e-01
5.126214e-01
5.372573e-01
7.510918e-01
8.845698e-01
8.757911e-01
8.144384e-01
0
0
4.964352e-01
0
0
0
3.438885e-01
0
0
0
0
0
0
0
0
0
0
0
0
0
0
0
0
0
1.034724e-01
2.484105e-02
0
0
0
0
0
0
0
0
0
0
4.462328e-01
5.480659e-01
0
0
5.538227e-02
0
1.013996e-01
0
0
0
0
0
0
0
0
0
0
2.924042e-01
0
0
3.778490e-01
1.617800e-01
1.320184e-01
7.293577e-02
2.643120e-01
0
0
1.259519e-01
1.366329e-01
2.757173e-01
2.310219e-01
5.888967e-01
0
5.973674e-01
0
0
1.201368e-01
1.557011e-01
0
0
3.701856e-01
5.398372e-01
0
3.575797e-02
1.706520e-01
3.590359e-01
5.352245e-01
0
0
0
2.180065e-01
4.229249e-01
0
1.367558e-01
4.310620e-01
6.106227e-01
5.246713e-01
1.000000e+00
3.887238e-01
5.695003e-01
7.320366e-01
7.655005e-01
2.335521e-01
3.428803e-01
3.635145e-01
5.373130e-01
7.530477e-01
5.154724e-01
0
0
4.438241e-01
5.551169e-01
1.907157e-01
3.134225e-01
6.841863e-01
6.903691e-01
2.950820e-01
3.691683e-01
4.758181e-01
5.065259e-01
0
0
2.702613e-01
1.368016e-01
0
0
3.240167e-01
2.694490e-01
0
0
0
0
0
0
0
0
0
0
0
0
0
0
0
0
0
0
0
0
0
0
0
0
0
3.272798e-01
0
0
5.142992e-01
3.646743e-01
0
0
2.285105e-01
1.824808e-01
1.769085e-01
3.610327e-01
0
0
0
0
0
0
0
1.776817e-01
1.092826e-01
4.432199e-01
0
0
6.782636e-01
4.196418e-01
2.670912e-02
0
0
0
1.617382e-01
0
5.310406e-01
1.435099e-01
0
4.924985e-01
0
1.245937e-01
0
0
0
3.319152e-01
0
0
0
1.193516e-01
5.546763e-03
5.388561e-02
1.735792e-01
1.329814e-01
2.746932e-01
0
0
0
8.449230e-02
7.077230e-02
3.229244e-01
6.784306e-03
7.318345e-01
6.443006e-01
5.052295e-01
3.887238e-01
1
4.080095e-01
4.357597e-01
5.923998e-01
9.360880e-02
8.134249e-02
5.923997e-01
3.456400e-01
3.306098e-01
0
0
0
4.117222e-01
3.804698e-01
3.034279e-01
3.673344e-01
3.626190e-01
4.570351e-01
5.678857e-01
6.195529e-01
4.597889e-01
3.698418e-01
0
0
3.927858e-01
6.015221e-02
2.976364e-02
6.008376e-03
4.767346e-01
3.102444e-01
0
0
0
0
0
0
0
0
0
0
0
0
0
0
0
2.885048e-02
1.315807e-01
3.519606e-01
0
0
0
0
0
0
0
2.709305e-01
0
0
3.344778e-01
6.522231e-01
1.341900e-01
3.048164e-02
0
2.145951e-01
0
2.730059e-02
0
0
0
0
0
0
0
0
0
0
0
0
1.516805e-01
3.758452e-01
0
0
2.336762e-01
0
2.597238e-01
4.087950e-01
2.575451e-01
3.133859e-01
1.202849e-01
4.612081e-01
0
5.094449e-01
0
0
3.551370e-01
4.932132e-02
0
0
2.447245e-01
3.505283e-01
0
3.739625e-01
2.930579e-02
2.934374e-01
2.527262e-01
0
0
0
3.467890e-01
3.377596e-01
1.568159e-01
0
5.284855e-02
7.310305e-01
0
5.695003e-01
4.080095e-01
1
3.401400e-01
8.096642e-01
1.313956e-01
6.481342e-01
5.970819e-01
7.369970e-01
3.455112e-01
5.965839e-01
0
0
3.056264e-01
4.948076e-01
3.754458e-02
2.501753e-01
9.854021e-02
2.071944e-01
0
0
1.615012e-01
1.070720e-01
0
6.094503e-02
0
0
0
4.216043e-02
1.621999e-01
1.960156e-01
0
0
0
0
7.996677e-04
8.821897e-02
0
0
0
0
0
0
0
0
0
0
0
3.068695e-01
0
0
0
0
0
3.351772e-01
2.750445e-01
7.273984e-01
0
3.221519e-01
9.714899e-02
2.676214e-01
0
2.075807e-02
2.539152e-01
5.720769e-01
1.771777e-01
5.726034e-01
1.967740e-01
3.544313e-01
0
4.399230e-01
0
0
0
0
0
5.947663e-02
0
0
1.560551e-01
3.790762e-01
0
0
0
1.302287e-01
4.989220e-01
0
3.952991e-01
0
0
2.522510e-01
0
2.974794e-02
0
0
1.924420e-01
2.031338e-01
0
0
0
0
2.242475e-01
1.478295e-01
0
0
1.043031e-02
0
0
0
1.748220e-02
9.879288e-02
0
1.022788e-01
5.134563e-01
4.067115e-01
5.833190e-01
7.320366e-01
4.357597e-01
3.401400e-01
1
6.049891e-01
0
0
2.460119e-01
2.616530e-01
7.093717e-01
3.706122e-01
0
0
2.488934e-01
3.909989e-01
3.134541e-01
4.747373e-01
5.215941e-01
6.505508e-01
3.438824e-01
4.584837e-01
4.168775e-01
5.925868e-01
0
0
2.796923e-01
1.268405e-01
0
0
3.613555e-01
1.949772e-01
0
0
0
0
0
9.452978e-02
0
0
0
0
0
0
0
0
0
0
1.441386e-02
1.190580e-01
0
0
0
0
0
0
0
1.627678e-01
0
0
5.594933e-01
2.216455e-01
0
0
0
7.640113e-02
0
0
0
0
0
0
0
0
0
0
0
9.566818e-02
4.262256e-04
0
3.820949e-01
7.395618e-02
1.662021e-01
1.985895e-01
0
0
1.392543e-01
1.511936e-01
3.556363e-01
3.461273e-01
2.868615e-01
6.738880e-01
0
3.197958e-01
0
0
0
2.435418e-01
0
0
3.730363e-01
4.741010e-01
9.831548e-02
4.748599e-01
2.445676e-01
4.247879e-01
4.560246e-01
0
0
0
4.180087e-01
5.050889e-01
4.510509e-02
8.267763e-03
3.141116e-01
7.068934e-01
3.633088e-01
7.655005e-01
5.923998e-01
8.096642e-01
6.049891e-01
1
7.272363e-02
4.411722e-01
6.611548e-01
6.398173e-01
5.110480e-01
4.843668e-01
0
0
3.420441e-01
5.094246e-01
8.196222e-02
2.637388e-01
3.601625e-01
3.690001e-01
3.423976e-01
2.823215e-01
3.643509e-01
3.160824e-01
0
0
8.522133e-02
0
0
0
5.191434e-01
3.687789e-01
0
0
0
0
0
0
0
0
0
0
0
0
0
0
0
0
0
3.524469e-01
0
0
0
0
0
0
1.323835e-01
6.830914e-01
0
0
4.518594e-01
5.464498e-01
7.652099e-03
0
1.796008e-01
4.076931e-01
0
3.356719e-01
0
9.784026e-02
0
1.788698e-01
0
0
0
0
0
2.101645e-01
0
0
3.740428e-01
4.431966e-01
0
0
0
1.342772e-02
5.309965e-01
1.538532e-01
5.083925e-01
1.658853e-01
0
4.529341e-01
0
2.845389e-01
0
0
2.482645e-01
2.666100e-01
0
0
0
0
0
2.591912e-01
0
0
1.099602e-01
0
0
0
1.215535e-01
2.319206e-01
5.902466e-01
2.602807e-01
2.108445e-01
2.655020e-01
0
2.335521e-01
9.360880e-02
1.313956e-01
0
7.272363e-02
1
5.497143e-01
3.807380e-01
5.295059e-01
3.660454e-01
1.851711e-01
8.601673e-02
4.752622e-02
3.849446e-01
2.113481e-01
0
0
4.910523e-01
3.419561e-01
1.309677e-01
1.629010e-02
6.806841e-02
0
1.711012e-01
2.869058e-01
3.074160e-01
9.756258e-02
0
4.599578e-02
0
0
0
0
0
0
1.452164e-01
0
0
0
0
0
0
0
0
0
0
0
0
0
0
0
1.121049e-01
2.508015e-01
0
0
0
4.183000e-02
3.350824e-01
4.267816e-01
0
2.498091e-01
0
4.282929e-03
5.487394e-02
8.017447e-02
1.101880e-01
2.482154e-01
1.640518e-01
1.253134e-01
2.084994e-01
0
0
1.385913e-02
1.268700e-02
2.064180e-01
2.992328e-01
1.988679e-01
1.731429e-01
9.085136e-02
1.700111e-01
3.790171e-01
0
0
2.304736e-01
3.634791e-01
0
0
2.053824e-01
0
0
0
0
0
0
0
0
2.851932e-01
0
0
0
0
0
0
2.795003e-01
3.071706e-02
5.522406e-02
0
0
0
0
0
5.197482e-01
2.972155e-01
0
2.832723e-01
0
3.428803e-01
8.134249e-02
6.481342e-01
0
4.411722e-01
5.497143e-01
1
4.393366e-01
8.397914e-01
3.680620e-01
5.247898e-01
2.341840e-01
7.312614e-02
5.349310e-01
5.719219e-01
3.667124e-02
1.013725e-01
4.016681e-02
9.502885e-03
0
0
2.734600e-01
1.481389e-01
2.419700e-01
3.359183e-01
0
0
6.059871e-02
2.040242e-01
0
0
0
0
0
0
8.366901e-02
8.544391e-03
0
0
0
0
0
0
0
0
0
0
2.178917e-02
1.175577e-01
0
0
3.550653e-01
3.850847e-01
1.430490e-01
2.643225e-01
1.816238e-01
4.241954e-01
3.905219e-01
5.891454e-01
0
1.681811e-01
0
0
5.612848e-01
6.172281e-01
2.808010e-01
5.817742e-01
3.583623e-01
3.787780e-01
2.132964e-01
3.183954e-01
0
0
1.571778e-01
2.939888e-01
3.822875e-01
2.928195e-01
0
0
2.123742e-02
2.384582e-01
0
0
0
4.175895e-01
2.063393e-01
0
3.060949e-01
0
0
0
0
0
0
0
2.080899e-01
1.977252e-01
3.247091e-02
0
0
0
0
0
0
0
0
0
0
0
0
0
3.861516e-01
0
1.712947e-01
5.136959e-01
7.891874e-03
3.635145e-01
5.923997e-01
5.970819e-01
2.460119e-01
6.611548e-01
3.807380e-01
4.393366e-01
1
7.380156e-01
3.672739e-01
4.857466e-01
0
0
1.328474e-01
2.552373e-01
9.453882e-02
7.071386e-02
3.068478e-01
2.327738e-01
2.433861e-01
1.441156e-01
1.344037e-01
0
0
0
1.400005e-01
4.111630e-02
0
0
2.854973e-01
2.489236e-01
0
0
0
0
0
0
0
0
0
0
0
0
0
0
0
2.500568e-02
0
2.373159e-01
0
0
0
0
1.272152e-01
2.048267e-01
4.005977e-01
5.737119e-01
0
1.657125e-01
1.571136e-01
5.147082e-01
6.066632e-02
1.531501e-01
3.594035e-02
3.098138e-01
0
1.911848e-01
0
6.756674e-02
0
1.053539e-01
0
0
0
0
0
0
0
0
8.039013e-02
5.132913e-01
0
0
5.277346e-02
6.273127e-02
5.126341e-01
4.638991e-01
5.874812e-01
3.702377e-01
0
0
0
1.763768e-01
0
0
3.561375e-01
3.718115e-01
1.134321e-01
6.785519e-02
0
0
0
4.531443e-01
0
0
0
0
9.576141e-02
0
1.115726e-01
0
3.901564e-01
2.762192e-02
9.980632e-02
4.373151e-01
6.630936e-02
5.373130e-01
3.456400e-01
7.369970e-01
2.616530e-01
6.398173e-01
5.295059e-01
8.397914e-01
7.380156e-01
1
6.131963e-01
7.415379e-01
0
0
4.345251e-01
4.925542e-01
1.625370e-01
1.917497e-01
3.068536e-01
2.974170e-01
7.011300e-02
9.068237e-02
3.475696e-01
2.503957e-01
0
7.184426e-02
1.735342e-02
0
0
5.068194e-02
0
0
0
0
0
0
4.960032e-02
0
0
0
0
0
0
0
0
0
0
0
0
6.997447e-02
0
0
0
6.713900e-02
5.015005e-02
1.821924e-01
2.170986e-01
5.633182e-01
1.960790e-01
4.998234e-01
0
3.291133e-01
0
0
3.663675e-01
5.515044e-01
9.033097e-02
4.455667e-01
1.955699e-01
2.358380e-01
0
1.480708e-01
0
0
0
0
8.359846e-02
1.088335e-01
0
0
8.772397e-02
4.079655e-01
0
0
0
1.064600e-01
3.754473e-01
1.367480e-01
6.294239e-01
2.073764e-01
0
8.905688e-02
0
8.227286e-02
0
0
3.036938e-01
3.914450e-01
1.496589e-01
5.984447e-02
0
0
6.464194e-04
1.731763e-01
0
0
7.130002e-02
0
0
0
0
0
1.509617e-01
3.077373e-01
4.502383e-01
2.916692e-01
4.762959e-01
7.530477e-01
3.306098e-01
3.455112e-01
7.093717e-01
5.110480e-01
3.660454e-01
3.680620e-01
3.672739e-01
6.131963e-01
1
5.432690e-01
0
0
5.334749e-01
4.236302e-01
1.459136e-01
1.700459e-01
6.294802e-01
6.353310e-01
3.696532e-01
3.978472e-01
4.562006e-01
5.834482e-01
0
0
2.971936e-01
4.245286e-02
0
0
2.330476e-02
0
0
0
0
0
0
0
0
0
0
0
0
0
0
0
0
0
4.145852e-02
0
0
0
0
2.974356e-03
0
0
0
1.431692e-01
0
1.411024e-01
2.338969e-01
3.483400e-01
0
0
4.759833e-02
8.195088e-02
0
1.338514e-01
0
0
0
0
0
0
0
6.768345e-02
9.128155e-02
2.989033e-01
8.337143e-02
0
3.867651e-01
2.200062e-01
8.650389e-02
0
1.642997e-01
0
2.538632e-02
3.550807e-02
4.983955e-01
2.066934e-01
0
5.020166e-01
0
9.656848e-02
0
0
5.965811e-02
2.198654e-01
0
0
2.677091e-01
1.730529e-01
0
1.122433e-01
2.834917e-01
2.725504e-01
3.585533e-01
0
0
0
2.318171e-01
1.073702e-01
0
0
0
2.527179e-01
0
5.154724e-01
0
5.965839e-01
3.706122e-01
4.843668e-01
1.851711e-01
5.247898e-01
4.857466e-01
7.415379e-01
5.432690e-01
1
1.077371e-01
0
1.101287e-01
1.863326e-01
1.754904e-02
1.256167e-01
2.398962e-01
2.215281e-01
0
0
0
3.811484e-02
1.071653e-01
2.652070e-01
0
1.436401e-01
0
0
0
3.818175e-02
0
0
0
0
2.696140e-01
1.966287e-01
0
0
0
0
0
0
0
0
0
0
0
0
0
0
0
5.691198e-02
0
5.409998e-03
2.976289e-01
3.916482e-01
3.743083e-01
3.732354e-01
0
0
0
0
3.277013e-01
4.007174e-01
1.920148e-02
4.550528e-01
3.299971e-01
3.271141e-01
1.378414e-01
2.459361e-01
0
0
0
2.340942e-01
1.786519e-01
1.225085e-01
0
1.215406e-01
1.062320e-01
1.437516e-01
0
0
0
0
3.671433e-01
0
5.680865e-01
1.453578e-01
0
0
0
0
0
0
1.592917e-01
3.521792e-01
2.645441e-01
1.453595e-01
0
0
4.243367e-01
2.691328e-01
0
0
2.012591e-02
0
0
0
0
0
0
1.044465e-01
0
0
0
0
0
0
0
0
8.601673e-02
2.341840e-01
0
0
0
1.077371e-01
1
7.812628e-01
0
0
0
0
0
0
0
0
0
0
8.520705e-01
7.011019e-01
0
0
4.047838e-01
4.606465e-01
0
0
2.585748e-01
2.983056e-01
4.712646e-02
3.054438e-01
4.931168e-01
4.182791e-01
2.917343e-01
4.446510e-01
1.547527e-01
2.172328e-01
3.814281e-01
2.139478e-01
3.687716e-01
1.191961e-01
1.752580e-01
0
2.015277e-02
0
2.638305e-01
3.058415e-01
6.933411e-01
5.221339e-01
0
0
1.733182e-02
0
7.177689e-01
2.588965e-01
0
0
0
0
5.127052e-01
2.245087e-01
2.850181e-01
3.800099e-01
5.528193e-01
4.902115e-01
4.603244e-01
3.768918e-01
3.320988e-01
4.090195e-01
8.350680e-01
6.242709e-01
8.338695e-01
3.985225e-01
2.297691e-01
2.979345e-01
0
0
0
0
0
5.080198e-02
0
0
0
0
0
0
0
0
6.452591e-01
5.544801e-01
0
0
2.660719e-02
3.407746e-01
0
0
0
0
0
0
0
4.413821e-01
1.294368e-01
3.401619e-01
0
0
0
1.050313e-01
0
0
0
0
0
0
0
0
4.752622e-02
7.312614e-02
0
0
0
0
7.812628e-01
1
0
0
0
0
0
0
0
0
0
0
7.772619e-01
7.597336e-01
0
4.132339e-03
4.358820e-01
3.274845e-01
0
0
3.186856e-01
3.686286e-01
1.669849e-01
2.931550e-01
5.448866e-01
4.252984e-01
2.783173e-01
3.965409e-01
2.625905e-01
2.784021e-01
3.972918e-01
2.380048e-01
2.356599e-01
4.915370e-02
5.021998e-03
0
0
0
3.077742e-01
3.063823e-01
6.335283e-01
5.188047e-01
0
0
0
0
5.899436e-01
1.715429e-01
0
0
0
0
3.153619e-01
1.385805e-02
4.538779e-01
2.899458e-01
5.869722e-01
5.480626e-01
5.926104e-01
3.755580e-01
4.353692e-01
5.085089e-01
8.368075e-01
7.187188e-01
7.688692e-01
5.662307e-01
3.247483e-01
5.295870e-01
0
0
2.379000e-02
2.867536e-01
0
1.356429e-01
0
0
0
0
0
0
1.316375e-01
0
6.501372e-01
2.716282e-01
0
0
0
0
0
0
3.431603e-02
0
0
0
0
2.259478e-01
0
2.411598e-01
0
0
6.297693e-01
7.622043e-01
5.245481e-01
3.263908e-01
5.192627e-01
4.438241e-01
4.117222e-01
3.056264e-01
2.488934e-01
3.420441e-01
3.849446e-01
5.349310e-01
1.328474e-01
4.345251e-01
5.334749e-01
1.101287e-01
0
0
1.000000e+00
7.257438e-01
2.121643e-01
3.435533e-01
3.106027e-01
3.299827e-01
4.030261e-01
4.653519e-01
5.887719e-01
5.967603e-01
0
0
4.034395e-01
0
1.206382e-01
0
0
0
0
0
0
0
0
0
0
0
0
0
0
0
0
0
0
0
2.405685e-01
5.769368e-02
0
0
3.826021e-01
3.947550e-01
0
0
0
7.876509e-02
0
3.823926e-01
0
3.585559e-01
0
0
2.055465e-01
2.470273e-01
1.717815e-01
1.763292e-01
0
0
0
0
0
0
2.982878e-03
1.884569e-01
1.264690e-01
2.402418e-01
1.613018e-01
0
4.960848e-02
0
3.260582e-01
0
1.674246e-01
2.633799e-01
0
0
0
0
1.183294e-01
5.493464e-01
0
3.819077e-01
0
0
0
0
0
0
1.262013e-01
1.634059e-01
0
0
2.933730e-01
3.827901e-01
6.274998e-01
0
0
0
3.917095e-01
3.948733e-01
4.003630e-01
5.563091e-01
2.667886e-01
3.984498e-01
4.707667e-01
5.551169e-01
3.804698e-01
4.948076e-01
3.909989e-01
5.094246e-01
2.113481e-01
5.719219e-01
2.552373e-01
4.925542e-01
4.236302e-01
1.863326e-01
0
0
7.257438e-01
1.000000e+00
4.657292e-01
6.556152e-01
1.694467e-01
2.589106e-01
1.281700e-01
2.815200e-01
6.284292e-01
5.966213e-01
0
0
8.897176e-02
0
1.163221e-01
1.097101e-02
0
0
0
0
0
0
0
0
0
0
0
0
0
0
0
0
0
0
2.114863e-01
2.418290e-01
0
0
2.580716e-01
2.085384e-01
0
0
0
1.617496e-01
0
2.637527e-01
0
1.312645e-01
0
0
5.686901e-01
5.096511e-01
1.893545e-01
3.217828e-01
2.546401e-02
5.733255e-02
0
6.140746e-02
0
0
2.458738e-02
4.578302e-02
1.404339e-01
1.679124e-01
0
0
2.446958e-01
3.434175e-02
0
0
0
2.083890e-01
0
0
9.105840e-02
0
3.566939e-01
3.299512e-01
0
4.007181e-01
0
0
5.204936e-02
2.097908e-01
0
0
5.499451e-02
2.028211e-01
0
0
1.922080e-01
2.661193e-01
4.230360e-01
0
0
0
3.094744e-01
3.855736e-01
0
3.088422e-02
3.296052e-01
4.390191e-02
6.100682e-01
1.907157e-01
3.034279e-01
3.754458e-02
3.134541e-01
8.196222e-02
0
3.667124e-02
9.453882e-02
1.625370e-01
1.459136e-01
1.754904e-02
0
0
2.121643e-01
4.657292e-01
1
8.405177e-01
1.730400e-01
2.506917e-01
2.725836e-01
5.587424e-01
7.589539e-01
6.243728e-01
0
0
2.203741e-01
2.091646e-02
0
0
1.738114e-02
0
0
0
0
0
0
0
0
0
0
0
0
0
0
0
0
0
1.768082e-02
0
0
0
0
0
0
0
0
0
0
0
1.079596e-01
1.454396e-01
0
0
3.616676e-01
2.092108e-01
1.878382e-01
0
0
0
0
0
0
0
0
0
0
0
0
1.135695e-02
7.172157e-02
6.945017e-02
0
6.256908e-02
0
0
8.424633e-02
2.565591e-01
1.969597e-01
4.406248e-01
1.740959e-01
6.197895e-02
0
4.768711e-01
0
0
2.814535e-01
4.221302e-01
2.977472e-01
1.250652e-01
3.096782e-01
3.710988e-01
0
3.009924e-01
0
1.065952e-01
3.895350e-01
0
3.218798e-01
0
5.106115e-02
3.080893e-01
0
1.664528e-01
3.746756e-01
2.668005e-01
5.407952e-01
3.134225e-01
3.673344e-01
2.501753e-01
4.747373e-01
2.637388e-01
0
1.013725e-01
7.071386e-02
1.917497e-01
1.700459e-01
1.256167e-01
0
0
3.435533e-01
6.556152e-01
8.405177e-01
1
1.465301e-01
3.118743e-01
1.500925e-01
4.174230e-01
6.302497e-01
5.669715e-01
0
0
1.922861e-01
7.388172e-02
3.651659e-02
0
0
0
0
0
0
0
0
1.886269e-01
0
0
0
0
0
0
0
0
0
0
2.054004e-01
1.838318e-01
0
0
8.365821e-02
0
0
0
0
0
0
0
6.888803e-02
0
0
0
4.925618e-01
5.150502e-01
3.314150e-01
2.020973e-01
7.873065e-02
9.994261e-03
0
6.227409e-02
0
0
0
0
0
0
0
1.100802e-01
5.738682e-02
0
0
1.611860e-01
0
1.754761e-02
4.911021e-02
2.628625e-02
0
1.762848e-01
2.711527e-01
1.958789e-01
0
3.830503e-01
0
0
9.544655e-02
3.433511e-01
1.758342e-02
0
1.660012e-01
3.353888e-01
5.542036e-02
2.856320e-01
6.502013e-02
2.610698e-01
4.449969e-01
0
8.103960e-02
0
2.686707e-01
5.175080e-01
3.194264e-03
1.303656e-01
6.970382e-01
5.273422e-01
5.126214e-01
6.841863e-01
3.626190e-01
9.854021e-02
5.215941e-01
3.601625e-01
4.910523e-01
4.016681e-02
3.068478e-01
3.068536e-01
6.294802e-01
2.398962e-01
0
0
3.106027e-01
1.694467e-01
1.730400e-01
1.465301e-01
1.000000e+00
9.016484e-01
6.070650e-01
5.785404e-01
3.716302e-01
2.913502e-01
0
0
7.664224e-01
5.371632e-01
0
0
2.239276e-01
9.147033e-02
0
0
0
0
0
0
0
0
0
0
0
0
0
0
0
0
0
0
0
0
0
0
0
0
0
0
0
0
5.397277e-01
5.456026e-01
3.812955e-03
0
0
0
6.357249e-02
6.769039e-02
0
0
0
0
0
0
0
6.708592e-02
0
3.088226e-01
7.160626e-02
1.432675e-01
6.517466e-01
4.743899e-01
1.049548e-01
1.599912e-01
4.112182e-01
0
0
1.179770e-02
3.361889e-01
2.168121e-01
0
3.605459e-01
0
5.327795e-02
0
0
0
5.156950e-01
0
0
0
3.649340e-01
0
8.480023e-02
4.360422e-01
3.422426e-01
4.327356e-01
0
0
0
1.504605e-01
0
0
1.396987e-01
7.403035e-01
5.932375e-01
5.372573e-01
6.903691e-01
4.570351e-01
2.071944e-01
6.505508e-01
3.690001e-01
3.419561e-01
9.502885e-03
2.327738e-01
2.974170e-01
6.353310e-01
2.215281e-01
0
0
3.299827e-01
2.589106e-01
2.506917e-01
3.118743e-01
9.016484e-01
1
5.140727e-01
5.767691e-01
4.234080e-01
3.585622e-01
0
0
7.237890e-01
5.310857e-01
0
0
1.396337e-01
5.312962e-02
0
0
0
0
0
0
0
0
0
0
0
0
0
0
0
0
0
0
0
0
0
0
0
0
0
0
0
0
4.726029e-01
4.274576e-01
3.928787e-02
0
0
4.550663e-02
2.092825e-01
1.120818e-01
0
0
0
0
0
0
0
0
0
1.893879e-01
8.303112e-02
1.027088e-01
5.991572e-01
4.232749e-01
2.032677e-01
2.039984e-01
2.502148e-01
0
0
0
2.979457e-01
1.965613e-01
9.702169e-02
4.721863e-01
0
1.293047e-01
0
0
0
4.248763e-01
0
0
1.132352e-01
5.289882e-01
0
1.235732e-01
5.459828e-01
4.769352e-01
4.866572e-01
0
0
0
3.042721e-01
8.119232e-02
2.048896e-01
3.369793e-01
7.764873e-01
3.196400e-01
7.510918e-01
2.950820e-01
5.678857e-01
0
3.438824e-01
3.423976e-01
1.309677e-01
0
2.433861e-01
7.011300e-02
3.696532e-01
0
0
0
4.030261e-01
1.281700e-01
2.725836e-01
1.500925e-01
6.070650e-01
5.140727e-01
1
8.477157e-01
5.707069e-01
4.233168e-01
0
0
7.025738e-01
1.275878e-01
0
0
3.711963e-01
0
0
0
2.132964e-01
0
0
0
0
0
0
0
0
0
0
0
0
1.129897e-01
2.170001e-01
6.636871e-02
0
0
0
0
0
0
0
9.529765e-02
0
0
4.446594e-01
8.721362e-01
0
0
0
0
0
0
0
0
0
0
0
0
0
0
0
1.635307e-01
0
0
2.811152e-01
3.277762e-01
5.381823e-02
1.303366e-01
6.316994e-01
1.169496e-01
0
1.387821e-01
5.457034e-02
1.771670e-01
1.819731e-02
4.837717e-01
0
4.735399e-01
0
0
0
1.544512e-01
0
0
2.621467e-01
4.251323e-01
0
6.794368e-02
2.459908e-01
3.501834e-01
4.559935e-01
0
0
0
2.663052e-01
2.790772e-01
1.125703e-01
2.939086e-01
8.164339e-01
2.180727e-01
8.845698e-01
3.691683e-01
6.195529e-01
0
4.584837e-01
2.823215e-01
1.629010e-02
0
1.441156e-01
9.068237e-02
3.978472e-01
0
0
0
4.653519e-01
2.815200e-01
5.587424e-01
4.174230e-01
5.785404e-01
5.767691e-01
8.477157e-01
1
7.830932e-01
6.839743e-01
0
0
6.237743e-01
8.314415e-02
0
0
2.814254e-01
1.785036e-02
0
0
0
0
0
0
0
0
0
0
0
0
0
0
0
0
4.291265e-02
0
0
0
0
0
0
0
0
0
0
0
3.671769e-01
6.849191e-01
0
0
0
0
7.743733e-03
0
0
0
0
0
0
0
0
0
0
9.550423e-02
0
0
2.561632e-01
2.818068e-01
8.901266e-02
1.486211e-01
4.319986e-01
0
0
2.596429e-01
1.834787e-01
4.157283e-01
9.482984e-02
5.165434e-01
0
6.841525e-01
0
0
1.618343e-01
1.867108e-01
0
0
3.985266e-01
5.764374e-01
0
1.894097e-01
8.323600e-02
3.452748e-01
6.083836e-01
0
0
0
3.089166e-01
3.947566e-01
1.471330e-01
3.899065e-01
5.636874e-01
1.763377e-01
8.757911e-01
4.758181e-01
4.597889e-01
1.615012e-01
4.168775e-01
3.643509e-01
6.806841e-02
2.734600e-01
1.344037e-01
3.475696e-01
4.562006e-01
0
0
0
5.887719e-01
6.284292e-01
7.589539e-01
6.302497e-01
3.716302e-01
4.234080e-01
5.707069e-01
7.830932e-01
1.000000e+00
8.464698e-01
0
0
3.289510e-01
0
0
0
1.356258e-01
0
0
0
0
0
0
0
0
0
0
0
0
0
0
0
0
0
0
0
0
0
1.069603e-02
0
0
0
0
1.683696e-01
0
0
2.174955e-01
4.998411e-01
0
0
2.804309e-01
1.814105e-01
2.446409e-01
0
0
0
0
0
0
0
0
0
0
2.322969e-01
0
0
2.618241e-01
2.800288e-01
0
0
5.042630e-02
0
1.283156e-02
1.839372e-01
2.911784e-01
3.653345e-01
1.621312e-01
4.113398e-01
0
6.074167e-01
0
0
2.674455e-01
3.076774e-01
9.444114e-02
0
3.359875e-01
3.726167e-01
0
1.331634e-02
3.241155e-02
1.901740e-01
4.978288e-01
0
5.304008e-02
0
4.424339e-02
2.963292e-01
8.079786e-02
4.688645e-01
5.300764e-01
5.375009e-02
8.144384e-01
5.065259e-01
3.698418e-01
1.070720e-01
5.925868e-01
3.160824e-01
0
1.481389e-01
0
2.503957e-01
5.834482e-01
3.811484e-02
0
0
5.967603e-01
5.966213e-01
6.243728e-01
5.669715e-01
2.913502e-01
3.585622e-01
4.233168e-01
6.839743e-01
8.464698e-01
1
0
0
1.784838e-01
0
0
0
1.366952e-01
0
0
0
0
0
0
0
0
0
0
0
0
0
0
0
0
0
0
1.002719e-01
0
0
0
0
0
0
0
7.969306e-02
0
0
1.854125e-01
2.780439e-01
0
0
1.240058e-01
5.999817e-02
1.336329e-01
0
0
0
0
0
0
0
0
0
0
2.649885e-01
0
7.743495e-03
1.091577e-01
2.735579e-02
8.085345e-02
3.639572e-02
0
0
0
1.641158e-01
2.342019e-01
3.639434e-01
3.217981e-01
6.286442e-01
0
6.222758e-01
0
0
2.602576e-01
7.474637e-02
1.656475e-01
0
5.733814e-01
4.657743e-01
0
1.540537e-01
3.524843e-02
2.981124e-01
5.842291e-01
0
0
0
2.312202e-01
5.250570e-01
0
8.547371e-02
0
0
0
0
0
0
0
0
1.711012e-01
2.419700e-01
0
0
0
1.071653e-01
8.520705e-01
7.772619e-01
0
0
0
0
0
0
0
0
0
0
1
8.727941e-01
0
0
5.127560e-01
5.263406e-01
0
0
3.125178e-01
3.900747e-01
0
3.033411e-01
7.040988e-01
5.295539e-01
2.344177e-01
3.968390e-01
1.347970e-01
2.214516e-01
3.383814e-01
1.956161e-01
3.176293e-01
5.106563e-02
2.305102e-02
0
0
0
2.148998e-01
3.557928e-01
6.638336e-01
5.851603e-01
6.768280e-02
8.575619e-02
7.120717e-03
0
8.247926e-01
4.976157e-01
0
0
0
0
4.527568e-01
2.311947e-01
4.540701e-01
3.830994e-01
7.174511e-01
6.124862e-01
6.338721e-01
4.164951e-01
4.218326e-01
4.240259e-01
8.178688e-01
6.197699e-01
8.228186e-01
2.853031e-01
3.706181e-01
4.150508e-01
0
0
0
0
0
4.873842e-03
0
0
0
0
0
0
0
0
6.664036e-01
5.287697e-01
0
0
1.248762e-01
1.758114e-01
0
0
1.994302e-01
0
0
0
0
2.809519e-01
9.260601e-02
3.166826e-01
0
0
0
6.162667e-02
0
0
0
0
0
6.094503e-02
0
0
2.869058e-01
3.359183e-01
0
7.184426e-02
0
2.652070e-01
7.011019e-01
7.597336e-01
0
0
0
0
0
0
0
0
0
0
8.727941e-01
1
0
8.376023e-02
3.820021e-01
4.226829e-01
0
0
2.583443e-01
1.752117e-01
0
1.095128e-01
7.276689e-01
4.924887e-01
0
1.850769e-01
0
5.799461e-02
1.055845e-01
0
5.729444e-02
0
0
0
0
0
7.978165e-02
2.363145e-01
5.258133e-01
5.748245e-01
0
5.814132e-02
4.466821e-02
0
7.895249e-01
5.532916e-01
0
0
0
5.375098e-02
4.250493e-01
2.533297e-01
5.333804e-01
5.971036e-01
7.974596e-01
7.543355e-01
7.487778e-01
5.917574e-01
4.234396e-01
4.027600e-01
6.701589e-01
6.898537e-01
8.097322e-01
3.508707e-01
4.178556e-01
4.526873e-01
0
0
5.385248e-02
1.112510e-01
0
9.895835e-02
0
0
0
0
0
0
0
0
4.327349e-01
2.955343e-01
0
0
0
0
0
0
3.679224e-01
0
1.368577e-01
0
0
4.208644e-02
0
3.416575e-01
0
0
2.403310e-01
3.257488e-01
7.532745e-01
4.115600e-01
4.964352e-01
2.702613e-01
3.927858e-01
0
2.796923e-01
8.522133e-02
3.074160e-01
0
1.400005e-01
1.735342e-02
2.971936e-01
0
0
0
4.034395e-01
8.897176e-02
2.203741e-01
1.922861e-01
7.664224e-01
7.237890e-01
7.025738e-01
6.237743e-01
3.289510e-01
1.784838e-01
0
0
1
6.543384e-01
0
0
5.436607e-02
0
0
0
0
0
0
0
0
0
0
0
0
0
0
0
0
0
8.558978e-02
0
1.516829e-02
0
0
0
0
0
0
0
0
0
2.831289e-01
5.618800e-01
0
0
0
0
2.474584e-02
0
0
0
0
0
0
0
0
0
0
1.855300e-02
3.066759e-01
1.340902e-01
3.022511e-01
1.820059e-01
4.080061e-01
2.523182e-01
4.947570e-01
1.189531e-01
0
0
0
0
8.595827e-02
4.278549e-01
0
2.406150e-01
0
0
0
2.358454e-01
0
0
3.032138e-02
5.506395e-01
0
0
5.524636e-01
5.077458e-01
6.159961e-01
0
0
0
3.699811e-01
2.078278e-01
0
0
3.510788e-01
3.580460e-01
0
1.368016e-01
6.015221e-02
0
1.268405e-01
0
9.756258e-02
0
4.111630e-02
0
4.245286e-02
1.436401e-01
0
4.132339e-03
0
0
2.091646e-02
7.388172e-02
5.371632e-01
5.310857e-01
1.275878e-01
8.314415e-02
0
0
0
8.376023e-02
6.543384e-01
1
0
0
0
0
7.443041e-02
0
0
0
0
0
8.759074e-02
8.656731e-02
1.121958e-01
1.326187e-02
1.511704e-01
7.488851e-02
0
0
5.781159e-02
0
6.459999e-02
0
2.434352e-01
8.162018e-02
0
0
0
0
0
0
0
0
1.338217e-01
6.187053e-02
7.170519e-02
0
0
0
8.252864e-02
1.994034e-01
1.932429e-02
0
1.255469e-01
6.641495e-02
0
0
0
1.403447e-01
0
0
3.666165e-01
2.127586e-01
2.548755e-01
1.051074e-01
4.173790e-01
2.987711e-01
2.430193e-01
7.809166e-02
0
0
0
0
0
0
0
0
0
0
0
2.063219e-01
0
0
0
1.254377e-01
1.492433e-01
0
3.693746e-01
2.677460e-01
2.082444e-01
0
0
3.193474e-01
8.312726e-02
0
4.716910e-02
2.086975e-01
0
0
0
0
2.976364e-02
0
0
0
0
6.059871e-02
0
0
0
0
4.047838e-01
4.358820e-01
1.206382e-01
1.163221e-01
0
3.651659e-02
0
0
0
0
0
0
5.127560e-01
3.820021e-01
0
0
1.000000e+00
7.615242e-01
2.215692e-01
1.161785e-01
3.346210e-01
2.466240e-01
2.590232e-01
4.389035e-01
4.172191e-01
4.197662e-01
0
0
0
0
0
0
0
0
1.750691e-02
0
3.527392e-02
2.137990e-01
0
5.340945e-02
5.024387e-01
4.488448e-01
0
1.827043e-02
8.930472e-02
0
2.101843e-01
3.397731e-01
0
0
1.544822e-02
6.128150e-03
3.616097e-01
1.927068e-01
1.664009e-01
2.491601e-01
4.731533e-01
5.222475e-01
2.994502e-01
4.677473e-01
2.138748e-01
4.492955e-02
6.377710e-01
3.751606e-01
4.026692e-01
1.658224e-01
0
5.010880e-02
0
0
0
0
0
3.736371e-02
0
0
0
0
0
1.388302e-02
2.046802e-02
2.101739e-02
3.921179e-01
2.266361e-01
2.897456e-02
0
0
0
0
0
0
0
0
0
0
3.103638e-02
0
0
0
6.090772e-02
0
0
0
0
0
0
6.008376e-03
4.216043e-02
0
0
4.599578e-02
2.040242e-01
0
5.068194e-02
0
0
4.606465e-01
3.274845e-01
0
1.097101e-02
0
0
0
0
0
0
0
0
5.263406e-01
4.226829e-01
0
0
7.615242e-01
1
2.239873e-01
3.805102e-01
3.057212e-01
0
9.925094e-02
8.393666e-02
5.185167e-01
1.850955e-01
0
0
4.115759e-02
0
0
0
0
0
0
0
0
9.559060e-02
0
4.726940e-02
2.068448e-01
8.682613e-02
1.743745e-01
2.064698e-01
4.370976e-01
2.277068e-02
3.675079e-01
3.158713e-01
0
0
3.903619e-01
4.339784e-01
5.172281e-01
2.491282e-01
2.255267e-01
4.447427e-01
5.932153e-01
5.150968e-01
4.365817e-01
5.884543e-01
4.346861e-01
1.926906e-01
5.442267e-01
3.509501e-01
4.139839e-01
1.100551e-01
0
0
0
0
0
0
0
0
2.356591e-01
1.289955e-02
6.981398e-02
0
0
0
0
0
4.516149e-01
5.509033e-01
3.184856e-01
0
1.116979e-01
1.689908e-01
0
0
1.427278e-02
0
0
0
0
6.479317e-02
5.808566e-02
6.820180e-02
0
0
0
0
3.162515e-01
3.388494e-01
3.438885e-01
3.240167e-01
4.767346e-01
1.621999e-01
3.613555e-01
5.191434e-01
0
0
2.854973e-01
0
2.330476e-02
0
0
0
0
0
1.738114e-02
0
2.239276e-01
1.396337e-01
3.711963e-01
2.814254e-01
1.356258e-01
1.366952e-01
0
0
5.436607e-02
0
2.215692e-01
2.239873e-01
1
7.583109e-01
3.347840e-02
0
3.505336e-01
0
0
0
0
0
7.236369e-02
0
0
0
0
0
0
0
0
2.235616e-01
0
0
0
0
0
0
1.011092e-01
4.284091e-01
0
0
8.121389e-01
4.703048e-01
4.881942e-01
3.307703e-01
0
0
0
0
0
0
0
0
0
0
0
0
0
1.101651e-01
0
0
3.170072e-01
3.460577e-01
0
0
1.447772e-02
0
4.248565e-01
4.309231e-01
3.249316e-01
3.709060e-01
9.735155e-03
3.243516e-01
0
2.566251e-01
0
0
1.936257e-01
1.096126e-01
0
0
4.916994e-02
1.472210e-01
0
3.542046e-01
0
0
0
0
0
0
0
8.245997e-02
0
0
2.795948e-02
3.215052e-01
0
2.694490e-01
3.102444e-01
1.960156e-01
1.949772e-01
3.687789e-01
0
0
2.489236e-01
0
0
3.818175e-02
0
0
0
0
0
0
9.147033e-02
5.312962e-02
0
1.785036e-02
0
0
0
0
0
0
1.161785e-01
3.805102e-01
7.583109e-01
1
1.471599e-01
0
1.397187e-01
0
2.770277e-01
0
0
0
2.110876e-01
6.398418e-02
0
0
0
0
0
0
0
5.148621e-02
0
0
0
0
0
1.423836e-01
4.384268e-01
3.773792e-01
0
0
6.660277e-01
1.335693e-01
8.023789e-01
7.615111e-01
0
0
0
0
9.466863e-02
1.180399e-01
3.413461e-02
1.836674e-01
3.061317e-01
2.982387e-02
0
0
0
0
0
0
3.591574e-01
4.392603e-01
0
0
0
0
5.164263e-01
5.474793e-01
4.956130e-01
4.865753e-01
0
6.119169e-03
0
4.850731e-02
0
8.440766e-02
2.468170e-01
2.004370e-01
6.334202e-02
0
0
0
2.276355e-01
4.352793e-01
0
0
0
0
0
0
0
0
0
0
0
0
0
0
0
0
0
0
0
0
0
0
0
0
2.585748e-01
3.186856e-01
0
0
0
0
0
0
0
0
0
0
3.125178e-01
2.583443e-01
0
7.443041e-02
3.346210e-01
3.057212e-01
3.347840e-02
1.471599e-01
1
5.533540e-01
4.183579e-01
6.097559e-01
5.713780e-01
4.008985e-01
2.073452e-01
2.892974e-01
1.938671e-01
1.999465e-01
2.348359e-01
2.580089e-01
1.381978e-01
5.817454e-02
3.327749e-01
1.279411e-01
0
1.451993e-01
3.720803e-01
5.201906e-01
1.623456e-01
0
2.627827e-01
1.039099e-01
0
0
1.028593e-01
0
0
0
4.035320e-01
3.240469e-01
0
1.699289e-01
2.112421e-01
2.453182e-02
4.620451e-01
4.174521e-01
5.166786e-01
4.411993e-01
6.067910e-01
5.550490e-01
2.745173e-01
0
7.656103e-02
0
1.322156e-03
1.085724e-01
0
0
0
1.169506e-01
0
1.511118e-01
0
0
0
0
9.949123e-02
0
5.836170e-01
0
4.137890e-01
5.075451e-01
0
0
0
3.660730e-02
0
5.311116e-02
2.050860e-01
1.861207e-02
0
0
0
3.374169e-01
2.269605e-01
3.978708e-01
5.360694e-02
0
1.010162e-01
2.213198e-01
0
0
0
0
0
0
0
0
0
0
0
0
0
0
2.983056e-01
3.686286e-01
0
0
0
0
0
0
0
0
0
0
3.900747e-01
1.752117e-01
0
0
2.466240e-01
0
0
0
5.533540e-01
1
2.350965e-01
7.567634e-01
2.792005e-01
5.213444e-01
2.997900e-01
3.436897e-01
1.281782e-01
2.084579e-01
3.725351e-01
3.489530e-01
3.207174e-01
3.646155e-01
1.738538e-01
3.374120e-01
0
2.625283e-01
2.969480e-01
4.771805e-01
4.006977e-01
3.193849e-01
2.088392e-01
3.429430e-01
0
0
6.708965e-02
0
0
0
0
0
0
1.871085e-01
2.665977e-01
0
1.271178e-01
1.864121e-01
1.225841e-01
1.688755e-02
2.525252e-01
3.949223e-01
3.581905e-01
0
1.733492e-01
2.494601e-02
2.885432e-01
1.884217e-01
0
0
0
1.492184e-01
0
1.652297e-01
0
0
0
0
3.674574e-01
0
6.737778e-01
1.376653e-01
4.581046e-01
2.212190e-01
0
0
0
0
0
1.193229e-01
6.914216e-03
0
0
0
0
4.096177e-01
2.128610e-01
0
7.713163e-02
2.394605e-01
0
0
0
0
0
0
0
0
0
0
0
0
0
0
0
0
4.712646e-02
1.669849e-01
0
0
0
0
0
0
2.132964e-01
0
0
0
0
0
0
0
2.590232e-01
9.925094e-02
3.505336e-01
1.397187e-01
4.183579e-01
2.350965e-01
1.000000e+00
5.156366e-01
0
0
4.162969e-01
3.400408e-01
3.857389e-01
2.937564e-01
4.018802e-01
4.137463e-01
3.232652e-01
4.057979e-01
4.978183e-01
3.711238e-01
2.412273e-01
2.303527e-01
4.895189e-01
3.496200e-01
2.296417e-02
0
6.607752e-02
0
1.084220e-01
0
0
0
1.827515e-01
6.783494e-02
1.911812e-01
1.328218e-01
0
0
0
0
0
0
0
0
2.501547e-01
3.108713e-01
1.900430e-01
0
0
0
0
0
0
0
2.462281e-02
9.456824e-03
4.312205e-01
4.420607e-02
0
6.936567e-02
0
0
8.609663e-03
0
4.978913e-01
0
4.184295e-01
2.868654e-01
0
0
0
0
0
0
0
0
0
0
0
3.670409e-01
1.708507e-02
2.178083e-01
1.477535e-02
0
2.709424e-01
3.578925e-01
0
0
0
0
0
0
0
0
0
0
0
0
0
0
3.054438e-01
2.931550e-01
0
0
0
0
0
0
0
0
0
0
3.033411e-01
1.095128e-01
0
0
4.389035e-01
8.393666e-02
0
0
6.097559e-01
7.567634e-01
5.156366e-01
1
2.507862e-01
4.477411e-01
1.868285e-01
2.966546e-01
0
0
3.108626e-01
2.456811e-01
3.383081e-01
2.937946e-01
4.843903e-01
5.012511e-01
2.810649e-01
4.744068e-01
4.403839e-01
5.743073e-01
5.672714e-01
4.812425e-01
2.604215e-01
1.140949e-01
0
0
8.370821e-02
0
0
0
0
0
0
1.426104e-01
0
0
1.555946e-01
1.921910e-01
2.098099e-01
1.100832e-01
2.097915e-01
2.918158e-01
4.269787e-01
4.718093e-02
1.322266e-01
0
2.365678e-01
1.327770e-01
0
0
1.659556e-02
7.536413e-02
0
2.733885e-01
0
0
0
0
3.010374e-01
0
6.092326e-01
1.569175e-01
4.799592e-01
3.147756e-01
0
0
0
0
0
7.487068e-02
5.312092e-02
0
0
0
0
4.661738e-01
2.817858e-01
1.244218e-01
4.041829e-01
3.081863e-01
0
0
0
0
0
0
0
7.996677e-04
0
0
1.452164e-01
8.366901e-02
0
4.960032e-02
0
2.696140e-01
4.931168e-01
5.448866e-01
0
0
0
0
0
0
0
0
0
0
7.040988e-01
7.276689e-01
0
0
4.172191e-01
5.185167e-01
0
2.770277e-01
5.713780e-01
2.792005e-01
0
2.507862e-01
1
6.780017e-01
0
6.827561e-02
3.097288e-02
9.075961e-02
0
0
0
0
0
0
0
0
0
1.072210e-01
2.126511e-01
1.809301e-01
1.399063e-01
1.405878e-01
2.068751e-01
1.008258e-02
5.763222e-01
3.189764e-01
0
0
3.448849e-01
4.402921e-01
2.583305e-01
2.671680e-01
3.768601e-01
3.134123e-01
8.514433e-01
7.845789e-01
7.368829e-01
5.612877e-01
5.601848e-01
4.014416e-01
5.186740e-01
3.252778e-01
4.759040e-01
8.447976e-02
1.091059e-01
3.663994e-01
0
0
0
1.320417e-01
0
0
2.719150e-02
0
1.596442e-02
0
0
0
0
0
3.858447e-01
4.816541e-01
0
1.140588e-03
3.941670e-02
6.708766e-02
0
0
5.432676e-01
5.503118e-02
0
0
0
0
0
3.159244e-01
0
0
0
1.104373e-02
0
0
0
0
0
8.821897e-02
9.452978e-02
0
0
8.544391e-03
0
0
0
1.966287e-01
4.182791e-01
4.252984e-01
0
0
0
1.886269e-01
0
0
0
0
0
0
5.295539e-01
4.924887e-01
0
0
4.197662e-01
1.850955e-01
0
0
4.008985e-01
5.213444e-01
0
4.477411e-01
6.780017e-01
1
0
0
0
0
0
0
0
0
0
0
0
2.063240e-01
0
0
3.236575e-01
3.792638e-01
7.705552e-02
1.665276e-01
0
1.184068e-01
2.611478e-01
2.366034e-01
0
0
0
0
1.391831e-01
4.048275e-01
3.164163e-01
1.104082e-01
5.429876e-01
6.684621e-01
2.769383e-01
3.991368e-01
1.944074e-01
6.711797e-02
3.910366e-01
6.974975e-02
3.223479e-01
1.074275e-01
2.943281e-01
5.246397e-01
0
0
0
4.601599e-01
0
0
0
0
0
0
0
9.762109e-02
1.206014e-01
5.814261e-03
1.591248e-01
1.501775e-01
0
0
0
0
0
0
4.591906e-01
1.913481e-01
0
0
0
0
0
0
1.063560e-01
2.287688e-01
0
0
0
0
0
0
0
0
0
0
0
0
0
0
0
0
2.917343e-01
2.783173e-01
0
0
0
0
0
0
0
0
0
0
2.344177e-01
0
0
8.759074e-02
0
0
0
0
2.073452e-01
2.997900e-01
4.162969e-01
1.868285e-01
0
0
1
9.171199e-01
8.726884e-01
8.946264e-01
9.355047e-01
9.572484e-01
8.716972e-01
8.108067e-01
5.085171e-01
2.199402e-01
0
0
7.411457e-01
5.743352e-01
8.720596e-02
0
6.652349e-02
0
0
0
1.801779e-01
0
0
0
6.005463e-02
3.309121e-02
0
0
0
0
0
0
5.486237e-02
0
3.727409e-01
5.547542e-01
2.412778e-01
4.815325e-02
3.832455e-02
0
2.240154e-01
2.909064e-02
0
0
2.525717e-01
4.504734e-02
0
0
0
0
0
0
7.268100e-02
0
5.117510e-01
0
6.773486e-01
5.103804e-01
0
0
3.159703e-01
3.856488e-01
5.131067e-02
1.116276e-02
0
0
0
0
0
6.659105e-01
4.581424e-01
5.180290e-01
0
0
0
0
0
0
0
0
0
0
0
0
0
0
0
0
0
0
4.446510e-01
3.965409e-01
0
0
0
0
0
0
0
0
0
0
3.968390e-01
1.850769e-01
0
8.656731e-02
0
0
0
0
2.892974e-01
3.436897e-01
3.400408e-01
2.966546e-01
6.827561e-02
0
9.171199e-01
1
7.134948e-01
8.359375e-01
9.560172e-01
9.032837e-01
9.150873e-01
8.038875e-01
6.126046e-01
2.784557e-01
3.900869e-02
0
8.700744e-01
7.422302e-01
2.404994e-01
1.032436e-01
1.457340e-01
0
0
0
4.032802e-01
0
0
0
0
0
0
0
0
0
0
0
2.401236e-01
0
4.146401e-01
6.604288e-01
3.426255e-01
2.024953e-01
2.399460e-01
0
3.477482e-01
1.723310e-01
0
0
2.324739e-01
3.199689e-02
3.132902e-02
2.139196e-02
0
0
0
0
7.120507e-02
0
5.272607e-01
0
7.494366e-01
5.883988e-01
0
0
1.948623e-01
4.353701e-01
0
0
0
0
0
0
0
7.483557e-01
4.487734e-01
6.320867e-01
0
0
0
0
0
0
0
0
0
0
0
0
0
0
0
0
0
0
1.547527e-01
2.625905e-01
0
0
0
0
0
0
0
0
0
0
1.347970e-01
0
0
1.121958e-01
0
4.115759e-02
7.236369e-02
2.110876e-01
1.938671e-01
1.281782e-01
3.857389e-01
0
3.097288e-02
0
8.726884e-01
7.134948e-01
1.000000e+00
9.073225e-01
7.169689e-01
7.964973e-01
5.944874e-01
5.811119e-01
1.961440e-01
0
0
0
4.875022e-01
2.906905e-01
0
0
0
0
2.680121e-02
0
4.407528e-02
0
1.361000e-01
0
4.103825e-01
3.130122e-01
0
0
0
0
0
0
5.970382e-02
0
5.537929e-01
6.111317e-01
1.619282e-01
0
0
0
9.572461e-02
0
2.006126e-02
0
2.526065e-01
1.270097e-01
0
0
0
4.298264e-03
0
7.698188e-02
5.962028e-02
0
3.940391e-01
0
5.552572e-01
3.930239e-01
0
0
2.184349e-01
2.614431e-01
3.042116e-02
1.953257e-02
0
0
0
0
0
4.620070e-01
2.171478e-01
4.702689e-01
0
0
0
0
0
0
0
0
0
0
0
0
0
0
0
0
0
0
2.172328e-01
2.784021e-01
0
0
0
0
0
0
0
0
0
0
2.214516e-01
5.799461e-02
0
1.326187e-02
0
0
0
6.398418e-02
1.999465e-01
2.084579e-01
2.937564e-01
0
9.075961e-02
0
8.946264e-01
8.359375e-01
9.073225e-01
1
7.828189e-01
8.805829e-01
7.258981e-01
7.465473e-01
3.061591e-01
4.684116e-02
0
0
5.917458e-01
4.888344e-01
0
0
1.895826e-01
1.448079e-01
1.035171e-01
0
2.024941e-01
0
0
0
3.359523e-01
3.619864e-01
0
0
4.239457e-03
0
0
0
1.767402e-01
0
5.612200e-01
6.541319e-01
1.644570e-01
7.322758e-03
2.072338e-02
0
5.952440e-02
5.919023e-02
0
0
1.214456e-01
9.402748e-02
0
0
0
8.211160e-02
0
1.163711e-01
0
0
4.198853e-01
0
6.562309e-01
5.551460e-01
3.630269e-02
0
3.657413e-01
4.698823e-01
5.735956e-02
0
1.005469e-01
0
0
0
0
5.032915e-01
3.340256e-01
5.407687e-01
0
0
0
0
0
0
0
0
0
0
0
0
0
0
0
0
0
0
3.814281e-01
3.972918e-01
0
0
0
0
0
0
0
0
0
0
3.383814e-01
1.055845e-01
0
1.511704e-01
0
0
0
0
2.348359e-01
3.725351e-01
4.018802e-01
3.108626e-01
0
0
9.355047e-01
9.560172e-01
7.169689e-01
7.828189e-01
1
9.018086e-01
9.059211e-01
7.996180e-01
6.229397e-01
3.100084e-01
8.466322e-02
0
8.685949e-01
7.140768e-01
2.531810e-01
1.161630e-01
8.925374e-03
0
0
0
2.947552e-01
0
0
0
0
0
0
0
0
0
0
0
1.320885e-01
0
2.756435e-01
5.268113e-01
3.630722e-01
2.374331e-01
2.102124e-01
0
3.728440e-01
1.493907e-01
0
0
2.808469e-01
6.153963e-02
1.466095e-02
5.929598e-02
0
0
0
0
9.685935e-02
0
5.593666e-01
0
7.332697e-01
4.837633e-01
0
0
1.536209e-01
2.952548e-01
0
0
0
0
0
0
0
6.773630e-01
3.488967e-01
4.856245e-01
0
0
0
0
0
0
0
0
0
0
0
0
0
0
0
0
0
0
2.139478e-01
2.380048e-01
0
0
0
0
0
0
0
0
0
0
1.956161e-01
0
0
7.488851e-02
0
0
0
0
2.580089e-01
3.489530e-01
4.137463e-01
2.456811e-01
0
0
9.572484e-01
9.032837e-01
7.964973e-01
8.805829e-01
9.018086e-01
1.000000e+00
9.014739e-01
8.733840e-01
5.315499e-01
3.645739e-01
0
0
7.582602e-01
6.964629e-01
6.478607e-02
0
2.870376e-01
1.711124e-01
7.528167e-02
0
2.031005e-01
0
0
0
6.939135e-02
1.250266e-01
0
0
0
0
0
0
1.662218e-01
0
3.660741e-01
6.093429e-01
1.501365e-01
0
0
0
2.007290e-01
0
0
0
2.224605e-01
1.385070e-02
8.671549e-03
0
0
0
0
0
5.426864e-02
0
5.757787e-01
0
6.809562e-01
5.297105e-01
3.778736e-02
0
3.612716e-01
4.170150e-01
6.894929e-03
0
0
0
0
0
0
6.369920e-01
5.112188e-01
5.326172e-01
0
0
3.110287e-02
0
0
0
0
0
0
0
0
0
0
0
0
0
0
0
3.687716e-01
2.356599e-01
0
0
0
0
0
0
0
0
0
0
3.176293e-01
5.729444e-02
0
0
0
0
0
0
1.381978e-01
3.207174e-01
3.232652e-01
3.383081e-01
0
0
8.716972e-01
9.150873e-01
5.944874e-01
7.258981e-01
9.059211e-01
9.014739e-01
1.000000e+00
8.905200e-01
7.060557e-01
4.912376e-01
2.560378e-01
0
8.334307e-01
7.940214e-01
2.884967e-01
1.915986e-01
2.619058e-01
1.096686e-01
4.495582e-02
0
3.440718e-01
0
0
0
0
0
0
0
0
0
0
0
1.248158e-01
0
2.172634e-01
4.761324e-01
2.759058e-01
1.426366e-01
1.225486e-01
0
2.913334e-01
0
0
0
2.683550e-01
0
5.901270e-02
1.259254e-01
0
0
0
0
1.150878e-01
0
4.995991e-01
0
7.241823e-01
5.724910e-01
2.415463e-02
0
3.262105e-01
4.476204e-01
4.805328e-02
0
0
0
0
0
0
7.286783e-01
5.323626e-01
5.084173e-01
0
0
0
0
0
0
0
0
0
0
0
0
0
0
0
0
0
0
1.191961e-01
4.915370e-02
0
0
0
0
0
0
0
0
0
0
5.106563e-02
0
0
0
0
0
0
0
5.817454e-02
3.646155e-01
4.057979e-01
2.937946e-01
0
0
8.108067e-01
8.038875e-01
5.811119e-01
7.465473e-01
7.996180e-01
8.733840e-01
8.905200e-01
1
6.126267e-01
6.182760e-01
1.919591e-01
4.089197e-02
7.175171e-01
6.791266e-01
0
0
3.438933e-01
2.724713e-01
9.168728e-02
0
5.236165e-02
0
0
0
0
0
0
0
0
0
0
0
0
0
1.372664e-01
4.071868e-01
1.689363e-02
0
0
0
2.299024e-01
0
0
0
2.284524e-01
0
1.074803e-01
2.019686e-02
0
3.887105e-02
0
0
1.870118e-01
0
5.590161e-01
0
5.512907e-01
4.453228e-01
7.778233e-02
0
3.445208e-01
4.176110e-01
2.561077e-01
0
0
0
0
0
0
5.667382e-01
4.047970e-01
3.707145e-01
0
0
1.404155e-01
8.763846e-02
0
0
0
0
0
0
0
0
0
0
0
0
0
0
1.752580e-01
5.021998e-03
0
0
0
0
0
0
0
0
0
0
2.305102e-02
0
0
5.781159e-02
1.750691e-02
0
0
0
3.327749e-01
1.738538e-01
4.978183e-01
4.843903e-01
0
0
5.085171e-01
6.126046e-01
1.961440e-01
3.061591e-01
6.229397e-01
5.315499e-01
7.060557e-01
6.126267e-01
1
6.892971e-01
7.234409e-01
2.843879e-01
8.286297e-01
7.484473e-01
2.245526e-01
7.563360e-02
2.500901e-01
0
0
0
1.566320e-02
0
0
0
0
0
0
0
0
0
0
0
3.496560e-02
0
4.056032e-02
1.625909e-01
1.315794e-01
5.963862e-02
0
0
4.212348e-02
0
0
0
1.022209e-01
0
3.263261e-01
3.825361e-01
0
0
0
0
2.050273e-01
0
5.876613e-01
0
4.398630e-01
4.653303e-01
0
0
0
2.912666e-01
8.407611e-02
8.353762e-02
0
0
1.267432e-01
1.575453e-01
0
5.869403e-01
3.903755e-01
4.121255e-01
2.903658e-01
6.973075e-02
4.590203e-01
2.044544e-01
0
0
0
0
2.885048e-02
0
0
0
0
0
2.500568e-02
0
0
0
0
0
0
0
0
0
0
0
1.129897e-01
0
0
0
0
0
0
0
0
0
0
0
1.279411e-01
3.374120e-01
3.711238e-01
5.012511e-01
0
0
2.199402e-01
2.784557e-01
0
4.684116e-02
3.100084e-01
3.645739e-01
4.912376e-01
6.182760e-01
6.892971e-01
1
6.410305e-01
5.441583e-01
4.936186e-01
5.909690e-01
4.565965e-02
8.763768e-02
3.801981e-01
2.541877e-01
2.423706e-02
0
0
0
0
3.711520e-02
0
0
0
9.989513e-03
0
0
0
0
0
0
0
2.455166e-02
0
0
0
0
7.435504e-02
0
0
0
1.568222e-01
0
2.893021e-01
4.721404e-01
2.693870e-02
0
0
0
4.582091e-01
0
6.134894e-01
7.621751e-02
7.664085e-02
6.563380e-02
5.273989e-02
0
0
6.342000e-02
1.741047e-01
1.637156e-01
0
0
1.584237e-01
2.258228e-01
0
3.907277e-01
3.002857e-01
7.010932e-02
4.621690e-01
3.153079e-01
3.005928e-01
3.611694e-01
1.043786e-01
6.977634e-02
1.034724e-01
0
1.315807e-01
0
1.441386e-02
0
0
2.178917e-02
0
0
4.145852e-02
0
2.015277e-02
0
2.405685e-01
2.114863e-01
1.768082e-02
2.054004e-01
0
0
2.170001e-01
4.291265e-02
0
0
0
0
8.558978e-02
6.459999e-02
3.527392e-02
0
0
0
0
0
2.412273e-01
2.810649e-01
0
0
0
3.900869e-02
0
0
8.466322e-02
0
2.560378e-01
1.919591e-01
7.234409e-01
6.410305e-01
1.000000e+00
4.761814e-01
3.800602e-01
3.594000e-01
2.898739e-01
2.134068e-01
5.252070e-02
0
0
0
0
0
0
1.140710e-02
0
0
1.500995e-01
2.020931e-01
0
1.934228e-01
0
0
0
1.199419e-01
0
0
1.188190e-02
1.448029e-01
0
0
0
0
0
0
2.072207e-01
0
4.144124e-01
5.300698e-01
0
0
0
0
1.498858e-01
0
1.798690e-01
0
0
5.985665e-03
0
0
0
0
7.105593e-03
0
0
0
3.463034e-01
3.973714e-01
8.471765e-02
2.073022e-01
3.244583e-02
1.092736e-01
4.329981e-01
2.573198e-01
2.432051e-01
8.559846e-02
0
1.276080e-01
2.484105e-02
0
3.519606e-01
3.068695e-01
1.190580e-01
3.524469e-01
0
1.175577e-01
2.373159e-01
6.997447e-02
0
0
0
0
5.769368e-02
2.418290e-01
0
1.838318e-01
0
0
6.636871e-02
0
0
1.002719e-01
0
0
0
0
2.137990e-01
9.559060e-02
2.235616e-01
5.148621e-02
1.451993e-01
2.625283e-01
2.303527e-01
4.744068e-01
0
2.063240e-01
0
0
0
0
0
0
0
4.089197e-02
2.843879e-01
5.441583e-01
4.761814e-01
1
0
1.006438e-01
0
5.194904e-03
3.037590e-01
3.359498e-01
2.148076e-01
1.549879e-01
0
0
0
3.907197e-02
0
0
2.427846e-02
4.072138e-01
0
2.383528e-02
0
0
0
1.706249e-01
0
0
0
0
0
0
0
0
0
0
0
0
0
2.646047e-01
5.286656e-01
2.760345e-01
0
0
2.978440e-01
8.900747e-02
2.244985e-01
2.262463e-01
0
1.068600e-01
4.284829e-01
0
2.531119e-03
0
2.007466e-01
0
9.596390e-02
3.163642e-01
0
3.003264e-02
0
0
3.201209e-02
0
3.478604e-01
4.293913e-01
6.305230e-03
8.034658e-02
0
0
0
0
0
0
0
0
0
0
0
0
0
0
2.638305e-01
3.077742e-01
0
0
0
0
0
0
0
0
0
0
2.148998e-01
7.978165e-02
1.516829e-02
2.434352e-01
0
0
0
0
3.720803e-01
2.969480e-01
4.895189e-01
4.403839e-01
0
0
7.411457e-01
8.700744e-01
4.875022e-01
5.917458e-01
8.685949e-01
7.582602e-01
8.334307e-01
7.175171e-01
8.286297e-01
4.936186e-01
3.800602e-01
0
1
8.517504e-01
2.781844e-01
1.750238e-01
1.406157e-01
0
0
0
2.137530e-01
0
0
0
0
0
0
0
0
0
0
0
1.830764e-01
0
2.660251e-01
4.728701e-01
2.531886e-01
2.308747e-01
1.382298e-01
0
3.615872e-01
2.100477e-01
0
0
3.480071e-01
1.224840e-01
3.131450e-01
3.129685e-01
0
0
0
0
1.467633e-01
0
6.599205e-01
0
6.202590e-01
4.264369e-01
0
0
0
2.112651e-01
0
7.690640e-02
0
0
1.821781e-01
1.214408e-01
0
6.780281e-01
2.830727e-01
5.627075e-01
9.860143e-02
0
1.984273e-01
0
0
0
0
0
0
0
0
0
0
0
0
0
0
0
3.058415e-01
3.063823e-01
0
0
0
0
0
0
0
0
0
0
3.557928e-01
2.363145e-01
0
8.162018e-02
5.340945e-02
4.726940e-02
0
0
5.201906e-01
4.771805e-01
3.496200e-01
5.743073e-01
1.072210e-01
0
5.743352e-01
7.422302e-01
2.906905e-01
4.888344e-01
7.140768e-01
6.964629e-01
7.940214e-01
6.791266e-01
7.484473e-01
5.909690e-01
3.594000e-01
1.006438e-01
8.517504e-01
1
3.432986e-01
2.543914e-01
4.270122e-01
1.855450e-01
3.927822e-02
0
3.434658e-01
0
0
0
0
0
0
0
1.879720e-02
0
1.471957e-01
0
4.177071e-01
1.316556e-01
3.407220e-01
5.051635e-01
2.978498e-01
2.147024e-01
1.582762e-01
0
2.472565e-01
5.447162e-02
0
0
1.496504e-01
0
4.154196e-02
4.997555e-01
0
0
0
0
1.066758e-01
0
6.447826e-01
0
6.882281e-01
5.805061e-01
0
0
5.133366e-03
2.403345e-01
0
0
1.682199e-01
0
0
0
0
6.158281e-01
3.663867e-01
5.136585e-01
5.001027e-02
0
2.868230e-01
6.391107e-01
0
0
0
0
0
0
0
0
1.121049e-01
3.550653e-01
0
0
0
0
6.933411e-01
6.335283e-01
3.826021e-01
2.580716e-01
0
8.365821e-02
0
0
0
0
1.069603e-02
0
6.638336e-01
5.258133e-01
0
0
5.024387e-01
2.068448e-01
0
0
1.623456e-01
4.006977e-01
2.296417e-02
5.672714e-01
2.126511e-01
3.236575e-01
8.720596e-02
2.404994e-01
0
0
2.531810e-01
6.478607e-02
2.884967e-01
0
2.245526e-01
4.565965e-02
2.898739e-01
0
2.781844e-01
3.432986e-01
1
7.921407e-01
0
0
0
0
5.051097e-01
3.455663e-01
0
0
0
0
4.933055e-01
3.244142e-01
2.772804e-01
2.582543e-01
3.947018e-01
3.684092e-01
3.518503e-01
2.522427e-01
1.134969e-01
1.830147e-01
7.712495e-01
6.144696e-01
6.912017e-01
3.473024e-01
3.580405e-01
2.875298e-01
0
0
1.876941e-01
0
0
3.604847e-01
0
0
0
0
0
0
6.605408e-02
0
4.292596e-01
1.139646e-01
0
0
0
0
0
0
0
0
7.727001e-02
0
1.057099e-01
4.456315e-01
1.491387e-01
1.358518e-01
1.104063e-01
6.113349e-02
4.016282e-01
6.438754e-01
0
0
0
0
0
0
0
0
2.508015e-01
3.850847e-01
0
6.713900e-02
2.974356e-03
5.691198e-02
5.221339e-01
5.188047e-01
3.947550e-01
2.085384e-01
0
0
0
0
0
0
0
0
5.851603e-01
5.748245e-01
0
0
4.488448e-01
8.682613e-02
0
0
0
3.193849e-01
0
4.812425e-01
1.809301e-01
3.792638e-01
0
1.032436e-01
0
0
1.161630e-01
0
1.915986e-01
0
7.563360e-02
8.763768e-02
2.134068e-01
5.194904e-03
1.750238e-01
2.543914e-01
7.921407e-01
1.000000e+00
0
5.785854e-02
0
0
5.803428e-01
6.582641e-01
0
0
0
0
2.311192e-01
1.337125e-01
2.404764e-02
1.729239e-01
2.569432e-01
3.849867e-01
2.724298e-01
1.585607e-01
0
6.756995e-02
5.262949e-01
5.024209e-01
5.740718e-01
2.335785e-01
6.098428e-01
4.194668e-01
0
0
2.862619e-01
1.142356e-01
0
3.145127e-01
0
0
0
0
1.719116e-02
6.676053e-02
0
0
3.187836e-01
0
0
0
0
0
0
0
2.117002e-02
0
2.787550e-01
1.801501e-01
2.412455e-01
1.286722e-01
0
0
1.546367e-01
1.545295e-01
2.991949e-01
0
0
0
0
0
0
0
0
0
0
1.430490e-01
1.272152e-01
5.015005e-02
0
0
0
0
0
0
0
0
0
0
0
0
0
0
6.768280e-02
0
0
0
0
1.743745e-01
0
0
2.627827e-01
2.088392e-01
6.607752e-02
2.604215e-01
1.399063e-01
7.705552e-02
6.652349e-02
1.457340e-01
0
1.895826e-01
8.925374e-03
2.870376e-01
2.619058e-01
3.438933e-01
2.500901e-01
3.801981e-01
5.252070e-02
3.037590e-01
1.406157e-01
4.270122e-01
0
0
1
7.106032e-01
5.209719e-01
9.747982e-02
2.195534e-01
1.953085e-01
0
0
2.037826e-01
4.620863e-01
0
1.581946e-01
0
0
2.044024e-01
1.576137e-01
3.555276e-01
1.860388e-01
1.019554e-01
2.145125e-01
0
0
0
0
0
2.172329e-03
0
2.575022e-02
0
0
8.698318e-04
1.590609e-01
3.187645e-01
2.876449e-01
0
9.469327e-02
0
0
2.518184e-01
1.668711e-02
2.429987e-01
4.370028e-01
4.185976e-01
0
4.551336e-01
5.370526e-01
6.559099e-02
0
2.344357e-01
1.827665e-01
0
0
0
2.523263e-02
4.329294e-01
1.765936e-01
0
0
2.030813e-01
0
0
0
0
0
0
3.351772e-01
0
0
0
2.643225e-01
2.048267e-01
1.821924e-01
0
5.409998e-03
0
0
0
0
0
0
0
0
0
0
0
0
8.575619e-02
5.814132e-02
0
0
1.827043e-02
2.064698e-01
0
1.423836e-01
1.039099e-01
3.429430e-01
0
1.140949e-01
1.405878e-01
1.665276e-01
0
0
0
1.448079e-01
0
1.711124e-01
1.096686e-01
2.724713e-01
0
2.541877e-01
0
3.359498e-01
0
1.855450e-01
0
5.785854e-02
7.106032e-01
1.000000e+00
6.348828e-01
5.520121e-01
1.643388e-01
3.599854e-01
0
0
1.527986e-01
4.712071e-01
0
1.277085e-01
0
0
1.222140e-01
2.628104e-01
2.223737e-01
2.326720e-01
2.417863e-02
2.370210e-01
0
0
0
0
0
0
0
1.389841e-01
0
0
0
5.149500e-02
4.194666e-01
2.764962e-01
8.769932e-02
9.690631e-02
0
0
1.526278e-01
0
2.096467e-01
2.817586e-01
3.396276e-01
0
3.923612e-01
3.700945e-01
4.970992e-02
0
1.667488e-01
1.315095e-01
0
0
0
0
1.852344e-01
0
0
0
3.176245e-02
0
0
0
0
0
0
2.750445e-01
0
1.323835e-01
0
1.816238e-01
4.005977e-01
2.170986e-01
0
2.976289e-01
1.733182e-02
0
0
0
0
0
0
0
0
0
0
0
7.120717e-03
4.466821e-02
0
0
8.930472e-02
4.370976e-01
1.011092e-01
4.384268e-01
0
0
1.084220e-01
0
2.068751e-01
0
0
0
2.680121e-02
1.035171e-01
0
7.528167e-02
4.495582e-02
9.168728e-02
0
2.423706e-02
0
2.148076e-01
0
3.927822e-02
0
0
5.209719e-01
6.348828e-01
1
4.263301e-01
2.773411e-01
3.551649e-01
0
0
3.257109e-01
6.146465e-01
2.827427e-02
0
0
1.138122e-01
1.952830e-01
2.641947e-01
3.277352e-01
3.515947e-01
6.773272e-02
1.388411e-01
0
0
0
0
0
0
0
1.754362e-01
0
0
0
0
5.532064e-01
3.886305e-01
3.623853e-01
1.492963e-01
0
0
0
0
2.154256e-01
4.541033e-01
4.500015e-01
0
4.772207e-01
4.548364e-01
0
0
2.263053e-01
2.396225e-01
0
0
0
0
1.502959e-01
1.545847e-01
0
0
2.094783e-02
0
0
4.130137e-01
0
3.272798e-01
2.709305e-01
7.273984e-01
1.627678e-01
6.830914e-01
4.183000e-02
4.241954e-01
5.737119e-01
5.633182e-01
1.431692e-01
3.916482e-01
0
0
7.876509e-02
1.617496e-01
0
0
0
0
9.529765e-02
0
1.683696e-01
7.969306e-02
0
0
0
0
0
2.277068e-02
4.284091e-01
3.773792e-01
0
0
0
0
1.008258e-02
1.184068e-01
0
0
0
0
0
0
0
0
0
0
0
1.549879e-01
0
0
0
0
9.747982e-02
5.520121e-01
4.263301e-01
1
0
2.650515e-01
2.874220e-01
4.638425e-01
1.517302e-01
2.769004e-01
0
1.723694e-01
0
1.250349e-01
2.803917e-02
2.959077e-01
0
1.943076e-01
0
0
0
0
0
1.346549e-02
0
0
4.677056e-03
4.299213e-01
0
0
0
0
4.945515e-01
1.912667e-01
4.485018e-01
2.070456e-01
0
2.563265e-01
0
2.237332e-01
0
0
2.705560e-01
1.983485e-01
1.465067e-01
0
0
0
0
2.163708e-01
0
0
0
0
0
0
0
8.114803e-03
8.524560e-02
0
0
0
0
0
0
0
0
0
3.350824e-01
3.905219e-01
0
1.960790e-01
0
3.743083e-01
7.177689e-01
5.899436e-01
0
0
0
0
0
0
0
0
0
0
8.247926e-01
7.895249e-01
0
0
2.101843e-01
3.675079e-01
0
0
1.028593e-01
6.708965e-02
0
8.370821e-02
5.763222e-01
2.611478e-01
1.801779e-01
4.032802e-01
4.407528e-02
2.024941e-01
2.947552e-01
2.031005e-01
3.440718e-01
5.236165e-02
1.566320e-02
0
0
0
2.137530e-01
3.434658e-01
5.051097e-01
5.803428e-01
2.195534e-01
1.643388e-01
2.773411e-01
0
1
6.652741e-01
0
0
0
6.899867e-02
4.347013e-01
1.315323e-01
1.513490e-01
3.411106e-01
5.951877e-01
5.123230e-01
6.638038e-01
3.151020e-01
2.133339e-01
3.855268e-01
5.418697e-01
5.634330e-01
6.727684e-01
8.729156e-02
3.407135e-01
3.766158e-01
0
0
0
0
0
8.360319e-02
0
0
0
0
0
0
0
0
5.484776e-01
5.040607e-01
0
7.324438e-02
2.806277e-01
4.181158e-01
0
0
2.587055e-01
0
0
0
0
1.805155e-01
2.202748e-01
4.121473e-01
0
0
4.550860e-01
1.975282e-01
0
7.848740e-02
0
0
0
3.221519e-01
0
0
4.267816e-01
5.891454e-01
1.657125e-01
4.998234e-01
1.411024e-01
3.732354e-01
2.588965e-01
1.715429e-01
3.823926e-01
2.637527e-01
0
0
0
0
0
0
0
0
4.976157e-01
5.532916e-01
0
0
3.397731e-01
3.158713e-01
0
0
0
0
0
0
3.189764e-01
2.366034e-01
0
0
0
0
0
0
0
0
0
0
0
0
0
0
3.455663e-01
6.582641e-01
1.953085e-01
3.599854e-01
3.551649e-01
2.650515e-01
6.652741e-01
1.000000e+00
0
0
0
0
2.631794e-01
1.668570e-01
4.419043e-03
3.126818e-01
4.011342e-01
5.239475e-01
3.895316e-01
2.938913e-01
0
0
1.558451e-01
2.331352e-01
3.156317e-01
0
3.309662e-01
1.696052e-01
0
0
2.179279e-02
0
0
2.709788e-02
0
0
0
0
0
1.255675e-02
0
0
3.651905e-02
1.195767e-02
0
0
2.532843e-01
4.891479e-02
0
0
1.849679e-01
0
3.441865e-02
1.489680e-04
1.205172e-01
0
1.434484e-02
0
0
0
0
0
4.004842e-01
4.189029e-01
4.462328e-01
5.142992e-01
3.344778e-01
9.714899e-02
5.594933e-01
4.518594e-01
0
0
1.571136e-01
0
2.338969e-01
0
0
0
0
0
1.079596e-01
6.888803e-02
5.397277e-01
4.726029e-01
4.446594e-01
3.671769e-01
2.174955e-01
1.854125e-01
0
0
2.831289e-01
1.338217e-01
0
0
8.121389e-01
6.660277e-01
0
0
1.827515e-01
0
0
0
0
0
1.361000e-01
0
0
0
0
0
0
0
0
0
0
0
0
0
0
0
0
2.874220e-01
0
0
1
4.633294e-01
4.718325e-01
2.198509e-01
0
0
0
0
0
0
0
0
0
0
0
0
0
1.945303e-01
0
0
6.937801e-01
4.310975e-01
0
1.904018e-01
2.019437e-01
0
1.907918e-01
2.783294e-01
3.636192e-01
3.745500e-01
4.454793e-02
3.755186e-01
0
1.366916e-01
0
0
0
4.085145e-01
0
0
1.242990e-01
2.840442e-01
0
3.138693e-01
1.728585e-01
1.962950e-01
4.957184e-02
0
0
0
0
0
2.645957e-01
1.264407e-01
6.380084e-01
4.991348e-01
5.480659e-01
3.646743e-01
6.522231e-01
2.676214e-01
2.216455e-01
5.464498e-01
2.498091e-01
1.681811e-01
5.147082e-01
3.291133e-01
3.483400e-01
0
0
0
3.585559e-01
1.312645e-01
1.454396e-01
0
5.456026e-01
4.274576e-01
8.721362e-01
6.849191e-01
4.998411e-01
2.780439e-01
0
0
5.618800e-01
6.187053e-02
0
0
4.703048e-01
1.335693e-01
0
0
6.783494e-02
0
0
0
0
0
0
0
0
0
0
0
0
3.711520e-02
1.140710e-02
3.907197e-02
0
0
0
0
0
0
0
4.638425e-01
0
0
4.633294e-01
1
5.061960e-02
0
0
0
0
0
0
0
0
0
0
0
0
0
0
1.110780e-01
0
0
3.232417e-01
6.255608e-01
0
0
5.312494e-01
1.254165e-01
1.540776e-01
2.346982e-01
3.009635e-01
2.369830e-01
0
4.023144e-01
0
4.093211e-01
0
0
1.457222e-01
2.249523e-01
0
0
7.673535e-02
1.823402e-01
0
5.948774e-02
6.573679e-02
1.253532e-01
2.569489e-01
0
0
0
2.998884e-02
6.928445e-02
0
0
0
1.343132e-01
0
0
1.341900e-01
0
0
7.652099e-03
0
0
6.066632e-02
0
0
0
0
0
0
0
0
0
3.812955e-03
3.928787e-02
0
0
0
0
0
0
0
7.170519e-02
1.544822e-02
3.903619e-01
4.881942e-01
8.023789e-01
4.035320e-01
0
1.911812e-01
0
3.448849e-01
0
6.005463e-02
0
4.103825e-01
3.359523e-01
0
6.939135e-02
0
0
0
0
0
0
0
0
0
0
2.037826e-01
1.527986e-01
3.257109e-01
1.517302e-01
0
0
4.718325e-01
5.061960e-02
1
8.709656e-01
0
0
1.345116e-01
0
2.221430e-01
1.979111e-01
2.626604e-01
2.927855e-01
6.111825e-01
3.787963e-01
0
0
0
0
0
0
3.014423e-01
4.349292e-01
0
2.792521e-02
0
0
3.675152e-01
3.601512e-01
3.450227e-01
3.310929e-01
0
0
5.817252e-02
0
2.220356e-02
2.616324e-01
1.301300e-01
1.694594e-01
3.677584e-03
1.804468e-01
0
0
1.713020e-01
2.235407e-01
0
0
0
0
0
2.698920e-01
0
0
0
0
0
4.376616e-02
0
0
3.048164e-02
2.075807e-02
0
0
4.282929e-03
0
1.531501e-01
0
0
0
0
0
0
0
0
0
0
0
0
0
0
0
0
5.375098e-02
0
0
6.128150e-03
4.339784e-01
3.307703e-01
7.615111e-01
3.240469e-01
0
1.328218e-01
0
4.402921e-01
0
3.309121e-02
0
3.130122e-01
3.619864e-01
0
1.250266e-01
0
0
0
0
0
0
0
0
0
0
4.620863e-01
4.712071e-01
6.146465e-01
2.769004e-01
6.899867e-02
0
2.198509e-01
0
8.709656e-01
1
0
0
3.348022e-04
0
2.828955e-01
2.428245e-01
4.109890e-01
2.527601e-01
5.323856e-01
4.271592e-01
0
0
0
0
0
0
6.237954e-02
4.444302e-01
0
0
0
0
4.140994e-01
4.936512e-01
4.053628e-01
3.732089e-01
0
0
0
0
1.661386e-01
3.959595e-01
2.550804e-01
7.106410e-02
2.582302e-01
3.198661e-01
0
0
2.952610e-01
2.465751e-01
0
0
0
0
5.303613e-02
2.363320e-01
0
0
0
1.092304e-01
0
0
5.538227e-02
2.285105e-01
0
2.539152e-01
0
1.796008e-01
5.487394e-02
5.612848e-01
3.594035e-02
3.663675e-01
4.759833e-02
3.277013e-01
5.127052e-01
3.153619e-01
2.055465e-01
5.686901e-01
3.616676e-01
4.925618e-01
0
0
0
0
2.804309e-01
1.240058e-01
4.527568e-01
4.250493e-01
0
0
3.616097e-01
5.172281e-01
0
0
0
0
0
0
2.583305e-01
1.391831e-01
0
0
0
0
0
0
0
0
0
0
1.500995e-01
2.427846e-02
0
0
4.933055e-01
2.311192e-01
0
0
2.827427e-02
0
4.347013e-01
2.631794e-01
0
0
0
0
1
6.455194e-01
4.259768e-01
6.536387e-01
5.448532e-01
4.010161e-01
3.109958e-01
4.768929e-01
1.058163e-01
0
5.428136e-01
4.876806e-01
5.888960e-01
3.534522e-01
0
6.321129e-03
1.942937e-01
0
0
0
0
2.316563e-01
1.984826e-01
0
1.466704e-01
0
0
0
0
0
1.848647e-01
2.053816e-01
2.065482e-01
3.084742e-01
7.542924e-02
1.517514e-01
0
0
0
0
0
0
0
4.109006e-02
1.192809e-01
0
0
0
1.901541e-01
8.024864e-02
0
2.742496e-01
0
1.824808e-01
2.145951e-01
5.720769e-01
7.640113e-02
4.076931e-01
8.017447e-02
6.172281e-01
3.098138e-01
5.515044e-01
8.195088e-02
4.007174e-01
2.245087e-01
1.385805e-02
2.470273e-01
5.096511e-01
2.092108e-01
5.150502e-01
0
4.550663e-02
0
0
1.814105e-01
5.999817e-02
2.311947e-01
2.533297e-01
0
0
1.927068e-01
2.491282e-01
0
0
1.699289e-01
1.871085e-01
0
1.426104e-01
2.671680e-01
4.048275e-01
0
0
0
0
0
0
0
0
0
9.989513e-03
2.020931e-01
4.072138e-01
0
0
3.244142e-01
1.337125e-01
1.581946e-01
1.277085e-01
0
1.723694e-01
1.315323e-01
1.668570e-01
0
0
0
0
6.455194e-01
1.000000e+00
5.051442e-01
6.336883e-01
5.132226e-01
4.731381e-01
1.824700e-01
5.567607e-01
0
0
1.869639e-01
1.077913e-01
2.700541e-01
1.141611e-01
0
0
0
0
0
0
0
3.215349e-01
3.522090e-01
0
8.988266e-02
0
0
0
0
6.943763e-02
0
2.771037e-02
2.238480e-01
1.560935e-01
0
0
0
0
1.979772e-01
1.695458e-02
0
0
0
0
8.782214e-02
0
1.481742e-01
1.245081e-01
0
8.820965e-02
9.124053e-02
1.330626e-01
1.013996e-01
1.769085e-01
0
1.771777e-01
0
0
1.101880e-01
2.808010e-01
0
9.033097e-02
0
1.920148e-02
2.850181e-01
4.538779e-01
1.717815e-01
1.893545e-01
1.878382e-01
3.314150e-01
6.357249e-02
2.092825e-01
0
7.743733e-03
2.446409e-01
1.336329e-01
4.540701e-01
5.333804e-01
2.474584e-02
8.252864e-02
1.664009e-01
2.255267e-01
0
0
2.112421e-01
2.665977e-01
0
0
3.768601e-01
3.164163e-01
0
0
0
4.239457e-03
0
0
0
0
0
0
0
0
0
1.879720e-02
2.772804e-01
2.404764e-02
0
0
0
0
1.513490e-01
4.419043e-03
0
0
1.345116e-01
3.348022e-04
4.259768e-01
5.051442e-01
1
5.327799e-01
5.581130e-01
4.005070e-01
3.302048e-01
3.854174e-01
3.995336e-01
1.231264e-01
3.867329e-01
3.569603e-01
5.300222e-01
5.109900e-01
0
2.674964e-01
6.937669e-02
3.482840e-02
0
1.528220e-01
0
1.717358e-01
0
0
0
0
0
0
2.465184e-03
0
5.165451e-02
0
0
2.908779e-02
0
0
0
0
1.623528e-01
0
4.598488e-02
0
0
1.106368e-03
0
0
0
0
0
0
0
4.291985e-01
0
3.610327e-01
2.730059e-02
5.726034e-01
0
3.356719e-01
2.482154e-01
5.817742e-01
1.911848e-01
4.455667e-01
1.338514e-01
4.550528e-01
3.800099e-01
2.899458e-01
1.763292e-01
3.217828e-01
0
2.020973e-01
6.769039e-02
1.120818e-01
0
0
0
0
3.830994e-01
5.971036e-01
0
1.994034e-01
2.491601e-01
4.447427e-01
0
0
2.453182e-02
0
0
0
3.134123e-01
1.104082e-01
0
0
0
0
0
0
0
0
0
0
1.934228e-01
2.383528e-02
0
0
2.582543e-01
1.729239e-01
0
0
1.138122e-01
1.250349e-01
3.411106e-01
3.126818e-01
0
0
0
0
6.536387e-01
6.336883e-01
5.327799e-01
1
6.611813e-01
5.816342e-01
4.456283e-01
7.703165e-01
8.437744e-02
0
3.505893e-01
5.587953e-01
5.375410e-01
3.338906e-01
0
0
2.768700e-01
8.279815e-02
0
0
0
3.703480e-01
1.760753e-01
0
7.524907e-02
0
0
0
0
0
0
7.794052e-02
0
1.529526e-01
0
0
0
0
1.456060e-01
0
8.387226e-02
0
0
0
0
3.216128e-02
0
0
0
0
0
1.950636e-02
0
0
0
1.967740e-01
0
0
1.640518e-01
3.583623e-01
0
1.955699e-01
0
3.299971e-01
5.528193e-01
5.869722e-01
0
2.546401e-02
0
7.873065e-02
0
0
0
0
0
0
7.174511e-01
7.974596e-01
0
1.932429e-02
4.731533e-01
5.932153e-01
0
9.466863e-02
4.620451e-01
1.271178e-01
0
1.555946e-01
8.514433e-01
5.429876e-01
0
0
0
0
0
0
0
0
0
0
0
0
0
1.471957e-01
3.947018e-01
2.569432e-01
2.044024e-01
1.222140e-01
1.952830e-01
2.803917e-02
5.951877e-01
4.011342e-01
0
0
2.221430e-01
2.828955e-01
5.448532e-01
5.132226e-01
5.581130e-01
6.611813e-01
1
8.752566e-01
8.492662e-01
8.118774e-01
4.583979e-01
2.665395e-01
5.811865e-01
5.012829e-01
5.616664e-01
1.708874e-01
0
2.653819e-01
0
0
0
8.983340e-03
0
9.818491e-02
6.343155e-02
0
0
0
0
0
0
0
3.117704e-01
4.044106e-01
0
7.579421e-03
8.382874e-03
3.280596e-02
0
0
4.343715e-01
0
0
0
0
0
0
2.916443e-01
0
0
0
0
0
1.448309e-01
0
0
0
3.544313e-01
0
9.784026e-02
1.253134e-01
3.787780e-01
6.756674e-02
2.358380e-01
0
3.271141e-01
4.902115e-01
5.480626e-01
0
5.733255e-02
0
9.994261e-03
0
0
0
0
0
0
6.124862e-01
7.543355e-01
0
0
5.222475e-01
5.150968e-01
0
1.180399e-01
4.174521e-01
1.864121e-01
0
1.921910e-01
7.845789e-01
6.684621e-01
0
0
0
0
0
0
0
0
0
0
0
0
0
0
3.684092e-01
3.849867e-01
1.576137e-01
2.628104e-01
2.641947e-01
2.959077e-01
5.123230e-01
5.239475e-01
0
0
1.979111e-01
2.428245e-01
4.010161e-01
4.731381e-01
4.005070e-01
5.816342e-01
8.752566e-01
1
7.520675e-01
8.491223e-01
3.407416e-01
2.757195e-01
4.603430e-01
3.501085e-01
4.440630e-01
8.739604e-02
1.079953e-01
2.212558e-01
0
0
0
9.435741e-02
0
0
1.612862e-02
0
0
0
0
0
0
0
1.595514e-01
1.847326e-01
0
4.965962e-02
0
0
0
0
3.644004e-01
0
0
0
0
0
0
1.688959e-01
0
0
2.449738e-02
0
0
0
0
0
0
0
0
0
2.084994e-01
2.132964e-01
0
0
0
1.378414e-01
4.603244e-01
5.926104e-01
0
0
0
0
0
0
0
0
0
0
6.338721e-01
7.487778e-01
0
1.255469e-01
2.994502e-01
4.365817e-01
0
3.413461e-02
5.166786e-01
1.225841e-01
0
2.098099e-01
7.368829e-01
2.769383e-01
5.486237e-02
2.401236e-01
5.970382e-02
1.767402e-01
1.320885e-01
1.662218e-01
1.248158e-01
0
3.496560e-02
0
0
0
1.830764e-01
4.177071e-01
3.518503e-01
2.724298e-01
3.555276e-01
2.223737e-01
3.277352e-01
0
6.638038e-01
3.895316e-01
0
0
2.626604e-01
4.109890e-01
3.109958e-01
1.824700e-01
3.302048e-01
4.456283e-01
8.492662e-01
7.520675e-01
1
6.976819e-01
5.760320e-01
6.027733e-01
4.713609e-01
4.425935e-01
4.003655e-01
0
1.054016e-01
2.081225e-01
0
0
0
1.504794e-02
0
1.997920e-01
0
0
0
0
0
0
1.491941e-02
0
4.626656e-01
4.601877e-01
0
0
3.782454e-02
1.021547e-01
0
0
3.971520e-01
0
0
0
0
7.904269e-02
5.730587e-02
5.576823e-01
0
0
0
0
0
2.819162e-01
0
0
0
4.399230e-01
0
1.788698e-01
0
3.183954e-01
1.053539e-01
1.480708e-01
0
2.459361e-01
3.768918e-01
3.755580e-01
0
6.140746e-02
0
6.227409e-02
0
0
0
0
0
0
4.164951e-01
5.917574e-01
0
6.641495e-02
4.677473e-01
5.884543e-01
0
1.836674e-01
4.411993e-01
1.688755e-02
0
1.100832e-01
5.612877e-01
3.991368e-01
0
0
0
0
0
0
0
0
0
0
1.199419e-01
1.706249e-01
0
1.316556e-01
2.522427e-01
1.585607e-01
1.860388e-01
2.326720e-01
3.515947e-01
1.943076e-01
3.151020e-01
2.938913e-01
0
0
2.927855e-01
2.527601e-01
4.768929e-01
5.567607e-01
3.854174e-01
7.703165e-01
8.118774e-01
8.491223e-01
6.976819e-01
1.000000e+00
3.719681e-01
1.892677e-01
3.710594e-01
3.536390e-01
3.150339e-01
2.911070e-03
0
0
7.332465e-03
0
0
0
0
1.892411e-01
2.221066e-01
0
0
0
0
0
0
0
1.463641e-01
2.772818e-01
0
0
0
0
0
0
3.255583e-01
0
0
0
0
0
0
2.549422e-01
0
0
0
0
0
0
0
0
0
0
0
0
0
0
0
0
0
0
3.320988e-01
4.353692e-01
0
0
0
0
0
0
0
0
0
0
4.218326e-01
4.234396e-01
0
0
2.138748e-01
4.346861e-01
0
3.061317e-01
6.067910e-01
2.525252e-01
2.501547e-01
2.097915e-01
5.601848e-01
1.944074e-01
3.727409e-01
4.146401e-01
5.537929e-01
5.612200e-01
2.756435e-01
3.660741e-01
2.172634e-01
1.372664e-01
4.056032e-02
0
0
0
2.660251e-01
3.407220e-01
1.134969e-01
0
1.019554e-01
2.417863e-02
6.773272e-02
0
2.133339e-01
0
0
0
6.111825e-01
5.323856e-01
1.058163e-01
0
3.995336e-01
8.437744e-02
4.583979e-01
3.407416e-01
5.760320e-01
3.719681e-01
1
7.798878e-01
4.354450e-01
2.040245e-01
2.781415e-01
2.102056e-02
0
4.803526e-03
7.854295e-02
0
3.504707e-02
1.663362e-02
0
0
0
0
0
0
0
0
2.750415e-01
0
5.156352e-01
4.979325e-01
0
0
0
3.438675e-02
0
0
2.462442e-01
0
0
0
0
4.561059e-01
1.505441e-01
6.215748e-01
0
0
0
0
0
0
0
0
0
0
0
0
1.385913e-02
0
0
0
0
0
4.090195e-01
5.085089e-01
0
0
0
0
0
0
0
0
0
0
4.240259e-01
4.027600e-01
0
0
4.492955e-02
1.926906e-01
0
2.982387e-02
5.550490e-01
3.949223e-01
3.108713e-01
2.918158e-01
4.014416e-01
6.711797e-02
5.547542e-01
6.604288e-01
6.111317e-01
6.541319e-01
5.268113e-01
6.093429e-01
4.761324e-01
4.071868e-01
1.625909e-01
2.455166e-02
0
0
4.728701e-01
5.051635e-01
1.830147e-01
6.756995e-02
2.145125e-01
2.370210e-01
1.388411e-01
0
3.855268e-01
0
0
0
3.787963e-01
4.271592e-01
0
0
1.231264e-01
0
2.665395e-01
2.757195e-01
6.027733e-01
1.892677e-01
7.798878e-01
1
3.539183e-01
9.961637e-02
2.233531e-01
0
1.927519e-01
5.541538e-02
0
0
6.261635e-02
2.093164e-02
0
0
0
0
0
0
7.106699e-02
0
4.571856e-01
0
6.294488e-01
4.827158e-01
0
0
0
2.188167e-01
0
0
0
0
0
0
0
5.892846e-01
2.884517e-01
6.189068e-01
0
0
0
2.589251e-01
0
0
0
0
0
0
0
0
1.268700e-02
1.571778e-01
0
0
0
0
8.350680e-01
8.368075e-01
2.982878e-03
2.458738e-02
0
0
0
0
0
0
0
0
8.178688e-01
6.701589e-01
0
0
6.377710e-01
5.442267e-01
0
0
2.745173e-01
3.581905e-01
1.900430e-01
4.269787e-01
5.186740e-01
3.910366e-01
2.412778e-01
3.426255e-01
1.619282e-01
1.644570e-01
3.630722e-01
1.501365e-01
2.759058e-01
1.689363e-02
1.315794e-01
0
1.188190e-02
0
2.531886e-01
2.978498e-01
7.712495e-01
5.262949e-01
0
0
0
0
5.418697e-01
1.558451e-01
0
0
0
0
5.428136e-01
1.869639e-01
3.867329e-01
3.505893e-01
5.811865e-01
4.603430e-01
4.713609e-01
3.710594e-01
4.354450e-01
3.539183e-01
1
7.788388e-01
8.486289e-01
5.557545e-01
1.544696e-01
2.546409e-01
0
0
0
0
0
1.256353e-01
0
0
0
0
0
0
2.859777e-02
0
7.066263e-01
4.122806e-01
0
0
0
0
0
0
0
0
0
0
0
3.853432e-01
0
1.903917e-01
0
0
0
2.536100e-01
0
0
0
1.776817e-01
0
0
0
0
2.064180e-01
2.939888e-01
0
0
6.768345e-02
2.340942e-01
6.242709e-01
7.187188e-01
1.884569e-01
4.578302e-02
0
0
6.708592e-02
0
0
0
0
0
6.197699e-01
6.898537e-01
0
1.403447e-01
3.751606e-01
3.509501e-01
0
0
0
0
0
4.718093e-02
3.252778e-01
6.974975e-02
4.815325e-02
2.024953e-01
0
7.322758e-03
2.374331e-01
0
1.426366e-01
0
5.963862e-02
0
1.448029e-01
0
2.308747e-01
2.147024e-01
6.144696e-01
5.024209e-01
0
0
0
0
5.634330e-01
2.331352e-01
0
0
0
0
4.876806e-01
1.077913e-01
3.569603e-01
5.587953e-01
5.012829e-01
3.501085e-01
4.425935e-01
3.536390e-01
2.040245e-01
9.961637e-02
7.788388e-01
1
8.424674e-01
6.549702e-01
2.227075e-01
2.528413e-01
2.155089e-01
0
1.655363e-01
0
0
2.919767e-01
0
0
0
0
0
0
0
0
4.264867e-01
1.327789e-01
0
0
0
0
0
0
9.509874e-02
0
6.050381e-02
0
0
1.472928e-01
0
2.294741e-01
0
0
0
3.257397e-01
0
0
0
1.092826e-01
0
0
0
0
2.992328e-01
3.822875e-01
0
8.359846e-02
9.128155e-02
1.786519e-01
8.338695e-01
7.688692e-01
1.264690e-01
1.404339e-01
0
0
0
0
0
0
0
0
8.228186e-01
8.097322e-01
0
0
4.026692e-01
4.139839e-01
0
0
7.656103e-02
1.733492e-01
0
1.322266e-01
4.759040e-01
3.223479e-01
3.832455e-02
2.399460e-01
0
2.072338e-02
2.102124e-01
0
1.225486e-01
0
0
0
0
0
1.382298e-01
1.582762e-01
6.912017e-01
5.740718e-01
0
0
0
0
6.727684e-01
3.156317e-01
0
0
0
0
5.888960e-01
2.700541e-01
5.300222e-01
5.375410e-01
5.616664e-01
4.440630e-01
4.003655e-01
3.150339e-01
2.781415e-01
2.233531e-01
8.486289e-01
8.424674e-01
1
6.913319e-01
2.792567e-01
3.590371e-01
1.202936e-01
0
0
0
0
1.882604e-01
0
0
0
0
0
0
0
0
4.714296e-01
2.455218e-01
0
0
0
0
0
0
0
0
1.155083e-01
0
0
2.723249e-01
0
1.477623e-01
0
0
0
3.670866e-01
9.969054e-02
3.034766e-02
2.924042e-01
4.432199e-01
0
5.947663e-02
9.566818e-02
2.101645e-01
1.988679e-01
2.928195e-01
0
1.088335e-01
2.989033e-01
1.225085e-01
3.985225e-01
5.662307e-01
2.402418e-01
1.679124e-01
0
0
3.088226e-01
1.893879e-01
1.635307e-01
9.550423e-02
2.322969e-01
2.649885e-01
2.853031e-01
3.508707e-01
1.855300e-02
0
1.658224e-01
1.100551e-01
1.101651e-01
0
0
2.494601e-02
0
0
8.447976e-02
1.074275e-01
0
0
0
0
0
0
0
0
0
0
0
0
0
0
3.473024e-01
2.335785e-01
0
0
0
1.346549e-02
8.729156e-02
0
1.945303e-01
1.110780e-01
0
0
3.534522e-01
1.141611e-01
5.109900e-01
3.338906e-01
1.708874e-01
8.739604e-02
0
2.911070e-03
2.102056e-02
0
5.557545e-01
6.549702e-01
6.913319e-01
1
0
3.073232e-01
3.994698e-01
6.938913e-02
0
1.405565e-01
0
1.661422e-01
0
0
6.156531e-02
0
0
1.611495e-01
0
0
9.338744e-02
0
0
1.041920e-01
0
0
0
0
0
0
9.305032e-02
0
0
0
0
0
0
0
1.351891e-01
3.778124e-01
0
0
0
0
0
0
4.262256e-04
0
1.731429e-01
0
0
0
8.337143e-02
0
2.297691e-01
3.247483e-01
1.613018e-01
0
0
0
7.160626e-02
8.303112e-02
0
0
0
0
3.706181e-01
4.178556e-01
3.066759e-01
3.666165e-01
0
0
0
0
1.322156e-03
2.885432e-01
0
2.365678e-01
1.091059e-01
2.943281e-01
2.240154e-01
3.477482e-01
9.572461e-02
5.952440e-02
3.728440e-01
2.007290e-01
2.913334e-01
2.299024e-01
4.212348e-02
7.435504e-02
0
0
3.615872e-01
2.472565e-01
3.580405e-01
6.098428e-01
0
0
0
0
3.407135e-01
3.309662e-01
0
0
0
0
0
0
0
0
0
1.079953e-01
1.054016e-01
0
0
1.927519e-01
1.544696e-01
2.227075e-01
2.792567e-01
0
1
5.137626e-01
0
0
6.830675e-01
4.056635e-01
0
0
0
0
0
0
2.007508e-01
2.366591e-01
1.429548e-01
0
1.071335e-01
0
0
0
0
0
1.012567e-01
1.570221e-01
1.598767e-01
0
5.363440e-01
3.862797e-01
3.769739e-01
1.441400e-01
0
2.385280e-01
2.542113e-01
1.614252e-01
0
1.445928e-01
4.891072e-02
0
0
0
0
0
0
0
9.085136e-02
0
0
0
0
1.215406e-01
2.979345e-01
5.295870e-01
0
0
1.135695e-02
1.100802e-01
1.432675e-01
1.027088e-01
0
0
0
7.743495e-03
4.150508e-01
4.526873e-01
1.340902e-01
2.127586e-01
5.010880e-02
0
0
0
1.085724e-01
1.884217e-01
0
1.327770e-01
3.663994e-01
5.246397e-01
2.909064e-02
1.723310e-01
0
5.919023e-02
1.493907e-01
0
0
0
0
0
0
0
2.100477e-01
5.447162e-02
2.875298e-01
4.194668e-01
2.172329e-03
0
0
0
3.766158e-01
1.696052e-01
0
0
0
0
6.321129e-03
0
2.674964e-01
0
2.653819e-01
2.212558e-01
2.081225e-01
0
4.803526e-03
5.541538e-02
2.546409e-01
2.528413e-01
3.590371e-01
3.073232e-01
5.137626e-01
1
0
0
1.615578e-01
7.904242e-01
0
0
0
0
0
0
0
0
8.112719e-02
0
1.356263e-01
0
0
2.217071e-01
0
3.370784e-02
1.060326e-01
0
3.151149e-01
4.548936e-02
2.157057e-01
2.091550e-01
3.626055e-01
0
0
4.857177e-02
0
8.926798e-02
0
7.877672e-03
2.742909e-01
4.683019e-01
3.778490e-01
6.782636e-01
1.516805e-01
1.560551e-01
3.820949e-01
3.740428e-01
1.700111e-01
2.123742e-02
8.039013e-02
8.772397e-02
3.867651e-01
1.062320e-01
0
0
4.960848e-02
2.446958e-01
7.172157e-02
5.738682e-02
6.517466e-01
5.991572e-01
2.811152e-01
2.561632e-01
2.618241e-01
1.091577e-01
0
0
3.022511e-01
2.548755e-01
0
0
3.170072e-01
3.591574e-01
0
0
0
0
0
0
0
0
2.006126e-02
0
0
0
0
0
0
0
0
0
0
0
0
0
0
0
0
4.677056e-03
0
0
6.937801e-01
3.232417e-01
3.014423e-01
6.237954e-02
1.942937e-01
0
6.937669e-02
2.768700e-01
0
0
0
7.332465e-03
7.854295e-02
0
0
2.155089e-01
1.202936e-01
3.994698e-01
0
0
1
5.493802e-01
7.331026e-02
0
3.345919e-01
0
2.141690e-02
0
3.873040e-01
7.805186e-02
0
1.203333e-01
0
0
0
0
0
5.039789e-01
0
0
0
1.119734e-01
0
0
4.021550e-01
2.329715e-01
5.803305e-02
0
0
1.634549e-02
0
0
3.044765e-02
0
2.622100e-01
5.221385e-01
1.617800e-01
4.196418e-01
3.758452e-01
3.790762e-01
7.395618e-02
4.431966e-01
3.790171e-01
2.384582e-01
5.132913e-01
4.079655e-01
2.200062e-01
1.437516e-01
0
0
0
3.434175e-02
6.945017e-02
0
4.743899e-01
4.232749e-01
3.277762e-01
2.818068e-01
2.800288e-01
2.735579e-02
0
0
1.820059e-01
1.051074e-01
0
0
3.460577e-01
4.392603e-01
0
0
0
0
0
0
0
0
0
0
0
0
0
0
0
0
0
0
0
0
0
0
2.575022e-02
1.389841e-01
1.754362e-01
4.299213e-01
0
0
4.310975e-01
6.255608e-01
4.349292e-01
4.444302e-01
0
0
3.482840e-02
8.279815e-02
0
0
0
0
0
0
0
0
0
6.938913e-02
0
0
5.493802e-01
1
0
0
2.635698e-01
1.391689e-01
4.128385e-01
4.381651e-01
6.871281e-01
4.635936e-01
0
0
0
2.611138e-02
0
0
1.409130e-01
5.072445e-01
0
7.401184e-02
0
1.860863e-02
0
8.320937e-02
0
0
0
0
0
0
0
0
3.966660e-02
4.199019e-01
1.990220e-01
0
1.320184e-01
2.670912e-02
0
0
1.662021e-01
0
0
0
0
0
8.650389e-02
0
0
2.379000e-02
3.260582e-01
0
0
0
1.049548e-01
2.032677e-01
5.381823e-02
8.901266e-02
0
8.085345e-02
0
5.385248e-02
4.080061e-01
4.173790e-01
0
0
0
0
0
0
2.462281e-02
1.659556e-02
0
0
2.525717e-01
2.324739e-01
2.526065e-01
1.214456e-01
2.808469e-01
2.224605e-01
2.683550e-01
2.284524e-01
1.022209e-01
1.568222e-01
2.072207e-01
0
3.480071e-01
1.496504e-01
1.876941e-01
2.862619e-01
0
0
0
0
0
2.179279e-02
0
0
0
0
0
0
0
0
0
0
0
0
3.504707e-02
6.261635e-02
0
1.655363e-01
0
0
6.830675e-01
1.615578e-01
7.331026e-02
0
1
3.637637e-01
2.696921e-01
0
0
0
0
0
3.228823e-01
4.495044e-01
1.427050e-01
1.723409e-02
0
0
0
0
0
0
1.601955e-01
3.115057e-01
1.195013e-01
0
5.538547e-01
5.949252e-01
5.588993e-01
1.968192e-01
0
3.072559e-01
3.824175e-01
3.322994e-01
0
3.240367e-02
1.653655e-01
6.655471e-03
7.293577e-02
0
0
0
1.985895e-01
0
0
0
0
0
0
0
0
2.867536e-01
0
0
6.256908e-02
1.611860e-01
1.599912e-01
2.039984e-01
1.303366e-01
1.486211e-01
0
3.639572e-02
0
1.112510e-01
2.523182e-01
2.987711e-01
0
0
0
0
1.169506e-01
1.492184e-01
9.456824e-03
7.536413e-02
1.320417e-01
4.601599e-01
4.504734e-02
3.199689e-02
1.270097e-01
9.402748e-02
6.153963e-02
1.385070e-02
0
0
0
0
0
0
1.224840e-01
0
0
1.142356e-01
0
0
0
0
0
0
1.904018e-01
0
2.792521e-02
0
0
0
1.528220e-01
0
8.983340e-03
9.435741e-02
1.504794e-02
0
1.663362e-02
2.093164e-02
0
0
0
1.405565e-01
4.056635e-01
7.904242e-01
0
0
3.637637e-01
1
0
0
0
0
0
0
1.844741e-02
2.591414e-01
2.788029e-01
4.195867e-02
0
0
0
1.661520e-01
0
0
1.859716e-01
2.157554e-01
3.670653e-01
1.939525e-01
2.577430e-01
3.498400e-01
4.969379e-01
0
0
2.953802e-02
1.504529e-01
3.373453e-01
3.016242e-01
2.201732e-01
4.214471e-01
1.069662e-01
2.643120e-01
0
2.336762e-01
0
0
0
2.304736e-01
0
5.277346e-02
0
1.642997e-01
0
0
0
1.674246e-01
0
0
0
4.112182e-01
2.502148e-01
6.316994e-01
4.319986e-01
5.042630e-02
0
0
0
4.947570e-01
2.430193e-01
0
0
1.447772e-02
0
0
0
4.312205e-01
0
0
0
0
3.132902e-02
0
0
1.466095e-02
8.671549e-03
5.901270e-02
1.074803e-01
3.263261e-01
2.893021e-01
4.144124e-01
0
3.131450e-01
4.154196e-02
0
0
8.698318e-04
0
0
0
0
0
2.019437e-01
5.312494e-01
0
0
0
0
0
0
0
0
0
0
0
0
0
0
0
0
0
0
3.345919e-01
2.635698e-01
2.696921e-01
0
1.000000e+00
2.571764e-01
0
1.283401e-01
0
1.837910e-02
0
8.149927e-02
0
1.574276e-02
0
0
0
1.007262e-02
0
0
1.933125e-01
1.895006e-01
0
0
3.720082e-01
4.538962e-01
2.367307e-01
7.620176e-02
0
1.035393e-01
1.956675e-01
0
5.349274e-01
3.363287e-01
2.904443e-02
2.496814e-01
0
0
0
1.302287e-01
0
1.342772e-02
3.634791e-01
4.175895e-01
6.273127e-02
1.064600e-01
0
0
5.080198e-02
1.356429e-01
2.633799e-01
2.083890e-01
0
1.754761e-02
0
0
1.169496e-01
0
0
0
4.873842e-03
9.895835e-02
1.189531e-01
7.809166e-02
3.736371e-02
0
0
0
1.511118e-01
1.652297e-01
4.420607e-02
2.733885e-01
0
0
0
2.139196e-02
0
0
5.929598e-02
0
1.259254e-01
2.019686e-02
3.825361e-01
4.721404e-01
5.300698e-01
2.646047e-01
3.129685e-01
4.997555e-01
3.604847e-01
3.145127e-01
1.590609e-01
5.149500e-02
0
0
8.360319e-02
2.709788e-02
0
1.254165e-01
0
0
2.316563e-01
3.215349e-01
1.717358e-01
3.703480e-01
9.818491e-02
0
1.997920e-01
1.892411e-01
0
0
1.256353e-01
2.919767e-01
1.882604e-01
1.661422e-01
0
0
0
1.391689e-01
0
0
2.571764e-01
1.000000e+00
0
0
0
0
4.103646e-02
0
2.376494e-01
0
1.114084e-01
0
0
5.261038e-02
0
0
0
0
0
0
1.804603e-01
7.968076e-02
0
1.512564e-01
0
0
7.489348e-02
0
0
0
0
1.757941e-01
0
1.617382e-01
2.597238e-01
4.989220e-01
1.392543e-01
5.309965e-01
0
2.063393e-01
5.126341e-01
3.754473e-01
2.538632e-02
3.671433e-01
0
0
0
0
8.424633e-02
4.911021e-02
0
0
0
0
1.283156e-02
0
0
0
0
0
0
2.356591e-01
4.248565e-01
5.164263e-01
0
0
0
0
2.719150e-02
0
0
0
0
0
0
0
0
0
0
2.693870e-02
0
5.286656e-01
0
0
0
0
3.187645e-01
4.194666e-01
5.532064e-01
4.945515e-01
0
0
1.907918e-01
1.540776e-01
3.675152e-01
4.140994e-01
1.984826e-01
3.522090e-01
0
1.760753e-01
6.343155e-02
1.612862e-02
0
2.221066e-01
0
0
0
0
0
0
0
0
2.141690e-02
4.128385e-01
0
0
0
0
1
5.731976e-01
6.588247e-01
4.499080e-01
0
0
0
1.508976e-02
0
2.497309e-01
6.953185e-01
1.848565e-01
3.167521e-01
3.859989e-01
0
0
1.309656e-01
4.735635e-01
0
0
0
0
5.882668e-02
0
0
0
0
0
1.495111e-01
9.867452e-03
1.259519e-01
0
4.087950e-01
0
1.511936e-01
1.538532e-01
0
0
4.638991e-01
1.367480e-01
3.550807e-02
0
0
0
0
0
2.565591e-01
2.628625e-02
1.179770e-02
0
1.387821e-01
2.596429e-01
1.839372e-01
1.641158e-01
0
0
0
0
0
1.289955e-02
4.309231e-01
5.474793e-01
0
0
6.936567e-02
0
0
0
0
0
4.298264e-03
8.211160e-02
0
0
0
3.887105e-02
0
0
0
2.760345e-01
0
0
0
0
2.876449e-01
2.764962e-01
3.886305e-01
1.912667e-01
0
0
2.783294e-01
2.346982e-01
3.601512e-01
4.936512e-01
0
0
0
0
0
0
0
0
0
0
0
0
0
0
0
0
0
4.381651e-01
0
0
1.283401e-01
0
5.731976e-01
1
5.984476e-01
8.805386e-01
2.012281e-02
0
0
2.519980e-01
0
2.167356e-01
5.503786e-01
2.461412e-01
4.622092e-01
4.240438e-01
4.623766e-01
1.295841e-01
0
6.908552e-01
0
0
0
0
3.134653e-01
0
0
0
0
0
1.654255e-02
2.080035e-01
1.366329e-01
5.310406e-01
2.575451e-01
3.952991e-01
3.556363e-01
5.083925e-01
2.053824e-01
3.060949e-01
5.874812e-01
6.294239e-01
4.983955e-01
5.680865e-01
0
0
0
9.105840e-02
1.969597e-01
0
3.361889e-01
2.979457e-01
5.457034e-02
1.834787e-01
2.911784e-01
2.342019e-01
0
0
0
0
0
6.981398e-02
3.249316e-01
4.956130e-01
0
0
0
0
1.596442e-02
0
0
0
0
0
0
0
0
0
0
0
0
0
0
0
0
0
0
8.769932e-02
3.623853e-01
4.485018e-01
0
0
3.636192e-01
3.009635e-01
3.450227e-01
4.053628e-01
1.466704e-01
8.988266e-02
0
7.524907e-02
0
0
0
0
0
0
0
0
0
6.156531e-02
0
0
3.873040e-01
6.871281e-01
0
0
0
0
6.588247e-01
5.984476e-01
1
7.052944e-01
0
0
0
6.813967e-02
0
5.428469e-03
4.901568e-01
4.949059e-01
3.285363e-01
3.646045e-01
4.436775e-02
0
0
4.204335e-01
0
0
0
0
5.826476e-02
0
0
0
0
0
2.281149e-01
0
2.757173e-01
1.435099e-01
3.133859e-01
0
3.461273e-01
1.658853e-01
0
0
3.702377e-01
2.073764e-01
2.066934e-01
1.453578e-01
0
0
0
0
4.406248e-01
1.762848e-01
2.168121e-01
1.965613e-01
1.771670e-01
4.157283e-01
3.653345e-01
3.639434e-01
0
0
0
0
0
0
3.709060e-01
4.865753e-01
0
0
0
0
0
0
0
0
7.698188e-02
1.163711e-01
0
0
0
0
0
0
0
0
0
0
0
0
9.469327e-02
9.690631e-02
1.492963e-01
2.070456e-01
0
0
3.745500e-01
2.369830e-01
3.310929e-01
3.732089e-01
0
0
0
0
0
0
0
0
0
0
0
0
0
0
0
0
7.805186e-02
4.635936e-01
0
0
1.837910e-02
0
4.499080e-01
8.805386e-01
7.052944e-01
1.000000e+00
1.243885e-02
6.976636e-03
0
3.428546e-01
0
1.916912e-02
4.253224e-01
4.719797e-01
4.634385e-01
4.091275e-01
4.978813e-01
2.758930e-01
0
7.167029e-01
0
0
5.616927e-02
0
2.829532e-01
0
0
5.085740e-02
2.027988e-01
4.005040e-01
1.498581e-01
4.801555e-02
2.310219e-01
0
1.202849e-01
0
2.868615e-01
0
0
0
0
0
0
0
0
0
1.183294e-01
3.566939e-01
1.740959e-01
2.711527e-01
0
9.702169e-02
1.819731e-02
9.482984e-02
1.621312e-01
3.217981e-01
0
0
8.595827e-02
0
0
0
9.735155e-03
0
9.949123e-02
3.674574e-01
8.609663e-03
3.010374e-01
0
0
7.268100e-02
7.120507e-02
5.962028e-02
0
9.685935e-02
5.426864e-02
1.150878e-01
1.870118e-01
2.050273e-01
4.582091e-01
1.498858e-01
2.978440e-01
1.467633e-01
1.066758e-01
0
1.719116e-02
0
0
0
0
0
0
4.454793e-02
0
0
0
0
0
0
0
0
0
0
0
0
7.106699e-02
0
0
0
0
2.007508e-01
0
0
0
3.228823e-01
1.844741e-02
0
4.103646e-02
0
2.012281e-02
0
1.243885e-02
1.000000e+00
3.982308e-01
5.375730e-01
4.178506e-01
0
0
0
0
0
0
4.726539e-01
7.438173e-01
0
8.999683e-02
4.218702e-01
5.462317e-01
3.599426e-01
3.277221e-01
1.878067e-01
0
5.483964e-01
5.824551e-01
8.293396e-02
4.879277e-01
6.228791e-01
3.748117e-01
5.888967e-01
4.924985e-01
4.612081e-01
2.522510e-01
6.738880e-01
4.529341e-01
0
0
0
8.905688e-02
5.020166e-01
0
0
0
5.493464e-01
3.299512e-01
6.197895e-02
1.958789e-01
3.605459e-01
4.721863e-01
4.837717e-01
5.165434e-01
4.113398e-01
6.286442e-01
0
0
4.278549e-01
0
1.388302e-02
0
3.243516e-01
6.119169e-03
0
0
0
0
0
9.762109e-02
0
0
0
0
0
0
0
0
0
0
0
8.900747e-02
0
0
0
6.676053e-02
0
0
0
2.563265e-01
0
1.255675e-02
3.755186e-01
4.023144e-01
0
0
0
0
0
0
0
0
0
0
0
0
0
0
0
1.611495e-01
2.366591e-01
0
1.203333e-01
0
4.495044e-01
2.591414e-01
8.149927e-02
0
0
0
0
6.976636e-03
3.982308e-01
1
0
5.483957e-01
0
0
0
0
0
0
4.335188e-01
5.508522e-01
0
1.093373e-01
3.480565e-01
5.520058e-01
6.564753e-01
0
0
0
4.766923e-01
6.583382e-01
0
5.411815e-02
0
0
0
0
0
0
0
0
0
0
0
0
0
0
0
1.316375e-01
0
0
0
0
0
0
0
0
0
0
0
0
0
0
2.046802e-02
0
0
0
5.836170e-01
6.737778e-01
4.978913e-01
6.092326e-01
0
1.206014e-01
5.117510e-01
5.272607e-01
3.940391e-01
4.198853e-01
5.593666e-01
5.757787e-01
4.995991e-01
5.590161e-01
5.876613e-01
6.134894e-01
1.798690e-01
2.244985e-01
6.599205e-01
6.447826e-01
6.605408e-02
0
2.518184e-01
1.526278e-01
0
0
0
0
0
0
5.817252e-02
0
0
0
2.465184e-03
0
0
0
1.491941e-02
0
2.750415e-01
4.571856e-01
2.859777e-02
0
0
0
1.429548e-01
8.112719e-02
0
0
1.427050e-01
2.788029e-01
0
2.376494e-01
0
0
0
0
5.375730e-01
0
1.000000e+00
1.086875e-01
4.038581e-01
1.751605e-01
0
0
0
0
1.074496e-01
3.533496e-01
1.325662e-03
0
9.972064e-02
1.326212e-01
0
5.082375e-01
2.203969e-01
1.580494e-01
2.333898e-01
2.821790e-01
2.521274e-01
3.232536e-01
3.834687e-01
4.536882e-02
5.973674e-01
1.245937e-01
5.094449e-01
2.974794e-02
3.197958e-01
2.845389e-01
0
0
1.763768e-01
8.227286e-02
9.656848e-02
0
0
0
3.819077e-01
4.007181e-01
4.768711e-01
3.830503e-01
5.327795e-02
1.293047e-01
4.735399e-01
6.841525e-01
6.074167e-01
6.222758e-01
0
0
2.406150e-01
0
2.101739e-02
0
2.566251e-01
4.850731e-02
0
1.376653e-01
0
1.569175e-01
0
5.814261e-03
0
0
0
0
0
0
0
0
0
7.621751e-02
0
2.262463e-01
0
0
0
0
1.668711e-02
0
0
2.237332e-01
0
0
1.366916e-01
4.093211e-01
0
0
0
6.943763e-02
0
0
0
0
0
0
0
0
0
0
0
0
0
0
0
2.611138e-02
1.723409e-02
4.195867e-02
1.574276e-02
0
1.508976e-02
2.519980e-01
6.813967e-02
3.428546e-01
4.178506e-01
5.483957e-01
1.086875e-01
1
0
0
3.210281e-01
0
8.956503e-02
0
4.111374e-01
6.065077e-01
0
3.166905e-01
0
1.581106e-01
5.430803e-01
0
3.244327e-01
0
4.871807e-01
6.254043e-01
0
0
0
0
0
0
0
0
0
0
0
0
0
0
0
0
6.452591e-01
6.501372e-01
0
0
0
0
0
0
0
0
0
0
6.664036e-01
4.327349e-01
0
0
3.921179e-01
4.516149e-01
0
0
4.137890e-01
4.581046e-01
4.184295e-01
4.799592e-01
3.858447e-01
1.591248e-01
6.773486e-01
7.494366e-01
5.552572e-01
6.562309e-01
7.332697e-01
6.809562e-01
7.241823e-01
5.512907e-01
4.398630e-01
7.664085e-02
0
0
6.202590e-01
6.882281e-01
4.292596e-01
3.187836e-01
2.429987e-01
2.096467e-01
2.154256e-01
0
5.484776e-01
3.651905e-02
0
0
2.220356e-02
1.661386e-01
1.848647e-01
0
5.165451e-02
0
3.117704e-01
1.595514e-01
4.626656e-01
1.463641e-01
5.156352e-01
6.294488e-01
7.066263e-01
4.264867e-01
4.714296e-01
9.338744e-02
1.071335e-01
1.356263e-01
0
0
0
0
0
1.114084e-01
0
0
0
0
0
0
4.038581e-01
0
1
7.608146e-01
3.396488e-02
0
2.394833e-01
3.651728e-01
0
0
5.955559e-02
0
0
0
0
5.604364e-01
2.845800e-01
3.821547e-01
0
0
0
0
0
0
0
0
0
0
0
0
0
0
0
0
0
0
5.544801e-01
2.716282e-01
0
0
0
0
0
0
0
0
0
0
5.287697e-01
2.955343e-01
0
0
2.266361e-01
5.509033e-01
0
8.440766e-02
5.075451e-01
2.212190e-01
2.868654e-01
3.147756e-01
4.816541e-01
1.501775e-01
5.103804e-01
5.883988e-01
3.930239e-01
5.551460e-01
4.837633e-01
5.297105e-01
5.724910e-01
4.453228e-01
4.653303e-01
6.563380e-02
5.985665e-03
1.068600e-01
4.264369e-01
5.805061e-01
1.139646e-01
0
4.370028e-01
2.817586e-01
4.541033e-01
0
5.040607e-01
1.195767e-02
0
0
2.616324e-01
3.959595e-01
2.053816e-01
2.771037e-02
0
7.794052e-02
4.044106e-01
1.847326e-01
4.601877e-01
2.772818e-01
4.979325e-01
4.827158e-01
4.122806e-01
1.327789e-01
2.455218e-01
0
0
0
0
0
0
0
0
0
2.497309e-01
2.167356e-01
5.428469e-03
1.916912e-02
0
0
1.751605e-01
0
7.608146e-01
1.000000e+00
3.216810e-01
0
4.242615e-01
6.862719e-01
0
0
1.735493e-01
3.835150e-03
0
0
0
4.377767e-01
5.125703e-01
5.302252e-01
0
0
5.146113e-02
0
0
0
1.201368e-01
0
3.551370e-01
1.924420e-01
0
2.482645e-01
0
2.080899e-01
3.561375e-01
3.036938e-01
5.965811e-02
1.592917e-01
0
0
0
5.204936e-02
2.814535e-01
9.544655e-02
0
0
0
1.618343e-01
2.674455e-01
2.602576e-01
0
0
0
0
2.897456e-02
3.184856e-01
1.936257e-01
2.468170e-01
0
0
0
0
0
0
0
0
0
3.630269e-02
0
3.778736e-02
2.415463e-02
7.778233e-02
0
5.273989e-02
0
4.284829e-01
0
0
0
0
4.185976e-01
3.396276e-01
4.500015e-01
2.705560e-01
0
0
0
1.457222e-01
1.301300e-01
2.550804e-01
2.065482e-01
2.238480e-01
0
0
0
0
0
0
0
0
0
0
0
0
0
0
0
1.409130e-01
0
0
0
0
6.953185e-01
5.503786e-01
4.901568e-01
4.253224e-01
0
0
0
3.210281e-01
3.396488e-02
3.216810e-01
1.000000e+00
0
6.932103e-01
3.947329e-01
1.481116e-01
0
0
2.958322e-01
0
0
0
0
4.429946e-01
0
0
0
0
0
1.174584e-01
3.289166e-01
1.557011e-01
3.319152e-01
4.932132e-02
2.031338e-01
2.435418e-01
2.666100e-01
2.851932e-01
1.977252e-01
3.718115e-01
3.914450e-01
2.198654e-01
3.521792e-01
0
0
0
2.097908e-01
4.221302e-01
3.433511e-01
5.156950e-01
4.248763e-01
1.544512e-01
1.867108e-01
3.076774e-01
7.474637e-02
0
0
2.358454e-01
2.063219e-01
0
0
1.096126e-01
2.004370e-01
0
0
0
0
1.140588e-03
0
0
0
0
0
0
0
0
0
0
0
0
0
0
0
0
0
0
0
0
1.983485e-01
7.324438e-02
0
4.085145e-01
2.249523e-01
1.694594e-01
7.106410e-02
3.084742e-01
1.560935e-01
2.908779e-02
1.529526e-01
7.579421e-03
4.965962e-02
0
0
0
0
0
0
0
1.041920e-01
0
2.217071e-01
5.039789e-01
5.072445e-01
0
1.661520e-01
1.007262e-02
5.261038e-02
1.848565e-01
2.461412e-01
4.949059e-01
4.719797e-01
0
0
0
0
0
0
0
1
0
2.627055e-01
0
8.535208e-02
0
3.351235e-01
1.283240e-01
5.725972e-02
1.516506e-01
0
0
0
0
0
0
0
0
0
0
0
0
0
0
0
0
3.247091e-02
1.134321e-01
1.496589e-01
0
2.645441e-01
2.660719e-02
0
0
0
2.977472e-01
1.758342e-02
0
0
0
0
9.444114e-02
1.656475e-01
1.248762e-01
0
0
0
0
1.116979e-01
0
6.334202e-02
0
0
0
0
3.941670e-02
0
3.159703e-01
1.948623e-01
2.184349e-01
3.657413e-01
1.536209e-01
3.612716e-01
3.262105e-01
3.445208e-01
0
0
0
2.531119e-03
0
5.133366e-03
0
0
4.551336e-01
3.923612e-01
4.772207e-01
1.465067e-01
2.806277e-01
2.532843e-01
0
0
3.677584e-03
2.582302e-01
7.542924e-02
0
0
0
8.382874e-03
0
3.782454e-02
0
0
0
0
0
0
0
0
0
0
0
0
0
0
0
3.167521e-01
4.622092e-01
3.285363e-01
4.634385e-01
0
0
0
8.956503e-02
2.394833e-01
4.242615e-01
6.932103e-01
0
1
6.134491e-01
3.208925e-01
0
1.709728e-01
3.071545e-01
0
0
0
0
5.209692e-01
7.906936e-02
0
0
0
0
0
0
0
0
0
0
0
0
0
0
6.785519e-02
5.984447e-02
0
1.453595e-01
3.407746e-01
0
0
0
1.250652e-01
0
0
0
0
0
0
0
1.758114e-01
0
0
0
0
1.689908e-01
0
0
3.660730e-02
0
0
0
6.708766e-02
0
3.856488e-01
4.353701e-01
2.614431e-01
4.698823e-01
2.952548e-01
4.170150e-01
4.476204e-01
4.176110e-01
2.912666e-01
6.342000e-02
0
0
2.112651e-01
2.403345e-01
0
0
5.370526e-01
3.700945e-01
4.548364e-01
0
4.181158e-01
4.891479e-02
0
0
1.804468e-01
3.198661e-01
1.517514e-01
0
0
0
3.280596e-02
0
1.021547e-01
0
3.438675e-02
2.188167e-01
0
0
0
0
0
3.370784e-02
0
7.401184e-02
0
0
0
0
3.859989e-01
4.240438e-01
3.646045e-01
4.091275e-01
0
0
0
0
3.651728e-01
6.862719e-01
3.947329e-01
2.627055e-01
6.134491e-01
1
1.321228e-01
0
0
2.494634e-01
0
0
0
1.900037e-01
5.441522e-01
2.899149e-01
0
0
8.767328e-02
1.761110e-01
3.730590e-01
0
3.701856e-01
0
2.447245e-01
0
3.730363e-01
0
0
0
0
0
2.677091e-01
0
0
0
1.262013e-01
5.499451e-02
3.096782e-01
1.660012e-01
0
1.132352e-01
2.621467e-01
3.985266e-01
3.359875e-01
5.733814e-01
0
0
3.032138e-02
0
0
0
4.916994e-02
0
0
0
0
0
0
0
5.131067e-02
0
3.042116e-02
5.735956e-02
0
6.894929e-03
4.805328e-02
2.561077e-01
8.407611e-02
1.741047e-01
7.105593e-03
2.007466e-01
0
0
0
0
6.559099e-02
4.970992e-02
0
0
0
0
1.242990e-01
7.673535e-02
0
0
0
0
0
0
0
0
0
0
0
0
0
0
0
0
1.012567e-01
1.060326e-01
0
0
1.601955e-01
1.859716e-01
1.933125e-01
0
0
4.623766e-01
4.436775e-02
4.978813e-01
4.726539e-01
4.335188e-01
1.074496e-01
4.111374e-01
0
0
1.481116e-01
0
3.208925e-01
1.321228e-01
1
5.502451e-01
0
4.441673e-01
1.804389e-01
5.300830e-01
4.156721e-01
0
1.602152e-01
0
3.068113e-01
4.621128e-01
1.119433e-01
3.378320e-01
5.698113e-01
1.184189e-01
5.398372e-01
1.193516e-01
3.505283e-01
0
4.741010e-01
0
0
0
0
0
1.730529e-01
0
0
0
1.634059e-01
2.028211e-01
3.710988e-01
3.353888e-01
3.649340e-01
5.289882e-01
4.251323e-01
5.764374e-01
3.726167e-01
4.657743e-01
0
0
5.506395e-01
1.254377e-01
0
0
1.472210e-01
0
5.311116e-02
1.193229e-01
0
7.487068e-02
0
0
1.116276e-02
0
1.953257e-02
0
0
0
0
0
8.353762e-02
1.637156e-01
0
0
7.690640e-02
0
0
0
0
0
0
0
0
0
2.840442e-01
1.823402e-01
0
0
0
0
0
0
0
0
0
0
0
0
0
0
0
0
1.570221e-01
0
1.119734e-01
1.860863e-02
3.115057e-01
2.157554e-01
1.895006e-01
0
0
1.295841e-01
0
2.758930e-01
7.438173e-01
5.508522e-01
3.533496e-01
6.065077e-01
0
0
0
8.535208e-02
0
0
5.502451e-01
1
0
2.779483e-01
4.409401e-01
6.199911e-01
6.052007e-01
1.899726e-01
1.686835e-01
0
6.208477e-01
5.639330e-01
0
0
0
1.101630e-01
0
5.546763e-03
0
2.242475e-01
9.831548e-02
0
0
0
0
6.464194e-04
0
4.243367e-01
0
3.431603e-02
0
0
0
5.542036e-02
0
0
0
0
0
0
1.994302e-01
3.679224e-01
0
1.492433e-01
0
1.427278e-02
0
2.276355e-01
2.050860e-01
6.914216e-03
0
5.312092e-02
5.432676e-01
4.591906e-01
0
0
0
1.005469e-01
0
0
0
0
0
0
0
9.596390e-02
0
1.682199e-01
0
2.117002e-02
2.344357e-01
1.667488e-01
2.263053e-01
0
2.587055e-01
1.849679e-01
0
0
1.713020e-01
2.952610e-01
0
1.979772e-01
1.623528e-01
1.456060e-01
4.343715e-01
3.644004e-01
3.971520e-01
3.255583e-01
2.462442e-01
0
0
9.509874e-02
0
0
1.598767e-01
3.151149e-01
0
0
1.195013e-01
3.670653e-01
0
0
1.309656e-01
0
0
0
0
0
1.325662e-03
0
5.955559e-02
1.735493e-01
0
0
1.709728e-01
0
0
0
1.000000e+00
3.298268e-01
0
1.981123e-03
3.843402e-02
0
0
2.725973e-01
1.907372e-01
1.252033e-01
0
0
1.547926e-01
1.703311e-01
3.575797e-02
5.388561e-02
3.739625e-01
1.478295e-01
4.748599e-01
2.591912e-01
0
0
4.531443e-01
1.731763e-01
1.122433e-01
2.691328e-01
0
0
0
0
3.009924e-01
2.856320e-01
8.480023e-02
1.235732e-01
6.794368e-02
1.894097e-01
1.331634e-02
1.540537e-01
0
0
0
0
0
0
3.542046e-01
4.352793e-01
1.861207e-02
0
0
0
5.503118e-02
1.913481e-01
0
0
0
0
0
0
0
0
0
0
0
3.163642e-01
0
0
0
0
1.827665e-01
1.315095e-01
2.396225e-01
2.163708e-01
0
0
3.138693e-01
5.948774e-02
2.235407e-01
2.465751e-01
0
1.695458e-02
0
0
0
0
0
0
0
0
0
0
0
0
0
4.548936e-02
0
8.320937e-02
0
1.939525e-01
0
0
4.735635e-01
6.908552e-01
4.204335e-01
7.167029e-01
8.999683e-02
1.093373e-01
0
3.166905e-01
0
3.835150e-03
2.958322e-01
3.351235e-01
3.071545e-01
2.494634e-01
4.441673e-01
2.779483e-01
3.298268e-01
1
0
1.007970e-01
1.335884e-01
0
1.610950e-01
0
2.786155e-01
3.596847e-01
1.869374e-01
5.068880e-01
3.801940e-01
3.327561e-01
1.706520e-01
1.735792e-01
2.930579e-02
0
2.445676e-01
0
2.795003e-01
0
0
0
2.834917e-01
0
0
0
2.933730e-01
1.922080e-01
0
6.502013e-02
4.360422e-01
5.459828e-01
2.459908e-01
8.323600e-02
3.241155e-02
3.524843e-02
0
1.368577e-01
5.524636e-01
3.693746e-01
0
0
0
0
0
0
0
0
0
0
0
0
0
0
0
0
0
0
1.267432e-01
1.584237e-01
3.463034e-01
0
1.821781e-01
0
7.727001e-02
2.787550e-01
0
0
0
0
0
3.441865e-02
1.728585e-01
6.573679e-02
0
0
0
0
4.598488e-02
8.387226e-02
0
0
0
0
0
0
0
6.050381e-02
1.155083e-01
9.305032e-02
5.363440e-01
2.157057e-01
4.021550e-01
0
5.538547e-01
2.577430e-01
3.720082e-01
1.804603e-01
0
0
0
0
4.218702e-01
3.480565e-01
9.972064e-02
0
0
0
0
1.283240e-01
0
0
1.804389e-01
4.409401e-01
0
0
1
8.020081e-01
4.436801e-01
7.911406e-02
0
9.854337e-02
3.706916e-01
1.016169e-01
2.289920e-01
4.875758e-01
5.789047e-01
3.529988e-01
3.590359e-01
1.329814e-01
2.934374e-01
0
4.247879e-01
0
3.071706e-02
0
0
0
2.725504e-01
0
0
0
3.827901e-01
2.661193e-01
1.065952e-01
2.610698e-01
3.422426e-01
4.769352e-01
3.501834e-01
3.452748e-01
1.901740e-01
2.981124e-01
0
0
5.077458e-01
2.677460e-01
0
0
0
0
0
0
0
0
0
0
0
0
0
0
0
0
0
0
1.575453e-01
2.258228e-01
3.973714e-01
3.003264e-02
1.214408e-01
0
0
1.801501e-01
0
0
0
0
0
1.489680e-04
1.962950e-01
1.253532e-01
0
0
0
0
0
0
0
0
0
0
0
0
0
0
0
0
3.862797e-01
2.091550e-01
2.329715e-01
0
5.949252e-01
3.498400e-01
4.538962e-01
7.968076e-02
0
0
0
0
5.462317e-01
5.520058e-01
1.326212e-01
1.581106e-01
0
0
0
5.725972e-02
0
0
5.300830e-01
6.199911e-01
1.981123e-03
1.007970e-01
8.020081e-01
1.000000e+00
7.034325e-01
0
0
0
5.689817e-01
5.167240e-01
2.836264e-01
5.753225e-01
5.820090e-01
2.491383e-01
5.352245e-01
2.746932e-01
2.527262e-01
1.043031e-02
4.560246e-01
1.099602e-01
5.522406e-02
0
0
7.130002e-02
3.585533e-01
2.012591e-02
0
0
6.274998e-01
4.230360e-01
3.895350e-01
4.449969e-01
4.327356e-01
4.866572e-01
4.559935e-01
6.083836e-01
4.978288e-01
5.842291e-01
0
0
6.159961e-01
2.082444e-01
0
0
0
0
0
0
0
0
0
0
0
0
0
0
0
0
0
0
0
0
8.471765e-02
0
0
0
1.057099e-01
2.412455e-01
0
0
0
0
0
1.205172e-01
4.957184e-02
2.569489e-01
0
0
0
0
0
0
0
0
0
0
0
0
0
0
0
0
3.769739e-01
3.626055e-01
5.803305e-02
0
5.588993e-01
4.969379e-01
2.367307e-01
0
0
0
0
5.616927e-02
3.599426e-01
6.564753e-01
0
5.430803e-01
0
0
0
1.516506e-01
0
0
4.156721e-01
6.052007e-01
3.843402e-02
1.335884e-01
4.436801e-01
7.034325e-01
1
0
0
0
5.995383e-01
6.745012e-01
9.226929e-02
2.593863e-01
0
0
0
0
0
0
0
0
0
0
0
0
0
0
4.413821e-01
2.259478e-01
0
0
0
0
0
0
0
0
0
0
2.809519e-01
4.208644e-02
0
0
3.103638e-02
6.479317e-02
0
0
3.374169e-01
4.096177e-01
3.670409e-01
4.661738e-01
0
0
6.659105e-01
7.483557e-01
4.620070e-01
5.032915e-01
6.773630e-01
6.369920e-01
7.286783e-01
5.667382e-01
5.869403e-01
3.907277e-01
2.073022e-01
0
6.780281e-01
6.158281e-01
4.456315e-01
1.286722e-01
2.523263e-02
0
0
0
1.805155e-01
0
0
0
0
0
4.109006e-02
0
1.106368e-03
0
0
0
7.904269e-02
0
4.561059e-01
5.892846e-01
3.853432e-01
1.472928e-01
2.723249e-01
0
1.441400e-01
0
0
0
1.968192e-01
0
7.620176e-02
1.512564e-01
0
0
0
0
3.277221e-01
0
5.082375e-01
0
5.604364e-01
4.377767e-01
0
0
0
1.900037e-01
0
1.899726e-01
0
0
7.911406e-02
0
0
1.000000e+00
5.832281e-01
5.213454e-01
7.659826e-02
0
2.632806e-01
0
0
0
0
0
0
0
0
0
0
0
9.576141e-02
0
0
0
1.294368e-01
0
0
0
3.218798e-01
8.103960e-02
0
0
0
0
5.304008e-02
0
9.260601e-02
0
0
0
0
5.808566e-02
0
0
2.269605e-01
2.128610e-01
1.708507e-02
2.817858e-01
0
0
4.581424e-01
4.487734e-01
2.171478e-01
3.340256e-01
3.488967e-01
5.112188e-01
5.323626e-01
4.047970e-01
3.903755e-01
3.002857e-01
3.244583e-02
3.201209e-02
2.830727e-01
3.663867e-01
1.491387e-01
0
4.329294e-01
1.852344e-01
1.502959e-01
0
2.202748e-01
1.434484e-02
0
0
0
5.303613e-02
1.192809e-01
8.782214e-02
0
0
0
0
5.730587e-02
0
1.505441e-01
2.884517e-01
0
0
0
0
0
0
0
0
0
0
0
0
5.882668e-02
3.134653e-01
5.826476e-02
2.829532e-01
1.878067e-01
0
2.203969e-01
3.244327e-01
2.845800e-01
5.125703e-01
4.429946e-01
0
5.209692e-01
5.441522e-01
1.602152e-01
1.686835e-01
0
1.610950e-01
0
0
0
5.832281e-01
1
3.610864e-01
1.493597e-01
0
0
0
0
0
0
0
0
0
0
0
0
0
0
0
0
0
3.401619e-01
2.411598e-01
0
0
0
0
0
0
0
0
0
0
3.166826e-01
3.416575e-01
0
3.193474e-01
0
6.820180e-02
0
0
3.978708e-01
0
2.178083e-01
1.244218e-01
3.159244e-01
0
5.180290e-01
6.320867e-01
4.702689e-01
5.407687e-01
4.856245e-01
5.326172e-01
5.084173e-01
3.707145e-01
4.121255e-01
7.010932e-02
1.092736e-01
0
5.627075e-01
5.136585e-01
1.358518e-01
0
1.765936e-01
0
1.545847e-01
0
4.121473e-01
0
0
0
2.698920e-01
2.363320e-01
0
0
0
3.216128e-02
2.916443e-01
1.688959e-01
5.576823e-01
2.549422e-01
6.215748e-01
6.189068e-01
1.903917e-01
2.294741e-01
1.477623e-01
0
2.385280e-01
4.857177e-02
1.634549e-02
0
3.072559e-01
2.953802e-02
1.035393e-01
0
0
0
0
0
0
0
1.580494e-01
0
3.821547e-01
5.302252e-01
0
0
7.906936e-02
2.899149e-01
0
0
2.725973e-01
0
9.854337e-02
0
0
5.213454e-01
3.610864e-01
1
2.772970e-02
0
4.325318e-01
4.520805e-01
3.521438e-01
1.938128e-01
2.180065e-01
8.449230e-02
3.467890e-01
1.748220e-02
4.180087e-01
1.215535e-01
0
0
1.115726e-01
0
2.318171e-01
0
0
0
3.917095e-01
3.094744e-01
5.106115e-02
2.686707e-01
1.504605e-01
3.042721e-01
2.663052e-01
3.089166e-01
4.424339e-02
2.312202e-01
0
0
3.699811e-01
8.312726e-02
0
0
0
0
5.360694e-02
7.713163e-02
1.477535e-02
4.041829e-01
0
1.063560e-01
0
0
0
0
0
0
0
0
2.903658e-01
4.621690e-01
4.329981e-01
3.478604e-01
9.860143e-02
5.001027e-02
1.104063e-01
1.546367e-01
0
0
0
0
0
0
0
2.998884e-02
0
0
0
1.481742e-01
0
0
0
0
0
0
0
0
0
0
0
0
2.542113e-01
0
0
0
3.824175e-01
1.504529e-01
1.956675e-01
7.489348e-02
0
0
0
0
5.483964e-01
4.766923e-01
2.333898e-01
4.871807e-01
0
0
0
0
0
0
3.068113e-01
6.208477e-01
1.907372e-01
2.786155e-01
3.706916e-01
5.689817e-01
5.995383e-01
7.659826e-02
1.493597e-01
2.772970e-02
1
6.956520e-01
1.703450e-01
4.362970e-01
4.052270e-01
1.410159e-01
4.229249e-01
7.077230e-02
3.377596e-01
9.879288e-02
5.050889e-01
2.319206e-01
0
0
0
0
1.073702e-01
0
0
0
3.948733e-01
3.855736e-01
3.080893e-01
5.175080e-01
0
8.119232e-02
2.790772e-01
3.947566e-01
2.963292e-01
5.250570e-01
0
0
2.078278e-01
0
6.090772e-02
0
8.245997e-02
0
0
2.394605e-01
0
3.081863e-01
0
2.287688e-01
0
0
0
0
0
0
0
0
6.973075e-02
3.153079e-01
2.573198e-01
4.293913e-01
0
0
6.113349e-02
1.545295e-01
0
0
0
8.114803e-03
0
0
0
6.928445e-02
0
0
0
1.245081e-01
0
0
0
0
0
0
0
0
0
0
0
0
1.614252e-01
8.926798e-02
0
0
3.322994e-01
3.373453e-01
0
0
0
0
0
5.085740e-02
5.824551e-01
6.583382e-01
2.821790e-01
6.254043e-01
0
0
0
0
0
0
4.621128e-01
5.639330e-01
1.252033e-01
3.596847e-01
1.016169e-01
5.167240e-01
6.745012e-01
0
0
0
6.956520e-01
1.000000e+00
