1
6.609925e-01
0
0
0
0
0
1.962538e-01
0
0
4.319453e-03
4.562486e-01
1.999172e-01
3.448649e-01
1.819876e-01
3.193865e-01
3.242408e-01
1.851296e-01
6.111184e-01
7.475470e-01
0
0
0
0
0
0
0
0
5.000468e-01
5.271722e-01
0
0
0
0
0
0
0
3.236937e-01
1.142917e-01
1.742655e-01
2.174126e-01
0
0
0
0
0
0
0
0
0
9.804181e-02
0
2.410064e-01
0
0
0
6.385061e-01
6.486687e-01
4.752932e-01
2.390773e-01
2.416447e-01
0
5.073424e-01
4.223957e-01
0
0
0
0
6.078957e-01
2.745357e-01
1.973000e-02
1.185282e-01
4.859720e-01
6.079354e-01
3.168491e-01
3.821698e-01
1.624476e-01
3.361772e-01
1.758865e-01
0
3.201498e-01
0
5.664565e-01
4.035727e-01
0
0
4.114982e-01
1.161574e-01
1.805802e-01
2.154928e-01
5.847887e-03
0
0
0
0
1.686650e-01
0
1.248281e-01
4.077025e-01
0
4.194098e-01
0
4.083647e-01
3.992835e-02
0
2.690667e-01
2.337967e-01
0
1.000136e-01
3.935254e-01
2.557490e-01
2.879215e-01
1.873108e-01
0
3.921330e-01
3.329572e-01
6.609925e-01
1
1.510476e-01
4.354711e-03
0
0
0
0
0
0
1.494010e-01
3.262272e-01
4.077773e-01
6.919246e-02
4.570824e-01
2.925151e-01
2.376203e-01
4.894270e-01
7.488575e-01
4.082595e-01
5.322828e-02
3.750807e-01
1.024893e-01
0
0
0
0
2.103221e-01
4.376857e-01
4.818878e-01
0
0
0
0
0
0
0
1.020955e-01
1.028872e-01
5.900095e-02
1.832850e-01
1.709883e-02
0
0
0
0
0
0
0
0
1.102854e-01
1.676893e-01
3.792518e-01
2.035137e-01
0
0
3.912542e-01
6.777364e-01
2.147979e-01
1.270331e-01
1.333171e-01
0
1.435176e-01
6.311186e-02
0
7.206117e-02
0
0
1.787296e-01
8.385413e-03
0
2.832429e-01
2.175480e-01
3.961490e-01
1.403625e-01
1.192570e-01
0
3.244047e-01
1.405455e-01
3.371326e-02
2.209651e-01
1.055534e-01
3.690145e-01
2.411624e-01
7.536403e-02
3.884960e-02
0
0
7.481539e-02
3.468726e-01
1.258906e-01
0
0
0
0
0
0
1.966153e-01
1.797706e-01
0
4.788569e-01
0
2.610479e-01
0
0
0
0
0
0
0
2.841820e-02
2.205126e-01
5.337546e-02
2.419819e-01
1.479108e-01
2.355104e-01
0
1.510476e-01
1
1.677072e-01
6.835604e-01
3.174225e-01
7.580881e-01
0
5.046074e-01
3.132241e-01
6.501211e-01
0
4.573716e-01
0
6.141304e-01
8.889598e-02
0
1.114281e-02
1.480943e-01
0
1.152144e-01
4.808659e-01
8.203480e-01
6.522464e-01
6.474939e-01
2.896699e-01
2.741515e-01
1.452792e-01
0
0
7.486305e-01
3.543788e-01
0
0
6.366935e-01
4.325019e-01
1.536325e-01
0
0
0
1.587684e-01
3.724191e-01
0
0
0
0
0
0
0
0
0
5.534356e-02
6.097823e-02
1.688022e-01
0
0
0
0
0
0
0
3.805582e-02
0
0
8.525645e-01
6.516928e-01
2.597855e-01
0
0
0
4.639698e-01
3.018104e-01
1.017525e-01
0
0
4.150175e-02
0
0
2.319181e-01
3.598958e-01
0
2.780582e-01
0
0
8.469067e-01
4.979951e-01
0
0
1.671863e-02
1.181446e-01
2.788495e-01
4.967417e-01
5.113808e-01
6.012974e-01
0
0
6.320503e-02
0
0
0
2.205257e-01
5.660022e-01
2.538024e-02
0
0
8.101478e-02
0
2.345079e-02
0
0
0
0
1.704790e-01
2.798887e-01
0
0
0
4.354711e-03
1.677072e-01
1
1.221996e-01
1.872339e-01
1.199803e-01
3.990269e-01
1.293664e-01
1.484624e-01
0
2.005104e-01
8.428250e-02
2.912808e-01
2.591859e-01
4.232825e-01
0
0
0
0
0
0
1.541390e-02
1.352633e-01
0
3.862455e-02
0
1.298107e-01
0
0
1.808179e-01
3.181137e-01
0
2.170788e-01
9.300359e-02
2.611781e-01
0
4.609934e-04
0
1.592275e-01
0
0
0
0
0
0
0
0
0
0
4.642329e-02
1.259193e-01
8.331110e-02
0
0
4.431329e-02
0
0
0
3.265807e-01
0
5.841983e-01
0
0
5.151882e-02
3.792743e-01
0
2.155227e-01
0
0
0
0
0
0
0
0
0
0
0
0
0
2.463280e-01
0
0
2.520917e-01
5.030617e-01
0
0
3.001418e-01
2.319538e-01
0
0
1.033529e-01
1.100675e-01
0
9.881071e-02
0
0
0
0
0
0
0
0
1.627711e-01
0
0
3.662693e-02
4.603942e-01
2.038531e-01
1.598789e-01
0
0
0
2.253684e-02
3.873074e-02
0
0
6.835604e-01
1.221996e-01
1
5.492009e-01
7.941751e-01
0
7.560735e-01
5.377734e-01
4.147886e-01
0
4.146110e-01
0
3.694276e-01
1.674065e-01
0
0
0
0
2.784004e-01
4.470154e-01
7.192134e-01
7.678892e-01
8.357030e-01
6.416883e-01
6.819509e-01
3.717292e-01
0
0
5.610541e-01
2.988799e-01
1.921413e-01
2.231197e-02
6.254818e-01
5.410668e-01
1.915533e-01
0
0
0
1.477560e-01
3.664315e-01
0
0
8.569075e-02
0
0
5.995367e-02
0
0
0
0
0
0
0
0
0
0
0
0
0
1.843445e-01
0
0
7.562594e-01
6.340965e-01
3.883346e-01
0
0
1.133837e-01
5.337364e-01
4.023832e-01
1.143319e-01
0
0
1.559358e-02
0
0
1.185606e-01
2.884846e-01
0
3.271902e-01
0
0
4.463111e-01
4.111956e-01
0
0
0
0
3.207740e-01
6.346689e-01
7.311874e-01
7.755129e-01
0
0
7.349376e-02
0
0
2.378596e-01
3.603757e-02
6.583430e-01
5.366675e-02
1.832164e-01
0
0
0
0
0
0
0
0
2.223263e-01
1.467359e-01
0
0
0
0
3.174225e-01
1.872339e-01
5.492009e-01
1
1.670626e-01
2.671142e-01
4.008152e-01
8.547884e-01
1.593783e-01
6.047578e-02
1.557395e-01
2.612045e-01
1.369277e-01
2.161672e-01
2.688684e-01
2.504261e-01
1.255980e-01
7.104149e-03
2.117507e-01
3.026610e-01
4.255690e-01
5.299576e-01
6.395752e-01
5.897373e-01
6.981801e-01
6.841727e-01
0
0
1.524300e-01
0
0
0
2.878239e-01
2.442512e-01
0
0
0
0
0
2.656205e-02
0
0
0
0
0
0
0
2.860134e-03
0
2.362814e-02
0
0
0
0
3.917484e-02
0
0
0
0
5.205664e-01
0
0
3.762102e-01
6.742569e-01
0
0
0
3.048297e-01
3.115057e-01
2.652099e-01
0
0
0
0
0
0
3.115753e-01
5.915242e-01
0
4.256536e-01
0
0
2.585566e-01
5.079432e-01
0
0
0
2.796407e-02
2.654782e-01
2.088953e-01
5.900492e-01
3.562174e-01
0
0
0
3.596405e-01
0
2.685070e-02
1.113720e-01
1.991437e-01
0
0
7.646820e-02
0
7.760338e-02
2.115514e-02
1.100967e-02
0
1.136061e-01
0
8.930710e-04
2.477847e-01
9.236911e-02
0
0
0
7.580881e-01
1.199803e-01
7.941751e-01
1.670626e-01
1
0
6.513622e-01
2.970331e-01
4.695146e-01
0
4.882749e-01
0
3.497338e-01
1.472079e-01
0
0
0
0
3.304047e-01
4.497045e-01
6.836854e-01
6.170606e-01
6.002632e-01
3.292511e-01
3.844605e-01
3.524199e-02
0
0
5.886581e-01
3.815175e-01
1.665331e-01
0
5.433919e-01
4.827732e-01
2.976801e-01
0
1.022429e-01
0
4.056861e-01
3.602816e-01
0
0
8.759463e-02
0
0
0
0
0
0
0
0
0
0
0
0
0
0
0
0
0
0
0
7.478447e-01
4.788932e-01
5.311971e-01
6.666073e-02
0
0
6.016078e-01
3.798447e-01
3.028896e-01
0
2.279048e-01
1.111356e-01
2.315789e-01
0
1.727435e-02
0
0
1.206665e-01
0
0
5.544322e-01
3.232514e-01
0
0
0
0
3.529711e-01
7.236247e-01
5.264933e-01
6.466949e-01
0
0
3.127207e-01
0
0
1.062523e-01
9.163196e-03
5.928658e-01
6.414379e-02
2.675037e-01
0
0
0
0
0
0
0
0
2.208906e-01
1.871706e-01
0
0
1.962538e-01
0
0
3.990269e-01
0
2.671142e-01
0
1
0
2.389029e-01
0
6.920232e-01
0
8.284775e-01
0
4.906384e-01
4.083227e-02
0
9.875432e-02
2.868679e-01
1.000431e-01
0
0
0
0
0
1.695867e-01
2.336856e-01
0
1.714606e-01
0
0
0
1.206781e-01
0
0
0
3.326889e-02
0
8.586257e-02
0
0
1.171470e-01
8.748733e-02
0
1.711135e-01
1.044805e-01
7.151164e-02
1.407667e-01
2.215460e-01
0
0
0
0
0
9.168295e-02
1.808565e-01
1.263860e-01
1.644183e-02
2.862101e-01
0
5.211091e-01
1.547165e-01
3.887866e-01
0
0
0
0
2.299742e-01
1.672390e-01
0
1.464050e-01
0
0
0
0
0
1.438463e-01
0
0
5.322083e-02
6.489825e-02
3.915825e-02
2.617765e-01
0
0
2.165355e-01
2.671061e-01
0
0
0
0
9.027057e-02
0
0
3.751952e-01
0
2.383093e-01
0
0
8.912225e-02
0
9.711280e-02
0
4.437323e-03
0
3.823153e-01
0
5.080725e-01
2.385171e-01
3.121116e-01
0
0
0
3.488713e-01
1.374483e-01
0
0
5.046074e-01
1.293664e-01
7.560735e-01
4.008152e-01
6.513622e-01
0
1
5.410468e-01
2.621833e-01
0
4.125460e-01
0
3.552049e-01
7.460394e-02
0
0
0
0
5.817031e-02
7.518508e-02
3.756935e-01
4.648432e-01
4.651065e-01
6.826059e-01
3.613694e-01
2.064060e-01
0
0
5.522780e-01
4.682286e-01
3.316072e-01
1.997387e-01
6.382068e-01
6.179828e-01
2.197093e-01
0
0
0
4.371152e-02
2.383232e-01
3.092677e-01
1.707657e-01
3.897787e-01
2.256461e-01
1.742134e-01
2.847781e-01
3.005522e-02
0
0
0
0
0
0
0
0
0
0
0
0
2.239913e-01
0
0
5.490981e-01
2.397081e-01
3.341521e-01
3.152391e-02
0
0
2.544467e-01
7.358290e-02
0
0
0
0
3.049818e-02
0
0
2.019121e-01
0
4.601290e-03
0
0
2.451139e-01
9.895078e-02
0
0
0
0
0
5.012469e-01
4.869260e-01
6.191422e-01
2.699966e-01
0
3.195085e-01
0
0
1.932396e-01
0
5.175716e-01
0
2.291511e-01
0
0
0
6.009736e-02
2.548496e-01
0
0
0
1.280584e-01
4.172798e-02
0
0
0
0
3.132241e-01
1.484624e-01
5.377734e-01
8.547884e-01
2.970331e-01
2.389029e-01
5.410468e-01
1
1.894440e-01
7.122794e-02
3.619594e-01
2.519577e-01
2.004236e-01
2.700255e-01
2.104610e-01
3.347128e-01
1.522278e-01
0
1.446366e-01
2.640501e-01
3.544853e-01
4.100429e-01
5.668317e-01
4.485813e-01
5.846604e-01
5.732370e-01
0
0
1.012725e-01
0
0
0
2.146744e-01
1.944075e-01
0
0
0
0
0
2.088921e-02
0
0
0
0
0
0
0
0
0
0
0
0
0
0
1.269058e-02
0
0
0
0
4.219173e-01
0
0
3.479443e-01
5.820475e-01
0
0
0
1.852208e-01
3.086129e-01
2.230969e-01
0
0
0
0
0
0
2.902141e-01
4.466043e-01
0
2.577111e-01
0
0
2.086609e-01
3.148848e-01
0
0
0
4.558827e-02
3.631205e-01
4.519095e-01
6.013411e-01
4.492968e-01
0
0
0
1.410196e-01
0
4.131902e-02
1.429171e-01
2.918785e-01
0
0
0
0
0
0
2.453721e-01
0
5.058694e-03
0
1.780764e-01
2.938769e-01
1.677343e-02
0
4.319453e-03
1.494010e-01
6.501211e-01
0
4.147886e-01
1.593783e-01
4.695146e-01
0
2.621833e-01
1.894440e-01
1
0
4.921451e-01
0
4.805600e-01
1.093525e-01
6.013612e-04
0
3.177652e-01
2.169962e-01
4.368410e-02
2.660458e-01
6.441289e-01
5.737280e-01
5.278061e-01
0
1.696457e-01
2.565251e-01
0
0
5.304234e-01
2.910079e-01
0
0
4.702269e-01
2.609412e-01
4.100922e-01
0
0
0
2.293498e-01
5.448438e-02
0
0
0
0
0
0
0
0
9.734207e-03
1.610818e-01
1.367671e-01
3.447651e-01
0
0
0
0
0
0
0
0
0
0
6.384032e-01
3.387684e-01
1.385143e-01
0
0
8.717426e-02
4.757025e-01
2.831371e-02
1.577362e-01
9.357304e-02
0
6.630203e-02
0
0
6.519729e-02
3.192367e-01
0
0
0
0
7.058710e-01
1.781363e-01
0
0
0
4.802882e-02
3.004181e-01
4.186209e-01
2.432611e-01
4.965102e-01
2.486559e-01
0
0
0
0
0
2.820810e-01
4.476359e-01
3.426646e-01
3.328301e-02
0
1.431366e-01
0
5.811920e-02
0
0
0
6.701541e-02
4.824120e-01
0
0
0
4.562486e-01
3.262272e-01
0
2.005104e-01
0
6.047578e-02
0
6.920232e-01
0
7.122794e-02
0
1
0
7.259720e-01
0
4.563656e-01
2.504772e-01
2.927261e-01
3.829242e-01
2.603384e-01
1.954653e-01
0
0
0
0
0
0
2.462482e-01
2.109082e-01
6.287117e-01
0
0
0
0
0
0
0
0
0
1.344442e-01
0
0
0
0
0
0
0
0
0
1.569579e-02
1.607344e-01
8.939287e-02
2.874702e-01
0
1.357081e-01
1.345096e-01
3.259063e-01
5.612148e-01
4.174092e-01
5.504513e-01
2.209326e-01
1.692408e-01
5.127719e-01
4.361419e-01
0
0
0
0
2.646520e-01
0
0
0
0
0
0
0
0
2.711997e-01
0
0
3.005830e-01
5.218799e-02
2.777360e-01
6.299796e-01
0
8.221127e-03
4.872811e-01
4.250975e-01
1.583639e-01
3.572082e-01
0
0
0
0
0
4.965941e-01
0
2.061491e-01
2.024646e-02
0
1.642517e-01
0
0
0
1.670505e-01
0
3.240515e-01
0
3.324745e-01
3.676222e-01
4.084952e-01
3.209415e-03
0
1.298307e-02
4.495620e-01
3.850318e-01
1.999172e-01
4.077773e-01
4.573716e-01
8.428250e-02
4.146110e-01
1.557395e-01
4.882749e-01
0
4.125460e-01
3.619594e-01
4.921451e-01
0
1
1.223264e-02
7.919476e-01
4.803411e-01
2.772533e-02
1.781822e-01
5.274352e-01
4.281978e-01
1.468901e-01
3.226455e-01
2.659760e-01
2.901709e-01
2.267643e-01
3.084258e-02
1.768428e-01
4.384233e-01
2.657993e-01
1.686146e-01
3.068921e-01
4.503515e-01
2.015531e-01
2.124630e-01
3.305859e-02
0
9.038222e-04
0
1.898255e-01
0
2.058734e-01
2.245191e-01
0
0
0
0
0
0
0
0
0
0
0
0
0
0
0
0
0
0
0
6.857092e-02
0
0
2.289417e-01
2.200115e-01
0
0
0
0
3.046255e-01
4.293389e-01
1.136741e-02
0
0
0
1.424064e-01
0
1.279718e-01
2.000914e-01
0
0
3.137330e-01
6.572527e-02
2.739036e-01
0
0
0
0
0
1.439220e-01
3.686230e-01
2.608612e-01
4.224706e-01
0
0
0
0
0
2.197564e-02
2.667681e-01
5.154275e-01
2.939579e-01
2.533196e-01
0
0
0
0
0
0
0
1.437257e-01
1.158268e-01
0
0
0
3.448649e-01
6.919246e-02
0
2.912808e-01
0
2.612045e-01
0
8.284775e-01
0
2.519577e-01
0
7.259720e-01
1.223264e-02
1
6.056519e-02
7.197277e-01
6.872473e-02
0
2.514984e-01
4.046610e-01
2.083904e-01
0
0
1.046135e-01
0
0
3.424734e-01
2.165356e-01
0
1.498524e-01
0
0
0
0
0
0
0
0
0
2.374592e-01
0
0
0
0
0
0
0
0
0
2.656289e-02
0
0
0
0
0
5.443133e-02
2.532611e-01
6.565326e-02
1.064282e-01
2.253644e-01
0
4.282496e-01
1.368710e-01
2.656352e-01
0
4.205238e-02
0
0
2.559828e-01
1.927599e-01
0
1.908676e-01
0
0
0
2.056724e-02
6.941157e-03
5.030750e-02
0
0
2.681732e-02
2.558554e-01
1.097817e-01
3.352228e-01
0
1.640520e-01
2.135202e-01
2.957073e-01
0
1.132341e-01
7.536736e-02
0
1.428477e-01
0
0
3.240014e-01
0
9.630931e-02
0
0
2.474446e-01
0
1.637243e-01
0
0
0
3.976484e-01
0
5.382814e-01
1.976588e-01
2.602418e-01
0
0
0
4.106369e-01
6.748300e-02
1.819876e-01
4.570824e-01
6.141304e-01
2.591859e-01
3.694276e-01
1.369277e-01
3.497338e-01
0
3.552049e-01
2.004236e-01
4.805600e-01
0
7.919476e-01
6.056519e-02
1
5.305178e-01
0
1.108394e-01
4.757229e-01
2.954013e-01
6.108467e-02
2.763892e-01
3.662865e-01
3.385974e-01
2.144453e-01
0
1.063235e-01
3.514792e-01
2.033295e-01
1.324811e-01
4.661499e-01
4.577246e-01
7.433884e-03
1.974074e-02
1.683750e-01
2.532011e-02
0
0
9.420776e-02
4.015346e-02
1.301063e-01
2.973648e-01
0
0
0
0
0
0
0
0
0
0
0
0
0
0
0
0
0
0
0
5.090815e-02
0
0
2.737486e-01
2.998535e-01
0
0
0
0
2.067446e-01
3.877134e-01
0
0
0
0
0
0
1.864415e-01
3.820278e-01
0
2.180410e-01
3.149995e-01
8.378056e-02
4.605171e-01
1.221913e-01
0
0
0
0
7.599931e-02
1.202736e-01
3.201193e-01
4.064564e-01
8.604853e-03
0
0
0
0
0
4.457649e-01
4.465762e-01
2.814241e-01
9.476209e-02
0
7.357710e-02
0
1.058240e-01
3.340101e-02
0
0
0
1.274189e-01
2.508622e-02
1.267742e-01
5.166752e-02
3.193865e-01
2.925151e-01
8.889598e-02
4.232825e-01
1.674065e-01
2.161672e-01
1.472079e-01
4.906384e-01
7.460394e-02
2.700255e-01
1.093525e-01
4.563656e-01
4.803411e-01
7.197277e-01
5.305178e-01
1
0
2.786012e-03
4.356003e-01
4.546554e-01
4.859377e-01
1.395183e-01
1.339372e-01
3.138313e-01
1.278682e-01
0
3.916434e-01
2.750427e-01
0
1.972490e-01
3.488119e-02
2.848331e-01
0
0
0
0
0
0
9.512212e-02
1.939277e-01
3.638985e-02
0
0
0
0
0
0
0
0
0
0
0
0
0
0
0
0
0
0
0
0
2.251308e-01
0
0
0
2.996116e-01
0
0
0
0
2.303959e-01
4.816530e-01
0
0
0
0
1.592298e-01
6.031675e-02
0
0
0
4.109053e-01
2.300444e-01
3.865797e-01
1.141060e-01
3.486422e-01
0
1.874610e-01
0
1.291620e-01
2.888751e-01
0
2.973581e-01
0
0
0
0
0
0
0
4.273892e-01
0
2.781815e-01
3.519826e-02
0
0
0
0
2.864691e-01
0
4.058070e-03
0
0
0
1.779186e-01
0
3.242408e-01
2.376203e-01
0
0
0
2.688684e-01
0
4.083227e-02
0
2.104610e-01
6.013612e-04
2.504772e-01
2.772533e-02
6.872473e-02
0
0
1
6.104594e-01
3.032422e-01
3.641555e-01
0
1.445533e-01
0
0
1.321210e-01
0
1.699504e-01
3.218397e-01
4.809988e-01
4.212280e-01
0
0
0
0
0
0
1.766325e-02
5.375654e-02
8.153134e-03
0
9.678523e-02
0
0
0
0
0
0
0
0
0
2.193002e-02
0
1.033266e-01
1.342509e-01
0
0
7.713722e-01
3.937742e-01
1.074330e-01
0
0
0
1.397165e-01
0
0
0
0
0
6.011244e-01
5.435242e-01
2.129456e-01
9.109633e-02
1.948195e-01
2.072335e-01
1.101101e-01
0
0
3.343994e-02
6.081859e-01
4.140562e-01
7.869368e-01
1.646405e-01
2.064181e-01
2.407220e-01
0
0
4.689391e-02
0
0
1.058530e-02
1.148218e-01
4.106151e-03
0
6.876978e-02
0
2.173544e-01
0
3.816520e-01
9.489870e-02
2.036857e-01
2.337005e-01
0
0
0
0
3.926199e-03
3.181576e-01
9.085439e-02
0
9.277118e-02
4.764662e-01
7.146816e-01
1.537093e-01
5.858115e-02
2.752532e-01
0
1.851296e-01
4.894270e-01
1.114281e-02
0
0
2.504261e-01
0
0
0
3.347128e-01
0
2.927261e-01
1.781822e-01
0
1.108394e-01
2.786012e-03
6.104594e-01
1
5.650760e-01
1.492163e-01
1.753850e-01
5.807215e-01
0
0
9.113372e-02
0
1.385488e-01
3.686493e-01
3.943100e-01
4.061261e-01
0
0
0
0
0
0
0
0
0
0
0
4.310505e-02
0
0
0
0
0
0
0
0
8.481344e-02
5.287894e-02
1.989871e-01
2.105911e-01
0
0
4.371793e-01
5.431056e-01
2.305735e-02
0
0
0
0
0
0
1.952398e-01
0
0
2.633797e-01
3.584852e-01
2.638458e-01
4.177508e-01
0
2.166179e-01
1.230046e-01
0
0
1.528212e-01
6.901661e-01
4.813723e-01
5.119351e-01
2.358155e-01
2.354642e-02
1.688320e-01
0
0
0
0
0
2.426844e-01
4.029415e-01
1.958908e-01
1.714488e-01
3.798699e-02
0
0
0
3.134309e-01
9.582948e-03
9.842216e-02
4.359273e-01
1.563456e-01
7.667831e-02
0
2.333058e-01
0
0
3.277628e-02
0
0
1.932475e-01
4.975183e-01
9.749422e-02
5.148905e-01
3.010304e-01
0
6.111184e-01
7.488575e-01
1.480943e-01
0
0
1.255980e-01
0
9.875432e-02
0
1.522278e-01
3.177652e-01
3.829242e-01
5.274352e-01
2.514984e-01
4.757229e-01
4.356003e-01
3.032422e-01
5.650760e-01
1
7.151427e-01
3.171877e-01
5.189455e-01
1.624354e-01
1.445206e-01
4.863311e-02
0
2.032349e-01
4.961507e-01
3.580540e-01
4.453735e-01
0
0
0
0
0
0
0
0
0
0
1.432428e-01
0
0
0
0
0
0
0
0
0
0
0
7.527935e-02
0
0
0
3.443149e-01
4.504066e-01
0
0
0
0
7.784834e-02
0
0
1.708284e-01
0
0
3.501170e-01
2.721756e-01
3.228967e-01
5.098238e-01
3.193212e-01
4.852847e-01
1.473992e-01
2.455785e-01
0
0
3.168337e-01
2.079170e-01
2.297431e-01
1.757012e-01
2.291484e-01
2.074529e-01
1.361877e-01
9.281854e-02
0
0
0
7.924267e-02
2.572125e-01
0
1.023433e-01
0
0
0
0
2.044187e-01
9.193299e-02
0
5.007777e-01
4.592164e-02
4.868990e-01
0
0
6.186291e-02
0
0
0
0
0
2.318636e-01
5.072772e-02
1.344621e-01
2.379416e-01
2.335493e-01
7.475470e-01
4.082595e-01
0
0
0
7.104149e-03
0
2.868679e-01
0
0
2.169962e-01
2.603384e-01
4.281978e-01
4.046610e-01
2.954013e-01
4.546554e-01
3.641555e-01
1.492163e-01
7.151427e-01
1
1.181630e-01
9.733333e-02
1.416936e-01
2.735782e-01
0
0
2.592397e-01
2.645164e-01
3.173782e-01
2.878284e-01
0
0
0
0
0
0
4.955537e-02
1.863579e-01
0
0
2.700657e-01
0
0
0
0
0
0
0
0
0
0
0
0
0
0
0
4.893600e-01
2.199008e-01
0
0
0
7.900402e-02
1.537644e-01
2.127957e-01
0
3.499046e-02
0
0
6.774589e-01
5.391906e-01
3.703513e-01
4.528344e-01
5.548186e-01
5.875099e-01
2.938406e-01
3.724444e-01
1.620115e-01
5.834819e-02
2.776233e-01
3.767548e-02
2.226491e-01
1.029286e-02
3.616818e-01
2.159228e-01
3.660523e-03
0
1.117666e-01
0
0
0
1.978528e-01
0
6.329408e-02
0
0
1.865740e-02
0
8.277806e-02
2.090288e-01
0
4.332495e-01
4.786191e-02
6.105641e-01
2.803876e-01
0
1.330076e-01
3.093798e-01
0
0
6.760517e-02
9.409969e-02
2.332897e-01
7.168951e-02
0
2.232438e-01
1.202194e-01
0
5.322828e-02
1.152144e-01
0
2.784004e-01
2.117507e-01
3.304047e-01
1.000431e-01
5.817031e-02
1.446366e-01
4.368410e-02
1.954653e-01
1.468901e-01
2.083904e-01
6.108467e-02
4.859377e-01
0
1.753850e-01
3.171877e-01
1.181630e-01
1
6.802446e-01
1.483281e-01
2.089238e-01
2.749335e-01
0
5.584129e-01
3.104451e-01
0
1.299696e-01
0
1.211452e-01
0
0
2.773039e-02
6.110678e-02
0
0
1.433515e-02
0
1.181687e-01
0
0
0
0
0
0
0
0
9.413857e-02
0
0
0
0
0
0
0
0
0
0
0
0
0
0
0
1.635366e-01
5.516819e-02
2.265379e-03
0
0
4.991479e-01
5.751140e-01
1.343066e-01
0
2.458814e-01
0
1.098183e-01
1.177009e-02
0
0
0
2.852351e-01
0
1.570575e-01
2.970221e-02
3.355471e-01
0
1.356094e-01
0
5.414167e-03
4.442798e-01
8.635061e-02
2.631466e-01
0
0
0
0
0
6.994765e-03
0
1.526925e-01
0
1.852679e-01
0
0
0
0
6.124037e-03
0
0
0
0
0
2.443331e-01
0
0
0
3.750807e-01
4.808659e-01
0
4.470154e-01
3.026610e-01
4.497045e-01
0
7.518508e-02
2.640501e-01
2.660458e-01
0
3.226455e-01
0
2.763892e-01
1.395183e-01
1.445533e-01
5.807215e-01
5.189455e-01
9.733333e-02
6.802446e-01
1
4.439006e-01
2.929354e-01
5.327480e-01
5.087351e-02
4.898493e-01
3.975482e-01
7.232276e-02
4.411729e-02
1.233682e-01
0
9.355059e-02
0
1.376515e-01
2.275886e-02
0
0
0
0
3.116827e-01
2.427600e-01
0
0
0
0
0
0
0
0
0
0
0
4.542129e-02
0
0
0
0
0
0
0
0
0
0
3.151348e-01
3.606721e-01
1.983533e-02
0
0
9.314350e-02
5.866840e-01
6.750542e-01
2.518846e-01
2.023754e-01
3.052166e-01
7.527868e-02
0
0
3.023309e-01
2.954269e-01
0
3.991810e-01
0
0
2.749550e-01
2.861523e-01
0
0
0
0
4.977597e-01
3.966836e-01
4.241931e-01
2.428858e-01
0
0
0
2.367650e-02
0
3.454868e-02
2.723015e-01
2.671664e-01
1.807952e-01
0
0
0
0
0
0
0
0
1.574516e-01
0
4.223363e-01
0
0
0
1.024893e-01
8.203480e-01
1.541390e-02
7.192134e-01
4.255690e-01
6.836854e-01
0
3.756935e-01
3.544853e-01
6.441289e-01
0
2.659760e-01
0
3.662865e-01
1.339372e-01
0
0
1.624354e-01
1.416936e-01
1.483281e-01
4.439006e-01
1
8.741722e-01
8.567559e-01
3.279118e-01
5.951440e-01
1.281242e-01
0
0
6.437816e-01
1.154087e-01
0
0
5.147588e-01
2.886464e-01
2.237934e-01
0
0
0
3.052474e-01
2.483749e-01
0
0
0
0
0
0
0
0
1.357312e-02
1.830359e-01
9.382204e-02
1.982629e-01
0
0
0
0
0
0
0
1.776693e-01
0
0
8.225401e-01
6.822095e-01
1.614315e-01
0
0
2.750471e-01
6.185119e-01
3.741056e-01
3.957533e-01
1.990837e-01
2.105262e-01
3.546309e-01
1.713599e-02
0
2.198186e-01
2.789050e-01
0
3.410338e-01
0
0
7.081180e-01
5.332279e-01
0
0
0
1.490250e-01
5.092311e-01
4.949887e-01
6.013470e-01
5.722069e-01
0
0
0
0
0
3.246555e-02
3.592561e-01
4.004826e-01
2.475299e-01
0
0
0
0
0
0
0
0
0
3.496151e-01
2.004766e-01
0
0
0
0
6.522464e-01
1.352633e-01
7.678892e-01
5.299576e-01
6.170606e-01
0
4.648432e-01
4.100429e-01
5.737280e-01
0
2.901709e-01
1.046135e-01
3.385974e-01
3.138313e-01
0
0
1.445206e-01
2.735782e-01
2.089238e-01
2.929354e-01
8.741722e-01
1
8.027824e-01
4.932877e-01
7.012069e-01
2.826949e-01
0
0
5.877111e-01
2.644100e-01
0
0
4.296904e-01
2.791655e-01
2.049520e-01
0
0
0
1.390046e-01
1.271665e-01
0
0
0
0
0
0
0
0
0
3.667755e-02
0
0
0
0
0
0
0
0
0
3.441453e-01
0
0
7.276262e-01
6.928943e-01
2.457437e-01
0
0
3.640264e-01
5.442319e-01
3.774231e-01
2.662409e-01
9.266925e-02
3.507758e-02
3.259136e-01
0
0
9.778734e-02
3.259880e-01
0
3.524372e-01
0
0
5.963408e-01
5.604721e-01
0
0
0
0
4.196740e-01
4.193877e-01
7.313344e-01
5.199622e-01
3.547231e-02
0
0
0
0
0
2.666279e-01
4.080788e-01
3.007978e-01
7.080702e-02
0
0
0
0
0
0
0
0
2.227103e-01
0
0
0
0
0
6.474939e-01
0
8.357030e-01
6.395752e-01
6.002632e-01
0
4.651065e-01
5.668317e-01
5.278061e-01
0
2.267643e-01
0
2.144453e-01
1.278682e-01
1.321210e-01
9.113372e-02
4.863311e-02
0
2.749335e-01
5.327480e-01
8.567559e-01
8.027824e-01
1
5.308444e-01
7.614850e-01
3.674532e-01
0
0
5.491308e-01
7.151922e-02
0
0
5.418712e-01
3.707063e-01
1.103607e-01
0
0
0
1.870440e-01
1.142217e-01
0
0
0
0
0
0
0
0
4.891369e-02
1.902220e-01
9.925188e-03
1.949604e-01
0
0
0
0
0
0
0
1.812013e-01
0
0
7.050394e-01
6.774816e-01
9.932902e-02
0
0
2.950443e-01
5.629097e-01
3.309344e-01
1.957026e-01
0
8.486937e-02
8.974695e-02
0
0
1.922498e-01
4.125318e-01
0
4.017194e-01
0
0
5.160880e-01
5.104463e-01
0
0
0
5.990627e-02
5.080906e-01
5.413834e-01
6.465292e-01
6.094492e-01
0
0
0
0
0
1.371438e-01
2.143388e-01
3.892788e-01
6.055316e-02
0
0
0
0
0
0
0
0
0
2.886660e-01
1.772364e-01
0
0
0
0
2.896699e-01
3.862455e-02
6.416883e-01
5.897373e-01
3.292511e-01
0
6.826059e-01
4.485813e-01
0
0
3.084258e-02
0
0
0
0
0
0
0
0
5.087351e-02
3.279118e-01
4.932877e-01
5.308444e-01
1
4.426469e-01
2.966652e-01
0
0
5.176931e-01
3.842305e-01
3.585446e-01
2.559143e-01
4.779473e-01
5.564476e-01
7.842715e-02
0
0
4.594725e-02
0
1.439034e-01
4.005221e-01
3.367690e-01
5.195211e-01
4.241777e-01
3.433704e-01
4.227761e-01
3.049646e-01
4.121813e-01
0
0
0
0
0
0
0
0
0
0
0
4.403065e-01
0
0
4.062913e-01
2.647591e-01
2.187479e-01
1.379855e-01
0
0
0
0
0
0
0
0
0
0
0
3.025230e-01
0
1.354394e-01
0
0
1.571046e-01
3.104741e-01
0
0
0
0
0
2.396621e-01
4.029770e-01
3.263623e-01
0
0
1.632011e-01
2.376644e-02
0
4.112422e-01
0
2.143111e-01
0
8.532744e-02
0
0
0
0
0
0
0
0
0
0
0
0
0
0
2.741515e-01
0
6.819509e-01
6.981801e-01
3.844605e-01
1.695867e-01
3.613694e-01
5.846604e-01
1.696457e-01
0
1.768428e-01
3.424734e-01
1.063235e-01
3.916434e-01
1.699504e-01
1.385488e-01
2.032349e-01
2.592397e-01
5.584129e-01
4.898493e-01
5.951440e-01
7.012069e-01
7.614850e-01
4.426469e-01
1
4.834803e-01
0
0
1.417196e-01
0
0
0
2.031648e-01
9.698390e-02
0
0
0
0
3.879328e-02
0
0
0
0
0
0
0
0
6.438664e-02
0
0
0
0
0
0
1.310142e-01
0
0
0
0
2.554882e-01
0
0
3.519354e-01
5.459639e-01
0
0
1.440101e-02
4.135570e-01
6.352258e-01
6.050199e-01
2.358862e-01
1.408917e-02
1.576035e-01
1.669712e-01
0
0
2.231561e-01
2.514295e-01
0
3.906200e-01
0
0
1.160789e-01
4.047348e-01
0
0
0
0
5.909687e-01
3.185360e-01
6.634627e-01
3.213887e-01
0
0
0
1.026941e-01
0
0
3.448241e-01
1.762124e-01
2.575867e-01
0
0
0
0
0
0
0
0
0
1.726939e-01
2.780101e-01
0
0
0
2.103221e-01
1.452792e-01
1.298107e-01
3.717292e-01
6.841727e-01
3.524199e-02
2.336856e-01
2.064060e-01
5.732370e-01
2.565251e-01
2.462482e-01
4.384233e-01
2.165356e-01
3.514792e-01
2.750427e-01
3.218397e-01
3.686493e-01
4.961507e-01
2.645164e-01
3.104451e-01
3.975482e-01
1.281242e-01
2.826949e-01
3.674532e-01
2.966652e-01
4.834803e-01
1
0
1.561683e-01
0
5.809052e-02
0
2.347112e-01
0
0
0
0
0
0
0
0
0
0
0
0
0
0
0
3.109172e-02
0
0
0
0
0
0
9.122799e-02
0
0
0
0
2.815625e-01
0
0
6.567296e-02
3.570722e-01
0
0
0
1.650797e-01
1.794652e-01
2.102674e-01
0
0
0
0
0
0
1.574944e-01
5.125293e-01
9.500879e-02
1.963534e-01
0
0
8.661569e-02
2.370232e-01
0
0
0
0
5.000274e-02
6.324384e-02
3.066563e-01
2.185514e-01
0
1.618780e-01
0
2.886274e-01
0
4.156953e-03
1.282363e-01
2.325331e-01
8.848121e-02
0
0
0
0
0
0
0
0
8.063981e-02
2.855285e-03
6.020957e-02
0
0
5.000468e-01
4.376857e-01
0
0
0
0
0
0
0
0
0
2.109082e-01
2.657993e-01
0
2.033295e-01
0
4.809988e-01
3.943100e-01
3.580540e-01
3.173782e-01
0
7.232276e-02
0
0
0
0
0
0
1
8.348964e-01
0
0
2.343757e-01
1.542987e-01
0
0
0
1.988572e-01
4.361738e-01
1.127685e-01
2.897897e-01
5.110583e-02
1.756313e-02
5.781654e-02
0
1.788716e-02
0
0
5.524532e-02
0
0
0
0
0
0
0
3.210457e-01
5.314502e-01
1.626929e-01
0
4.941093e-01
0
5.624513e-01
4.403160e-01
0
0
0
0
4.674502e-01
0
0
5.630131e-02
1.149638e-01
2.072225e-01
9.776103e-02
0
6.718751e-02
3.402516e-01
2.502506e-01
0
7.374101e-01
0
7.622563e-01
6.211565e-01
0
0
4.266526e-01
3.038091e-01
0
0
0
0
0
0
0
3.092201e-01
0
5.370685e-02
4.005712e-01
1.074930e-01
3.632748e-02
0
4.087921e-02
2.078276e-01
0
2.484447e-01
2.396942e-02
1.943877e-01
0
2.369279e-01
2.013260e-01
7.367716e-01
0
0
2.042370e-01
3.697260e-01
5.271722e-01
4.818878e-01
0
0
0
0
0
1.714606e-01
0
0
0
6.287117e-01
1.686146e-01
1.498524e-01
1.324811e-01
1.972490e-01
4.212280e-01
4.061261e-01
4.453735e-01
2.878284e-01
1.299696e-01
4.411729e-02
0
0
0
0
0
1.561683e-01
8.348964e-01
1.000000e+00
0
7.869450e-03
0
1.465700e-01
0
0
0
7.828328e-02
3.706675e-01
1.883820e-01
3.200698e-03
0
0
0
0
0
0
0
7.230729e-03
0
0
0
1.144426e-01
0
9.394970e-02
0
2.329432e-01
5.971317e-01
2.743434e-01
2.463347e-01
4.252429e-01
0
6.371161e-01
5.063681e-01
0
0
0
0
3.086104e-01
0
0
0
0
2.416418e-02
0
0
0
3.392207e-01
6.342643e-02
0
5.961509e-01
0
7.361029e-01
8.438601e-01
0
0
5.506325e-01
4.300871e-01
2.653225e-02
3.011377e-02
0
0
0
0
0
4.278068e-01
0
2.455367e-02
1.912514e-01
0
6.510534e-03
0
0
2.827132e-02
0
9.517013e-02
6.316103e-03
1.297608e-01
0
3.415419e-01
2.945822e-01
4.640191e-01
0
0
2.593756e-01
4.333186e-01
0
0
7.486305e-01
1.808179e-01
5.610541e-01
1.524300e-01
5.886581e-01
0
5.522780e-01
1.012725e-01
5.304234e-01
0
3.068921e-01
0
4.661499e-01
3.488119e-02
0
0
0
0
0
1.233682e-01
6.437816e-01
5.877111e-01
5.491308e-01
5.176931e-01
1.417196e-01
0
0
0
1
6.774302e-01
2.275639e-01
0
6.344846e-01
5.216110e-01
2.900725e-01
0
3.539570e-01
1.443904e-01
2.639472e-01
1.303049e-01
0
0
1.384555e-01
0
0
0
0
0
0
8.732632e-03
0
5.798797e-02
0
0
0
0
0
0
0
2.078255e-01
0
0
6.198237e-01
2.845354e-01
3.098457e-01
5.731023e-02
0
0
1.370960e-01
0
0
0
0
0
1.705298e-01
0
0
3.079674e-01
0
4.571032e-02
2.264978e-02
0
6.965518e-01
2.943855e-01
0
0
1.085256e-01
0
2.498145e-02
3.226123e-01
3.056421e-01
4.045939e-01
1.111583e-01
0
4.020384e-01
0
0
3.637407e-02
0
3.059471e-01
0
9.654510e-02
0
0
0
0
0
0
0
0
0
0
0
0
0
0
3.543788e-01
3.181137e-01
2.988799e-01
0
3.815175e-01
0
4.682286e-01
0
2.910079e-01
0
4.503515e-01
0
4.577246e-01
2.848331e-01
0
0
0
0
1.211452e-01
0
1.154087e-01
2.644100e-01
7.151922e-02
3.842305e-01
0
5.809052e-02
0
7.869450e-03
6.774302e-01
1
3.914457e-01
3.814692e-01
3.131638e-01
3.806025e-01
4.954417e-02
0
4.555607e-01
2.972426e-01
8.230463e-03
0
1.479162e-01
1.615443e-01
4.202904e-01
2.913766e-01
0
5.457824e-02
1.183146e-01
3.282045e-02
0
0
0
0
0
0
0
0
0
0
0
2.127380e-01
0
3.965940e-02
1.526497e-01
0
3.079439e-01
3.278540e-01
0
0
0
0
0
0
0
0
3.104967e-01
0
0
0
0
0
3.284800e-01
1.704098e-01
3.019920e-01
1.317113e-01
9.933507e-02
2.764072e-02
0
0
0
0
0
3.139550e-02
0
0
2.339344e-01
0
0
0
0
1.018350e-01
0
2.908023e-01
0
0
0
1.374119e-02
0
0
0
0
0
0
0
0
0
0
0
0
1.921413e-01
0
1.665331e-01
0
3.316072e-01
0
0
0
2.015531e-01
0
7.433884e-03
0
0
0
0
0
0
9.355059e-02
0
0
0
3.585446e-01
0
0
2.343757e-01
0
2.275639e-01
3.914457e-01
1
7.693559e-01
2.880857e-01
4.588602e-01
1.032909e-01
1.958403e-01
2.953728e-01
6.617850e-02
1.768260e-01
3.778235e-01
7.379810e-01
6.311447e-01
7.807561e-01
7.146971e-01
5.860831e-01
6.644207e-01
6.953472e-01
5.316467e-01
0
0
0
0
2.837040e-02
0
0
0
0
0
1.342565e-01
0
0
1.463438e-01
3.821077e-02
0
4.275914e-01
4.427777e-01
0
0
0
0
0
0
0
0
8.497934e-02
1.983167e-02
0
0
5.176236e-02
0
6.262513e-02
0
0
0
0
0
0
0
0
1.489809e-01
0
1.372985e-01
0
0
4.687341e-01
0
1.472804e-01
5.894626e-01
0
2.275224e-01
0
2.874028e-01
0
0
0
8.327213e-02
0
0
0
2.739028e-01
0
0
0
0
0
0
0
2.170788e-01
2.231197e-02
0
0
1.206781e-01
1.997387e-01
0
0
0
2.124630e-01
0
1.974074e-02
0
0
0
0
0
0
0
0
0
0
2.559143e-01
0
2.347112e-01
1.542987e-01
1.465700e-01
0
3.814692e-01
7.693559e-01
1
1.193566e-01
4.077446e-01
0
1.965497e-02
5.094899e-02
3.399589e-03
0
2.167060e-01
6.920660e-01
5.304158e-01
6.787608e-01
6.667364e-01
4.915027e-01
5.330179e-01
6.950998e-01
5.352282e-01
0
0
0
0
0
1.509684e-03
0
0
0
3.834353e-02
2.675386e-01
8.121931e-02
0
1.945744e-01
0
0
1.132940e-01
3.878006e-01
0
0
0
0
0
0
0
0
0
0
0
0
0
0
0
1.643897e-02
0
0
3.568401e-02
0
0
0
0
0
0
0
0
1.897584e-01
1.469284e-01
3.751297e-02
0
2.884938e-01
0
3.954169e-02
0
0
0
0
0
1.415904e-01
0
0
0
0
0
0
0
1.417083e-01
0
0
6.366935e-01
9.300359e-02
6.254818e-01
2.878239e-01
5.433919e-01
0
6.382068e-01
2.146744e-01
4.702269e-01
0
3.305859e-02
0
1.683750e-01
0
0
0
0
0
2.773039e-02
1.376515e-01
5.147588e-01
4.296904e-01
5.418712e-01
4.779473e-01
2.031648e-01
0
0
0
6.344846e-01
3.131638e-01
2.880857e-01
1.193566e-01
1
8.876694e-01
3.218106e-01
0
0
0
0
3.313310e-01
1.977272e-01
3.133860e-02
3.035843e-01
1.032501e-01
2.787464e-02
2.559673e-01
0
0
0
1.050619e-01
0
2.613011e-01
0
0
0
0
0
0
0
2.721436e-03
0
0
7.778223e-01
3.381594e-01
5.288000e-01
2.982978e-01
0
0
3.016957e-01
0
0
0
0
0
0
0
9.391322e-03
2.972691e-01
0
7.714850e-02
0
0
4.975760e-01
2.136382e-01
0
0
0
0
1.531404e-01
4.166576e-01
3.731597e-01
5.886611e-01
3.049372e-01
0
4.127750e-01
0
0
8.068930e-02
0
4.709521e-01
0
0
8.159499e-02
0
0
4.058546e-01
0
0
0
0
2.495061e-01
9.134465e-02
0
0
0
0
4.325019e-01
2.611781e-01
5.410668e-01
2.442512e-01
4.827732e-01
0
6.179828e-01
1.944075e-01
2.609412e-01
0
0
0
2.532011e-02
0
0
0
0
0
6.110678e-02
2.275886e-02
2.886464e-01
2.791655e-01
3.707063e-01
5.564476e-01
9.698390e-02
0
0
0
5.216110e-01
3.806025e-01
4.588602e-01
4.077446e-01
8.876694e-01
1
2.206527e-01
0
0
0
0
3.795564e-01
4.519912e-01
2.779664e-01
5.454952e-01
3.694979e-01
2.425417e-01
5.103818e-01
1.796386e-01
1.360613e-01
0
1.996422e-02
0
1.025271e-01
0
1.061725e-01
0
0
0
0
0
1.484285e-01
0
0
5.874771e-01
1.861205e-01
5.175515e-01
4.909770e-01
0
0
5.045619e-02
0
0
0
0
0
0
0
0
6.369925e-02
0
0
0
0
2.989603e-01
2.019092e-01
0
0
0
0
0
3.166887e-01
2.669722e-01
4.397761e-01
2.407241e-01
0
5.060791e-01
0
0
1.012380e-01
0
3.007224e-01
0
0
5.633127e-02
0
0
3.527533e-01
0
0
0
0
3.389905e-02
0
0
0
0
0
1.536325e-01
0
1.915533e-01
0
2.976801e-01
0
2.197093e-01
0
4.100922e-01
0
9.038222e-04
0
0
0
1.766325e-02
0
0
4.955537e-02
0
0
2.237934e-01
2.049520e-01
1.103607e-01
7.842715e-02
0
0
0
0
2.900725e-01
4.954417e-02
1.032909e-01
0
3.218106e-01
2.206527e-01
1.000000e+00
4.442267e-01
2.038326e-01
1.537237e-01
4.589282e-01
2.253915e-01
0
1.856996e-02
1.415326e-01
0
0
7.561383e-04
0
0
0
0
0
4.046846e-02
1.177738e-01
0
0
0
0
0
0
0
0
0
4.236218e-01
0
5.413763e-01
2.259374e-01
1.716289e-01
2.679891e-01
2.646665e-01
0
3.028340e-01
2.046940e-01
2.320475e-01
1.962266e-01
2.088035e-01
0
1.114421e-01
0
0
0
3.607013e-02
0
3.389736e-01
0
0
0
1.455552e-01
0
4.986552e-02
5.545577e-01
9.210417e-02
4.996310e-01
4.747658e-01
0
4.664964e-01
0
1.310405e-01
3.029994e-01
0
4.761703e-01
1.088000e-01
5.728977e-01
0
4.861553e-01
9.467211e-02
1.788846e-01
0
8.365298e-02
4.298951e-02
1.902423e-01
3.860392e-01
0
0
0
3.236937e-01
1.020955e-01
0
4.609934e-04
0
0
0
3.326889e-02
0
0
0
0
0
0
0
0
5.375654e-02
0
0
1.863579e-01
0
0
0
0
0
0
0
0
1.988572e-01
7.828328e-02
0
0
1.958403e-01
1.965497e-02
0
0
4.442267e-01
1
2.772848e-01
3.779876e-01
3.416704e-01
1.557202e-01
0
7.074197e-02
1.012322e-02
8.648780e-02
2.500978e-02
1.482259e-02
2.287504e-01
1.135710e-01
1.287172e-01
0
0
0
1.640220e-01
7.083293e-02
2.076648e-01
1.573136e-01
1.870630e-01
1.198066e-01
2.595801e-02
0
1.803309e-01
5.137685e-01
0
0
2.428247e-01
2.676289e-01
3.559432e-01
2.935361e-01
0
0
1.597432e-01
3.794940e-01
1.770786e-01
1.337399e-01
4.858938e-02
3.026672e-01
0
0
0
0
2.820215e-01
9.469647e-02
0
0
4.893757e-02
0
1.719826e-01
0
0
1.319337e-01
0
8.376941e-02
5.927905e-02
0
2.545188e-01
0
2.726415e-01
3.077836e-01
0
1.779307e-01
2.035485e-01
5.175850e-01
0
1.474233e-01
0
0
4.592825e-02
2.853402e-01
1.014336e-01
2.157043e-01
1.111947e-01
0
0
1.759805e-02
1.142917e-01
1.028872e-01
0
0
0
0
1.022429e-01
0
0
0
0
0
1.898255e-01
0
9.420776e-02
9.512212e-02
8.153134e-03
0
0
0
1.433515e-02
0
0
0
0
0
0
0
4.361738e-01
3.706675e-01
3.539570e-01
4.555607e-01
2.953728e-01
5.094899e-02
0
0
2.038326e-01
2.772848e-01
1
5.786645e-01
5.655014e-01
0
6.167450e-02
1.458449e-01
1.372386e-01
9.736130e-02
0
6.890271e-02
7.293951e-02
0
0
0
0
0
3.338150e-01
1.874284e-01
0
3.885866e-02
5.491859e-02
0
1.931110e-01
0
1.969346e-01
3.061074e-01
0
0
5.387930e-02
3.307051e-02
1.004408e-01
0
0
0
0
0
1.516881e-01
0
5.750427e-01
4.422222e-01
0
0
1.825688e-01
0
7.438778e-01
5.400780e-01
0
0
3.188520e-01
3.920000e-01
1.047183e-01
0
0
4.508142e-02
0
0
0
0
5.166192e-01
0
2.336606e-01
0
0
0
0
2.837450e-01
0
0
0
0
0
1.293091e-01
0
2.149233e-01
0
0
0
0
1.742655e-01
5.900095e-02
0
1.592275e-01
0
0
0
8.586257e-02
0
0
0
1.344442e-01
0
2.374592e-01
4.015346e-02
1.939277e-01
0
0
0
0
0
0
0
0
0
4.594725e-02
0
0
1.127685e-01
1.883820e-01
1.443904e-01
2.972426e-01
6.617850e-02
3.399589e-03
0
0
1.537237e-01
3.779876e-01
5.786645e-01
1
3.349208e-01
0
3.060734e-02
1.543112e-01
8.030151e-02
1.093284e-01
0
1.269660e-01
2.120845e-01
5.305865e-02
0
0
1.695940e-02
0
4.400605e-01
3.636878e-01
0
1.423747e-02
2.193829e-01
2.582444e-01
3.804241e-02
1.332086e-01
2.802001e-01
4.852842e-01
0
0
0
8.562129e-02
6.971174e-02
0
0
0
0
0
0
0
1.159833e-01
5.968689e-02
0
0
5.647136e-02
6.847010e-02
5.162099e-01
3.807816e-01
0
0
1.736835e-01
3.162404e-01
3.337316e-01
0
0
0
0
0
1.502926e-01
3.318318e-01
2.712690e-01
0
1.304080e-01
0
0
0
0
6.219813e-02
0
6.849000e-03
5.889317e-02
0
2.881086e-01
3.088691e-01
2.112620e-01
0
0
0
0
2.396781e-01
2.174126e-01
1.832850e-01
1.587684e-01
0
1.477560e-01
0
4.056861e-01
0
4.371152e-02
0
2.293498e-01
0
2.058734e-01
0
1.301063e-01
3.638985e-02
9.678523e-02
0
1.432428e-01
2.700657e-01
1.181687e-01
3.116827e-01
3.052474e-01
1.390046e-01
1.870440e-01
0
3.879328e-02
0
2.897897e-01
3.200698e-03
2.639472e-01
8.230463e-03
1.768260e-01
0
0
0
4.589282e-01
3.416704e-01
5.655014e-01
3.349208e-01
1
2.677434e-01
0
0
0
0
0
0
0
0
0
0
0
0
6.782494e-02
0
9.435115e-02
0
4.996518e-02
0
0
0
0
6.071375e-03
8.880000e-02
0
2.109683e-01
0
3.342370e-01
1.139619e-01
3.757577e-01
2.213412e-01
5.233124e-01
4.113134e-01
5.802815e-01
3.159548e-01
3.583168e-01
9.349740e-02
0
0
1.368759e-01
5.494642e-02
3.262925e-01
0
1.332343e-01
0
0
0
0
0
3.005458e-01
4.585983e-01
9.346420e-02
2.294858e-01
1.619050e-01
0
3.673133e-01
0
5.174715e-01
1.723282e-01
1.552655e-01
1.093100e-01
2.836628e-01
3.211376e-01
0
8.685475e-02
0
0
0
0
0
3.787627e-01
2.045374e-01
0
0
0
0
1.709883e-02
3.724191e-01
0
3.664315e-01
2.656205e-02
3.602816e-01
0
2.383232e-01
2.088921e-02
5.448438e-02
0
2.245191e-01
0
2.973648e-01
0
0
4.310505e-02
0
0
0
2.427600e-01
2.483749e-01
1.271665e-01
1.142217e-01
1.439034e-01
0
0
5.110583e-02
0
1.303049e-01
0
3.778235e-01
2.167060e-01
3.313310e-01
3.795564e-01
2.253915e-01
1.557202e-01
0
0
2.677434e-01
1
1.809873e-01
1.106557e-01
2.094373e-01
1.237639e-01
1.020583e-01
2.814341e-01
0
0
0
0
0
0
0
0
0
0
0
0
0
0
0
0
4.150193e-01
1.721613e-01
3.375302e-01
1.891654e-01
0
1.197488e-01
1.840083e-01
3.596000e-01
1.020646e-01
1.552346e-01
0
7.427564e-02
0
0
2.078966e-01
9.038511e-02
0
2.422353e-01
0
0
1.326143e-01
0
0
0
0
0
5.382533e-02
3.576955e-01
3.500304e-01
5.199569e-01
5.898715e-02
0
2.170598e-01
2.682934e-01
1.016894e-01
4.375744e-01
4.362562e-02
5.196321e-01
2.021590e-01
1.402901e-01
1.451195e-01
2.647430e-01
0
3.248079e-01
0
0
0
8.913031e-02
1.209963e-01
1.333213e-01
2.161002e-02
4.067050e-03
0
0
0
0
0
0
0
1.171470e-01
3.092677e-01
0
0
0
0
0
0
0
0
0
0
0
0
0
0
0
0
4.005221e-01
0
0
1.756313e-02
0
0
1.479162e-01
7.379810e-01
6.920660e-01
1.977272e-01
4.519912e-01
0
0
6.167450e-02
3.060734e-02
0
1.809873e-01
1
9.312643e-01
8.951366e-01
9.456168e-01
8.942773e-01
9.446290e-01
8.398404e-01
7.417507e-01
0
0
0
0
3.328699e-01
4.195533e-01
0
0
0
2.364266e-02
2.957276e-01
0
6.627512e-02
2.337129e-01
0
0
3.407892e-01
5.465419e-01
0
0
0
0
0
0
0
0
9.567330e-02
2.808293e-02
0
0
4.113748e-02
0
0
0
0
0
1.665510e-01
1.749813e-01
0
0
0
0
0
0
7.699853e-02
2.094348e-01
4.650058e-01
1.734560e-02
2.090995e-01
4.666684e-01
0
0
0
1.449619e-01
0
0
6.400538e-02
1.596225e-01
1.363591e-01
0
0
6.939077e-02
0
0
0
0
0
0
0
0
0
0
0
8.748733e-02
1.707657e-01
0
0
0
0
0
0
0
0
0
0
0
0
0
0
0
0
3.367690e-01
0
0
5.781654e-02
0
0
1.615443e-01
6.311447e-01
5.304158e-01
3.133860e-02
2.779664e-01
1.856996e-02
7.074197e-02
1.458449e-01
1.543112e-01
0
1.106557e-01
9.312643e-01
1
8.846767e-01
9.531914e-01
8.676734e-01
9.027827e-01
8.268547e-01
7.657581e-01
0
0
0
0
4.343332e-01
4.377593e-01
0
0
0
4.669973e-02
3.299512e-01
0
2.307471e-01
4.201717e-01
0
0
4.009871e-01
6.203515e-01
0
0
0
0
0
0
8.281632e-03
0
2.143320e-01
1.201682e-01
0
0
2.375001e-02
0
0
5.571434e-03
0
0
2.794028e-01
3.187595e-01
0
0
0
0
0
0
0
1.858923e-01
4.578385e-01
0
3.103540e-01
4.299924e-01
0
0
0
2.300519e-01
0
0
1.388324e-01
8.198307e-02
1.216867e-01
0
0
0
0
0
0
2.606118e-02
0
0
0
0
8.569075e-02
0
8.759463e-02
0
3.897787e-01
0
0
0
0
0
0
0
0
0
0
0
0
0
0
0
0
5.195211e-01
0
0
0
0
1.384555e-01
4.202904e-01
7.807561e-01
6.787608e-01
3.035843e-01
5.454952e-01
1.415326e-01
1.012322e-02
1.372386e-01
8.030151e-02
0
2.094373e-01
8.951366e-01
8.846767e-01
1
9.386681e-01
7.196839e-01
8.230701e-01
7.445982e-01
6.593050e-01
0
0
0
0
2.435604e-01
1.761247e-01
0
0
0
0
1.917713e-01
1.019174e-02
4.851605e-02
2.635007e-01
1.536156e-02
0
5.438815e-01
6.948159e-01
0
0
0
0
0
0
0
0
1.472915e-01
0
0
0
0
0
0
0
0
0
1.199798e-01
1.257004e-01
0
0
0
0
0
0
7.559946e-02
1.182287e-01
5.300944e-01
0
4.074070e-02
4.574287e-01
0
5.209138e-02
0
3.292238e-01
0
0
0
1.786632e-01
4.469497e-03
0
0
0
0
0
0
3.056053e-02
0
0
0
0
0
0
0
1.711135e-01
2.256461e-01
0
0
0
0
0
0
0
0
0
0
0
0
0
0
0
0
4.241777e-01
0
0
1.788716e-02
0
0
2.913766e-01
7.146971e-01
6.667364e-01
1.032501e-01
3.694979e-01
0
8.648780e-02
9.736130e-02
1.093284e-01
0
1.237639e-01
9.456168e-01
9.531914e-01
9.386681e-01
1
8.158161e-01
8.794094e-01
8.443209e-01
7.867091e-01
0
0
0
0
2.731940e-01
2.965370e-01
0
0
0
3.381715e-05
2.282189e-01
2.862647e-02
1.630492e-01
4.070195e-01
0
0
4.215376e-01
6.769241e-01
0
0
0
0
0
0
0
0
1.338346e-01
4.757988e-02
0
0
0
0
0
0
0
0
2.430673e-01
2.176879e-01
0
0
0
0
0
0
0
2.089362e-01
3.992436e-01
0
1.352957e-01
4.223118e-01
0
0
0
2.986889e-01
0
0
1.196193e-01
1.726485e-01
8.199907e-02
0
0
0
0
0
0
3.455034e-02
0
0
0
0
0
0
0
1.044805e-01
1.742134e-01
0
0
0
0
0
0
0
0
0
0
0
0
0
0
0
0
3.433704e-01
0
0
0
0
0
0
5.860831e-01
4.915027e-01
2.787464e-02
2.425417e-01
0
2.500978e-02
0
0
0
1.020583e-01
8.942773e-01
8.676734e-01
7.196839e-01
8.158161e-01
1
8.866019e-01
8.709042e-01
8.231211e-01
0
0
0
0
4.176522e-01
4.847763e-01
0
0
0
3.982272e-02
2.675152e-01
0
7.595356e-02
1.948579e-01
0
0
2.013977e-01
3.425871e-01
1.089150e-01
0
0
0
0
0
1.250401e-01
7.289436e-02
2.151295e-02
0
0
0
1.566619e-01
0
0
0
0
0
1.048394e-01
0
0
0
0
0
0
0
3.962383e-02
2.087411e-01
3.173162e-01
2.148615e-01
4.475252e-01
5.715462e-01
0
0
0
2.968333e-02
0
0
2.178241e-01
0
8.430888e-02
0
0
2.079783e-01
0
0
0
0
0
0
0
0
5.995367e-02
0
0
7.151164e-02
2.847781e-01
0
0
0
0
0
0
0
0
0
0
0
0
0
0
0
0
4.227761e-01
0
0
0
0
0
5.457824e-02
6.644207e-01
5.330179e-01
2.559673e-01
5.103818e-01
7.561383e-04
1.482259e-02
6.890271e-02
1.269660e-01
0
2.814341e-01
9.446290e-01
9.027827e-01
8.230701e-01
8.794094e-01
8.866019e-01
1.000000e+00
7.969013e-01
7.269980e-01
0
0
0
0
3.650327e-01
5.296196e-01
0
0
0
3.935719e-02
1.689952e-01
0
0
1.582867e-01
0
0
3.817578e-01
5.737044e-01
0
0
0
0
0
0
0
0
7.169636e-02
6.058476e-03
0
0
0
0
0
0
0
0
0
1.605190e-01
0
0
0
0
0
0
1.451660e-01
1.230267e-01
5.438580e-01
2.765686e-02
2.600789e-01
4.383589e-01
0
0
0
1.010601e-01
3.282716e-02
0
8.393072e-02
1.381455e-01
1.011800e-01
0
0
2.641671e-02
0
0
0
0
0
0
0
0
0
0
0
1.407667e-01
3.005522e-02
0
0
0
0
0
0
0
0
0
0
0
0
0
0
0
0
3.049646e-01
0
0
5.524532e-02
7.230729e-03
0
1.183146e-01
6.953472e-01
6.950998e-01
0
1.796386e-01
0
2.287504e-01
7.293951e-02
2.120845e-01
0
0
8.398404e-01
8.268547e-01
7.445982e-01
8.443209e-01
8.709042e-01
7.969013e-01
1
8.983970e-01
4.296133e-02
0
0
0
4.384510e-01
4.205584e-01
0
0
0
1.632619e-01
2.397640e-01
0
1.974178e-01
4.369696e-01
0
0
1.636422e-01
4.637840e-01
4.358690e-02
0
0
0
0
0
0
0
0
6.140649e-02
0
0
6.052902e-02
0
0
0
0
0
1.547316e-01
0
0
0
0
0
0
0
0
2.165100e-01
2.781199e-01
8.562754e-02
3.058339e-01
4.733509e-01
0
0
0
6.939063e-02
0
0
3.653750e-02
0
8.556466e-02
0
0
1.020150e-01
0
0
0
0
0
0
0
0
0
2.860134e-03
0
2.215460e-01
0
0
0
1.569579e-02
0
2.656289e-02
0
0
0
0
0
0
9.413857e-02
0
0
0
0
4.121813e-01
6.438664e-02
3.109172e-02
0
0
0
3.282045e-02
5.316467e-01
5.352282e-01
0
1.360613e-01
0
1.135710e-01
0
5.305865e-02
0
0
7.417507e-01
7.657581e-01
6.593050e-01
7.867091e-01
8.231211e-01
7.269980e-01
8.983970e-01
1.000000e+00
5.254001e-02
0
0
0
3.174926e-01
3.558374e-01
0
0
0
6.602511e-02
4.989039e-02
6.597315e-02
8.697687e-02
3.307630e-01
0
0
1.483483e-01
4.268225e-01
1.088728e-01
0
0
0
0
0
9.834493e-02
1.550689e-02
0
1.275537e-01
0
0
5.771267e-03
0
0
0
0
0
8.663575e-02
0
0
0
0
0
0
0
0
4.947674e-02
1.010102e-01
1.645106e-01
2.240504e-01
4.509809e-01
0
0
0
9.636211e-03
0
0
1.315900e-01
0
0
0
0
0
0
0
0
0
9.804181e-02
1.102854e-01
0
4.642329e-02
0
0
0
0
0
0
9.734207e-03
1.607344e-01
0
0
0
0
2.193002e-02
8.481344e-02
0
0
0
0
1.357312e-02
0
4.891369e-02
0
0
0
0
0
0
0
0
0
0
0
0
1.287172e-01
0
0
0
0
0
0
0
0
0
0
4.296133e-02
5.254001e-02
1.000000e+00
8.907624e-01
8.265059e-01
7.615505e-01
5.246739e-01
5.089794e-01
2.707332e-01
3.449066e-01
6.732965e-01
5.724025e-01
1.366011e-01
0
1.879146e-01
0
0
9.477635e-02
0
0
0
8.358921e-02
0
0
3.110691e-02
2.209150e-01
2.092497e-01
2.924243e-01
0
1.558431e-01
0
0
0
2.113736e-02
0
0
2.746165e-02
2.040915e-01
4.995073e-02
0
6.513670e-01
7.146213e-01
6.811506e-02
0
0
0
7.669773e-02
0
1.175028e-02
8.623874e-02
3.345661e-02
0
6.285174e-02
0
0
0
4.278727e-01
0
1.370873e-02
0
1.176567e-01
1.780554e-01
1.172711e-01
0
2.722957e-01
2.174676e-01
0
0
0
1.676893e-01
5.534356e-02
1.259193e-01
0
2.362814e-02
0
0
0
0
1.610818e-01
8.939287e-02
0
0
0
0
0
5.287894e-02
0
0
0
0
1.830359e-01
3.667755e-02
1.902220e-01
0
0
0
0
0
8.732632e-03
0
0
0
1.050619e-01
1.996422e-02
0
0
0
0
0
0
0
0
0
0
0
0
0
0
8.907624e-01
1
8.481998e-01
8.546788e-01
2.808928e-01
3.919241e-01
1.694327e-01
2.446681e-01
5.420659e-01
5.533354e-01
2.244063e-02
2.170442e-03
4.779136e-02
0
9.439705e-02
2.099045e-01
0
0
0
5.103430e-02
0
0
0
1.093413e-01
8.708444e-02
1.487876e-01
0
9.935473e-02
0
1.142215e-01
0
1.631381e-01
0
0
2.196272e-01
3.716479e-01
0
0
5.971609e-01
7.360258e-01
1.125681e-01
0
0
0
4.579612e-02
0
0
1.577728e-01
0
0
1.422530e-01
0
0
0
4.713554e-01
1.123763e-02
5.196873e-03
0
0
1.375016e-01
1.637191e-01
0
1.934806e-01
1.788813e-01
0
4.382215e-02
2.410064e-01
3.792518e-01
6.097823e-02
8.331110e-02
0
0
0
0
0
0
1.367671e-01
2.874702e-01
0
0
0
0
1.033266e-01
1.989871e-01
7.527935e-02
0
0
0
9.382204e-02
0
9.925188e-03
0
0
0
0
1.144426e-01
0
0
0
0
0
0
0
0
0
1.695940e-02
0
0
0
0
0
0
0
0
0
0
8.265059e-01
8.481998e-01
1.000000e+00
8.482569e-01
3.341795e-01
3.648488e-01
2.819730e-01
4.865370e-01
7.022661e-01
6.032872e-01
2.396140e-01
0
2.629304e-01
0
0
1.067292e-01
0
0
0
0
0
0
0
8.659088e-02
7.963728e-02
1.185487e-01
0
2.013838e-01
4.521117e-02
5.562906e-02
5.060829e-02
9.857602e-02
0
4.550739e-02
2.269336e-01
2.617342e-01
1.397878e-01
2.879074e-03
7.514241e-01
9.156876e-01
1.194928e-01
0
0
0
6.973622e-02
1.238709e-02
0
9.471843e-02
0
0
3.115233e-01
0
0
0
4.708437e-01
1.597626e-01
1.236121e-02
0
4.516024e-02
3.003771e-01
3.003189e-01
0
2.497379e-01
3.459220e-01
2.369927e-01
1.893906e-01
0
2.035137e-01
1.688022e-01
0
0
0
0
0
0
0
3.447651e-01
0
0
0
0
0
1.342509e-01
2.105911e-01
0
0
0
4.542129e-02
1.982629e-01
0
1.949604e-01
0
0
0
0
0
5.798797e-02
0
0
0
2.613011e-01
1.025271e-01
4.046846e-02
0
0
0
0
0
0
0
0
0
0
0
0
0
7.615505e-01
8.546788e-01
8.482569e-01
1
2.648277e-01
3.425651e-01
2.041868e-01
3.269349e-01
5.227469e-01
4.640060e-01
2.067665e-01
0
2.788530e-02
0
1.922893e-01
9.623109e-02
0
0
0
0
0
0
0
3.762761e-02
7.375757e-02
1.584717e-02
0
2.745153e-02
3.809819e-02
1.797603e-01
5.780036e-02
0
0
0
2.746441e-01
1.021516e-01
0
0
5.525253e-01
7.072143e-01
2.188859e-01
0
0
0
2.774447e-01
0
7.278319e-02
7.789260e-02
0
0
2.481511e-01
0
0
0
4.888147e-01
1.553991e-01
0
0
0
4.842307e-02
1.880170e-01
1.335336e-01
4.586252e-01
2.680803e-01
0
4.640850e-02
0
0
0
0
0
0
0
0
0
0
0
1.357081e-01
0
0
0
0
0
0
0
0
0
0
0
0
0
0
0
0
0
9.394970e-02
0
0
2.837040e-02
0
0
0
1.177738e-01
1.640220e-01
3.338150e-01
4.400605e-01
6.782494e-02
0
3.328699e-01
4.343332e-01
2.435604e-01
2.731940e-01
4.176522e-01
3.650327e-01
4.384510e-01
3.174926e-01
5.246739e-01
2.808928e-01
3.341795e-01
2.648277e-01
1.000000e+00
8.091672e-01
0
2.084611e-01
5.983895e-01
4.872738e-01
4.231719e-01
0
4.547867e-01
3.772809e-01
0
0
0
1.796571e-01
4.552320e-02
0
0
0
0
0
1.989609e-01
2.535694e-02
1.955711e-01
1.669963e-01
0
0
1.215863e-01
0
1.613093e-01
1.684281e-01
0
0
4.721049e-01
3.302350e-01
4.457162e-01
2.106679e-01
0
0
0
0
2.947309e-01
2.359220e-01
5.044286e-01
0
3.448934e-01
0
0
0
0
0
9.806725e-02
0
1.099809e-01
0
3.689377e-01
2.641564e-01
3.058456e-02
2.345619e-02
0
0
0
2.610251e-02
0
0
0
4.431329e-02
0
0
0
9.168295e-02
0
0
0
1.345096e-01
0
5.443133e-02
0
0
0
0
0
0
0
0
0
0
0
0
0
0
0
0
0
0
0
1.509684e-03
0
1.061725e-01
0
7.083293e-02
1.874284e-01
3.636878e-01
0
0
4.195533e-01
4.377593e-01
1.761247e-01
2.965370e-01
4.847763e-01
5.296196e-01
4.205584e-01
3.558374e-01
5.089794e-01
3.919241e-01
3.648488e-01
3.425651e-01
8.091672e-01
1
8.611121e-02
1.494994e-01
5.834008e-01
6.120032e-01
3.494225e-01
3.732364e-02
2.443571e-01
1.926470e-01
0
0
0
1.562157e-01
0
0
0
0
0
0
4.329037e-02
0
8.458159e-02
2.821503e-01
0
0
9.743279e-02
0
0
3.885007e-02
0
0
2.927098e-01
3.100817e-01
4.269234e-01
3.163427e-01
0
0
0
0
2.332923e-01
2.176082e-01
4.746508e-01
0
2.485749e-01
1.056688e-02
0
0
0
0
2.799722e-01
0
1.804975e-01
0
4.004750e-01
2.957142e-01
1.880109e-01
0
0
8.426769e-02
2.980537e-03
0
6.385061e-01
3.912542e-01
0
0
0
3.917484e-02
0
1.808565e-01
0
1.269058e-02
0
3.259063e-01
0
2.532611e-01
0
0
7.713722e-01
4.371793e-01
3.443149e-01
4.893600e-01
0
0
0
0
0
0
1.310142e-01
9.122799e-02
3.210457e-01
2.329432e-01
0
0
0
0
0
0
0
2.076648e-01
0
0
9.435115e-02
0
0
0
0
0
0
0
0
0
2.707332e-01
1.694327e-01
2.819730e-01
2.041868e-01
0
8.611121e-02
1
6.197061e-01
4.665155e-01
1.700464e-01
1.099213e-01
4.225653e-03
2.898169e-01
1.049425e-01
0
0
0
0
7.457064e-01
6.764272e-01
1.005629e-01
7.683414e-02
4.084870e-01
5.581451e-01
3.168630e-01
3.453553e-01
0
1.964697e-01
4.772660e-01
1.079305e-01
6.248434e-01
6.440808e-02
1.113927e-01
4.919506e-02
0
0
1.401307e-01
0
8.635243e-02
2.085911e-01
1.698720e-01
0
0
0
0
2.130570e-01
0
5.436425e-01
3.801310e-01
1.730653e-01
4.079846e-01
0
2.634918e-01
0
4.873968e-02
1.008641e-01
5.143083e-01
0
0
2.177777e-01
4.354760e-01
5.679673e-01
3.738444e-01
1.476198e-01
4.431809e-01
3.783438e-02
6.486687e-01
6.777364e-01
0
0
0
0
0
1.263860e-01
0
0
0
5.612148e-01
0
6.565326e-02
0
0
3.937742e-01
5.431056e-01
4.504066e-01
2.199008e-01
0
0
0
0
0
0
0
0
5.314502e-01
5.971317e-01
0
0
0
0
0
0
0
1.573136e-01
3.885866e-02
1.423747e-02
0
0
0
0
0
0
0
0
0
0
3.449066e-01
2.446681e-01
4.865370e-01
3.269349e-01
2.084611e-01
1.494994e-01
6.197061e-01
1
6.592268e-01
4.891743e-01
6.035101e-01
0
6.012010e-01
3.661648e-01
0
0
0
0
4.677083e-01
8.672967e-02
0
0
1.383794e-01
4.197620e-01
3.122998e-01
1.353512e-01
0
4.677537e-01
1.740846e-01
0
5.571895e-01
0
3.576667e-01
3.570006e-01
0
0
4.030548e-01
2.334294e-01
2.121403e-01
4.185191e-01
1.709638e-02
0
0
0
0
2.744550e-01
0
3.740275e-01
4.806372e-01
0
2.725729e-01
0
8.156242e-02
0
2.795334e-01
1.947437e-01
2.013334e-01
0
6.576716e-03
3.058813e-01
3.093314e-01
4.219685e-01
4.024192e-02
2.678008e-01
3.516886e-01
4.424547e-01
4.752932e-01
2.147979e-01
0
0
0
0
0
1.644183e-02
0
0
0
4.174092e-01
0
1.064282e-01
0
0
1.074330e-01
2.305735e-02
0
0
0
0
0
0
0
0
0
0
1.626929e-01
2.743434e-01
0
0
0
0
0
0
0
1.870630e-01
5.491859e-02
2.193829e-01
4.996518e-02
0
0
0
0
0
0
0
0
0
6.732965e-01
5.420659e-01
7.022661e-01
5.227469e-01
5.983895e-01
5.834008e-01
4.665155e-01
6.592268e-01
1
7.999684e-01
5.581114e-01
0
6.529207e-01
4.048490e-01
0
0
0
0
3.208066e-01
1.939512e-02
0
0
1.558212e-01
3.332328e-01
3.495440e-01
3.072102e-01
5.775342e-02
4.238111e-01
0
0
2.649645e-01
0
1.785342e-01
2.534931e-01
0
0
4.603741e-01
3.492341e-01
6.010235e-01
6.040258e-01
0
0
0
0
1.993898e-01
2.649263e-01
2.623350e-02
1.359312e-01
4.573607e-01
0
1.451848e-01
0
2.804213e-02
0
4.106628e-01
3.216470e-01
3.614619e-01
0
1.589844e-01
5.558660e-01
3.961424e-01
1.524469e-01
2.103426e-01
1.000397e-01
3.263963e-01
3.681372e-01
2.390773e-01
1.270331e-01
0
3.265807e-01
0
0
0
2.862101e-01
0
0
0
5.504513e-01
0
2.253644e-01
0
0
0
0
0
0
0
0
0
0
0
0
0
0
0
2.463347e-01
0
0
0
3.834353e-02
0
0
0
1.198066e-01
0
2.582444e-01
0
0
2.364266e-02
4.669973e-02
0
3.381715e-05
3.982272e-02
3.935719e-02
1.632619e-01
6.602511e-02
5.724025e-01
5.533354e-01
6.032872e-01
4.640060e-01
4.872738e-01
6.120032e-01
1.700464e-01
4.891743e-01
7.999684e-01
1
5.984296e-01
1.161662e-01
5.720333e-01
4.363325e-01
0
0
0
1.447154e-01
0
0
0
0
0
0
0
0
0
4.164230e-01
0
0
1.932589e-02
0
8.014924e-02
2.810425e-01
0
0
4.923948e-01
3.611772e-01
5.297727e-01
5.403099e-01
0
0
0
0
1.135220e-01
4.154789e-01
8.096203e-03
1.381603e-01
2.081722e-01
0
0
0
0
0
4.588849e-01
1.304964e-01
2.739843e-01
0
2.867410e-01
5.301086e-01
3.489638e-01
0
4.584306e-02
0
2.347422e-01
4.858861e-01
2.416447e-01
1.333171e-01
0
0
0
0
0
0
0
0
0
2.209326e-01
0
0
0
0
0
0
0
0
0
0
0
0
0
0
0
0
4.941093e-01
4.252429e-01
0
0
1.342565e-01
2.675386e-01
0
0
0
2.595801e-02
1.931110e-01
3.804241e-02
0
0
2.957276e-01
3.299512e-01
1.917713e-01
2.282189e-01
2.675152e-01
1.689952e-01
2.397640e-01
4.989039e-02
1.366011e-01
2.244063e-02
2.396140e-01
2.067665e-01
4.231719e-01
3.494225e-01
1.099213e-01
6.035101e-01
5.581114e-01
5.984296e-01
1
0
7.073102e-01
4.562430e-01
0
0
0
7.544619e-02
1.336055e-01
0
0
0
0
6.775414e-02
9.670355e-02
0
2.234267e-01
4.251195e-01
0
0
3.525468e-01
0
3.479966e-01
3.088260e-01
0
0
6.618416e-01
4.533045e-01
1.644729e-01
1.043036e-01
0
0
0
0
6.363963e-02
4.402923e-01
1.835034e-01
1.413251e-01
5.107997e-01
4.218995e-02
0
0
0
0
3.089846e-01
3.412997e-01
2.024047e-01
9.565767e-02
6.174202e-02
3.454316e-01
1.040306e-01
2.868978e-01
0
6.041128e-02
1.784478e-01
6.135302e-01
0
0
3.805582e-02
5.841983e-01
1.843445e-01
5.205664e-01
0
5.211091e-01
2.239913e-01
4.219173e-01
0
1.692408e-01
6.857092e-02
4.282496e-01
5.090815e-02
2.251308e-01
0
0
0
7.900402e-02
0
0
1.776693e-01
3.441453e-01
1.812013e-01
4.403065e-01
2.554882e-01
2.815625e-01
0
0
2.078255e-01
2.127380e-01
0
8.121931e-02
2.721436e-03
1.484285e-01
0
0
0
1.332086e-01
0
0
0
0
1.019174e-02
2.862647e-02
0
0
0
6.597315e-02
0
2.170442e-03
0
0
0
3.732364e-02
4.225653e-03
0
0
1.161662e-01
0
1
0
0
7.612230e-02
3.338891e-01
0
0
0
1.013795e-02
0
0
0
0
0
0
0
0
0
2.787609e-02
0
0
0
0
9.534721e-02
3.542559e-01
0
0
5.760913e-02
2.562450e-02
0
0
1.200027e-01
4.773153e-02
0
2.820599e-01
0
2.327828e-01
0
0
0
0
0
0
0
0
2.227456e-01
0
3.488442e-01
5.995435e-02
1.941058e-01
0
0
0
2.920830e-02
0
5.073424e-01
1.435176e-01
0
0
0
0
0
1.547165e-01
0
0
0
5.127719e-01
0
1.368710e-01
0
0
1.397165e-01
0
7.784834e-02
1.537644e-01
0
0
0
0
0
0
0
0
5.624513e-01
6.371161e-01
0
0
0
0
0
0
0
1.803309e-01
1.969346e-01
2.802001e-01
0
0
6.627512e-02
2.307471e-01
4.851605e-02
1.630492e-01
7.595356e-02
0
1.974178e-01
8.697687e-02
1.879146e-01
4.779136e-02
2.629304e-01
2.788530e-02
4.547867e-01
2.443571e-01
2.898169e-01
6.012010e-01
6.529207e-01
5.720333e-01
7.073102e-01
0
1
8.129326e-01
0
0
0
4.740985e-02
4.813428e-01
0
0
0
0
1.910394e-01
4.046329e-02
8.050198e-02
9.552533e-02
3.904281e-01
0
0
5.221525e-01
0
5.866053e-01
6.009949e-01
0
0
7.983176e-01
5.457878e-01
3.216796e-01
9.600981e-02
0
0
0
0
6.609043e-02
5.727085e-01
0
1.005986e-01
3.164421e-01
0
0
0
0
0
1.539523e-01
4.063979e-01
4.755291e-01
1.773729e-02
1.017808e-01
6.428928e-01
3.973900e-01
2.642964e-01
0
0
3.614821e-01
7.376891e-01
4.223957e-01
6.311186e-02
0
0
0
0
0
3.887866e-01
0
0
0
4.361419e-01
0
2.656352e-01
0
0
0
0
0
2.127957e-01
0
0
0
0
0
0
0
0
4.403160e-01
5.063681e-01
0
3.965940e-02
1.463438e-01
1.945744e-01
0
0
0
5.137685e-01
3.061074e-01
4.852842e-01
6.071375e-03
0
2.337129e-01
4.201717e-01
2.635007e-01
4.070195e-01
1.948579e-01
1.582867e-01
4.369696e-01
3.307630e-01
0
0
0
0
3.772809e-01
1.926470e-01
1.049425e-01
3.661648e-01
4.048490e-01
4.363325e-01
4.562430e-01
0
8.129326e-01
1.000000e+00
0
0
0
3.153250e-01
4.493737e-01
0
0
0
0
1.799372e-01
0
5.040411e-02
1.148974e-01
4.106698e-01
0
0
2.676960e-01
0
5.753633e-01
5.595093e-01
0
0
6.040078e-01
5.103521e-01
1.425205e-01
0
0
0
0
0
0
4.111261e-01
4.863298e-02
0
2.912994e-01
1.548540e-02
0
0
0
2.781269e-01
0
1.972468e-01
2.970642e-01
0
2.088124e-01
5.510029e-01
2.481892e-01
7.477018e-02
0
0
1.009799e-01
5.785828e-01
0
0
8.525645e-01
5.151882e-02
7.562594e-01
3.762102e-01
7.478447e-01
0
5.490981e-01
3.479443e-01
6.384032e-01
0
2.289417e-01
0
2.737486e-01
0
0
0
0
0
0
3.151348e-01
8.225401e-01
7.276262e-01
7.050394e-01
4.062913e-01
3.519354e-01
6.567296e-02
0
0
6.198237e-01
1.526497e-01
3.821077e-02
0
7.778223e-01
5.874771e-01
4.236218e-01
0
0
0
8.880000e-02
4.150193e-01
0
0
1.536156e-02
0
0
0
0
0
0
9.439705e-02
0
1.922893e-01
0
0
0
0
0
0
0
7.612230e-02
0
0
1
6.725409e-01
4.992209e-01
7.000658e-02
0
1.466460e-01
5.407070e-01
1.982843e-01
1.658749e-01
1.611287e-02
3.831714e-02
1.926858e-01
0
0
2.458711e-01
3.244572e-01
0
1.620932e-01
0
0
7.415007e-01
3.974617e-01
0
0
0
0
3.576117e-01
6.661783e-01
6.122080e-01
7.394947e-01
1.532429e-01
0
1.785136e-01
0
0
2.080073e-01
1.093108e-01
6.887120e-01
1.006517e-01
5.814739e-02
2.349557e-02
1.194296e-01
0
1.010526e-01
0
0
0
0
3.556029e-01
1.984157e-01
0
0
0
7.206117e-02
6.516928e-01
3.792743e-01
6.340965e-01
6.742569e-01
4.788932e-01
0
2.397081e-01
5.820475e-01
3.387684e-01
0
2.200115e-01
4.205238e-02
2.998535e-01
2.996116e-01
0
1.952398e-01
1.708284e-01
3.499046e-02
1.635366e-01
3.606721e-01
6.822095e-01
6.928943e-01
6.774816e-01
2.647591e-01
5.459639e-01
3.570722e-01
0
0
2.845354e-01
0
0
0
3.381594e-01
1.861205e-01
0
0
0
0
0
1.721613e-01
0
0
0
0
0
0
0
0
9.477635e-02
2.099045e-01
1.067292e-01
9.623109e-02
0
0
0
0
0
0
0
3.338891e-01
0
0
6.725409e-01
1
6.882993e-02
0
0
3.361426e-01
4.556426e-01
4.112658e-01
9.414931e-02
0
0
5.573653e-02
0
0
3.708214e-01
4.168203e-01
0
5.626804e-01
0
0
6.366052e-01
7.343264e-01
0
0
9.298685e-02
3.269828e-01
4.502298e-01
3.857075e-01
7.050353e-01
5.346749e-01
0
0
0
1.622355e-01
0
0
3.266758e-01
4.746743e-01
4.535901e-02
0
1.456875e-01
0
0
0
0
0
0
0
1.965854e-01
3.987674e-01
6.728655e-02
0
0
0
2.597855e-01
0
3.883346e-01
0
5.311971e-01
0
3.341521e-01
0
1.385143e-01
0
0
0
0
0
0
0
0
0
5.516819e-02
1.983533e-02
1.614315e-01
2.457437e-01
9.932902e-02
2.187479e-01
0
0
0
0
3.098457e-01
3.079439e-01
4.275914e-01
1.132940e-01
5.288000e-01
5.175515e-01
5.413763e-01
2.428247e-01
5.387930e-02
0
2.109683e-01
3.375302e-01
3.407892e-01
4.009871e-01
5.438815e-01
4.215376e-01
2.013977e-01
3.817578e-01
1.636422e-01
1.483483e-01
0
0
0
0
0
0
0
0
0
0
0
0
0
0
4.992209e-01
6.882993e-02
1
7.786712e-01
0
0
2.445711e-01
7.725001e-02
1.473131e-01
1.635605e-02
1.574947e-01
1.730506e-01
2.652775e-01
0
0
0
0
0
0
0
2.178119e-01
0
0
0
0
0
9.857066e-03
4.368238e-01
2.554009e-01
4.050205e-01
1.600192e-01
0
5.582046e-01
0
0
2.542558e-01
0
5.273360e-01
6.982392e-02
6.377687e-01
0
1.250549e-01
0
3.019865e-01
0
0
0
0
4.329542e-02
0
0
0
0
0
0
2.155227e-01
0
0
6.666073e-02
0
3.152391e-02
0
0
0
0
0
0
0
0
0
0
0
2.265379e-03
0
0
0
0
1.379855e-01
0
0
0
0
5.731023e-02
3.278540e-01
4.427777e-01
3.878006e-01
2.982978e-01
4.909770e-01
2.259374e-01
2.676289e-01
3.307051e-02
8.562129e-02
0
1.891654e-01
5.465419e-01
6.203515e-01
6.948159e-01
6.769241e-01
3.425871e-01
5.737044e-01
4.637840e-01
4.268225e-01
0
0
0
0
1.796571e-01
1.562157e-01
0
0
0
1.447154e-01
7.544619e-02
0
4.740985e-02
3.153250e-01
7.000658e-02
0
7.786712e-01
1.000000e+00
0
0
0
0
0
0
0
0
1.463418e-01
7.111127e-02
0
0
0
0
0
0
0
0
6.159368e-02
2.143127e-01
0
0
0
0
0
0
8.305812e-02
0
4.719782e-01
0
0
5.474316e-02
0
6.499379e-02
0
4.061683e-01
6.650587e-02
8.515971e-02
0
3.395635e-01
0
1.239864e-01
0
0
0
0
0
9.549178e-02
6.078957e-01
1.787296e-01
0
0
0
0
0
2.299742e-01
0
0
0
2.646520e-01
0
2.559828e-01
0
0
6.011244e-01
2.633797e-01
3.501170e-01
6.774589e-01
0
0
0
0
0
0
1.440101e-02
0
4.674502e-01
3.086104e-01
0
0
0
0
0
0
1.716289e-01
3.559432e-01
1.004408e-01
6.971174e-02
3.342370e-01
0
0
0
0
0
1.089150e-01
0
4.358690e-02
1.088728e-01
0
0
0
0
4.552320e-02
0
7.457064e-01
4.677083e-01
3.208066e-01
0
1.336055e-01
0
4.813428e-01
4.493737e-01
0
0
0
0
1
6.359391e-01
7.565565e-02
1.080045e-01
3.862878e-01
5.799427e-01
4.189224e-01
3.809276e-01
1.829153e-01
2.871107e-01
2.926136e-01
1.897279e-02
6.681534e-01
0
3.828349e-01
2.435952e-01
0
0
3.182301e-01
3.736704e-02
0
0
1.327725e-01
0
0
0
7.435239e-02
1.867233e-01
0
1.612813e-01
5.114570e-01
2.875682e-01
2.821161e-01
0
4.492938e-01
2.217398e-01
0
1.524594e-01
5.849420e-01
0
0
2.023647e-01
2.686792e-01
6.254021e-01
1.007604e-01
0
2.060159e-01
1.622079e-01
2.745357e-01
8.385413e-03
0
0
1.133837e-01
3.048297e-01
0
1.672390e-01
0
1.852208e-01
8.717426e-02
0
0
1.927599e-01
0
0
5.435242e-01
3.584852e-01
2.721756e-01
5.391906e-01
0
9.314350e-02
2.750471e-01
3.640264e-01
2.950443e-01
0
4.135570e-01
1.650797e-01
0
0
0
0
0
0
0
0
2.679891e-01
2.935361e-01
0
0
1.139619e-01
1.197488e-01
0
0
0
0
0
0
0
0
8.358921e-02
5.103430e-02
0
0
0
0
6.764272e-01
8.672967e-02
1.939512e-02
0
0
1.013795e-02
0
0
1.466460e-01
3.361426e-01
0
0
6.359391e-01
1
4.244658e-01
3.623019e-01
4.052876e-01
5.578973e-01
3.050284e-01
4.385278e-01
0
0
6.001303e-01
3.874960e-01
2.218284e-01
2.828682e-01
0
0
0
0
0
0
0
0
4.639574e-01
2.617433e-01
4.444604e-01
2.748687e-01
3.517059e-02
0
0
3.643900e-01
4.909873e-02
3.138147e-01
4.563523e-01
2.725188e-01
4.740727e-01
1.820937e-01
0
1.559220e-01
4.516648e-01
0
0
5.918396e-02
3.125545e-01
2.725162e-01
3.484648e-01
5.211168e-03
2.805172e-01
0
1.973000e-02
0
4.639698e-01
0
5.337364e-01
3.115057e-01
6.016078e-01
0
2.544467e-01
3.086129e-01
4.757025e-01
0
3.046255e-01
0
2.067446e-01
2.303959e-01
2.129456e-01
2.638458e-01
3.228967e-01
3.703513e-01
4.991479e-01
5.866840e-01
6.185119e-01
5.442319e-01
5.629097e-01
0
6.352258e-01
1.794652e-01
0
0
1.370960e-01
0
0
0
3.016957e-01
5.045619e-02
2.646665e-01
0
0
0
3.757577e-01
1.840083e-01
0
0
0
0
0
0
0
0
0
0
0
0
0
0
1.005629e-01
0
0
0
0
0
0
0
5.407070e-01
4.556426e-01
2.445711e-01
0
7.565565e-02
4.244658e-01
1
6.553727e-01
5.455814e-01
2.875766e-01
4.549689e-01
2.590554e-01
1.130121e-01
0
5.117966e-01
1.611000e-01
0
3.109319e-01
0
0
4.034643e-01
1.918480e-01
0
0
0
0
6.969517e-01
6.132326e-01
5.337408e-01
5.325310e-01
3.880026e-02
0
0
0
4.572340e-02
0
4.303805e-01
4.924367e-01
3.900314e-01
2.235592e-01
0
5.573563e-02
0
1.901689e-01
0
0
0
1.654750e-01
4.521230e-01
3.282423e-01
0
0
1.185282e-01
2.832429e-01
3.018104e-01
0
4.023832e-01
2.652099e-01
3.798447e-01
1.464050e-01
7.358290e-02
2.230969e-01
2.831371e-02
0
4.293389e-01
1.908676e-01
3.877134e-01
4.816530e-01
9.109633e-02
4.177508e-01
5.098238e-01
4.528344e-01
5.751140e-01
6.750542e-01
3.741056e-01
3.774231e-01
3.309344e-01
0
6.050199e-01
2.102674e-01
5.630131e-02
0
0
0
0
0
0
0
0
0
0
0
2.213412e-01
3.596000e-01
0
0
0
0
0
0
0
0
0
0
0
0
0
0
7.683414e-02
0
0
0
0
0
0
0
1.982843e-01
4.112658e-01
7.725001e-02
0
1.080045e-01
3.623019e-01
6.553727e-01
1
3.390793e-01
2.817811e-01
2.573582e-01
2.344428e-01
1.621266e-01
1.432754e-01
4.483163e-01
1.723145e-01
0
4.003901e-01
0
0
5.748702e-02
1.405381e-01
0
0
0
0
5.927689e-01
2.699628e-01
5.637796e-01
2.307072e-01
0
0
0
8.836388e-02
3.906987e-02
0
5.309381e-01
3.198373e-01
4.964416e-01
1.137218e-01
0
0
0
3.713875e-02
0
0
0
4.804238e-02
3.215075e-02
4.054982e-01
1.666593e-01
0
4.859720e-01
2.175480e-01
1.017525e-01
0
1.143319e-01
0
3.028896e-01
0
0
0
1.577362e-01
0
1.136741e-02
0
0
0
1.948195e-01
0
3.193212e-01
5.548186e-01
1.343066e-01
2.518846e-01
3.957533e-01
2.662409e-01
1.957026e-01
0
2.358862e-01
0
1.149638e-01
0
0
0
0
0
0
0
3.028340e-01
1.597432e-01
0
0
5.233124e-01
1.020646e-01
0
0
0
0
0
0
0
0
3.110691e-02
0
0
0
0
0
4.084870e-01
1.383794e-01
1.558212e-01
0
0
0
0
0
1.658749e-01
9.414931e-02
1.473131e-01
0
3.862878e-01
4.052876e-01
5.455814e-01
3.390793e-01
1
8.203885e-01
7.997306e-01
6.872772e-01
1.933557e-01
3.116770e-02
2.251596e-01
0
0
9.341437e-02
0
0
1.071383e-01
1.046184e-01
0
0
0
0
2.064705e-01
1.873192e-01
0
1.184757e-01
0
0
0
1.644351e-01
5.119165e-01
1.551616e-01
1.050263e-01
9.131554e-02
3.486880e-01
1.473238e-01
0
1.662850e-01
7.879189e-02
0
0
0
0
1.665626e-01
2.261550e-01
1.015937e-01
0
0
6.079354e-01
3.961490e-01
0
0
0
0
0
0
0
0
9.357304e-02
0
0
0
0
0
2.072335e-01
2.166179e-01
4.852847e-01
5.875099e-01
0
2.023754e-01
1.990837e-01
9.266925e-02
0
0
1.408917e-02
0
2.072225e-01
2.416418e-02
0
0
0
0
0
0
2.046940e-01
3.794940e-01
0
0
4.113134e-01
1.552346e-01
0
0
0
0
0
0
0
0
2.209150e-01
1.093413e-01
8.659088e-02
3.762761e-02
0
0
5.581451e-01
4.197620e-01
3.332328e-01
0
6.775414e-02
0
1.910394e-01
1.799372e-01
1.611287e-02
0
1.635605e-02
0
5.799427e-01
5.578973e-01
2.875766e-01
2.817811e-01
8.203885e-01
1.000000e+00
7.144695e-01
8.124743e-01
3.647028e-02
1.716890e-01
2.697076e-01
0
1.074013e-01
0
0
0
0
0
0
0
0
7.059332e-03
2.149723e-01
7.102069e-02
0
0
0
0
0
3.020982e-01
5.575605e-01
2.611624e-01
2.710929e-01
5.131134e-02
5.596351e-01
6.768351e-02
0
2.937978e-01
1.979783e-01
0
0
0
0
2.757470e-01
2.649042e-01
7.152721e-02
9.083091e-02
1.135612e-01
3.168491e-01
1.403625e-01
0
0
0
0
2.279048e-01
0
0
0
0
0
0
0
0
0
1.101101e-01
1.230046e-01
1.473992e-01
2.938406e-01
2.458814e-01
3.052166e-01
2.105262e-01
3.507758e-02
8.486937e-02
0
1.576035e-01
0
9.776103e-02
0
0
0
0
0
0
0
2.320475e-01
1.770786e-01
1.516881e-01
0
5.802815e-01
0
0
8.281632e-03
0
0
1.250401e-01
0
0
9.834493e-02
2.092497e-01
8.708444e-02
7.963728e-02
7.375757e-02
1.989609e-01
4.329037e-02
3.168630e-01
3.122998e-01
3.495440e-01
0
9.670355e-02
0
4.046329e-02
0
3.831714e-02
0
1.574947e-01
0
4.189224e-01
3.050284e-01
4.549689e-01
2.573582e-01
7.997306e-01
7.144695e-01
1
6.250721e-01
3.928421e-01
2.920952e-01
1.432246e-01
0
6.450735e-02
0
0
0
0
0
0
0
0
7.145191e-02
4.209272e-01
2.894479e-01
0
0
0
0
1.133783e-01
0
6.767709e-01
2.063298e-01
1.352216e-01
0
2.848888e-01
8.610064e-02
0
7.142185e-02
3.075589e-02
0
0
0
0
2.363570e-01
1.687860e-01
2.078371e-01
0
0
3.821698e-01
1.192570e-01
4.150175e-02
0
1.559358e-02
0
1.111356e-01
0
0
0
6.630203e-02
0
0
2.056724e-02
0
0
0
0
2.455785e-01
3.724444e-01
0
7.527868e-02
3.546309e-01
3.259136e-01
8.974695e-02
0
1.669712e-01
0
0
0
0
0
0
0
0
0
1.962266e-01
1.337399e-01
0
0
3.159548e-01
7.427564e-02
0
0
0
0
7.289436e-02
0
0
1.550689e-02
2.924243e-01
1.487876e-01
1.185487e-01
1.584717e-02
2.535694e-02
0
3.453553e-01
1.353512e-01
3.072102e-01
0
0
0
8.050198e-02
5.040411e-02
1.926858e-01
5.573653e-02
1.730506e-01
0
3.809276e-01
4.385278e-01
2.590554e-01
2.344428e-01
6.872772e-01
8.124743e-01
6.250721e-01
1
1.870755e-01
3.428999e-02
1.340384e-01
0
0
0
0
0
0
3.154387e-02
0
0
0
7.508530e-02
2.360417e-01
6.366719e-02
1.368659e-01
0
7.435242e-02
0
0
1.652335e-01
4.463717e-01
1.959085e-01
2.293026e-01
0
5.031644e-01
0
2.296598e-02
1.766021e-01
2.513633e-01
0
0
0
0
0
2.968802e-01
1.554910e-01
9.732223e-02
0
1.624476e-01
0
0
0
0
0
2.315789e-01
0
3.049818e-02
0
0
0
1.424064e-01
6.941157e-03
0
1.592298e-01
0
0
0
1.620115e-01
1.098183e-01
0
1.713599e-02
0
0
0
0
0
6.718751e-02
0
1.705298e-01
3.104967e-01
8.497934e-02
0
0
0
2.088035e-01
4.858938e-02
5.750427e-01
1.159833e-01
3.583168e-01
0
9.567330e-02
2.143320e-01
1.472915e-01
1.338346e-01
2.151295e-02
7.169636e-02
0
0
0
0
0
0
1.955711e-01
8.458159e-02
0
0
5.775342e-02
0
2.234267e-01
0
9.552533e-02
1.148974e-01
0
0
2.652775e-01
1.463418e-01
1.829153e-01
0
1.130121e-01
1.621266e-01
1.933557e-01
3.647028e-02
3.928421e-01
1.870755e-01
1
5.630892e-01
0
0
0
0
3.874418e-01
2.341226e-01
0
0
4.282742e-01
4.243909e-01
0
0
2.474785e-01
9.276098e-02
0
0
3.777129e-02
0
3.931506e-01
0
4.018607e-01
0
1.468227e-01
0
2.496555e-01
2.318477e-01
0
0
0
0
1.074781e-02
4.349327e-03
0
0
0
0
0
0
3.361772e-01
3.244047e-01
0
0
0
0
0
1.438463e-01
0
0
0
2.711997e-01
0
5.030750e-02
0
6.031675e-02
3.343994e-02
1.528212e-01
0
5.834819e-02
1.177009e-02
0
0
0
0
0
0
0
3.402516e-01
3.392207e-01
0
0
1.983167e-02
0
0
0
0
3.026672e-01
4.422222e-01
5.968689e-02
9.349740e-02
0
2.808293e-02
1.201682e-01
0
4.757988e-02
0
6.058476e-03
6.140649e-02
1.275537e-01
1.558431e-01
9.935473e-02
2.013838e-01
2.745153e-02
1.669963e-01
2.821503e-01
1.964697e-01
4.677537e-01
4.238111e-01
4.164230e-01
4.251195e-01
0
3.904281e-01
4.106698e-01
0
0
0
7.111127e-02
2.871107e-01
0
0
1.432754e-01
3.116770e-02
1.716890e-01
2.920952e-01
3.428999e-02
5.630892e-01
1
0
0
1.522967e-01
0
4.214216e-01
4.841183e-01
0
0
4.541751e-01
5.007394e-01
1.384957e-01
2.533267e-01
1.360641e-01
0
0
0
0
0
1.078539e-01
0
3.615272e-01
0
2.532049e-01
0
1.599607e-01
0
0
0
0
0
0
3.098386e-01
0
1.584808e-01
0
6.764731e-02
5.904490e-02
1.574926e-01
1.758865e-01
1.405455e-01
2.319181e-01
0
1.185606e-01
3.115753e-01
1.727435e-02
0
0
2.902141e-01
6.519729e-02
0
1.279718e-01
0
1.864415e-01
0
6.081859e-01
6.901661e-01
3.168337e-01
2.776233e-01
0
3.023309e-01
2.198186e-01
9.778734e-02
1.922498e-01
0
2.231561e-01
1.574944e-01
2.502506e-01
6.342643e-02
0
0
0
0
9.391322e-03
0
1.114421e-01
0
0
0
0
2.078966e-01
0
0
0
0
0
0
0
0
0
0
4.521117e-02
3.809819e-02
0
0
4.772660e-01
1.740846e-01
0
0
0
0
0
0
2.458711e-01
3.708214e-01
0
0
2.926136e-01
6.001303e-01
5.117966e-01
4.483163e-01
2.251596e-01
2.697076e-01
1.432246e-01
1.340384e-01
0
0
1
5.752582e-01
4.222091e-01
2.902331e-01
0
0
1.995314e-01
0
0
0
0
1.246916e-01
3.590440e-01
3.198914e-01
3.413828e-01
3.389436e-01
0
0
0
3.385296e-01
0
2.346008e-01
4.623176e-01
4.445633e-01
9.838553e-02
9.836755e-02
2.015154e-01
3.252309e-01
1.508181e-01
2.478620e-01
0
1.097173e-01
3.528511e-01
3.777394e-01
2.436504e-01
5.091225e-01
5.366085e-01
0
0
3.371326e-02
3.598958e-01
0
2.884846e-01
5.915242e-01
0
0
2.019121e-01
4.466043e-01
3.192367e-01
0
2.000914e-01
0
3.820278e-01
0
4.140562e-01
4.813723e-01
2.079170e-01
3.767548e-02
0
2.954269e-01
2.789050e-01
3.259880e-01
4.125318e-01
3.025230e-01
2.514295e-01
5.125293e-01
0
0
3.079674e-01
0
0
0
2.972691e-01
6.369925e-02
0
0
0
0
0
9.038511e-02
0
0
0
0
0
0
0
0
0
1.142215e-01
5.562906e-02
1.797603e-01
0
0
1.079305e-01
0
0
0
0
2.787609e-02
0
0
3.244572e-01
4.168203e-01
0
0
1.897279e-02
3.874960e-01
1.611000e-01
1.723145e-01
0
0
0
0
0
0
5.752582e-01
1
2.524827e-01
2.993951e-01
0
0
3.554771e-01
8.688395e-02
0
0
7.470613e-03
4.833682e-02
2.019685e-01
1.917945e-01
5.030980e-01
3.464576e-01
1.074148e-01
0
0
1.264529e-01
0
1.473772e-01
3.387282e-01
3.824957e-01
6.245254e-03
0
9.394307e-02
6.347637e-03
0
1.961956e-01
0
0
3.129816e-01
1.431416e-01
5.040474e-02
8.585001e-02
1.758600e-01
0
3.201498e-01
2.209651e-01
0
0
0
0
0
5.322083e-02
0
0
0
3.005830e-01
0
2.681732e-02
0
0
7.869368e-01
5.119351e-01
2.297431e-01
2.226491e-01
0
0
0
0
0
0
0
9.500879e-02
7.374101e-01
5.961509e-01
0
0
5.176236e-02
0
0
0
0
0
1.825688e-01
5.647136e-02
1.368759e-01
0
4.113748e-02
2.375001e-02
0
0
1.566619e-01
0
6.052902e-02
5.771267e-03
0
0
5.060829e-02
5.780036e-02
1.215863e-01
9.743279e-02
6.248434e-01
5.571895e-01
2.649645e-01
1.932589e-02
3.525468e-01
0
5.221525e-01
2.676960e-01
0
0
0
0
6.681534e-01
2.218284e-01
0
0
0
1.074013e-01
6.450735e-02
0
0
1.522967e-01
4.222091e-01
2.524827e-01
1
0
4.747562e-01
4.130417e-01
0
0
3.464488e-01
1.745167e-01
0
0
0
0
0
0
7.413677e-02
4.728803e-01
0
3.022586e-01
3.004371e-01
2.386071e-01
1.036957e-01
0
0
0
0
1.438304e-01
4.318960e-01
1.027383e-01
0
2.085697e-01
4.515170e-01
8.081710e-01
0
0
3.340801e-01
2.377553e-01
0
1.055534e-01
2.780582e-01
2.463280e-01
3.271902e-01
4.256536e-01
1.206665e-01
6.489825e-02
4.601290e-03
2.577111e-01
0
5.218799e-02
0
2.558554e-01
2.180410e-01
4.109053e-01
1.646405e-01
2.358155e-01
1.757012e-01
1.029286e-02
2.852351e-01
3.991810e-01
3.410338e-01
3.524372e-01
4.017194e-01
1.354394e-01
3.906200e-01
1.963534e-01
0
0
4.571032e-02
0
0
0
7.714850e-02
0
0
0
0
6.847010e-02
5.494642e-02
2.422353e-01
0
0
0
0
0
0
0
0
2.113736e-02
1.631381e-01
9.857602e-02
0
0
0
6.440808e-02
0
0
0
0
0
0
0
1.620932e-01
5.626804e-01
0
0
0
2.828682e-01
3.109319e-01
4.003901e-01
9.341437e-02
0
0
0
0
0
2.902331e-01
2.993951e-01
0
1.000000e+00
0
0
3.254582e-01
6.821115e-01
0
0
1.439348e-01
2.283904e-01
2.170447e-01
3.264108e-02
4.912135e-01
2.698824e-01
0
0
0
2.433274e-01
0
0
2.115956e-01
9.559850e-02
0
0
1.770376e-01
0
0
1.825499e-01
0
3.117063e-02
2.921319e-01
0
0
2.563412e-01
2.819885e-01
0
5.664565e-01
3.690145e-01
0
0
0
0
0
3.915825e-02
0
0
0
2.777360e-01
3.137330e-01
1.097817e-01
3.149995e-01
2.300444e-01
2.064181e-01
2.354642e-02
2.291484e-01
3.616818e-01
0
0
0
0
0
0
0
0
7.622563e-01
7.361029e-01
2.264978e-02
3.284800e-01
6.262513e-02
0
0
0
3.607013e-02
2.820215e-01
7.438778e-01
5.162099e-01
3.262925e-01
0
0
0
0
0
0
0
0
0
0
0
0
0
1.613093e-01
0
1.113927e-01
3.576667e-01
1.785342e-01
8.014924e-02
3.479966e-01
0
5.866053e-01
5.753633e-01
0
0
0
0
3.828349e-01
0
0
0
0
0
0
0
3.874418e-01
4.214216e-01
0
0
4.747562e-01
0
1
7.874122e-01
0
0
6.060726e-01
5.006734e-01
1.476551e-01
0
0
0
0
0
0
2.666021e-01
8.457705e-02
0
2.094581e-01
0
7.064519e-02
0
0
3.113901e-01
0
2.016314e-01
0
0
6.998018e-02
4.373448e-01
2.214432e-01
3.688140e-01
0
0
1.141708e-01
3.712655e-01
4.035727e-01
2.411624e-01
0
0
0
0
0
2.617765e-01
0
0
0
6.299796e-01
6.572527e-02
3.352228e-01
8.378056e-02
3.865797e-01
2.407220e-01
1.688320e-01
2.074529e-01
2.159228e-01
1.570575e-01
0
0
0
0
0
0
0
6.211565e-01
8.438601e-01
0
1.704098e-01
0
1.643897e-02
0
0
0
9.469647e-02
5.400780e-01
3.807816e-01
0
0
0
5.571434e-03
0
0
0
0
0
0
0
0
4.550739e-02
0
1.684281e-01
3.885007e-02
4.919506e-02
3.570006e-01
2.534931e-01
2.810425e-01
3.088260e-01
0
6.009949e-01
5.595093e-01
0
0
0
0
2.435952e-01
0
0
0
0
0
0
0
2.341226e-01
4.841183e-01
0
0
4.130417e-01
0
7.874122e-01
1
0
0
6.513424e-01
7.187491e-01
1.539737e-01
6.015039e-02
0
0
0
0
0
3.377844e-01
0
0
5.737500e-02
0
9.430138e-03
0
0
1.449625e-01
0
8.383951e-02
5.713511e-02
1.990705e-01
1.891912e-02
4.950149e-01
3.236741e-01
2.312513e-01
0
0
2.574846e-01
4.024112e-01
0
7.536403e-02
8.469067e-01
2.520917e-01
4.463111e-01
2.585566e-01
5.544322e-01
0
2.451139e-01
2.086609e-01
7.058710e-01
0
2.739036e-01
0
4.605171e-01
1.141060e-01
0
0
1.361877e-01
3.660523e-03
2.970221e-02
2.749550e-01
7.081180e-01
5.963408e-01
5.160880e-01
1.571046e-01
1.160789e-01
8.661569e-02
0
0
6.965518e-01
3.019920e-01
0
0
4.975760e-01
2.989603e-01
3.389736e-01
0
0
0
1.332343e-01
1.326143e-01
0
0
0
0
0
0
0
0
2.746165e-02
2.196272e-01
2.269336e-01
2.746441e-01
0
0
0
0
0
0
0
9.534721e-02
0
0
7.415007e-01
6.366052e-01
2.178119e-01
0
0
0
4.034643e-01
5.748702e-02
1.071383e-01
0
0
0
0
0
1.995314e-01
3.554771e-01
0
3.254582e-01
0
0
1
5.879716e-01
0
0
3.269732e-01
2.833043e-01
2.464992e-01
4.237624e-01
3.956622e-01
4.679490e-01
5.083811e-02
0
3.214667e-02
0
0
0
2.054739e-01
4.277838e-01
0
3.261115e-02
0
3.377514e-01
0
9.210868e-02
0
0
3.782666e-02
0
1.215714e-01
2.378007e-02
0
0
0
3.884960e-02
4.979951e-01
5.030617e-01
4.111956e-01
5.079432e-01
3.232514e-01
0
9.895078e-02
3.148848e-01
1.781363e-01
8.221127e-03
0
1.640520e-01
1.221913e-01
3.486422e-01
0
0
9.281854e-02
0
3.355471e-01
2.861523e-01
5.332279e-01
5.604721e-01
5.104463e-01
3.104741e-01
4.047348e-01
2.370232e-01
0
0
2.943855e-01
1.317113e-01
0
0
2.136382e-01
2.019092e-01
0
0
0
0
0
0
0
0
0
0
0
0
0
0
2.040915e-01
3.716479e-01
2.617342e-01
1.021516e-01
0
0
0
0
0
0
0
3.542559e-01
0
0
3.974617e-01
7.343264e-01
0
0
0
0
1.918480e-01
1.405381e-01
1.046184e-01
0
0
3.154387e-02
0
0
0
8.688395e-02
0
6.821115e-01
0
0
5.879716e-01
1
0
0
2.560674e-01
3.898796e-01
1.020357e-01
0
3.685351e-01
1.248652e-01
0
0
0
1.209749e-01
0
0
0
0
0
0
1.452289e-01
0
0
0
0
0
0
0
0
2.122675e-01
0
0
4.114982e-01
0
0
0
0
0
0
2.165355e-01
0
0
0
4.872811e-01
0
2.135202e-01
0
0
4.689391e-02
0
0
1.117666e-01
0
0
0
0
0
0
0
0
4.266526e-01
5.506325e-01
0
9.933507e-02
0
3.568401e-02
0
0
0
4.893757e-02
3.188520e-01
1.736835e-01
0
0
1.665510e-01
2.794028e-01
1.199798e-01
2.430673e-01
1.048394e-01
0
1.547316e-01
8.663575e-02
4.995073e-02
0
1.397878e-01
0
4.721049e-01
2.927098e-01
1.401307e-01
4.030548e-01
4.603741e-01
4.923948e-01
6.618416e-01
0
7.983176e-01
6.040078e-01
0
0
0
6.159368e-02
3.182301e-01
0
0
0
0
0
0
0
4.282742e-01
4.541751e-01
0
0
3.464488e-01
0
6.060726e-01
6.513424e-01
0
0
1
5.944306e-01
2.339232e-01
9.406035e-02
0
0
0
0
6.939990e-02
4.891112e-01
2.707093e-02
0
2.498273e-01
0
0
0
0
9.794566e-02
0
1.801843e-01
3.707688e-01
5.845333e-02
2.443281e-01
5.798750e-01
2.091326e-01
1.635014e-01
0
0
2.897469e-01
4.646927e-01
1.161574e-01
0
0
0
0
0
0
2.671061e-01
0
0
0
4.250975e-01
0
2.957073e-01
0
1.874610e-01
0
0
0
0
1.356094e-01
0
0
0
0
0
0
0
3.038091e-01
4.300871e-01
0
2.764072e-02
0
0
0
0
0
0
3.920000e-01
3.162404e-01
0
0
1.749813e-01
3.187595e-01
1.257004e-01
2.176879e-01
0
1.605190e-01
0
0
0
0
2.879074e-03
0
3.302350e-01
3.100817e-01
0
2.334294e-01
3.492341e-01
3.611772e-01
4.533045e-01
0
5.457878e-01
5.103521e-01
0
0
0
2.143127e-01
3.736704e-02
0
0
0
0
0
0
0
4.243909e-01
5.007394e-01
0
0
1.745167e-01
0
5.006734e-01
7.187491e-01
0
0
5.944306e-01
1
1.677419e-01
1.115441e-01
0
0
0
0
0
2.625090e-01
1.402608e-01
0
1.724659e-01
0
0
0
0
4.650649e-02
1.013536e-01
2.102244e-01
1.690096e-01
1.954530e-01
2.355236e-01
5.053860e-01
2.092951e-01
0
0
2.510067e-03
3.571465e-01
4.407692e-01
1.805802e-01
7.481539e-02
1.671863e-02
3.001418e-01
0
0
0
0
0
0
0
1.583639e-01
0
0
0
0
0
0
0
0
0
0
0
0
0
0
0
0
0
2.653225e-02
1.085256e-01
0
0
0
0
0
1.455552e-01
1.719826e-01
1.047183e-01
3.337316e-01
0
0
0
0
0
0
0
0
0
0
6.513670e-01
5.971609e-01
7.514241e-01
5.525253e-01
4.457162e-01
4.269234e-01
8.635243e-02
2.121403e-01
6.010235e-01
5.297727e-01
1.644729e-01
5.760913e-02
3.216796e-01
1.425205e-01
0
9.298685e-02
0
0
0
0
0
0
0
0
0
0
0
1.384957e-01
0
7.470613e-03
0
1.439348e-01
1.476551e-01
1.539737e-01
3.269732e-01
2.560674e-01
2.339232e-01
1.677419e-01
1
7.347490e-01
0
0
0
0
1.899329e-01
7.027045e-02
1.533581e-01
0
0
0
8.090849e-02
0
0
0
3.330281e-01
3.779169e-01
2.052759e-03
0
3.163971e-01
6.377574e-01
5.137472e-01
0
9.880935e-02
1.874984e-02
2.484837e-01
2.260216e-01
2.154928e-01
3.468726e-01
1.181446e-01
2.319538e-01
0
2.796407e-02
0
0
0
4.558827e-02
4.802882e-02
3.572082e-01
0
1.132341e-01
0
1.291620e-01
1.058530e-02
2.426844e-01
7.924267e-02
0
5.414167e-03
0
1.490250e-01
0
5.990627e-02
0
0
0
0
3.011377e-02
0
0
0
0
0
0
0
0
0
0
0
0
0
0
0
0
0
0
0
0
7.146213e-01
7.360258e-01
9.156876e-01
7.072143e-01
2.106679e-01
3.163427e-01
2.085911e-01
4.185191e-01
6.040258e-01
5.403099e-01
1.043036e-01
2.562450e-02
9.600981e-02
0
0
3.269828e-01
0
0
0
0
0
0
0
7.059332e-03
7.145191e-02
7.508530e-02
0
2.533267e-01
1.246916e-01
4.833682e-02
0
2.283904e-01
0
6.015039e-02
2.833043e-01
3.898796e-01
9.406035e-02
1.115441e-01
7.347490e-01
1
3.344431e-01
0
0
0
1.848571e-02
0
0
4.151611e-02
0
0
4.585084e-01
0
0
0
4.940667e-01
1.314711e-01
0
0
1.878423e-01
3.322375e-01
3.215199e-01
0
2.496929e-01
4.862665e-01
3.390821e-01
7.032105e-02
5.847887e-03
1.258906e-01
2.788495e-01
0
3.207740e-01
2.654782e-01
3.529711e-01
0
0
3.631205e-01
3.004181e-01
0
1.439220e-01
7.536736e-02
7.599931e-02
2.888751e-01
1.148218e-01
4.029415e-01
2.572125e-01
1.978528e-01
4.442798e-01
4.977597e-01
5.092311e-01
4.196740e-01
5.080906e-01
0
5.909687e-01
5.000274e-02
0
0
2.498145e-02
0
0
0
1.531404e-01
0
4.986552e-02
0
0
0
3.005458e-01
5.382533e-02
0
0
0
0
0
0
0
0
6.811506e-02
1.125681e-01
1.194928e-01
2.188859e-01
0
0
1.698720e-01
1.709638e-02
0
0
0
0
0
0
3.576117e-01
4.502298e-01
9.857066e-03
0
1.327725e-01
4.639574e-01
6.969517e-01
5.927689e-01
2.064705e-01
2.149723e-01
4.209272e-01
2.360417e-01
2.474785e-01
1.360641e-01
3.590440e-01
2.019685e-01
0
2.170447e-01
0
0
2.464992e-01
1.020357e-01
0
0
0
3.344431e-01
1
5.489361e-01
6.196955e-01
2.834209e-01
1.285112e-01
0
0
0
8.302446e-02
0
7.412438e-01
2.187753e-01
5.203936e-01
0
0
0
0
0
0
0
0
7.755631e-02
4.890329e-01
3.825027e-01
0
0
0
0
4.967417e-01
0
6.346689e-01
2.088953e-01
7.236247e-01
0
5.012469e-01
4.519095e-01
4.186209e-01
0
3.686230e-01
0
1.202736e-01
0
4.106151e-03
1.958908e-01
0
0
8.635061e-02
3.966836e-01
4.949887e-01
4.193877e-01
5.413834e-01
2.396621e-01
3.185360e-01
6.324384e-02
0
0
3.226123e-01
0
1.489809e-01
0
4.166576e-01
3.166887e-01
5.545577e-01
1.319337e-01
4.508142e-02
0
4.585983e-01
3.576955e-01
0
0
0
0
0
0
0
0
0
0
0
0
0
0
0
0
0
0
0
0
0
0
6.661783e-01
3.857075e-01
4.368238e-01
0
0
2.617433e-01
6.132326e-01
2.699628e-01
1.873192e-01
7.102069e-02
2.894479e-01
6.366719e-02
9.276098e-02
0
3.198914e-01
1.917945e-01
0
3.264108e-02
0
0
4.237624e-01
0
0
0
0
0
5.489361e-01
1.000000e+00
6.235198e-01
7.542093e-01
2.222546e-01
0
3.314993e-01
0
0
3.843783e-01
1.309635e-01
7.307153e-01
1.123587e-01
4.092862e-01
0
1.292449e-02
0
0
0
0
0
1.262739e-01
4.037589e-01
1.199318e-01
0
0
0
0
5.113808e-01
1.033529e-01
7.311874e-01
5.900492e-01
5.264933e-01
9.027057e-02
4.869260e-01
6.013411e-01
2.432611e-01
0
2.608612e-01
1.428477e-01
3.201193e-01
2.973581e-01
0
1.714488e-01
1.023433e-01
6.329408e-02
2.631466e-01
4.241931e-01
6.013470e-01
7.313344e-01
6.465292e-01
4.029770e-01
6.634627e-01
3.066563e-01
0
0
3.056421e-01
0
0
0
3.731597e-01
2.669722e-01
9.210417e-02
0
0
0
9.346420e-02
3.500304e-01
0
0
0
0
0
0
0
0
0
0
0
0
0
0
0
0
0
0
0
1.200027e-01
0
0
6.122080e-01
7.050353e-01
2.554009e-01
0
0
4.444604e-01
5.337408e-01
5.637796e-01
0
0
0
1.368659e-01
0
0
3.413828e-01
5.030980e-01
0
4.912135e-01
0
0
3.956622e-01
3.685351e-01
0
0
0
0
6.196955e-01
6.235198e-01
1
6.195608e-01
1.498176e-01
0
0
0
0
9.600314e-02
4.036869e-01
5.750430e-01
2.675548e-01
1.903357e-01
0
0
0
0
1.009598e-01
0
0
0
2.409896e-01
2.185685e-01
0
0
0
0
6.012974e-01
1.100675e-01
7.755129e-01
3.562174e-01
6.466949e-01
0
6.191422e-01
4.492968e-01
4.965102e-01
0
4.224706e-01
0
4.064564e-01
0
6.876978e-02
3.798699e-02
0
0
0
2.428858e-01
5.722069e-01
5.199622e-01
6.094492e-01
3.263623e-01
3.213887e-01
2.185514e-01
0
0
4.045939e-01
3.139550e-02
1.372985e-01
0
5.886611e-01
4.397761e-01
4.996310e-01
8.376941e-02
0
0
2.294858e-01
5.199569e-01
0
0
0
0
0
0
0
0
0
0
0
0
0
0
0
0
0
0
0
4.773153e-02
0
0
7.394947e-01
5.346749e-01
4.050205e-01
0
0
2.748687e-01
5.325310e-01
2.307072e-01
1.184757e-01
0
0
0
0
0
3.389436e-01
3.464576e-01
0
2.698824e-01
0
0
4.679490e-01
1.248652e-01
0
0
0
0
2.834209e-01
7.542093e-01
6.195608e-01
1
2.063716e-01
0
1.413949e-01
0
0
2.973351e-01
1.175291e-01
8.802317e-01
9.894765e-02
3.278041e-01
0
5.268221e-02
0
2.419588e-01
0
0
0
7.759770e-02
5.433982e-01
8.256692e-02
0
0
0
0
0
0
0
0
0
0
2.699966e-01
0
2.486559e-01
0
0
0
8.604853e-03
0
0
0
0
0
0
0
0
3.547231e-02
0
0
0
0
0
0
1.111583e-01
0
0
0
3.049372e-01
2.407241e-01
4.747658e-01
5.927905e-02
0
1.502926e-01
1.619050e-01
5.898715e-02
7.699853e-02
0
7.559946e-02
0
3.962383e-02
1.451660e-01
0
0
7.669773e-02
4.579612e-02
6.973622e-02
2.774447e-01
2.947309e-01
2.332923e-01
0
0
1.993898e-01
1.135220e-01
6.363963e-02
0
6.609043e-02
0
1.532429e-01
0
1.600192e-01
8.305812e-02
7.435239e-02
3.517059e-02
3.880026e-02
0
0
0
0
7.435242e-02
3.777129e-02
0
0
1.074148e-01
7.413677e-02
0
0
0
5.083811e-02
0
6.939990e-02
0
1.899329e-01
1.848571e-02
1.285112e-01
2.222546e-01
1.498176e-01
2.063716e-01
1
2.778661e-01
4.763912e-01
0
7.897677e-02
0
1.881070e-01
1.265986e-01
2.122886e-01
2.041594e-01
2.342367e-01
3.630208e-01
3.142268e-01
1.801372e-01
3.094709e-01
1.900211e-01
2.187686e-01
1.610700e-01
5.422920e-01
0
1.038537e-01
4.565308e-02
1.686650e-01
0
0
9.881071e-02
0
0
0
3.751952e-01
0
0
0
4.965941e-01
0
3.240014e-01
0
0
2.173544e-01
0
0
1.865740e-02
0
0
0
0
0
0
0
1.618780e-01
3.092201e-01
4.278068e-01
0
0
0
1.897584e-01
0
0
0
0
0
3.318318e-01
0
0
2.094348e-01
1.858923e-01
1.182287e-01
2.089362e-01
2.087411e-01
1.230267e-01
2.165100e-01
4.947674e-02
0
0
1.238709e-02
0
2.359220e-01
2.176082e-01
2.130570e-01
2.744550e-01
2.649263e-01
4.154789e-01
4.402923e-01
2.820599e-01
5.727085e-01
4.111261e-01
0
0
0
0
1.867233e-01
0
0
0
0
0
0
0
0
0
0
0
4.728803e-01
0
2.666021e-01
3.377844e-01
0
0
4.891112e-01
2.625090e-01
7.027045e-02
0
0
0
0
0
2.778661e-01
1
0
3.780584e-01
9.040211e-02
0
0
0
0
0
2.583595e-01
2.621431e-01
6.278348e-01
2.745097e-01
2.932070e-01
4.030710e-01
5.281061e-01
2.008376e-01
0
0
4.411270e-01
5.991151e-01
0
0
6.320503e-02
0
7.349376e-02
0
3.127207e-01
0
3.195085e-01
0
0
0
0
0
0
0
0
0
0
0
0
0
0
0
0
1.632011e-01
0
0
0
0
4.020384e-01
2.339344e-01
4.687341e-01
1.469284e-01
4.127750e-01
5.060791e-01
4.664964e-01
2.545188e-01
5.166192e-01
2.712690e-01
3.673133e-01
2.170598e-01
4.650058e-01
4.578385e-01
5.300944e-01
3.992436e-01
3.173162e-01
5.438580e-01
2.781199e-01
1.010102e-01
1.175028e-02
0
0
7.278319e-02
5.044286e-01
4.746508e-01
0
0
2.623350e-02
8.096203e-03
1.835034e-01
0
0
4.863298e-02
1.785136e-01
0
5.582046e-01
4.719782e-01
0
0
0
0
0
0
1.133783e-01
0
3.931506e-01
1.078539e-01
0
0
0
0
8.457705e-02
0
3.214667e-02
0
2.707093e-02
1.402608e-01
1.533581e-01
0
0
3.314993e-01
0
1.413949e-01
4.763912e-01
0
1
0
1.548118e-01
3.038300e-01
0
8.762758e-02
0
3.265916e-01
0
8.208448e-02
0
0
1.393716e-01
6.345421e-02
0
0
2.707980e-02
0
0
0
1.248281e-01
1.966153e-01
0
0
0
3.596405e-01
0
2.383093e-01
0
1.410196e-01
0
2.061491e-01
0
9.630931e-02
0
0
3.816520e-01
3.134309e-01
2.044187e-01
8.277806e-02
0
2.367650e-02
0
0
0
2.376644e-02
1.026941e-01
2.886274e-01
5.370685e-02
2.455367e-02
0
0
0
3.751297e-02
0
0
0
0
0
0
0
2.682934e-01
1.734560e-02
0
0
0
2.148615e-01
2.765686e-02
8.562754e-02
1.645106e-01
8.623874e-02
1.577728e-01
9.471843e-02
7.789260e-02
0
0
5.436425e-01
3.740275e-01
1.359312e-01
1.381603e-01
1.413251e-01
2.327828e-01
1.005986e-01
0
0
1.622355e-01
0
0
1.612813e-01
3.643900e-01
0
8.836388e-02
1.644351e-01
3.020982e-01
0
1.652335e-01
0
0
3.385296e-01
1.264529e-01
3.022586e-01
2.433274e-01
0
0
0
1.209749e-01
0
0
0
4.151611e-02
0
0
0
0
0
3.780584e-01
0
1
7.429817e-02
2.465656e-01
7.169260e-03
0
0
0
5.110227e-01
1.358675e-01
4.652637e-01
1.276572e-01
0
8.008318e-02
3.578053e-01
1.188746e-01
0
3.604243e-01
5.271948e-01
2.660707e-01
4.077025e-01
1.797706e-01
0
0
0
0
0
0
0
0
0
2.024646e-02
0
0
0
0
9.489870e-02
9.582948e-03
9.193299e-02
2.090288e-01
6.994765e-03
0
0
0
0
0
0
0
4.005712e-01
1.912514e-01
0
0
1.472804e-01
0
0
0
1.310405e-01
2.726415e-01
2.336606e-01
1.304080e-01
5.174715e-01
1.016894e-01
2.090995e-01
3.103540e-01
4.074070e-02
1.352957e-01
4.475252e-01
2.600789e-01
3.058339e-01
2.240504e-01
3.345661e-02
0
0
0
3.448934e-01
2.485749e-01
3.801310e-01
4.806372e-01
4.573607e-01
2.081722e-01
5.107997e-01
0
3.164421e-01
2.912994e-01
0
0
0
0
5.114570e-01
4.909873e-02
4.572340e-02
3.906987e-02
5.119165e-01
5.575605e-01
6.767709e-01
4.463717e-01
4.018607e-01
3.615272e-01
0
0
3.004371e-01
0
2.094581e-01
5.737500e-02
0
0
2.498273e-01
1.724659e-01
0
0
8.302446e-02
0
0
0
7.897677e-02
9.040211e-02
1.548118e-01
7.429817e-02
1.000000e+00
2.473373e-01
9.277966e-03
0
3.398701e-01
4.894191e-03
0
2.975900e-02
2.161727e-01
0
0
0
0
5.123972e-01
2.416298e-01
2.861201e-02
0
9.606561e-02
0
0
0
0
2.378596e-01
2.685070e-02
1.062523e-01
0
1.932396e-01
4.131902e-02
0
0
2.197564e-02
0
0
0
2.036857e-01
9.842216e-02
0
0
0
3.454868e-02
3.246555e-02
0
1.371438e-01
4.112422e-01
0
4.156953e-03
1.074930e-01
0
3.637407e-02
0
5.894626e-01
2.884938e-01
8.068930e-02
1.012380e-01
3.029994e-01
3.077836e-01
0
0
1.723282e-01
4.375744e-01
4.666684e-01
4.299924e-01
4.574287e-01
4.223118e-01
5.715462e-01
4.383589e-01
4.733509e-01
4.509809e-01
0
0
0
0
0
1.056688e-02
1.730653e-01
0
0
0
4.218995e-02
0
0
1.548540e-02
2.080073e-01
0
2.542558e-01
5.474316e-02
2.875682e-01
3.138147e-01
0
0
1.551616e-01
2.611624e-01
2.063298e-01
1.959085e-01
0
0
2.346008e-01
1.473772e-01
2.386071e-01
0
0
0
0
0
0
0
0
0
0
3.843783e-01
9.600314e-02
2.973351e-01
0
0
3.038300e-01
2.465656e-01
2.473373e-01
1.000000e+00
0
3.612624e-01
0
2.496425e-01
0
0
2.194421e-02
0
0
0
0
3.535724e-01
0
0
0
0
4.194098e-01
4.788569e-01
2.205257e-01
0
3.603757e-02
1.113720e-01
9.163196e-03
8.912225e-02
0
1.429171e-01
2.820810e-01
1.642517e-01
2.667681e-01
2.474446e-01
4.457649e-01
4.273892e-01
2.337005e-01
4.359273e-01
5.007777e-01
4.332495e-01
1.526925e-01
2.723015e-01
3.592561e-01
2.666279e-01
2.143388e-01
0
3.448241e-01
1.282363e-01
3.632748e-02
6.510534e-03
0
0
0
0
0
0
0
0
0
0
1.552655e-01
4.362562e-02
0
0
0
0
0
0
0
0
6.285174e-02
1.422530e-01
3.115233e-01
2.481511e-01
0
0
4.079846e-01
2.725729e-01
1.451848e-01
0
0
0
0
0
1.093108e-01
3.266758e-01
0
0
2.821161e-01
4.563523e-01
4.303805e-01
5.309381e-01
1.050263e-01
2.710929e-01
1.352216e-01
2.293026e-01
1.468227e-01
2.532049e-01
4.623176e-01
3.387282e-01
1.036957e-01
2.115956e-01
7.064519e-02
9.430138e-03
2.054739e-01
0
0
0
8.090849e-02
4.585084e-01
7.412438e-01
1.309635e-01
4.036869e-01
1.175291e-01
1.881070e-01
0
0
7.169260e-03
9.277966e-03
0
1
1.210128e-01
6.815945e-01
0
1.148058e-01
1.431295e-01
7.078943e-02
0
0
8.343368e-02
2.130639e-01
1.774353e-01
4.936316e-01
3.459221e-01
4.156660e-01
0
0
0
5.660022e-01
0
6.583430e-01
1.991437e-01
5.928658e-01
0
5.175716e-01
2.918785e-01
4.476359e-01
0
5.154275e-01
0
4.465762e-01
0
0
1.563456e-01
4.592164e-02
4.786191e-02
0
2.671664e-01
4.004826e-01
4.080788e-01
3.892788e-01
2.143111e-01
1.762124e-01
2.325331e-01
0
0
3.059471e-01
1.018350e-01
2.275224e-01
3.954169e-02
4.709521e-01
3.007224e-01
4.761703e-01
1.779307e-01
0
0
1.093100e-01
5.196321e-01
0
0
5.209138e-02
0
0
0
0
0
0
0
0
0
0
0
0
0
0
0
0
0
0
0
6.887120e-01
4.746743e-01
5.273360e-01
6.499379e-02
0
2.725188e-01
4.924367e-01
3.198373e-01
9.131554e-02
5.131134e-02
0
0
0
0
4.445633e-01
3.824957e-01
0
9.559850e-02
0
0
4.277838e-01
0
0
0
0
0
2.187753e-01
7.307153e-01
5.750430e-01
8.802317e-01
1.265986e-01
0
8.762758e-02
0
0
3.612624e-01
1.210128e-01
1
1.851397e-01
5.304425e-01
0
1.684280e-01
0
3.187741e-01
0
0
0
9.929401e-02
3.896131e-01
9.150708e-02
0
0
4.083647e-01
2.610479e-01
2.538024e-02
0
5.366675e-02
0
6.414379e-02
9.711280e-02
0
0
3.426646e-01
0
2.939579e-01
1.637243e-01
2.814241e-01
2.781815e-01
0
7.667831e-02
4.868990e-01
6.105641e-01
1.852679e-01
1.807952e-01
2.475299e-01
3.007978e-01
6.055316e-02
0
2.575867e-01
8.848121e-02
4.087921e-02
0
0
0
0
0
0
0
1.088000e-01
2.035485e-01
0
0
2.836628e-01
2.021590e-01
0
0
0
0
0
0
0
0
0
0
0
0
0
0
2.634918e-01
8.156242e-02
2.804213e-02
0
0
0
0
0
1.006517e-01
4.535901e-02
6.982392e-02
0
4.492938e-01
4.740727e-01
3.900314e-01
4.964416e-01
3.486880e-01
5.596351e-01
2.848888e-01
5.031644e-01
2.496555e-01
1.599607e-01
9.838553e-02
6.245254e-03
0
0
0
0
0
0
0
0
0
0
5.203936e-01
1.123587e-01
2.675548e-01
9.894765e-02
2.122886e-01
0
0
0
3.398701e-01
0
6.815945e-01
1.851397e-01
1.000000e+00
1.740664e-01
0
1.405042e-01
1.951379e-01
0
0
0
0
2.170039e-01
4.470914e-01
0
1.040255e-01
8.325875e-02
3.992835e-02
0
0
0
1.832164e-01
0
2.675037e-01
0
2.291511e-01
0
3.328301e-02
0
2.533196e-01
0
9.476209e-02
3.519826e-02
0
0
0
2.803876e-01
0
0
0
7.080702e-02
0
8.532744e-02
0
0
2.078276e-01
2.827132e-02
9.654510e-02
2.908023e-01
2.874028e-01
0
0
0
5.728977e-01
5.175850e-01
2.837450e-01
6.219813e-02
3.211376e-01
1.402901e-01
1.449619e-01
2.300519e-01
3.292238e-01
2.986889e-01
2.968333e-02
1.010601e-01
6.939063e-02
9.636211e-03
0
0
0
0
0
0
0
0
0
0
0
0
0
2.781269e-01
5.814739e-02
0
6.377687e-01
4.061683e-01
2.217398e-01
1.820937e-01
2.235592e-01
1.137218e-01
1.473238e-01
6.768351e-02
8.610064e-02
0
2.318477e-01
0
9.836755e-02
0
0
0
3.113901e-01
1.449625e-01
3.261115e-02
0
9.794566e-02
4.650649e-02
0
0
0
4.092862e-01
1.903357e-01
3.278041e-01
2.041594e-01
0
3.265916e-01
0
4.894191e-03
2.496425e-01
0
5.304425e-01
1.740664e-01
1
0
1.986572e-01
0
2.510237e-01
0
1.429722e-01
0
1.390802e-01
0
0
0
0
0
0
0
1.627711e-01
0
7.646820e-02
0
4.437323e-03
0
0
0
1.670505e-01
0
0
0
0
0
2.333058e-01
0
0
0
0
0
0
0
0
0
0
0
0
0
0
0
0
8.159499e-02
5.633127e-02
0
0
0
0
0
1.451195e-01
0
0
0
0
0
3.282716e-02
0
0
4.278727e-01
4.713554e-01
4.708437e-01
4.888147e-01
9.806725e-02
2.799722e-01
4.873968e-02
2.795334e-01
4.106628e-01
4.588849e-01
3.089846e-01
0
1.539523e-01
0
2.349557e-02
1.456875e-01
0
6.650587e-02
0
0
0
0
0
0
0
2.296598e-02
0
0
2.015154e-01
9.394307e-02
0
1.770376e-01
0
0
0
1.452289e-01
0
1.013536e-01
3.330281e-01
4.940667e-01
0
0
0
0
2.342367e-01
2.583595e-01
0
5.110227e-01
0
0
1.148058e-01
0
0
0
1
3.938516e-01
2.239030e-01
3.507911e-01
1.725138e-01
3.441942e-01
3.988469e-01
0
1.787945e-01
5.576431e-01
5.486701e-01
3.153680e-01
2.690667e-01
0
8.101478e-02
0
0
0
0
0
0
0
1.431366e-01
0
0
0
7.357710e-02
0
3.926199e-03
0
6.186291e-02
1.330076e-01
0
0
0
0
0
0
0
0
2.484447e-01
9.517013e-02
0
0
0
0
0
0
4.861553e-01
1.474233e-01
0
6.849000e-03
8.685475e-02
2.647430e-01
0
0
0
0
0
0
0
0
0
1.123763e-02
1.597626e-01
1.553991e-01
0
0
1.008641e-01
1.947437e-01
3.216470e-01
1.304964e-01
3.412997e-01
0
4.063979e-01
1.972468e-01
1.194296e-01
0
1.250549e-01
8.515971e-02
1.524594e-01
1.559220e-01
5.573563e-02
0
1.662850e-01
2.937978e-01
7.142185e-02
1.766021e-01
0
0
3.252309e-01
6.347637e-03
1.438304e-01
0
2.016314e-01
8.383951e-02
3.377514e-01
0
1.801843e-01
2.102244e-01
3.779169e-01
1.314711e-01
0
1.292449e-02
0
5.268221e-02
3.630208e-01
2.621431e-01
8.208448e-02
1.358675e-01
2.975900e-02
0
1.431295e-01
1.684280e-01
1.405042e-01
1.986572e-01
3.938516e-01
1
3.625151e-01
4.485707e-01
0
6.114280e-01
5.520138e-01
7.642135e-02
1.517076e-01
0
4.851499e-01
6.103553e-01
2.337967e-01
0
0
0
0
7.760338e-02
0
3.823153e-01
0
0
0
3.240515e-01
0
3.976484e-01
0
0
3.181576e-01
0
0
3.093798e-01
0
0
0
0
0
0
0
0
2.396942e-02
6.316103e-03
0
0
0
0
0
0
9.467211e-02
0
0
5.889317e-02
0
0
6.400538e-02
1.388324e-01
0
1.196193e-01
2.178241e-01
8.393072e-02
3.653750e-02
1.315900e-01
1.370873e-02
5.196873e-03
1.236121e-02
0
1.099809e-01
1.804975e-01
5.143083e-01
2.013334e-01
3.614619e-01
2.739843e-01
2.024047e-01
2.227456e-01
4.755291e-01
2.970642e-01
0
0
0
0
5.849420e-01
4.516648e-01
0
0
7.879189e-02
1.979783e-01
3.075589e-02
2.513633e-01
0
0
1.508181e-01
0
4.318960e-01
0
0
5.713511e-02
0
0
3.707688e-01
1.690096e-01
2.052759e-03
0
0
0
0
0
3.142268e-01
6.278348e-01
0
4.652637e-01
2.161727e-01
2.194421e-02
7.078943e-02
0
1.951379e-01
0
2.239030e-01
3.625151e-01
1
1.593132e-01
7.953881e-02
4.221824e-01
5.327136e-01
1.775180e-01
5.031640e-02
0
5.637177e-01
4.304340e-01
0
0
2.345079e-02
3.662693e-02
0
2.115514e-02
0
0
6.009736e-02
0
5.811920e-02
0
0
0
1.058240e-01
0
9.085439e-02
3.277628e-02
0
0
6.124037e-03
0
0
0
0
0
0
0
1.943877e-01
1.297608e-01
0
1.374119e-02
8.327213e-02
1.415904e-01
4.058546e-01
3.527533e-01
1.788846e-01
0
0
0
0
3.248079e-01
1.596225e-01
8.198307e-02
1.786632e-01
1.726485e-01
0
1.381455e-01
0
0
0
0
0
0
0
0
0
0
0
0
9.565767e-02
0
1.773729e-02
0
1.010526e-01
0
3.019865e-01
3.395635e-01
0
0
1.901689e-01
3.713875e-02
0
0
0
0
0
0
2.478620e-01
1.961956e-01
1.027383e-01
1.825499e-01
0
1.990705e-01
9.210868e-02
0
5.845333e-02
1.954530e-01
0
0
0
0
0
2.419588e-01
1.801372e-01
2.745097e-01
0
1.276572e-01
0
0
0
3.187741e-01
0
2.510237e-01
3.507911e-01
4.485707e-01
1.593132e-01
1
0
2.693477e-01
3.213703e-01
1.718561e-01
4.983870e-02
0
3.295637e-01
2.190415e-01
1.000136e-01
0
0
4.603942e-01
0
1.100967e-02
0
5.080725e-01
2.548496e-01
2.453721e-01
0
3.324745e-01
0
5.382814e-01
3.340101e-02
2.864691e-01
0
0
0
0
0
0
0
0
0
0
0
0
0
0
0
0
0
0
0
0
0
4.592825e-02
0
2.881086e-01
0
0
1.363591e-01
1.216867e-01
4.469497e-03
8.199907e-02
8.430888e-02
1.011800e-01
8.556466e-02
0
1.176567e-01
0
4.516024e-02
0
3.689377e-01
4.004750e-01
0
6.576716e-03
1.589844e-01
2.867410e-01
6.174202e-02
3.488442e-01
1.017808e-01
2.088124e-01
0
0
0
0
0
0
0
0
0
0
0
0
1.074781e-02
0
0
0
0
0
6.998018e-02
1.891912e-02
0
0
2.443281e-01
2.355236e-01
3.163971e-01
1.878423e-01
0
0
1.009598e-01
0
3.094709e-01
2.932070e-01
1.393716e-01
0
0
0
0
0
0
0
1.725138e-01
0
7.953881e-02
0
1
2.787411e-01
1.688660e-01
0
9.539539e-02
1.086212e-01
3.070635e-01
2.727489e-03
3.935254e-01
0
0
2.038531e-01
0
0
0
2.385171e-01
0
0
0
3.676222e-01
0
1.976588e-01
0
0
9.277118e-02
0
0
6.760517e-02
0
0
0
0
0
0
0
0
2.369279e-01
3.415419e-01
0
0
0
0
0
0
8.365298e-02
2.853402e-01
1.293091e-01
3.088691e-01
0
0
0
0
0
0
0
0
0
0
1.780554e-01
1.375016e-01
3.003771e-01
4.842307e-02
2.641564e-01
2.957142e-01
2.177777e-01
3.058813e-01
5.558660e-01
5.301086e-01
3.454316e-01
5.995435e-02
6.428928e-01
5.510029e-01
0
0
0
1.239864e-01
2.023647e-01
5.918396e-02
0
0
0
0
0
0
4.349327e-03
3.098386e-01
1.097173e-01
0
2.085697e-01
3.117063e-02
4.373448e-01
4.950149e-01
0
0
5.798750e-01
5.053860e-01
6.377574e-01
3.322375e-01
0
0
0
0
1.900211e-01
4.030710e-01
6.345421e-02
8.008318e-02
0
0
8.343368e-02
0
0
1.429722e-01
3.441942e-01
6.114280e-01
4.221824e-01
2.693477e-01
2.787411e-01
1
7.790083e-01
0
0
0
6.029137e-01
5.142989e-01
2.557490e-01
2.841820e-02
0
1.598789e-01
0
1.136061e-01
0
3.121116e-01
0
5.058694e-03
0
4.084952e-01
0
2.602418e-01
0
4.058070e-03
4.764662e-01
1.932475e-01
0
9.409969e-02
0
0
0
0
0
0
0
0
2.013260e-01
2.945822e-01
0
0
0
0
0
0
4.298951e-02
1.014336e-01
0
2.112620e-01
0
0
0
0
0
0
0
0
0
0
1.172711e-01
1.637191e-01
3.003189e-01
1.880170e-01
3.058456e-02
1.880109e-01
4.354760e-01
3.093314e-01
3.961424e-01
3.489638e-01
1.040306e-01
1.941058e-01
3.973900e-01
2.481892e-01
0
0
0
0
2.686792e-01
3.125545e-01
0
0
0
0
0
0
0
0
3.528511e-01
3.129816e-01
4.515170e-01
2.921319e-01
2.214432e-01
3.236741e-01
3.782666e-02
0
2.091326e-01
2.092951e-01
5.137472e-01
3.215199e-01
0
0
0
0
2.187686e-01
5.281061e-01
0
3.578053e-01
0
0
2.130639e-01
0
0
0
3.988469e-01
5.520138e-01
5.327136e-01
3.213703e-01
1.688660e-01
7.790083e-01
1
1.155596e-01
9.864676e-03
0
6.712448e-01
3.998733e-01
2.879215e-01
2.205126e-01
0
0
0
0
0
0
0
0
6.701541e-02
3.209415e-03
1.437257e-01
0
0
0
7.146816e-01
4.975183e-01
2.318636e-01
2.332897e-01
0
1.574516e-01
0
0
0
0
0
8.063981e-02
7.367716e-01
4.640191e-01
0
0
2.739028e-01
0
0
0
1.902423e-01
2.157043e-01
2.149233e-01
0
3.787627e-01
8.913031e-02
6.939077e-02
0
0
0
2.079783e-01
2.641671e-02
1.020150e-01
0
0
0
0
1.335336e-01
2.345619e-02
0
5.679673e-01
4.219685e-01
1.524469e-01
0
2.868978e-01
0
2.642964e-01
7.477018e-02
0
0
0
0
6.254021e-01
2.725162e-01
1.654750e-01
4.804238e-02
1.665626e-01
2.757470e-01
2.363570e-01
0
0
1.584808e-01
3.777394e-01
1.431416e-01
8.081710e-01
0
3.688140e-01
2.312513e-01
0
0
1.635014e-01
0
0
0
7.755631e-02
1.262739e-01
0
7.759770e-02
1.610700e-01
2.008376e-01
0
1.188746e-01
5.123972e-01
3.535724e-01
1.774353e-01
9.929401e-02
2.170039e-01
1.390802e-01
0
7.642135e-02
1.775180e-01
1.718561e-01
0
0
1.155596e-01
1.000000e+00
3.235492e-01
0
4.961119e-02
1.151857e-02
1.873108e-01
5.337546e-02
1.704790e-01
0
2.223263e-01
8.930710e-04
2.208906e-01
0
1.280584e-01
1.780764e-01
4.824120e-01
0
1.158268e-01
0
1.274189e-01
0
1.537093e-01
9.749422e-02
5.072772e-02
7.168951e-02
0
0
3.496151e-01
2.227103e-01
2.886660e-01
0
1.726939e-01
2.855285e-03
0
0
0
0
0
0
2.495061e-01
3.389905e-02
3.860392e-01
1.111947e-01
0
0
2.045374e-01
1.209963e-01
0
0
0
0
0
0
0
0
2.722957e-01
1.934806e-01
2.497379e-01
4.586252e-01
0
0
3.738444e-01
4.024192e-02
2.103426e-01
4.584306e-02
0
0
0
0
3.556029e-01
1.965854e-01
4.329542e-02
0
1.007604e-01
3.484648e-01
4.521230e-01
3.215075e-02
2.261550e-01
2.649042e-01
1.687860e-01
2.968802e-01
0
0
2.436504e-01
5.040474e-02
0
0
0
0
1.215714e-01
0
0
0
9.880935e-02
2.496929e-01
4.890329e-01
4.037589e-01
2.409896e-01
5.433982e-01
5.422920e-01
0
2.707980e-02
0
2.416298e-01
0
4.936316e-01
3.896131e-01
4.470914e-01
0
1.787945e-01
1.517076e-01
5.031640e-02
4.983870e-02
9.539539e-02
0
9.864676e-03
3.235492e-01
1
2.356523e-01
1.018524e-01
0
0
2.419819e-01
2.798887e-01
0
1.467359e-01
2.477847e-01
1.871706e-01
0
4.172798e-02
2.938769e-01
0
1.298307e-02
0
0
2.508622e-02
0
5.858115e-02
5.148905e-01
1.344621e-01
0
2.443331e-01
4.223363e-01
2.004766e-01
0
1.772364e-01
0
2.780101e-01
6.020957e-02
0
0
0
0
0
0
9.134465e-02
0
0
0
0
0
0
1.333213e-01
0
0
0
0
0
0
0
0
2.174676e-01
1.788813e-01
3.459220e-01
2.680803e-01
0
8.426769e-02
1.476198e-01
2.678008e-01
1.000397e-01
0
6.041128e-02
0
0
0
1.984157e-01
3.987674e-01
0
0
0
5.211168e-03
3.282423e-01
4.054982e-01
1.015937e-01
7.152721e-02
2.078371e-01
1.554910e-01
0
6.764731e-02
5.091225e-01
8.585001e-02
0
2.563412e-01
0
0
2.378007e-02
2.122675e-01
0
2.510067e-03
1.874984e-02
4.862665e-01
3.825027e-01
1.199318e-01
2.185685e-01
8.256692e-02
0
0
0
3.604243e-01
2.861201e-02
0
3.459221e-01
9.150708e-02
0
0
5.576431e-01
0
0
0
1.086212e-01
0
0
0
2.356523e-01
1.000000e+00
4.031928e-01
0
3.921330e-01
1.479108e-01
0
2.253684e-02
0
9.236911e-02
0
3.488713e-01
0
1.677343e-02
0
4.495620e-01
0
4.106369e-01
1.267742e-01
1.779186e-01
2.752532e-01
3.010304e-01
2.379416e-01
2.232438e-01
0
0
0
0
0
0
0
0
2.042370e-01
2.593756e-01
0
0
0
0
0
0
0
0
0
0
0
2.161002e-02
0
0
0
0
0
0
0
0
0
0
2.369927e-01
0
0
2.980537e-03
4.431809e-01
3.516886e-01
3.263963e-01
2.347422e-01
1.784478e-01
2.920830e-02
3.614821e-01
1.009799e-01
0
6.728655e-02
0
0
2.060159e-01
2.805172e-01
0
1.666593e-01
0
9.083091e-02
0
9.732223e-02
0
5.904490e-02
5.366085e-01
1.758600e-01
3.340801e-01
2.819885e-01
1.141708e-01
2.574846e-01
0
0
2.897469e-01
3.571465e-01
2.484837e-01
3.390821e-01
0
0
0
0
1.038537e-01
4.411270e-01
0
5.271948e-01
0
0
4.156660e-01
0
1.040255e-01
0
5.486701e-01
4.851499e-01
5.637177e-01
3.295637e-01
3.070635e-01
6.029137e-01
6.712448e-01
4.961119e-02
1.018524e-01
4.031928e-01
1.000000e+00
4.393370e-01
3.329572e-01
2.355104e-01
0
3.873074e-02
0
0
0
1.374483e-01
0
0
0
3.850318e-01
0
6.748300e-02
5.166752e-02
0
0
0
2.335493e-01
1.202194e-01
0
0
0
0
0
0
0
0
3.697260e-01
4.333186e-01
0
0
0
1.417083e-01
0
0
0
1.759805e-02
0
2.396781e-01
0
4.067050e-03
0
2.606118e-02
3.056053e-02
3.455034e-02
0
0
0
0
0
4.382215e-02
1.893906e-01
4.640850e-02
2.610251e-02
0
3.783438e-02
4.424547e-01
3.681372e-01
4.858861e-01
6.135302e-01
0
7.376891e-01
5.785828e-01
0
0
0
9.549178e-02
1.622079e-01
0
0
0
0
1.135612e-01
0
0
0
1.574926e-01
0
0
2.377553e-01
0
3.712655e-01
4.024112e-01
0
0
4.646927e-01
4.407692e-01
2.260216e-01
7.032105e-02
0
0
0
0
4.565308e-02
5.991151e-01
0
2.660707e-01
9.606561e-02
0
0
0
8.325875e-02
0
3.153680e-01
6.103553e-01
4.304340e-01
2.190415e-01
2.727489e-03
5.142989e-01
3.998733e-01
1.151857e-02
0
0
4.393370e-01
1
