1
6.651935e-01
0
0
0
0
0
2.153969e-01
0
0
3.329072e-02
4.633367e-01
2.407017e-01
3.654732e-01
1.828672e-01
3.469370e-01
3.163572e-01
1.362529e-01
5.959977e-01
7.051530e-01
0
0
0
0
0
0
0
0
4.972075e-01
5.043392e-01
0
0
0
0
0
0
0
2.255173e-01
1.271569e-01
1.500229e-01
1.725761e-01
0
0
0
0
0
0
0
0
0
1.226996e-01
0
2.636564e-01
0
0
0
6.214779e-01
6.098639e-01
4.743862e-01
2.609902e-01
2.942966e-01
2.183101e-02
4.966748e-01
4.180431e-01
0
0
0
0
6.075563e-01
2.320624e-01
2.546432e-02
1.426269e-01
4.780804e-01
5.692906e-01
2.679440e-01
3.402984e-01
2.288053e-01
3.891391e-01
1.452114e-01
0
3.101066e-01
0
5.398659e-01
4.306570e-01
0
0
3.712659e-01
1.552154e-01
2.100860e-01
2.145230e-01
0
0
0
0
0
1.174446e-01
0
1.418330e-01
4.095691e-01
0
3.660732e-01
0
3.650152e-01
0
0
2.370006e-01
1.873796e-01
0
9.840368e-02
3.991121e-01
2.510994e-01
2.841844e-01
2.144304e-01
0
3.015688e-01
3.000959e-01
6.651935e-01
1
1.473105e-01
3.380118e-02
0
0
0
1.582331e-02
0
0
1.772631e-01
3.379932e-01
4.222432e-01
9.912770e-02
4.583662e-01
3.155181e-01
2.363101e-01
4.517769e-01
7.666906e-01
3.733666e-01
3.356496e-03
3.564790e-01
1.030324e-01
0
0
0
0
9.383138e-02
4.387330e-01
4.660028e-01
0
0
0
0
0
0
0
3.119178e-02
1.131507e-01
4.013422e-02
1.487378e-01
0
0
0
0
0
0
0
0
0
1.255740e-01
1.557675e-01
3.920730e-01
1.923015e-01
0
0
3.786686e-01
6.481188e-01
2.117246e-01
1.455412e-01
1.845795e-01
0
1.367881e-01
6.163130e-02
0
1.158365e-01
0
0
1.639970e-01
0
0
2.990876e-01
2.095925e-01
3.673974e-01
9.807079e-02
8.565808e-02
0
3.667388e-01
1.128360e-01
0
2.176820e-01
1.274236e-01
3.502383e-01
2.700524e-01
8.781576e-02
6.984499e-02
0
0
9.876687e-02
3.377896e-01
1.183109e-01
0
0
0
0
0
0
2.095278e-01
1.787064e-01
0
4.325074e-01
0
2.279887e-01
0
0
0
0
0
0
0
3.175481e-02
2.213850e-01
7.535536e-02
2.271900e-01
7.976096e-02
2.200175e-01
0
1.473105e-01
1
1.261556e-01
6.773840e-01
3.147176e-01
7.520035e-01
0
4.833693e-01
2.819378e-01
6.234081e-01
0
3.663945e-01
0
6.187931e-01
5.668397e-02
0
6.608137e-02
2.536566e-01
0
1.383265e-01
4.965345e-01
8.174845e-01
6.731559e-01
6.437740e-01
3.074893e-01
2.903229e-01
2.530847e-01
0
0
7.448718e-01
3.436516e-01
0
0
6.018965e-01
3.825430e-01
2.177783e-01
0
0
0
2.016066e-01
4.108880e-01
0
0
0
0
0
0
0
0
0
5.602692e-02
2.911433e-02
1.732003e-01
0
0
0
0
0
0
0
0
0
0
8.271007e-01
5.886593e-01
2.356774e-01
0
0
0
4.559009e-01
2.743880e-01
9.858599e-02
0
0
7.086752e-02
0
0
2.491739e-01
4.403849e-01
0
2.440230e-01
0
0
8.408360e-01
4.560030e-01
0
0
0
1.023242e-01
2.881242e-01
5.068908e-01
5.543369e-01
5.638022e-01
8.893593e-02
0
4.009737e-02
0
0
0
2.727491e-01
5.868335e-01
1.213453e-01
0
1.573136e-02
1.400813e-01
0
0
0
0
0
0
1.379789e-01
2.420594e-01
0
0
0
3.380118e-02
1.261556e-01
1
5.916673e-02
2.057205e-01
5.657613e-02
4.454318e-01
7.292708e-02
1.771140e-01
7.021760e-02
2.545622e-01
1.378348e-01
3.245371e-01
2.763151e-01
4.314087e-01
0
0
0
0
0
0
0
1.332078e-01
0
4.145976e-03
0
1.369218e-01
0
0
1.270615e-01
2.783329e-01
0
2.244249e-01
4.205541e-02
2.419525e-01
0
3.754837e-02
0
2.118946e-01
0
0
0
0
0
0
0
0
0
0
3.173423e-02
1.123464e-01
5.166329e-02
0
0
0
0
0
0
3.303912e-01
0
5.678841e-01
0
7.758451e-02
4.312633e-02
3.733996e-01
0
2.189877e-01
0
0
0
0
0
0
0
0
0
0
0
0
0
2.480279e-01
0
0
2.764790e-01
4.902942e-01
0
0
2.905164e-01
1.738999e-01
0
0
1.222934e-01
1.141454e-01
0
1.461718e-01
0
0
0
0
0
0
0
0
1.076134e-01
4.443918e-03
0
5.106304e-02
4.331500e-01
2.217766e-01
2.298363e-01
0
0
0
0
1.387616e-01
0
0
6.773840e-01
5.916673e-02
1.000000e+00
5.201149e-01
7.809861e-01
0
7.303693e-01
4.525603e-01
3.368309e-01
0
2.503790e-01
0
3.566063e-01
1.029626e-01
0
0
3.448890e-02
3.708486e-02
3.374071e-01
4.647763e-01
7.039563e-01
7.853710e-01
8.243811e-01
6.704767e-01
7.099319e-01
5.288401e-01
0
0
5.736955e-01
2.948498e-01
1.861393e-01
2.738087e-02
5.569352e-01
4.496767e-01
2.852781e-01
0
0
0
2.111553e-01
4.041283e-01
0
0
8.126150e-02
0
0
5.379031e-02
0
0
0
0
0
0
0
0
0
0
0
0
0
4.054153e-02
0
0
6.922227e-01
5.170234e-01
3.498380e-01
0
0
2.081519e-01
5.148287e-01
3.496357e-01
1.245018e-01
0
0
7.205600e-02
0
0
1.622273e-01
3.912757e-01
0
2.607982e-01
0
0
4.143368e-01
3.367170e-01
0
0
0
0
3.242026e-01
6.158221e-01
7.749143e-01
6.882079e-01
1.607573e-01
0
5.711067e-02
0
0
1.953197e-01
1.165201e-01
6.730147e-01
1.693678e-01
2.728932e-01
0
0
0
0
0
0
0
0
1.611848e-01
1.485765e-01
0
0
0
0
3.147176e-01
2.057205e-01
5.201149e-01
1.000000e+00
1.713793e-01
2.768733e-01
4.083855e-01
8.480402e-01
1.740835e-01
6.927482e-02
1.739363e-01
2.684156e-01
1.394980e-01
2.276805e-01
2.684634e-01
2.296627e-01
1.147067e-01
0
1.700014e-01
2.914295e-01
4.261114e-01
5.144027e-01
6.389159e-01
5.484003e-01
6.185305e-01
5.664831e-01
0
0
1.393017e-01
0
0
0
3.153585e-01
2.659908e-01
0
0
0
0
0
2.031038e-02
0
0
0
0
0
0
0
0
0
1.784774e-02
0
0
0
0
3.323935e-02
0
0
0
0
5.124233e-01
0
0
3.877170e-01
6.834872e-01
0
0
0
3.025918e-01
3.111234e-01
2.732219e-01
0
0
0
0
0
0
2.894931e-01
5.735592e-01
0
4.308468e-01
0
0
2.638227e-01
5.227111e-01
0
0
0
2.074549e-02
2.629303e-01
2.125096e-01
5.759505e-01
3.695330e-01
0
0
0
3.658517e-01
0
4.050676e-02
9.121135e-02
1.920310e-01
0
0
2.815848e-02
0
6.273695e-02
3.834524e-02
6.343774e-03
0
1.213909e-01
0
1.395940e-02
2.378649e-01
5.420721e-02
0
0
0
7.520035e-01
5.657613e-02
7.809861e-01
1.713793e-01
1
0
6.328059e-01
2.809962e-01
4.807917e-01
0
4.169475e-01
0
3.615205e-01
1.207438e-01
0
0
9.569207e-02
5.918052e-02
3.399765e-01
4.805067e-01
6.795299e-01
6.556055e-01
5.942036e-01
3.437574e-01
3.878267e-01
1.691327e-01
0
0
5.741792e-01
3.649421e-01
1.757120e-01
0
4.939340e-01
4.260468e-01
3.718025e-01
0
6.730930e-02
0
4.556411e-01
3.996936e-01
0
0
8.310204e-02
0
0
0
0
0
0
0
0
0
0
0
0
0
0
0
0
0
0
0
7.299421e-01
4.218738e-01
5.173021e-01
5.226520e-02
0
0
6.045313e-01
3.596357e-01
2.958399e-01
5.477816e-02
2.428750e-01
1.549072e-01
1.488252e-01
0
3.809610e-02
3.829044e-02
0
9.543252e-02
0
0
5.601449e-01
2.806461e-01
0
0
0
0
3.728303e-01
7.554733e-01
5.953439e-01
6.136498e-01
1.195267e-01
0
2.813910e-01
0
0
1.098996e-01
6.218424e-02
6.289413e-01
1.866255e-01
3.515777e-01
0
0
0
0
0
0
0
0
1.948121e-01
1.158386e-01
0
0
2.153969e-01
1.582331e-02
0
4.454318e-01
0
2.768733e-01
0
1
0
2.865225e-01
0
7.008751e-01
1.006687e-01
8.342013e-01
0
5.218683e-01
3.880544e-02
0
3.095975e-02
2.084580e-01
3.063146e-03
0
0
0
0
0
6.024572e-02
3.608700e-02
0
1.398852e-01
0
0
0
1.174567e-01
0
0
0
0
0
5.809301e-02
0
0
1.245633e-01
9.857084e-02
0
1.654086e-01
8.642163e-02
5.849813e-02
1.225295e-01
1.782614e-01
0
0
0
0
0
1.208426e-01
1.569619e-01
7.283900e-02
1.376839e-02
3.160948e-01
7.234222e-02
5.807871e-01
1.406194e-01
3.914243e-01
0
6.465277e-02
0
0
2.003531e-01
1.088571e-01
0
1.743122e-01
0
0
0
0
0
1.979264e-01
0
0
4.784302e-02
1.056458e-01
9.675963e-03
3.108269e-01
0
2.528747e-02
1.492659e-01
3.113408e-01
0
0
0
0
3.873656e-02
0
0
3.059138e-01
0
2.623511e-01
0
0
1.588441e-02
0
2.320202e-02
0
0
0
3.245087e-01
0
4.772081e-01
2.459726e-01
3.220076e-01
0
0
0
2.117363e-01
1.025627e-01
0
0
4.833693e-01
7.292708e-02
7.303693e-01
4.083855e-01
6.328059e-01
0
1
5.252530e-01
2.719473e-01
0
3.533015e-01
0
3.598727e-01
5.428559e-02
0
0
0
0
7.269975e-02
9.272691e-02
3.574196e-01
4.921163e-01
4.477910e-01
6.804802e-01
3.560069e-01
2.961258e-01
0
0
5.252139e-01
4.508595e-01
3.373240e-01
1.969464e-01
6.034795e-01
5.739341e-01
2.648823e-01
0
0
0
7.327870e-02
2.659178e-01
2.895618e-01
1.431100e-01
3.923755e-01
2.184985e-01
1.646548e-01
2.705019e-01
4.260662e-02
0
0
0
0
0
0
0
0
0
0
0
0
1.559196e-01
0
0
5.246003e-01
1.894037e-01
3.133662e-01
1.869074e-02
0
0
2.476986e-01
5.436291e-02
0
0
0
0
0
0
8.325816e-03
2.827195e-01
0
0
0
0
2.372880e-01
5.946391e-02
0
0
0
0
4.378333e-04
5.172618e-01
5.448195e-01
5.799844e-01
3.671294e-01
0
2.989079e-01
0
0
1.982998e-01
0
5.340542e-01
0
2.926403e-01
0
0
0
3.714497e-02
2.567716e-01
0
0
0
1.123791e-01
0
0
0
0
0
2.819378e-01
1.771140e-01
4.525603e-01
8.480402e-01
2.809962e-01
2.865225e-01
5.252530e-01
1
2.470770e-01
1.056395e-01
4.183253e-01
2.988207e-01
2.026561e-01
3.005700e-01
2.041312e-01
2.753545e-01
1.263900e-01
0
5.107257e-02
2.320119e-01
3.346386e-01
3.693635e-01
5.333550e-01
3.610932e-01
4.442385e-01
3.762153e-01
0
0
4.932373e-02
0
0
0
2.448082e-01
2.388032e-01
0
0
0
0
0
1.203884e-02
0
0
0
0
0
0
0
0
0
0
0
0
0
0
9.899754e-04
0
0
0
0
4.773893e-01
0
0
3.656507e-01
6.145123e-01
0
0
0
1.593584e-01
2.966357e-01
2.416773e-01
0
0
0
0
0
0
2.309173e-01
3.844388e-01
0
2.857105e-01
0
0
2.227740e-01
3.404257e-01
0
0
0
1.239171e-02
3.532370e-01
4.550166e-01
5.580759e-01
4.719367e-01
0
0
0
1.741107e-01
0
8.801755e-02
9.599477e-02
2.589396e-01
0
0
0
0
0
0
2.291230e-01
0
4.016580e-02
0
2.101206e-01
2.321805e-01
0
0
3.329072e-02
1.772631e-01
6.234081e-01
7.021760e-02
3.368309e-01
1.740835e-01
4.807917e-01
0
2.719473e-01
2.470770e-01
1
0
5.598423e-01
0
4.720848e-01
1.668492e-01
0
0
2.209646e-01
1.017807e-01
0
2.164962e-01
6.280019e-01
5.039378e-01
5.054708e-01
0
4.377133e-02
1.184809e-03
0
0
4.686137e-01
2.739566e-01
0
0
5.532986e-01
3.497859e-01
2.778394e-01
0
0
0
1.498425e-01
2.899835e-02
0
0
0
0
0
0
0
0
4.526052e-02
1.361548e-01
1.646441e-01
3.133911e-01
0
0
0
0
0
0
0
1.311582e-01
0
0
6.700003e-01
4.228104e-01
1.641179e-01
0
0
0
4.627312e-01
7.105384e-02
1.326401e-01
1.027046e-02
0
0
8.439541e-02
0
0
1.958901e-01
0
3.885142e-02
0
0
7.041521e-01
2.392729e-01
0
0
4.447291e-02
2.933867e-02
2.819403e-01
4.158434e-01
1.703019e-01
5.478272e-01
8.868143e-03
0
0
0
0
0
1.909361e-01
3.973113e-01
2.552988e-01
0
0
9.673820e-02
0
1.264774e-01
0
0
0
5.742752e-02
5.165842e-01
0
0
0
4.633367e-01
3.379932e-01
0
2.545622e-01
0
6.927482e-02
0
7.008751e-01
0
1.056395e-01
0
1
0
7.321478e-01
0
4.861887e-01
2.362917e-01
2.268813e-01
3.260367e-01
1.820890e-01
1.298516e-01
0
0
0
0
0
0
7.853388e-02
2.058363e-01
5.964335e-01
0
0
0
0
0
0
0
0
0
1.070778e-01
0
0
0
0
0
0
0
0
0
0
1.882853e-01
8.348792e-02
3.179409e-01
0
1.660744e-01
1.981208e-01
3.050076e-01
5.170103e-01
4.223628e-01
5.817821e-01
2.934069e-01
2.436747e-01
4.929772e-01
4.209046e-01
0
0
0
0
2.196593e-01
0
0
0
0
0
0
0
0
3.321583e-01
0
0
2.846282e-01
8.836525e-02
2.467564e-01
6.510282e-01
0
5.609974e-02
4.391078e-01
4.673339e-01
1.933159e-01
3.623233e-01
0
0
0
0
0
4.418844e-01
0
2.279222e-01
2.881958e-02
0
1.101922e-01
0
0
0
6.111054e-02
0
2.713258e-01
0
3.375033e-01
3.803842e-01
4.058022e-01
0
0
3.149729e-02
3.485980e-01
3.405997e-01
2.407017e-01
4.222432e-01
3.663945e-01
1.378348e-01
2.503790e-01
1.739363e-01
4.169475e-01
1.006687e-01
3.533015e-01
4.183253e-01
5.598423e-01
0
1
1.319867e-01
7.231973e-01
5.047945e-01
2.654998e-02
6.265199e-02
4.427800e-01
3.015265e-01
0
2.404793e-01
2.170567e-01
2.023487e-01
1.663333e-01
0
0
1.009675e-01
2.508961e-01
1.062665e-01
1.827586e-01
3.612393e-01
1.949554e-01
1.886683e-01
8.816174e-02
8.572534e-02
0
0
1.794034e-01
0
1.025362e-01
1.771786e-01
0
0
0
0
0
0
0
0
0
0
0
0
0
0
0
0
0
0
0
2.512514e-01
0
0
2.602021e-01
3.104549e-01
0
0
0
0
2.645254e-01
4.298784e-01
0
0
0
0
2.332739e-01
0
2.375191e-02
7.134231e-02
0
0
2.351602e-01
1.550030e-01
2.879522e-01
0
0
0
0
0
1.220879e-01
3.610640e-01
1.716850e-01
4.575721e-01
0
0
0
0
0
1.098569e-01
1.460642e-01
4.192443e-01
2.138689e-01
1.204779e-01
0
0
0
3.437038e-02
0
0
0
1.513362e-01
1.741458e-01
0
0
0
3.654732e-01
9.912770e-02
0
3.245371e-01
0
2.684156e-01
0
8.342013e-01
0
2.988207e-01
0
7.321478e-01
1.319867e-01
1
6.124922e-02
7.362753e-01
5.633258e-02
0
1.916979e-01
3.156247e-01
9.677557e-02
0
0
6.468059e-02
0
0
2.044054e-01
6.473098e-03
0
1.088216e-01
0
0
0
0
0
0
0
0
0
2.135886e-01
0
0
0
0
0
0
0
0
0
0
0
0
0
0
0
9.762908e-02
2.251662e-01
1.072222e-02
1.062428e-01
2.534851e-01
0
4.972579e-01
1.221328e-01
2.634551e-01
0
1.203126e-01
0
0
2.266122e-01
1.330322e-01
0
2.220818e-01
0
0
0
0
9.423125e-02
9.152316e-02
0
0
2.396812e-02
2.985190e-01
6.806182e-02
3.799841e-01
0
2.131450e-01
1.376267e-01
3.478523e-01
3.142199e-02
8.498226e-02
6.799845e-02
0
9.507252e-02
0
0
2.525273e-01
0
1.362409e-01
0
0
1.664305e-01
0
8.929692e-02
0
0
0
3.427563e-01
0
5.146178e-01
2.151805e-01
2.680606e-01
0
0
0
2.611477e-01
1.707157e-02
1.828672e-01
4.583662e-01
6.187931e-01
2.763151e-01
3.566063e-01
1.394980e-01
3.615205e-01
0
3.598727e-01
2.026561e-01
4.720848e-01
0
7.231973e-01
6.124922e-02
1
5.266978e-01
0
9.863922e-02
5.051850e-01
2.970637e-01
4.130612e-02
2.678490e-01
3.704731e-01
3.295293e-01
2.162262e-01
0
8.560670e-02
2.933417e-01
2.047353e-01
1.273651e-01
4.599740e-01
4.596489e-01
1.133042e-02
2.461195e-02
1.838047e-01
3.935011e-02
0
0
1.036087e-01
4.000625e-02
1.250808e-01
3.057033e-01
0
0
0
0
0
0
0
0
0
0
0
0
0
0
0
0
0
0
0
6.860526e-02
0
0
2.816479e-01
3.058678e-01
0
0
0
0
2.053097e-01
3.882763e-01
0
0
0
0
0
0
1.724533e-01
3.735838e-01
0
2.166811e-01
3.107438e-01
8.637386e-02
4.641678e-01
1.274568e-01
0
0
0
0
7.490794e-02
1.253115e-01
3.109743e-01
4.145011e-01
0
0
0
0
0
0
4.381037e-01
4.438096e-01
2.984150e-01
8.322192e-02
0
7.777525e-02
0
1.122331e-01
2.779384e-02
0
0
0
1.291790e-01
1.271431e-02
1.016939e-01
5.648602e-02
3.469370e-01
3.155181e-01
5.668397e-02
4.314087e-01
1.029626e-01
2.276805e-01
1.207438e-01
5.218683e-01
5.428559e-02
3.005700e-01
1.668492e-01
4.861887e-01
5.047945e-01
7.362753e-01
5.266978e-01
1.000000e+00
0
0
4.658375e-01
4.461677e-01
3.836616e-01
1.213057e-01
1.136980e-01
2.891209e-01
9.964335e-02
0
2.887909e-01
1.616407e-01
0
1.793762e-01
0
2.530208e-01
0
0
0
0
0
0
8.428282e-02
2.074375e-01
6.648613e-03
0
0
0
0
0
0
0
0
0
0
0
0
0
0
0
0
0
0
0
0
2.740478e-01
0
0
0
3.263761e-01
0
0
0
0
2.207088e-01
4.893167e-01
0
0
0
0
1.860815e-01
6.145087e-02
0
0
0
4.286151e-01
2.097780e-01
4.116250e-01
1.255448e-01
3.623331e-01
0
2.139593e-01
0
9.266749e-02
2.865704e-01
0
2.809465e-01
9.226900e-03
0
0
0
0
0
0
3.931574e-01
0
2.907700e-01
3.425781e-03
0
0
0
0
2.733484e-01
7.243964e-03
3.982435e-02
0
2.741650e-02
0
9.996100e-02
0
3.163572e-01
2.363101e-01
0
0
0
2.684634e-01
0
3.880544e-02
0
2.041312e-01
0
2.362917e-01
2.654998e-02
5.633258e-02
0
0
1
5.919606e-01
2.935528e-01
3.542254e-01
0
1.368381e-01
0
0
1.436949e-01
0
1.612482e-01
2.629893e-01
4.786281e-01
4.119485e-01
0
0
0
0
0
0
2.436277e-03
2.580692e-02
2.660268e-02
0
9.185713e-02
0
0
0
0
0
0
0
0
0
1.908894e-02
0
1.122528e-01
1.369173e-01
0
0
7.680518e-01
3.900239e-01
1.128164e-01
0
0
0
1.249233e-01
0
0
0
0
0
6.228725e-01
5.471250e-01
2.170913e-01
9.615603e-02
2.017317e-01
1.904662e-01
1.086182e-01
0
0
5.473752e-02
5.919826e-01
3.955913e-01
7.888699e-01
1.638694e-01
2.002092e-01
2.295865e-01
0
0
4.266170e-02
0
0
2.339054e-02
1.156100e-01
2.876641e-03
0
8.085875e-02
0
2.054885e-01
0
3.801385e-01
1.000568e-01
2.040148e-01
2.310160e-01
0
0
0
0
0
3.150108e-01
9.421730e-02
0
9.614663e-02
4.790088e-01
7.080780e-01
1.566983e-01
8.543819e-02
2.516332e-01
0
1.362529e-01
4.517769e-01
6.608137e-02
0
0
2.296627e-01
0
0
0
2.753545e-01
0
2.268813e-01
6.265199e-02
0
9.863922e-02
0
5.919606e-01
1
5.519535e-01
1.244531e-01
2.412863e-01
5.891501e-01
0
0
1.354179e-01
0
2.155414e-01
3.755993e-01
3.758857e-01
4.024923e-01
0
0
0
0
0
0
0
0
0
0
0
5.342771e-02
0
0
0
0
0
0
0
0
7.608430e-02
6.704452e-02
2.211073e-01
2.317705e-01
0
0
4.299073e-01
5.446429e-01
3.168599e-02
0
0
0
0
0
0
1.703465e-01
0
0
2.055316e-01
3.311696e-01
2.815541e-01
4.128991e-01
3.438563e-02
2.023830e-01
1.794933e-01
0
0
1.884134e-01
7.118147e-01
4.758926e-01
4.760484e-01
2.098560e-01
2.516043e-02
1.131475e-01
0
0
0
0
0
3.126018e-01
4.055707e-01
1.672315e-01
1.682795e-01
2.128622e-02
0
0
0
2.787495e-01
4.024911e-03
4.676200e-02
4.572988e-01
1.607184e-01
4.029154e-02
0
3.008445e-01
0
0
0
0
0
1.358587e-01
4.581843e-01
7.856453e-02
6.725067e-01
3.491537e-01
0
5.959977e-01
7.666906e-01
2.536566e-01
0
3.448890e-02
1.147067e-01
9.569207e-02
3.095975e-02
0
1.263900e-01
2.209646e-01
3.260367e-01
4.427800e-01
1.916979e-01
5.051850e-01
4.658375e-01
2.935528e-01
5.519535e-01
1.000000e+00
6.763835e-01
3.830377e-01
5.567877e-01
2.457776e-01
1.473391e-01
1.303779e-01
0
2.756486e-01
4.053870e-01
3.628384e-01
4.564175e-01
0
0
0
0
0
0
0
0
0
0
1.286826e-01
0
0
0
0
0
0
0
0
0
0
0
1.393774e-01
0
0
0
3.409532e-01
4.333185e-01
0
0
0
0
0
0
0
2.205232e-01
0
0
2.242787e-01
1.648883e-01
3.860139e-01
5.762571e-01
4.097149e-01
4.539324e-01
1.988828e-01
2.369591e-01
0
7.273213e-02
3.577847e-01
1.306295e-01
1.661287e-01
1.874096e-01
2.279352e-01
1.905600e-01
1.306500e-01
1.538830e-01
0
0
0
1.912234e-01
2.681593e-01
0
5.614664e-02
0
0
0
0
1.876985e-01
8.459654e-02
0
5.074016e-01
4.775914e-02
4.072092e-01
0
0
0
0
0
0
0
0
1.765106e-01
5.914330e-02
3.694779e-01
2.660941e-01
1.010682e-01
7.051530e-01
3.733666e-01
0
0
3.708486e-02
0
5.918052e-02
2.084580e-01
0
0
1.017807e-01
1.820890e-01
3.015265e-01
3.156247e-01
2.970637e-01
4.461677e-01
3.542254e-01
1.244531e-01
6.763835e-01
1
1.915729e-01
1.032044e-01
2.099580e-01
2.857279e-01
5.226637e-02
0
3.399611e-01
2.363983e-01
3.086385e-01
2.880340e-01
0
8.040186e-02
0
0
0
0
4.578022e-02
1.539698e-01
5.137225e-02
0
2.787587e-01
0
0
0
0
0
0
0
0
0
0
0
0
0
0
0
4.869033e-01
1.951548e-01
0
0
0
3.969790e-02
9.341639e-02
1.136666e-01
0
4.284056e-02
0
0
6.197862e-01
4.888116e-01
4.129488e-01
4.745207e-01
6.392000e-01
5.703555e-01
3.518226e-01
3.713881e-01
2.279302e-01
1.445885e-01
3.156389e-01
0
1.624680e-01
0
3.713273e-01
1.749617e-01
0
0
1.834043e-01
0
0
0
1.952548e-01
0
3.089493e-02
0
0
0
0
4.143530e-02
1.973398e-01
0
4.389989e-01
6.240045e-02
5.714080e-01
2.592830e-01
0
6.226015e-02
2.383298e-01
0
0
3.720513e-02
7.532103e-03
1.760584e-01
5.737540e-02
0
2.678586e-01
1.116454e-02
0
3.356496e-03
1.383265e-01
0
3.374071e-01
1.700014e-01
3.399765e-01
3.063146e-03
7.269975e-02
5.107257e-02
0
1.298516e-01
0
9.677557e-02
4.130612e-02
3.836616e-01
0
2.412863e-01
3.830377e-01
1.915729e-01
1
6.712404e-01
1.532168e-01
2.385465e-01
2.843542e-01
8.420038e-02
6.149483e-01
4.620429e-01
0
1.563362e-01
1.769266e-02
1.469105e-01
0
0
0
0
0
0
1.015371e-03
0
1.682165e-01
0
0
0
0
0
0
0
0
1.346706e-01
0
0
0
0
0
0
0
0
0
0
0
0
0
0
0
5.630629e-02
3.615633e-02
0
0
0
4.741961e-01
4.999172e-01
1.605024e-01
0
3.139236e-01
2.967556e-02
2.248856e-02
0
0
0
0
2.086076e-01
0
6.908467e-02
0
2.620978e-01
0
5.969877e-02
0
5.310407e-02
4.231398e-01
5.312511e-02
2.988953e-01
0
0
0
0
0
0
0
2.146933e-01
0
2.409987e-01
7.579098e-02
6.900573e-02
0
0
0
0
0
0
0
0
3.332616e-01
0
0
0
3.564790e-01
4.965345e-01
0
4.647763e-01
2.914295e-01
4.805067e-01
0
9.272691e-02
2.320119e-01
2.164962e-01
0
2.404793e-01
0
2.678490e-01
1.213057e-01
1.368381e-01
5.891501e-01
5.567877e-01
1.032044e-01
6.712404e-01
1
4.538376e-01
3.002657e-01
5.459027e-01
7.392487e-02
4.926124e-01
3.960562e-01
6.450420e-02
4.643910e-02
1.445605e-01
0
8.605392e-02
0
1.438510e-01
1.283638e-02
0
0
0
0
3.159824e-01
2.475826e-01
0
0
0
0
0
0
0
0
0
0
0
5.407266e-02
0
0
0
1.794745e-03
0
0
0
0
0
0
3.052780e-01
3.329107e-01
2.030297e-02
0
0
9.379288e-02
5.906916e-01
6.649208e-01
2.639311e-01
2.082111e-01
3.224716e-01
9.037091e-02
0
0
3.137943e-01
3.073183e-01
0
3.804189e-01
0
0
2.567816e-01
2.786723e-01
0
0
0
8.722159e-03
4.988924e-01
3.813239e-01
4.322116e-01
2.213167e-01
0
0
0
9.729665e-03
0
1.093309e-02
2.861281e-01
2.688099e-01
1.902459e-01
0
0
0
0
0
0
0
0
1.465415e-01
0
4.837590e-01
0
0
0
1.030324e-01
8.174845e-01
0
7.039563e-01
4.261114e-01
6.795299e-01
0
3.574196e-01
3.346386e-01
6.280019e-01
0
2.170567e-01
0
3.704731e-01
1.136980e-01
0
0
2.457776e-01
2.099580e-01
1.532168e-01
4.538376e-01
1
8.871405e-01
8.556608e-01
3.315395e-01
5.720546e-01
1.953520e-01
0
0
6.343233e-01
1.019542e-01
0
0
4.918293e-01
2.540864e-01
2.648537e-01
0
0
0
3.318095e-01
2.739492e-01
0
0
0
0
0
0
0
0
0
1.821868e-01
7.083912e-02
1.997468e-01
0
0
0
0
0
0
0
1.258186e-01
0
0
8.067303e-01
6.379386e-01
1.437200e-01
0
0
3.474639e-01
6.138254e-01
3.561110e-01
3.920149e-01
2.412471e-01
2.162014e-01
3.694496e-01
0
0
2.279746e-01
3.354908e-01
0
3.181056e-01
0
0
7.055257e-01
5.061548e-01
0
0
0
1.332385e-01
5.179797e-01
5.049604e-01
6.332300e-01
5.473600e-01
6.863699e-02
0
0
0
0
3.404508e-02
3.938714e-01
4.145650e-01
3.355822e-01
0
0
0
0
0
0
0
0
0
3.271701e-01
1.624091e-01
0
0
0
0
6.731559e-01
1.332078e-01
7.853710e-01
5.144027e-01
6.556055e-01
0
4.921163e-01
3.693635e-01
5.039378e-01
0
2.023487e-01
6.468059e-02
3.295293e-01
2.891209e-01
0
0
1.473391e-01
2.857279e-01
2.385465e-01
3.002657e-01
8.871405e-01
1
8.214965e-01
5.053936e-01
6.943643e-01
2.993763e-01
0
0
6.095135e-01
2.878081e-01
0
0
4.484785e-01
2.668692e-01
2.180818e-01
0
0
0
1.489791e-01
1.266091e-01
0
0
0
0
0
0
0
0
0
4.424407e-02
0
0
0
0
0
0
0
0
0
2.688599e-01
0
0
7.152400e-01
6.542538e-01
2.503886e-01
0
0
3.763529e-01
5.488645e-01
3.668841e-01
2.834627e-01
9.848248e-02
6.550443e-02
3.364379e-01
0
0
1.187423e-01
3.402925e-01
0
3.296810e-01
0
0
5.724771e-01
5.514799e-01
0
0
0
0
4.177528e-01
4.018239e-01
7.370733e-01
4.947835e-01
7.686970e-02
0
0
0
0
0
2.784148e-01
4.149637e-01
3.123584e-01
8.439128e-02
0
0
0
0
0
0
0
0
2.038732e-01
2.112550e-02
0
0
0
0
6.437740e-01
0
8.243811e-01
6.389159e-01
5.942036e-01
0
4.477910e-01
5.333550e-01
5.054708e-01
0
1.663333e-01
0
2.162262e-01
9.964335e-02
1.436949e-01
1.354179e-01
1.303779e-01
5.226637e-02
2.843542e-01
5.459027e-01
8.556608e-01
8.214965e-01
1
5.365341e-01
7.416113e-01
4.364499e-01
0
0
5.438182e-01
5.559135e-02
0
0
5.114061e-01
3.298999e-01
1.601892e-01
0
0
0
2.224933e-01
1.490143e-01
0
0
0
0
0
0
0
0
2.312780e-02
1.938493e-01
0
1.998767e-01
0
0
1.011418e-03
0
0
0
0
1.160745e-01
0
0
6.825457e-01
6.217140e-01
7.428186e-02
0
0
3.774492e-01
5.574052e-01
3.090425e-01
1.912898e-01
1.983248e-02
1.052788e-01
1.148413e-01
0
0
2.051009e-01
4.816288e-01
0
3.731587e-01
0
0
5.105929e-01
4.749146e-01
0
0
0
4.620795e-02
5.210568e-01
5.500731e-01
6.871562e-01
5.737982e-01
6.489376e-03
0
0
0
0
1.352792e-01
2.631662e-01
4.014029e-01
1.498815e-01
0
0
0
0
0
0
0
0
0
2.628265e-01
1.474456e-01
0
0
0
0
3.074893e-01
4.145976e-03
6.704767e-01
5.484003e-01
3.437574e-01
0
6.804802e-01
3.610932e-01
0
0
0
0
0
0
0
0
0
0
8.420038e-02
7.392487e-02
3.315395e-01
5.053936e-01
5.365341e-01
1
4.935570e-01
4.110147e-01
0
0
5.462207e-01
3.975019e-01
3.390738e-01
2.501522e-01
4.429255e-01
4.860934e-01
1.483007e-01
0
0
5.650796e-02
0
1.655514e-01
3.881465e-01
3.253493e-01
5.043802e-01
4.145333e-01
3.489029e-01
4.290135e-01
3.016959e-01
4.235557e-01
0
0
0
0
0
0
0
0
0
0
0
2.795345e-01
0
0
3.600135e-01
1.808128e-01
1.983578e-01
1.114938e-01
0
1.858460e-02
0
0
0
0
0
0
0
0
0
3.625763e-01
0
8.303577e-02
0
0
1.279666e-01
2.573652e-01
0
0
0
0
0
2.156668e-01
4.269738e-01
2.639620e-01
8.361223e-02
0
1.706127e-01
0
0
3.437926e-01
0
2.309915e-01
0
1.458603e-01
0
0
0
0
7.503188e-03
0
0
0
0
0
0
0
0
0
2.903229e-01
0
7.099319e-01
6.185305e-01
3.878267e-01
6.024572e-02
3.560069e-01
4.442385e-01
4.377133e-02
0
0
2.044054e-01
8.560670e-02
2.887909e-01
1.612482e-01
2.155414e-01
2.756486e-01
3.399611e-01
6.149483e-01
4.926124e-01
5.720546e-01
6.943643e-01
7.416113e-01
4.935570e-01
1
6.251557e-01
0
0
2.011193e-01
0
0
0
1.425266e-01
7.221310e-03
0
0
0
0
1.043137e-01
0
0
0
0
0
1.456708e-03
0
0
1.055934e-01
0
0
0
0
0
0
1.430083e-01
0
0
0
0
5.280371e-02
0
0
2.791097e-01
3.972474e-01
0
0
3.893406e-02
4.666426e-01
5.962249e-01
5.178942e-01
2.578689e-01
7.819844e-02
2.358116e-01
2.251955e-01
0
0
2.777592e-01
3.355531e-01
0
2.943978e-01
0
0
7.093931e-02
3.180013e-01
0
0
0
1.528909e-02
5.552081e-01
2.707405e-01
6.727603e-01
2.251096e-01
8.032923e-02
0
0
3.584654e-02
0
0
3.969301e-01
2.020570e-01
3.223610e-01
1.090004e-02
0
0
5.760879e-02
0
0
0
0
0
9.556070e-02
3.536347e-01
7.500619e-02
0
0
9.383138e-02
2.530847e-01
1.369218e-01
5.288401e-01
5.664831e-01
1.691327e-01
3.608700e-02
2.961258e-01
3.762153e-01
1.184809e-03
7.853388e-02
1.009675e-01
6.473098e-03
2.933417e-01
1.616407e-01
2.629893e-01
3.755993e-01
4.053870e-01
2.363983e-01
4.620429e-01
3.960562e-01
1.953520e-01
2.993763e-01
4.364499e-01
4.110147e-01
6.251557e-01
1
0
1.617068e-01
1.495060e-01
1.689109e-01
0
2.209942e-01
4.257236e-03
0
0
0
0
0
0
0
0
0
0
0
0
0
0
8.085837e-02
0
0
0
0
0
0
7.533656e-02
0
0
0
0
4.912617e-02
0
0
3.893473e-02
2.339910e-01
0
0
0
9.933222e-02
1.957992e-01
1.582735e-01
0
0
0
0
0
0
2.391238e-01
4.981315e-01
3.959658e-04
9.857774e-02
0
0
2.577284e-02
1.903175e-01
0
0
0
1.342834e-02
4.003438e-02
0
2.911104e-01
1.446253e-01
3.315678e-02
1.437821e-01
0
1.624052e-01
0
0
1.757131e-01
2.528013e-01
2.486474e-02
0
2.176043e-01
0
0
0
0
0
0
0
0
3.441790e-01
1.679847e-01
0
4.972075e-01
4.387330e-01
0
0
0
0
0
0
0
0
0
2.058363e-01
2.508961e-01
0
2.047353e-01
0
4.786281e-01
3.758857e-01
3.628384e-01
3.086385e-01
0
6.450420e-02
0
0
0
0
0
0
1
8.279241e-01
0
0
2.352151e-01
1.574245e-01
0
0
0
1.677078e-01
4.509671e-01
1.102178e-01
2.790045e-01
5.688627e-02
2.427020e-02
6.417056e-02
0
1.867160e-02
0
0
5.103346e-02
0
0
0
0
0
0
0
3.156176e-01
5.277222e-01
1.663562e-01
1.152437e-02
4.869812e-01
0
5.623556e-01
4.442997e-01
0
0
0
0
4.869895e-01
0
0
6.220746e-02
1.159414e-01
1.933610e-01
8.872490e-02
0
8.786879e-02
3.674900e-01
2.358523e-01
0
7.423218e-01
0
7.546329e-01
6.107743e-01
0
0
4.061648e-01
3.082857e-01
0
0
0
0
0
0
0
3.015722e-01
0
5.810326e-02
4.074644e-01
1.132236e-01
2.893865e-02
0
2.840441e-02
1.892552e-01
0
2.472513e-01
7.438893e-03
1.993642e-01
0
2.419284e-01
2.051985e-01
7.359173e-01
0
0
1.766059e-01
3.775884e-01
5.043392e-01
4.660028e-01
0
0
0
0
0
1.398852e-01
0
0
0
5.964335e-01
1.062665e-01
1.088216e-01
1.273651e-01
1.793762e-01
4.119485e-01
4.024923e-01
4.564175e-01
2.880340e-01
1.563362e-01
4.643910e-02
0
0
0
0
0
1.617068e-01
8.279241e-01
1
0
2.760977e-02
0
1.500474e-01
0
0
0
8.023271e-02
3.896703e-01
1.855490e-01
1.265985e-02
0
0
0
0
0
0
0
8.607142e-03
0
0
0
1.237007e-01
0
9.054947e-02
0
2.293234e-01
6.058198e-01
2.824180e-01
2.487240e-01
3.820620e-01
0
6.292825e-01
4.891674e-01
0
0
0
0
2.998510e-01
0
0
0
0
1.523234e-02
0
0
0
3.628488e-01
7.405307e-02
0
5.868900e-01
0
7.367624e-01
7.997038e-01
0
0
5.595393e-01
4.155733e-01
2.563487e-02
6.112580e-02
0
0
0
0
0
4.352969e-01
0
1.162661e-02
1.950819e-01
0
2.269654e-02
0
0
2.724901e-02
3.877295e-03
8.299328e-02
0
1.117564e-01
0
3.391435e-01
2.767485e-01
4.466937e-01
0
2.650322e-03
2.752957e-01
4.321171e-01
0
0
7.448718e-01
1.270615e-01
5.736955e-01
1.393017e-01
5.741792e-01
0
5.252139e-01
4.932373e-02
4.686137e-01
0
1.827586e-01
0
4.599740e-01
0
0
0
0
0
1.769266e-02
1.445605e-01
6.343233e-01
6.095135e-01
5.438182e-01
5.462207e-01
2.011193e-01
1.495060e-01
0
0
1.000000e+00
6.689868e-01
2.273345e-01
0
5.755124e-01
4.454615e-01
3.759269e-01
0
3.358770e-01
1.903053e-01
3.220094e-01
1.752913e-01
0
0
1.324974e-01
0
0
0
0
0
0
1.232927e-02
0
6.802948e-02
0
0
0
0
0
0
0
8.606317e-02
0
0
5.715572e-01
1.962728e-01
2.751564e-01
3.278812e-02
0
0
1.247132e-01
0
0
0
0
0
7.069213e-02
0
0
4.050333e-01
0
0
5.846671e-02
0
6.728513e-01
2.290699e-01
0
0
6.373597e-02
0
3.358790e-02
3.219426e-01
3.530190e-01
3.459078e-01
2.740041e-01
0
3.893450e-01
0
0
1.511541e-02
5.182617e-02
3.289200e-01
0
1.806654e-01
0
5.160355e-03
0
0
0
0
0
0
0
0
0
0
0
0
3.436516e-01
2.783329e-01
2.948498e-01
0
3.649421e-01
0
4.508595e-01
0
2.739566e-01
0
3.612393e-01
0
4.596489e-01
2.530208e-01
0
0
0
8.040186e-02
1.469105e-01
0
1.019542e-01
2.878081e-01
5.559135e-02
3.975019e-01
0
1.689109e-01
0
2.760977e-02
6.689868e-01
1
3.942414e-01
3.844441e-01
2.644400e-01
3.331893e-01
1.018263e-01
0
4.382863e-01
3.528379e-01
4.676335e-02
0
1.277969e-01
1.366008e-01
4.201628e-01
2.844990e-01
0
4.505489e-02
1.277505e-01
4.967183e-02
0
0
0
0
0
0
0
0
0
0
0
1.359538e-01
0
7.599526e-02
1.211374e-01
0
2.835187e-01
3.142667e-01
0
0
0
0
0
0
0
0
2.467425e-01
0
0
2.433555e-02
0
0
3.514769e-01
1.373159e-01
2.927985e-01
8.871001e-02
1.087196e-01
0
0
0
0
0
0
0
3.232573e-02
0
2.264759e-01
0
0
0
0
1.097508e-01
0
3.518068e-01
0
0
0
0
0
0
0
0
0
0
0
4.103286e-02
0
0
0
0
1.861393e-01
0
1.757120e-01
0
3.373240e-01
0
0
0
1.949554e-01
0
1.133042e-02
0
0
0
0
0
0
8.605392e-02
0
0
0
3.390738e-01
0
0
2.352151e-01
0
2.273345e-01
3.942414e-01
1
7.704734e-01
3.095680e-01
4.752807e-01
9.394661e-02
1.755022e-01
3.070409e-01
6.597716e-02
1.717203e-01
3.881124e-01
7.448407e-01
6.372631e-01
7.786850e-01
7.119971e-01
5.798827e-01
6.704394e-01
6.859280e-01
5.154732e-01
0
0
0
0
2.191249e-02
0
0
0
0
0
1.475895e-01
0
0
1.488809e-01
4.704554e-02
0
4.328364e-01
4.439094e-01
0
0
0
0
0
0
0
0
9.684577e-02
3.099999e-02
0
0
5.068344e-02
0
5.941641e-02
0
0
0
0
0
0
0
0
1.533837e-01
0
1.492496e-01
0
0
4.887033e-01
0
1.494706e-01
5.886777e-01
0
2.249887e-01
0
2.749192e-01
0
0
0
8.947411e-02
0
0
0
2.710810e-01
0
0
0
0
0
0
0
2.244249e-01
2.738087e-02
0
0
1.174567e-01
1.969464e-01
0
0
0
1.886683e-01
0
2.461195e-02
0
0
0
0
0
0
0
0
0
0
2.501522e-01
0
2.209942e-01
1.574245e-01
1.500474e-01
0
3.844441e-01
7.704734e-01
1.000000e+00
1.207996e-01
4.084680e-01
0
3.102671e-02
5.938605e-02
6.071654e-03
0
2.283491e-01
6.908734e-01
5.280627e-01
6.749183e-01
6.606615e-01
4.817040e-01
5.309175e-01
6.838069e-01
5.212615e-01
0
0
0
0
0
0
0
0
0
4.096476e-02
2.517634e-01
7.489387e-02
0
2.059554e-01
0
0
1.117268e-01
3.847195e-01
0
0
0
0
0
0
0
0
0
0
0
0
0
0
0
1.201645e-02
0
0
3.227104e-02
0
0
0
0
0
0
0
0
1.978998e-01
1.488724e-01
3.292024e-02
0
2.867306e-01
0
4.628452e-02
0
4.554261e-03
0
0
0
1.371639e-01
0
0
0
0
0
0
0
1.664165e-01
0
0
6.018965e-01
4.205541e-02
5.569352e-01
3.153585e-01
4.939340e-01
0
6.034795e-01
2.448082e-01
5.532986e-01
0
8.816174e-02
0
1.838047e-01
0
0
0
0
0
0
1.438510e-01
4.918293e-01
4.484785e-01
5.114061e-01
4.429255e-01
1.425266e-01
4.257236e-03
0
0
5.755124e-01
2.644400e-01
3.095680e-01
1.207996e-01
1.000000e+00
8.845351e-01
3.511612e-01
0
0
0
0
3.732147e-01
1.611051e-01
0
3.039503e-01
8.120644e-02
0
2.174565e-01
0
0
0
1.046357e-01
0
2.569739e-01
0
0
0
0
0
0
0
1.306303e-02
0
0
7.848455e-01
3.240713e-01
5.182382e-01
3.056763e-01
0
0
2.910306e-01
0
0
0
0
0
0
0
0
3.740848e-01
0
8.375269e-02
0
0
5.251977e-01
1.889021e-01
0
0
0
0
1.707960e-01
4.618927e-01
4.256482e-01
5.856161e-01
3.437979e-01
0
3.830828e-01
0
0
1.314235e-01
0
4.853399e-01
0
3.386534e-02
5.308020e-02
5.289241e-02
0
4.220133e-01
0
0
0
0
2.582381e-01
0
0
0
0
0
3.825430e-01
2.419525e-01
4.496767e-01
2.659908e-01
4.260468e-01
0
5.739341e-01
2.388032e-01
3.497859e-01
0
8.572534e-02
0
3.935011e-02
0
0
0
0
0
0
1.283638e-02
2.540864e-01
2.668692e-01
3.298999e-01
4.860934e-01
7.221310e-03
0
0
0
4.454615e-01
3.331893e-01
4.752807e-01
4.084680e-01
8.845351e-01
1.000000e+00
2.144131e-01
0
0
0
0
3.885248e-01
4.216849e-01
2.421759e-01
5.382772e-01
3.487710e-01
2.000421e-01
4.649977e-01
1.742579e-01
1.147897e-01
0
4.155477e-03
0
8.247238e-02
0
3.907323e-02
0
0
0
0
0
1.903298e-01
0
0
5.894757e-01
1.999818e-01
5.075257e-01
4.999115e-01
0
0
3.177102e-02
0
0
0
0
0
0
0
0
8.477870e-02
0
1.773324e-02
0
0
3.228805e-01
1.968513e-01
0
0
0
0
0
3.495647e-01
2.766131e-01
4.516159e-01
1.833551e-01
0
4.670697e-01
0
0
1.550232e-01
0
2.984828e-01
0
0
0
0
0
3.780284e-01
0
0
0
0
4.805279e-02
0
0
0
0
0
2.177783e-01
0
2.852781e-01
0
3.718025e-01
0
2.648823e-01
0
2.778394e-01
0
0
0
0
0
2.436277e-03
0
0
4.578022e-02
0
0
2.648537e-01
2.180818e-01
1.601892e-01
1.483007e-01
0
0
0
0
3.759269e-01
1.018263e-01
9.394661e-02
0
3.511612e-01
2.144131e-01
1
4.706615e-01
2.405064e-01
1.313255e-01
4.813476e-01
2.536321e-01
0
4.209131e-02
1.454583e-01
9.825157e-03
5.258631e-03
4.870553e-02
0
0
0
0
0
6.318529e-02
8.347003e-02
0
0
0
0
0
0
0
0
0
4.092761e-01
0
5.395407e-01
2.052762e-01
1.149862e-01
2.446854e-01
2.717144e-01
0
3.437760e-01
1.988506e-01
2.910794e-01
2.002450e-01
1.951327e-01
0
1.455605e-01
0
0
0
4.933607e-02
0
3.138909e-01
0
1.030305e-03
0
1.368566e-01
0
4.898088e-02
5.182772e-01
9.078532e-02
4.665468e-01
5.230144e-01
0
5.285280e-01
0
1.175830e-01
2.386548e-01
0
4.826975e-01
1.027736e-01
5.786715e-01
0
4.681188e-01
7.460819e-02
1.257797e-01
0
5.707503e-02
0
1.364421e-01
3.355109e-01
0
0
0
2.255173e-01
3.119178e-02
0
3.754837e-02
0
0
0
0
0
0
0
0
0
0
0
0
2.580692e-02
0
0
1.539698e-01
0
0
0
0
0
0
0
0
1.677078e-01
8.023271e-02
0
0
1.755022e-01
3.102671e-02
0
0
4.706615e-01
1
3.284757e-01
3.236714e-01
3.680598e-01
1.668054e-01
3.316627e-02
1.228031e-01
2.447651e-02
1.156879e-01
8.476994e-02
9.125107e-02
2.242668e-01
1.396369e-01
9.739092e-02
1.272680e-02
0
0
1.371835e-01
1.591516e-01
1.903216e-01
1.519455e-01
1.898308e-01
1.006950e-01
0
0
1.136077e-01
3.988265e-01
0
0
2.631905e-01
2.445745e-01
2.517470e-01
2.335922e-01
0
0
2.320313e-01
3.588752e-01
2.702174e-01
1.516810e-01
5.523895e-02
3.593936e-01
0
0
0
0
2.895078e-01
1.417499e-03
0
0
1.542319e-01
0
1.712569e-01
0
0
8.491145e-02
0
5.966910e-02
1.519085e-01
0
3.408408e-01
0
2.449622e-01
2.045437e-01
0
1.992208e-01
1.494341e-01
5.200567e-01
0
8.684641e-02
0
0
8.572046e-02
2.370160e-01
0
1.371594e-01
6.235451e-02
0
0
0
1.271569e-01
1.131507e-01
0
0
0
0
6.730930e-02
0
0
0
0
0
1.794034e-01
0
1.036087e-01
8.428282e-02
2.660268e-02
0
0
5.137225e-02
1.015371e-03
0
0
0
0
0
0
0
4.509671e-01
3.896703e-01
3.358770e-01
4.382863e-01
3.070409e-01
5.938605e-02
0
0
2.405064e-01
3.284757e-01
1
6.315172e-01
5.862857e-01
0
3.426154e-02
1.156717e-01
1.313106e-01
8.164027e-02
0
4.071322e-02
6.795327e-02
0
0
0
0
0
2.980663e-01
1.362667e-01
0
6.998307e-02
5.029078e-02
0
1.674228e-01
0
2.306005e-01
3.659790e-01
0
0
3.378842e-02
2.751135e-02
1.774315e-01
0
0
0
0
0
1.400769e-01
0
5.393797e-01
4.237738e-01
0
0
2.157567e-01
0
7.619865e-01
5.295640e-01
1.195856e-02
0
2.960090e-01
3.640190e-01
8.787365e-02
0
0
6.408664e-02
0
0
1.991317e-02
0
5.052996e-01
0
2.367276e-01
0
0
0
0
3.195176e-01
0
0
0
0
0
1.330320e-01
0
2.375175e-01
0
0
0
3.764343e-02
1.500229e-01
4.013422e-02
0
2.118946e-01
0
0
0
5.809301e-02
0
0
0
1.070778e-01
0
2.135886e-01
4.000625e-02
2.074375e-01
0
0
0
0
0
0
0
0
0
5.650796e-02
0
0
1.102178e-01
1.855490e-01
1.903053e-01
3.528379e-01
6.597716e-02
6.071654e-03
0
0
1.313255e-01
3.236714e-01
6.315172e-01
1.000000e+00
3.185577e-01
0
6.075871e-02
1.969869e-01
9.046175e-02
1.289846e-01
2.221062e-04
1.531258e-01
2.089287e-01
4.785856e-02
0
0
4.308038e-02
0
4.520428e-01
4.435067e-01
0
0
2.211499e-01
2.719453e-01
6.214427e-02
1.407634e-01
2.579213e-01
4.610021e-01
0
0
0
9.769348e-02
0
0
0
0
0
0
0
0
1.792516e-01
1.288008e-01
0
0
1.985014e-02
7.400267e-02
5.199071e-01
3.924470e-01
0
1.612295e-02
1.966448e-01
3.368919e-01
3.754342e-01
0
0
0
0
0
5.577043e-02
2.876685e-01
3.107885e-01
0
1.145399e-01
0
0
0
0
2.393830e-02
0
0
0
0
2.981033e-01
2.969873e-01
1.679472e-01
0
0
0
0
1.812893e-01
1.725761e-01
1.487378e-01
2.016066e-01
0
2.111553e-01
0
4.556411e-01
0
7.327870e-02
0
1.498425e-01
0
1.025362e-01
0
1.250808e-01
6.648613e-03
9.185713e-02
0
1.286826e-01
2.787587e-01
1.682165e-01
3.159824e-01
3.318095e-01
1.489791e-01
2.224933e-01
0
1.043137e-01
0
2.790045e-01
1.265985e-02
3.220094e-01
4.676335e-02
1.717203e-01
0
0
0
4.813476e-01
3.680598e-01
5.862857e-01
3.185577e-01
1
2.761494e-01
0
0
0
0
0
1.236254e-02
0
0
0
0
0
0
4.143084e-02
0
9.044417e-02
9.941251e-04
4.780047e-02
0
0
0
0
0
8.464732e-02
0
2.173382e-01
0
3.179727e-01
1.021225e-01
3.798471e-01
2.035163e-01
5.503894e-01
4.141448e-01
5.974422e-01
3.161105e-01
3.478292e-01
1.135398e-01
2.473065e-02
0
1.107829e-01
2.222629e-02
3.345102e-01
0
1.223933e-01
0
0
0
0
0
2.931305e-01
4.374174e-01
9.254878e-02
2.166404e-01
1.990979e-01
0
3.988757e-01
0
4.973967e-01
1.277221e-01
1.729308e-01
1.281598e-01
2.881833e-01
3.341950e-01
0
7.531660e-02
0
0
0
0
0
3.471481e-01
1.704717e-01
0
0
0
0
0
4.108880e-01
0
4.041283e-01
2.031038e-02
3.996936e-01
0
2.659178e-01
1.203884e-02
2.899835e-02
0
1.771786e-01
0
3.057033e-01
0
0
5.342771e-02
0
0
0
2.475826e-01
2.739492e-01
1.266091e-01
1.490143e-01
1.655514e-01
0
0
5.688627e-02
0
1.752913e-01
0
3.881124e-01
2.283491e-01
3.732147e-01
3.885248e-01
2.536321e-01
1.668054e-01
0
0
2.761494e-01
1
1.893965e-01
1.235883e-01
2.155003e-01
1.303126e-01
1.036224e-01
2.826951e-01
0
0
0
0
0
0
0
0
0
0
0
0
0
0
0
0
4.310638e-01
1.747761e-01
3.647052e-01
1.931232e-01
0
1.071499e-01
1.925778e-01
3.554056e-01
1.305438e-01
1.557313e-01
0
6.508582e-02
0
0
2.231378e-01
9.151446e-02
0
2.228824e-01
0
0
1.412191e-01
0
0
0
0
0
3.926577e-02
3.583078e-01
3.389733e-01
5.424551e-01
2.041285e-02
0
2.177570e-01
2.407965e-01
7.288631e-02
4.092750e-01
2.535454e-02
5.567002e-01
1.796763e-01
1.445741e-01
1.277323e-01
2.607604e-01
0
3.152255e-01
0
0
0
7.531739e-02
1.002008e-01
1.560261e-01
2.540078e-02
0
0
0
0
0
0
0
0
1.245633e-01
2.895618e-01
0
0
0
0
0
0
0
0
0
0
0
0
0
0
0
0
3.881465e-01
0
0
2.427020e-02
0
0
1.277969e-01
7.448407e-01
6.908734e-01
1.611051e-01
4.216849e-01
0
3.316627e-02
3.426154e-02
6.075871e-02
0
1.893965e-01
1
9.303000e-01
9.007478e-01
9.481353e-01
8.909767e-01
9.439105e-01
8.530851e-01
7.509069e-01
0
0
0
0
3.265399e-01
3.997640e-01
0
0
0
5.899439e-03
2.459860e-01
0
9.758425e-02
2.846582e-01
0
0
3.301363e-01
5.449845e-01
0
0
0
0
0
0
0
0
5.561662e-02
0
0
0
6.820300e-02
0
0
0
0
0
1.592891e-01
1.603290e-01
0
0
0
0
0
0
1.256733e-01
2.577802e-01
4.517465e-01
2.096458e-02
2.154399e-01
4.700375e-01
0
0
0
1.806445e-01
7.845286e-03
0
1.211368e-01
1.488968e-01
1.313989e-01
0
0
9.609172e-02
0
0
0
0
0
0
0
0
0
0
0
9.857084e-02
1.431100e-01
0
0
0
0
0
0
0
0
0
0
0
0
0
0
0
0
3.253493e-01
0
0
6.417056e-02
0
0
1.366008e-01
6.372631e-01
5.280627e-01
0
2.421759e-01
4.209131e-02
1.228031e-01
1.156717e-01
1.969869e-01
0
1.235883e-01
9.303000e-01
1
8.913531e-01
9.567277e-01
8.660445e-01
9.040880e-01
8.440831e-01
7.784159e-01
0
0
0
0
4.305578e-01
4.190709e-01
0
0
0
2.934799e-02
2.758801e-01
0
2.696108e-01
4.839326e-01
0
0
3.877870e-01
6.192137e-01
5.063252e-02
0
0
0
0
0
1.011652e-02
1.605697e-02
1.727619e-01
7.495414e-02
0
0
5.377815e-02
0
0
4.251116e-03
0
0
2.680903e-01
3.033837e-01
0
0
0
0
0
0
5.021715e-02
2.408618e-01
4.466215e-01
6.258867e-03
3.238262e-01
4.373762e-01
0
0
0
2.701078e-01
0
0
2.114798e-01
7.076115e-02
1.203980e-01
0
0
2.613748e-02
0
0
0
8.270363e-02
0
0
0
0
8.126150e-02
0
8.310204e-02
0
3.923755e-01
0
0
0
0
0
0
0
0
0
0
0
0
0
0
0
0
5.043802e-01
0
0
0
0
1.324974e-01
4.201628e-01
7.786850e-01
6.749183e-01
3.039503e-01
5.382772e-01
1.454583e-01
2.447651e-02
1.313106e-01
9.046175e-02
0
2.155003e-01
9.007478e-01
8.913531e-01
1.000000e+00
9.388437e-01
7.186040e-01
8.304967e-01
7.452836e-01
6.567380e-01
0
0
0
0
2.387548e-01
1.764703e-01
0
0
0
0
1.669697e-01
0
5.513571e-02
2.796190e-01
8.835244e-03
0
5.443358e-01
6.910645e-01
0
0
0
0
0
0
0
0
1.377240e-01
0
0
0
0
0
0
0
0
0
1.183371e-01
1.188161e-01
0
0
0
0
0
0
9.185666e-02
1.330386e-01
5.416089e-01
0
4.277150e-02
4.497230e-01
0
5.236749e-02
0
3.389975e-01
0
0
0
1.701661e-01
5.771073e-03
0
0
0
0
0
0
4.284902e-02
0
0
0
0
0
0
0
1.654086e-01
2.184985e-01
0
0
0
0
0
0
0
0
0
0
0
0
0
0
0
0
4.145333e-01
0
0
1.867160e-02
0
0
2.844990e-01
7.119971e-01
6.606615e-01
8.120644e-02
3.487710e-01
9.825157e-03
1.156879e-01
8.164027e-02
1.289846e-01
0
1.303126e-01
9.481353e-01
9.567277e-01
9.388437e-01
1.000000e+00
8.148660e-01
8.850997e-01
8.494236e-01
7.890590e-01
0
0
0
0
2.694549e-01
2.933064e-01
0
0
0
0
1.864482e-01
2.705576e-03
1.796231e-01
4.375408e-01
0
0
4.155822e-01
6.711158e-01
0
0
0
0
0
0
0
0
1.107075e-01
2.357763e-02
0
0
0
0
0
0
0
0
2.403653e-01
2.049952e-01
0
0
0
0
0
0
3.488254e-02
2.396048e-01
4.000650e-01
0
1.396630e-01
4.143195e-01
0
0
0
3.202639e-01
0
0
1.577839e-01
1.592320e-01
8.494610e-02
0
0
0
0
0
0
5.827828e-02
0
0
0
0
0
0
0
8.642163e-02
1.646548e-01
0
0
0
0
0
0
0
0
0
0
0
0
0
0
0
0
3.489029e-01
1.456708e-03
0
0
0
0
0
5.798827e-01
4.817040e-01
0
2.000421e-01
5.258631e-03
8.476994e-02
0
2.221062e-04
0
1.036224e-01
8.909767e-01
8.660445e-01
7.186040e-01
8.148660e-01
1
8.882340e-01
8.784585e-01
8.335283e-01
0
0
0
0
4.082761e-01
4.782804e-01
1.225303e-02
0
0
1.288297e-02
1.916721e-01
0
9.756447e-02
2.211652e-01
0
0
1.897176e-01
3.317100e-01
1.610982e-01
0
0
0
0
0
1.417093e-01
1.075583e-01
0
0
0
0
1.725551e-01
0
0
0
0
0
1.213045e-01
0
0
0
0
0
0
0
1.150653e-01
2.533651e-01
3.050582e-01
2.034049e-01
4.478195e-01
5.469327e-01
0
0
0
7.033316e-02
4.215094e-02
0
2.753668e-01
0
8.812320e-02
0
0
2.249657e-01
0
0
0
0
0
0
0
0
5.379031e-02
0
0
5.849813e-02
2.705019e-01
0
0
0
0
0
0
0
0
0
0
0
0
0
0
0
0
4.290135e-01
0
0
0
0
0
4.505489e-02
6.704394e-01
5.309175e-01
2.174565e-01
4.649977e-01
4.870553e-02
9.125107e-02
4.071322e-02
1.531258e-01
1.236254e-02
2.826951e-01
9.439105e-01
9.040880e-01
8.304967e-01
8.850997e-01
8.882340e-01
1.000000e+00
8.116134e-01
7.451144e-01
0
0
0
0
3.509209e-01
5.078709e-01
0
0
0
6.356049e-03
9.665453e-02
0
0
2.024177e-01
0
0
3.753608e-01
5.693947e-01
0
0
0
0
0
0
0
0
1.733409e-02
0
0
0
0
0
0
0
0
0
1.252080e-02
1.327620e-01
0
0
0
0
0
0
2.109949e-01
1.743172e-01
5.255235e-01
1.618726e-02
2.554032e-01
4.230656e-01
0
0
0
1.532495e-01
6.448168e-02
0
1.432685e-01
1.145640e-01
9.314384e-02
0
0
5.078352e-02
0
0
0
0
0
0
0
0
0
0
0
1.225295e-01
4.260662e-02
0
0
0
0
0
0
0
0
0
0
0
0
0
0
0
0
3.016959e-01
0
0
5.103346e-02
8.607142e-03
0
1.277505e-01
6.859280e-01
6.838069e-01
0
1.742579e-01
0
2.242668e-01
6.795327e-02
2.089287e-01
0
0
8.530851e-01
8.440831e-01
7.452836e-01
8.494236e-01
8.784585e-01
8.116134e-01
1
8.963585e-01
5.150719e-02
0
0
0
4.415579e-01
4.519992e-01
0
0
0
1.530551e-01
2.056637e-01
0
1.966616e-01
4.387914e-01
0
0
1.694086e-01
4.602921e-01
3.503607e-02
0
0
0
0
0
0
0
0
6.483319e-02
0
0
5.399451e-02
0
0
0
0
0
1.650189e-01
0
0
0
0
0
0
0
0
2.182669e-01
2.875530e-01
7.942139e-02
3.040920e-01
4.494451e-01
0
0
0
7.078142e-02
0
0
3.242218e-02
0
9.508618e-02
0
0
1.008069e-01
0
0
0
0
0
0
0
0
0
0
0
1.782614e-01
0
0
0
0
0
0
0
0
0
0
0
0
1.346706e-01
0
0
0
0
4.235557e-01
1.055934e-01
8.085837e-02
0
0
0
4.967183e-02
5.154732e-01
5.212615e-01
0
1.147897e-01
0
1.396369e-01
0
4.785856e-02
0
0
7.509069e-01
7.784159e-01
6.567380e-01
7.890590e-01
8.335283e-01
7.451144e-01
8.963585e-01
1
5.325198e-02
4.464212e-03
0
0
3.156951e-01
3.837157e-01
0
0
0
4.620393e-02
0
8.052672e-03
8.141136e-02
3.169241e-01
0
0
1.488094e-01
4.136105e-01
1.043506e-01
0
0
0
0
0
1.280053e-01
4.318619e-02
0
1.235047e-01
0
0
0
0
0
0
0
0
1.187769e-01
0
0
0
0
0
0
0
0
6.056249e-02
1.123575e-01
1.442932e-01
2.188935e-01
4.081681e-01
0
0
0
2.836466e-02
0
0
1.426785e-01
0
0
0
0
0
0
0
0
0
1.226996e-01
1.255740e-01
0
3.173423e-02
0
0
0
0
0
0
4.526052e-02
1.882853e-01
0
0
0
0
1.908894e-02
7.608430e-02
0
0
0
0
0
0
2.312780e-02
0
0
0
0
0
0
0
0
0
0
0
0
9.739092e-02
0
0
0
0
0
0
0
0
0
0
5.150719e-02
5.325198e-02
1.000000e+00
8.836581e-01
8.267996e-01
7.434261e-01
5.392879e-01
5.264134e-01
2.709813e-01
3.371732e-01
6.693122e-01
5.638400e-01
1.425721e-01
0
2.016157e-01
6.089164e-03
0
1.042029e-01
0
0
0
9.601639e-02
0
0
8.554661e-03
2.199686e-01
1.781411e-01
2.891833e-01
0
1.441267e-01
0
0
0
4.529380e-02
0
0
2.101086e-02
2.109449e-01
2.463909e-02
0
6.455747e-01
6.882820e-01
7.160991e-02
0
0
0
4.690493e-02
0
0
1.068707e-01
4.560005e-02
0
4.834131e-02
0
0
0
3.390262e-01
0
2.607378e-02
0
1.222217e-01
1.923005e-01
1.307844e-01
0
2.877210e-01
1.925434e-01
0
0
0
1.557675e-01
5.602692e-02
1.123464e-01
0
1.784774e-02
0
0
0
0
1.361548e-01
8.348792e-02
0
0
0
0
0
6.704452e-02
0
0
0
0
1.821868e-01
4.424407e-02
1.938493e-01
0
0
0
0
0
1.232927e-02
0
0
0
1.046357e-01
4.155477e-03
0
1.272680e-02
0
0
0
0
0
0
0
0
0
0
0
4.464212e-03
8.836581e-01
1
8.535931e-01
8.526354e-01
2.853704e-01
4.135077e-01
1.727452e-01
2.454358e-01
5.394889e-01
5.323106e-01
0
0
4.953729e-02
0
8.463522e-02
1.914428e-01
0
0
0
5.814922e-02
0
0
0
1.187216e-01
9.812278e-02
1.662698e-01
0
9.726610e-02
0
1.278088e-01
0
1.578415e-01
0
0
2.015245e-01
3.685928e-01
0
0
5.924837e-01
7.480784e-01
1.117764e-01
0
0
0
6.509811e-02
0
0
1.469938e-01
0
0
1.429423e-01
0
0
0
4.392162e-01
0
7.000812e-03
0
0
1.297569e-01
1.430867e-01
0
1.859879e-01
2.117745e-01
0
3.111252e-02
2.636564e-01
3.920730e-01
2.911433e-02
5.166329e-02
0
0
0
0
0
0
1.646441e-01
3.179409e-01
0
0
0
0
1.122528e-01
2.211073e-01
1.393774e-01
0
0
0
7.083912e-02
0
0
0
0
0
0
1.237007e-01
0
0
0
0
0
0
0
0
0
4.308038e-02
0
0
0
0
0
0
0
0
0
0
8.267996e-01
8.535931e-01
1
8.457014e-01
3.369958e-01
3.497934e-01
2.960616e-01
5.086675e-01
7.064985e-01
5.929840e-01
2.112770e-01
0
2.962951e-01
0
0
9.314036e-02
0
0
0
0
0
0
0
1.130344e-01
6.621114e-02
1.337926e-01
0
1.736824e-01
4.221637e-02
8.583901e-02
7.692321e-02
1.039980e-01
0
5.780142e-02
2.225089e-01
2.513223e-01
1.219969e-01
2.264713e-03
7.449504e-01
8.974814e-01
1.252993e-01
0
0
0
8.986260e-02
4.186747e-02
0
1.062903e-01
0
0
3.205920e-01
0
0
0
4.147799e-01
1.889091e-01
5.539277e-02
0
4.060245e-02
3.119484e-01
3.277685e-01
0
2.515114e-01
3.031614e-01
2.165852e-01
2.398047e-01
0
1.923015e-01
1.732003e-01
0
0
0
0
0
0
0
3.133911e-01
0
0
0
0
0
1.369173e-01
2.317705e-01
0
0
0
5.407266e-02
1.997468e-01
0
1.998767e-01
0
0
0
0
0
6.802948e-02
0
0
0
2.569739e-01
8.247238e-02
6.318529e-02
0
0
0
0
0
0
0
0
0
0
0
0
0
7.434261e-01
8.526354e-01
8.457014e-01
1
2.523530e-01
3.471256e-01
2.099799e-01
3.403796e-01
5.209058e-01
4.470234e-01
1.589502e-01
0
3.304652e-02
0
1.808656e-01
7.296864e-02
0
0
0
0
0
0
0
5.438873e-02
8.827450e-02
3.227115e-02
0
1.675915e-02
5.305237e-02
2.057182e-01
5.913446e-02
0
0
0
2.637693e-01
8.950635e-02
0
0
5.441733e-01
7.163504e-01
2.193794e-01
0
0
0
2.989647e-01
0
6.937587e-02
6.520991e-02
0
0
2.615840e-01
0
0
0
4.695854e-01
1.648870e-01
0
0
0
4.050639e-02
1.800721e-01
1.349770e-01
4.387002e-01
2.852481e-01
7.728421e-03
5.757906e-02
0
0
0
0
0
0
0
0
0
0
0
1.660744e-01
0
0
0
0
0
0
0
0
0
0
0
0
0
0
0
0
0
9.054947e-02
0
0
2.191249e-02
0
0
0
8.347003e-02
1.371835e-01
2.980663e-01
4.520428e-01
4.143084e-02
0
3.265399e-01
4.305578e-01
2.387548e-01
2.694549e-01
4.082761e-01
3.509209e-01
4.415579e-01
3.156951e-01
5.392879e-01
2.853704e-01
3.369958e-01
2.523530e-01
1
8.282454e-01
0
1.987179e-01
5.894831e-01
4.688739e-01
3.927975e-01
0
4.721206e-01
4.069249e-01
0
0
0
1.811358e-01
7.283305e-02
0
0
0
0
0
1.681821e-01
3.862865e-02
2.023804e-01
1.520476e-01
0
0
1.359263e-01
0
1.484190e-01
1.924364e-01
0
0
4.340293e-01
3.426687e-01
4.386086e-01
1.868831e-01
0
0
0
0
2.467638e-01
2.397987e-01
4.851885e-01
0
3.485361e-01
8.322139e-03
0
0
0
0
4.492058e-02
0
1.269596e-01
0
3.679814e-01
2.718450e-01
3.659131e-02
4.907125e-02
0
0
0
2.344218e-02
0
0
0
0
0
0
0
1.208426e-01
0
0
0
1.981208e-01
0
9.762908e-02
0
0
0
0
0
0
0
0
0
0
0
0
0
0
0
0
0
0
0
0
0
3.907323e-02
0
1.591516e-01
1.362667e-01
4.435067e-01
0
0
3.997640e-01
4.190709e-01
1.764703e-01
2.933064e-01
4.782804e-01
5.078709e-01
4.519992e-01
3.837157e-01
5.264134e-01
4.135077e-01
3.497934e-01
3.471256e-01
8.282454e-01
1
1.199217e-01
1.985454e-01
6.020787e-01
6.003768e-01
2.859990e-01
0
3.248418e-01
2.986275e-01
0
0
0
1.554279e-01
4.393551e-02
0
0
0
0
0
2.891250e-02
0
1.227482e-02
2.247378e-01
0
0
1.592006e-01
0
0
6.085518e-02
0
0
2.824558e-01
2.999433e-01
4.139855e-01
2.735210e-01
0
0
0
0
3.015541e-01
3.071675e-01
4.328589e-01
7.786682e-03
2.627168e-01
2.691666e-02
0
0
0
0
2.602615e-01
0
2.978371e-01
0
3.982320e-01
3.165451e-01
2.411759e-01
1.964119e-02
0
0
9.128559e-03
4.119493e-03
6.214779e-01
3.786686e-01
0
0
0
3.323935e-02
0
1.569619e-01
0
9.899754e-04
0
3.050076e-01
0
2.251662e-01
0
0
7.680518e-01
4.299073e-01
3.409532e-01
4.869033e-01
0
0
0
0
1.011418e-03
0
1.430083e-01
7.533656e-02
3.156176e-01
2.293234e-01
0
0
0
0
0
0
0
1.903216e-01
0
0
9.044417e-02
0
0
0
0
0
1.225303e-02
0
0
0
2.709813e-01
1.727452e-01
2.960616e-01
2.099799e-01
0
1.199217e-01
1.000000e+00
6.166287e-01
4.712686e-01
1.713746e-01
9.982394e-02
0
2.780964e-01
7.860684e-02
0
0
0
0
7.736716e-01
6.890134e-01
1.083255e-01
7.990880e-02
4.234974e-01
5.539461e-01
3.213446e-01
3.398537e-01
0
2.234488e-01
4.776582e-01
9.373741e-02
6.175873e-01
6.137931e-02
1.082699e-01
3.816817e-02
0
0
1.535351e-01
0
9.371873e-02
2.344637e-01
1.688410e-01
0
0
0
0
2.018155e-01
0
5.309232e-01
3.802153e-01
1.546853e-01
4.045922e-01
0
2.533301e-01
0
5.853252e-02
8.032919e-02
5.199393e-01
0
0
2.124717e-01
4.163603e-01
5.587589e-01
3.691430e-01
2.031124e-01
4.259064e-01
5.050690e-03
6.098639e-01
6.481188e-01
0
0
0
0
0
7.283900e-02
0
0
0
5.170103e-01
0
1.072222e-02
0
0
3.900239e-01
5.446429e-01
4.333185e-01
1.951548e-01
0
1.794745e-03
0
0
0
0
0
0
5.277222e-01
6.058198e-01
0
0
0
0
0
0
0
1.519455e-01
6.998307e-02
0
9.941251e-04
0
0
0
0
0
0
0
0
0
3.371732e-01
2.454358e-01
5.086675e-01
3.403796e-01
1.987179e-01
1.985454e-01
6.166287e-01
1
6.638303e-01
4.858806e-01
5.475048e-01
0
5.855223e-01
3.251407e-01
0
0
0
0
4.402962e-01
4.459810e-02
0
0
1.763797e-01
4.108680e-01
3.361182e-01
1.339478e-01
0
5.306870e-01
1.966546e-01
0
5.329171e-01
0
3.632809e-01
3.300737e-01
0
0
4.407234e-01
2.217576e-01
2.277566e-01
4.745460e-01
8.059156e-03
0
0
0
0
2.526372e-01
0
3.428224e-01
4.677422e-01
0
2.671695e-01
0
2.881271e-02
0
2.889491e-01
1.615416e-01
1.615119e-01
0
1.558863e-02
2.831974e-01
2.603560e-01
3.953329e-01
2.404175e-02
3.711978e-01
3.626722e-01
4.133510e-01
4.743862e-01
2.117246e-01
0
0
0
0
0
1.376839e-02
0
0
0
4.223628e-01
0
1.062428e-01
0
0
1.128164e-01
3.168599e-02
0
0
0
0
0
0
0
0
0
0
1.663562e-01
2.824180e-01
0
0
0
0
0
0
0
1.898308e-01
5.029078e-02
2.211499e-01
4.780047e-02
0
0
0
0
0
0
0
0
0
6.693122e-01
5.394889e-01
7.064985e-01
5.209058e-01
5.894831e-01
6.020787e-01
4.712686e-01
6.638303e-01
1
7.905238e-01
5.148372e-01
0
6.727585e-01
4.265277e-01
0
0
0
0
3.548214e-01
2.617691e-02
0
0
1.568183e-01
3.444579e-01
3.349069e-01
3.075905e-01
5.616857e-02
4.392553e-01
0
0
2.718951e-01
0
1.812170e-01
2.576155e-01
0
0
4.524809e-01
3.439621e-01
6.057192e-01
6.059063e-01
0
0
0
0
1.769312e-01
2.720206e-01
1.279442e-02
1.318453e-01
4.538786e-01
0
1.376553e-01
0
2.418395e-02
0
3.588595e-01
3.291281e-01
3.820477e-01
0
1.533899e-01
5.521231e-01
3.949101e-01
1.601448e-01
2.061456e-01
9.412900e-02
3.016289e-01
3.916103e-01
2.609902e-01
1.455412e-01
0
3.303912e-01
0
0
0
3.160948e-01
0
0
0
5.817821e-01
0
2.534851e-01
0
0
0
0
0
0
0
0
0
0
0
0
0
0
1.152437e-02
2.487240e-01
0
0
0
4.096476e-02
0
0
0
1.006950e-01
0
2.719453e-01
0
0
5.899439e-03
2.934799e-02
0
0
1.288297e-02
6.356049e-03
1.530551e-01
4.620393e-02
5.638400e-01
5.323106e-01
5.929840e-01
4.470234e-01
4.688739e-01
6.003768e-01
1.713746e-01
4.858806e-01
7.905238e-01
1.000000e+00
5.962126e-01
1.507850e-01
6.006189e-01
4.903383e-01
0
0
0
1.527904e-01
2.608962e-02
0
0
0
0
0
0
0
0
4.274128e-01
0
0
4.112754e-02
0
7.819939e-02
3.107868e-01
0
0
4.402353e-01
3.656083e-01
5.370340e-01
5.033589e-01
0
0
0
0
4.139975e-02
4.210796e-01
0
1.527215e-01
2.057548e-01
0
0
0
0
0
3.397069e-01
1.544431e-01
2.930641e-01
0
2.574779e-01
5.341665e-01
3.829205e-01
0
5.503267e-02
0
1.650975e-01
5.470506e-01
2.942966e-01
1.845795e-01
0
0
0
0
0
7.234222e-02
0
0
0
2.934069e-01
0
0
0
0
0
0
0
0
0
0
0
0
0
0
0
0
4.869812e-01
3.820620e-01
0
0
1.475895e-01
2.517634e-01
0
0
0
0
1.674228e-01
6.214427e-02
0
0
2.459860e-01
2.758801e-01
1.669697e-01
1.864482e-01
1.916721e-01
9.665453e-02
2.056637e-01
0
1.425721e-01
0
2.112770e-01
1.589502e-01
3.927975e-01
2.859990e-01
9.982394e-02
5.475048e-01
5.148372e-01
5.962126e-01
1
0
7.086360e-01
5.259237e-01
0
0
0
9.481403e-02
1.998190e-01
0
0
0
0
4.592994e-02
0
0
2.463654e-01
4.092760e-01
0
0
3.821351e-01
0
3.040398e-01
3.703904e-01
0
0
4.919756e-01
4.661090e-01
1.759501e-01
7.173609e-03
0
0
0
0
0
4.017294e-01
1.224394e-01
1.901913e-01
4.942653e-01
1.304477e-01
0
0
0
0
7.968741e-02
3.660113e-01
2.043700e-01
1.615886e-01
9.437151e-03
3.568585e-01
1.874362e-01
3.168895e-01
1.022511e-03
0
1.335936e-02
6.692037e-01
2.183101e-02
0
0
5.678841e-01
4.054153e-02
5.124233e-01
0
5.807871e-01
1.559196e-01
4.773893e-01
1.311582e-01
2.436747e-01
2.512514e-01
4.972579e-01
6.860526e-02
2.740478e-01
0
0
0
3.969790e-02
0
0
1.258186e-01
2.688599e-01
1.160745e-01
2.795345e-01
5.280371e-02
4.912617e-02
0
0
8.606317e-02
1.359538e-01
0
7.489387e-02
1.306303e-02
1.903298e-01
0
0
0
1.407634e-01
0
0
0
0
0
2.705576e-03
0
0
0
8.052672e-03
0
0
0
0
0
0
0
0
0
1.507850e-01
0
1.000000e+00
0
2.372030e-02
1.072298e-01
3.892338e-01
0
0
0
5.621467e-03
0
0
0
0
0
0
0
0
0
0
0
4.115196e-02
0
0
1.351689e-01
3.661344e-01
0
0
8.333343e-02
0
0
0
7.259573e-02
1.125159e-01
0
2.289808e-01
0
2.745525e-01
0
2.281333e-02
0
0
0
0
0
0
2.019780e-01
0
2.732880e-01
8.972074e-02
2.624422e-01
0
0
0
0
3.795237e-02
4.966748e-01
1.367881e-01
0
0
0
0
0
1.406194e-01
0
0
0
4.929772e-01
0
1.221328e-01
0
0
1.249233e-01
0
0
9.341639e-02
0
0
0
0
0
0
0
0
5.623556e-01
6.292825e-01
0
0
0
0
0
0
0
1.136077e-01
2.306005e-01
2.579213e-01
0
0
9.758425e-02
2.696108e-01
5.513571e-02
1.796231e-01
9.756447e-02
0
1.966616e-01
8.141136e-02
2.016157e-01
4.953729e-02
2.962951e-01
3.304652e-02
4.721206e-01
3.248418e-01
2.780964e-01
5.855223e-01
6.727585e-01
6.006189e-01
7.086360e-01
0
1
8.027862e-01
0
0
0
5.544808e-02
4.516987e-01
0
0
0
0
1.522476e-01
4.315191e-02
5.793329e-02
1.553267e-01
4.607722e-01
0
0
5.062003e-01
0
5.797699e-01
5.979672e-01
0
0
7.973604e-01
5.692802e-01
3.526460e-01
1.327456e-01
0
0
0
0
2.102028e-03
5.477314e-01
0
9.990362e-02
3.246450e-01
0
0
0
0
0
1.264459e-01
3.767702e-01
4.482758e-01
2.812884e-02
1.202946e-01
6.540757e-01
3.771377e-01
2.418219e-01
0
0
3.306641e-01
7.230198e-01
4.180431e-01
6.163130e-02
0
7.758451e-02
0
0
0
3.914243e-01
0
0
0
4.209046e-01
0
2.634551e-01
0
0
0
0
0
1.136666e-01
0
0
0
0
0
0
0
0
4.442997e-01
4.891674e-01
0
7.599526e-02
1.488809e-01
2.059554e-01
0
0
0
3.988265e-01
3.659790e-01
4.610021e-01
0
0
2.846582e-01
4.839326e-01
2.796190e-01
4.375408e-01
2.211652e-01
2.024177e-01
4.387914e-01
3.169241e-01
6.089164e-03
0
0
0
4.069249e-01
2.986275e-01
7.860684e-02
3.251407e-01
4.265277e-01
4.903383e-01
5.259237e-01
2.372030e-02
8.027862e-01
1
0
0
0
3.426200e-01
3.857153e-01
0
0
0
0
1.120865e-01
0
0
2.188335e-01
5.230509e-01
0
0
2.352962e-01
0
5.650920e-01
5.819546e-01
0
0
5.987618e-01
5.632700e-01
1.921662e-01
0
0
0
0
0
0
3.484807e-01
1.086829e-01
0
3.034419e-01
1.647360e-02
0
0
0
2.060906e-01
0
1.404869e-01
2.185536e-01
0
2.294096e-01
5.716919e-01
2.255922e-01
3.737539e-02
0
0
4.870053e-02
5.312640e-01
0
0
8.271007e-01
4.312633e-02
6.922227e-01
3.877170e-01
7.299421e-01
0
5.246003e-01
3.656507e-01
6.700003e-01
0
2.602021e-01
0
2.816479e-01
0
0
0
0
0
0
3.052780e-01
8.067303e-01
7.152400e-01
6.825457e-01
3.600135e-01
2.791097e-01
3.893473e-02
0
0
5.715572e-01
1.211374e-01
4.704554e-02
0
7.848455e-01
5.894757e-01
4.092761e-01
0
0
0
8.464732e-02
4.310638e-01
0
0
8.835244e-03
0
0
0
0
0
0
8.463522e-02
0
1.808656e-01
0
0
0
0
0
0
0
1.072298e-01
0
0
1
6.697249e-01
4.909384e-01
7.355829e-02
0
1.845520e-01
5.296114e-01
1.982704e-01
1.407846e-01
2.580967e-02
4.832220e-03
1.761006e-01
0
0
2.180810e-01
3.361502e-01
0
1.696444e-01
0
0
7.501004e-01
3.933952e-01
0
0
0
0
3.613075e-01
6.839522e-01
6.171572e-01
7.398152e-01
1.225442e-01
0
1.595377e-01
0
0
2.411255e-01
1.075192e-01
6.822608e-01
1.483866e-01
5.873045e-02
0
1.566756e-01
0
1.174308e-01
0
0
0
0
3.604481e-01
1.160581e-01
0
0
0
1.158365e-01
5.886593e-01
3.733996e-01
5.170234e-01
6.834872e-01
4.218738e-01
6.465277e-02
1.894037e-01
6.145123e-01
4.228104e-01
0
3.104549e-01
1.203126e-01
3.058678e-01
3.263761e-01
0
1.703465e-01
2.205232e-01
4.284056e-02
5.630629e-02
3.329107e-01
6.379386e-01
6.542538e-01
6.217140e-01
1.808128e-01
3.972474e-01
2.339910e-01
0
0
1.962728e-01
0
0
0
3.240713e-01
1.999818e-01
0
0
0
0
0
1.747761e-01
0
0
0
0
0
0
0
0
1.042029e-01
1.914428e-01
9.314036e-02
7.296864e-02
0
0
0
0
0
0
0
3.892338e-01
0
0
6.697249e-01
1
5.523149e-02
0
0
3.748408e-01
4.312710e-01
4.155276e-01
4.657384e-02
0
0
2.352958e-02
0
0
3.086645e-01
4.006935e-01
0
5.766411e-01
0
0
6.443740e-01
7.313713e-01
0
0
9.611961e-02
2.556887e-01
4.460979e-01
4.074868e-01
6.874043e-01
5.432129e-01
0
0
0
2.028780e-01
0
0
2.962956e-01
4.448485e-01
8.251832e-02
0
2.514737e-02
0
0
1.402929e-02
0
0
5.599751e-02
0
2.221929e-01
2.645015e-01
0
0
0
0
2.356774e-01
0
3.498380e-01
0
5.173021e-01
0
3.133662e-01
0
1.641179e-01
0
0
0
0
0
0
0
0
0
3.615633e-02
2.030297e-02
1.437200e-01
2.503886e-01
7.428186e-02
1.983578e-01
0
0
0
0
2.751564e-01
2.835187e-01
4.328364e-01
1.117268e-01
5.182382e-01
5.075257e-01
5.395407e-01
2.631905e-01
3.378842e-02
0
2.173382e-01
3.647052e-01
3.301363e-01
3.877870e-01
5.443358e-01
4.155822e-01
1.897176e-01
3.753608e-01
1.694086e-01
1.488094e-01
0
0
0
0
0
0
0
0
0
0
0
0
0
0
4.909384e-01
5.523149e-02
1.000000e+00
7.813086e-01
0
0
2.374536e-01
7.302393e-02
1.272274e-01
3.766220e-02
1.461901e-01
1.799062e-01
2.437855e-01
0
0
0
0
0
0
0
2.195241e-01
0
0
0
0
0
1.885828e-02
4.506367e-01
2.777508e-01
3.887293e-01
1.883983e-01
0
5.654568e-01
0
0
2.751441e-01
0
5.237572e-01
1.324489e-01
6.610127e-01
0
1.632883e-01
0
2.997755e-01
0
0
0
0
4.627590e-02
0
0
0
0
0
0
2.189877e-01
0
0
5.226520e-02
0
1.869074e-02
0
0
0
0
0
0
0
0
0
0
0
0
0
0
0
0
1.114938e-01
0
0
0
0
3.278812e-02
3.142667e-01
4.439094e-01
3.847195e-01
3.056763e-01
4.999115e-01
2.052762e-01
2.445745e-01
2.751135e-02
9.769348e-02
0
1.931232e-01
5.449845e-01
6.192137e-01
6.910645e-01
6.711158e-01
3.317100e-01
5.693947e-01
4.602921e-01
4.136105e-01
0
0
0
0
1.811358e-01
1.554279e-01
0
0
0
1.527904e-01
9.481403e-02
0
5.544808e-02
3.426200e-01
7.355829e-02
0
7.813086e-01
1
0
0
0
0
0
0
0
0
1.539134e-01
6.820349e-02
0
0
0
0
0
0
0
0
3.656071e-02
2.214905e-01
0
0
0
0
0
0
5.335730e-02
0
4.777902e-01
0
0
7.380390e-02
0
5.634334e-02
0
3.958015e-01
2.943642e-02
9.592361e-02
0
3.458260e-01
0
1.347320e-01
0
0
0
0
0
1.138349e-01
6.075563e-01
1.639970e-01
0
0
0
0
0
2.003531e-01
0
0
0
2.196593e-01
0
2.266122e-01
0
0
6.228725e-01
2.055316e-01
2.242787e-01
6.197862e-01
0
0
0
0
0
0
3.893406e-02
0
4.869895e-01
2.998510e-01
0
0
0
0
0
0
1.149862e-01
2.517470e-01
1.774315e-01
0
3.179727e-01
0
0
5.063252e-02
0
0
1.610982e-01
0
3.503607e-02
1.043506e-01
0
0
0
0
7.283305e-02
4.393551e-02
7.736716e-01
4.402962e-01
3.548214e-01
2.608962e-02
1.998190e-01
0
4.516987e-01
3.857153e-01
0
0
0
0
1
5.786213e-01
1.105139e-01
1.467302e-01
4.662731e-01
5.468044e-01
4.506130e-01
3.599007e-01
3.180631e-01
4.376638e-01
3.088864e-01
0
6.591648e-01
0
3.866100e-01
2.548049e-01
0
0
3.659523e-01
7.801074e-02
0
0
1.288487e-01
0
0
0
0
9.536464e-02
0
1.565133e-01
5.445843e-01
2.717593e-01
2.471538e-01
0
3.566591e-01
1.526553e-01
0
6.418047e-02
5.234942e-01
0
0
2.013161e-01
2.136040e-01
6.179267e-01
1.260701e-01
0
1.891635e-01
3.103660e-02
2.320624e-01
0
0
0
2.081519e-01
3.025918e-01
0
1.088571e-01
0
1.593584e-01
0
0
0
1.330322e-01
0
0
5.471250e-01
3.311696e-01
1.648883e-01
4.888116e-01
0
9.379288e-02
3.474639e-01
3.763529e-01
3.774492e-01
1.858460e-02
4.666426e-01
9.933222e-02
0
0
0
0
0
0
0
0
2.446854e-01
2.335922e-01
0
0
1.021225e-01
1.071499e-01
0
0
0
0
0
0
0
0
9.601639e-02
5.814922e-02
0
0
0
0
6.890134e-01
4.459810e-02
2.617691e-02
0
0
5.621467e-03
0
0
1.845520e-01
3.748408e-01
0
0
5.786213e-01
1
4.756500e-01
3.965898e-01
4.794822e-01
5.346202e-01
3.491078e-01
4.359818e-01
0
3.484830e-02
6.404598e-01
3.404510e-01
1.671594e-01
2.894590e-01
0
0
0
0
0
0
0
5.718369e-02
4.801203e-01
2.429252e-01
4.280069e-01
3.112590e-01
0
0
0
3.512028e-01
3.666940e-02
2.748392e-01
4.531173e-01
2.897727e-01
4.100727e-01
1.402206e-01
6.230482e-03
8.062366e-02
3.921404e-01
0
0
3.832076e-02
2.487427e-01
2.269814e-01
3.631799e-01
1.812141e-01
2.999203e-01
0
2.546432e-02
0
4.559009e-01
0
5.148287e-01
3.111234e-01
6.045313e-01
0
2.476986e-01
2.966357e-01
4.627312e-01
0
2.645254e-01
0
2.053097e-01
2.207088e-01
2.170913e-01
2.815541e-01
3.860139e-01
4.129488e-01
4.741961e-01
5.906916e-01
6.138254e-01
5.488645e-01
5.574052e-01
0
5.962249e-01
1.957992e-01
0
0
1.247132e-01
0
0
0
2.910306e-01
3.177102e-02
2.717144e-01
0
0
0
3.798471e-01
1.925778e-01
0
0
0
0
0
0
0
0
0
0
0
0
0
0
1.083255e-01
0
0
0
0
0
0
0
5.296114e-01
4.312710e-01
2.374536e-01
0
1.105139e-01
4.756500e-01
1
6.483828e-01
5.400659e-01
3.097862e-01
4.461588e-01
2.690404e-01
9.263680e-02
0
5.085027e-01
1.864805e-01
0
3.028871e-01
0
0
3.952774e-01
1.796679e-01
0
0
0
0
7.037961e-01
6.139462e-01
5.519678e-01
5.114800e-01
7.297553e-02
0
0
0
4.948099e-02
0
4.449966e-01
4.940703e-01
4.500811e-01
2.419295e-01
0
7.253488e-02
0
1.790901e-01
0
0
0
1.774226e-01
4.427846e-01
3.212394e-01
1.177478e-02
0
1.426269e-01
2.990876e-01
2.743880e-01
0
3.496357e-01
2.732219e-01
3.596357e-01
1.743122e-01
5.436291e-02
2.416773e-01
7.105384e-02
0
4.298784e-01
2.220818e-01
3.882763e-01
4.893167e-01
9.615603e-02
4.128991e-01
5.762571e-01
4.745207e-01
4.999172e-01
6.649208e-01
3.561110e-01
3.668841e-01
3.090425e-01
0
5.178942e-01
1.582735e-01
6.220746e-02
0
0
0
0
0
0
0
0
0
0
0
2.035163e-01
3.554056e-01
0
0
0
0
0
0
0
0
0
0
0
0
0
0
7.990880e-02
0
0
0
0
0
0
0
1.982704e-01
4.155276e-01
7.302393e-02
0
1.467302e-01
3.965898e-01
6.483828e-01
1
3.168546e-01
2.873255e-01
2.204573e-01
2.250144e-01
1.668910e-01
1.345992e-01
4.219546e-01
1.723833e-01
0
4.100720e-01
0
0
6.232271e-02
1.450731e-01
0
5.185812e-03
0
0
5.937329e-01
2.779454e-01
5.655065e-01
2.315301e-01
0
0
0
1.068586e-01
4.683190e-02
1.480128e-02
5.160167e-01
3.097327e-01
5.438359e-01
1.063564e-01
0
0
0
5.400189e-02
0
0
0
6.898047e-02
4.695707e-02
3.599752e-01
1.211068e-01
0
4.780804e-01
2.095925e-01
9.858599e-02
0
1.245018e-01
0
2.958399e-01
0
0
0
1.326401e-01
0
0
0
0
0
2.017317e-01
3.438563e-02
4.097149e-01
6.392000e-01
1.605024e-01
2.639311e-01
3.920149e-01
2.834627e-01
1.912898e-01
0
2.578689e-01
0
1.159414e-01
0
0
0
0
0
0
0
3.437760e-01
2.320313e-01
0
0
5.503894e-01
1.305438e-01
0
0
0
0
0
0
0
0
8.554661e-03
0
0
0
0
0
4.234974e-01
1.763797e-01
1.568183e-01
0
0
0
0
0
1.407846e-01
4.657384e-02
1.272274e-01
0
4.662731e-01
4.794822e-01
5.400659e-01
3.168546e-01
1
8.707765e-01
8.022073e-01
7.031536e-01
1.400890e-01
0
2.405869e-01
0
0
6.710593e-02
0
0
9.842164e-02
6.931881e-02
0
0
0
0
2.143172e-01
1.878756e-01
0
8.450220e-02
0
0
0
1.501810e-01
5.165763e-01
1.433303e-01
1.494260e-01
1.009677e-01
4.430253e-01
1.942944e-01
0
2.064429e-01
1.385177e-01
0
0
0
0
1.747349e-01
1.992851e-01
9.360361e-02
2.768577e-03
0
5.692906e-01
3.673974e-01
0
0
0
0
5.477816e-02
0
0
0
1.027046e-02
0
0
0
0
0
1.904662e-01
2.023830e-01
4.539324e-01
5.703555e-01
0
2.082111e-01
2.412471e-01
9.848248e-02
1.983248e-02
0
7.819844e-02
0
1.933610e-01
1.523234e-02
0
0
0
0
0
0
1.988506e-01
3.588752e-01
0
0
4.141448e-01
1.557313e-01
0
0
0
0
0
0
0
0
2.199686e-01
1.187216e-01
1.130344e-01
5.438873e-02
0
0
5.539461e-01
4.108680e-01
3.444579e-01
0
4.592994e-02
0
1.522476e-01
1.120865e-01
2.580967e-02
0
3.766220e-02
0
5.468044e-01
5.346202e-01
3.097862e-01
2.873255e-01
8.707765e-01
1
7.445572e-01
8.113308e-01
6.963260e-02
2.255202e-01
2.919762e-01
0
6.370006e-02
0
0
0
0
0
0
0
0
7.039802e-02
2.145503e-01
4.616624e-02
0
0
0
0
0
2.758569e-01
5.596775e-01
2.167471e-01
2.749973e-01
5.605868e-02
5.452096e-01
5.136067e-02
3.711518e-02
2.541054e-01
1.543881e-01
0
0
0
0
2.380094e-01
2.552694e-01
2.063035e-01
1.289020e-01
4.223960e-02
2.679440e-01
9.807079e-02
0
0
0
0
2.428750e-01
0
0
0
0
0
0
0
0
0
1.086182e-01
1.794933e-01
1.988828e-01
3.518226e-01
3.139236e-01
3.224716e-01
2.162014e-01
6.550443e-02
1.052788e-01
0
2.358116e-01
0
8.872490e-02
0
0
0
0
0
0
0
2.910794e-01
2.702174e-01
1.400769e-01
0
5.974422e-01
0
0
1.011652e-02
0
0
1.417093e-01
0
0
1.280053e-01
1.781411e-01
9.812278e-02
6.621114e-02
8.827450e-02
1.681821e-01
2.891250e-02
3.213446e-01
3.361182e-01
3.349069e-01
0
0
0
4.315191e-02
0
4.832220e-03
0
1.461901e-01
0
4.506130e-01
3.491078e-01
4.461588e-01
2.204573e-01
8.022073e-01
7.445572e-01
1
6.468046e-01
3.262960e-01
2.658786e-01
1.899846e-01
0
5.395132e-02
0
0
0
0
0
5.847020e-02
0
0
1.048419e-01
4.093146e-01
2.595652e-01
0
0
4.027750e-02
0
1.109948e-01
0
6.406523e-01
1.404602e-01
1.771449e-01
0
3.290870e-01
1.456265e-01
6.671891e-03
7.685454e-02
6.440191e-02
0
0
0
0
2.211073e-01
1.185779e-01
2.743102e-01
0
0
3.402984e-01
8.565808e-02
7.086752e-02
0
7.205600e-02
0
1.549072e-01
0
0
0
0
0
0
0
0
0
0
0
2.369591e-01
3.713881e-01
2.967556e-02
9.037091e-02
3.694496e-01
3.364379e-01
1.148413e-01
0
2.251955e-01
0
0
0
0
0
0
0
0
0
2.002450e-01
1.516810e-01
0
0
3.161105e-01
6.508582e-02
0
1.605697e-02
0
0
1.075583e-01
0
0
4.318619e-02
2.891833e-01
1.662698e-01
1.337926e-01
3.227115e-02
3.862865e-02
0
3.398537e-01
1.339478e-01
3.075905e-01
0
0
0
5.793329e-02
0
1.761006e-01
2.352958e-02
1.799062e-01
0
3.599007e-01
4.359818e-01
2.690404e-01
2.250144e-01
7.031536e-01
8.113308e-01
6.468046e-01
1
1.846305e-01
4.185217e-02
1.658656e-01
0
0
0
0
0
0
2.649641e-02
0
0
0
1.247979e-01
2.340626e-01
3.360442e-02
1.463994e-01
0
1.346492e-01
0
0
1.342579e-01
4.350141e-01
1.396469e-01
2.427225e-01
1.636021e-03
5.030937e-01
1.457692e-03
9.828144e-02
1.411851e-01
2.467387e-01
0
1.435625e-02
0
0
0
2.738604e-01
2.726161e-01
1.545578e-01
0
2.288053e-01
0
0
0
0
0
1.488252e-01
0
0
0
8.439541e-02
0
2.332739e-01
9.423125e-02
0
1.860815e-01
0
0
0
2.279302e-01
2.248856e-02
0
0
0
0
0
0
0
8.786879e-02
0
7.069213e-02
2.467425e-01
9.684577e-02
0
0
0
1.951327e-01
5.523895e-02
5.393797e-01
1.792516e-01
3.478292e-01
0
5.561662e-02
1.727619e-01
1.377240e-01
1.107075e-01
0
1.733409e-02
0
0
0
0
0
0
2.023804e-01
1.227482e-02
0
0
5.616857e-02
0
2.463654e-01
0
1.553267e-01
2.188335e-01
0
0
2.437855e-01
1.539134e-01
3.180631e-01
0
9.263680e-02
1.668910e-01
1.400890e-01
6.963260e-02
3.262960e-01
1.846305e-01
1
5.309492e-01
0
0
0
0
3.905842e-01
2.824284e-01
0
0
3.514255e-01
4.401713e-01
0
0
2.606186e-01
1.262456e-01
0
0
1.839279e-02
0
3.479810e-01
0
4.315876e-01
1.993502e-02
1.467437e-01
0
3.560169e-01
2.482708e-01
0
4.229873e-03
2.242148e-02
0
0
3.705646e-02
0
5.200399e-02
0
0
0
2.582970e-02
3.891391e-01
3.667388e-01
0
0
0
0
0
1.979264e-01
0
0
0
3.321583e-01
0
9.152316e-02
0
6.145087e-02
5.473752e-02
1.884134e-01
7.273213e-02
1.445885e-01
0
0
0
0
0
0
0
0
3.674900e-01
3.628488e-01
0
0
3.099999e-02
0
0
0
0
3.593936e-01
4.237738e-01
1.288008e-01
1.135398e-01
0
0
7.495414e-02
0
2.357763e-02
0
0
6.483319e-02
1.235047e-01
1.441267e-01
9.726610e-02
1.736824e-01
1.675915e-02
1.520476e-01
2.247378e-01
2.234488e-01
5.306870e-01
4.392553e-01
4.274128e-01
4.092760e-01
0
4.607722e-01
5.230509e-01
0
0
0
6.820349e-02
4.376638e-01
3.484830e-02
0
1.345992e-01
0
2.255202e-01
2.658786e-01
4.185217e-02
5.309492e-01
1
0
0
2.145301e-01
0
4.451328e-01
5.018568e-01
0
0
4.088144e-01
4.963241e-01
1.154823e-01
1.981816e-01
1.531122e-01
0
0
0
0
0
7.015999e-02
0
3.953257e-01
0
2.935483e-01
0
2.915519e-01
0
0
0
5.917390e-03
0
0
3.459392e-01
5.938369e-02
2.088283e-01
0
0
3.974928e-02
2.814455e-01
1.452114e-01
1.128360e-01
2.491739e-01
0
1.622273e-01
2.894931e-01
3.809610e-02
0
8.325816e-03
2.309173e-01
0
0
2.375191e-02
0
1.724533e-01
0
5.919826e-01
7.118147e-01
3.577847e-01
3.156389e-01
0
3.137943e-01
2.279746e-01
1.187423e-01
2.051009e-01
0
2.777592e-01
2.391238e-01
2.358523e-01
7.405307e-02
0
0
0
0
0
0
1.455605e-01
0
0
0
2.473065e-02
2.231378e-01
0
0
0
0
0
0
0
0
0
0
4.221637e-02
5.305237e-02
0
0
4.776582e-01
1.966546e-01
0
0
0
0
0
0
2.180810e-01
3.086645e-01
0
0
3.088864e-01
6.404598e-01
5.085027e-01
4.219546e-01
2.405869e-01
2.919762e-01
1.899846e-01
1.658656e-01
0
0
1.000000e+00
6.108921e-01
4.096393e-01
2.533970e-01
0
0
1.705148e-01
0
0
0
0
1.555370e-01
3.596218e-01
2.959565e-01
3.622557e-01
2.891967e-01
7.083768e-02
0
0
3.034926e-01
0
1.894125e-01
4.955811e-01
4.457537e-01
1.297469e-01
1.341753e-01
2.757312e-01
3.278293e-01
1.813519e-01
1.984677e-01
0
9.669285e-02
3.213669e-01
3.608270e-01
2.109430e-01
5.829736e-01
5.655142e-01
0
0
0
4.403849e-01
0
3.912757e-01
5.735592e-01
3.829044e-02
0
2.827195e-01
3.844388e-01
1.958901e-01
0
7.134231e-02
0
3.735838e-01
0
3.955913e-01
4.758926e-01
1.306295e-01
0
0
3.073183e-01
3.354908e-01
3.402925e-01
4.816288e-01
3.625763e-01
3.355531e-01
4.981315e-01
0
0
4.050333e-01
2.433555e-02
0
0
3.740848e-01
8.477870e-02
0
0
0
0
0
9.151446e-02
0
0
0
0
0
0
0
0
0
1.278088e-01
8.583901e-02
2.057182e-01
0
0
9.373741e-02
0
0
0
0
0
0
0
3.361502e-01
4.006935e-01
0
0
0
3.404510e-01
1.864805e-01
1.723833e-01
0
0
0
0
0
0
6.108921e-01
1.000000e+00
1.987737e-01
2.738841e-01
0
0
3.333142e-01
9.856236e-02
0
0
1.910371e-02
1.355565e-01
2.007084e-01
1.586888e-01
4.965168e-01
3.403732e-01
1.361194e-01
0
0
8.511077e-02
0
8.287169e-02
3.525287e-01
3.977077e-01
0
0
1.762642e-01
0
0
1.606731e-01
0
0
2.386580e-01
8.751506e-02
3.036420e-02
2.679377e-01
2.368231e-01
0
3.101066e-01
2.176820e-01
0
0
0
0
0
4.784302e-02
0
0
0
2.846282e-01
0
2.396812e-02
0
0
7.888699e-01
4.760484e-01
1.661287e-01
1.624680e-01
0
0
0
0
0
0
0
3.959658e-04
7.423218e-01
5.868900e-01
0
0
5.068344e-02
0
0
0
0
0
2.157567e-01
1.985014e-02
1.107829e-01
0
6.820300e-02
5.377815e-02
0
0
1.725551e-01
0
5.399451e-02
0
0
0
7.692321e-02
5.913446e-02
1.359263e-01
1.592006e-01
6.175873e-01
5.329171e-01
2.718951e-01
4.112754e-02
3.821351e-01
0
5.062003e-01
2.352962e-01
0
0
0
0
6.591648e-01
1.671594e-01
0
0
0
6.370006e-02
5.395132e-02
0
0
2.145301e-01
4.096393e-01
1.987737e-01
1.000000e+00
0
4.640164e-01
4.212275e-01
0
0
3.415811e-01
2.005858e-01
0
0
0
0
0
0
0
4.356470e-01
0
3.045324e-01
3.029790e-01
2.336823e-01
6.896386e-02
0
0
0
0
1.031431e-01
3.935968e-01
1.203234e-01
0
2.084729e-01
4.350795e-01
8.028055e-01
0
4.896635e-02
2.873497e-01
1.877138e-01
0
1.274236e-01
2.440230e-01
2.480279e-01
2.607982e-01
4.308468e-01
9.543252e-02
1.056458e-01
0
2.857105e-01
3.885142e-02
8.836525e-02
0
2.985190e-01
2.166811e-01
4.286151e-01
1.638694e-01
2.098560e-01
1.874096e-01
0
2.086076e-01
3.804189e-01
3.181056e-01
3.296810e-01
3.731587e-01
8.303577e-02
2.943978e-01
9.857774e-02
0
0
0
0
0
0
8.375269e-02
1.773324e-02
0
0
0
7.400267e-02
2.222629e-02
2.228824e-01
0
0
0
0
0
0
0
0
4.529380e-02
1.578415e-01
1.039980e-01
0
0
0
6.137931e-02
0
0
0
0
4.115196e-02
0
0
1.696444e-01
5.766411e-01
0
0
0
2.894590e-01
3.028871e-01
4.100720e-01
6.710593e-02
0
0
0
0
0
2.533970e-01
2.738841e-01
0
1
0
8.908128e-03
3.243674e-01
6.929362e-01
0
0
1.530369e-01
1.962134e-01
2.141530e-01
4.123127e-02
4.754645e-01
2.781336e-01
0
0
0
2.657695e-01
0
0
1.772287e-01
7.711316e-02
0
0
7.997824e-02
0
0
2.073557e-01
0
4.802791e-02
3.130720e-01
0
2.488952e-02
2.066059e-01
2.018514e-01
0
5.398659e-01
3.502383e-01
0
0
0
0
0
9.675963e-03
0
0
0
2.467564e-01
2.351602e-01
6.806182e-02
3.107438e-01
2.097780e-01
2.002092e-01
2.516043e-02
2.279352e-01
3.713273e-01
0
0
0
0
0
0
0
0
7.546329e-01
7.367624e-01
5.846671e-02
3.514769e-01
5.941641e-02
0
0
0
4.933607e-02
2.895078e-01
7.619865e-01
5.199071e-01
3.345102e-01
0
0
0
0
0
0
0
0
0
0
0
0
0
1.484190e-01
0
1.082699e-01
3.632809e-01
1.812170e-01
7.819939e-02
3.040398e-01
0
5.797699e-01
5.650920e-01
0
0
0
0
3.866100e-01
0
0
0
0
0
0
0
3.905842e-01
4.451328e-01
0
0
4.640164e-01
0
1.000000e+00
7.434863e-01
0
0
6.120329e-01
4.778787e-01
1.464520e-01
0
0
0
0
0
2.173991e-02
2.708191e-01
1.108408e-01
0
2.065614e-01
0
8.481031e-02
0
0
3.155982e-01
0
1.971784e-01
0
0
7.952737e-02
4.282628e-01
2.025613e-01
3.514554e-01
0
0
1.379678e-01
3.739609e-01
4.306570e-01
2.700524e-01
0
0
0
0
0
3.108269e-01
0
0
0
6.510282e-01
1.550030e-01
3.799841e-01
8.637386e-02
4.116250e-01
2.295865e-01
1.131475e-01
1.905600e-01
1.749617e-01
6.908467e-02
0
0
0
0
0
0
0
6.107743e-01
7.997038e-01
0
1.373159e-01
0
1.201645e-02
0
0
0
1.417499e-03
5.295640e-01
3.924470e-01
0
0
0
4.251116e-03
0
0
0
0
0
0
0
0
5.780142e-02
0
1.924364e-01
6.085518e-02
3.816817e-02
3.300737e-01
2.576155e-01
3.107868e-01
3.703904e-01
0
5.979672e-01
5.819546e-01
0
0
0
0
2.548049e-01
0
0
0
0
0
0
0
2.824284e-01
5.018568e-01
0
0
4.212275e-01
8.908128e-03
7.434863e-01
1
0
0
5.596602e-01
7.395545e-01
1.692748e-01
2.866963e-02
0
0
0
0
0
3.104743e-01
0
0
8.113022e-02
0
0
0
0
8.914090e-02
0
7.806153e-02
4.256003e-02
2.355775e-01
1.956523e-02
5.178627e-01
3.581422e-01
2.402285e-01
0
0
1.592939e-01
4.078657e-01
0
8.781576e-02
8.408360e-01
2.764790e-01
4.143368e-01
2.638227e-01
5.601449e-01
0
2.372880e-01
2.227740e-01
7.041521e-01
0
2.879522e-01
0
4.641678e-01
1.255448e-01
0
0
1.306500e-01
0
0
2.567816e-01
7.055257e-01
5.724771e-01
5.105929e-01
1.279666e-01
7.093931e-02
2.577284e-02
0
0
6.728513e-01
2.927985e-01
0
0
5.251977e-01
3.228805e-01
3.138909e-01
0
1.195856e-02
0
1.223933e-01
1.412191e-01
0
0
0
0
0
0
0
0
2.101086e-02
2.015245e-01
2.225089e-01
2.637693e-01
0
0
0
0
0
0
0
1.351689e-01
0
0
7.501004e-01
6.443740e-01
2.195241e-01
0
0
0
3.952774e-01
6.232271e-02
9.842164e-02
0
0
0
0
0
1.705148e-01
3.333142e-01
0
3.243674e-01
0
0
1
5.933486e-01
0
0
3.361424e-01
2.657085e-01
2.417704e-01
4.324516e-01
3.744796e-01
4.864031e-01
0
0
3.345892e-02
0
0
0
1.880483e-01
4.196651e-01
0
1.089256e-02
0
3.525784e-01
0
1.103150e-01
0
0
6.165407e-02
0
1.276032e-01
0
0
0
0
6.984499e-02
4.560030e-01
4.902942e-01
3.367170e-01
5.227111e-01
2.806461e-01
2.528747e-02
5.946391e-02
3.404257e-01
2.392729e-01
5.609974e-02
0
2.131450e-01
1.274568e-01
3.623331e-01
0
0
1.538830e-01
0
2.620978e-01
2.786723e-01
5.061548e-01
5.514799e-01
4.749146e-01
2.573652e-01
3.180013e-01
1.903175e-01
0
0
2.290699e-01
8.871001e-02
0
0
1.889021e-01
1.968513e-01
0
0
0
1.612295e-02
0
0
0
0
0
0
0
0
0
0
2.109449e-01
3.685928e-01
2.513223e-01
8.950635e-02
0
0
0
0
0
0
0
3.661344e-01
0
0
3.933952e-01
7.313713e-01
0
0
0
0
1.796679e-01
1.450731e-01
6.931881e-02
0
0
2.649641e-02
0
0
0
9.856236e-02
0
6.929362e-01
0
0
5.933486e-01
1
0
0
2.499147e-01
3.439304e-01
1.092066e-01
6.909746e-04
3.810835e-01
1.230756e-01
0
0
0
1.508415e-01
0
0
0
0
0
0
8.105944e-02
0
0
0
0
0
3.465200e-02
0
0
1.231805e-01
0
0
3.712659e-01
0
0
0
0
0
0
1.492659e-01
0
0
0
4.391078e-01
0
1.376267e-01
0
0
4.266170e-02
0
0
1.834043e-01
0
0
0
0
0
0
0
0
4.061648e-01
5.595393e-01
0
1.087196e-01
0
3.227104e-02
0
0
1.030305e-03
1.542319e-01
2.960090e-01
1.966448e-01
0
0
1.592891e-01
2.680903e-01
1.183371e-01
2.403653e-01
1.213045e-01
1.252080e-02
1.650189e-01
1.187769e-01
2.463909e-02
0
1.219969e-01
0
4.340293e-01
2.824558e-01
1.535351e-01
4.407234e-01
4.524809e-01
4.402353e-01
4.919756e-01
0
7.973604e-01
5.987618e-01
0
0
0
3.656071e-02
3.659523e-01
0
0
0
0
0
5.847020e-02
0
3.514255e-01
4.088144e-01
0
0
3.415811e-01
0
6.120329e-01
5.596602e-01
0
0
1
5.182773e-01
1.909999e-01
1.188045e-01
0
0
0
0
2.331224e-01
5.483706e-01
3.464349e-02
0
2.429982e-01
0
0
0
0
1.619897e-01
1.234144e-01
2.010176e-01
4.414354e-01
0
2.592041e-01
5.520975e-01
1.836273e-01
1.548180e-01
0
0
3.638840e-01
5.028440e-01
1.552154e-01
0
0
0
0
0
0
3.113408e-01
0
0
0
4.673339e-01
0
3.478523e-01
0
2.139593e-01
0
0
0
0
5.969877e-02
0
0
0
0
0
0
0
3.082857e-01
4.155733e-01
0
0
0
0
0
0
0
0
3.640190e-01
3.368919e-01
0
0
1.603290e-01
3.033837e-01
1.188161e-01
2.049952e-01
0
1.327620e-01
0
0
0
0
2.264713e-03
0
3.426687e-01
2.999433e-01
0
2.217576e-01
3.439621e-01
3.656083e-01
4.661090e-01
0
5.692802e-01
5.632700e-01
0
0
0
2.214905e-01
7.801074e-02
0
0
5.185812e-03
0
0
0
0
4.401713e-01
4.963241e-01
0
0
2.005858e-01
0
4.778787e-01
7.395545e-01
0
0
5.182773e-01
1
1.715647e-01
6.550554e-02
0
0
0
0
0
2.612702e-01
1.120557e-01
0
1.838547e-01
0
0
0
0
2.470208e-02
5.533025e-03
2.230585e-01
1.882878e-01
2.224851e-01
2.205261e-01
5.200878e-01
2.459934e-01
0
0
0
2.639786e-01
4.802705e-01
2.100860e-01
9.876687e-02
0
2.905164e-01
0
0
0
0
0
0
4.447291e-02
1.933159e-01
0
3.142199e-02
0
0
0
0
0
0
0
0
0
0
0
0
0
0
0
2.563487e-02
6.373597e-02
0
0
0
0
0
1.368566e-01
1.712569e-01
8.787365e-02
3.754342e-01
0
0
0
0
0
0
0
0
0
0
6.455747e-01
5.924837e-01
7.449504e-01
5.441733e-01
4.386086e-01
4.139855e-01
9.371873e-02
2.277566e-01
6.057192e-01
5.370340e-01
1.759501e-01
8.333343e-02
3.526460e-01
1.921662e-01
0
9.611961e-02
0
0
0
0
0
0
0
0
0
0
0
1.154823e-01
0
1.910371e-02
0
1.530369e-01
1.464520e-01
1.692748e-01
3.361424e-01
2.499147e-01
1.909999e-01
1.715647e-01
1
7.028770e-01
0
0
0
0
1.736337e-01
9.389256e-02
1.362769e-01
0
0
0
8.529190e-02
0
0
0
2.680418e-01
4.229735e-01
3.939569e-02
0
3.058147e-01
6.595610e-01
5.641445e-01
0
1.082935e-01
0
2.030362e-01
2.887027e-01
2.145230e-01
3.377896e-01
1.023242e-01
1.738999e-01
0
2.074549e-02
0
0
0
1.239171e-02
2.933867e-02
3.623233e-01
0
8.498226e-02
0
9.266749e-02
2.339054e-02
3.126018e-01
1.912234e-01
0
5.310407e-02
8.722159e-03
1.332385e-01
0
4.620795e-02
0
1.528909e-02
1.342834e-02
0
6.112580e-02
0
0
0
0
0
0
0
0
0
0
0
0
0
0
0
0
0
0
0
0
6.882820e-01
7.480784e-01
8.974814e-01
7.163504e-01
1.868831e-01
2.735210e-01
2.344637e-01
4.745460e-01
6.059063e-01
5.033589e-01
7.173609e-03
0
1.327456e-01
0
0
2.556887e-01
0
0
0
5.718369e-02
0
0
0
7.039802e-02
1.048419e-01
1.247979e-01
0
1.981816e-01
1.555370e-01
1.355565e-01
0
1.962134e-01
0
2.866963e-02
2.657085e-01
3.439304e-01
1.188045e-01
6.550554e-02
7.028770e-01
1
3.458321e-01
0
0
0
1.584731e-01
0
0
2.450738e-02
0
0
5.152796e-01
0
2.627183e-03
0
5.298375e-01
1.837478e-01
3.225886e-02
0
1.878800e-01
3.283717e-01
3.364806e-01
0
2.160511e-01
4.747955e-01
3.835915e-01
1.438310e-01
0
1.183109e-01
2.881242e-01
0
3.242026e-01
2.629303e-01
3.728303e-01
0
4.378333e-04
3.532370e-01
2.819403e-01
0
1.220879e-01
6.799845e-02
7.490794e-02
2.865704e-01
1.156100e-01
4.055707e-01
2.681593e-01
1.952548e-01
4.231398e-01
4.988924e-01
5.179797e-01
4.177528e-01
5.210568e-01
0
5.552081e-01
4.003438e-02
0
0
3.358790e-02
0
0
0
1.707960e-01
0
4.898088e-02
0
0
0
2.931305e-01
3.926577e-02
0
0
0
0
0
0
0
0
7.160991e-02
1.117764e-01
1.252993e-01
2.193794e-01
0
0
1.688410e-01
8.059156e-03
0
0
0
0
0
0
3.613075e-01
4.460979e-01
1.885828e-02
0
1.288487e-01
4.801203e-01
7.037961e-01
5.937329e-01
2.143172e-01
2.145503e-01
4.093146e-01
2.340626e-01
2.606186e-01
1.531122e-01
3.596218e-01
2.007084e-01
0
2.141530e-01
0
0
2.417704e-01
1.092066e-01
0
0
0
3.458321e-01
1
5.438945e-01
6.188042e-01
2.845894e-01
1.034143e-01
0
0
0
7.527724e-02
0
7.306545e-01
2.256495e-01
5.379647e-01
0
0
0
0
0
0
0
0
7.505760e-02
4.823672e-01
4.087582e-01
0
0
0
0
5.068908e-01
0
6.158221e-01
2.125096e-01
7.554733e-01
0
5.172618e-01
4.550166e-01
4.158434e-01
0
3.610640e-01
0
1.253115e-01
0
2.876641e-03
1.672315e-01
0
0
5.312511e-02
3.813239e-01
5.049604e-01
4.018239e-01
5.500731e-01
2.156668e-01
2.707405e-01
0
0
0
3.219426e-01
0
1.533837e-01
0
4.618927e-01
3.495647e-01
5.182772e-01
8.491145e-02
6.408664e-02
0
4.374174e-01
3.583078e-01
0
0
0
0
0
0
0
0
0
0
0
0
0
0
0
0
0
0
0
0
0
0
6.839522e-01
4.074868e-01
4.506367e-01
0
0
2.429252e-01
6.139462e-01
2.779454e-01
1.878756e-01
4.616624e-02
2.595652e-01
3.360442e-02
1.262456e-01
0
2.959565e-01
1.586888e-01
0
4.123127e-02
0
0
4.324516e-01
6.909746e-04
0
0
0
0
5.438945e-01
1
6.003495e-01
7.722116e-01
1.408673e-01
0
3.512864e-01
0
0
3.902844e-01
1.079631e-01
7.252776e-01
8.936540e-02
3.779828e-01
0
2.121164e-03
0
0
0
0
0
1.178311e-01
4.079146e-01
1.162402e-01
0
0
0
0
5.543369e-01
1.222934e-01
7.749143e-01
5.759505e-01
5.953439e-01
3.873656e-02
5.448195e-01
5.580759e-01
1.703019e-01
0
1.716850e-01
9.507252e-02
3.109743e-01
2.809465e-01
0
1.682795e-01
5.614664e-02
3.089493e-02
2.988953e-01
4.322116e-01
6.332300e-01
7.370733e-01
6.871562e-01
4.269738e-01
6.727603e-01
2.911104e-01
0
0
3.530190e-01
0
0
0
4.256482e-01
2.766131e-01
9.078532e-02
0
0
0
9.254878e-02
3.389733e-01
0
0
0
0
0
0
0
0
0
0
0
0
0
0
0
0
0
0
0
7.259573e-02
0
0
6.171572e-01
6.874043e-01
2.777508e-01
0
0
4.280069e-01
5.519678e-01
5.655065e-01
0
0
0
1.463994e-01
0
0
3.622557e-01
4.965168e-01
0
4.754645e-01
0
0
3.744796e-01
3.810835e-01
0
0
0
0
6.188042e-01
6.003495e-01
1
6.082925e-01
1.502161e-01
0
0
0
0
5.198998e-02
4.011168e-01
5.852334e-01
2.319883e-01
1.838704e-01
1.889947e-02
0
0
0
1.223798e-01
0
0
0
2.296458e-01
3.314066e-01
1.881491e-02
0
0
0
5.638022e-01
1.141454e-01
6.882079e-01
3.695330e-01
6.136498e-01
0
5.799844e-01
4.719367e-01
5.478272e-01
0
4.575721e-01
0
4.145011e-01
9.226900e-03
8.085875e-02
2.128622e-02
0
0
0
2.213167e-01
5.473600e-01
4.947835e-01
5.737982e-01
2.639620e-01
2.251096e-01
1.446253e-01
0
0
3.459078e-01
0
1.492496e-01
0
5.856161e-01
4.516159e-01
4.665468e-01
5.966910e-02
0
0
2.166404e-01
5.424551e-01
0
0
0
0
0
0
0
0
0
0
0
0
0
0
0
0
0
0
0
1.125159e-01
0
0
7.398152e-01
5.432129e-01
3.887293e-01
0
0
3.112590e-01
5.114800e-01
2.315301e-01
8.450220e-02
0
0
0
0
0
2.891967e-01
3.403732e-01
0
2.781336e-01
0
0
4.864031e-01
1.230756e-01
0
0
0
0
2.845894e-01
7.722116e-01
6.082925e-01
1
1.442502e-01
0
1.237030e-01
0
0
3.450000e-01
1.102212e-01
8.569535e-01
1.510339e-01
3.114152e-01
0
9.657733e-02
0
2.652828e-01
0
0
0
1.003686e-01
5.467124e-01
0
0
0
0
0
8.893593e-02
0
1.607573e-01
0
1.195267e-01
0
3.671294e-01
0
8.868143e-03
0
0
0
0
0
0
0
0
0
0
0
6.863699e-02
7.686970e-02
6.489376e-03
8.361223e-02
8.032923e-02
3.315678e-02
0
0
2.740041e-01
3.232573e-02
0
0
3.437979e-01
1.833551e-01
5.230144e-01
1.519085e-01
1.991317e-02
5.577043e-02
1.990979e-01
2.041285e-02
1.256733e-01
5.021715e-02
9.185666e-02
3.488254e-02
1.150653e-01
2.109949e-01
0
0
4.690493e-02
6.509811e-02
8.986260e-02
2.989647e-01
2.467638e-01
3.015541e-01
0
0
1.769312e-01
4.139975e-02
0
0
2.102028e-03
0
1.225442e-01
0
1.883983e-01
5.335730e-02
0
0
7.297553e-02
0
0
0
4.027750e-02
1.346492e-01
1.839279e-02
0
7.083768e-02
1.361194e-01
0
0
2.173991e-02
0
0
0
2.331224e-01
0
1.736337e-01
1.584731e-01
1.034143e-01
1.408673e-01
1.502161e-01
1.442502e-01
1
2.462480e-01
5.104578e-01
0
1.584573e-02
0
2.058925e-01
1.778231e-01
1.168684e-01
2.404750e-01
3.920989e-01
2.605853e-01
2.367024e-01
7.026415e-02
3.268534e-01
9.609746e-02
4.168645e-02
7.553632e-02
4.246868e-01
1.299205e-01
2.615317e-01
0
1.174446e-01
0
0
1.461718e-01
0
0
0
3.059138e-01
0
0
0
4.418844e-01
0
2.525273e-01
0
0
2.054885e-01
0
0
0
0
0
0
0
0
0
0
1.437821e-01
3.015722e-01
4.352969e-01
0
0
0
1.978998e-01
0
0
0
0
0
2.876685e-01
0
0
2.577802e-01
2.408618e-01
1.330386e-01
2.396048e-01
2.533651e-01
1.743172e-01
2.182669e-01
6.056249e-02
0
0
4.186747e-02
0
2.397987e-01
3.071675e-01
2.018155e-01
2.526372e-01
2.720206e-01
4.210796e-01
4.017294e-01
2.289808e-01
5.477314e-01
3.484807e-01
0
0
0
0
9.536464e-02
0
0
0
0
0
0
0
0
0
0
0
4.356470e-01
0
2.708191e-01
3.104743e-01
0
0
5.483706e-01
2.612702e-01
9.389256e-02
0
0
0
0
0
2.462480e-01
1
0
3.465860e-01
7.052194e-02
0
0
0
0
0
2.814790e-01
2.085117e-01
5.987319e-01
2.562905e-01
3.215034e-01
3.829682e-01
4.668454e-01
1.580370e-01
0
0
4.614124e-01
5.514255e-01
0
0
4.009737e-02
0
5.711067e-02
0
2.813910e-01
0
2.989079e-01
0
0
0
0
0
0
0
0
0
0
0
0
0
0
0
0
1.706127e-01
0
0
0
0
3.893450e-01
2.264759e-01
4.887033e-01
1.488724e-01
3.830828e-01
4.670697e-01
5.285280e-01
3.408408e-01
5.052996e-01
3.107885e-01
3.988757e-01
2.177570e-01
4.517465e-01
4.466215e-01
5.416089e-01
4.000650e-01
3.050582e-01
5.255235e-01
2.875530e-01
1.123575e-01
0
0
0
6.937587e-02
4.851885e-01
4.328589e-01
0
0
1.279442e-02
0
1.224394e-01
0
0
1.086829e-01
1.595377e-01
0
5.654568e-01
4.777902e-01
0
0
0
0
0
0
1.109948e-01
0
3.479810e-01
7.015999e-02
0
0
0
0
1.108408e-01
0
3.345892e-02
0
3.464349e-02
1.120557e-01
1.362769e-01
0
0
3.512864e-01
0
1.237030e-01
5.104578e-01
0
1.000000e+00
0
1.446967e-01
3.040477e-01
0
1.171533e-01
0
3.914493e-01
0
1.318228e-01
0
0
1.166222e-01
5.276765e-02
0
0
3.883414e-03
0
0
0
1.418330e-01
2.095278e-01
0
0
0
3.658517e-01
0
2.623511e-01
0
1.741107e-01
0
2.279222e-01
0
1.362409e-01
0
0
3.801385e-01
2.787495e-01
1.876985e-01
4.143530e-02
0
9.729665e-03
0
0
0
0
3.584654e-02
1.624052e-01
5.810326e-02
1.162661e-02
0
0
0
3.292024e-02
0
0
0
0
0
0
0
2.407965e-01
2.096458e-02
6.258867e-03
0
0
2.034049e-01
1.618726e-02
7.942139e-02
1.442932e-01
1.068707e-01
1.469938e-01
1.062903e-01
6.520991e-02
0
7.786682e-03
5.309232e-01
3.428224e-01
1.318453e-01
1.527215e-01
1.901913e-01
2.745525e-01
9.990362e-02
0
0
2.028780e-01
0
0
1.565133e-01
3.512028e-01
0
1.068586e-01
1.501810e-01
2.758569e-01
0
1.342579e-01
0
0
3.034926e-01
8.511077e-02
3.045324e-01
2.657695e-01
0
0
0
1.508415e-01
0
0
0
2.450738e-02
0
0
0
0
0
3.465860e-01
0
1.000000e+00
7.416670e-02
2.623627e-01
0
0
0
0
3.670922e-01
1.186808e-01
4.512500e-01
1.578612e-01
0
8.668116e-02
3.644279e-01
1.270505e-01
2.007181e-02
3.330314e-01
4.233940e-01
2.566250e-01
4.095691e-01
1.787064e-01
0
0
0
0
0
0
0
0
0
2.881958e-02
0
0
0
0
1.000568e-01
4.024911e-03
8.459654e-02
1.973398e-01
0
0
0
0
0
0
0
0
4.074644e-01
1.950819e-01
0
0
1.494706e-01
0
0
0
1.175830e-01
2.449622e-01
2.367276e-01
1.145399e-01
4.973967e-01
7.288631e-02
2.154399e-01
3.238262e-01
4.277150e-02
1.396630e-01
4.478195e-01
2.554032e-01
3.040920e-01
2.188935e-01
4.560005e-02
0
0
0
3.485361e-01
2.627168e-01
3.802153e-01
4.677422e-01
4.538786e-01
2.057548e-01
4.942653e-01
0
3.246450e-01
3.034419e-01
0
0
0
0
5.445843e-01
3.666940e-02
4.948099e-02
4.683190e-02
5.165763e-01
5.596775e-01
6.406523e-01
4.350141e-01
4.315876e-01
3.953257e-01
0
0
3.029790e-01
0
2.065614e-01
8.113022e-02
0
0
2.429982e-01
1.838547e-01
0
0
7.527724e-02
0
0
0
1.584573e-02
7.052194e-02
1.446967e-01
7.416670e-02
1
2.418199e-01
0
0
3.294148e-01
0
0
1.301206e-02
2.028101e-01
0
0
0
0
5.245512e-01
2.465137e-01
2.245374e-02
0
8.338495e-02
0
0
0
0
1.953197e-01
4.050676e-02
1.098996e-01
0
1.982998e-01
8.801755e-02
0
0
1.098569e-01
0
0
0
2.040148e-01
4.676200e-02
0
0
0
1.093309e-02
3.404508e-02
0
1.352792e-01
3.437926e-01
0
0
1.132236e-01
0
1.511541e-02
0
5.886777e-01
2.867306e-01
1.314235e-01
1.550232e-01
2.386548e-01
2.045437e-01
0
0
1.277221e-01
4.092750e-01
4.700375e-01
4.373762e-01
4.497230e-01
4.143195e-01
5.469327e-01
4.230656e-01
4.494451e-01
4.081681e-01
0
0
0
0
8.322139e-03
2.691666e-02
1.546853e-01
0
0
0
1.304477e-01
2.281333e-02
0
1.647360e-02
2.411255e-01
0
2.751441e-01
7.380390e-02
2.717593e-01
2.748392e-01
0
1.480128e-02
1.433303e-01
2.167471e-01
1.404602e-01
1.396469e-01
1.993502e-02
0
1.894125e-01
8.287169e-02
2.336823e-01
0
0
0
0
0
0
0
0
0
0
3.902844e-01
5.198998e-02
3.450000e-01
0
0
3.040477e-01
2.623627e-01
2.418199e-01
1
0
3.474817e-01
0
1.870200e-01
0
0
0
0
0
0
0
3.513272e-01
1.728425e-03
0
0
0
3.660732e-01
4.325074e-01
2.727491e-01
0
1.165201e-01
9.121135e-02
6.218424e-02
1.588441e-02
0
9.599477e-02
1.909361e-01
1.101922e-01
1.460642e-01
1.664305e-01
4.381037e-01
3.931574e-01
2.310160e-01
4.572988e-01
5.074016e-01
4.389989e-01
2.146933e-01
2.861281e-01
3.938714e-01
2.784148e-01
2.631662e-01
0
3.969301e-01
1.757131e-01
2.893865e-02
2.269654e-02
5.182617e-02
0
0
0
0
0
0
0
0
0
1.729308e-01
2.535454e-02
0
0
0
0
0
0
0
0
4.834131e-02
1.429423e-01
3.205920e-01
2.615840e-01
0
0
4.045922e-01
2.671695e-01
1.376553e-01
0
0
0
0
0
1.075192e-01
2.962956e-01
0
0
2.471538e-01
4.531173e-01
4.449966e-01
5.160167e-01
1.494260e-01
2.749973e-01
1.771449e-01
2.427225e-01
1.467437e-01
2.935483e-01
4.955811e-01
3.525287e-01
6.896386e-02
1.772287e-01
8.481031e-02
0
1.880483e-01
0
0
0
8.529190e-02
5.152796e-01
7.306545e-01
1.079631e-01
4.011168e-01
1.102212e-01
2.058925e-01
0
0
0
0
0
1
1.516284e-01
6.850465e-01
0
1.668334e-01
1.126941e-01
3.472043e-02
0
6.678888e-04
4.573513e-02
1.487013e-01
1.469216e-01
4.549641e-01
4.540141e-01
4.445128e-01
0
0
0
5.868335e-01
0
6.730147e-01
1.920310e-01
6.289413e-01
0
5.340542e-01
2.589396e-01
3.973113e-01
0
4.192443e-01
0
4.438096e-01
0
0
1.607184e-01
4.775914e-02
6.240045e-02
0
2.688099e-01
4.145650e-01
4.149637e-01
4.014029e-01
2.309915e-01
2.020570e-01
2.528013e-01
0
0
3.289200e-01
1.097508e-01
2.249887e-01
4.628452e-02
4.853399e-01
2.984828e-01
4.826975e-01
1.992208e-01
0
0
1.281598e-01
5.567002e-01
0
0
5.236749e-02
0
0
0
0
0
0
0
0
0
0
0
0
0
0
0
0
0
0
0
6.822608e-01
4.448485e-01
5.237572e-01
5.634334e-02
0
2.897727e-01
4.940703e-01
3.097327e-01
1.009677e-01
5.605868e-02
0
1.636021e-03
0
0
4.457537e-01
3.977077e-01
0
7.711316e-02
0
0
4.196651e-01
0
0
0
0
0
2.256495e-01
7.252776e-01
5.852334e-01
8.569535e-01
1.778231e-01
0
1.171533e-01
0
0
3.474817e-01
1.516284e-01
1.000000e+00
2.240022e-01
5.429017e-01
0
1.813540e-01
0
2.942693e-01
0
0
0
8.444477e-02
3.723115e-01
1.284069e-01
0
0
3.650152e-01
2.279887e-01
1.213453e-01
0
1.693678e-01
0
1.866255e-01
2.320202e-02
0
0
2.552988e-01
0
2.138689e-01
8.929692e-02
2.984150e-01
2.907700e-01
0
4.029154e-02
4.072092e-01
5.714080e-01
2.409987e-01
1.902459e-01
3.355822e-01
3.123584e-01
1.498815e-01
0
3.223610e-01
2.486474e-02
2.840441e-02
0
0
0
0
0
0
0
1.027736e-01
1.494341e-01
0
0
2.881833e-01
1.796763e-01
0
0
0
0
0
0
0
0
0
0
0
0
0
0
2.533301e-01
2.881271e-02
2.418395e-02
0
0
0
0
0
1.483866e-01
8.251832e-02
1.324489e-01
0
3.566591e-01
4.100727e-01
4.500811e-01
5.438359e-01
4.430253e-01
5.452096e-01
3.290870e-01
5.030937e-01
3.560169e-01
2.915519e-01
1.297469e-01
0
0
0
0
0
0
0
0
0
0
2.627183e-03
5.379647e-01
8.936540e-02
2.319883e-01
1.510339e-01
1.168684e-01
0
0
0
3.294148e-01
0
6.850465e-01
2.240022e-01
1.000000e+00
1.351817e-01
0
5.944719e-02
8.000201e-02
0
0
0
0
1.650212e-01
4.621591e-01
8.561215e-02
1.217174e-01
0
0
0
0
0
2.728932e-01
0
3.515777e-01
0
2.926403e-01
0
0
0
1.204779e-01
0
8.322192e-02
3.425781e-03
0
0
0
2.592830e-01
7.579098e-02
0
0
8.439128e-02
0
1.458603e-01
1.090004e-02
0
1.892552e-01
2.724901e-02
1.806654e-01
3.518068e-01
2.749192e-01
4.554261e-03
3.386534e-02
0
5.786715e-01
5.200567e-01
3.195176e-01
2.393830e-02
3.341950e-01
1.445741e-01
1.806445e-01
2.701078e-01
3.389975e-01
3.202639e-01
7.033316e-02
1.532495e-01
7.078142e-02
2.836466e-02
0
0
0
0
0
0
0
0
0
0
0
0
0
2.060906e-01
5.873045e-02
0
6.610127e-01
3.958015e-01
1.526553e-01
1.402206e-01
2.419295e-01
1.063564e-01
1.942944e-01
5.136067e-02
1.456265e-01
1.457692e-03
2.482708e-01
0
1.341753e-01
0
0
0
3.155982e-01
8.914090e-02
1.089256e-02
0
1.619897e-01
2.470208e-02
0
0
0
3.779828e-01
1.838704e-01
3.114152e-01
2.404750e-01
0
3.914493e-01
0
0
1.870200e-01
0
5.429017e-01
1.351817e-01
1
0
1.572136e-01
0
2.096527e-01
1.535757e-02
1.171547e-01
0
9.152357e-02
0
0
0
0
0
0
1.573136e-02
1.076134e-01
0
2.815848e-02
0
0
0
0
0
6.111054e-02
0
0
0
0
0
3.008445e-01
0
0
6.900573e-02
0
0
0
0
0
0
2.176043e-01
0
3.877295e-03
0
0
0
0
5.308020e-02
0
0
0
0
0
0
1.277323e-01
7.845286e-03
0
0
0
4.215094e-02
6.448168e-02
0
0
3.390262e-01
4.392162e-01
4.147799e-01
4.695854e-01
4.492058e-02
2.602615e-01
5.853252e-02
2.889491e-01
3.588595e-01
3.397069e-01
7.968741e-02
0
1.264459e-01
0
0
2.514737e-02
0
2.943642e-02
0
6.230482e-03
0
0
0
3.711518e-02
6.671891e-03
9.828144e-02
0
0
2.757312e-01
1.762642e-01
0
7.997824e-02
0
0
0
8.105944e-02
1.234144e-01
5.533025e-03
2.680418e-01
5.298375e-01
0
0
1.889947e-02
0
3.920989e-01
2.814790e-01
0
3.670922e-01
0
0
1.668334e-01
0
0
0
1
3.476097e-01
2.267395e-01
2.148044e-01
1.739146e-01
2.472630e-01
2.621895e-01
0
8.059444e-02
6.702506e-01
6.221187e-01
2.766635e-01
2.370006e-01
0
1.400813e-01
4.443918e-03
0
0
0
0
0
0
9.673820e-02
0
0
0
7.777525e-02
0
0
0
0
6.226015e-02
0
0
0
0
0
0
0
0
2.472513e-01
8.299328e-02
5.160355e-03
0
0
0
5.289241e-02
0
4.681188e-01
8.684641e-02
0
0
7.531660e-02
2.607604e-01
0
0
0
0
0
0
0
0
0
0
1.889091e-01
1.648870e-01
0
0
8.032919e-02
1.615416e-01
3.291281e-01
1.544431e-01
3.660113e-01
0
3.767702e-01
1.404869e-01
1.566756e-01
0
1.632883e-01
9.592361e-02
6.418047e-02
8.062366e-02
7.253488e-02
0
2.064429e-01
2.541054e-01
7.685454e-02
1.411851e-01
4.229873e-03
0
3.278293e-01
0
1.031431e-01
0
1.971784e-01
7.806153e-02
3.525784e-01
0
2.010176e-01
2.230585e-01
4.229735e-01
1.837478e-01
0
2.121164e-03
0
9.657733e-02
2.605853e-01
2.085117e-01
1.318228e-01
1.186808e-01
1.301206e-02
0
1.126941e-01
1.813540e-01
5.944719e-02
1.572136e-01
3.476097e-01
1
3.004956e-01
4.584248e-01
0
6.080808e-01
5.249033e-01
3.373909e-02
1.528712e-01
1.640096e-02
4.522873e-01
5.836124e-01
1.873796e-01
0
0
0
0
6.273695e-02
0
3.245087e-01
0
0
0
2.713258e-01
0
3.427563e-01
0
0
3.150108e-01
0
0
2.383298e-01
0
0
0
0
0
0
5.760879e-02
0
7.438893e-03
0
0
0
0
0
0
0
7.460819e-02
0
0
0
0
0
1.211368e-01
2.114798e-01
0
1.577839e-01
2.753668e-01
1.432685e-01
3.242218e-02
1.426785e-01
2.607378e-02
7.000812e-03
5.539277e-02
0
1.269596e-01
2.978371e-01
5.199393e-01
1.615119e-01
3.820477e-01
2.930641e-01
2.043700e-01
2.019780e-01
4.482758e-01
2.185536e-01
0
0
0
0
5.234942e-01
3.921404e-01
0
0
1.385177e-01
1.543881e-01
6.440191e-02
2.467387e-01
2.242148e-02
5.917390e-03
1.813519e-01
0
3.935968e-01
0
0
4.256003e-02
0
0
4.414354e-01
1.882878e-01
3.939569e-02
3.225886e-02
0
0
0
0
2.367024e-01
5.987319e-01
0
4.512500e-01
2.028101e-01
0
3.472043e-02
0
8.000201e-02
0
2.267395e-01
3.004956e-01
1
1.571382e-01
1.060726e-01
4.129654e-01
4.736840e-01
1.311134e-01
4.847132e-02
0
5.758933e-01
3.482487e-01
0
0
0
5.106304e-02
0
3.834524e-02
0
0
3.714497e-02
0
1.264774e-01
0
3.437038e-02
0
1.122331e-01
0
9.421730e-02
0
0
0
0
0
0
0
0
0
0
0
1.993642e-01
1.117564e-01
0
0
8.947411e-02
1.371639e-01
4.220133e-01
3.780284e-01
1.257797e-01
0
0
0
0
3.152255e-01
1.488968e-01
7.076115e-02
1.701661e-01
1.592320e-01
0
1.145640e-01
0
0
0
0
0
0
0
0
0
0
0
0
1.615886e-01
0
2.812884e-02
0
1.174308e-01
1.402929e-02
2.997755e-01
3.458260e-01
0
0
1.790901e-01
5.400189e-02
0
0
0
0
0
0
1.984677e-01
1.606731e-01
1.203234e-01
2.073557e-01
0
2.355775e-01
1.103150e-01
0
0
2.224851e-01
0
0
0
0
0
2.652828e-01
7.026415e-02
2.562905e-01
0
1.578612e-01
0
0
0
2.942693e-01
0
2.096527e-01
2.148044e-01
4.584248e-01
1.571382e-01
1
0
2.855975e-01
3.575664e-01
1.889739e-01
7.864496e-02
0
2.259190e-01
2.408035e-01
9.840368e-02
0
0
4.331500e-01
0
6.343774e-03
0
4.772081e-01
2.567716e-01
2.291230e-01
0
3.375033e-01
0
5.146178e-01
2.779384e-02
2.733484e-01
0
0
0
0
0
0
0
0
0
7.503188e-03
0
0
0
0
0
0
0
0
0
0
0
8.572046e-02
0
2.981033e-01
0
0
1.313989e-01
1.203980e-01
5.771073e-03
8.494610e-02
8.812320e-02
9.314384e-02
9.508618e-02
0
1.222217e-01
0
4.060245e-02
0
3.679814e-01
3.982320e-01
0
1.558863e-02
1.533899e-01
2.574779e-01
9.437151e-03
2.732880e-01
1.202946e-01
2.294096e-01
0
0
0
0
0
0
0
0
0
0
0
1.435625e-02
0
0
0
0
0
0
7.952737e-02
1.956523e-02
0
0
2.592041e-01
2.205261e-01
3.058147e-01
1.878800e-01
0
0
1.223798e-01
0
3.268534e-01
3.215034e-01
1.166222e-01
0
0
0
6.678888e-04
0
0
1.535757e-02
1.739146e-01
0
1.060726e-01
0
1
2.687347e-01
1.550443e-01
0
8.409172e-02
1.130613e-01
3.104202e-01
1.130689e-02
3.991121e-01
0
0
2.217766e-01
0
0
0
2.459726e-01
0
0
0
3.803842e-01
0
2.151805e-01
0
7.243964e-03
9.614663e-02
0
0
3.720513e-02
0
0
0
0
0
0
0
0
2.419284e-01
3.391435e-01
0
0
0
0
0
0
5.707503e-02
2.370160e-01
1.330320e-01
2.969873e-01
0
0
0
0
0
0
0
0
0
0
1.923005e-01
1.297569e-01
3.119484e-01
4.050639e-02
2.718450e-01
3.165451e-01
2.124717e-01
2.831974e-01
5.521231e-01
5.341665e-01
3.568585e-01
8.972074e-02
6.540757e-01
5.716919e-01
0
0
0
1.347320e-01
2.013161e-01
3.832076e-02
0
0
0
0
0
0
3.705646e-02
3.459392e-01
9.669285e-02
0
2.084729e-01
4.802791e-02
4.282628e-01
5.178627e-01
0
0
5.520975e-01
5.200878e-01
6.595610e-01
3.283717e-01
0
0
0
0
9.609746e-02
3.829682e-01
5.276765e-02
8.668116e-02
0
0
4.573513e-02
0
0
1.171547e-01
2.472630e-01
6.080808e-01
4.129654e-01
2.855975e-01
2.687347e-01
1
7.800456e-01
0
0
0
5.213701e-01
5.220789e-01
2.510994e-01
3.175481e-02
0
2.298363e-01
0
1.213909e-01
0
3.220076e-01
0
4.016580e-02
0
4.058022e-01
0
2.680606e-01
0
3.982435e-02
4.790088e-01
1.358587e-01
0
7.532103e-03
0
0
0
0
0
0
0
0
2.051985e-01
2.767485e-01
0
0
0
0
0
0
0
0
0
1.679472e-01
0
0
0
0
0
0
0
0
0
0
1.307844e-01
1.430867e-01
3.277685e-01
1.800721e-01
3.659131e-02
2.411759e-01
4.163603e-01
2.603560e-01
3.949101e-01
3.829205e-01
1.874362e-01
2.624422e-01
3.771377e-01
2.255922e-01
0
5.599751e-02
0
0
2.136040e-01
2.487427e-01
0
0
0
0
0
0
0
5.938369e-02
3.213669e-01
2.386580e-01
4.350795e-01
3.130720e-01
2.025613e-01
3.581422e-01
6.165407e-02
3.465200e-02
1.836273e-01
2.459934e-01
5.641445e-01
3.364806e-01
0
0
0
0
4.168645e-02
4.668454e-01
0
3.644279e-01
0
0
1.487013e-01
0
0
0
2.621895e-01
5.249033e-01
4.736840e-01
3.575664e-01
1.550443e-01
7.800456e-01
1.000000e+00
9.634681e-02
3.293450e-02
0
5.570219e-01
3.633352e-01
2.841844e-01
2.213850e-01
0
0
0
0
0
0
0
0
5.742752e-02
0
1.513362e-01
0
0
0
7.080780e-01
4.581843e-01
1.765106e-01
1.760584e-01
0
1.465415e-01
0
0
0
0
0
0
7.359173e-01
4.466937e-01
0
0
2.710810e-01
0
0
0
1.364421e-01
1.371594e-01
2.375175e-01
0
3.471481e-01
7.531739e-02
9.609172e-02
2.613748e-02
0
0
2.249657e-01
5.078352e-02
1.008069e-01
0
0
0
0
1.349770e-01
4.907125e-02
1.964119e-02
5.587589e-01
3.953329e-01
1.601448e-01
0
3.168895e-01
0
2.418219e-01
3.737539e-02
0
0
0
0
6.179267e-01
2.269814e-01
1.774226e-01
6.898047e-02
1.747349e-01
2.380094e-01
2.211073e-01
0
5.200399e-02
2.088283e-01
3.608270e-01
8.751506e-02
8.028055e-01
0
3.514554e-01
2.402285e-01
0
0
1.548180e-01
0
0
0
7.505760e-02
1.178311e-01
0
1.003686e-01
7.553632e-02
1.580370e-01
0
1.270505e-01
5.245512e-01
3.513272e-01
1.469216e-01
8.444477e-02
1.650212e-01
9.152357e-02
0
3.373909e-02
1.311134e-01
1.889739e-01
0
0
9.634681e-02
1
3.447397e-01
2.214534e-02
1.879699e-02
0
2.144304e-01
7.535536e-02
1.379789e-01
0
1.611848e-01
1.395940e-02
1.948121e-01
0
1.123791e-01
2.101206e-01
5.165842e-01
0
1.741458e-01
0
1.291790e-01
2.741650e-02
1.566983e-01
7.856453e-02
5.914330e-02
5.737540e-02
0
0
3.271701e-01
2.038732e-01
2.628265e-01
0
9.556070e-02
0
0
0
0
0
0
0
2.582381e-01
4.805279e-02
3.355109e-01
6.235451e-02
0
0
1.704717e-01
1.002008e-01
0
0
0
0
0
0
0
0
2.877210e-01
1.859879e-01
2.515114e-01
4.387002e-01
0
0
3.691430e-01
2.404175e-02
2.061456e-01
5.503267e-02
1.022511e-03
0
0
0
3.604481e-01
2.221929e-01
4.627590e-02
0
1.260701e-01
3.631799e-01
4.427846e-01
4.695707e-02
1.992851e-01
2.552694e-01
1.185779e-01
2.738604e-01
0
0
2.109430e-01
3.036420e-02
0
2.488952e-02
0
0
1.276032e-01
0
0
0
1.082935e-01
2.160511e-01
4.823672e-01
4.079146e-01
2.296458e-01
5.467124e-01
4.246868e-01
0
3.883414e-03
2.007181e-02
2.465137e-01
1.728425e-03
4.549641e-01
3.723115e-01
4.621591e-01
0
8.059444e-02
1.528712e-01
4.847132e-02
7.864496e-02
8.409172e-02
0
3.293450e-02
3.447397e-01
1.000000e+00
1.792790e-01
3.727309e-02
0
0
2.271900e-01
2.420594e-01
0
1.485765e-01
2.378649e-01
1.158386e-01
0
0
2.321805e-01
0
3.149729e-02
0
0
1.271431e-02
0
8.543819e-02
6.725067e-01
3.694779e-01
0
3.332616e-01
4.837590e-01
1.624091e-01
2.112550e-02
1.474456e-01
0
3.536347e-01
3.441790e-01
0
2.650322e-03
0
0
0
0
0
0
0
0
0
0
0
1.560261e-01
0
0
0
0
0
0
0
0
1.925434e-01
2.117745e-01
3.031614e-01
2.852481e-01
0
0
2.031124e-01
3.711978e-01
9.412900e-02
0
0
0
0
0
1.160581e-01
2.645015e-01
0
0
0
1.812141e-01
3.212394e-01
3.599752e-01
9.360361e-02
2.063035e-01
2.743102e-01
2.726161e-01
0
0
5.829736e-01
2.679377e-01
4.896635e-02
2.066059e-01
0
0
0
1.231805e-01
0
0
0
4.747955e-01
4.087582e-01
1.162402e-01
3.314066e-01
0
1.299205e-01
0
0
3.330314e-01
2.245374e-02
0
4.540141e-01
1.284069e-01
8.561215e-02
0
6.702506e-01
1.640096e-02
0
0
1.130613e-01
0
0
2.214534e-02
1.792790e-01
1.000000e+00
5.162156e-01
0
3.015688e-01
7.976096e-02
0
0
0
5.420721e-02
0
2.117363e-01
0
0
0
3.485980e-01
0
2.611477e-01
1.016939e-01
9.996100e-02
2.516332e-01
3.491537e-01
2.660941e-01
2.678586e-01
0
0
0
0
0
0
7.500619e-02
1.679847e-01
1.766059e-01
2.752957e-01
0
0
0
0
0
0
0
0
0
0
0
2.540078e-02
0
0
0
0
0
0
0
0
0
0
2.165852e-01
7.728421e-03
0
9.128559e-03
4.259064e-01
3.626722e-01
3.016289e-01
1.650975e-01
1.335936e-02
0
3.306641e-01
4.870053e-02
0
0
0
0
1.891635e-01
2.999203e-01
1.177478e-02
1.211068e-01
2.768577e-03
1.289020e-01
0
1.545578e-01
0
3.974928e-02
5.655142e-01
2.368231e-01
2.873497e-01
2.018514e-01
1.379678e-01
1.592939e-01
0
0
3.638840e-01
2.639786e-01
2.030362e-01
3.835915e-01
0
0
1.881491e-02
0
2.615317e-01
4.614124e-01
0
4.233940e-01
0
0
4.445128e-01
0
1.217174e-01
0
6.221187e-01
4.522873e-01
5.758933e-01
2.259190e-01
3.104202e-01
5.213701e-01
5.570219e-01
1.879699e-02
3.727309e-02
5.162156e-01
1
4.137626e-01
3.000959e-01
2.200175e-01
0
1.387616e-01
0
0
0
1.025627e-01
0
0
0
3.405997e-01
0
1.707157e-02
5.648602e-02
0
0
0
1.010682e-01
1.116454e-02
0
0
0
0
0
0
0
0
3.775884e-01
4.321171e-01
0
4.103286e-02
0
1.664165e-01
0
0
0
0
3.764343e-02
1.812893e-01
0
0
0
8.270363e-02
4.284902e-02
5.827828e-02
0
0
0
0
0
3.111252e-02
2.398047e-01
5.757906e-02
2.344218e-02
4.119493e-03
5.050690e-03
4.133510e-01
3.916103e-01
5.470506e-01
6.692037e-01
3.795237e-02
7.230198e-01
5.312640e-01
0
0
0
1.138349e-01
3.103660e-02
0
0
0
0
4.223960e-02
0
0
2.582970e-02
2.814455e-01
0
0
1.877138e-01
0
3.739609e-01
4.078657e-01
0
0
5.028440e-01
4.802705e-01
2.887027e-01
1.438310e-01
0
0
0
0
0
5.514255e-01
0
2.566250e-01
8.338495e-02
0
0
0
0
0
2.766635e-01
5.836124e-01
3.482487e-01
2.408035e-01
1.130689e-02
5.220789e-01
3.633352e-01
0
0
0
4.137626e-01
1
