1
6.604961e-01
0
0
0
0
0
1.844365e-01
0
0
1.864814e-01
3.870330e-01
3.620913e-01
2.903432e-01
2.530120e-01
2.764102e-01
1.504111e-01
1.075692e-01
4.667611e-01
4.904634e-01
0
0
0
0
0
0
0
0
4.143214e-01
3.479245e-01
0
0
0
0
0
0
0
4.796892e-02
1.086434e-01
3.556228e-02
1.201072e-01
0
0
0
0
0
0
0
0
0
2.253725e-01
4.317883e-02
3.522112e-01
7.701286e-02
1.408689e-01
0
5.295237e-01
5.543496e-01
4.745823e-01
2.693831e-01
4.032800e-01
1.417415e-01
3.715552e-01
2.994871e-01
0
1.092678e-02
0
0
4.175293e-01
8.082083e-02
9.015458e-02
9.501925e-02
3.355478e-01
4.307369e-01
2.165694e-01
3.019704e-01
3.472434e-01
3.202277e-01
1.716882e-01
0
2.338763e-01
0
4.586437e-01
3.391767e-01
0
0
3.167164e-01
2.020104e-01
3.513246e-01
3.261562e-01
1.066081e-01
0
0
0
0
0
0
5.864664e-02
4.158834e-01
0
3.936123e-01
0
3.102069e-01
0
0
2.751875e-01
7.327266e-02
0
2.763623e-01
4.418972e-01
2.564166e-01
2.468448e-01
4.499044e-01
9.324548e-02
1.822090e-01
1.445246e-01
6.604961e-01
1
3.136663e-01
0
0
0
8.065245e-02
0
0
1.622503e-01
3.664554e-01
2.805310e-01
5.311217e-01
0
5.222945e-01
2.103363e-01
1.832180e-01
4.898836e-01
7.587583e-01
2.021968e-01
0
3.006761e-01
1.194694e-01
0
2.071044e-02
0
0
7.153401e-03
4.254856e-01
4.070109e-01
0
0
0
0
0
0
0
0
6.509789e-02
0
7.783793e-02
6.886346e-02
0
0
0
0
0
0
0
0
2.104134e-01
2.145514e-01
4.469896e-01
3.130734e-01
0
0
3.046566e-01
6.139227e-01
1.853475e-01
1.298778e-01
2.865911e-01
1.322306e-02
2.188598e-02
0
0
2.440755e-01
0
0
0
0
9.207256e-02
2.229728e-01
1.205691e-01
2.518687e-01
3.788336e-02
3.622000e-02
0
2.230345e-01
2.051987e-01
1.087161e-01
2.014547e-01
1.201558e-01
2.699293e-01
1.672280e-01
2.244993e-01
5.965667e-02
0
0
2.242562e-01
4.177720e-01
1.316407e-01
3.658432e-02
0
1.209552e-02
0
0
0
1.057376e-01
1.496239e-01
1.983821e-03
4.118697e-01
1.870232e-02
2.037689e-01
0
0
0
0
0
0
6.107199e-03
1.674397e-02
2.115928e-01
2.801063e-01
3.325022e-01
0
1.087356e-01
0
3.136663e-01
1
3.177279e-02
6.741530e-01
2.935449e-01
6.981986e-01
0
3.551701e-01
1.913828e-01
5.530405e-01
0
2.845785e-01
0
6.221739e-01
1.516260e-01
2.442019e-02
2.086234e-01
5.429748e-01
2.661056e-01
2.855300e-01
4.998105e-01
7.878328e-01
6.167458e-01
7.047444e-01
3.040421e-01
4.651230e-01
4.216627e-01
0
0
7.594195e-01
3.775342e-01
8.707558e-03
0
4.187031e-01
1.139220e-01
1.513742e-01
0
1.125461e-02
0
2.431145e-01
3.300115e-01
0
0
0
0
0
0
0
0
0
3.294922e-02
2.133673e-02
9.200196e-02
0
0
0
0
0
0
0
0
0
0
7.376824e-01
4.707806e-01
0
0
0
3.632821e-03
4.485740e-01
2.753437e-01
2.338497e-01
0
0
5.582361e-03
0
0
2.717455e-01
5.072144e-01
0
2.869987e-01
0
0
7.889087e-01
4.070371e-01
0
0
0
1.390667e-01
1.467252e-01
3.642931e-01
3.017337e-01
4.726020e-01
0
0
0
0
0
0
3.432534e-01
5.104089e-01
2.606240e-01
0
0
0
0
0
0
0
0
0
0
1.563755e-01
0
0
0
0
3.177279e-02
1
0
1.787806e-01
0
4.711853e-01
0
5.386603e-02
0
2.665687e-01
5.568170e-02
4.050640e-01
2.097729e-01
4.925505e-01
0
0
0
0
0
0
0
1.753654e-01
0
2.772567e-02
0
1.689096e-01
0
0
6.514217e-02
3.113246e-01
0
2.441356e-01
0
2.759063e-01
0
1.805766e-01
0
3.025108e-01
0
0
0
0
0
0
0
0
0
0
0
5.137348e-02
0
0
0
0
0
0
0
2.684401e-01
0
5.088091e-01
0
1.462722e-01
0
3.245890e-01
5.272150e-02
3.140210e-01
0
0
0
0
0
0
0
0
0
0
0
0
0
2.178527e-01
0
5.238323e-02
2.672385e-01
4.809185e-01
0
0
1.919835e-01
6.777522e-02
0
0
1.978788e-01
8.168761e-02
0
1.982220e-01
0
4.544902e-02
0
0
0
0
0
0
1.149780e-01
6.966151e-02
0
1.302184e-01
3.256874e-01
2.041755e-01
2.336336e-01
0
0
0
2.033937e-02
1.578258e-01
0
0
6.741530e-01
0
1
4.857083e-01
7.772656e-01
0
7.318755e-01
4.691906e-01
3.570996e-01
0
2.635772e-01
0
3.911654e-01
1.031527e-01
9.446275e-02
1.771160e-01
1.881057e-01
1.198401e-01
3.849458e-01
3.778350e-01
5.866624e-01
6.070197e-01
8.326992e-01
5.695167e-01
8.209007e-01
5.939902e-01
0
0
5.450926e-01
2.354574e-01
2.086504e-01
0
4.638752e-01
2.279101e-01
1.991488e-01
0
0
0
1.696970e-01
3.416617e-01
0
0
0
0
1.244704e-03
3.088569e-02
0
4.689430e-02
0
0
0
0
0
0
0
0
0
0
0
1.708443e-02
0
0
6.412983e-01
4.432758e-01
4.344397e-02
0
0
1.188057e-01
5.366029e-01
2.623452e-01
1.543733e-01
0
0
0
0
0
2.195409e-01
5.019730e-01
0
2.918478e-01
0
0
3.400112e-01
2.617437e-01
0
0
0
0
1.599521e-01
6.072796e-01
4.442459e-01
6.470426e-01
4.870604e-03
0
0
0
0
2.534141e-01
1.375096e-01
6.498102e-01
2.584618e-01
2.421077e-01
0
0
0
0
0
0
0
0
1.395385e-01
1.189571e-01
0
0
0
0
2.935449e-01
1.787806e-01
4.857083e-01
1
1.740639e-01
3.086494e-01
4.426486e-01
8.415066e-01
2.049357e-01
1.213621e-01
2.063860e-01
3.077797e-01
1.577893e-01
2.545481e-01
3.037482e-01
2.320081e-01
1.484413e-01
0
1.830141e-01
2.926207e-01
3.873000e-01
4.739291e-01
6.081474e-01
5.042536e-01
6.117010e-01
5.820825e-01
0
0
8.838530e-02
0
0
0
3.559094e-01
2.575346e-01
0
0
0
0
0
0
0
0
0
0
0
0
0
8.278176e-03
0
5.371315e-02
0
0
0
0
5.977901e-02
0
0
0
0
5.192211e-01
0
0
4.620222e-01
7.042099e-01
0
0
0
2.767553e-01
3.297731e-01
2.781271e-01
0
0
0
0
0
0
3.002920e-01
5.336664e-01
0
4.602432e-01
0
0
2.644361e-01
5.265480e-01
0
0
0
2.612527e-02
2.368132e-01
2.377237e-01
5.140011e-01
4.014357e-01
0
0
0
3.748534e-01
0
6.123736e-02
6.466367e-02
2.157717e-01
0
0
0
0
5.022893e-02
2.830540e-02
1.496047e-02
0
1.301549e-01
0
4.781469e-02
2.466462e-01
2.426226e-02
0
0
8.065245e-02
6.981986e-01
0
7.772656e-01
1.740639e-01
1.000000e+00
0
5.481737e-01
2.144574e-01
4.426286e-01
0
4.000754e-01
0
3.993902e-01
2.815414e-01
0
0
3.598982e-01
3.319608e-01
5.363699e-01
5.419855e-01
6.427642e-01
6.301621e-01
6.564712e-01
3.415409e-01
5.760650e-01
3.412901e-01
0
0
5.437923e-01
4.112713e-01
1.883191e-01
0
3.123976e-01
1.971028e-01
2.320373e-01
0
1.611030e-01
0
4.880292e-01
3.014417e-01
0
0
0
0
0
0
0
0
0
0
0
0
0
0
0
0
0
0
0
0
0
0
6.306171e-01
3.444046e-01
2.841651e-01
0
0
0
6.254110e-01
4.242534e-01
4.505233e-01
9.866472e-02
2.681825e-01
1.277516e-01
7.883677e-02
0
1.349957e-02
9.098913e-02
0
2.053707e-01
0
0
4.682008e-01
3.013862e-01
0
0
0
0
2.676570e-01
6.961940e-01
4.007964e-01
5.239905e-01
0
0
3.099518e-02
0
0
6.309126e-02
9.163298e-02
5.629365e-01
3.022958e-01
3.555855e-01
0
0
0
0
0
0
0
0
5.454695e-02
1.290395e-02
0
0
1.844365e-01
0
0
4.711853e-01
0
3.086494e-01
0
1
0
3.954681e-01
0
6.663274e-01
2.021801e-01
8.116939e-01
0
4.778222e-01
0
0
0
6.595139e-02
0
0
0
0
0
0
0
0
0
2.219021e-02
0
0
0
7.833890e-02
0
0
0
0
0
0
0
0
1.284179e-01
7.591620e-02
2.878520e-03
1.452125e-01
5.491742e-02
3.313282e-02
7.212177e-02
7.844932e-02
0
0
0
0
2.296770e-02
1.257611e-01
4.532356e-02
0
0
2.377062e-01
1.158732e-01
6.225335e-01
7.873454e-02
3.436722e-01
0
1.939546e-01
0
1.869080e-02
8.795314e-02
6.565695e-02
0
1.587694e-01
0
0
0
0
2.434667e-02
5.880968e-02
0
0
0
9.373125e-02
0
2.587113e-01
0
5.170357e-02
7.802350e-02
3.037367e-01
0
0
2.706194e-02
0
1.449895e-01
0
0
2.473922e-01
0
2.595160e-01
0
0
0
0
0
0
0
0
2.438237e-01
3.965020e-02
5.552545e-01
2.869743e-01
3.278339e-01
0
7.853278e-03
0
1.228153e-01
0
0
0
3.551701e-01
0
7.318755e-01
4.426486e-01
5.481737e-01
0
1
5.157093e-01
2.648827e-01
0
4.060115e-01
9.379723e-02
4.253154e-01
2.116484e-01
0
0
0
0
2.180562e-01
1.130045e-01
2.324366e-01
4.018545e-01
4.799829e-01
6.378007e-01
5.445166e-01
4.577186e-01
0
0
4.195412e-01
4.578400e-01
3.424836e-01
1.624765e-01
4.543910e-01
3.442496e-01
2.237714e-02
0
0
2.355308e-04
2.320274e-02
1.180093e-01
2.557485e-01
1.498586e-01
2.771290e-01
1.705373e-01
2.080687e-01
2.587690e-01
2.158894e-01
1.409167e-01
0
0
0
0
0
0
0
0
0
0
0
1.918786e-01
0
0
3.326470e-01
1.274834e-01
1.760811e-02
0
0
0
2.708840e-01
9.752344e-02
0
0
0
0
0
0
0
3.442193e-01
0
1.520160e-01
0
0
5.911421e-02
9.799566e-02
0
0
0
0
0
3.342229e-01
2.928412e-01
4.606439e-01
1.002335e-01
1.395266e-02
5.854260e-02
0
0
2.063937e-01
0
4.058553e-01
0
2.754658e-01
0
0
0
0
2.420075e-01
0
0
0
4.254781e-02
0
0
0
0
1.622503e-01
1.913828e-01
5.386603e-02
4.691906e-01
8.415066e-01
2.144574e-01
3.954681e-01
5.157093e-01
1
2.992114e-01
3.579811e-01
4.898499e-01
4.107278e-01
2.612243e-01
3.875877e-01
4.062446e-01
3.759678e-01
2.916158e-01
0
1.199487e-01
2.092633e-01
1.999559e-01
2.347722e-01
5.325847e-01
2.459147e-01
5.582214e-01
4.325396e-01
0
0
0
0
0
0
9.968317e-02
5.831798e-03
0
0
0
0
0
0
0
0
0
0
0
0
0
0
0
0
0
0
0
0
1.588125e-01
0
0
0
0
5.035167e-01
0
0
2.282757e-01
5.967139e-01
0
0
0
7.820591e-02
3.492971e-01
2.416686e-01
0
0
0
0
0
0
2.512902e-01
4.372739e-01
1.498603e-01
4.159827e-01
0
0
9.936795e-02
3.539525e-01
0
0
0
8.448202e-02
1.995337e-01
3.498038e-01
2.821629e-01
3.843762e-01
0
0
0
1.865049e-01
0
1.609703e-01
7.245413e-02
1.217251e-01
0
0
0
0
0
0
2.592568e-01
0
6.105546e-02
0
2.367321e-01
2.168119e-01
0
0
1.864814e-01
3.664554e-01
5.530405e-01
0
3.570996e-01
2.049357e-01
4.426286e-01
0
2.648827e-01
2.992114e-01
1
0
5.997273e-01
0
5.162560e-01
2.806468e-01
1.166012e-01
0
3.089262e-01
1.075508e-01
1.100725e-03
1.912546e-01
5.320828e-01
3.892898e-01
5.287687e-01
0
1.941075e-01
1.102605e-02
0
0
3.940646e-01
2.212012e-01
0
0
5.217789e-01
2.280308e-01
2.096008e-03
0
6.007408e-02
0
8.282296e-02
0
0
0
0
0
0
0
0
0
1.321038e-01
2.561756e-01
2.626065e-01
3.325079e-01
0
0
0
0
0
0
0
2.359254e-01
0
0
6.180915e-01
4.087915e-01
0
0
0
0
4.735052e-01
9.475470e-02
1.106638e-01
0
0
0
8.935072e-02
0
0
2.317659e-01
0
1.859438e-01
0
0
6.081366e-01
2.766888e-01
0
0
1.007759e-01
1.310548e-01
1.968214e-01
2.987579e-01
0
4.427082e-01
0
0
0
0
0
0
2.171423e-01
2.045821e-01
3.028866e-01
0
0
0
0
0
0
0
0
1.043071e-01
5.218979e-01
0
0
0
3.870330e-01
2.805310e-01
0
2.665687e-01
0
1.213621e-01
0
6.663274e-01
0
3.579811e-01
0
1
1.247675e-01
6.124672e-01
0
3.754390e-01
9.808162e-02
2.482908e-01
1.826246e-01
0
0
0
0
0
0
0
0
0
1.188343e-01
4.799733e-01
0
0
0
0
0
0
0
0
0
0
0
0
0
0
0
0
0
0
0
0
2.894091e-01
1.452570e-01
4.032638e-01
1.133131e-01
3.038931e-01
3.322153e-01
1.519279e-01
4.665179e-01
4.114469e-01
6.035979e-01
4.525195e-01
3.263771e-01
3.752688e-01
2.766094e-01
0
6.267295e-02
0
0
0
0
0
0
0
0
0
0
0
1.692549e-01
0
0
2.232544e-01
5.101654e-02
1.070075e-01
5.376975e-01
0
4.602012e-02
4.026830e-01
4.691422e-01
3.554891e-01
4.837778e-01
0
0
0
0
0
3.399709e-01
0
1.085505e-01
0
0
9.928875e-02
0
0
0
1.107363e-01
0
1.439210e-01
0
5.528736e-01
4.025411e-01
4.171975e-01
0
1.024297e-01
1.943162e-01
2.498294e-01
2.151628e-01
3.620913e-01
5.311217e-01
2.845785e-01
5.568170e-02
2.635772e-01
2.063860e-01
4.000754e-01
2.021801e-01
4.060115e-01
4.898499e-01
5.997273e-01
1.247675e-01
1
2.364980e-01
7.261756e-01
5.503627e-01
7.184781e-02
9.942822e-02
4.580116e-01
2.184932e-01
0
2.058264e-01
1.052196e-01
9.353956e-02
1.631228e-01
0
6.207415e-02
6.588987e-02
2.975885e-01
1.608295e-01
7.566176e-02
2.623485e-01
1.702198e-01
8.754879e-02
7.429931e-02
1.397508e-02
0
0
1.666875e-01
0
0
1.046078e-01
0
0
0
0
0
0
0
0
0
0
0
0
0
0
0
0
0
0
6.299044e-02
3.526320e-01
0
0
2.190413e-01
3.446748e-01
0
0
0
0
2.890005e-01
4.114129e-01
0
0
0
0
2.344274e-01
0
1.600553e-03
1.116269e-01
5.605303e-02
1.347408e-01
2.353175e-01
2.706002e-01
2.043779e-01
5.630586e-02
0
0
0
0
6.011600e-02
3.287582e-01
3.838821e-02
3.951838e-01
0
0
0
0
0
1.913300e-01
1.085886e-01
3.282405e-01
1.927767e-01
3.797814e-02
0
0
0
0
4.034865e-02
0
0
2.054899e-01
2.641096e-01
0
0
0
2.903432e-01
0
0
4.050640e-01
0
3.077797e-01
0
8.116939e-01
9.379723e-02
4.107278e-01
0
6.124672e-01
2.364980e-01
1
7.104263e-02
7.015983e-01
0
0
0
1.028204e-01
0
0
0
1.188618e-01
0
0
9.303574e-03
0
0
0
0
0
0
0
0
0
0
0
0
9.778671e-02
0
0
0
0
0
0
0
0
0
0
6.658721e-02
0
0
0
1.321616e-01
1.075809e-01
3.872088e-02
0
2.093261e-02
1.181975e-01
0
5.738835e-01
2.373242e-02
1.516938e-01
0
2.942541e-01
0
0
8.418414e-02
9.514266e-02
0
2.325940e-01
0
0
0
5.605944e-02
1.862703e-01
0
0
0
0
2.754392e-01
0
3.022286e-01
0
2.721582e-01
0
3.762082e-01
8.728198e-02
3.530444e-02
2.012600e-01
0
3.230389e-01
0
0
1.721194e-01
0
1.743028e-01
0
0
8.093002e-02
0
0
0
0
0
2.400302e-01
1.696773e-02
6.033815e-01
2.788672e-01
2.713883e-01
0
1.923858e-01
0
1.405451e-01
0
2.530120e-01
5.222945e-01
6.221739e-01
2.097729e-01
3.911654e-01
1.577893e-01
3.993902e-01
0
4.253154e-01
2.612243e-01
5.162560e-01
0
7.261756e-01
7.104263e-02
1.000000e+00
5.407368e-01
4.086348e-03
1.511971e-01
5.616433e-01
2.883191e-01
4.949752e-02
2.417035e-01
3.140257e-01
2.579323e-01
2.335101e-01
0
1.522870e-01
3.063763e-01
2.538617e-01
1.863670e-01
4.138595e-01
4.042997e-01
1.414867e-02
0
2.021042e-01
0
0
0
1.088166e-01
0
7.354689e-02
2.937794e-01
0
0
0
0
0
0
0
0
0
0
0
0
0
0
0
0
0
0
0
1.074895e-01
0
0
3.126157e-01
3.277549e-01
0
0
0
0
2.417138e-01
3.591458e-01
0
0
0
0
0
0
1.919967e-01
3.975905e-01
0
2.676543e-01
3.290121e-01
1.352156e-01
4.627995e-01
1.385616e-01
0
0
0
0
2.551533e-02
1.279147e-01
2.062530e-01
4.348816e-01
0
0
0
0
0
0
4.121698e-01
4.871893e-01
2.964312e-01
6.875100e-02
0
0
0
4.042251e-02
7.229072e-02
0
0
2.008472e-02
1.842795e-01
2.928874e-02
5.109549e-02
0
2.764102e-01
2.103363e-01
1.516260e-01
4.925505e-01
1.031527e-01
2.545481e-01
2.815414e-01
4.778222e-01
2.116484e-01
3.875877e-01
2.806468e-01
3.754390e-01
5.503627e-01
7.015983e-01
5.407368e-01
1
0
0
3.842376e-01
3.420740e-01
3.043558e-01
1.254933e-01
1.671443e-01
3.405532e-01
6.931124e-02
0
1.603086e-01
6.831788e-02
0
2.408683e-02
0
2.388706e-01
0
0
0
2.757903e-03
0
0
0
1.242395e-01
0
0
0
0
0
0
0
0
0
0
0
0
0
0
0
0
0
0
0
0
0
3.042975e-01
0
0
8.464717e-02
4.567465e-01
0
0
0
0
2.703869e-01
4.887366e-01
0
0
0
0
2.466923e-01
0
0
0
0
3.881966e-01
1.032173e-01
3.429043e-01
2.913067e-01
3.852721e-01
0
2.124582e-01
0
6.566376e-02
3.974016e-01
1.240271e-01
4.472263e-01
1.941647e-01
0
0
0
0
0
0
3.584507e-01
1.072985e-01
2.098352e-01
7.049260e-02
0
0
0
4.052943e-02
3.331411e-01
2.908685e-02
3.111368e-02
0
1.755326e-01
0
3.287061e-02
0
1.504111e-01
1.832180e-01
2.442019e-02
0
9.446275e-02
3.037482e-01
0
0
0
4.062446e-01
1.166012e-01
9.808162e-02
7.184781e-02
0
4.086348e-03
0
1
6.543409e-01
1.848789e-01
1.491828e-01
0
3.458605e-02
3.950014e-02
0
2.761150e-01
0
2.124235e-01
1.743849e-01
4.189925e-01
2.721253e-01
0
0
0
0
0
0
1.643358e-01
0
7.874321e-02
0
1.022170e-01
3.315409e-02
0
0
0
0
0
0
0
0
8.727160e-04
8.519193e-03
1.476851e-01
2.807583e-01
0
8.489486e-02
7.164668e-01
4.139261e-01
9.308000e-02
0
9.874948e-02
0
0
0
0
3.828073e-02
0
0
4.161984e-01
4.022797e-01
3.149628e-01
0
7.062332e-02
0
5.112602e-02
0
0
0
7.089525e-01
5.418239e-01
7.938864e-01
7.425955e-02
1.179591e-01
0
0
0
3.218093e-02
0
7.530465e-02
1.739630e-01
1.641921e-01
3.357324e-01
0
2.990173e-01
0
1.053609e-01
0
1.607326e-01
5.798970e-02
3.604618e-01
3.093574e-01
1.398605e-01
0
0
6.161038e-03
4.402564e-02
2.342518e-01
7.050514e-03
0
1.403558e-02
4.570740e-01
6.238057e-01
3.028385e-01
2.117935e-01
2.218091e-01
0
1.075692e-01
4.898836e-01
2.086234e-01
0
1.771160e-01
2.320081e-01
0
0
0
3.759678e-01
0
2.482908e-01
9.942822e-02
0
1.511971e-01
0
6.543409e-01
1
5.660250e-01
3.827563e-02
2.222219e-01
4.670322e-01
0
0
2.400442e-01
0
3.315537e-01
3.469961e-01
3.898261e-01
4.179560e-01
0
0
0
0
0
0
0
0
0
0
0
1.133962e-01
0
0
0
0
0
0
0
0
6.437422e-02
1.035114e-01
2.552395e-01
2.920363e-01
0
0
4.440963e-01
6.056430e-01
6.448988e-02
0
5.433130e-02
0
0
0
0
1.755200e-01
0
0
5.816456e-02
1.774731e-01
3.380752e-01
3.014333e-01
0
5.858546e-03
1.257047e-01
0
0
1.507012e-01
7.393882e-01
5.612405e-01
5.369293e-01
1.908778e-01
2.903630e-02
2.367131e-02
0
0
0
0
0
4.267780e-01
3.315059e-01
2.699669e-01
9.393736e-03
5.921173e-02
0
0
0
1.098176e-01
1.032209e-02
1.614259e-01
4.931713e-01
1.653753e-01
1.089811e-01
0
2.854440e-01
0
0
0
0
0
1.109316e-01
3.876301e-01
1.324355e-01
7.202566e-01
3.119767e-01
0
4.667611e-01
7.587583e-01
5.429748e-01
0
1.881057e-01
1.484413e-01
3.598982e-01
0
0
2.916158e-01
3.089262e-01
1.826246e-01
4.580116e-01
0
5.616433e-01
3.842376e-01
1.848789e-01
5.660250e-01
1
5.547240e-01
3.266090e-01
5.187269e-01
3.970725e-01
1.796143e-01
2.395034e-01
0
3.020452e-01
3.161280e-01
2.626847e-01
3.034051e-01
7.106492e-02
0
0
0
0
0
0
0
0
0
1.665695e-01
1.186177e-01
0
0
0
0
0
0
0
0
0
0
1.663996e-01
4.167075e-02
0
0
2.287532e-01
4.392776e-01
0
0
0
0
0
0
1.723681e-01
3.163155e-01
0
0
5.416663e-03
4.508105e-02
4.662870e-01
5.337738e-01
3.140109e-01
2.695575e-01
1.758779e-01
1.505760e-01
0
2.943364e-02
4.306748e-01
2.098677e-01
1.073284e-01
1.007071e-01
1.474843e-01
0
3.128502e-01
1.032252e-01
0
0
0
3.227458e-01
3.996221e-01
2.101372e-01
1.353794e-01
1.067694e-01
0
0
0
2.400656e-02
5.782369e-02
0
6.401020e-01
2.018761e-01
4.298141e-01
0
3.936617e-02
2.817396e-02
0
0
0
0
0
5.456178e-02
1.744648e-01
5.537364e-01
2.604111e-01
9.451108e-02
4.904634e-01
2.021968e-01
2.661056e-01
0
1.198401e-01
0
3.319608e-01
6.595139e-02
0
0
1.075508e-01
0
2.184932e-01
1.028204e-01
2.883191e-01
3.420740e-01
1.491828e-01
3.827563e-02
5.547240e-01
1.000000e+00
9.139668e-02
5.520721e-02
4.412386e-01
4.237360e-01
1.225794e-01
0
2.861140e-01
1.291772e-01
1.177851e-01
9.659599e-04
2.121936e-01
1.080122e-01
0
0
0
0
3.506378e-01
1.955049e-01
1.043993e-01
0
4.036718e-01
1.183974e-01
0
0
0
0
0
0
0
0
0
0
0
0
0
0
3.381752e-01
1.036059e-01
0
0
0
1.845063e-02
0
0
1.668805e-01
9.865602e-02
0
0
5.316480e-01
4.949547e-01
4.432992e-01
4.441548e-01
6.018944e-01
4.852727e-01
3.908120e-01
3.619411e-01
3.698847e-01
1.488923e-01
3.670361e-01
0
0
0
2.912388e-01
0
2.128381e-01
0
6.007937e-02
0
0
0
4.177989e-01
2.940940e-01
2.755805e-01
1.940000e-01
1.641187e-01
0
0
0
1.488927e-01
0
5.858012e-01
3.330362e-01
5.783329e-01
2.949264e-01
0
3.168532e-01
2.110291e-01
0
0
0
0
8.104825e-03
1.084253e-01
4.453668e-02
3.175869e-01
7.271605e-02
0
0
2.855300e-01
0
3.849458e-01
1.830141e-01
5.363699e-01
0
2.180562e-01
1.199487e-01
1.100725e-03
0
0
0
4.949752e-02
3.043558e-01
0
2.222219e-01
3.266090e-01
9.139668e-02
1
6.704019e-01
2.294633e-01
2.803046e-01
3.066565e-01
1.177224e-01
5.607942e-01
4.356955e-01
0
3.402035e-02
1.009660e-01
1.437563e-01
0
0
1.678621e-01
1.420196e-01
0
0
0
0
1.802328e-01
0
0
0
0
0
0
0
0
2.768183e-02
0
0
0
0
0
0
0
0
0
0
0
0
0
0
1.619990e-01
1.232151e-01
1.695711e-01
2.255134e-02
0
0
5.253072e-01
4.632679e-01
1.168552e-01
0
3.146986e-01
3.267663e-02
4.082298e-02
0
1.029669e-02
2.160888e-02
0
1.284614e-01
0
0
1.258918e-01
2.349407e-01
0
1.874269e-02
0
6.205133e-02
5.136926e-01
3.185901e-01
4.079853e-01
0
1.063745e-01
0
0
0
0
0
2.165159e-01
1.178666e-01
2.062234e-01
1.398372e-01
1.516597e-01
0
0
0
0
0
0
0
0
4.107885e-01
0
0
0
3.006761e-01
4.998105e-01
0
3.778350e-01
2.926207e-01
5.419855e-01
0
1.130045e-01
2.092633e-01
1.912546e-01
0
2.058264e-01
0
2.417035e-01
1.254933e-01
3.458605e-02
4.670322e-01
5.187269e-01
5.520721e-02
6.704019e-01
1
4.756563e-01
3.283598e-01
4.880377e-01
9.770005e-02
4.139804e-01
3.629341e-01
5.511282e-04
0
1.307427e-01
0
6.403848e-02
0
2.538141e-01
1.342225e-01
0
0
0
0
3.087523e-01
2.950532e-01
0
0
0
0
0
0
0
0
0
0
0
6.495391e-02
0
0
0
0
0
0
0
0
0
0
4.557611e-01
3.547381e-01
1.204450e-01
0
0
1.021776e-01
5.523308e-01
6.760713e-01
2.467511e-01
2.357970e-01
3.306734e-01
1.243003e-01
0
0
2.780819e-01
2.054203e-01
0
3.513182e-01
0
0
3.063575e-01
2.930307e-01
0
0
0
0
5.679974e-01
5.341293e-01
5.190058e-01
2.762735e-01
0
0
0
4.937441e-02
0
0
2.710389e-01
3.600515e-01
1.303807e-01
0
1.296137e-02
0
0
0
0
0
0
1.315636e-01
0
5.144802e-01
0
0
0
1.194694e-01
7.878328e-01
0
5.866624e-01
3.873000e-01
6.427642e-01
0
2.324366e-01
1.999559e-01
5.320828e-01
0
1.052196e-01
0
3.140257e-01
1.671443e-01
3.950014e-02
0
3.970725e-01
4.412386e-01
2.294633e-01
4.756563e-01
1.000000e+00
8.858862e-01
8.155095e-01
3.501593e-01
5.714913e-01
2.896596e-01
0
0
6.148313e-01
1.509290e-01
0
0
4.209895e-01
1.610170e-01
3.027409e-01
0
0
0
3.761867e-01
2.332097e-01
0
0
0
0
0
0
0
0
0
9.618234e-02
8.644670e-03
1.149678e-01
0
0
7.366374e-02
0
0
0
0
3.674570e-02
0
0
8.682340e-01
5.479727e-01
1.270632e-01
0
0
4.440519e-01
5.613795e-01
3.714237e-01
5.220768e-01
3.349427e-01
2.533861e-01
3.864463e-01
0
0
2.227785e-01
2.835233e-01
0
2.822229e-01
0
0
7.115174e-01
4.602940e-01
0
0
0
7.268418e-02
4.822515e-01
5.025649e-01
5.668095e-01
5.463915e-01
4.756644e-02
0
0
0
0
0
4.133444e-01
4.432146e-01
3.749681e-01
0
0
3.687896e-03
0
0
0
0
0
0
1.821142e-01
8.643074e-02
0
0
0
0
6.167458e-01
1.753654e-01
6.070197e-01
4.739291e-01
6.301621e-01
0
4.018545e-01
2.347722e-01
3.892898e-01
0
9.353956e-02
1.188618e-01
2.579323e-01
3.405532e-01
0
0
1.796143e-01
4.237360e-01
2.803046e-01
3.283598e-01
8.858862e-01
1
7.308191e-01
5.224324e-01
6.153535e-01
3.302813e-01
0
0
5.638717e-01
3.249300e-01
0
0
4.571067e-01
2.973398e-01
2.380676e-01
3.237966e-03
0
0
1.893603e-01
1.143753e-01
0
0
0
0
0
0
0
0
0
0
0
0
0
0
0
0
0
0
0
2.162890e-01
0
0
8.166841e-01
5.856123e-01
3.125516e-01
3.754858e-02
0
4.490712e-01
4.654370e-01
3.962714e-01
3.508738e-01
1.890736e-01
1.067230e-01
3.722390e-01
0
0
7.205303e-02
2.128227e-01
0
2.832591e-01
0
0
5.804145e-01
5.229214e-01
0
0
0
0
4.387495e-01
4.202046e-01
7.486516e-01
5.026925e-01
1.098769e-01
0
0
0
0
0
2.787376e-01
4.593103e-01
2.886514e-01
9.836434e-02
0
0
0
0
0
0
0
0
9.231676e-02
0
0
0
0
2.071044e-02
7.047444e-01
0
8.326992e-01
6.081474e-01
6.564712e-01
0
4.799829e-01
5.325847e-01
5.287687e-01
0
1.631228e-01
0
2.335101e-01
6.931124e-02
2.761150e-01
2.400442e-01
2.395034e-01
1.225794e-01
3.066565e-01
4.880377e-01
8.155095e-01
7.308191e-01
1
4.924575e-01
7.849849e-01
4.863277e-01
0
0
5.590963e-01
4.165106e-02
0
0
5.179008e-01
2.242941e-01
1.902403e-01
0
0
0
2.110654e-01
1.378519e-01
0
0
0
0
0
0
0
0
1.148051e-03
1.739655e-01
0
1.971886e-01
0
0
6.714174e-02
0
0
0
0
5.759403e-02
0
0
7.820316e-01
5.833358e-01
0
0
0
3.365240e-01
5.886314e-01
2.443506e-01
2.374960e-01
0
8.783201e-02
5.346231e-02
0
0
2.712140e-01
5.413574e-01
0
3.473246e-01
0
0
5.315661e-01
3.970564e-01
0
0
0
9.798969e-02
4.241453e-01
6.643958e-01
5.018360e-01
6.372796e-01
0
0
0
0
0
1.769332e-01
2.752454e-01
4.734274e-01
2.140167e-01
0
0
0
0
0
0
0
0
0
2.483211e-01
1.368917e-01
0
0
0
0
3.040421e-01
2.772567e-02
5.695167e-01
5.042536e-01
3.415409e-01
0
6.378007e-01
2.459147e-01
0
0
0
0
0
0
0
0
0
0
1.177224e-01
9.770005e-02
3.501593e-01
5.224324e-01
4.924575e-01
1
4.516876e-01
4.833864e-01
0
0
5.360691e-01
4.311341e-01
3.203904e-01
2.824641e-01
4.555217e-01
5.002344e-01
2.496953e-01
1.397210e-02
0
1.022400e-01
0
1.725961e-01
3.648819e-01
3.184117e-01
5.057702e-01
4.241122e-01
3.283248e-01
4.011123e-01
2.644313e-01
4.496552e-01
0
0
0
0
0
0
0
0
0
0
0
1.809739e-01
0
0
4.165983e-01
1.276022e-01
2.588935e-01
1.590185e-01
0
1.129127e-01
0
0
0
0
0
0
0
0
0
2.950387e-01
0
2.537128e-02
0
0
1.462493e-01
2.177482e-01
0
0
0
0
0
2.439821e-01
4.244856e-01
3.005037e-01
1.289557e-01
2.588389e-02
1.243936e-01
1.594431e-03
0
2.486911e-01
0
3.269961e-01
0
2.184518e-01
0
0
2.289705e-02
0
0
0
0
0
0
0
0
0
0
0
4.651230e-01
0
8.209007e-01
6.117010e-01
5.760650e-01
0
5.445166e-01
5.582214e-01
1.941075e-01
0
6.207415e-02
9.303574e-03
1.522870e-01
1.603086e-01
2.124235e-01
3.315537e-01
3.020452e-01
2.861140e-01
5.607942e-01
4.139804e-01
5.714913e-01
6.153535e-01
7.849849e-01
4.516876e-01
1
6.278878e-01
0
0
2.813340e-01
0
0
0
2.703653e-01
0
8.492296e-02
0
0
0
7.463283e-02
6.397804e-02
0
0
0
0
0
0
0
1.530110e-02
0
0
0
0
0
0
1.120743e-01
0
0
0
0
1.008409e-02
0
0
4.979878e-01
4.525717e-01
0
0
0
3.674640e-01
6.896564e-01
3.939276e-01
2.379984e-01
0
1.870438e-01
1.499318e-01
0
0
4.051756e-01
4.715409e-01
0
2.410727e-01
0
0
1.840344e-01
2.428520e-01
0
0
0
1.032510e-01
4.944419e-01
5.395809e-01
5.512776e-01
3.997132e-01
1.167186e-01
0
0
0
0
6.272141e-02
3.779758e-01
4.211251e-01
3.405849e-01
8.078436e-02
1.545586e-02
0
0
0
0
0
0
0
2.161993e-01
4.016643e-01
4.844778e-02
0
0
7.153401e-03
4.216627e-01
1.689096e-01
5.939902e-01
5.820825e-01
3.412901e-01
0
4.577186e-01
4.325396e-01
1.102605e-02
0
6.588987e-02
0
3.063763e-01
6.831788e-02
1.743849e-01
3.469961e-01
3.161280e-01
1.291772e-01
4.356955e-01
3.629341e-01
2.896596e-01
3.302813e-01
4.863277e-01
4.833864e-01
6.278878e-01
1.000000e+00
0
2.886508e-02
2.847824e-01
1.712398e-01
0
2.333525e-01
1.855249e-01
8.439517e-02
0
0
0
0
0
8.130121e-02
0
0
0
0
0
0
0
0
0
0
0
5.240188e-02
0
0
0
0
0
0
0
4.118526e-02
0
0
2.347279e-01
2.726002e-01
0
0
0
5.091999e-02
2.103415e-01
1.025336e-01
0
0
0
0
0
0
2.722217e-01
4.941088e-01
0
1.467066e-02
0
0
1.384799e-01
1.492916e-01
0
0
0
6.674454e-02
1.144219e-01
1.987436e-01
3.689267e-01
2.909423e-01
2.029674e-01
1.110701e-01
0
6.904803e-02
0
0
2.196463e-01
4.440231e-01
4.386434e-03
0
3.159763e-01
0
0
0
4.839201e-02
0
0
0
0
4.300850e-01
1.736378e-01
0
4.143214e-01
4.254856e-01
0
0
0
0
0
0
0
0
0
1.188343e-01
2.975885e-01
0
2.538617e-01
0
4.189925e-01
3.898261e-01
2.626847e-01
1.177851e-01
0
5.511282e-04
0
0
0
0
0
0
1
8.155963e-01
0
0
2.914437e-01
1.384710e-01
0
0
0
1.630588e-02
5.093557e-01
3.095615e-02
2.706624e-01
1.847999e-01
7.050024e-02
5.663066e-02
0
0
5.129339e-03
0
1.526039e-02
0
0
0
0
0
5.829143e-02
0
2.317323e-01
5.270851e-01
1.572769e-01
4.190404e-02
5.778709e-01
0
4.701567e-01
3.516248e-01
0
0
0
0
3.272859e-01
0
0
0
0
1.638136e-02
4.097297e-02
0
1.427434e-01
3.397952e-01
2.766155e-01
2.317658e-02
7.330921e-01
0
7.367720e-01
5.319095e-01
0
0
3.929115e-01
3.220102e-01
0
0
0
0
0
0
0
2.275126e-01
1.848413e-01
0
4.073392e-01
2.245600e-01
7.093668e-02
3.287675e-03
1.560451e-02
1.590098e-01
0
2.673434e-01
0
1.454197e-01
0
2.187579e-01
1.951421e-01
7.015662e-01
0
3.374316e-02
1.207862e-01
3.036220e-01
3.479245e-01
4.070109e-01
0
0
0
0
0
2.219021e-02
0
0
0
4.799733e-01
1.608295e-01
0
1.863670e-01
2.408683e-02
2.721253e-01
4.179560e-01
3.034051e-01
9.659599e-04
3.402035e-02
0
0
0
0
0
0
2.886508e-02
8.155963e-01
1
0
0
0
1.589918e-01
0
0
0
0
4.729069e-01
9.741227e-02
2.347439e-02
0
0
0
0
0
0
0
0
0
0
0
1.673602e-01
7.054997e-02
1.635061e-01
6.156605e-02
4.127439e-02
6.058187e-01
2.653097e-01
2.705783e-01
5.253924e-01
0
5.376324e-01
3.464105e-01
0
0
0
0
4.889696e-02
0
0
0
0
0
0
0
2.604739e-02
3.226886e-01
1.348884e-01
0
5.430442e-01
0
7.291116e-01
7.068275e-01
0
0
5.503447e-01
4.625184e-01
1.424008e-01
1.865538e-01
0
0
0
0
0
3.807396e-01
2.754668e-02
0
1.703155e-01
0
7.545104e-02
0
0
6.911763e-03
1.326307e-01
2.211653e-01
0
1.144597e-01
1.061232e-01
3.242070e-01
2.861176e-01
3.869657e-01
0
1.587707e-01
2.420377e-01
3.920920e-01
0
0
7.594195e-01
6.514217e-02
5.450926e-01
8.838530e-02
5.437923e-01
0
4.195412e-01
0
3.940646e-01
0
7.566176e-02
0
4.138595e-01
0
0
0
7.106492e-02
2.121936e-01
1.009660e-01
1.307427e-01
6.148313e-01
5.638717e-01
5.590963e-01
5.360691e-01
2.813340e-01
2.847824e-01
0
0
1
6.858176e-01
2.454747e-01
3.385560e-02
4.494638e-01
2.556107e-01
4.549803e-01
4.331849e-02
3.978010e-01
2.171262e-01
3.675663e-01
1.259898e-01
0
0
6.413281e-02
0
0
0
0
0
0
0
0
0
0
0
0
0
0
0
0
0
0
0
5.219094e-01
7.781978e-02
1.534684e-01
0
0
0
1.202093e-01
0
6.613284e-02
0
0
0
0
0
0
4.364426e-01
0
0
1.721187e-01
0
6.624970e-01
1.370126e-01
0
0
4.112935e-03
0
0
2.608808e-01
1.738526e-01
3.238556e-01
2.269095e-01
0
2.308664e-01
0
0
0
9.196181e-02
3.448235e-01
7.235708e-02
2.320631e-01
0
7.151884e-03
0
0
0
0
0
0
0
0
0
0
0
0
3.775342e-01
3.113246e-01
2.354574e-01
0
4.112713e-01
0
4.578400e-01
0
2.212012e-01
0
2.623485e-01
0
4.042997e-01
2.388706e-01
0
0
0
1.080122e-01
1.437563e-01
0
1.509290e-01
3.249300e-01
4.165106e-02
4.311341e-01
0
1.712398e-01
0
0
6.858176e-01
1.000000e+00
3.845445e-01
4.058632e-01
3.447169e-01
4.391186e-01
1.946688e-01
8.302831e-02
4.419768e-01
3.982702e-01
9.264874e-02
0
1.393671e-01
1.419117e-01
4.529930e-01
3.075570e-01
0
5.400770e-02
7.436118e-02
2.275056e-02
0
0
0
0
0
0
0
0
0
0
0
8.977793e-02
0
5.585533e-02
2.001719e-01
0
3.648708e-01
3.456496e-01
0
0
0
0
0
0
0
0
2.608716e-01
0
0
0
0
0
3.476930e-01
9.186072e-02
3.534153e-01
6.378952e-02
6.631413e-02
0
0
0
0
0
4.262827e-02
2.297084e-02
1.285061e-01
0
3.160896e-01
0
0
0
0
1.875060e-01
0
3.891669e-01
0
0
0
3.009250e-02
0
0
0
0
0
0
0
8.888284e-02
0
0
8.707558e-03
0
2.086504e-01
0
1.883191e-01
0
3.424836e-01
0
0
0
1.702198e-01
0
1.414867e-02
0
0
0
0
0
0
6.403848e-02
0
0
0
3.203904e-01
0
0
2.914437e-01
0
2.454747e-01
3.845445e-01
1
7.540735e-01
3.004423e-01
4.437338e-01
1.025169e-01
1.122787e-01
3.407091e-01
5.299913e-02
1.732641e-01
3.891660e-01
7.410034e-01
6.335642e-01
7.340752e-01
6.461773e-01
5.932533e-01
6.877865e-01
7.073506e-01
5.662654e-01
0
0
0
0
0
0
0
0
0
0
1.675475e-01
0
0
1.781537e-01
2.154980e-04
0
3.427191e-01
3.086520e-01
0
0
0
0
0
0
0
0
5.788948e-02
4.298415e-02
0
2.750091e-02
1.140953e-01
0
9.363511e-02
0
0
0
0
0
0
0
0
1.546335e-01
0
1.522296e-01
0
0
5.409417e-01
0
1.596366e-01
5.746917e-01
0
2.388300e-01
0
2.846174e-01
0
0
0
4.070663e-02
0
0
0
2.686725e-01
0
0
0
0
0
0
0
2.441356e-01
0
0
0
7.833890e-02
1.624765e-01
0
0
0
8.754879e-02
0
0
0
0
0
0
0
0
0
0
0
0
2.824641e-01
0
2.333525e-01
1.384710e-01
1.589918e-01
3.385560e-02
4.058632e-01
7.540735e-01
1
1.279390e-01
4.704218e-01
0
1.082151e-01
8.088332e-02
6.037116e-02
0
2.626762e-01
6.926348e-01
5.275888e-01
6.819710e-01
6.494716e-01
4.715185e-01
5.447764e-01
6.296883e-01
5.286718e-01
0
0
0
0
0
0
0
0
0
2.796287e-02
2.050243e-01
7.926862e-03
2.111888e-02
2.107480e-01
0
0
1.669767e-01
3.794913e-01
0
0
0
0
0
0
0
0
0
2.930712e-02
0
0
0
0
0
0
0
0
9.667098e-03
0
0
0
0
0
0
0
0
2.231686e-01
1.729047e-01
7.513126e-03
0
2.140663e-01
0
8.789658e-02
0
2.344462e-02
4.889875e-02
0
0
1.587774e-01
0
0
0
0
0
0
0
2.373557e-01
0
0
4.187031e-01
0
4.638752e-01
3.559094e-01
3.123976e-01
0
4.543910e-01
9.968317e-02
5.217789e-01
0
7.429931e-02
0
2.021042e-01
0
0
0
0
0
1.678621e-01
2.538141e-01
4.209895e-01
4.571067e-01
5.179008e-01
4.555217e-01
2.703653e-01
1.855249e-01
0
0
4.494638e-01
3.447169e-01
3.004423e-01
1.279390e-01
1
8.194955e-01
1.226215e-01
0
0
0
0
2.235805e-01
1.231830e-01
0
2.466997e-01
1.354975e-01
4.029830e-03
2.023395e-01
3.117454e-02
8.411766e-02
0
1.603973e-01
0
1.620713e-01
0
0
0
0
0
0
0
2.135369e-02
0
0
6.920301e-01
2.551513e-01
3.881257e-01
2.646447e-01
0
0
2.723042e-01
6.252961e-02
0
0
0
0
0
0
0
3.379539e-01
0
2.666501e-01
0
0
4.018162e-01
2.909783e-01
0
0
0
0
5.173111e-02
1.774690e-01
2.897350e-01
4.573390e-01
9.770958e-02
0
9.443924e-02
0
0
2.273542e-02
0
3.484007e-01
1.591540e-02
6.569243e-03
0
0
0
4.364450e-01
0
0
0
0
1.179283e-01
0
0
0
0
0
1.139220e-01
2.759063e-01
2.279101e-01
2.575346e-01
1.971028e-01
0
3.442496e-01
5.831798e-03
2.280308e-01
0
1.397508e-02
0
0
2.757903e-03
0
0
0
0
1.420196e-01
1.342225e-01
1.610170e-01
2.973398e-01
2.242941e-01
5.002344e-01
0
8.439517e-02
0
0
2.556107e-01
4.391186e-01
4.437338e-01
4.704218e-01
8.194955e-01
1.000000e+00
6.019170e-02
0
0
1.346648e-01
0
2.386595e-01
4.090948e-01
2.942455e-01
5.590242e-01
4.868520e-01
2.147435e-01
4.492673e-01
2.926156e-01
3.443316e-01
0
0
0
0
0
0
0
0
0
0
0
1.678328e-01
0
0
4.465270e-01
9.691065e-02
5.384390e-01
5.936408e-01
0
0
0
0
0
0
0
0
0
0
0
0
0
1.208935e-01
0
0
1.803253e-01
2.864577e-01
0
0
0
0
0
5.917408e-02
2.402280e-01
3.115736e-01
0
0
2.127185e-01
1.581691e-02
0
0
0
1.781674e-01
0
3.374479e-02
0
0
0
4.809795e-01
0
0
0
0
0
0
0
0
0
0
1.513742e-01
0
1.991488e-01
0
2.320373e-01
0
2.237714e-02
0
2.096008e-03
0
0
0
0
0
1.643358e-01
0
0
3.506378e-01
0
0
3.027409e-01
2.380676e-01
1.902403e-01
2.496953e-01
8.492296e-02
0
0
0
4.549803e-01
1.946688e-01
1.025169e-01
0
1.226215e-01
6.019170e-02
1
5.402555e-01
4.260733e-01
3.874329e-01
6.167004e-01
2.394956e-01
0
9.394054e-02
1.011745e-01
7.338552e-02
5.659355e-02
1.112789e-01
0
0
0
0
0
0
0
0
1.414130e-01
0
2.551927e-02
0
0
0
0
0
1.756778e-01
0
3.727416e-01
1.673307e-01
3.443564e-01
3.473307e-01
1.368390e-01
0
4.849245e-01
2.220993e-01
3.598669e-01
1.507575e-01
1.679180e-01
1.393581e-02
6.464674e-02
0
0
0
2.157455e-01
0
1.858318e-01
0
7.672200e-02
0
0
0
6.581800e-03
3.436140e-01
0
3.118783e-01
5.366977e-01
3.042655e-02
4.157674e-01
0
1.583634e-01
4.904939e-02
6.000120e-02
3.147888e-01
2.167350e-01
5.213928e-01
1.019436e-03
4.213739e-01
2.402060e-01
3.448077e-02
0
0
0
7.677855e-02
9.727375e-03
0
6.478020e-02
9.572831e-02
4.796892e-02
0
0
1.805766e-01
0
0
0
0
0
0
0
0
0
0
0
0
0
0
0
1.955049e-01
0
0
0
3.237966e-03
0
1.397210e-02
0
0
1.630588e-02
0
4.331849e-02
8.302831e-02
1.122787e-01
1.082151e-01
0
0
5.402555e-01
1
3.113155e-01
4.776157e-01
4.301891e-01
2.568801e-01
6.650422e-02
1.379356e-01
1.307412e-01
2.353544e-01
5.198206e-02
1.278282e-01
8.159856e-02
9.964788e-02
0
0
0
0
0
3.843730e-02
9.113975e-02
1.438224e-02
1.075148e-01
0
0
0
1.012492e-01
3.261122e-01
0
0
4.506927e-01
4.255402e-01
3.161566e-01
3.180897e-01
0
0
2.367367e-01
4.251715e-01
3.192060e-01
2.110409e-01
1.373383e-01
4.433634e-01
0
0
0
0
2.448193e-01
0
0
0
1.891027e-02
0
6.243671e-03
0
5.241868e-02
1.204955e-01
1.586158e-01
6.936659e-02
3.515030e-01
0
4.678260e-01
0
1.958386e-01
0
3.232789e-02
2.534357e-01
6.226517e-02
4.857443e-01
1.218304e-01
2.670740e-01
0
0
0
1.427758e-01
0
3.822600e-02
0
0
2.807400e-02
8.841253e-03
1.086434e-01
6.509789e-02
1.125461e-02
0
0
0
1.611030e-01
0
0
0
6.007408e-02
0
1.666875e-01
0
1.088166e-01
0
7.874321e-02
0
0
1.043993e-01
0
0
0
0
0
0
0
0
5.093557e-01
4.729069e-01
3.978010e-01
4.419768e-01
3.407091e-01
8.088332e-02
0
0
4.260733e-01
3.113155e-01
1
5.441461e-01
5.908283e-01
0
9.606040e-03
8.954016e-02
1.329622e-01
3.559407e-02
0
0
2.044164e-02
0
0
0
0
0
2.075904e-01
1.940971e-02
0
8.639729e-02
1.966128e-02
0
1.820578e-01
0
2.509967e-01
3.713720e-01
0
0
8.578149e-02
0
1.779992e-01
0
0
0
1.599550e-02
0
1.423911e-01
0
4.723289e-01
3.590521e-01
0
0
2.275308e-01
0
7.912980e-01
4.822301e-01
1.087075e-01
0
3.184119e-01
2.566685e-01
1.008571e-01
0
0
2.236575e-01
0
0
8.528681e-02
0
6.337890e-01
0
1.977199e-01
2.260612e-02
0
0
0
4.495652e-01
0
9.792707e-02
0
0
0
6.552221e-02
0
2.351015e-01
0
0
0
1.131429e-01
3.556228e-02
0
0
3.025108e-01
0
0
0
0
2.355308e-04
0
0
0
0
9.778671e-02
0
1.242395e-01
0
0
0
0
0
0
0
0
0
1.022400e-01
0
0
3.095615e-02
9.741227e-02
2.171262e-01
3.982702e-01
5.299913e-02
6.037116e-02
0
1.346648e-01
3.874329e-01
4.776157e-01
5.441461e-01
1
3.582330e-01
0
5.891730e-02
1.899009e-01
2.009073e-01
1.977837e-01
0
1.085234e-01
7.462542e-02
0
0
0
0
0
3.292643e-01
2.425173e-01
0
0
1.302265e-01
1.111299e-01
0
3.579457e-02
2.823705e-01
4.373511e-01
0
0
1.732944e-01
3.029048e-01
1.999599e-02
0
0
0
0
0
0
0
1.844174e-01
5.809538e-02
0
0
0
0
4.635366e-01
2.911549e-01
5.785927e-02
0
8.209208e-02
2.681220e-01
2.975541e-01
0
0
0
0
0
2.633655e-01
3.083662e-01
4.897535e-01
0
5.172367e-02
0
0
0
0
1.755968e-01
0
2.380860e-01
0
0
2.223590e-01
2.262533e-01
1.509092e-01
0
0
0
0
2.312367e-01
1.201072e-01
7.783793e-02
2.431145e-01
0
1.696970e-01
0
4.880292e-01
0
2.320274e-02
0
8.282296e-02
0
0
0
7.354689e-02
0
1.022170e-01
0
1.665695e-01
4.036718e-01
1.802328e-01
3.087523e-01
3.761867e-01
1.893603e-01
2.110654e-01
0
7.463283e-02
0
2.706624e-01
2.347439e-02
3.675663e-01
9.264874e-02
1.732641e-01
0
0
0
6.167004e-01
4.301891e-01
5.908283e-01
3.582330e-01
1
3.145497e-01
0
0
0
0
0
0
0
0
0
0
0
0
0
0
9.402949e-02
1.100716e-03
2.208553e-02
0
0
0
0
0
1.186991e-01
0
2.843449e-01
0
3.955974e-01
1.809320e-01
3.345924e-01
1.772348e-01
6.236964e-01
4.592637e-01
6.079546e-01
3.185875e-01
3.112483e-01
1.442980e-01
4.556251e-02
0
7.465245e-02
0
3.532498e-01
0
1.686505e-01
0
0
0
0
0
2.986571e-01
5.713261e-01
1.266082e-01
2.771809e-01
2.958281e-01
0
4.495163e-01
0
4.574765e-01
5.186105e-02
1.906569e-01
2.261730e-01
2.901511e-01
3.953860e-01
0
1.956959e-01
0
0
0
0
0
3.028755e-01
7.471346e-02
0
0
0
0
6.886346e-02
3.300115e-01
0
3.416617e-01
0
3.014417e-01
0
1.180093e-01
0
0
0
1.046078e-01
0
2.937794e-01
0
3.315409e-02
1.133962e-01
1.186177e-01
1.183974e-01
0
2.950532e-01
2.332097e-01
1.143753e-01
1.378519e-01
1.725961e-01
6.397804e-02
8.130121e-02
1.847999e-01
0
1.259898e-01
0
3.891660e-01
2.626762e-01
2.235805e-01
2.386595e-01
2.394956e-01
2.568801e-01
0
0
3.145497e-01
1.000000e+00
1.515773e-01
1.280311e-01
1.683371e-01
1.473746e-01
1.070046e-01
2.495880e-01
2.286687e-02
6.197258e-04
0
0
0
0
0
0
0
0
0
0
0
0
0
0
3.282738e-01
7.914911e-02
2.828552e-01
1.517342e-01
0
2.111219e-01
1.595268e-01
3.960884e-01
2.761133e-01
2.869936e-01
2.286266e-02
9.045335e-02
0
0
2.351568e-01
8.962709e-02
0
2.492066e-01
0
0
5.083893e-02
0
0
0
0
0
0
2.466279e-01
2.367721e-01
5.103659e-01
0
0
7.847451e-03
2.904894e-01
9.152575e-02
3.209020e-01
2.509101e-02
5.981699e-01
2.443812e-01
1.914868e-01
9.243432e-02
2.297611e-01
0
2.921011e-01
0
0
0
1.403155e-01
0
5.828333e-02
1.022315e-01
8.188688e-02
0
0
0
0
0
0
0
1.284179e-01
2.557485e-01
0
0
0
0
0
0
0
0
0
0
0
0
0
0
0
0
3.648819e-01
0
0
7.050024e-02
0
0
1.393671e-01
7.410034e-01
6.926348e-01
1.231830e-01
4.090948e-01
0
6.650422e-02
9.606040e-03
5.891730e-02
0
1.515773e-01
1
9.386880e-01
8.985163e-01
9.262309e-01
8.963101e-01
9.491078e-01
8.758905e-01
8.306475e-01
0
0
0
0
2.660430e-01
3.318076e-01
0
0
0
0
2.236855e-01
0
1.656576e-01
3.677620e-01
0
0
3.444831e-01
4.896222e-01
0
0
0
0
0
0
0
0
1.743802e-02
0
0
0
9.057282e-02
0
0
0
0
0
1.699464e-01
1.364715e-01
0
0
0
0
0
0
9.890318e-02
2.876430e-01
4.660932e-01
3.970366e-02
2.174781e-01
4.330398e-01
0
0
0
2.352979e-01
3.425762e-05
0
1.462852e-01
1.706685e-01
8.758869e-02
0
0
1.267411e-01
0
0
0
2.859762e-02
0
0
0
0
0
0
0
7.591620e-02
1.498586e-01
0
0
0
0
0
0
0
0
0
0
0
0
0
0
0
0
3.184117e-01
0
0
5.663066e-02
0
0
1.419117e-01
6.335642e-01
5.275888e-01
0
2.942455e-01
9.394054e-02
1.379356e-01
8.954016e-02
1.899009e-01
0
1.280311e-01
9.386880e-01
1
9.090196e-01
9.298332e-01
8.589144e-01
9.212025e-01
8.284094e-01
8.115688e-01
0
0
0
0
3.733451e-01
3.720082e-01
0
0
0
1.948989e-04
2.568327e-01
0
2.994048e-01
5.267680e-01
0
0
4.430814e-01
5.728308e-01
7.166041e-02
0
0
0
0
0
1.294378e-02
3.951640e-02
1.682116e-01
6.178466e-02
0
0
2.962271e-02
0
0
0
0
0
2.408176e-01
2.869334e-01
0
0
0
0
0
0
8.311132e-02
2.442718e-01
5.576182e-01
4.785695e-03
3.123402e-01
4.092985e-01
0
0
0
3.192710e-01
0
0
2.136904e-01
1.071906e-01
1.026345e-01
0
0
2.428843e-02
0
0
0
9.923657e-02
0
0
0
0
0
0
0
2.878520e-03
2.771290e-01
0
0
0
0
0
0
0
0
0
0
0
0
0
0
0
0
5.057702e-01
0
0
0
0
6.413281e-02
4.529930e-01
7.340752e-01
6.819710e-01
2.466997e-01
5.590242e-01
1.011745e-01
1.307412e-01
1.329622e-01
2.009073e-01
0
1.683371e-01
8.985163e-01
9.090196e-01
1
9.645279e-01
7.159840e-01
8.467391e-01
7.612463e-01
7.689452e-01
0
0
0
0
1.677045e-01
1.151272e-01
0
0
0
0
8.592316e-02
0
1.415834e-01
3.902359e-01
0
0
5.631530e-01
6.767894e-01
0
0
0
0
0
0
0
0
1.472679e-01
0
0
0
0
0
0
0
0
0
1.051164e-01
1.541298e-01
0
0
0
0
0
0
6.199400e-02
1.937004e-01
5.460235e-01
0
6.379463e-02
3.255930e-01
0
0
0
3.567735e-01
0
0
5.890388e-02
2.110899e-01
0
0
0
0
0
0
0
7.445617e-02
0
0
0
0
0
0
0
1.452125e-01
1.705373e-01
0
0
0
0
0
0
0
0
0
0
0
0
0
0
0
0
4.241122e-01
0
0
0
0
0
3.075570e-01
6.461773e-01
6.494716e-01
1.354975e-01
4.868520e-01
7.338552e-02
2.353544e-01
3.559407e-02
1.977837e-01
0
1.473746e-01
9.262309e-01
9.298332e-01
9.645279e-01
1.000000e+00
7.589458e-01
8.719503e-01
7.609077e-01
7.850829e-01
0
0
0
0
1.965026e-01
1.953425e-01
0
0
0
0
9.742771e-02
0
2.078656e-01
4.544011e-01
0
0
5.651204e-01
7.165867e-01
3.135044e-02
0
0
0
0
0
0
0
1.492804e-01
4.998076e-02
0
0
0
0
0
0
0
0
1.439886e-01
2.167131e-01
0
0
0
0
0
0
1.249701e-01
2.578857e-01
5.072101e-01
4.384584e-02
1.202205e-01
2.919480e-01
0
0
0
3.629033e-01
0
0
1.726004e-01
2.610448e-01
1.685938e-02
0
0
0
0
0
0
7.139314e-02
0
0
0
0
1.244704e-03
0
0
5.491742e-02
2.080687e-01
0
0
0
0
0
0
0
0
0
0
0
0
0
0
0
0
3.283248e-01
0
0
5.129339e-03
0
0
0
5.932533e-01
4.715185e-01
4.029830e-03
2.147435e-01
5.659355e-02
5.198206e-02
0
0
0
1.070046e-01
8.963101e-01
8.589144e-01
7.159840e-01
7.589458e-01
1
9.038544e-01
8.781055e-01
8.671659e-01
0
0
0
0
3.662353e-01
4.569677e-01
3.704880e-03
0
0
6.403730e-03
2.093350e-01
0
1.037747e-01
2.309636e-01
0
0
1.974306e-01
2.661164e-01
1.556746e-01
0
0
0
0
0
1.254869e-01
9.835342e-02
0
0
0
0
1.838933e-01
0
0
0
0
0
1.228227e-01
0
0
0
0
0
0
0
1.290307e-01
2.413771e-01
3.825184e-01
1.578713e-01
4.366258e-01
5.560905e-01
0
0
0
1.040011e-01
4.914594e-02
0
2.641139e-01
0
9.810107e-02
0
0
2.275426e-01
0
0
0
0
0
0
0
0
3.088569e-02
0
0
3.313282e-02
2.587690e-01
0
0
0
0
0
0
0
0
0
0
0
0
0
0
0
0
4.011123e-01
0
0
0
0
0
5.400770e-02
6.877865e-01
5.447764e-01
2.023395e-01
4.492673e-01
1.112789e-01
1.278282e-01
0
1.085234e-01
0
2.495880e-01
9.491078e-01
9.212025e-01
8.467391e-01
8.719503e-01
9.038544e-01
1
8.474383e-01
8.261338e-01
0
0
0
0
2.943444e-01
4.118991e-01
0
0
0
0
8.540011e-02
0
6.046678e-02
2.878374e-01
0
0
4.208086e-01
5.178232e-01
0
0
0
0
0
0
0
0
0
0
0
0
2.772509e-02
0
0
0
0
0
3.284280e-02
7.800023e-02
0
0
0
0
0
0
1.900592e-01
2.064188e-01
5.565424e-01
2.721878e-02
2.495902e-01
4.168270e-01
0
0
0
2.577463e-01
5.371547e-02
0
1.611579e-01
1.535623e-01
4.347535e-02
0
0
1.010303e-01
0
0
0
0
0
0
0
0
0
0
0
7.212177e-02
2.158894e-01
0
0
0
0
0
0
0
0
0
0
0
0
0
0
0
0
2.644313e-01
0
0
1.526039e-02
0
0
7.436118e-02
7.073506e-01
6.296883e-01
3.117454e-02
2.926156e-01
0
8.159856e-02
2.044164e-02
7.462542e-02
0
2.286687e-02
8.758905e-01
8.284094e-01
7.612463e-01
7.609077e-01
8.781055e-01
8.474383e-01
1
8.825856e-01
1.289780e-01
0
0
0
5.001442e-01
5.275026e-01
0
0
0
1.336936e-01
2.754728e-01
2.297966e-02
1.166655e-01
3.865996e-01
0
0
1.940855e-01
3.464113e-01
0
0
0
0
0
0
0
0
0
0
0
0
2.884105e-02
0
0
0
0
0
1.433088e-01
0
0
0
0
0
0
0
0
1.433762e-01
5.267580e-01
2.071631e-02
2.880662e-01
5.498652e-01
0
0
0
9.630204e-02
0
0
0
0
1.916901e-01
0
0
9.626589e-02
0
0
0
0
0
0
0
0
4.689430e-02
8.278176e-03
0
7.844932e-02
1.409167e-01
0
0
0
0
0
0
0
0
0
0
0
2.768183e-02
0
0
0
0
4.496552e-01
1.530110e-02
0
0
0
0
2.275056e-02
5.662654e-01
5.286718e-01
8.411766e-02
3.443316e-01
0
9.964788e-02
0
0
0
6.197258e-04
8.306475e-01
8.115688e-01
7.689452e-01
7.850829e-01
8.671659e-01
8.261338e-01
8.825856e-01
1.000000e+00
9.024957e-02
3.180712e-03
0
0
3.647719e-01
4.157309e-01
0
0
0
0
4.105119e-02
1.687707e-02
0
2.191023e-01
0
0
3.204737e-01
4.251991e-01
0
0
0
0
0
0
1.128055e-01
5.550158e-02
8.085431e-03
0
0
0
0
0
0
0
0
0
4.654083e-02
0
0
0
0
0
0
0
0
0
4.024266e-01
8.744186e-02
1.871071e-01
5.045954e-01
0
0
0
9.805510e-02
0
0
6.064305e-02
0
1.646535e-02
0
0
0
0
0
0
0
2.253725e-01
2.104134e-01
0
0
0
0
0
0
0
0
1.321038e-01
2.894091e-01
0
6.658721e-02
0
0
8.727160e-04
6.437422e-02
0
0
0
0
0
0
1.148051e-03
0
0
0
0
0
0
0
0
0
0
0
0
0
0
0
0
0
0
0
0
0
0
0
1.289780e-01
9.024957e-02
1.000000e+00
9.052952e-01
8.332282e-01
7.433796e-01
6.268925e-01
6.483936e-01
2.737210e-01
2.860524e-01
6.401444e-01
5.376301e-01
1.742066e-01
7.765178e-02
1.497626e-01
2.255364e-02
0
1.798477e-01
0
0
0
0
0
0
0
1.618302e-01
1.168452e-01
2.487377e-01
0
8.379249e-02
0
0
0
1.803462e-01
0
0
0
2.760325e-01
4.110165e-02
0
6.560381e-01
6.553646e-01
4.467079e-02
0
0
0
0
0
2.709360e-02
1.626094e-01
8.016160e-02
5.561870e-03
0
0
0
0
1.520430e-01
0
0
0
1.932918e-01
2.995493e-01
1.433811e-01
0
3.956979e-01
2.239511e-01
0
0
4.317883e-02
2.145514e-01
3.294922e-02
5.137348e-02
0
5.371315e-02
0
0
0
0
2.561756e-01
1.452570e-01
0
0
0
0
8.519193e-03
1.035114e-01
0
0
0
0
9.618234e-02
0
1.739655e-01
0
0
0
0
0
0
0
0
0
1.603973e-01
0
0
0
0
0
0
0
0
0
0
0
0
0
0
3.180712e-03
9.052952e-01
1
8.599471e-01
8.702049e-01
3.842920e-01
4.817023e-01
1.805955e-01
2.198209e-01
5.180443e-01
4.930164e-01
4.345657e-02
5.144503e-02
1.122617e-02
0
1.335942e-01
2.707690e-01
0
0
0
0
0
0
0
1.009523e-01
5.505937e-02
1.507681e-01
0
0
0
1.633139e-01
0
2.433929e-01
0
0
2.012112e-01
3.932137e-01
0
0
6.330003e-01
7.243425e-01
6.039704e-02
0
0
0
0
0
0
1.655829e-01
0
0
6.693687e-02
0
0
0
2.895242e-01
0
0
0
0
2.231960e-01
1.511712e-01
0
3.224467e-01
2.455706e-01
0
0
3.522112e-01
4.469896e-01
2.133673e-02
0
0
0
0
0
0
0
2.626065e-01
4.032638e-01
0
0
0
0
1.476851e-01
2.552395e-01
1.663996e-01
0
0
0
8.644670e-03
0
0
0
0
0
0
1.673602e-01
0
0
0
0
0
0
0
0
0
0
0
0
0
0
0
0
0
0
0
0
8.332282e-01
8.599471e-01
1
8.687086e-01
3.949317e-01
4.112273e-01
3.250786e-01
4.976915e-01
7.029689e-01
5.886337e-01
2.515501e-01
0
2.795540e-01
0
0
1.498792e-01
0
0
0
0
0
0
0
7.923153e-02
2.661944e-02
1.089186e-01
0
9.769632e-02
7.545440e-02
1.397309e-01
1.230338e-01
1.706028e-01
0
1.044329e-01
2.245578e-01
2.660713e-01
1.535957e-01
2.065810e-03
7.711171e-01
8.836826e-01
7.455484e-02
0
0
0
0
1.408807e-03
0
1.019013e-01
0
0
2.685807e-01
0
0
0
3.018144e-01
9.775683e-02
6.326951e-03
0
9.670657e-02
3.489077e-01
3.255159e-01
7.074777e-03
3.484860e-01
3.266160e-01
1.292998e-01
1.182089e-01
7.701286e-02
3.130734e-01
9.200196e-02
0
0
0
0
0
0
0
3.325079e-01
1.133131e-01
0
0
0
0
2.807583e-01
2.920363e-01
4.167075e-02
0
0
6.495391e-02
1.149678e-01
0
1.971886e-01
0
0
5.240188e-02
0
7.054997e-02
0
0
0
0
1.620713e-01
0
0
0
0
0
0
0
0
0
0
0
0
0
0
0
7.433796e-01
8.702049e-01
8.687086e-01
1.000000e+00
2.661659e-01
3.813569e-01
3.484065e-01
4.126569e-01
5.756502e-01
4.941012e-01
1.636502e-01
0
9.018680e-02
0
6.378494e-02
5.618355e-02
0
0
0
0
0
0
0
9.153457e-02
8.450284e-02
2.358878e-02
0
1.760473e-02
6.797391e-02
2.297277e-01
1.644719e-01
7.257685e-02
0
0
1.934468e-01
1.145391e-01
5.438922e-03
0
5.520315e-01
7.197202e-01
1.247639e-01
0
0
0
1.464719e-01
0
0
1.074619e-01
4.370603e-03
0
2.379652e-01
0
0
0
3.582487e-01
3.615675e-02
0
0
0
9.806541e-02
2.019835e-01
2.158709e-01
4.370496e-01
2.658089e-01
0
1.691848e-02
1.408689e-01
0
0
0
0
0
0
2.296770e-02
0
0
0
3.038931e-01
0
1.321616e-01
0
0
0
0
0
0
0
0
0
0
0
0
0
0
5.829143e-02
1.635061e-01
0
0
0
0
0
0
0
0
2.075904e-01
3.292643e-01
0
0
2.660430e-01
3.733451e-01
1.677045e-01
1.965026e-01
3.662353e-01
2.943444e-01
5.001442e-01
3.647719e-01
6.268925e-01
3.842920e-01
3.949317e-01
2.661659e-01
1
8.790770e-01
1.605024e-02
1.702166e-01
5.688808e-01
4.356489e-01
3.797758e-01
0
4.531696e-01
4.669106e-01
0
0
0
6.580728e-02
3.785449e-02
0
0
0
0
0
1.142388e-01
5.019637e-02
1.917780e-01
7.964462e-02
0
0
1.703936e-01
0
1.379347e-01
3.408816e-01
0
0
4.267404e-01
3.732491e-01
4.632377e-01
1.864491e-01
0
0
0
0
4.388540e-02
1.848895e-01
5.015141e-01
0
3.596523e-01
8.037690e-02
0
0
0
0
0
0
6.761354e-02
0
3.850679e-01
3.759781e-01
6.235939e-02
1.508728e-01
8.532877e-02
0
0
0
0
0
0
0
0
0
0
1.257611e-01
0
0
0
3.322153e-01
0
1.075809e-01
0
0
8.489486e-02
0
0
0
0
0
0
0
0
0
0
0
0
6.156605e-02
0
0
0
0
0
0
0
3.843730e-02
1.940971e-02
2.425173e-01
0
0
3.318076e-01
3.720082e-01
1.151272e-01
1.953425e-01
4.569677e-01
4.118991e-01
5.275026e-01
4.157309e-01
6.483936e-01
4.817023e-01
4.112273e-01
3.813569e-01
8.790770e-01
1
1.908066e-01
2.159293e-01
6.172276e-01
5.706319e-01
3.379186e-01
1.624770e-03
3.854978e-01
3.985908e-01
0
0
0
2.442768e-02
3.027551e-02
0
0
0
0
0
0
0
0
5.913230e-02
0
0
2.465233e-01
0
0
1.622900e-01
0
0
3.572483e-01
2.426120e-01
5.029946e-01
2.747604e-01
0
0
0
0
1.432965e-01
2.842051e-01
4.291911e-01
3.535146e-02
2.631842e-01
1.479566e-01
0
0
0
0
1.185257e-01
0
2.422546e-01
0
4.282298e-01
3.992972e-01
2.605498e-01
1.513201e-01
1.489214e-01
0
0
0
5.295237e-01
3.046566e-01
0
0
0
5.977901e-02
0
4.532356e-02
0
1.588125e-01
0
1.519279e-01
0
3.872088e-02
0
0
7.164668e-01
4.440963e-01
2.287532e-01
3.381752e-01
0
0
7.366374e-02
0
6.714174e-02
0
1.120743e-01
0
2.317323e-01
4.127439e-02
0
0
0
0
0
0
1.414130e-01
9.113975e-02
0
0
9.402949e-02
0
0
0
0
0
3.704880e-03
0
0
0
2.737210e-01
1.805955e-01
3.250786e-01
3.484065e-01
1.605024e-02
1.908066e-01
1
5.939206e-01
4.611253e-01
1.556500e-01
1.821898e-01
8.839972e-03
1.587652e-01
0
0
2.368539e-02
0
0
6.674319e-01
6.325769e-01
1.843985e-01
0
3.525237e-01
4.542527e-01
3.048859e-01
3.061386e-01
0
1.328700e-01
5.903033e-01
1.771751e-01
5.731087e-01
0
0
0
0
0
1.004869e-01
0
1.867884e-01
3.228870e-01
2.690574e-01
1.098314e-01
0
1.234773e-01
1.318847e-01
1.240843e-01
0
4.138299e-01
3.631075e-01
2.738934e-01
4.609502e-01
9.365019e-03
2.364736e-01
0
1.569394e-01
2.037045e-01
4.725847e-01
0
6.594308e-02
1.728219e-01
4.209864e-01
5.219874e-01
5.505169e-01
3.352256e-01
3.981535e-01
0
5.543496e-01
6.139227e-01
0
0
0
0
0
0
0
0
0
4.665179e-01
0
0
0
0
4.139261e-01
6.056430e-01
4.392776e-01
1.036059e-01
0
0
0
0
0
0
0
0
5.270851e-01
6.058187e-01
0
0
0
0
0
0
0
1.438224e-02
8.639729e-02
0
1.100716e-03
0
0
0
0
0
0
0
0
0
2.860524e-01
2.198209e-01
4.976915e-01
4.126569e-01
1.702166e-01
2.159293e-01
5.939206e-01
1.000000e+00
6.414521e-01
4.987969e-01
6.104255e-01
0
5.144220e-01
2.310345e-01
0
0
0
0
3.059072e-01
0
0
0
1.329775e-01
2.709425e-01
2.872873e-01
4.678697e-02
0
4.410136e-01
3.020026e-01
0
5.447459e-01
0
3.225453e-01
1.831555e-01
0
0
4.517673e-01
1.247913e-01
2.996825e-01
5.435380e-01
0
0
0
0
0
1.871422e-01
0
1.633174e-01
4.256105e-01
4.230738e-02
2.920437e-01
0
6.896606e-02
0
3.370368e-01
2.099218e-01
9.918876e-02
0
1.034235e-01
1.964985e-01
2.266955e-01
3.369320e-01
1.206929e-01
4.386549e-01
3.390785e-01
3.969178e-01
4.745823e-01
1.853475e-01
0
0
0
0
0
0
0
0
0
4.114469e-01
0
2.093261e-02
0
0
9.308000e-02
6.448988e-02
0
0
0
0
0
0
0
0
0
0
1.572769e-01
2.653097e-01
0
0
0
0
0
0
2.551927e-02
1.075148e-01
1.966128e-02
1.302265e-01
2.208553e-02
0
0
0
0
0
0
0
0
0
6.401444e-01
5.180443e-01
7.029689e-01
5.756502e-01
5.688808e-01
6.172276e-01
4.611253e-01
6.414521e-01
1
7.856891e-01
5.490474e-01
0
6.718581e-01
4.112825e-01
0
0
0
0
2.981996e-01
0
0
0
1.297938e-01
3.023151e-01
3.075873e-01
2.868322e-01
4.355001e-02
3.842784e-01
0
0
2.621280e-01
0
1.396691e-01
2.012278e-01
0
0
4.394427e-01
3.084786e-01
6.416091e-01
6.193197e-01
0
0
0
0
2.255698e-01
2.325911e-01
1.021025e-01
6.712017e-02
4.376435e-01
0
1.264746e-01
0
1.904664e-02
0
3.673258e-01
3.810801e-01
3.422755e-01
0
2.026813e-01
5.093313e-01
3.856808e-01
1.508373e-01
2.940581e-01
1.310566e-01
2.631214e-01
3.461067e-01
2.693831e-01
1.298778e-01
0
2.684401e-01
0
0
0
2.377062e-01
0
0
0
6.035979e-01
0
1.181975e-01
0
0
0
0
0
0
0
0
0
0
0
0
0
0
4.190404e-02
2.705783e-01
0
0
0
2.796287e-02
0
0
0
0
0
1.111299e-01
0
0
0
1.948989e-04
0
0
6.403730e-03
0
1.336936e-01
0
5.376301e-01
4.930164e-01
5.886337e-01
4.941012e-01
4.356489e-01
5.706319e-01
1.556500e-01
4.987969e-01
7.856891e-01
1
6.607852e-01
9.900328e-02
6.081270e-01
4.844724e-01
0
0
0
4.894849e-02
0
0
0
0
0
0
0
0
0
3.194805e-01
0
0
8.122821e-02
0
3.746208e-02
2.355161e-01
0
0
4.575446e-01
2.712302e-01
5.900132e-01
5.292926e-01
0
0
0
0
6.241457e-02
3.772091e-01
9.599304e-03
4.399194e-02
1.738966e-01
0
0
0
0
0
3.491478e-01
2.132502e-01
2.428158e-01
0
3.116921e-01
4.663008e-01
3.644062e-01
0
1.638975e-01
0
1.413760e-01
5.178628e-01
4.032800e-01
2.865911e-01
0
0
0
0
0
1.158732e-01
0
0
0
4.525195e-01
6.299044e-02
0
0
0
9.874948e-02
5.433130e-02
0
0
0
0
0
0
0
0
0
0
5.778709e-01
5.253924e-01
0
0
1.675475e-01
2.050243e-01
0
0
0
0
1.820578e-01
0
0
0
2.236855e-01
2.568327e-01
8.592316e-02
9.742771e-02
2.093350e-01
8.540011e-02
2.754728e-01
4.105119e-02
1.742066e-01
4.345657e-02
2.515501e-01
1.636502e-01
3.797758e-01
3.379186e-01
1.821898e-01
6.104255e-01
5.490474e-01
6.607852e-01
1
4.147318e-03
7.358627e-01
6.007668e-01
0
0
0
0
1.887075e-01
0
0
0
0
0
0
0
1.833274e-01
3.961662e-01
0
0
4.938650e-01
0
3.366347e-01
4.326353e-01
0
0
5.442186e-01
4.317795e-01
2.185052e-01
7.488882e-02
0
0
0
0
0
3.661910e-01
4.714352e-02
1.268085e-01
4.998224e-01
2.006831e-01
0
0
0
0
0
2.234875e-01
1.910417e-01
5.206307e-02
5.725663e-02
3.252149e-01
1.803349e-01
3.411808e-01
3.270417e-02
0
0
5.747503e-01
1.417415e-01
1.322306e-02
0
5.088091e-01
1.708443e-02
5.192211e-01
0
6.225335e-01
1.918786e-01
5.035167e-01
2.359254e-01
3.263771e-01
3.526320e-01
5.738835e-01
1.074895e-01
3.042975e-01
0
0
0
1.845063e-02
0
0
3.674570e-02
2.162890e-01
5.759403e-02
1.809739e-01
1.008409e-02
4.118526e-02
0
0
0
8.977793e-02
0
7.926862e-03
2.135369e-02
1.678328e-01
0
0
0
3.579457e-02
0
0
0
0
0
0
0
0
2.297966e-02
1.687707e-02
7.765178e-02
5.144503e-02
0
0
0
1.624770e-03
8.839972e-03
0
0
9.900328e-02
4.147318e-03
1
0
7.342641e-02
1.465321e-01
4.566090e-01
0
0
0
0
0
0
0
0
0
0
0
0
0
0
0
1.285326e-01
0
0
1.316460e-01
4.110350e-01
0
0
1.277257e-01
0
0
0
5.284680e-02
1.289380e-01
0
2.018503e-01
0
3.369194e-01
0
7.436599e-02
0
0
0
0
0
0
1.520134e-01
0
2.782902e-01
1.883010e-01
2.755033e-01
0
5.361701e-02
0
0
0
3.715552e-01
2.188598e-02
0
0
0
0
0
7.873454e-02
0
0
0
3.752688e-01
0
2.373242e-02
0
0
0
0
0
0
0
0
0
0
0
0
0
0
4.701567e-01
5.376324e-01
0
0
0
2.111888e-02
0
0
0
1.012492e-01
2.509967e-01
2.823705e-01
0
0
1.656576e-01
2.994048e-01
1.415834e-01
2.078656e-01
1.037747e-01
6.046678e-02
1.166655e-01
0
1.497626e-01
1.122617e-02
2.795540e-01
9.018680e-02
4.531696e-01
3.854978e-01
1.587652e-01
5.144220e-01
6.718581e-01
6.081270e-01
7.358627e-01
0
1
7.714429e-01
0
0
0
1.375262e-01
3.770721e-01
0
0
0
0
7.100012e-02
4.212914e-02
4.696720e-02
2.525043e-01
4.990378e-01
0
0
3.990682e-01
0
5.319762e-01
5.013833e-01
0
0
7.237177e-01
6.134620e-01
3.626617e-01
1.477972e-01
0
0
0
0
1.955281e-01
5.271413e-01
2.250438e-01
3.908623e-02
3.192507e-01
0
0
0
0
0
2.419029e-01
5.244737e-01
4.340061e-01
7.885552e-02
1.856811e-01
5.964557e-01
3.735107e-01
1.548340e-01
0
0
3.252106e-01
6.836114e-01
2.994871e-01
0
0
1.462722e-01
0
0
0
3.436722e-01
0
0
0
2.766094e-01
0
1.516938e-01
0
0
0
0
0
0
0
0
0
0
0
0
0
0
3.516248e-01
3.464105e-01
0
5.585533e-02
1.781537e-01
2.107480e-01
0
0
0
3.261122e-01
3.713720e-01
4.373511e-01
0
0
3.677620e-01
5.267680e-01
3.902359e-01
4.544011e-01
2.309636e-01
2.878374e-01
3.865996e-01
2.191023e-01
2.255364e-02
0
0
0
4.669106e-01
3.985908e-01
0
2.310345e-01
4.112825e-01
4.844724e-01
6.007668e-01
7.342641e-02
7.714429e-01
1.000000e+00
0
0
1.090025e-01
3.850505e-01
2.436431e-01
0
0
0
0
1.867527e-02
0
0
3.319221e-01
5.120683e-01
0
0
1.092433e-01
0
5.016768e-01
4.865772e-01
0
0
5.355425e-01
6.197999e-01
2.565806e-01
0
0
0
0
0
0
2.954350e-01
4.866013e-01
0
3.024825e-01
8.796611e-02
0
0
0
2.377791e-01
0
2.831808e-01
1.503071e-01
0
3.512021e-01
5.758884e-01
2.244821e-01
0
0
0
0
4.544609e-01
0
0
7.376824e-01
0
6.412983e-01
4.620222e-01
6.306171e-01
0
3.326470e-01
2.282757e-01
6.180915e-01
0
2.190413e-01
0
3.126157e-01
8.464717e-02
0
0
1.723681e-01
1.668805e-01
1.619990e-01
4.557611e-01
8.682340e-01
8.166841e-01
7.820316e-01
4.165983e-01
4.979878e-01
2.347279e-01
0
0
5.219094e-01
2.001719e-01
2.154980e-04
0
6.920301e-01
4.465270e-01
1.756778e-01
0
0
0
1.186991e-01
3.282738e-01
0
0
0
0
0
0
0
0
0
1.335942e-01
0
6.378494e-02
0
0
0
0
0
0
0
1.465321e-01
0
0
1
6.585526e-01
3.103214e-01
1.353488e-02
0
3.255151e-01
5.396985e-01
3.787365e-01
3.556549e-01
1.680342e-01
5.226239e-02
2.303017e-01
0
0
1.418864e-01
2.994870e-01
0
3.763622e-01
0
0
6.907814e-01
5.404181e-01
0
0
0
0
3.148385e-01
4.797720e-01
5.220148e-01
6.409806e-01
0
0
0
7.660484e-02
0
1.231133e-01
1.597303e-01
5.588577e-01
2.738796e-01
0
0
0
0
4.095164e-02
0
0
0
0
1.765948e-01
0
0
0
1.092678e-02
2.440755e-01
4.707806e-01
3.245890e-01
4.432758e-01
7.042099e-01
3.444046e-01
1.939546e-01
1.274834e-01
5.967139e-01
4.087915e-01
6.267295e-02
3.446748e-01
2.942541e-01
3.277549e-01
4.567465e-01
3.828073e-02
1.755200e-01
3.163155e-01
9.865602e-02
1.232151e-01
3.547381e-01
5.479727e-01
5.856123e-01
5.833358e-01
1.276022e-01
4.525717e-01
2.726002e-01
0
0
7.781978e-02
0
0
0
2.551513e-01
9.691065e-02
0
0
0
0
0
7.914911e-02
0
0
0
0
0
0
0
0
1.798477e-01
2.707690e-01
1.498792e-01
5.618355e-02
0
0
2.368539e-02
0
0
0
0
4.566090e-01
0
0
6.585526e-01
1.000000e+00
0
0
0
3.414731e-01
4.178902e-01
4.677811e-01
6.049919e-02
1.302650e-02
0
1.941586e-02
0
0
2.622084e-01
3.561909e-01
0
6.895596e-01
0
0
5.736352e-01
7.765275e-01
0
0
1.058998e-01
2.636679e-01
3.956222e-01
3.083055e-01
5.668145e-01
4.659555e-01
0
0
0
2.798424e-01
0
0
2.765657e-01
3.507063e-01
8.935408e-02
0
0
0
0
0
0
0
8.318828e-02
0
2.094043e-01
2.439404e-01
0
0
0
0
0
5.272150e-02
4.344397e-02
0
2.841651e-01
0
1.760811e-02
0
0
0
0
0
0
0
0
0
0
0
1.695711e-01
1.204450e-01
1.270632e-01
3.125516e-01
0
2.588935e-01
0
0
0
0
1.534684e-01
3.648708e-01
3.427191e-01
1.669767e-01
3.881257e-01
5.384390e-01
3.727416e-01
4.506927e-01
8.578149e-02
1.732944e-01
2.843449e-01
2.828552e-01
3.444831e-01
4.430814e-01
5.631530e-01
5.651204e-01
1.974306e-01
4.208086e-01
1.940855e-01
3.204737e-01
0
0
0
0
0
0
0
0
0
0
0
0
0
1.090025e-01
3.103214e-01
0
1
8.597012e-01
1.510664e-02
1.525213e-01
3.196492e-02
2.208074e-01
2.112508e-01
2.063283e-01
2.245875e-01
2.674054e-01
3.254788e-01
1.249901e-01
0
0
0
0
0
0
5.212716e-02
2.911727e-02
0
6.805218e-02
0
0
8.132268e-02
2.066572e-01
3.618822e-01
1.746949e-01
1.526550e-01
0
4.890807e-01
0
1.454092e-02
6.056459e-03
0
3.368961e-01
9.453524e-02
5.960048e-01
0
1.262433e-01
0
3.583283e-01
0
0
0
0
0
0
0
0
0
0
0
3.140210e-01
0
0
0
1.869080e-02
0
0
0
0
0
0
0
0
0
0
0
0
2.255134e-02
0
0
3.754858e-02
0
1.590185e-01
0
0
0
0
0
3.456496e-01
3.086520e-01
3.794913e-01
2.646447e-01
5.936408e-01
1.673307e-01
4.255402e-01
0
3.029048e-01
0
1.517342e-01
4.896222e-01
5.728308e-01
6.767894e-01
7.165867e-01
2.661164e-01
5.178232e-01
3.464113e-01
4.251991e-01
0
0
0
0
6.580728e-02
2.442768e-02
0
0
0
4.894849e-02
0
0
1.375262e-01
3.850505e-01
1.353488e-02
0
8.597012e-01
1.000000e+00
0
0
0
0
0
4.543069e-02
0
1.160413e-01
2.187669e-01
2.067742e-01
0
0
0
0
0
2.763205e-02
0
4.771586e-02
0
2.768707e-01
0
0
0
0
1.313053e-01
0
1.246257e-01
0
4.573866e-01
0
0
0
0
0
0
3.566841e-01
7.561107e-02
1.950606e-01
2.047555e-03
4.401431e-01
0
1.079222e-01
0
0
0
0
0
1.278256e-01
4.175293e-01
0
0
0
0
0
0
8.795314e-02
0
0
0
0
0
8.418414e-02
0
0
4.161984e-01
5.816456e-02
5.416663e-03
5.316480e-01
0
0
0
0
0
0
0
0
3.272859e-01
4.889696e-02
0
0
0
0
0
0
3.443564e-01
3.161566e-01
1.779992e-01
1.999599e-02
3.955974e-01
0
0
7.166041e-02
0
3.135044e-02
1.556746e-01
0
0
0
0
0
0
0
3.785449e-02
3.027551e-02
6.674319e-01
3.059072e-01
2.981996e-01
0
1.887075e-01
0
3.770721e-01
2.436431e-01
0
0
1.510664e-02
0
1
6.030149e-01
8.668074e-02
1.278918e-01
4.202212e-01
5.300600e-01
4.962529e-01
3.972912e-01
4.597086e-01
4.702587e-01
3.148807e-01
0
4.773756e-01
0
2.883406e-01
4.300651e-02
0
0
2.221362e-01
8.478946e-02
0
0
3.263227e-01
1.788049e-01
0
0
2.417175e-01
5.204985e-02
1.176996e-01
9.856672e-02
5.363269e-01
2.562847e-01
3.021432e-01
0
2.885012e-01
1.834528e-01
0
3.102882e-01
5.165246e-01
0
0
1.267883e-01
1.961593e-01
5.296262e-01
1.808516e-01
0
2.051685e-01
4.815098e-02
8.082083e-02
0
3.632821e-03
0
1.188057e-01
2.767553e-01
0
6.565695e-02
0
7.820591e-02
0
0
0
9.514266e-02
0
0
4.022797e-01
1.774731e-01
4.508105e-02
4.949547e-01
0
1.021776e-01
4.440519e-01
4.490712e-01
3.365240e-01
1.129127e-01
3.674640e-01
5.091999e-02
0
0
0
0
0
0
0
0
3.473307e-01
3.180897e-01
0
0
1.809320e-01
2.111219e-01
0
0
0
0
0
0
0
0
0
0
0
0
0
0
6.325769e-01
0
0
0
0
0
0
0
3.255151e-01
3.414731e-01
1.525213e-01
0
6.030149e-01
1
3.834384e-01
4.002210e-01
4.655806e-01
5.269035e-01
3.793719e-01
4.408376e-01
0
1.148299e-01
5.703157e-01
1.923701e-01
2.888053e-02
1.781131e-01
0
0
4.212958e-02
0
0
0
0
8.378342e-03
5.950565e-01
3.873364e-01
5.679755e-01
3.901550e-01
1.625065e-01
0
0
3.271701e-01
2.064407e-02
1.647998e-01
4.930062e-01
3.821800e-01
3.510926e-01
1.210028e-01
1.327079e-01
2.132920e-01
4.107985e-01
2.765146e-02
0
0
2.281140e-01
1.307800e-01
2.791833e-01
2.065237e-01
3.348218e-01
0
9.015458e-02
9.207256e-02
4.485740e-01
0
5.366029e-01
3.297731e-01
6.254110e-01
0
2.708840e-01
3.492971e-01
4.735052e-01
0
2.890005e-01
0
2.417138e-01
2.703869e-01
3.149628e-01
3.380752e-01
4.662870e-01
4.432992e-01
5.253072e-01
5.523308e-01
5.613795e-01
4.654370e-01
5.886314e-01
0
6.896564e-01
2.103415e-01
0
0
1.202093e-01
0
0
0
2.723042e-01
0
1.368390e-01
0
0
0
3.345924e-01
1.595268e-01
0
0
0
0
0
0
0
0
0
0
0
0
0
0
1.843985e-01
0
0
0
0
0
0
0
5.396985e-01
4.178902e-01
3.196492e-02
0
8.668074e-02
3.834384e-01
1
6.255585e-01
5.268005e-01
2.084922e-01
4.009384e-01
1.837989e-01
8.358554e-02
0
4.973044e-01
2.476131e-01
3.588190e-02
3.665465e-01
0
0
3.459172e-01
1.790030e-01
0
0
0
3.783034e-02
6.517742e-01
6.717568e-01
3.976312e-01
4.845540e-01
0
0
0
0
7.693988e-02
0
4.718139e-01
4.462152e-01
4.818737e-01
1.699986e-01
0
0
0
5.361827e-02
0
0
0
1.943894e-01
4.406890e-01
3.264173e-01
0
0
9.501925e-02
2.229728e-01
2.753437e-01
0
2.623452e-01
2.781271e-01
4.242534e-01
1.587694e-01
9.752344e-02
2.416686e-01
9.475470e-02
0
4.114129e-01
2.325940e-01
3.591458e-01
4.887366e-01
0
3.014333e-01
5.337738e-01
4.441548e-01
4.632679e-01
6.760713e-01
3.714237e-01
3.962714e-01
2.443506e-01
0
3.939276e-01
1.025336e-01
0
0
0
0
0
0
6.252961e-02
0
0
0
0
0
1.772348e-01
3.960884e-01
0
0
0
0
0
0
0
0
0
0
0
0
0
0
0
0
0
0
0
0
0
0
3.787365e-01
4.677811e-01
2.208074e-01
0
1.278918e-01
4.002210e-01
6.255585e-01
1
2.922197e-01
3.326254e-01
2.188161e-01
2.757490e-01
2.168662e-01
1.003503e-01
4.033206e-01
8.933131e-02
0
3.784928e-01
0
0
1.274354e-01
1.720874e-01
0
3.135038e-02
0
0
6.693586e-01
4.578898e-01
6.722467e-01
3.292963e-01
0
0
0
1.460954e-01
2.521314e-02
0
4.688178e-01
4.701490e-01
4.532230e-01
1.429898e-01
0
0
0
1.417629e-01
0
0
0
6.897881e-02
1.015111e-01
3.861162e-01
7.255622e-02
0
3.355478e-01
1.205691e-01
2.338497e-01
0
1.543733e-01
0
4.505233e-01
0
0
0
1.106638e-01
0
0
0
0
0
7.062332e-02
0
3.140109e-01
6.018944e-01
1.168552e-01
2.467511e-01
5.220768e-01
3.508738e-01
2.374960e-01
0
2.379984e-01
0
0
0
6.613284e-02
0
0
0
0
0
4.849245e-01
2.367367e-01
1.599550e-02
0
6.236964e-01
2.761133e-01
0
0
0
0
0
0
0
0
0
0
0
0
0
0
3.525237e-01
1.329775e-01
1.297938e-01
0
0
0
0
0
3.556549e-01
6.049919e-02
2.112508e-01
0
4.202212e-01
4.655806e-01
5.268005e-01
2.922197e-01
1
8.172094e-01
8.326417e-01
6.886555e-01
2.291224e-01
2.100814e-02
2.255360e-01
0
0
0
0
0
2.067790e-01
3.349358e-02
0
0
0
0
3.504544e-01
4.400306e-01
1.206285e-01
1.907743e-01
4.399037e-02
0
0
6.209153e-02
5.141832e-01
1.367601e-01
2.231069e-01
2.023840e-01
4.293061e-01
1.678132e-01
0
3.128301e-01
1.262842e-01
0
0
0
0
7.750315e-02
2.061813e-01
1.429060e-01
6.437916e-03
0
4.307369e-01
2.518687e-01
0
0
0
0
9.866472e-02
0
0
0
0
0
0
0
0
0
0
5.858546e-03
2.695575e-01
4.852727e-01
0
2.357970e-01
3.349427e-01
1.890736e-01
0
0
0
0
1.638136e-02
0
0
0
0
0
0
0
2.220993e-01
4.251715e-01
0
0
4.592637e-01
2.869936e-01
0
0
0
0
0
0
0
0
1.618302e-01
1.009523e-01
7.923153e-02
9.153457e-02
0
0
4.542527e-01
2.709425e-01
3.023151e-01
0
0
0
7.100012e-02
1.867527e-02
1.680342e-01
1.302650e-02
2.063283e-01
4.543069e-02
5.300600e-01
5.269035e-01
2.084922e-01
3.326254e-01
8.172094e-01
1
7.726677e-01
8.334328e-01
2.241522e-01
3.231719e-01
1.787552e-01
0
0
0
0
0
0
0
0
0
0
3.541792e-02
3.996295e-01
1.567339e-01
1.778174e-01
0
4.954699e-02
0
0
3.122045e-01
5.615331e-01
1.176298e-01
3.100534e-01
7.708603e-02
4.371074e-01
0
1.200911e-01
3.502518e-01
1.489902e-01
0
0
0
0
1.566666e-01
2.307637e-01
2.621203e-01
1.097251e-01
0
2.165694e-01
3.788336e-02
0
0
0
0
2.681825e-01
0
0
0
0
0
0
0
0
0
5.112602e-02
1.257047e-01
1.758779e-01
3.908120e-01
3.146986e-01
3.306734e-01
2.533861e-01
1.067230e-01
8.783201e-02
0
1.870438e-01
0
4.097297e-02
0
0
0
0
0
0
0
3.598669e-01
3.192060e-01
1.423911e-01
0
6.079546e-01
2.286266e-02
0
1.294378e-02
0
0
1.254869e-01
0
0
1.128055e-01
1.168452e-01
5.505937e-02
2.661944e-02
8.450284e-02
1.142388e-01
0
3.048859e-01
2.872873e-01
3.075873e-01
0
0
0
4.212914e-02
0
5.226239e-02
0
2.245875e-01
0
4.962529e-01
3.793719e-01
4.009384e-01
2.188161e-01
8.326417e-01
7.726677e-01
1
6.505305e-01
3.507480e-01
3.029747e-01
1.718788e-01
0
0
0
0
0
0
0
1.801406e-02
0
0
6.888143e-02
4.628756e-01
3.755237e-01
5.207295e-02
0
1.234930e-01
0
1.809220e-01
0
6.210079e-01
8.437755e-02
1.831182e-01
0
2.947346e-01
1.669432e-01
5.403078e-02
1.530442e-01
7.491102e-02
0
0
0
0
1.955231e-01
8.010463e-02
2.669448e-01
0
0
3.019704e-01
3.622000e-02
5.582361e-03
0
0
0
1.277516e-01
0
0
0
0
0
0
5.605944e-02
0
0
0
0
1.505760e-01
3.619411e-01
3.267663e-02
1.243003e-01
3.864463e-01
3.722390e-01
5.346231e-02
0
1.499318e-01
0
0
0
0
0
0
0
0
0
1.507575e-01
2.110409e-01
0
0
3.185875e-01
9.045335e-02
0
3.951640e-02
0
0
9.835342e-02
0
0
5.550158e-02
2.487377e-01
1.507681e-01
1.089186e-01
2.358878e-02
5.019637e-02
0
3.061386e-01
4.678697e-02
2.868322e-01
0
0
0
4.696720e-02
0
2.303017e-01
1.941586e-02
2.674054e-01
1.160413e-01
3.972912e-01
4.408376e-01
1.837989e-01
2.757490e-01
6.886555e-01
8.334328e-01
6.505305e-01
1.000000e+00
2.733894e-01
1.166954e-01
7.043912e-02
0
0
0
0
0
0
6.972745e-02
0
0
0
6.928612e-02
3.253510e-01
1.858726e-02
2.728501e-01
0
1.940639e-01
0
0
2.018728e-01
4.398449e-01
5.057112e-02
2.401577e-01
0
4.169709e-01
0
1.083591e-01
1.651968e-01
2.571762e-01
0
0
0
0
0
2.292161e-01
2.799133e-01
1.333742e-01
0
3.472434e-01
0
0
0
0
0
7.883677e-02
2.434667e-02
0
0
8.935072e-02
0
2.344274e-01
1.862703e-01
0
2.466923e-01
0
0
0
3.698847e-01
4.082298e-02
0
0
0
0
0
0
0
1.427434e-01
2.604739e-02
0
2.608716e-01
5.788948e-02
0
0
0
1.679180e-01
1.373383e-01
4.723289e-01
1.844174e-01
3.112483e-01
0
1.743802e-02
1.682116e-01
1.472679e-01
1.492804e-01
0
0
0
8.085431e-03
0
0
0
0
1.917780e-01
0
0
0
4.355001e-02
0
1.833274e-01
0
2.525043e-01
3.319221e-01
0
0
3.254788e-01
2.187669e-01
4.597086e-01
0
8.358554e-02
2.168662e-01
2.291224e-01
2.241522e-01
3.507480e-01
2.733894e-01
1
5.485964e-01
0
0
0
0
4.252947e-01
4.081924e-01
0
0
3.410210e-01
4.480949e-01
0
0
2.461067e-01
8.953800e-02
0
0
0
0
3.095851e-01
0
4.438142e-01
0
7.683650e-02
0
3.234900e-01
3.394555e-01
0
3.629581e-02
4.249107e-02
0
0
8.104078e-02
0
1.281911e-01
0
0
0
8.931803e-03
3.202277e-01
2.230345e-01
0
0
0
0
0
5.880968e-02
0
0
0
1.692549e-01
0
0
0
0
0
1.507012e-01
2.943364e-02
1.488923e-01
0
0
0
0
0
0
0
0
3.397952e-01
3.226886e-01
0
0
4.298415e-02
2.930712e-02
0
0
1.393581e-02
4.433634e-01
3.590521e-01
5.809538e-02
1.442980e-01
0
0
6.178466e-02
0
4.998076e-02
0
0
0
0
8.379249e-02
0
9.769632e-02
1.760473e-02
7.964462e-02
5.913230e-02
1.328700e-01
4.410136e-01
3.842784e-01
3.194805e-01
3.961662e-01
0
4.990378e-01
5.120683e-01
0
0
1.249901e-01
2.067742e-01
4.702587e-01
1.148299e-01
0
1.003503e-01
2.100814e-02
3.231719e-01
3.029747e-01
1.166954e-01
5.485964e-01
1
0
0
9.684726e-02
0
3.988387e-01
4.049796e-01
0
0
3.380505e-01
4.284747e-01
9.387651e-02
1.210015e-01
2.261616e-01
0
0
0
0
0
2.135485e-01
0
3.553836e-01
0
2.720965e-01
0
2.608145e-01
9.372710e-02
2.532752e-02
2.587817e-01
0
0
0
2.788058e-01
3.775746e-02
1.869326e-01
0
0
6.993982e-02
3.327880e-01
1.716882e-01
2.051987e-01
2.717455e-01
0
2.195409e-01
3.002920e-01
1.349957e-02
0
0
2.512902e-01
0
0
1.600553e-03
0
1.919967e-01
0
7.089525e-01
7.393882e-01
4.306748e-01
3.670361e-01
1.029669e-02
2.780819e-01
2.227785e-01
7.205303e-02
2.712140e-01
0
4.051756e-01
2.722217e-01
2.766155e-01
1.348884e-01
0
0
0
0
0
0
6.464674e-02
0
0
0
4.556251e-02
2.351568e-01
0
0
0
0
0
0
0
0
0
0
7.545440e-02
6.797391e-02
0
0
5.903033e-01
3.020026e-01
0
0
0
0
0
0
1.418864e-01
2.622084e-01
0
0
3.148807e-01
5.703157e-01
4.973044e-01
4.033206e-01
2.255360e-01
1.787552e-01
1.718788e-01
7.043912e-02
0
0
1
6.318983e-01
5.058664e-01
2.804120e-01
3.924986e-02
0
1.090185e-01
0
0
0
0
2.436980e-01
3.283285e-01
2.701675e-01
2.335463e-01
2.331425e-01
1.762348e-02
0
0
2.359406e-01
0
1.988444e-01
5.738942e-01
3.822028e-01
1.912819e-01
4.195008e-02
2.487776e-01
1.969002e-01
2.109868e-01
6.578504e-02
0
6.896062e-02
3.244745e-01
3.419570e-01
1.540880e-01
6.101774e-01
5.692466e-01
0
0
1.087161e-01
5.072144e-01
0
5.019730e-01
5.336664e-01
9.098913e-02
0
3.442193e-01
4.372739e-01
2.317659e-01
0
1.116269e-01
0
3.975905e-01
0
5.418239e-01
5.612405e-01
2.098677e-01
0
2.160888e-02
2.054203e-01
2.835233e-01
2.128227e-01
5.413574e-01
2.950387e-01
4.715409e-01
4.941088e-01
2.317658e-02
0
4.364426e-01
0
2.750091e-02
0
3.379539e-01
0
0
0
0
0
0
8.962709e-02
0
0
0
0
0
0
0
0
0
1.633139e-01
1.397309e-01
2.297277e-01
0
0
1.771751e-01
0
0
0
0
0
0
0
2.994870e-01
3.561909e-01
0
0
0
1.923701e-01
2.476131e-01
8.933131e-02
0
0
0
0
0
0
6.318983e-01
1
3.386797e-01
2.835028e-01
0
0
2.909914e-01
4.086717e-02
0
0
9.796301e-02
2.600921e-01
7.596026e-02
1.402421e-01
2.135721e-01
3.256476e-01
3.237586e-02
0
0
0
0
1.845148e-01
3.810441e-01
3.503255e-01
3.778558e-02
0
1.253875e-01
0
0
0
0
0
2.102539e-01
7.067852e-02
5.484230e-02
2.933842e-01
2.195107e-01
0
2.338763e-01
2.014547e-01
0
0
0
0
0
0
0
1.498603e-01
0
2.232544e-01
5.605303e-02
0
0
0
7.938864e-01
5.369293e-01
1.073284e-01
0
0
0
0
0
0
0
0
0
7.330921e-01
5.430442e-01
0
0
1.140953e-01
0
0
0
0
0
2.275308e-01
0
7.465245e-02
0
9.057282e-02
2.962271e-02
0
0
1.838933e-01
2.772509e-02
2.884105e-02
0
0
0
1.230338e-01
1.644719e-01
1.703936e-01
2.465233e-01
5.731087e-01
5.447459e-01
2.621280e-01
8.122821e-02
4.938650e-01
0
3.990682e-01
1.092433e-01
0
0
0
0
4.773756e-01
2.888053e-02
3.588190e-02
0
0
0
0
0
0
9.684726e-02
5.058664e-01
3.386797e-01
1
0
4.001575e-01
2.739419e-01
0
0
3.468531e-01
1.287027e-01
5.754645e-02
3.739356e-02
0
1.323333e-02
0
0
4.868626e-02
3.361596e-01
5.267694e-03
1.233749e-01
2.733586e-01
3.829723e-01
9.677004e-02
0
0
0
0
1.114877e-01
3.026498e-01
3.854294e-02
0
1.512353e-01
3.996793e-01
7.407886e-01
1.296632e-01
1.452586e-01
2.289463e-01
1.473778e-01
0
1.201558e-01
2.869987e-01
2.178527e-01
2.918478e-01
4.602432e-01
2.053707e-01
9.373125e-02
1.520160e-01
4.159827e-01
1.859438e-01
5.101654e-02
1.347408e-01
2.754392e-01
2.676543e-01
3.881966e-01
7.425955e-02
1.908778e-01
1.007071e-01
0
1.284614e-01
3.513182e-01
2.822229e-01
2.832591e-01
3.473246e-01
2.537128e-02
2.410727e-01
1.467066e-02
0
0
0
0
0
0
2.666501e-01
1.208935e-01
0
0
0
0
0
2.492066e-01
0
0
0
0
0
0
0
0
1.803462e-01
2.433929e-01
1.706028e-01
7.257685e-02
0
0
0
0
0
0
0
1.285326e-01
0
0
3.763622e-01
6.895596e-01
0
0
0
1.781131e-01
3.665465e-01
3.784928e-01
0
0
0
0
0
0
2.804120e-01
2.835028e-01
0
1
0
0
4.091533e-01
7.031694e-01
0
0
2.462198e-01
2.256697e-01
2.333243e-01
2.049320e-01
4.799749e-01
4.023487e-01
0
0
0
2.504793e-01
0
0
1.111739e-01
1.927855e-01
0
0
1.104754e-02
0
0
2.064770e-01
5.713230e-02
1.298870e-01
3.083952e-01
0
2.110983e-01
2.785937e-01
6.970207e-02
0
4.586437e-01
2.699293e-01
0
0
0
0
0
0
0
0
0
1.070075e-01
2.353175e-01
0
3.290121e-01
1.032173e-01
1.179591e-01
2.903630e-02
1.474843e-01
2.912388e-01
0
0
0
0
0
0
0
0
7.367720e-01
7.291116e-01
1.721187e-01
3.476930e-01
9.363511e-02
0
0
0
2.157455e-01
2.448193e-01
7.912980e-01
4.635366e-01
3.532498e-01
0
0
0
0
0
0
0
0
0
0
0
0
0
1.379347e-01
0
0
3.225453e-01
1.396691e-01
3.746208e-02
3.366347e-01
0
5.319762e-01
5.016768e-01
0
0
0
0
2.883406e-01
0
0
0
0
0
0
0
4.252947e-01
3.988387e-01
3.924986e-02
0
4.001575e-01
0
1
6.614477e-01
0
0
5.850533e-01
4.453737e-01
1.928073e-01
0
0
0
0
0
1.787181e-01
2.316350e-01
3.532288e-01
0
1.707296e-01
0
1.011156e-01
0
0
3.873037e-01
0
3.290799e-01
0
0
1.392278e-01
3.761766e-01
1.877045e-01
3.033803e-01
0
0
1.299227e-01
3.525082e-01
3.391767e-01
1.672280e-01
0
5.238323e-02
0
0
0
2.587113e-01
0
0
0
5.376975e-01
2.706002e-01
3.022286e-01
1.352156e-01
3.429043e-01
0
2.367131e-02
0
0
0
0
0
0
0
0
0
0
5.319095e-01
7.068275e-01
0
9.186072e-02
0
0
0
0
0
0
4.822301e-01
2.911549e-01
0
0
0
0
0
0
0
0
0
0
0
0
1.044329e-01
0
3.408816e-01
1.622900e-01
0
1.831555e-01
2.012278e-01
2.355161e-01
4.326353e-01
0
5.013833e-01
4.865772e-01
0
0
0
2.763205e-02
4.300651e-02
0
0
0
0
0
0
0
4.081924e-01
4.049796e-01
0
0
2.739419e-01
0
6.614477e-01
1
0
0
4.758469e-01
8.190839e-01
2.740378e-01
5.705157e-02
0
0
0
0
0
2.231288e-01
1.454305e-01
0
5.026417e-02
0
0
0
0
1.290421e-01
0
1.954542e-01
0
3.291057e-01
1.469539e-01
5.902515e-01
3.763381e-01
2.208153e-01
0
0
4.055263e-02
2.259498e-01
0
2.244993e-01
7.889087e-01
2.672385e-01
3.400112e-01
2.644361e-01
4.682008e-01
0
5.911421e-02
9.936795e-02
6.081366e-01
0
2.043779e-01
0
4.627995e-01
2.913067e-01
0
0
3.128502e-01
2.128381e-01
1.258918e-01
3.063575e-01
7.115174e-01
5.804145e-01
5.315661e-01
1.462493e-01
1.840344e-01
1.384799e-01
0
0
6.624970e-01
3.534153e-01
0
0
4.018162e-01
1.803253e-01
1.858318e-01
0
1.087075e-01
5.785927e-02
1.686505e-01
5.083893e-02
0
0
0
0
0
0
0
0
0
2.012112e-01
2.245578e-01
1.934468e-01
0
0
0
0
0
0
0
1.316460e-01
0
0
6.907814e-01
5.736352e-01
5.212716e-02
0
0
4.212958e-02
3.459172e-01
1.274354e-01
2.067790e-01
0
0
0
0
0
1.090185e-01
2.909914e-01
0
4.091533e-01
0
0
1
6.344810e-01
0
0
2.742450e-01
2.678709e-01
1.896927e-01
2.552956e-01
2.582609e-01
3.654918e-01
0
0
0
0
0
0
2.514727e-01
2.694523e-01
4.767219e-02
0
0
2.343012e-01
0
3.969935e-02
0
0
8.702426e-02
0
0
0
0
0
0
5.965667e-02
4.070371e-01
4.809185e-01
2.617437e-01
5.265480e-01
3.013862e-01
5.170357e-02
9.799566e-02
3.539525e-01
2.766888e-01
4.602012e-02
5.630586e-02
2.721582e-01
1.385616e-01
3.852721e-01
0
0
1.032252e-01
0
2.349407e-01
2.930307e-01
4.602940e-01
5.229214e-01
3.970564e-01
2.177482e-01
2.428520e-01
1.492916e-01
0
0
1.370126e-01
6.378952e-02
0
0
2.909783e-01
2.864577e-01
0
0
0
0
0
0
0
0
0
0
0
0
0
0
2.760325e-01
3.932137e-01
2.660713e-01
1.145391e-01
0
0
0
0
0
0
0
4.110350e-01
0
0
5.404181e-01
7.765275e-01
2.911727e-02
4.771586e-02
0
0
1.790030e-01
1.720874e-01
3.349358e-02
0
0
6.972745e-02
0
0
0
4.086717e-02
0
7.031694e-01
0
0
6.344810e-01
1.000000e+00
0
0
2.594410e-01
2.983044e-01
1.400349e-01
2.836396e-02
4.225782e-01
1.473741e-01
0
0
0
2.112158e-01
0
0
0
0
0
0
1.999213e-02
0
0
0
0
0
4.726966e-02
0
0
1.417733e-01
0
0
3.167164e-01
0
0
0
0
0
0
7.802350e-02
0
0
0
4.026830e-01
0
0
0
0
3.218093e-02
0
0
6.007937e-02
0
0
0
0
0
0
0
0
3.929115e-01
5.503447e-01
0
6.631413e-02
0
9.667098e-03
0
0
7.672200e-02
1.891027e-02
3.184119e-01
8.209208e-02
0
0
1.699464e-01
2.408176e-01
1.051164e-01
1.439886e-01
1.228227e-01
3.284280e-02
1.433088e-01
4.654083e-02
4.110165e-02
0
1.535957e-01
5.438922e-03
4.267404e-01
3.572483e-01
1.004869e-01
4.517673e-01
4.394427e-01
4.575446e-01
5.442186e-01
0
7.237177e-01
5.355425e-01
0
0
0
0
2.221362e-01
0
0
0
0
0
1.801406e-02
0
3.410210e-01
3.380505e-01
0
0
3.468531e-01
0
5.850533e-01
4.758469e-01
0
0
1
4.668610e-01
2.736618e-01
2.127878e-01
0
0
0
0
2.967776e-01
4.822681e-01
1.986124e-01
0
2.178437e-01
0
0
0
0
1.694233e-01
1.473402e-01
2.039783e-01
3.749176e-01
0
3.495632e-01
4.942409e-01
1.648238e-01
1.128686e-01
0
0
3.166396e-01
4.238282e-01
2.020104e-01
0
0
0
0
0
0
3.037367e-01
0
0
0
4.691422e-01
0
3.762082e-01
0
2.124582e-01
0
0
0
0
1.874269e-02
0
0
0
0
0
0
0
3.220102e-01
4.625184e-01
0
0
0
0
0
0
0
0
2.566685e-01
2.681220e-01
0
0
1.364715e-01
2.869334e-01
1.541298e-01
2.167131e-01
0
7.800023e-02
0
0
0
0
2.065810e-03
0
3.732491e-01
2.426120e-01
0
1.247913e-01
3.084786e-01
2.712302e-01
4.317795e-01
0
6.134620e-01
6.197999e-01
0
0
6.805218e-02
2.768707e-01
8.478946e-02
0
0
3.135038e-02
0
0
0
0
4.480949e-01
4.284747e-01
0
0
1.287027e-01
0
4.453737e-01
8.190839e-01
0
0
4.668610e-01
1.000000e+00
1.736506e-01
0
0
0
0
0
0
2.512810e-01
1.623629e-01
0
1.736667e-01
0
0
0
0
1.119044e-01
0
3.006471e-01
1.527211e-01
3.172075e-01
2.071501e-01
5.528185e-01
2.554809e-01
3.567567e-03
0
0
2.027950e-01
3.618639e-01
3.513246e-01
2.242562e-01
0
1.919835e-01
0
0
0
0
0
0
1.007759e-01
3.554891e-01
0
8.728198e-02
0
0
7.530465e-02
0
0
0
0
0
0
0
0
0
0
0
0
1.424008e-01
4.112935e-03
0
0
0
0
0
0
6.243671e-03
1.008571e-01
2.975541e-01
0
0
0
0
0
0
0
0
0
0
6.560381e-01
6.330003e-01
7.711171e-01
5.520315e-01
4.632377e-01
5.029946e-01
1.867884e-01
2.996825e-01
6.416091e-01
5.900132e-01
2.185052e-01
1.277257e-01
3.626617e-01
2.565806e-01
0
1.058998e-01
0
0
0
0
0
0
0
0
0
0
0
9.387651e-02
0
9.796301e-02
5.754645e-02
2.462198e-01
1.928073e-01
2.740378e-01
2.742450e-01
2.594410e-01
2.736618e-01
1.736506e-01
1.000000e+00
7.274530e-01
0
0
0
0
1.022466e-02
7.600482e-02
7.074425e-02
0
0
0
6.893281e-02
0
0
0
1.406514e-01
2.451724e-01
2.397806e-02
0
3.412328e-01
6.615807e-01
5.591560e-01
0
1.522011e-01
0
1.441341e-01
1.831316e-01
3.261562e-01
4.177720e-01
1.390667e-01
6.777522e-02
0
2.612527e-02
0
0
0
8.448202e-02
1.310548e-01
4.837778e-01
0
3.530444e-02
0
6.566376e-02
1.739630e-01
4.267780e-01
3.227458e-01
0
6.205133e-02
0
7.268418e-02
0
9.798969e-02
0
1.032510e-01
6.674454e-02
0
1.865538e-01
0
0
0
0
0
0
0
0
0
0
0
0
0
0
0
0
0
0
0
0
6.553646e-01
7.243425e-01
8.836826e-01
7.197202e-01
1.864491e-01
2.747604e-01
3.228870e-01
5.435380e-01
6.193197e-01
5.292926e-01
7.488882e-02
0
1.477972e-01
0
0
2.636679e-01
0
0
0
8.378342e-03
3.783034e-02
0
0
3.541792e-02
6.888143e-02
6.928612e-02
0
1.210015e-01
2.436980e-01
2.600921e-01
3.739356e-02
2.256697e-01
0
5.705157e-02
2.678709e-01
2.983044e-01
2.127878e-01
0
7.274530e-01
1
2.241898e-01
0
0
0
4.729290e-02
0
0
0
0
0
4.810663e-01
0
6.494973e-02
0
4.359941e-01
1.006283e-01
9.394158e-03
0
2.142399e-01
3.095199e-01
3.254517e-01
0
2.666227e-01
4.703360e-01
3.428935e-01
1.228660e-01
1.066081e-01
1.316407e-01
1.467252e-01
0
1.599521e-01
2.368132e-01
2.676570e-01
2.706194e-02
0
1.995337e-01
1.968214e-01
0
6.011600e-02
2.012600e-01
2.551533e-02
3.974016e-01
1.641921e-01
3.315059e-01
3.996221e-01
4.177989e-01
5.136926e-01
5.679974e-01
4.822515e-01
4.387495e-01
4.241453e-01
0
4.944419e-01
1.144219e-01
0
0
0
0
0
0
5.173111e-02
0
6.581800e-03
5.241868e-02
0
0
2.986571e-01
0
0
0
0
0
0
0
0
0
4.467079e-02
6.039704e-02
7.455484e-02
1.247639e-01
0
0
2.690574e-01
0
0
0
0
0
0
0
3.148385e-01
3.956222e-01
8.132268e-02
0
3.263227e-01
5.950565e-01
6.517742e-01
6.693586e-01
3.504544e-01
3.996295e-01
4.628756e-01
3.253510e-01
2.461067e-01
2.261616e-01
3.283285e-01
7.596026e-02
0
2.333243e-01
0
0
1.896927e-01
1.400349e-01
0
0
0
2.241898e-01
1.000000e+00
5.243892e-01
6.179590e-01
2.304352e-01
4.220321e-02
0
0
0
9.717931e-02
0
6.974422e-01
2.147869e-01
5.223720e-01
0
0
0
0
0
0
0
0
1.393324e-01
3.831851e-01
3.491799e-01
3.817477e-02
0
0
3.658432e-02
3.642931e-01
0
6.072796e-01
2.377237e-01
6.961940e-01
0
3.342229e-01
3.498038e-01
2.987579e-01
0
3.287582e-01
0
1.279147e-01
1.240271e-01
3.357324e-01
2.699669e-01
2.101372e-01
2.940940e-01
3.185901e-01
5.341293e-01
5.025649e-01
4.202046e-01
6.643958e-01
2.439821e-01
5.395809e-01
1.987436e-01
0
0
2.608808e-01
0
1.546335e-01
0
1.774690e-01
5.917408e-02
3.436140e-01
1.204955e-01
2.236575e-01
0
5.713261e-01
2.466279e-01
0
0
0
0
0
0
0
0
0
0
0
0
0
0
1.098314e-01
0
0
0
0
0
0
0
4.797720e-01
3.083055e-01
2.066572e-01
0
1.788049e-01
3.873364e-01
6.717568e-01
4.578898e-01
4.400306e-01
1.567339e-01
3.755237e-01
1.858726e-02
8.953800e-02
0
2.701675e-01
1.402421e-01
1.323333e-02
2.049320e-01
0
0
2.552956e-01
2.836396e-02
0
0
0
0
5.243892e-01
1.000000e+00
4.473497e-01
6.989987e-01
0
0
3.711916e-02
0
1.082555e-01
3.263903e-01
1.910611e-01
6.213935e-01
2.438528e-01
3.880176e-01
0
0
0
0
0
0
0
2.528023e-01
2.236673e-01
0
0
0
0
0
3.017337e-01
1.978788e-01
4.442459e-01
5.140011e-01
4.007964e-01
1.449895e-01
2.928412e-01
2.821629e-01
0
0
3.838821e-02
3.230389e-01
2.062530e-01
4.472263e-01
0
9.393736e-03
1.353794e-01
2.755805e-01
4.079853e-01
5.190058e-01
5.668095e-01
7.486516e-01
5.018360e-01
4.244856e-01
5.512776e-01
3.689267e-01
0
0
1.738526e-01
4.262827e-02
0
0
2.897350e-01
2.402280e-01
0
1.586158e-01
0
0
1.266082e-01
2.367721e-01
0
0
0
0
0
0
0
0
0
0
0
0
0
0
0
0
0
0
0
5.284680e-02
0
0
5.220148e-01
5.668145e-01
3.618822e-01
1.313053e-01
0
5.679755e-01
3.976312e-01
6.722467e-01
1.206285e-01
1.778174e-01
5.207295e-02
2.728501e-01
0
0
2.335463e-01
2.135721e-01
0
4.799749e-01
0
0
2.582609e-01
4.225782e-01
0
0
0
0
6.179590e-01
4.473497e-01
1
4.842564e-01
8.565477e-02
0
0
1.175067e-01
0
0
3.475976e-01
5.288477e-01
1.769916e-01
2.003612e-01
0
0
0
6.628724e-02
0
0
0
0
3.801821e-02
2.291302e-01
7.994785e-02
0
0
1.209552e-02
4.726020e-01
8.168761e-02
6.470426e-01
4.014357e-01
5.239905e-01
0
4.606439e-01
3.843762e-01
4.427082e-01
0
3.951838e-01
0
4.348816e-01
1.941647e-01
2.990173e-01
5.921173e-02
1.067694e-01
1.940000e-01
0
2.762735e-01
5.463915e-01
5.026925e-01
6.372796e-01
3.005037e-01
3.997132e-01
2.909423e-01
0
0
3.238556e-01
2.297084e-02
1.522296e-01
0
4.573390e-01
3.115736e-01
3.118783e-01
6.936659e-02
0
0
2.771809e-01
5.103659e-01
0
0
0
0
0
0
0
0
0
0
0
0
0
0
1.234773e-01
0
0
0
0
1.289380e-01
0
0
6.409806e-01
4.659555e-01
1.746949e-01
0
0
3.901550e-01
4.845540e-01
3.292963e-01
1.907743e-01
0
0
0
0
0
2.331425e-01
3.256476e-01
0
4.023487e-01
0
0
3.654918e-01
1.473741e-01
0
0
0
0
2.304352e-01
6.989987e-01
4.842564e-01
1
0
0
0
5.333967e-02
0
2.660947e-01
1.894199e-01
8.131146e-01
2.605693e-01
2.545025e-01
0
0
0
1.737901e-01
0
0
0
1.560383e-01
4.006305e-01
0
0
0
0
0
0
0
4.870604e-03
0
0
0
1.002335e-01
0
0
0
0
0
0
0
0
0
0
1.641187e-01
1.063745e-01
0
4.756644e-02
1.098769e-01
0
1.289557e-01
1.167186e-01
2.029674e-01
0
0
2.269095e-01
1.285061e-01
0
0
9.770958e-02
0
5.366977e-01
3.515030e-01
8.528681e-02
2.633655e-01
2.958281e-01
0
9.890318e-02
8.311132e-02
6.199400e-02
1.249701e-01
1.290307e-01
1.900592e-01
0
0
0
0
0
1.464719e-01
4.388540e-02
1.432965e-01
1.318847e-01
0
2.255698e-01
6.241457e-02
0
0
1.955281e-01
0
0
0
1.526550e-01
1.246257e-01
2.417175e-01
1.625065e-01
0
0
4.399037e-02
4.954699e-02
1.234930e-01
1.940639e-01
0
0
1.762348e-02
3.237586e-02
4.868626e-02
0
1.787181e-01
0
0
0
2.967776e-01
0
1.022466e-02
4.729290e-02
4.220321e-02
0
8.565477e-02
0
1
4.048062e-01
3.105315e-01
0
4.613381e-02
0
2.442211e-01
4.309536e-02
1.864176e-01
2.798342e-01
4.114115e-01
2.737747e-01
4.022558e-01
8.660523e-02
1.445505e-01
3.537834e-02
5.780155e-02
1.131442e-01
1.608701e-01
0
4.121411e-01
1.032853e-01
0
0
0
1.982220e-01
0
0
0
2.473922e-01
1.395266e-02
0
0
3.399709e-01
0
1.721194e-01
0
0
1.053609e-01
0
0
0
0
0
0
0
0
2.588389e-02
0
1.110701e-01
2.275126e-01
3.807396e-01
0
0
0
2.231686e-01
0
0
3.042655e-02
0
0
3.083662e-01
0
0
2.876430e-01
2.442718e-01
1.937004e-01
2.578857e-01
2.413771e-01
2.064188e-01
1.433762e-01
0
0
0
1.408807e-03
0
1.848895e-01
2.842051e-01
1.240843e-01
1.871422e-01
2.325911e-01
3.772091e-01
3.661910e-01
2.018503e-01
5.271413e-01
2.954350e-01
0
0
0
0
5.204985e-02
0
0
0
0
0
0
0
0
0
0
0
3.361596e-01
0
2.316350e-01
2.231288e-01
0
0
4.822681e-01
2.512810e-01
7.600482e-02
0
0
0
0
0
4.048062e-01
1
0
2.992815e-01
3.951024e-02
0
0
0
0
0
3.664158e-01
3.348657e-01
5.925307e-01
2.994509e-01
3.229123e-01
3.209228e-01
4.552112e-01
9.971694e-02
0
0
4.638566e-01
5.254723e-01
0
0
0
0
0
0
3.099518e-02
0
5.854260e-02
0
0
0
0
0
0
0
0
0
0
0
0
0
0
0
0
1.243936e-01
0
0
1.848413e-01
2.754668e-02
2.308664e-01
3.160896e-01
5.409417e-01
1.729047e-01
9.443924e-02
2.127185e-01
4.157674e-01
4.678260e-01
6.337890e-01
4.897535e-01
4.495163e-01
7.847451e-03
4.660932e-01
5.576182e-01
5.460235e-01
5.072101e-01
3.825184e-01
5.565424e-01
5.267580e-01
4.024266e-01
2.709360e-02
0
0
0
5.015141e-01
4.291911e-01
0
0
1.021025e-01
9.599304e-03
4.714352e-02
0
2.250438e-01
4.866013e-01
0
0
4.890807e-01
4.573866e-01
1.176996e-01
0
0
0
0
0
1.809220e-01
0
3.095851e-01
2.135485e-01
0
0
5.267694e-03
0
3.532288e-01
1.454305e-01
0
0
1.986124e-01
1.623629e-01
7.074425e-02
0
0
3.711916e-02
0
0
3.105315e-01
0
1
0
2.518854e-01
2.375555e-01
0
0
0
5.486543e-01
0
0
0
0
0
1.440442e-01
0
1.731485e-01
0
0
0
0
5.864664e-02
1.057376e-01
0
4.544902e-02
0
3.748534e-01
0
2.595160e-01
0
1.865049e-01
0
1.085505e-01
0
1.743028e-01
0
0
1.607326e-01
1.098176e-01
2.400656e-02
0
0
4.937441e-02
0
0
0
1.594431e-03
0
6.904803e-02
0
0
0
0
0
7.513126e-03
0
1.581691e-02
0
0
0
0
0
2.904894e-01
3.970366e-02
4.785695e-03
0
4.384584e-02
1.578713e-01
2.721878e-02
2.071631e-02
8.744186e-02
1.626094e-01
1.655829e-01
1.019013e-01
1.074619e-01
0
3.535146e-02
4.138299e-01
1.633174e-01
6.712017e-02
4.399194e-02
1.268085e-01
3.369194e-01
3.908623e-02
0
7.660484e-02
2.798424e-01
0
0
9.856672e-02
3.271701e-01
0
1.460954e-01
6.209153e-02
3.122045e-01
0
2.018728e-01
0
0
2.359406e-01
0
1.233749e-01
2.504793e-01
0
0
0
2.112158e-01
0
0
0
0
0
0
1.175067e-01
5.333967e-02
0
2.992815e-01
0
1
5.179444e-02
2.162179e-01
0
0
0
0
3.395281e-01
1.958260e-01
3.850741e-01
2.608853e-01
0
1.493700e-01
3.575857e-01
1.210280e-01
1.042631e-01
3.680628e-01
3.080630e-01
1.023644e-01
4.158834e-01
1.496239e-01
0
0
0
0
0
0
0
0
0
0
0
0
0
0
5.798970e-02
1.032209e-02
5.782369e-02
1.488927e-01
0
0
0
0
0
0
0
0
4.073392e-01
1.703155e-01
0
0
1.596366e-01
0
0
0
1.583634e-01
1.958386e-01
1.977199e-01
5.172367e-02
4.574765e-01
9.152575e-02
2.174781e-01
3.123402e-01
6.379463e-02
1.202205e-01
4.366258e-01
2.495902e-01
2.880662e-01
1.871071e-01
8.016160e-02
0
0
4.370603e-03
3.596523e-01
2.631842e-01
3.631075e-01
4.256105e-01
4.376435e-01
1.738966e-01
4.998224e-01
0
3.192507e-01
3.024825e-01
0
0
1.454092e-02
0
5.363269e-01
2.064407e-02
7.693988e-02
2.521314e-02
5.141832e-01
5.615331e-01
6.210079e-01
4.398449e-01
4.438142e-01
3.553836e-01
0
0
2.733586e-01
0
1.707296e-01
5.026417e-02
0
0
2.178437e-01
1.736667e-01
0
0
9.717931e-02
1.082555e-01
0
0
4.613381e-02
3.951024e-02
2.518854e-01
5.179444e-02
1
2.755282e-01
0
0
2.994905e-01
2.214383e-02
0
5.440458e-02
1.674594e-01
0
0
0
0
5.419676e-01
3.215795e-01
3.547545e-02
0
4.764309e-02
0
1.983821e-03
0
0
2.534141e-01
6.123736e-02
6.309126e-02
0
2.063937e-01
1.609703e-01
0
0
1.913300e-01
0
0
0
3.604618e-01
1.614259e-01
0
0
0
0
0
0
1.769332e-01
2.486911e-01
6.272141e-02
0
2.245600e-01
0
0
0
5.746917e-01
2.140663e-01
2.273542e-02
0
4.904939e-02
0
2.260612e-02
0
5.186105e-02
3.209020e-01
4.330398e-01
4.092985e-01
3.255930e-01
2.919480e-01
5.560905e-01
4.168270e-01
5.498652e-01
5.045954e-01
5.561870e-03
0
0
0
8.037690e-02
1.479566e-01
2.738934e-01
4.230738e-02
0
0
2.006831e-01
7.436599e-02
0
8.796611e-02
1.231133e-01
0
6.056459e-03
0
2.562847e-01
1.647998e-01
0
0
1.367601e-01
1.176298e-01
8.437755e-02
5.057112e-02
0
0
1.988444e-01
1.845148e-01
3.829723e-01
0
0
0
0
0
0
0
0
0
0
3.263903e-01
0
2.660947e-01
0
0
2.375555e-01
2.162179e-01
2.755282e-01
1
0
2.373537e-01
0
1.212567e-01
0
0
0
0
0
0
0
3.943209e-01
3.427767e-02
0
0
0
3.936123e-01
4.118697e-01
3.432534e-01
0
1.375096e-01
6.466367e-02
9.163298e-02
0
0
7.245413e-02
2.171423e-01
9.928875e-02
1.085886e-01
8.093002e-02
4.121698e-01
3.584507e-01
3.093574e-01
4.931713e-01
6.401020e-01
5.858012e-01
2.165159e-01
2.710389e-01
4.133444e-01
2.787376e-01
2.752454e-01
0
3.779758e-01
2.196463e-01
7.093668e-02
7.545104e-02
9.196181e-02
0
0
0
0
0
6.000120e-02
3.232789e-02
0
0
1.906569e-01
2.509101e-02
0
0
0
0
0
0
0
0
0
6.693687e-02
2.685807e-01
2.379652e-01
0
0
4.609502e-01
2.920437e-01
1.264746e-01
0
0
0
0
0
1.597303e-01
2.765657e-01
0
0
3.021432e-01
4.930062e-01
4.718139e-01
4.688178e-01
2.231069e-01
3.100534e-01
1.831182e-01
2.401577e-01
7.683650e-02
2.720965e-01
5.738942e-01
3.810441e-01
9.677004e-02
1.111739e-01
1.011156e-01
0
2.514727e-01
0
0
0
6.893281e-02
4.810663e-01
6.974422e-01
1.910611e-01
3.475976e-01
1.894199e-01
2.442211e-01
0
0
0
0
0
1
2.849420e-01
7.110251e-01
0
2.103875e-01
1.977884e-01
4.809026e-02
0
0
0
1.345233e-01
1.452517e-01
4.316487e-01
4.426059e-01
4.792351e-01
0
0
1.870232e-02
5.104089e-01
0
6.498102e-01
2.157717e-01
5.629365e-01
0
4.058553e-01
1.217251e-01
2.045821e-01
0
3.282405e-01
0
4.871893e-01
1.072985e-01
1.398605e-01
1.653753e-01
2.018761e-01
3.330362e-01
1.178666e-01
3.600515e-01
4.432146e-01
4.593103e-01
4.734274e-01
3.269961e-01
4.211251e-01
4.440231e-01
3.287675e-03
0
3.448235e-01
1.875060e-01
2.388300e-01
8.789658e-02
3.484007e-01
1.781674e-01
3.147888e-01
2.534357e-01
0
0
2.261730e-01
5.981699e-01
0
0
0
0
0
0
0
0
0
0
0
0
0
0
9.365019e-03
0
0
0
0
0
0
0
5.588577e-01
3.507063e-01
3.368961e-01
0
0
3.821800e-01
4.462152e-01
4.701490e-01
2.023840e-01
7.708603e-02
0
0
0
0
3.822028e-01
3.503255e-01
0
1.927855e-01
0
0
2.694523e-01
0
0
0
0
0
2.147869e-01
6.213935e-01
5.288477e-01
8.131146e-01
4.309536e-02
0
0
0
0
2.373537e-01
2.849420e-01
1.000000e+00
3.493757e-01
5.136822e-01
0
0
0
2.103646e-01
0
0
0
1.162186e-01
1.652233e-01
6.168872e-02
0
0
3.102069e-01
2.037689e-01
2.606240e-01
0
2.584618e-01
0
3.022958e-01
0
0
0
3.028866e-01
0
1.927767e-01
0
2.964312e-01
2.098352e-01
0
1.089811e-01
4.298141e-01
5.783329e-01
2.062234e-01
1.303807e-01
3.749681e-01
2.886514e-01
2.140167e-01
0
3.405849e-01
4.386434e-03
1.560451e-02
0
7.235708e-02
0
0
0
1.591540e-02
0
2.167350e-01
6.226517e-02
0
0
2.901511e-01
2.443812e-01
0
0
0
0
0
0
0
0
0
0
0
0
0
0
2.364736e-01
6.896606e-02
1.904664e-02
0
0
0
0
0
2.738796e-01
8.935408e-02
9.453524e-02
0
2.885012e-01
3.510926e-01
4.818737e-01
4.532230e-01
4.293061e-01
4.371074e-01
2.947346e-01
4.169709e-01
3.234900e-01
2.608145e-01
1.912819e-01
3.778558e-02
0
0
0
0
4.767219e-02
0
0
0
0
6.494973e-02
5.223720e-01
2.438528e-01
1.769916e-01
2.605693e-01
1.864176e-01
0
0
0
2.994905e-01
0
7.110251e-01
3.493757e-01
1.000000e+00
1.468116e-01
0
9.781807e-02
5.465876e-02
0
0
0
0
1.110679e-01
4.809497e-01
1.159696e-01
1.340578e-01
2.057340e-02
0
0
0
0
2.421077e-01
0
3.555855e-01
0
2.754658e-01
0
0
0
3.797814e-02
0
6.875100e-02
7.049260e-02
0
0
0
2.949264e-01
1.398372e-01
0
0
9.836434e-02
0
2.184518e-01
8.078436e-02
0
1.590098e-01
6.911763e-03
2.320631e-01
3.891669e-01
2.846174e-01
2.344462e-02
6.569243e-03
3.374479e-02
5.213928e-01
4.857443e-01
4.495652e-01
1.755968e-01
3.953860e-01
1.914868e-01
2.352979e-01
3.192710e-01
3.567735e-01
3.629033e-01
1.040011e-01
2.577463e-01
9.630204e-02
9.805510e-02
0
0
0
0
0
0
0
0
0
0
0
0
0
2.377791e-01
0
0
5.960048e-01
3.566841e-01
1.834528e-01
1.210028e-01
1.699986e-01
1.429898e-01
1.678132e-01
0
1.669432e-01
0
3.394555e-01
9.372710e-02
4.195008e-02
0
0
0
3.873037e-01
1.290421e-01
0
0
1.694233e-01
1.119044e-01
0
0
0
3.880176e-01
2.003612e-01
2.545025e-01
2.798342e-01
0
5.486543e-01
0
2.214383e-02
1.212567e-01
0
5.136822e-01
1.468116e-01
1.000000e+00
0
8.184410e-02
0
1.558822e-01
1.765110e-02
1.077676e-01
0
4.633325e-02
0
0
0
0
0
0
0
1.149780e-01
0
0
0
0
0
0
0
1.107363e-01
0
0
0
0
6.161038e-03
2.854440e-01
3.936617e-02
0
1.516597e-01
1.296137e-02
0
0
0
0
1.545586e-02
3.159763e-01
0
1.326307e-01
0
0
0
4.889875e-02
0
0
1.019436e-03
1.218304e-01
0
0
0
9.243432e-02
3.425762e-05
0
0
0
4.914594e-02
5.371547e-02
0
0
1.520430e-01
2.895242e-01
3.018144e-01
3.582487e-01
0
1.185257e-01
1.569394e-01
3.370368e-01
3.673258e-01
3.491478e-01
0
0
2.419029e-01
0
0
0
0
7.561107e-02
0
1.327079e-01
0
0
0
1.200911e-01
5.403078e-02
1.083591e-01
0
2.532752e-02
2.487776e-01
1.253875e-01
0
1.104754e-02
0
0
0
1.999213e-02
1.473402e-01
0
1.406514e-01
4.359941e-01
0
0
0
0
4.114115e-01
3.664158e-01
0
3.395281e-01
0
0
2.103875e-01
0
0
0
1.000000e+00
3.892616e-01
3.259005e-01
2.027040e-01
4.495160e-02
1.312398e-01
2.494103e-01
0
0
5.739347e-01
7.023955e-01
4.142516e-01
2.751875e-01
0
0
6.966151e-02
0
0
0
0
0
0
0
0
0
0
0
0
4.402564e-02
0
2.817396e-02
3.168532e-01
0
0
3.687896e-03
0
0
0
0
0
2.673434e-01
2.211653e-01
7.151884e-03
0
0
0
0
0
4.213739e-01
2.670740e-01
9.792707e-02
2.380860e-01
1.956959e-01
2.297611e-01
0
0
0
0
0
0
0
0
0
0
9.775683e-02
3.615675e-02
0
0
2.037045e-01
2.099218e-01
3.810801e-01
2.132502e-01
2.234875e-01
0
5.244737e-01
2.831808e-01
0
0
1.262433e-01
1.950606e-01
3.102882e-01
2.132920e-01
0
0
3.128301e-01
3.502518e-01
1.530442e-01
1.651968e-01
3.629581e-02
2.587817e-01
1.969002e-01
0
1.114877e-01
0
3.290799e-01
1.954542e-01
2.343012e-01
0
2.039783e-01
3.006471e-01
2.451724e-01
1.006283e-01
0
0
0
0
2.737747e-01
3.348657e-01
0
1.958260e-01
5.440458e-02
0
1.977884e-01
0
9.781807e-02
8.184410e-02
3.892616e-01
1.000000e+00
4.582001e-01
4.496498e-01
0
5.124100e-01
5.417164e-01
1.105126e-03
0
0
5.739605e-01
6.796476e-01
7.327266e-02
0
0
0
0
5.022893e-02
0
2.438237e-01
0
0
0
1.439210e-01
0
2.400302e-01
0
0
2.342518e-01
0
0
2.110291e-01
0
0
0
0
0
2.289705e-02
0
0
0
0
0
0
0
0
0
0
2.402060e-01
0
0
0
0
0
1.462852e-01
2.136904e-01
5.890388e-02
1.726004e-01
2.641139e-01
1.611579e-01
0
6.064305e-02
0
0
6.326951e-03
0
6.761354e-02
2.422546e-01
4.725847e-01
9.918876e-02
3.422755e-01
2.428158e-01
1.910417e-01
1.520134e-01
4.340061e-01
1.503071e-01
0
0
0
2.047555e-03
5.165246e-01
4.107985e-01
0
0
1.262842e-01
1.489902e-01
7.491102e-02
2.571762e-01
4.249107e-02
0
2.109868e-01
0
3.026498e-01
0
0
0
0
0
3.749176e-01
1.527211e-01
2.397806e-02
9.394158e-03
0
0
0
0
4.022558e-01
5.925307e-01
0
3.850741e-01
1.674594e-01
0
4.809026e-02
0
5.465876e-02
0
3.259005e-01
4.582001e-01
1
2.154239e-01
1.067897e-01
3.313793e-01
4.571763e-01
7.244379e-02
6.371421e-02
0
5.839579e-01
3.652153e-01
0
0
0
1.302184e-01
0
2.830540e-02
0
3.965020e-02
0
0
0
0
0
1.696773e-02
4.042251e-02
4.052943e-02
7.050514e-03
0
0
0
0
0
0
0
0
0
0
0
1.454197e-01
1.144597e-01
0
3.009250e-02
4.070663e-02
1.587774e-01
4.364450e-01
4.809795e-01
3.448077e-02
0
0
0
0
2.921011e-01
1.706685e-01
1.071906e-01
2.110899e-01
2.610448e-01
0
1.535623e-01
0
0
0
0
0
0
0
0
0
0
0
0
5.206307e-02
0
7.885552e-02
0
4.095164e-02
0
3.583283e-01
4.401431e-01
0
2.765146e-02
5.361827e-02
1.417629e-01
0
0
0
0
0
0
6.578504e-02
0
3.854294e-02
2.064770e-01
0
3.291057e-01
3.969935e-02
0
0
3.172075e-01
0
0
0
0
6.628724e-02
1.737901e-01
8.660523e-02
2.994509e-01
0
2.608853e-01
0
0
0
2.103646e-01
0
1.558822e-01
2.027040e-01
4.496498e-01
2.154239e-01
1
0
2.758166e-01
3.604651e-01
1.777904e-01
0
0
2.284766e-01
2.117858e-01
2.763623e-01
0
0
3.256874e-01
0
1.496047e-02
0
5.552545e-01
2.420075e-01
2.592568e-01
0
5.528736e-01
4.034865e-02
6.033815e-01
7.229072e-02
3.331411e-01
0
0
0
0
0
0
0
0
0
0
0
4.839201e-02
0
1.061232e-01
0
0
0
0
0
0
0
0
0
2.223590e-01
0
0
8.758869e-02
1.026345e-01
0
1.685938e-02
9.810107e-02
4.347535e-02
1.916901e-01
1.646535e-02
1.932918e-01
0
9.670657e-02
0
3.850679e-01
4.282298e-01
6.594308e-02
1.034235e-01
2.026813e-01
3.116921e-01
5.725663e-02
2.782902e-01
1.856811e-01
3.512021e-01
0
0
0
0
0
0
0
0
0
0
0
0
0
0
0
0
0
5.713230e-02
1.392278e-01
1.469539e-01
0
0
3.495632e-01
2.071501e-01
3.412328e-01
2.142399e-01
0
0
0
0
1.445505e-01
3.229123e-01
0
0
0
0
0
0
0
1.765110e-02
4.495160e-02
0
1.067897e-01
0
1
2.993588e-01
1.678760e-01
0
1.131868e-01
8.000224e-02
2.622889e-01
0
4.418972e-01
6.107199e-03
0
2.041755e-01
0
0
0
2.869743e-01
0
0
0
4.025411e-01
0
2.788672e-01
0
2.908685e-02
1.403558e-02
0
0
0
0
0
0
0
0
0
0
0
2.187579e-01
3.242070e-01
0
0
0
0
0
0
0
1.427758e-01
6.552221e-02
2.262533e-01
0
0
0
0
0
0
0
0
0
0
2.995493e-01
2.231960e-01
3.489077e-01
9.806541e-02
3.759781e-01
3.992972e-01
1.728219e-01
1.964985e-01
5.093313e-01
4.663008e-01
3.252149e-01
1.883010e-01
5.964557e-01
5.758884e-01
0
0
0
1.079222e-01
1.267883e-01
0
0
0
0
0
0
0
8.104078e-02
2.788058e-01
6.896062e-02
0
1.512353e-01
1.298870e-01
3.761766e-01
5.902515e-01
0
0
4.942409e-01
5.528185e-01
6.615807e-01
3.095199e-01
0
0
0
0
3.537834e-02
3.209228e-01
1.440442e-01
1.493700e-01
0
0
0
0
0
1.077676e-01
1.312398e-01
5.124100e-01
3.313793e-01
2.758166e-01
2.993588e-01
1.000000e+00
7.532640e-01
0
4.582548e-03
0
3.628666e-01
2.816157e-01
2.564166e-01
1.674397e-02
0
2.336336e-01
0
1.301549e-01
0
3.278339e-01
0
6.105546e-02
0
4.171975e-01
0
2.713883e-01
0
3.111368e-02
4.570740e-01
1.109316e-01
0
0
0
0
0
0
0
0
0
0
1.951421e-01
2.861176e-01
0
0
0
0
0
0
0
0
0
1.509092e-01
0
0
0
0
0
0
0
0
0
0
1.433811e-01
1.511712e-01
3.255159e-01
2.019835e-01
6.235939e-02
2.605498e-01
4.209864e-01
2.266955e-01
3.856808e-01
3.644062e-01
1.803349e-01
2.755033e-01
3.735107e-01
2.244821e-01
0
8.318828e-02
0
0
1.961593e-01
2.281140e-01
0
0
0
0
0
0
0
3.775746e-02
3.244745e-01
2.102539e-01
3.996793e-01
3.083952e-01
1.877045e-01
3.763381e-01
8.702426e-02
4.726966e-02
1.648238e-01
2.554809e-01
5.591560e-01
3.254517e-01
0
0
0
0
5.780155e-02
4.552112e-01
0
3.575857e-01
0
0
1.345233e-01
0
0
0
2.494103e-01
5.417164e-01
4.571763e-01
3.604651e-01
1.678760e-01
7.532640e-01
1
9.958048e-02
6.835233e-02
0
5.103955e-01
2.919619e-01
2.468448e-01
2.115928e-01
0
0
0
0
0
0
0
0
1.043071e-01
0
2.054899e-01
0
2.008472e-02
0
6.238057e-01
3.876301e-01
5.456178e-02
8.104825e-03
0
1.315636e-01
0
0
0
0
0
0
7.015662e-01
3.869657e-01
0
0
2.686725e-01
0
0
0
7.677855e-02
3.822600e-02
2.351015e-01
0
3.028755e-01
1.403155e-01
1.267411e-01
2.428843e-02
0
0
2.275426e-01
1.010303e-01
9.626589e-02
0
0
0
7.074777e-03
2.158709e-01
1.508728e-01
1.513201e-01
5.219874e-01
3.369320e-01
1.508373e-01
0
3.411808e-01
0
1.548340e-01
0
0
0
0
0
5.296262e-01
1.307800e-01
1.943894e-01
6.897881e-02
7.750315e-02
1.566666e-01
1.955231e-01
0
1.281911e-01
1.869326e-01
3.419570e-01
7.067852e-02
7.407886e-01
0
3.033803e-01
2.208153e-01
0
0
1.128686e-01
3.567567e-03
0
0
1.393324e-01
2.528023e-01
0
1.560383e-01
1.131442e-01
9.971694e-02
1.731485e-01
1.210280e-01
5.419676e-01
3.943209e-01
1.452517e-01
1.162186e-01
1.110679e-01
4.633325e-02
0
1.105126e-03
7.244379e-02
1.777904e-01
0
0
9.958048e-02
1.000000e+00
4.513834e-01
9.709858e-02
0
0
4.499044e-01
2.801063e-01
0
0
1.395385e-01
4.781469e-02
5.454695e-02
7.853278e-03
4.254781e-02
2.367321e-01
5.218979e-01
1.024297e-01
2.641096e-01
1.923858e-01
1.842795e-01
1.755326e-01
3.028385e-01
1.324355e-01
1.744648e-01
1.084253e-01
0
0
1.821142e-01
9.231676e-02
2.483211e-01
0
2.161993e-01
0
0
0
0
0
0
0
1.179283e-01
0
9.727375e-03
0
0
0
7.471346e-02
0
0
0
0
0
0
0
0
0
3.956979e-01
3.224467e-01
3.484860e-01
4.370496e-01
8.532877e-02
1.489214e-01
5.505169e-01
1.206929e-01
2.940581e-01
1.638975e-01
3.270417e-02
5.361701e-02
0
0
1.765948e-01
2.094043e-01
0
0
1.808516e-01
2.791833e-01
4.406890e-01
1.015111e-01
2.061813e-01
2.307637e-01
8.010463e-02
2.292161e-01
0
0
1.540880e-01
5.484230e-02
1.296632e-01
2.110983e-01
0
0
0
0
0
0
1.522011e-01
2.666227e-01
3.831851e-01
2.236673e-01
3.801821e-02
4.006305e-01
1.608701e-01
0
0
1.042631e-01
3.215795e-01
3.427767e-02
4.316487e-01
1.652233e-01
4.809497e-01
0
0
0
6.371421e-02
0
1.131868e-01
4.582548e-03
6.835233e-02
4.513834e-01
1.000000e+00
1.491111e-01
0
0
9.324548e-02
3.325022e-01
1.563755e-01
0
1.189571e-01
2.466462e-01
1.290395e-02
0
0
2.168119e-01
0
1.943162e-01
0
0
2.928874e-02
0
2.117935e-01
7.202566e-01
5.537364e-01
4.453668e-02
4.107885e-01
5.144802e-01
8.643074e-02
0
1.368917e-01
0
4.016643e-01
4.300850e-01
3.374316e-02
1.587707e-01
0
0
0
0
0
0
0
0
0
0
0
5.828333e-02
0
0
0
0
0
0
0
0
2.239511e-01
2.455706e-01
3.266160e-01
2.658089e-01
0
0
3.352256e-01
4.386549e-01
1.310566e-01
0
0
0
0
0
0
2.439404e-01
0
0
0
2.065237e-01
3.264173e-01
3.861162e-01
1.429060e-01
2.621203e-01
2.669448e-01
2.799133e-01
0
0
6.101774e-01
2.933842e-01
1.452586e-01
2.785937e-01
0
0
0
1.417733e-01
0
0
0
4.703360e-01
3.491799e-01
0
2.291302e-01
0
0
0
0
3.680628e-01
3.547545e-02
0
4.426059e-01
6.168872e-02
1.159696e-01
0
5.739347e-01
0
0
0
8.000224e-02
0
0
9.709858e-02
1.491111e-01
1
5.009846e-01
0
1.822090e-01
0
0
2.033937e-02
0
2.426226e-02
0
1.228153e-01
0
0
0
2.498294e-01
0
1.405451e-01
5.109549e-02
3.287061e-02
2.218091e-01
3.119767e-01
2.604111e-01
3.175869e-01
0
0
0
0
0
0
4.844778e-02
1.736378e-01
1.207862e-01
2.420377e-01
0
0
0
0
0
0
6.478020e-02
2.807400e-02
0
0
0
1.022315e-01
0
0
0
0
0
0
0
0
0
0
1.292998e-01
0
0
0
3.981535e-01
3.390785e-01
2.631214e-01
1.413760e-01
0
0
3.252106e-01
0
0
0
0
0
2.051685e-01
3.348218e-01
0
7.255622e-02
6.437916e-03
1.097251e-01
0
1.333742e-01
0
6.993982e-02
5.692466e-01
2.195107e-01
2.289463e-01
6.970207e-02
1.299227e-01
4.055263e-02
0
0
3.166396e-01
2.027950e-01
1.441341e-01
3.428935e-01
3.817477e-02
0
7.994785e-02
0
4.121411e-01
4.638566e-01
0
3.080630e-01
0
0
4.792351e-01
0
1.340578e-01
0
7.023955e-01
5.739605e-01
5.839579e-01
2.284766e-01
2.622889e-01
3.628666e-01
5.103955e-01
0
0
5.009846e-01
1.000000e+00
4.834562e-01
1.445246e-01
1.087356e-01
0
1.578258e-01
0
0
0
0
0
0
0
2.151628e-01
0
0
0
0
0
0
9.451108e-02
7.271605e-02
0
0
0
0
0
0
0
0
3.036220e-01
3.920920e-01
0
8.888284e-02
0
2.373557e-01
0
0
9.572831e-02
8.841253e-03
1.131429e-01
2.312367e-01
0
8.188688e-02
2.859762e-02
9.923657e-02
7.445617e-02
7.139314e-02
0
0
0
0
0
0
1.182089e-01
1.691848e-02
0
0
0
3.969178e-01
3.461067e-01
5.178628e-01
5.747503e-01
0
6.836114e-01
4.544609e-01
0
0
0
1.278256e-01
4.815098e-02
0
0
0
0
0
0
0
8.931803e-03
3.327880e-01
0
0
1.473778e-01
0
3.525082e-01
2.259498e-01
0
0
4.238282e-01
3.618639e-01
1.831316e-01
1.228660e-01
0
0
0
0
1.032853e-01
5.254723e-01
0
1.023644e-01
4.764309e-02
0
0
0
2.057340e-02
0
4.142516e-01
6.796476e-01
3.652153e-01
2.117858e-01
0
2.816157e-01
2.919619e-01
0
0
0
4.834562e-01
1
