1
6.766444e-01
0
0
0
0
0
2.221586e-01
0
0
1.875798e-01
4.828132e-01
3.253457e-01
3.050874e-01
2.205069e-01
2.804948e-01
1.495877e-01
1.654731e-01
4.148299e-01
4.043632e-01
0
0
0
0
0
0
0
0
4.205993e-01
3.936690e-01
0
0
0
0
0
0
0
2.229316e-02
1.695883e-01
1.890243e-02
4.235365e-02
0
0
0
0
0
0
0
0
0
3.112018e-01
1.629589e-01
4.652053e-01
1.892268e-01
1.842724e-01
7.744643e-02
4.957160e-01
5.835591e-01
5.156778e-01
3.867175e-01
4.316421e-01
1.032536e-01
4.114029e-01
3.333258e-01
0
0
0
0
3.792284e-01
3.262382e-02
0
4.426373e-02
1.580253e-01
3.356364e-01
1.293051e-01
2.086730e-01
3.872953e-01
5.002031e-01
1.409767e-01
0
2.724224e-01
0
4.811629e-01
4.108628e-01
0
0
3.823876e-01
2.624205e-01
4.261333e-01
4.359579e-01
1.523469e-01
0
0
0
0
0
0
0
3.519725e-01
0
4.577115e-01
0
3.085445e-01
0
0
1.905885e-01
4.594499e-02
0
2.900334e-01
4.376412e-01
2.699794e-01
2.582845e-01
4.225224e-01
7.284520e-02
1.611949e-01
1.670195e-01
6.766444e-01
1
3.030389e-01
0
0
0
5.538650e-02
0
0
1.534895e-01
3.745139e-01
2.987227e-01
5.171861e-01
0
4.709752e-01
2.046154e-01
1.815876e-01
5.115232e-01
7.360695e-01
1.756855e-01
0
2.910531e-01
9.645082e-02
0
1.668167e-02
0
0
0
4.273716e-01
4.143729e-01
0
0
0
0
0
0
0
0
7.466768e-02
0
5.334956e-02
4.823601e-02
0
0
0
0
0
0
0
0
2.348868e-01
2.545040e-01
4.807594e-01
3.462534e-01
0
0
2.927208e-01
6.120402e-01
1.892236e-01
1.562672e-01
2.915001e-01
0
2.938806e-02
0
0
2.391196e-01
0
0
0
0
7.369233e-02
2.106219e-01
8.987805e-02
2.411629e-01
1.867722e-02
1.296409e-02
0
2.637764e-01
2.074399e-01
1.567702e-01
2.070794e-01
1.166588e-01
2.612361e-01
1.745548e-01
2.209588e-01
5.070123e-02
0
0
2.447466e-01
4.463019e-01
1.411755e-01
1.582402e-02
0
0
0
0
0
8.556055e-02
1.297509e-01
5.839084e-03
4.176859e-01
1.873450e-03
1.998864e-01
0
0
0
0
0
0
5.552081e-03
1.300321e-02
2.173720e-01
2.804300e-01
3.265461e-01
0
1.034783e-01
0
3.030389e-01
1.000000e+00
5.256733e-02
6.579968e-01
3.166827e-01
7.113503e-01
0
3.647770e-01
2.089954e-01
5.481050e-01
0
2.851463e-01
0
6.133698e-01
1.528370e-01
2.856352e-02
2.226857e-01
4.760329e-01
2.175962e-01
3.019046e-01
5.116923e-01
7.927199e-01
6.065270e-01
7.131093e-01
3.378335e-01
4.776508e-01
4.393316e-01
0
0
7.861783e-01
3.979610e-01
0
0
4.572481e-01
1.609529e-01
1.345160e-01
0
3.794281e-02
0
2.344770e-01
3.305126e-01
0
0
0
0
0
0
0
0
0
6.613106e-02
4.618740e-02
1.444483e-01
0
0
0
0
0
0
0
0
0
0
7.410765e-01
4.658249e-01
0
0
0
0
4.459040e-01
2.658118e-01
1.620823e-01
0
0
0
0
0
2.500086e-01
5.678390e-01
0
2.600102e-01
0
0
7.895941e-01
3.941748e-01
0
0
0
1.760199e-01
1.439918e-01
3.698555e-01
3.103579e-01
4.834977e-01
0
0
0
0
0
0
3.121579e-01
5.226947e-01
1.924291e-01
0
0
0
0
0
0
0
0
0
0
9.377402e-02
0
0
0
0
5.256733e-02
1.000000e+00
0
1.902580e-01
0
4.666031e-01
0
6.441541e-02
0
2.357004e-01
6.406118e-02
3.886429e-01
2.231042e-01
4.890113e-01
0
0
0
0
0
0
0
1.805376e-01
0
6.330704e-02
0
1.934360e-01
0
0
7.442655e-02
3.241015e-01
0
2.142292e-01
1.301617e-02
2.924704e-01
0
2.058212e-01
0
2.946731e-01
0
0
0
0
0
0
0
0
0
0
0
4.274238e-02
0
0
0
0
0
0
0
2.264563e-01
0
5.099309e-01
0
1.207508e-01
1.948491e-02
3.278818e-01
4.323459e-02
2.737283e-01
0
0
0
0
0
0
0
0
0
0
0
0
0
1.955752e-01
0
7.586469e-02
2.828741e-01
4.735958e-01
0
0
1.932068e-01
7.473549e-02
0
0
2.059838e-01
1.151445e-01
0
2.149111e-01
0
4.320935e-02
0
0
0
2.165257e-02
0
0
8.315643e-02
1.113835e-01
0
1.265687e-01
3.021352e-01
2.188008e-01
2.486518e-01
0
0
0
2.121454e-02
1.419730e-01
0
0
6.579968e-01
0
1
5.294018e-01
7.865988e-01
0
7.615233e-01
5.115257e-01
3.626753e-01
0
3.106681e-01
0
4.922010e-01
9.713893e-02
1.018563e-01
2.032886e-01
3.159144e-02
0
3.901279e-01
3.962602e-01
5.437972e-01
5.260606e-01
8.205668e-01
6.215870e-01
8.537215e-01
6.590523e-01
0
0
5.376343e-01
2.524315e-01
1.171204e-01
0
5.666064e-01
3.271812e-01
1.540886e-01
0
0
0
1.318032e-01
3.609474e-01
0
0
0
0
0
1.317324e-02
0
0
0
2.532394e-03
0
2.343497e-02
0
0
0
0
0
0
0
7.797454e-02
0
0
6.451818e-01
4.476298e-01
0
0
0
0
5.211229e-01
2.260882e-01
0
0
0
0
0
0
1.786635e-01
5.424971e-01
0
2.470236e-01
0
0
3.429385e-01
2.468531e-01
0
0
0
0
1.254213e-01
6.163085e-01
4.273680e-01
6.530145e-01
0
0
9.758341e-02
0
0
1.449966e-01
4.037838e-02
6.732542e-01
9.186683e-02
2.013869e-01
0
0
0
0
0
0
0
0
1.425596e-01
0
0
0
0
0
3.166827e-01
1.902580e-01
5.294018e-01
1
2.253141e-01
2.980664e-01
4.859599e-01
8.493216e-01
2.259797e-01
6.939319e-02
2.480213e-01
2.719873e-01
2.350528e-01
2.493225e-01
3.078335e-01
2.438284e-01
7.860702e-02
0
1.913498e-01
3.122598e-01
3.922402e-01
4.543878e-01
6.216090e-01
5.333667e-01
6.378474e-01
6.109887e-01
0
0
9.582245e-02
0
0
0
4.144980e-01
3.049264e-01
0
0
0
0
0
2.783468e-02
0
0
0
0
0
0
0
0
0
8.502582e-02
0
3.399835e-02
0
0
2.042020e-02
0
0
0
0
5.401265e-01
0
0
4.998613e-01
7.181850e-01
0
0
0
1.780271e-01
3.606739e-01
2.711884e-01
0
0
0
0
0
0
2.950347e-01
5.625818e-01
0
4.406736e-01
0
0
2.864778e-01
5.266936e-01
0
0
0
6.069466e-02
2.115712e-01
2.835858e-01
5.121304e-01
4.529684e-01
0
0
0
3.818502e-01
0
1.935387e-02
8.144539e-03
2.762547e-01
0
0
0
0
1.625607e-03
5.009703e-03
0
0
1.710652e-01
0
6.844259e-02
1.707171e-01
0
0
0
5.538650e-02
7.113503e-01
0
7.865988e-01
2.253141e-01
1
0
5.706695e-01
2.524514e-01
4.611354e-01
0
4.047115e-01
0
4.490315e-01
2.821480e-01
0
4.807186e-02
2.340798e-01
1.814384e-01
5.927211e-01
5.716087e-01
6.186417e-01
5.942753e-01
6.978764e-01
3.988316e-01
6.158170e-01
4.016489e-01
0
0
6.193327e-01
4.672909e-01
2.033872e-01
0
4.423382e-01
3.073216e-01
1.664192e-01
0
2.327307e-01
0
4.433023e-01
2.733153e-01
0
0
0
0
0
0
0
0
0
0
0
0
0
0
0
0
0
0
0
0
0
0
6.268421e-01
3.401355e-01
2.172993e-01
0
0
0
5.917689e-01
3.929704e-01
2.424998e-01
0
1.356498e-01
0
1.317184e-01
0
0
2.233332e-01
0
1.663873e-01
0
0
4.705336e-01
2.742417e-01
0
0
0
0
2.887852e-01
6.848162e-01
4.118322e-01
4.920732e-01
0
0
1.732301e-01
0
0
0
7.616368e-02
5.507333e-01
2.128083e-01
3.086921e-01
0
0
0
0
0
0
0
0
1.739121e-02
0
0
0
2.221586e-01
0
0
4.666031e-01
0
2.980664e-01
0
1
0
3.894318e-01
0
6.554691e-01
2.181549e-01
8.070426e-01
0
4.787792e-01
0
0
0
8.676296e-02
0
0
0
0
0
0
0
0
0
2.535614e-02
0
0
0
7.041835e-02
0
0
0
0
0
0
0
0
1.131432e-01
6.565227e-02
0
1.346655e-01
4.400393e-02
9.084606e-03
5.596046e-02
5.585908e-02
0
0
0
0
1.536641e-02
9.840056e-02
5.487325e-02
0
0
2.190139e-01
1.229435e-01
6.193209e-01
7.420415e-02
3.290754e-01
0
2.149667e-01
0
2.196175e-02
8.234644e-02
7.575889e-02
0
1.626417e-01
0
0
0
0
1.396735e-02
2.837468e-02
0
0
0
1.002343e-01
0
2.457713e-01
0
6.036310e-02
7.786713e-02
2.869090e-01
0
0
1.661940e-02
0
1.411081e-01
0
0
2.521566e-01
0
2.880790e-01
0
0
0
0
0
0
0
0
2.393191e-01
6.697419e-02
5.570341e-01
2.705598e-01
3.231253e-01
0
3.599627e-02
0
1.318737e-01
0
0
0
3.647770e-01
0
7.615233e-01
4.859599e-01
5.706695e-01
0
1
5.516064e-01
2.801148e-01
0
4.368191e-01
5.736490e-02
4.986412e-01
2.033229e-01
0
0
0
0
2.396256e-01
1.469599e-01
2.150444e-01
3.512961e-01
5.032753e-01
6.701081e-01
6.031840e-01
5.224399e-01
0
0
4.300875e-01
4.626403e-01
2.735999e-01
9.767170e-02
5.464224e-01
4.207294e-01
0
0
4.107726e-02
0
0
1.447171e-01
2.419837e-01
1.131285e-01
2.574364e-01
1.184223e-01
1.553422e-01
2.396489e-01
1.929835e-01
1.017872e-01
0
0
0
0
0
0
0
0
0
0
0
2.310254e-01
0
0
3.538936e-01
1.527483e-01
0
0
0
0
2.680378e-01
7.746548e-02
0
0
0
0
0
0
0
4.011035e-01
0
1.317856e-01
0
0
7.500864e-02
9.812382e-02
0
0
0
0
0
3.534719e-01
2.918337e-01
4.714593e-01
7.645832e-02
3.145376e-02
1.913545e-01
0
0
1.306938e-01
0
4.325035e-01
0
2.420139e-01
0
0
0
0
1.963404e-01
0
0
0
5.069993e-02
0
0
0
0
1.534895e-01
2.089954e-01
6.441541e-02
5.115257e-01
8.493216e-01
2.524514e-01
3.894318e-01
5.516064e-01
1
3.183506e-01
3.089694e-01
5.183465e-01
3.734560e-01
3.272177e-01
3.776889e-01
4.027769e-01
3.916573e-01
2.053936e-01
0
1.350865e-01
2.296249e-01
1.934833e-01
2.078971e-01
5.481587e-01
2.906974e-01
5.895125e-01
4.734084e-01
0
0
0
0
0
0
1.815655e-01
6.997957e-02
0
0
0
0
0
0
0
0
0
0
0
0
0
0
3.967128e-02
2.378782e-02
2.058365e-02
2.416468e-02
0
2.712120e-03
1.102314e-01
0
0
0
0
5.240230e-01
0
0
2.598421e-01
6.102827e-01
0
0
0
0
3.681425e-01
2.299109e-01
0
0
0
0
0
0
2.410034e-01
4.809420e-01
1.244086e-01
4.014990e-01
0
0
1.168748e-01
3.566289e-01
0
0
0
1.305428e-01
1.804554e-01
3.792961e-01
2.819087e-01
4.143127e-01
0
0
0
1.810448e-01
0
1.188458e-01
2.039724e-02
1.627953e-01
0
0
0
0
0
0
2.286331e-01
0
1.041180e-01
4.900426e-03
2.521645e-01
1.442437e-01
0
0
1.875798e-01
3.745139e-01
5.481050e-01
0
3.626753e-01
2.259797e-01
4.611354e-01
0
2.801148e-01
3.183506e-01
1
0
6.078669e-01
0
5.084675e-01
2.881562e-01
1.128442e-01
0
2.733746e-01
7.713022e-02
1.647129e-02
2.038096e-01
5.355972e-01
3.820466e-01
5.382654e-01
0
2.233028e-01
4.083542e-02
0
0
4.032082e-01
2.201840e-01
0
0
5.368554e-01
2.485358e-01
0
0
7.795053e-02
0
8.821741e-02
0
0
0
0
0
0
0
0
0
1.551548e-01
2.961391e-01
2.840154e-01
3.675062e-01
0
0
0
0
0
0
0
2.633226e-01
0
0
6.218057e-01
4.153012e-01
0
0
0
0
4.908564e-01
9.926443e-02
8.336855e-02
0
0
0
1.059554e-01
0
0
2.620896e-01
0
1.944468e-01
0
0
6.026702e-01
2.876816e-01
0
0
1.175642e-01
1.547792e-01
1.981485e-01
3.003233e-01
0
4.474360e-01
0
0
0
0
0
0
1.971390e-01
1.958579e-01
2.638467e-01
0
0
0
0
0
0
0
0
1.088377e-01
5.263352e-01
0
0
0
4.828132e-01
2.987227e-01
0
2.357004e-01
0
6.939319e-02
0
6.554691e-01
0
3.089694e-01
0
1.000000e+00
1.126490e-01
6.302373e-01
0
3.754580e-01
9.221335e-02
2.179640e-01
2.749694e-01
0
0
0
0
0
0
0
0
0
1.435176e-01
4.491830e-01
0
0
0
0
0
0
0
0
0
0
0
0
0
0
0
0
0
0
0
0
2.388440e-01
7.685505e-02
3.564772e-01
1.694595e-02
2.424534e-01
2.467811e-01
2.233134e-01
4.767933e-01
4.368016e-01
6.096914e-01
4.837512e-01
3.063199e-01
4.018287e-01
3.022041e-01
0
6.536643e-02
0
0
4.336004e-02
0
0
0
0
0
0
0
0
1.538714e-01
0
0
2.309716e-01
8.657825e-02
5.986504e-02
4.247796e-01
0
6.908138e-02
3.317078e-01
3.964026e-01
3.054999e-01
4.208192e-01
0
0
0
0
0
3.266759e-01
0
1.668327e-01
5.910478e-02
0
1.243424e-01
0
0
0
1.641460e-01
0
1.926141e-01
0
5.734652e-01
2.849693e-01
3.571041e-01
0
1.303217e-01
2.662411e-01
2.835335e-01
2.409183e-01
3.253457e-01
5.171861e-01
2.851463e-01
6.406118e-02
3.106681e-01
2.480213e-01
4.047115e-01
2.181549e-01
4.368191e-01
5.183465e-01
6.078669e-01
1.126490e-01
1
2.155893e-01
7.335112e-01
5.425952e-01
7.188116e-02
1.322847e-01
3.560951e-01
1.135702e-01
3.888136e-03
2.239189e-01
8.020821e-02
5.583688e-02
1.923452e-01
0
1.360057e-01
1.333927e-01
2.792129e-01
1.809369e-01
9.956870e-02
2.762212e-01
1.555737e-01
6.566404e-02
1.664841e-01
8.680293e-02
0
0
2.057022e-01
0
0
1.125472e-01
0
0
0
0
0
0
0
0
0
0
0
0
0
0
0
0
0
0
2.722259e-02
3.747615e-01
0
0
2.232301e-01
3.531897e-01
0
0
0
0
2.757630e-01
3.914762e-01
0
0
0
0
2.662636e-01
0
0
1.811107e-01
4.431607e-02
1.266537e-01
2.627659e-01
3.461217e-01
2.021121e-01
5.481697e-02
0
0
0
0
5.981571e-02
3.253976e-01
4.129320e-02
3.836052e-01
0
0
0
0
0
1.482897e-01
7.385892e-02
3.272180e-01
1.185005e-01
4.984826e-03
0
0
0
0
2.344817e-02
0
0
2.160012e-01
2.622505e-01
0
0
0
3.050874e-01
0
0
3.886429e-01
0
2.719873e-01
0
8.070426e-01
5.736490e-02
3.734560e-01
0
6.302373e-01
2.155893e-01
1
2.400899e-02
6.956258e-01
0
0
2.238554e-02
1.180316e-01
0
0
0
1.158510e-01
0
0
0
0
0
0
0
0
0
0
0
0
0
0
0
9.455636e-02
0
0
0
0
0
0
0
0
0
0
6.428567e-02
0
0
0
1.117889e-01
8.239026e-02
4.761823e-02
0
4.044726e-02
1.505323e-01
0
5.396842e-01
5.572532e-02
1.624807e-01
0
2.870901e-01
0
3.291733e-02
1.084450e-01
1.244121e-01
0
2.256536e-01
0
0
0
7.144686e-02
1.675285e-01
0
0
0
0
2.730590e-01
0
2.687272e-01
0
2.653824e-01
0
3.517061e-01
8.644479e-02
2.846619e-02
2.085330e-01
0
3.096893e-01
0
0
1.560687e-01
0
1.711092e-01
0
0
1.040547e-01
0
0
0
0
0
2.464794e-01
5.091438e-02
6.083608e-01
2.221062e-01
2.451259e-01
0
1.977246e-01
0
1.538125e-01
0
2.205069e-01
4.709752e-01
6.133698e-01
2.231042e-01
4.922010e-01
2.350528e-01
4.490315e-01
0
4.986412e-01
3.272177e-01
5.084675e-01
0
7.335112e-01
2.400899e-02
1
4.997531e-01
2.035880e-02
1.701227e-01
3.827202e-01
1.577688e-01
7.600787e-02
2.730769e-01
3.013491e-01
2.122612e-01
2.775991e-01
8.229340e-02
2.907996e-01
4.149458e-01
2.122847e-01
2.060321e-01
4.049479e-01
3.986533e-01
0
0
3.174524e-01
9.149625e-02
0
0
1.425357e-01
0
5.560647e-02
3.305590e-01
0
0
0
0
0
0
0
0
0
0
0
1.080757e-02
0
0
0
0
0
0
0
1.668515e-01
0
0
3.519318e-01
3.484225e-01
0
0
0
0
2.576174e-01
3.248324e-01
0
0
0
0
8.687532e-03
0
1.606197e-01
4.138779e-01
0
2.324043e-01
3.697462e-01
2.525394e-01
4.601962e-01
1.424461e-01
0
0
6.291038e-02
7.020376e-02
0
1.839057e-01
2.111123e-01
4.689046e-01
0
0
0
0
0
0
2.795077e-01
5.340548e-01
1.275276e-01
5.000601e-02
0
1.224910e-02
0
0
2.332474e-02
1.039466e-01
7.261517e-02
3.838679e-02
1.939025e-01
0
0
0
2.804948e-01
2.046154e-01
1.528370e-01
4.890113e-01
9.713893e-02
2.493225e-01
2.821480e-01
4.787792e-01
2.033229e-01
3.776889e-01
2.881562e-01
3.754580e-01
5.425952e-01
6.956258e-01
4.997531e-01
1
0
0
3.669593e-01
3.374511e-01
3.069761e-01
1.231441e-01
1.606486e-01
3.357811e-01
6.969713e-02
0
1.469080e-01
6.842860e-02
0
3.059069e-02
0
2.460320e-01
0
0
0
1.415922e-02
0
0
0
1.149758e-01
0
0
0
0
0
0
0
0
0
0
0
0
0
0
0
0
0
0
0
0
0
2.953315e-01
0
0
8.697229e-02
4.575599e-01
0
0
0
0
2.753992e-01
4.869105e-01
0
0
0
0
2.477586e-01
0
0
0
0
3.801613e-01
1.044218e-01
3.456323e-01
2.974283e-01
3.820264e-01
0
2.164116e-01
0
7.878807e-02
3.997598e-01
1.250062e-01
4.441716e-01
2.000843e-01
0
0
0
0
0
0
3.520536e-01
1.163553e-01
1.924366e-01
7.360695e-02
0
0
0
4.890869e-02
3.273625e-01
3.553292e-02
3.433194e-02
0
1.776067e-01
0
2.898243e-02
0
1.495877e-01
1.815876e-01
2.856352e-02
0
1.018563e-01
3.078335e-01
0
0
0
4.027769e-01
1.128442e-01
9.221335e-02
7.188116e-02
0
2.035880e-02
0
1.000000e+00
6.612574e-01
1.641514e-01
1.394722e-01
0
4.220555e-02
4.268595e-02
0
2.802847e-01
0
2.154270e-01
1.794699e-01
4.118089e-01
2.762714e-01
0
0
0
0
0
0
1.613973e-01
0
8.870883e-02
0
1.042460e-01
3.425122e-02
0
0
0
0
0
0
0
0
5.480727e-03
1.626366e-02
1.559636e-01
2.984000e-01
0
1.026957e-01
7.103659e-01
4.117845e-01
8.187065e-02
0
8.449945e-02
0
0
0
0
3.638976e-02
0
0
3.688175e-01
3.621000e-01
3.219967e-01
0
4.781689e-02
0
3.226745e-02
0
0
0
7.073258e-01
5.855507e-01
7.883225e-01
6.515911e-02
1.270290e-01
1.604898e-02
0
0
4.245072e-02
0
7.875924e-02
1.866360e-01
1.635680e-01
3.419979e-01
0
3.092543e-01
0
1.110823e-01
0
1.604726e-01
5.016524e-02
3.326945e-01
2.945751e-01
1.413107e-01
0
0
0
4.871672e-02
2.236803e-01
0
0
3.019592e-02
4.583395e-01
6.180107e-01
2.962152e-01
1.818038e-01
2.134260e-01
0
1.654731e-01
5.115232e-01
2.226857e-01
0
2.032886e-01
2.438284e-01
4.807186e-02
0
0
3.916573e-01
0
2.179640e-01
1.322847e-01
0
1.701227e-01
0
6.612574e-01
1
5.765291e-01
7.755621e-02
2.203627e-01
4.799955e-01
2.244655e-02
0
2.501715e-01
0
3.435212e-01
3.438100e-01
3.996876e-01
4.135200e-01
0
0
0
0
0
0
0
0
0
0
2.714190e-02
1.647852e-01
0
0
0
0
0
0
0
0
5.096294e-02
8.048087e-02
2.387802e-01
2.729688e-01
0
0
4.733881e-01
6.099569e-01
4.854706e-02
0
4.180070e-02
0
0
0
0
2.019522e-01
0
0
5.183850e-02
1.706676e-01
4.027322e-01
3.330116e-01
5.997733e-02
6.525941e-02
1.624531e-01
0
0
9.556349e-02
7.660358e-01
5.553725e-01
5.275133e-01
2.160651e-01
3.493246e-02
1.580443e-02
0
0
0
0
0
4.151932e-01
3.195111e-01
3.165556e-01
1.871932e-02
1.068096e-01
0
0
0
1.614562e-01
5.222557e-02
1.706240e-01
4.592943e-01
2.104911e-01
9.473100e-02
0
2.405477e-01
0
0
0
0
0
1.164168e-01
3.952253e-01
1.624021e-01
6.945720e-01
3.081085e-01
0
4.148299e-01
7.360695e-01
4.760329e-01
0
3.159144e-02
7.860702e-02
2.340798e-01
0
0
2.053936e-01
2.733746e-01
2.749694e-01
3.560951e-01
2.238554e-02
3.827202e-01
3.669593e-01
1.641514e-01
5.765291e-01
1.000000e+00
5.503985e-01
3.237406e-01
4.620517e-01
3.381374e-01
1.545891e-01
1.857396e-01
0
1.497615e-01
1.749187e-01
2.573649e-01
2.914742e-01
9.154333e-02
0
0
0
0
0
0
0
0
0
1.179871e-01
1.771575e-02
0
0
0
0
0
0
0
0
0
0
1.922449e-01
3.918415e-02
0
0
2.253816e-01
4.439983e-01
0
0
1.936958e-02
0
0
0
7.840976e-02
2.470999e-01
0
0
8.414234e-02
1.030334e-01
3.831182e-01
4.997011e-01
3.012444e-01
2.252028e-01
1.731223e-01
1.487921e-01
0
1.812404e-01
4.109597e-01
3.050548e-01
1.458348e-01
7.715454e-02
9.562939e-02
0
2.604855e-01
5.520606e-02
0
0
0
3.337438e-01
4.384905e-01
1.007204e-01
1.059239e-01
0
0
0
0
0
1.873820e-02
0
7.066696e-01
8.450274e-02
4.798192e-01
0
1.418972e-01
0
0
0
0
0
0
3.831259e-02
1.169102e-01
5.809254e-01
2.725201e-01
1.749910e-01
4.043632e-01
1.756855e-01
2.175962e-01
0
0
0
1.814384e-01
8.676296e-02
0
0
7.713022e-02
0
1.135702e-01
1.180316e-01
1.577688e-01
3.374511e-01
1.394722e-01
7.755621e-02
5.503985e-01
1
1.101500e-01
1.201832e-02
3.833574e-01
3.996070e-01
8.334650e-02
0
1.524539e-01
2.870320e-02
1.053949e-01
1.108622e-02
2.769506e-01
1.463803e-01
0
0
0
0
3.046004e-01
1.397324e-01
1.457771e-01
0
3.407657e-01
0
0
0
0
0
0
0
0
0
0
0
0
0
0
0
3.090647e-01
1.136352e-01
0
0
0
0
2.877361e-02
0
5.974532e-02
1.779598e-02
1.833564e-03
0
5.592585e-01
5.134163e-01
3.355164e-01
4.062633e-01
5.373917e-01
3.967254e-01
3.420304e-01
3.062175e-01
3.755062e-01
3.673274e-01
3.472601e-01
1.213520e-01
2.975871e-02
0
2.659399e-01
0
1.674395e-01
0
6.866619e-02
0
0
0
4.918373e-01
1.721225e-01
2.582156e-01
5.049332e-02
2.305759e-01
0
0
0
5.955407e-02
0
6.966204e-01
2.099182e-01
6.241478e-01
2.502654e-01
0
2.227645e-01
2.252948e-01
0
0
0
0
0
2.470890e-02
6.858933e-02
3.365486e-01
1.700133e-01
0
0
3.019046e-01
0
3.901279e-01
1.913498e-01
5.927211e-01
0
2.396256e-01
1.350865e-01
1.647129e-02
0
3.888136e-03
0
7.600787e-02
3.069761e-01
0
2.203627e-01
3.237406e-01
1.101500e-01
1
6.755931e-01
2.495486e-01
2.911134e-01
3.136190e-01
1.273425e-01
5.442961e-01
4.272085e-01
0
3.562931e-02
8.996702e-02
1.394197e-01
0
0
1.725089e-01
1.417930e-01
0
0
0
0
2.007214e-01
0
0
0
0
0
0
0
0
0
0
0
0
0
0
0
0
0
0
0
0
0
0
0
1.971560e-01
1.465567e-01
1.686638e-01
0
0
0
5.856413e-01
4.810069e-01
1.835636e-01
0
3.300309e-01
4.393872e-02
4.196534e-02
0
2.576867e-02
0
0
1.385693e-01
0
0
1.463433e-01
2.534776e-01
0
1.420953e-02
0
5.480018e-02
5.014959e-01
3.633153e-01
4.127633e-01
2.509736e-04
9.435602e-02
0
0
0
0
0
1.883035e-01
1.699074e-01
1.797077e-01
1.664431e-01
1.215247e-01
0
0
0
0
0
0
0
0
3.896194e-01
0
0
0
2.910531e-01
5.116923e-01
0
3.962602e-01
3.122598e-01
5.716087e-01
0
1.469599e-01
2.296249e-01
2.038096e-01
0
2.239189e-01
0
2.730769e-01
1.231441e-01
4.220555e-02
4.799955e-01
4.620517e-01
1.201832e-02
6.755931e-01
1.000000e+00
4.798210e-01
3.184145e-01
4.990428e-01
1.349450e-01
4.277253e-01
3.851563e-01
0
0
1.425651e-01
0
3.477674e-02
0
2.974439e-01
1.720652e-01
0
0
0
0
3.038520e-01
3.083486e-01
0
0
0
0
0
0
0
0
0
1.841514e-02
0
1.092460e-01
0
0
0
0
0
0
0
0
0
0
4.783059e-01
3.657073e-01
9.478756e-02
0
0
4.469172e-02
5.762719e-01
6.715427e-01
2.204609e-01
2.177141e-01
2.872360e-01
7.425447e-02
0
0
2.749747e-01
2.326265e-01
0
3.344788e-01
0
0
3.209025e-01
2.907436e-01
0
0
0
2.154790e-03
5.547420e-01
5.618754e-01
5.206416e-01
3.058139e-01
0
0
0
3.963223e-02
0
0
2.343401e-01
3.999593e-01
7.534885e-02
0
0
0
0
0
0
0
0
1.357577e-01
0
4.484090e-01
0
0
0
9.645082e-02
7.927199e-01
0
5.437972e-01
3.922402e-01
6.186417e-01
0
2.150444e-01
1.934833e-01
5.355972e-01
0
8.020821e-02
0
3.013491e-01
1.606486e-01
4.268595e-02
2.244655e-02
3.381374e-01
3.833574e-01
2.495486e-01
4.798210e-01
1
8.795564e-01
8.223488e-01
3.584767e-01
5.391540e-01
2.928671e-01
0
0
6.669308e-01
1.874565e-01
0
0
4.728757e-01
2.117202e-01
2.871548e-01
0
0
0
3.437311e-01
1.908143e-01
0
0
0
0
0
0
0
0
0
1.516775e-01
5.209895e-02
1.854205e-01
0
0
2.114179e-02
0
0
0
0
1.422181e-02
0
0
8.632340e-01
5.319221e-01
1.094111e-01
0
0
3.792979e-01
5.357679e-01
3.467325e-01
4.619823e-01
2.622599e-01
1.774514e-01
3.078107e-01
0
0
2.031232e-01
3.798428e-01
0
2.413858e-01
0
0
7.185899e-01
4.311867e-01
0
0
0
1.244230e-01
5.014363e-01
4.858307e-01
5.723679e-01
5.344591e-01
7.250749e-02
0
0
0
0
0
4.180364e-01
4.349621e-01
3.252688e-01
0
0
0
0
0
0
0
0
0
1.483775e-01
4.263903e-02
0
0
0
0
6.065270e-01
1.805376e-01
5.260606e-01
4.543878e-01
5.942753e-01
0
3.512961e-01
2.078971e-01
3.820466e-01
0
5.583688e-02
1.158510e-01
2.122612e-01
3.357811e-01
0
0
1.545891e-01
3.996070e-01
2.911134e-01
3.184145e-01
8.795564e-01
1
7.189355e-01
4.896181e-01
5.427517e-01
2.923786e-01
0
0
6.003882e-01
3.497176e-01
0
0
4.691200e-01
3.151933e-01
2.256048e-01
0
0
0
1.577768e-01
6.418117e-02
0
0
0
0
0
0
0
0
0
6.693967e-03
0
0
0
0
0
0
0
0
0
1.843469e-01
0
0
7.965702e-01
5.607562e-01
3.141436e-01
6.309993e-02
0
4.203617e-01
4.354111e-01
3.776430e-01
3.154542e-01
1.331774e-01
6.190225e-02
3.318251e-01
4.064862e-03
0
5.554704e-02
2.859333e-01
0
2.513968e-01
0
0
5.750592e-01
4.960641e-01
0
0
0
0
4.590823e-01
3.897158e-01
7.477191e-01
4.798411e-01
1.357809e-01
0
0
0
0
0
3.004124e-01
4.382337e-01
2.739280e-01
7.681137e-02
0
0
0
0
0
0
0
0
5.777756e-02
0
0
0
0
1.668167e-02
7.131093e-01
0
8.205668e-01
6.216090e-01
6.978764e-01
0
5.032753e-01
5.481587e-01
5.382654e-01
0
1.923452e-01
0
2.775991e-01
6.969713e-02
2.802847e-01
2.501715e-01
1.857396e-01
8.334650e-02
3.136190e-01
4.990428e-01
8.223488e-01
7.189355e-01
1
5.096115e-01
7.775100e-01
5.052627e-01
0
0
5.642146e-01
5.319712e-02
0
0
5.529560e-01
2.603663e-01
1.912105e-01
0
0
0
2.104321e-01
1.628486e-01
0
0
0
0
0
0
0
0
2.380932e-02
1.998444e-01
1.189915e-02
2.409158e-01
0
0
3.825876e-02
0
0
0
0
8.318658e-02
0
0
8.080670e-01
5.964002e-01
0
0
0
2.584499e-01
6.211052e-01
2.416985e-01
2.188929e-01
0
4.685255e-02
6.688611e-03
0
0
2.674096e-01
5.779723e-01
0
3.359583e-01
0
0
5.445200e-01
4.005445e-01
0
0
0
1.242654e-01
4.062807e-01
6.986545e-01
5.036201e-01
6.835859e-01
0
0
0
0
0
1.404776e-01
2.284286e-01
5.210305e-01
1.472224e-01
0
0
0
0
0
0
0
0
0
2.593204e-01
8.495394e-02
0
0
0
0
3.378335e-01
6.330704e-02
6.215870e-01
5.333667e-01
3.988316e-01
0
6.701081e-01
2.906974e-01
0
0
0
0
8.229340e-02
0
0
0
0
0
1.273425e-01
1.349450e-01
3.584767e-01
4.896181e-01
5.096115e-01
1
5.142102e-01
5.499392e-01
0
0
5.317644e-01
4.406287e-01
2.137619e-01
1.854821e-01
5.207272e-01
5.493923e-01
2.582539e-01
9.153185e-02
0
6.332570e-02
0
2.054412e-01
3.348705e-01
2.748760e-01
4.689098e-01
3.495304e-01
2.687808e-01
3.571921e-01
2.093264e-01
3.564576e-01
0
0
0
0
0
0
0
0
0
0
0
2.136900e-01
0
0
4.591153e-01
1.568755e-01
1.906037e-01
5.117259e-02
0
0
1.471759e-03
0
0
0
0
0
0
0
0
2.994365e-01
0
0
0
0
1.807527e-01
2.083116e-01
0
0
0
0
0
3.040513e-01
4.229103e-01
3.662469e-01
1.126741e-01
6.640981e-02
2.259961e-01
0
0
1.515384e-01
0
4.053721e-01
0
2.139417e-01
0
0
0
0
0
0
0
0
0
0
0
0
0
0
4.776508e-01
0
8.537215e-01
6.378474e-01
6.158170e-01
0
6.031840e-01
5.895125e-01
2.233028e-01
0
1.360057e-01
0
2.907996e-01
1.469080e-01
2.154270e-01
3.435212e-01
1.497615e-01
1.524539e-01
5.442961e-01
4.277253e-01
5.391540e-01
5.427517e-01
7.775100e-01
5.142102e-01
1
6.874167e-01
0
0
2.856001e-01
0
0
0
3.880317e-01
1.037042e-01
7.177033e-02
0
0
0
4.546400e-02
1.092204e-01
0
0
0
0
0
0
0
0
0
4.210801e-02
0
7.522186e-02
0
0
2.496307e-02
0
0
0
0
6.565562e-02
0
0
5.317743e-01
4.669416e-01
0
0
0
1.759420e-01
6.892789e-01
3.523396e-01
7.961668e-02
0
6.136667e-02
1.063281e-02
0
0
3.687763e-01
4.974115e-01
0
2.039076e-01
0
0
2.134204e-01
2.347326e-01
0
0
0
1.704986e-01
4.273922e-01
5.748664e-01
5.256523e-01
4.449479e-01
8.564600e-02
0
0
0
0
0
2.534841e-01
4.884222e-01
1.681109e-01
7.164525e-02
0
0
0
0
0
0
0
0
2.286876e-01
2.454761e-01
0
0
0
0
4.393316e-01
1.934360e-01
6.590523e-01
6.109887e-01
4.016489e-01
0
5.224399e-01
4.734084e-01
4.083542e-02
0
1.333927e-01
0
4.149458e-01
6.842860e-02
1.794699e-01
3.438100e-01
1.749187e-01
2.870320e-02
4.272085e-01
3.851563e-01
2.928671e-01
2.923786e-01
5.052627e-01
5.499392e-01
6.874167e-01
1
0
6.060175e-02
2.877737e-01
1.898239e-01
0
1.190078e-01
2.881431e-01
1.780062e-01
0
2.374923e-02
0
0
0
1.326704e-01
0
0
0
0
0
0
0
0
0
2.096056e-03
0
1.467949e-01
0
0
0
0
0
0
0
1.031728e-01
0
0
2.844750e-01
2.956609e-01
0
0
0
0
2.334986e-01
9.131513e-02
0
0
0
0
0
0
2.376613e-01
4.934825e-01
0
0
0
0
1.673631e-01
1.491701e-01
0
0
0
1.207908e-01
7.473314e-02
2.586115e-01
3.658661e-01
3.467070e-01
1.656751e-01
1.458739e-01
0
6.222208e-02
0
0
1.083167e-01
5.047322e-01
0
0
1.462397e-01
0
0
0
0
0
0
0
0
2.643676e-01
1.086360e-01
0
4.205993e-01
4.273716e-01
0
0
0
0
0
0
0
0
0
1.435176e-01
2.792129e-01
0
2.122847e-01
0
4.118089e-01
3.996876e-01
2.573649e-01
1.053949e-01
0
0
0
0
0
0
0
0
1
8.132305e-01
0
0
3.171311e-01
1.619668e-01
0
0
0
0
5.206935e-01
3.134066e-02
2.674409e-01
1.701418e-01
8.154076e-02
5.961530e-02
0
0
9.704092e-03
0
3.315018e-02
0
0
0
0
0
6.089925e-02
0
2.301648e-01
5.279605e-01
1.683054e-01
7.518078e-02
5.778846e-01
0
4.635513e-01
3.596451e-01
0
0
0
0
3.170048e-01
0
0
0
0
1.137007e-03
3.963386e-02
0
1.396025e-01
3.895716e-01
2.720813e-01
5.209248e-02
7.403263e-01
0
7.131613e-01
5.132532e-01
0
0
3.877634e-01
3.212409e-01
0
0
0
0
0
0
0
2.105720e-01
1.755484e-01
0
4.149705e-01
2.292320e-01
8.786608e-02
0
3.217592e-02
1.476591e-01
0
2.275005e-01
0
1.451705e-01
0
1.864491e-01
1.807382e-01
6.995389e-01
0
4.429329e-02
1.128457e-01
2.933771e-01
3.936690e-01
4.143729e-01
0
0
0
0
0
2.535614e-02
0
0
0
4.491830e-01
1.809369e-01
0
2.060321e-01
3.059069e-02
2.762714e-01
4.135200e-01
2.914742e-01
1.108622e-02
3.562931e-02
0
0
0
0
0
0
6.060175e-02
8.132305e-01
1.000000e+00
0
0
0
1.221970e-01
0
0
0
0
4.756746e-01
9.745355e-02
4.478858e-02
0
0
0
0
0
0
0
0
0
0
0
1.596904e-01
6.828547e-02
1.683461e-01
6.409342e-02
4.329673e-02
6.032290e-01
2.396674e-01
2.238252e-01
4.957869e-01
0
4.850610e-01
3.229077e-01
0
0
0
0
2.412324e-02
0
0
0
0
0
0
0
3.520268e-02
2.936557e-01
1.367626e-01
0
5.298794e-01
0
7.308472e-01
6.973814e-01
0
0
5.494597e-01
4.688835e-01
1.390139e-01
1.841984e-01
0
0
0
0
0
3.967592e-01
4.287914e-02
0
1.925678e-01
0
4.748673e-02
0
0
1.237569e-02
9.148569e-02
2.493220e-01
0
9.742196e-02
9.720941e-02
3.267666e-01
2.960962e-01
3.861460e-01
0
1.305223e-01
2.348799e-01
3.488688e-01
0
0
7.861783e-01
7.442655e-02
5.376343e-01
9.582245e-02
6.193327e-01
0
4.300875e-01
0
4.032082e-01
0
9.956870e-02
0
4.049479e-01
0
0
0
9.154333e-02
2.769506e-01
8.996702e-02
1.425651e-01
6.669308e-01
6.003882e-01
5.642146e-01
5.317644e-01
2.856001e-01
2.877737e-01
0
0
1
6.852365e-01
1.959545e-01
0
4.236101e-01
2.405388e-01
5.165050e-01
6.889539e-02
3.847828e-01
2.242723e-01
4.180363e-01
1.684709e-01
0
0
5.306006e-02
0
0
0
0
0
0
0
0
0
0
0
0
0
0
0
0
0
0
0
5.712178e-01
9.993721e-02
1.619166e-01
0
0
0
1.768771e-01
0
1.749040e-01
0
0
0
0
0
1.566006e-02
4.083213e-01
0
0
1.796866e-01
0
6.952227e-01
1.570416e-01
0
0
0
0
0
3.209085e-01
1.871195e-01
4.061796e-01
2.191840e-01
0
2.074721e-01
0
0
0
6.218562e-02
4.213803e-01
5.289173e-02
2.709474e-01
0
7.057295e-02
0
0
0
0
0
0
0
0
0
0
0
0
3.979610e-01
3.241015e-01
2.524315e-01
0
4.672909e-01
0
4.626403e-01
0
2.201840e-01
0
2.762212e-01
0
3.986533e-01
2.460320e-01
0
0
0
1.463803e-01
1.394197e-01
0
1.874565e-01
3.497176e-01
5.319712e-02
4.406287e-01
0
1.898239e-01
0
0
6.852365e-01
1.000000e+00
3.333910e-01
3.605715e-01
3.280105e-01
4.320569e-01
2.304650e-01
1.111337e-01
4.366896e-01
4.045276e-01
1.249431e-01
2.080017e-02
1.277082e-01
1.407536e-01
4.465511e-01
2.893590e-01
0
4.162544e-02
5.122571e-02
0
0
0
0
0
0
0
0
0
0
0
0
1.122182e-01
0
3.756735e-02
2.317504e-01
0
3.567235e-01
3.016300e-01
0
0
0
0
0
0
0
0
2.645385e-01
0
0
0
0
0
3.570238e-01
9.025043e-02
3.721665e-01
7.475131e-02
6.200336e-02
0
0
0
0
0
5.762180e-02
7.436635e-02
1.227180e-01
1.453187e-02
3.060278e-01
0
0
0
0
2.374430e-01
0
4.137439e-01
0
0
0
1.882526e-02
0
0
0
0
0
0
0
7.554168e-02
0
0
0
0
1.171204e-01
0
2.033872e-01
0
2.735999e-01
0
0
0
1.555737e-01
0
0
0
0
0
0
0
0
3.477674e-02
0
0
0
2.137619e-01
0
0
3.171311e-01
0
1.959545e-01
3.333910e-01
1
7.571603e-01
1.810216e-01
3.349181e-01
1.409435e-01
5.923167e-02
2.891052e-01
8.003601e-02
2.250677e-01
4.099940e-01
7.138824e-01
6.330172e-01
7.150490e-01
6.472811e-01
6.111132e-01
6.736302e-01
7.047949e-01
5.733836e-01
0
0
0
0
0
0
0
0
0
0
2.109662e-01
0
0
2.133788e-01
0
0
3.946639e-01
3.464701e-01
3.006684e-02
0
0
0
0
0
0
0
8.690816e-03
2.321916e-02
0
0
1.251556e-01
0
3.816715e-02
0
0
0
0
0
0
0
0
1.595741e-01
0
1.737869e-01
0
0
3.871432e-01
0
2.533446e-01
6.357760e-01
0
2.474163e-01
4.465000e-02
3.317980e-01
0
0
0
6.771127e-02
0
0
0
2.657380e-01
0
0
0
5.811105e-03
0
0
0
2.142292e-01
0
0
0
7.041835e-02
9.767170e-02
0
0
0
6.566404e-02
0
0
0
0
0
0
0
0
0
0
0
0
1.854821e-01
0
1.190078e-01
1.619668e-01
1.221970e-01
0
3.605715e-01
7.571603e-01
1
5.805656e-03
3.609699e-01
0
6.202944e-02
3.069167e-02
9.603291e-02
0
2.785011e-01
6.736656e-01
5.369222e-01
6.691776e-01
6.572704e-01
4.982180e-01
5.376494e-01
6.276682e-01
5.364099e-01
0
0
0
0
0
0
0
0
0
5.158238e-02
2.443203e-01
0
7.550164e-02
2.486186e-01
0
0
2.240159e-01
4.166665e-01
0
0
0
0
0
0
0
0
0
1.418407e-02
0
0
0
0
0
0
0
0
0
0
0
0
0
0
0
0
0
2.121599e-01
3.657878e-02
7.004036e-02
1.630702e-02
2.780676e-01
0
8.928070e-02
0
6.270483e-02
1.133732e-01
0
0
1.839421e-01
0
0
0
0
0
0
0
2.746738e-01
0
0
4.572481e-01
1.301617e-02
5.666064e-01
4.144980e-01
4.423382e-01
0
5.464224e-01
1.815655e-01
5.368554e-01
0
1.664841e-01
0
3.174524e-01
0
0
0
0
0
1.725089e-01
2.974439e-01
4.728757e-01
4.691200e-01
5.529560e-01
5.207272e-01
3.880317e-01
2.881431e-01
0
0
4.236101e-01
3.280105e-01
1.810216e-01
5.805656e-03
1.000000e+00
8.254188e-01
1.473103e-01
0
0
0
0
3.318695e-01
7.329506e-02
0
2.108722e-01
6.542172e-02
0
1.587694e-01
0
6.936802e-03
0
1.451789e-01
0
1.747859e-01
0
0
0
0
0
0
0
1.128484e-01
0
0
7.677011e-01
3.142666e-01
3.191085e-01
1.313644e-01
0
0
3.701158e-01
1.001109e-01
0
0
0
0
0
0
0
2.766578e-01
0
2.888877e-01
0
0
4.340413e-01
3.390912e-01
0
0
0
0
9.847463e-03
2.787254e-01
3.124098e-01
5.723405e-01
4.819013e-02
0
1.578403e-01
1.170471e-02
0
0
0
4.557636e-01
0
2.874121e-02
0
0
0
3.702091e-01
0
0
0
0
1.705557e-01
0
0
0
0
0
1.609529e-01
2.924704e-01
3.271812e-01
3.049264e-01
3.073216e-01
0
4.207294e-01
6.997957e-02
2.485358e-01
0
8.680293e-02
0
9.149625e-02
1.415922e-02
0
0
0
0
1.417930e-01
1.720652e-01
2.117202e-01
3.151933e-01
2.603663e-01
5.493923e-01
1.037042e-01
1.780062e-01
0
0
2.405388e-01
4.320569e-01
3.349181e-01
3.609699e-01
8.254188e-01
1
9.866561e-02
1.499326e-02
0
1.178776e-01
0
3.221108e-01
3.676415e-01
2.656837e-01
5.276384e-01
4.218540e-01
1.856676e-01
4.085508e-01
2.431833e-01
2.664893e-01
0
0
0
0
0
0
0
0
0
0
0
2.298534e-01
0
0
5.207967e-01
1.476573e-01
4.898538e-01
4.688739e-01
0
0
6.549147e-03
0
0
0
0
0
0
0
0
0
0
1.310080e-01
0
0
2.199369e-01
3.199747e-01
0
0
0
0
0
1.521888e-01
2.614762e-01
4.213102e-01
0
4.350104e-02
2.532253e-01
7.070333e-02
0
0
0
2.831837e-01
0
6.141924e-02
0
0
0
4.402924e-01
0
0
0
0
0
0
0
0
0
0
1.345160e-01
0
1.540886e-01
0
1.664192e-01
0
0
0
0
0
0
0
0
0
1.613973e-01
0
0
3.046004e-01
0
0
2.871548e-01
2.256048e-01
1.912105e-01
2.582539e-01
7.177033e-02
0
0
0
5.165050e-01
2.304650e-01
1.409435e-01
0
1.473103e-01
9.866561e-02
1
5.385335e-01
4.796195e-01
4.075606e-01
6.164749e-01
1.876784e-01
3.822785e-02
1.163950e-01
1.306860e-01
1.059477e-01
6.883620e-02
1.621837e-01
0
0
0
0
0
0
0
0
1.011745e-01
0
3.528195e-02
0
0
0
9.131626e-03
0
1.213720e-01
0
3.509729e-01
1.798248e-01
3.119168e-01
3.050562e-01
6.248965e-02
0
4.226134e-01
1.394805e-01
3.035199e-01
8.001268e-02
1.916872e-01
1.137046e-01
1.846611e-02
0
0
0
2.277141e-01
0
1.583714e-01
0
9.944398e-02
0
0
0
3.122607e-02
2.910585e-01
0
2.502594e-01
5.786827e-01
2.077023e-02
4.568855e-01
0
1.069357e-01
7.255926e-04
8.742804e-02
2.465249e-01
1.933971e-01
4.872804e-01
9.941310e-03
3.910348e-01
2.358146e-01
1.947352e-02
0
0
0
5.778885e-02
0
0
5.707844e-02
1.254664e-01
2.229316e-02
0
0
2.058212e-01
0
0
0
0
0
0
0
0
0
0
0
0
0
0
0
1.397324e-01
0
0
0
0
0
9.153185e-02
0
2.374923e-02
0
0
6.889539e-02
1.111337e-01
5.923167e-02
6.202944e-02
0
1.499326e-02
5.385335e-01
1.000000e+00
3.313747e-01
4.494539e-01
4.218684e-01
2.650218e-01
7.118158e-02
1.258465e-01
1.291760e-01
2.057889e-01
3.046930e-02
1.232321e-01
5.991026e-02
6.321935e-02
0
0
0
0
2.188642e-02
8.401796e-02
4.255093e-02
3.313441e-03
5.831045e-02
0
0
0
4.466397e-02
2.718293e-01
0
0
3.936726e-01
3.398106e-01
2.018603e-01
2.155438e-01
0
0
1.569696e-01
3.870649e-01
2.408196e-01
1.278975e-01
1.676232e-01
4.235006e-01
0
0
0
0
2.791963e-01
7.632907e-03
0
0
6.533916e-02
0
3.050703e-02
0
3.789372e-02
1.478615e-01
1.721636e-01
9.668868e-02
3.439841e-01
0
5.199464e-01
0
1.581158e-01
0
0
2.871525e-01
0
4.696087e-01
4.944677e-02
3.008936e-01
0
0
0
2.061522e-01
4.352355e-02
3.396207e-02
0
0
7.830948e-03
0
1.695883e-01
7.466768e-02
3.794281e-02
0
0
0
2.327307e-01
0
4.107726e-02
0
7.795053e-02
0
2.057022e-01
0
1.425357e-01
0
8.870883e-02
0
0
1.457771e-01
0
0
0
0
0
0
0
0
5.206935e-01
4.756746e-01
3.847828e-01
4.366896e-01
2.891052e-01
3.069167e-02
0
0
4.796195e-01
3.313747e-01
1
5.414827e-01
6.459917e-01
0
0
7.708548e-02
1.177908e-01
7.359335e-03
0
0
0
0
0
0
0
0
2.063642e-01
0
0
8.373425e-02
0
0
1.641494e-01
0
2.064465e-01
3.406719e-01
0
0
8.643370e-02
0
1.498099e-01
0
0
0
1.018193e-01
0
1.685151e-01
0
4.736716e-01
2.974101e-01
0
0
2.104953e-01
0
7.956767e-01
4.715003e-01
1.380163e-01
0
3.167837e-01
2.489129e-01
9.677666e-02
0
0
2.886284e-01
0
0
6.794332e-02
0
6.110447e-01
0
2.410584e-01
2.449699e-02
0
0
0
4.987509e-01
0
1.505181e-01
0
0
0
9.084590e-02
0
2.443765e-01
0
0
0
7.779235e-02
1.890243e-02
0
0
2.946731e-01
0
0
0
0
0
0
0
0
0
9.455636e-02
0
1.149758e-01
0
0
0
0
0
0
0
0
0
6.332570e-02
0
0
3.134066e-02
9.745355e-02
2.242723e-01
4.045276e-01
8.003601e-02
9.603291e-02
0
1.178776e-01
4.075606e-01
4.494539e-01
5.414827e-01
1.000000e+00
3.488591e-01
0
7.335879e-02
1.983420e-01
2.108726e-01
2.165574e-01
0
1.163147e-01
8.027536e-02
0
0
0
0
0
2.993138e-01
2.209454e-01
0
0
1.472170e-01
1.489577e-01
6.670203e-03
0
3.102792e-01
4.454109e-01
0
0
2.014671e-01
3.313644e-01
4.738965e-02
0
0
0
0
0
0
0
1.688793e-01
1.016411e-01
0
0
0
0
4.381232e-01
2.598629e-01
5.431707e-02
0
6.961563e-02
2.515400e-01
2.871657e-01
0
0
0
0
0
2.833525e-01
2.948561e-01
4.390028e-01
0
3.785409e-02
0
0
0
0
1.841041e-01
0
2.354579e-01
0
0
2.225902e-01
1.684540e-01
1.291914e-01
0
0
0
0
2.636280e-01
4.235365e-02
5.334956e-02
2.344770e-01
0
1.318032e-01
0
4.433023e-01
0
0
0
8.821741e-02
0
0
0
5.560647e-02
0
1.042460e-01
2.714190e-02
1.179871e-01
3.407657e-01
2.007214e-01
3.038520e-01
3.437311e-01
1.577768e-01
2.104321e-01
0
4.546400e-02
0
2.674409e-01
4.478858e-02
4.180363e-01
1.249431e-01
2.250677e-01
0
0
0
6.164749e-01
4.218684e-01
6.459917e-01
3.488591e-01
1
2.634294e-01
0
0
0
0
0
1.951284e-02
0
0
0
0
0
0
0
0
4.491139e-02
0
3.102890e-02
0
0
0
0
0
8.621891e-02
0
2.865082e-01
0
3.493112e-01
1.446626e-01
2.897515e-01
1.408682e-01
5.952511e-01
4.030998e-01
5.605305e-01
2.485596e-01
3.300296e-01
2.411486e-01
2.920942e-02
0
8.871550e-02
0
3.613133e-01
0
1.625631e-01
0
0
0
0
0
3.296187e-01
5.481264e-01
1.160449e-01
2.324868e-01
3.309598e-01
0
4.897548e-01
0
4.114229e-01
2.534765e-02
2.200181e-01
1.955998e-01
2.751575e-01
3.893833e-01
0
1.532293e-01
0
0
0
0
0
3.120272e-01
4.466128e-02
0
0
0
0
4.823601e-02
3.305126e-01
0
3.609474e-01
2.783468e-02
2.733153e-01
0
1.447171e-01
0
0
0
1.125472e-01
0
3.305590e-01
0
3.425122e-02
1.647852e-01
1.771575e-02
0
0
3.083486e-01
1.908143e-01
6.418117e-02
1.628486e-01
2.054412e-01
1.092204e-01
1.326704e-01
1.701418e-01
0
1.684709e-01
2.080017e-02
4.099940e-01
2.785011e-01
3.318695e-01
3.221108e-01
1.876784e-01
2.650218e-01
0
0
2.634294e-01
1
1.788785e-01
1.132005e-01
1.812297e-01
1.411621e-01
7.846623e-02
2.704730e-01
4.002532e-02
1.534234e-02
0
0
0
0
0
0
0
0
0
0
0
0
0
0
3.208127e-01
7.748226e-02
2.350459e-01
1.181221e-01
0
1.100048e-01
1.121939e-01
3.664737e-01
9.487890e-02
1.868379e-01
0
0
0
0
2.136220e-01
2.048071e-01
0
2.270118e-01
0
0
4.585694e-02
0
0
0
0
0
0
2.224352e-01
2.341916e-01
4.863081e-01
0
0
1.161145e-01
2.360208e-01
4.228289e-03
2.741567e-01
1.534202e-02
5.991984e-01
1.808249e-01
1.568059e-01
4.965512e-02
1.759962e-01
0
2.830558e-01
0
0
0
1.544800e-01
0
1.616439e-03
5.213096e-02
3.433232e-02
0
0
0
0
0
0
0
1.131432e-01
2.419837e-01
0
0
0
0
0
0
0
0
0
0
0
0
0
0
0
0
3.348705e-01
0
0
8.154076e-02
0
0
1.277082e-01
7.138824e-01
6.736656e-01
7.329506e-02
3.676415e-01
3.822785e-02
7.118158e-02
0
7.335879e-02
0
1.788785e-01
1
9.471382e-01
9.002289e-01
9.229229e-01
9.087808e-01
9.490543e-01
8.660885e-01
8.135644e-01
0
0
0
0
2.300131e-01
2.765320e-01
0
0
0
0
2.287477e-01
0
1.693544e-01
3.657008e-01
0
0
3.760896e-01
4.811154e-01
2.946880e-02
0
0
0
0
0
0
0
0
0
0
0
8.581945e-02
0
0
0
0
0
1.375698e-01
1.043812e-01
0
0
0
0
0
0
9.717154e-02
3.039790e-01
3.981910e-01
8.339572e-02
2.756271e-01
4.423801e-01
0
0
0
2.804832e-01
1.458391e-02
0
1.691989e-01
1.887960e-01
9.018771e-02
0
0
1.239321e-01
0
0
0
4.599497e-02
0
0
0
0
0
0
0
6.565227e-02
1.131285e-01
0
0
0
0
0
0
0
0
0
0
0
0
0
0
0
0
2.748760e-01
0
0
5.961530e-02
0
0
1.407536e-01
6.330172e-01
5.369222e-01
0
2.656837e-01
1.163950e-01
1.258465e-01
7.708548e-02
1.983420e-01
0
1.132005e-01
9.471382e-01
1
9.106231e-01
9.307055e-01
8.600987e-01
9.268739e-01
8.255783e-01
8.103735e-01
0
0
0
0
3.395015e-01
3.411898e-01
0
0
0
1.685841e-02
2.657266e-01
0
3.138535e-01
5.278025e-01
0
0
4.643633e-01
5.743918e-01
9.847863e-02
0
0
0
0
0
3.052037e-02
6.183202e-02
1.521662e-01
7.598197e-02
0
0
3.492037e-02
0
0
0
0
0
2.181321e-01
2.652454e-01
0
0
0
0
0
0
9.447710e-02
2.399569e-01
4.964164e-01
4.425695e-03
3.318334e-01
4.037742e-01
0
0
0
3.384356e-01
8.528266e-03
0
2.262460e-01
1.287049e-01
1.046993e-01
0
0
1.747237e-02
0
0
0
1.277729e-01
0
0
0
0
0
0
0
0
2.574364e-01
0
0
0
0
0
0
0
0
0
0
0
0
0
0
0
0
4.689098e-01
0
0
0
0
5.306006e-02
4.465511e-01
7.150490e-01
6.691776e-01
2.108722e-01
5.276384e-01
1.306860e-01
1.291760e-01
1.177908e-01
2.108726e-01
0
1.812297e-01
9.002289e-01
9.106231e-01
1
9.582910e-01
7.203672e-01
8.487701e-01
7.548271e-01
7.590759e-01
0
0
0
0
1.440697e-01
8.115563e-02
0
0
0
0
8.955972e-02
0
1.445244e-01
3.872746e-01
0
0
5.773182e-01
6.563980e-01
0
0
0
0
0
0
0
0
1.357044e-01
0
0
0
0
0
0
0
0
0
8.420676e-02
1.351845e-01
0
0
0
0
0
0
6.222344e-02
2.007185e-01
4.925347e-01
0
9.255349e-02
3.265082e-01
0
0
0
3.852015e-01
0
0
7.351899e-02
2.211428e-01
0
0
0
0
0
0
0
8.533276e-02
0
0
0
0
0
0
0
1.346655e-01
1.184223e-01
0
0
0
0
0
0
0
0
0
0
0
0
0
0
0
0
3.495304e-01
0
0
0
0
0
2.893590e-01
6.472811e-01
6.572704e-01
6.542172e-02
4.218540e-01
1.059477e-01
2.057889e-01
7.359335e-03
2.165574e-01
0
1.411621e-01
9.229229e-01
9.307055e-01
9.582910e-01
1
7.680853e-01
8.708524e-01
7.560240e-01
7.847229e-01
0
0
0
0
1.471923e-01
1.336271e-01
0
0
0
0
1.225538e-01
0
2.395087e-01
4.681949e-01
0
0
5.982236e-01
7.226977e-01
9.735863e-02
0
0
0
0
0
0
2.306798e-02
1.189236e-01
5.475574e-02
0
0
0
0
0
0
0
0
9.720165e-02
1.723782e-01
0
0
0
0
0
0
1.309523e-01
2.501429e-01
4.078066e-01
6.787944e-02
1.628337e-01
3.132501e-01
0
0
0
3.930055e-01
2.389159e-02
0
2.056466e-01
2.859841e-01
3.091461e-02
0
0
0
0
0
0
1.123011e-01
0
0
0
0
0
0
0
4.400393e-02
1.553422e-01
0
0
0
0
0
0
0
0
0
0
0
0
0
0
0
0
2.687808e-01
0
0
9.704092e-03
0
0
0
6.111132e-01
4.982180e-01
0
1.856676e-01
6.883620e-02
3.046930e-02
0
0
0
7.846623e-02
9.087808e-01
8.600987e-01
7.203672e-01
7.680853e-01
1
9.132123e-01
8.829277e-01
8.774593e-01
0
0
0
0
3.322887e-01
4.306801e-01
1.590688e-02
0
0
4.387917e-02
2.283325e-01
0
1.385699e-01
2.457703e-01
0
0
2.262173e-01
2.953173e-01
1.837521e-01
0
0
0
0
0
1.423151e-01
1.187181e-01
0
0
0
0
1.932575e-01
0
0
0
0
0
1.017180e-01
0
0
0
0
0
0
0
1.430469e-01
2.266320e-01
3.246517e-01
1.526420e-01
4.520519e-01
5.530368e-01
0
0
0
1.143332e-01
9.335898e-02
0
2.764723e-01
0
1.047213e-01
0
0
2.205107e-01
0
0
0
0
0
0
0
0
1.317324e-02
0
0
9.084606e-03
2.396489e-01
0
0
0
0
0
0
0
0
0
0
0
0
0
0
0
0
3.571921e-01
0
0
0
0
0
4.162544e-02
6.736302e-01
5.376494e-01
1.587694e-01
4.085508e-01
1.621837e-01
1.232321e-01
0
1.163147e-01
1.951284e-02
2.704730e-01
9.490543e-01
9.268739e-01
8.487701e-01
8.708524e-01
9.132123e-01
1
8.413618e-01
8.146622e-01
0
0
0
0
2.604370e-01
3.608898e-01
0
0
0
0
9.937442e-02
0
7.349271e-02
2.878893e-01
0
0
4.584958e-01
5.177893e-01
1.086657e-02
0
0
0
0
0
1.224642e-02
2.859267e-02
0
0
0
0
2.490429e-02
0
0
0
0
0
4.222957e-03
4.206327e-02
0
0
0
0
0
0
1.904354e-01
2.139554e-01
4.844773e-01
6.156553e-02
3.000727e-01
4.336288e-01
0
0
0
3.064120e-01
7.591067e-02
0
1.804477e-01
1.811646e-01
4.847544e-02
0
0
1.025324e-01
0
0
0
0
0
0
0
0
0
0
0
5.596046e-02
1.929835e-01
0
0
0
0
0
0
0
0
0
0
0
0
0
0
0
0
2.093264e-01
0
0
3.315018e-02
0
0
5.122571e-02
7.047949e-01
6.276682e-01
0
2.431833e-01
0
5.991026e-02
0
8.027536e-02
0
4.002532e-02
8.660885e-01
8.255783e-01
7.548271e-01
7.560240e-01
8.829277e-01
8.413618e-01
1
8.804535e-01
1.055682e-01
0
0
0
4.658536e-01
4.841079e-01
0
0
0
1.321915e-01
2.945200e-01
1.619478e-02
1.290183e-01
3.914282e-01
0
0
2.269698e-01
3.547346e-01
0
0
0
0
0
0
0
0
0
0
0
0
3.054567e-02
0
0
0
0
0
1.094481e-01
0
0
0
0
0
0
0
0
1.380610e-01
4.455761e-01
5.849247e-02
3.451530e-01
5.804360e-01
0
0
0
1.331704e-01
0
0
0
0
2.059853e-01
0
0
1.023937e-01
0
0
0
0
0
0
0
0
0
0
0
5.585908e-02
1.017872e-01
0
0
0
0
0
0
0
0
0
0
0
0
0
0
0
0
3.564576e-01
0
0
0
0
0
0
5.733836e-01
5.364099e-01
6.936802e-03
2.664893e-01
0
6.321935e-02
0
0
0
1.534234e-02
8.135644e-01
8.103735e-01
7.590759e-01
7.847229e-01
8.774593e-01
8.146622e-01
8.804535e-01
1
5.058607e-02
0
0
0
3.121811e-01
3.405642e-01
0
0
0
0
7.947200e-02
0
1.751097e-02
2.385892e-01
0
0
3.725188e-01
4.502638e-01
3.624095e-02
0
0
0
4.241963e-02
2.014384e-02
2.072393e-01
1.605655e-01
0
0
0
0
0
0
0
0
0
0
0
0
0
0
0
0
0
0
0
0
2.880004e-01
1.402276e-01
2.584140e-01
5.554881e-01
0
0
0
1.471607e-01
3.923965e-02
0
1.006507e-01
0
4.066296e-02
0
0
0
0
0
0
0
3.112018e-01
2.348868e-01
0
0
0
0
0
0
0
3.967128e-02
1.551548e-01
2.388440e-01
0
6.428567e-02
0
0
5.480727e-03
5.096294e-02
0
0
0
0
0
0
2.380932e-02
0
0
0
0
0
0
0
0
0
0
0
0
0
0
0
0
0
0
0
0
0
0
0
1.055682e-01
5.058607e-02
1
9.092417e-01
8.281730e-01
7.359862e-01
6.335351e-01
6.498779e-01
3.013881e-01
2.826350e-01
5.996650e-01
4.526463e-01
1.519839e-01
1.315503e-01
8.584000e-02
0
0
2.277714e-01
0
0
0
0
0
0
3.437408e-02
2.576857e-01
1.609274e-01
2.991280e-01
0
0
0
0
0
2.226430e-01
0
0
0
3.266694e-01
4.011444e-02
0
6.576444e-01
6.466407e-01
2.057651e-02
0
0
0
0
0
3.110073e-02
2.369422e-01
1.374166e-01
2.717919e-02
0
0
0
0
8.723011e-02
0
0
0
1.927375e-01
3.204078e-01
1.565233e-01
6.633773e-03
4.533996e-01
2.115091e-01
0
0
1.629589e-01
2.545040e-01
6.613106e-02
4.274238e-02
2.532394e-03
8.502582e-02
0
0
0
2.378782e-02
2.961391e-01
7.685505e-02
0
0
0
0
1.626366e-02
8.048087e-02
0
0
0
1.841514e-02
1.516775e-01
6.693967e-03
1.998444e-01
0
4.210801e-02
2.096056e-03
0
0
0
0
0
0
1.451789e-01
0
0
0
0
0
0
0
0
0
0
0
0
0
0
0
9.092417e-01
1
8.526370e-01
8.540778e-01
3.946720e-01
4.616816e-01
2.360684e-01
2.218009e-01
4.860883e-01
3.884820e-01
2.606051e-02
1.202804e-01
0
0
2.217507e-01
3.458225e-01
0
0
0
0
0
0
1.081390e-01
2.508018e-01
1.373799e-01
2.443586e-01
0
0
0
7.376461e-02
0
3.123990e-01
0
0
2.444766e-01
4.761508e-01
0
0
6.389519e-01
7.084743e-01
2.554942e-02
0
0
0
0
0
0
2.817039e-01
0
0
5.683616e-03
0
0
0
2.167697e-01
0
0
0
0
2.540796e-01
1.637966e-01
0
4.157139e-01
2.535957e-01
0
0
4.652053e-01
4.807594e-01
4.618740e-02
0
0
0
0
0
0
2.058365e-02
2.840154e-01
3.564772e-01
0
0
0
0
1.559636e-01
2.387802e-01
1.922449e-01
0
0
0
5.209895e-02
0
1.189915e-02
0
0
0
0
1.596904e-01
0
0
0
0
0
0
0
0
0
0
0
0
0
0
0
0
0
0
0
0
8.281730e-01
8.526370e-01
1.000000e+00
8.548466e-01
3.961559e-01
3.946312e-01
3.699476e-01
5.059755e-01
6.761467e-01
5.109000e-01
2.349880e-01
2.604258e-02
2.250753e-01
0
0
1.961652e-01
0
0
0
0
0
0
3.558124e-02
1.845231e-01
8.294539e-02
1.744015e-01
0
0
1.024355e-01
7.095065e-02
1.048896e-01
2.122903e-01
0
8.945155e-02
2.545186e-01
3.193229e-01
1.412720e-01
0
7.691034e-01
8.779160e-01
4.999327e-02
0
0
0
0
2.674119e-02
0
1.823676e-01
9.813663e-03
0
2.239121e-01
0
0
0
2.445470e-01
1.457843e-01
1.127381e-02
0
9.851510e-02
3.552955e-01
3.345230e-01
1.911456e-02
4.079511e-01
3.210422e-01
1.283001e-01
6.626571e-02
1.892268e-01
3.462534e-01
1.444483e-01
0
2.343497e-02
3.399835e-02
0
0
0
2.416468e-02
3.675062e-01
1.694595e-02
0
0
1.080757e-02
0
2.984000e-01
2.729688e-01
3.918415e-02
0
0
1.092460e-01
1.854205e-01
0
2.409158e-01
0
7.522186e-02
1.467949e-01
0
6.828547e-02
0
0
0
0
1.747859e-01
0
0
0
0
0
0
0
0
0
0
0
0
0
0
0
7.359862e-01
8.540778e-01
8.548466e-01
1
2.887625e-01
3.757091e-01
3.818036e-01
4.096896e-01
5.096292e-01
3.456191e-01
1.142623e-01
0
0
0
1.628543e-01
1.293877e-01
0
0
0
0
7.784047e-02
0
8.352269e-02
2.092889e-01
1.275793e-01
6.867432e-02
0
0
9.697572e-02
1.397907e-01
1.261339e-01
1.173587e-01
0
0
2.434548e-01
1.816767e-01
1.376067e-02
0
5.548012e-01
7.094965e-01
8.092970e-02
0
0
0
9.690702e-02
4.683972e-02
0
2.113416e-01
7.746734e-02
0
1.471547e-01
0
0
0
2.388655e-01
1.225237e-01
0
0
0
1.788326e-01
2.415712e-01
2.365431e-01
5.174619e-01
2.212618e-01
0
0
1.842724e-01
0
0
0
0
0
0
1.536641e-02
0
0
0
2.424534e-01
0
1.117889e-01
0
0
0
0
0
0
0
0
0
0
0
0
0
0
6.089925e-02
1.683461e-01
0
0
0
0
0
0
0
2.188642e-02
2.063642e-01
2.993138e-01
0
0
2.300131e-01
3.395015e-01
1.440697e-01
1.471923e-01
3.322887e-01
2.604370e-01
4.658536e-01
3.121811e-01
6.335351e-01
3.946720e-01
3.961559e-01
2.887625e-01
1
8.948236e-01
8.492087e-03
1.561024e-01
5.039640e-01
3.385109e-01
3.331660e-01
4.108100e-02
3.546203e-01
4.048561e-01
0
0
0
0
0
0
0
0
0
0
1.080234e-01
4.094829e-02
2.055484e-01
0
0
0
1.416805e-01
0
1.623062e-01
3.656696e-01
0
0
4.427163e-01
3.804237e-01
4.785295e-01
1.944989e-01
0
0
0
0
1.163856e-02
2.034944e-01
5.191732e-01
0
3.840472e-01
7.027765e-02
0
0
0
0
0
0
3.553568e-02
0
3.622177e-01
4.160396e-01
9.440113e-02
1.665818e-01
1.289839e-01
0
0
0
7.744643e-02
0
0
0
0
0
0
9.840056e-02
0
2.712120e-03
0
2.467811e-01
0
8.239026e-02
0
0
1.026957e-01
0
0
0
0
0
0
0
0
0
0
0
0
6.409342e-02
0
0
0
0
0
0
0
8.401796e-02
0
2.209454e-01
0
0
2.765320e-01
3.411898e-01
8.115563e-02
1.336271e-01
4.306801e-01
3.608898e-01
4.841079e-01
3.405642e-01
6.498779e-01
4.616816e-01
3.946312e-01
3.757091e-01
8.948236e-01
1
2.166249e-01
2.077649e-01
5.593620e-01
4.415040e-01
3.033668e-01
6.322952e-02
2.895751e-01
3.371660e-01
0
0
0
0
0
0
0
0
0
0
2.179521e-02
1.067122e-02
0
0
0
0
2.118931e-01
3.647903e-02
0
1.764547e-01
0
0
3.702455e-01
2.342713e-01
5.189321e-01
2.581765e-01
0
0
0
0
1.009361e-01
3.244883e-01
4.326357e-01
1.200880e-01
3.340210e-01
1.571628e-01
0
0
0
0
3.488159e-02
0
2.197686e-01
0
4.170193e-01
4.494340e-01
2.909202e-01
1.785682e-01
2.319171e-01
0
0
0
4.957160e-01
2.927208e-01
0
0
0
2.042020e-02
0
5.487325e-02
0
1.102314e-01
0
2.233134e-01
0
4.761823e-02
0
0
7.103659e-01
4.733881e-01
2.253816e-01
3.090647e-01
0
0
2.114179e-02
0
3.825876e-02
0
2.496307e-02
0
2.301648e-01
4.329673e-02
0
0
0
0
0
0
1.011745e-01
4.255093e-02
0
0
4.491139e-02
0
0
0
0
0
1.590688e-02
0
0
0
3.013881e-01
2.360684e-01
3.699476e-01
3.818036e-01
8.492087e-03
2.166249e-01
1
6.023692e-01
4.979224e-01
2.590996e-01
2.161229e-01
0
2.152921e-01
0
0
0
0
0
6.634159e-01
6.310986e-01
1.147639e-01
0
3.265864e-01
4.256181e-01
2.872899e-01
2.866189e-01
0
2.560416e-01
5.863632e-01
2.752578e-01
6.044413e-01
0
0
0
0
0
9.845856e-02
0
1.990765e-01
3.572819e-01
3.051664e-01
2.885280e-02
0
3.321471e-02
1.602514e-01
8.355232e-02
0
3.710880e-01
3.325686e-01
2.796916e-01
5.162613e-01
0
2.714696e-01
0
2.174087e-01
1.265378e-01
4.796141e-01
0
8.090754e-02
1.056053e-01
3.856880e-01
5.185683e-01
5.194344e-01
3.556214e-01
3.991367e-01
2.530840e-02
5.835591e-01
6.120402e-01
0
0
0
0
0
0
0
0
0
4.767933e-01
0
0
0
0
4.117845e-01
6.099569e-01
4.439983e-01
1.136352e-01
0
0
0
0
0
0
0
0
5.279605e-01
6.032290e-01
0
0
0
0
0
0
0
3.313441e-03
8.373425e-02
0
0
0
0
0
0
0
0
0
0
0
2.826350e-01
2.218009e-01
5.059755e-01
4.096896e-01
1.561024e-01
2.077649e-01
6.023692e-01
1
6.387681e-01
5.123389e-01
6.099033e-01
0
5.113795e-01
2.371343e-01
0
0
0
0
3.028508e-01
0
0
0
1.633724e-01
2.899742e-01
2.956622e-01
5.313436e-02
0
4.792314e-01
3.076113e-01
0
5.485473e-01
0
3.063793e-01
1.639925e-01
0
0
4.386639e-01
1.152709e-01
2.935893e-01
5.472081e-01
0
0
0
0
0
1.786545e-01
0
1.614926e-01
4.396916e-01
4.710578e-02
3.008539e-01
0
8.117501e-02
0
3.419790e-01
2.022801e-01
1.051490e-01
0
1.064106e-01
1.591066e-01
2.104784e-01
3.327104e-01
1.150669e-01
4.342824e-01
3.434283e-01
3.957932e-01
5.156778e-01
1.892236e-01
0
0
0
0
0
0
0
0
0
4.368016e-01
0
4.044726e-02
0
0
8.187065e-02
4.854706e-02
0
0
0
0
0
0
0
0
0
0
1.683054e-01
2.396674e-01
0
0
0
0
0
0
3.528195e-02
5.831045e-02
0
1.472170e-01
3.102890e-02
0
0
0
0
0
0
0
0
0
5.996650e-01
4.860883e-01
6.761467e-01
5.096292e-01
5.039640e-01
5.593620e-01
4.979224e-01
6.387681e-01
1
8.120316e-01
5.690572e-01
0
6.859779e-01
4.354819e-01
0
0
0
0
3.566118e-01
6.903647e-02
0
0
2.593025e-01
3.700929e-01
3.687378e-01
3.581699e-01
8.974971e-03
4.256691e-01
0
0
2.741426e-01
0
9.267966e-02
1.202074e-01
0
0
3.776197e-01
2.541166e-01
5.931848e-01
5.769332e-01
0
0
0
0
2.276186e-01
2.049450e-01
1.299891e-02
8.026825e-02
4.796322e-01
0
1.652910e-01
0
8.849367e-02
0
4.083588e-01
3.475853e-01
3.723753e-01
0
2.218138e-01
3.764463e-01
3.234354e-01
1.421000e-01
2.882760e-01
1.889775e-01
2.831330e-01
3.710613e-01
3.867175e-01
1.562672e-01
0
2.264563e-01
0
0
0
2.190139e-01
0
0
0
6.096914e-01
0
1.505323e-01
0
0
0
0
0
0
0
0
0
0
0
0
0
0
7.518078e-02
2.238252e-01
0
0
0
5.158238e-02
0
0
0
0
0
1.489577e-01
0
0
0
1.685841e-02
0
0
4.387917e-02
0
1.321915e-01
0
4.526463e-01
3.884820e-01
5.109000e-01
3.456191e-01
3.385109e-01
4.415040e-01
2.590996e-01
5.123389e-01
8.120316e-01
1
6.981945e-01
7.342389e-02
6.422173e-01
5.199207e-01
0
0
0
1.197036e-01
9.241289e-02
0
0
0
0
5.999608e-02
0
6.301289e-02
0
3.034375e-01
0
0
9.560508e-02
0
0
8.554953e-02
0
0
3.478624e-01
1.696785e-01
5.033723e-01
4.281683e-01
0
0
0
0
5.440989e-02
3.575575e-01
0
1.228871e-01
2.879662e-01
0
0
0
7.748399e-02
0
4.137018e-01
2.225315e-01
3.157409e-01
9.726877e-03
3.451529e-01
2.957083e-01
2.796089e-01
0
1.938628e-01
7.927114e-03
1.958027e-01
5.463449e-01
4.316421e-01
2.915001e-01
0
0
0
0
0
1.229435e-01
0
0
0
4.837512e-01
2.722259e-02
0
0
0
8.449945e-02
4.180070e-02
1.936958e-02
0
0
0
0
0
0
0
0
0
5.778846e-01
4.957869e-01
0
0
2.109662e-01
2.443203e-01
0
0
0
0
1.641494e-01
6.670203e-03
0
0
2.287477e-01
2.657266e-01
8.955972e-02
1.225538e-01
2.283325e-01
9.937442e-02
2.945200e-01
7.947200e-02
1.519839e-01
2.606051e-02
2.349880e-01
1.142623e-01
3.331660e-01
3.033668e-01
2.161229e-01
6.099033e-01
5.690572e-01
6.981945e-01
1
0
7.419441e-01
6.207170e-01
0
0
0
0
2.498790e-01
0
0
0
0
3.269442e-03
0
0
1.515632e-01
4.489471e-01
0
0
5.030782e-01
0
2.859375e-01
3.511241e-01
0
0
4.860244e-01
3.858315e-01
1.860421e-01
4.638036e-02
0
0
0
0
0
3.336770e-01
0
1.364185e-01
5.393801e-01
2.367536e-01
0
0
2.351281e-02
0
5.398611e-02
1.780539e-01
2.238237e-01
6.715943e-02
8.181604e-02
2.187838e-01
1.311060e-01
3.281371e-01
2.404830e-02
0
4.832209e-03
5.762687e-01
1.032536e-01
0
0
5.099309e-01
7.797454e-02
5.401265e-01
0
6.193209e-01
2.310254e-01
5.240230e-01
2.633226e-01
3.063199e-01
3.747615e-01
5.396842e-01
1.668515e-01
2.953315e-01
0
0
0
0
0
0
1.422181e-02
1.843469e-01
8.318658e-02
2.136900e-01
6.565562e-02
1.031728e-01
0
0
0
1.122182e-01
0
0
1.128484e-01
2.298534e-01
0
0
0
0
0
0
0
0
0
0
0
0
1.619478e-02
0
1.315503e-01
1.202804e-01
2.604258e-02
0
4.108100e-02
6.322952e-02
0
0
0
7.342389e-02
0
1
0
3.307089e-02
1.673882e-01
4.720215e-01
0
0
0
0
0
0
0
0
0
0
0
0
0
2.878585e-02
0
1.130035e-01
0
6.232705e-02
1.481452e-01
4.047094e-01
0
0
1.845152e-01
0
0
0
5.125597e-02
1.365227e-01
0
2.007680e-01
0
3.145473e-01
0
3.814347e-02
0
0
0
0
0
0
9.685535e-02
0
2.547092e-01
2.500187e-01
3.052663e-01
0
6.295323e-02
0
0
0
4.114029e-01
2.938806e-02
0
0
0
0
0
7.420415e-02
0
0
0
4.018287e-01
0
5.572532e-02
0
0
0
0
0
2.877361e-02
0
0
0
0
0
0
0
0
4.635513e-01
4.850610e-01
0
0
0
7.550164e-02
0
0
9.131626e-03
4.466397e-02
2.064465e-01
3.102792e-01
0
0
1.693544e-01
3.138535e-01
1.445244e-01
2.395087e-01
1.385699e-01
7.349271e-02
1.290183e-01
1.751097e-02
8.584000e-02
0
2.250753e-01
0
3.546203e-01
2.895751e-01
2.152921e-01
5.113795e-01
6.859779e-01
6.422173e-01
7.419441e-01
0
1
7.830793e-01
0
0
0
2.102921e-01
4.591032e-01
0
0
0
4.362808e-04
1.415756e-01
1.272322e-01
1.462202e-01
1.951958e-01
5.448842e-01
0
0
4.057248e-01
0
4.463791e-01
3.612293e-01
0
0
6.110793e-01
5.231806e-01
2.830605e-01
8.081493e-02
0
0
0
0
2.052029e-01
4.829524e-01
8.726932e-02
5.604381e-02
3.687891e-01
0
0
0
0
0
3.139419e-01
4.914828e-01
4.753638e-01
1.121174e-01
2.053795e-01
4.043240e-01
2.887334e-01
1.294337e-01
0
0
3.594059e-01
7.069396e-01
3.333258e-01
0
0
1.207508e-01
0
0
0
3.290754e-01
0
0
0
3.022041e-01
0
1.624807e-01
0
0
0
0
0
0
0
0
0
0
0
0
0
0
3.596451e-01
3.229077e-01
0
3.756735e-02
2.133788e-01
2.486186e-01
0
0
0
2.718293e-01
3.406719e-01
4.454109e-01
0
0
3.657008e-01
5.278025e-01
3.872746e-01
4.681949e-01
2.457703e-01
2.878893e-01
3.914282e-01
2.385892e-01
0
0
0
0
4.048561e-01
3.371660e-01
0
2.371343e-01
4.354819e-01
5.199207e-01
6.207170e-01
3.307089e-02
7.830793e-01
1.000000e+00
0
0
1.570959e-01
4.247173e-01
3.038761e-01
0
0
0
0
6.481625e-02
1.225417e-02
5.511860e-02
2.890656e-01
5.543468e-01
0
0
1.236605e-01
0
4.432174e-01
3.936693e-01
0
0
4.746701e-01
5.575683e-01
2.200374e-01
0
0
0
0
0
0
2.689986e-01
3.744810e-01
0
3.376097e-01
1.283642e-01
0
0
0
2.597014e-01
0
2.640482e-01
1.841423e-01
1.821601e-03
3.635550e-01
4.396102e-01
1.713737e-01
0
0
0
2.918966e-02
4.773089e-01
0
0
7.410765e-01
1.948491e-02
6.451818e-01
4.998613e-01
6.268421e-01
0
3.538936e-01
2.598421e-01
6.218057e-01
0
2.232301e-01
0
3.519318e-01
8.697229e-02
0
0
7.840976e-02
5.974532e-02
1.971560e-01
4.783059e-01
8.632340e-01
7.965702e-01
8.080670e-01
4.591153e-01
5.317743e-01
2.844750e-01
0
0
5.712178e-01
2.317504e-01
0
0
7.677011e-01
5.207967e-01
1.213720e-01
0
0
0
8.621891e-02
3.208127e-01
0
0
0
0
0
0
0
0
0
2.217507e-01
0
1.628543e-01
0
0
0
0
0
0
0
1.673882e-01
0
0
1
6.557378e-01
2.468526e-01
0
0
2.185090e-01
5.189197e-01
3.625715e-01
2.190446e-01
7.400807e-02
0
1.269928e-01
0
0
1.030428e-01
3.976194e-01
0
3.511773e-01
0
0
6.879831e-01
5.285338e-01
0
0
0
0
3.262447e-01
4.667519e-01
5.337326e-01
6.281300e-01
0
0
0
2.661174e-02
0
6.464268e-02
1.388339e-01
5.456834e-01
1.968673e-01
0
0
0
0
2.457619e-03
0
0
0
0
1.491743e-01
0
0
0
0
2.391196e-01
4.658249e-01
3.278818e-01
4.476298e-01
7.181850e-01
3.401355e-01
2.149667e-01
1.527483e-01
6.102827e-01
4.153012e-01
6.536643e-02
3.531897e-01
2.870901e-01
3.484225e-01
4.575599e-01
3.638976e-02
2.019522e-01
2.470999e-01
1.779598e-02
1.465567e-01
3.657073e-01
5.319221e-01
5.607562e-01
5.964002e-01
1.568755e-01
4.669416e-01
2.956609e-01
0
0
9.993721e-02
0
0
0
3.142666e-01
1.476573e-01
0
0
0
0
0
7.748226e-02
0
0
0
0
0
0
0
0
2.277714e-01
3.458225e-01
1.961652e-01
1.293877e-01
0
0
0
0
0
0
0
4.720215e-01
0
0
6.557378e-01
1.000000e+00
0
0
0
2.593047e-01
4.085598e-01
4.577820e-01
0
0
0
0
0
0
2.420390e-01
4.356554e-01
0
6.790828e-01
0
0
5.678474e-01
7.748694e-01
0
0
1.469474e-01
3.180903e-01
4.011908e-01
2.974022e-01
5.666891e-01
4.533988e-01
0
0
0
2.603312e-01
0
0
2.557469e-01
3.397772e-01
4.547512e-02
0
0
0
0
0
0
0
1.082098e-01
0
2.023855e-01
1.926441e-01
0
0
0
0
0
4.323459e-02
0
0
2.172993e-01
0
0
0
0
0
0
0
0
0
0
0
0
1.833564e-03
1.686638e-01
9.478756e-02
1.094111e-01
3.141436e-01
0
1.906037e-01
0
0
0
0
1.619166e-01
3.567235e-01
3.946639e-01
2.240159e-01
3.191085e-01
4.898538e-01
3.509729e-01
3.936726e-01
8.643370e-02
2.014671e-01
2.865082e-01
2.350459e-01
3.760896e-01
4.643633e-01
5.773182e-01
5.982236e-01
2.262173e-01
4.584958e-01
2.269698e-01
3.725188e-01
0
0
0
0
0
0
0
0
0
0
0
0
0
1.570959e-01
2.468526e-01
0
1.000000e+00
8.749159e-01
8.424885e-02
1.957092e-01
0
2.171771e-01
2.557264e-01
2.117501e-01
2.486014e-01
2.979503e-01
3.034999e-01
2.152935e-01
0
0
0
0
0
0
1.272571e-02
6.463693e-03
0
5.289819e-02
0
0
1.071605e-01
1.407117e-01
3.496627e-01
1.068533e-01
1.712688e-01
0
4.169557e-01
0
1.747911e-02
2.283945e-02
0
2.578527e-01
1.434296e-01
5.767520e-01
0
7.689932e-02
0
3.634378e-01
0
0
0
0
0
0
0
0
0
0
0
2.737283e-01
0
0
0
2.196175e-02
0
0
0
0
0
3.291733e-02
0
0
0
0
0
0
0
0
0
6.309993e-02
0
5.117259e-02
0
0
0
0
0
3.016300e-01
3.464701e-01
4.166665e-01
1.313644e-01
4.688739e-01
1.798248e-01
3.398106e-01
0
3.313644e-01
0
1.181221e-01
4.811154e-01
5.743918e-01
6.563980e-01
7.226977e-01
2.953173e-01
5.177893e-01
3.547346e-01
4.502638e-01
0
0
0
0
0
0
0
0
0
1.197036e-01
0
0
2.102921e-01
4.247173e-01
0
0
8.749159e-01
1
1.739705e-02
4.159780e-02
0
0
6.189900e-02
1.233706e-01
7.756866e-02
2.229352e-01
1.623872e-01
2.551183e-01
0
0
0
0
0
0
0
4.335730e-02
0
2.013507e-01
0
0
0
0
1.122547e-01
0
1.325675e-01
0
2.977762e-01
0
2.284985e-02
0
0
0
0
3.618394e-01
1.620589e-01
1.645259e-01
7.039528e-02
4.538009e-01
0
0
0
0
0
0
0
1.970502e-01
3.792284e-01
0
0
0
0
0
0
8.234644e-02
0
0
0
4.336004e-02
0
1.084450e-01
0
0
3.688175e-01
5.183850e-02
8.414234e-02
5.592585e-01
0
0
0
0
0
0
0
0
3.170048e-01
2.412324e-02
0
0
3.006684e-02
0
0
0
3.119168e-01
2.018603e-01
1.498099e-01
4.738965e-02
3.493112e-01
0
2.946880e-02
9.847863e-02
0
9.735863e-02
1.837521e-01
1.086657e-02
0
3.624095e-02
0
0
0
0
0
0
6.634159e-01
3.028508e-01
3.566118e-01
9.241289e-02
2.498790e-01
0
4.591032e-01
3.038761e-01
0
0
8.424885e-02
1.739705e-02
1.000000e+00
6.494485e-01
1.146841e-02
1.000235e-01
5.157110e-01
5.331378e-01
5.213794e-01
4.375450e-01
3.770322e-01
5.928243e-01
2.999589e-01
0
4.880083e-01
0
1.938957e-01
0
0
0
1.448202e-01
2.283596e-02
0
0
3.459619e-01
6.895794e-02
0
0
2.614821e-01
0
0
5.465652e-02
5.191423e-01
2.909268e-01
3.778155e-01
0
3.723854e-01
1.653662e-01
1.590838e-02
2.091721e-01
5.337326e-01
0
0
0
1.016282e-01
4.767306e-01
1.290107e-01
3.444023e-02
2.310213e-01
1.523638e-01
3.262382e-02
0
0
0
0
1.780271e-01
0
7.575889e-02
0
0
0
0
0
1.244121e-01
0
0
3.621000e-01
1.706676e-01
1.030334e-01
5.134163e-01
0
4.469172e-02
3.792979e-01
4.203617e-01
2.584499e-01
0
1.759420e-01
0
0
0
0
0
0
0
0
0
3.050562e-01
2.155438e-01
0
0
1.446626e-01
1.100048e-01
0
0
0
0
0
0
0
0
0
0
0
0
0
0
6.310986e-01
0
6.903647e-02
0
0
0
0
0
2.185090e-01
2.593047e-01
1.957092e-01
4.159780e-02
6.494485e-01
1.000000e+00
2.976138e-01
3.642068e-01
5.369203e-01
5.216746e-01
4.010186e-01
4.683478e-01
0
2.572390e-01
5.390260e-01
2.522521e-01
7.112778e-02
1.588211e-01
0
0
0
0
0
0
0
0
6.106471e-01
2.675304e-01
5.113868e-01
2.717307e-01
1.899660e-01
0
0
2.762427e-01
8.663232e-03
1.977625e-01
5.564134e-01
2.552611e-01
4.194631e-01
9.143390e-02
2.418502e-01
1.151988e-01
4.378078e-01
6.887824e-02
0
0
1.445116e-01
1.062942e-01
2.169855e-01
2.696533e-01
3.472485e-01
0
0
7.369233e-02
4.459040e-01
0
5.211229e-01
3.606739e-01
5.917689e-01
0
2.680378e-01
3.681425e-01
4.908564e-01
0
2.757630e-01
0
2.576174e-01
2.753992e-01
3.219967e-01
4.027322e-01
3.831182e-01
3.355164e-01
5.856413e-01
5.762719e-01
5.357679e-01
4.354111e-01
6.211052e-01
1.471759e-03
6.892789e-01
2.334986e-01
0
0
1.768771e-01
0
0
0
3.701158e-01
6.549147e-03
6.248965e-02
0
0
0
2.897515e-01
1.121939e-01
0
0
0
0
0
0
0
0
0
0
0
7.784047e-02
0
0
1.147639e-01
0
0
0
0
0
0
0
5.189197e-01
4.085598e-01
0
0
1.146841e-02
2.976138e-01
1
6.164119e-01
3.917047e-01
8.648815e-02
3.131066e-01
6.758145e-02
1.216261e-01
0
4.793967e-01
4.010154e-01
4.711051e-02
3.465416e-01
0
0
3.352926e-01
1.495712e-01
0
0
0
1.276310e-01
7.066769e-01
6.454124e-01
4.076116e-01
4.320771e-01
0
0
0
0
0
0
4.948329e-01
4.026456e-01
4.362739e-01
1.148694e-01
0
0
0
3.566687e-02
0
0
0
2.034847e-01
4.181669e-01
2.748651e-01
0
0
4.426373e-02
2.106219e-01
2.658118e-01
0
2.260882e-01
2.711884e-01
3.929704e-01
1.626417e-01
7.746548e-02
2.299109e-01
9.926443e-02
0
3.914762e-01
2.256536e-01
3.248324e-01
4.869105e-01
0
3.330116e-01
4.997011e-01
4.062633e-01
4.810069e-01
6.715427e-01
3.467325e-01
3.776430e-01
2.416985e-01
0
3.523396e-01
9.131513e-02
0
0
0
0
0
0
1.001109e-01
0
0
0
0
0
1.408682e-01
3.664737e-01
0
0
0
0
0
0
0
0
0
0
0
0
0
0
0
0
0
0
0
0
0
0
3.625715e-01
4.577820e-01
2.171771e-01
0
1.000235e-01
3.642068e-01
6.164119e-01
1.000000e+00
2.393195e-01
2.948384e-01
1.767779e-01
2.300310e-01
2.251698e-01
1.617459e-01
4.027817e-01
1.624984e-01
0
3.623915e-01
0
0
1.204084e-01
1.512271e-01
0
4.906359e-02
0
0
6.941035e-01
4.368171e-01
6.701657e-01
3.023171e-01
0
0
0
1.050463e-01
0
0
4.834220e-01
4.617234e-01
4.308184e-01
1.285330e-01
0
0
0
1.559663e-01
0
0
0
7.173933e-02
8.478230e-02
3.682751e-01
6.008123e-02
0
1.580253e-01
8.987805e-02
1.620823e-01
0
0
0
2.424998e-01
0
0
0
8.336855e-02
0
0
0
0
0
4.781689e-02
5.997733e-02
3.012444e-01
5.373917e-01
1.835636e-01
2.204609e-01
4.619823e-01
3.154542e-01
2.188929e-01
0
7.961668e-02
0
0
0
1.749040e-01
0
0
0
0
0
4.226134e-01
1.569696e-01
1.018193e-01
0
5.952511e-01
9.487890e-02
0
0
0
0
0
0
0
4.241963e-02
3.437408e-02
1.081390e-01
3.558124e-02
8.352269e-02
0
0
3.265864e-01
1.633724e-01
2.593025e-01
0
0
0
4.362808e-04
0
2.190446e-01
0
2.557264e-01
6.189900e-02
5.157110e-01
5.369203e-01
3.917047e-01
2.393195e-01
1
7.779357e-01
8.760435e-01
6.844844e-01
2.716667e-01
3.968578e-01
1.926110e-01
0
0
0
0
0
1.376051e-01
0
0
0
0
7.074986e-02
5.266227e-01
2.722386e-01
8.670175e-02
0
1.366197e-01
0
1.812509e-03
0
4.514555e-01
1.497713e-01
4.293895e-01
0
5.786107e-01
6.902059e-02
1.054882e-01
1.210438e-01
1.439820e-01
0
0
0
0
7.257619e-02
1.055199e-01
2.043288e-01
0
5.984339e-03
3.356364e-01
2.411629e-01
0
0
0
0
0
0
0
0
0
0
0
0
0
0
0
6.525941e-02
2.252028e-01
3.967254e-01
0
2.177141e-01
2.622599e-01
1.331774e-01
0
0
0
0
1.137007e-03
0
0
0
0
0
0
0
1.394805e-01
3.870649e-01
0
0
4.030998e-01
1.868379e-01
0
0
0
0
0
0
0
2.014384e-02
2.576857e-01
2.508018e-01
1.845231e-01
2.092889e-01
0
0
4.256181e-01
2.899742e-01
3.700929e-01
5.999608e-02
3.269442e-03
0
1.415756e-01
6.481625e-02
7.400807e-02
0
2.117501e-01
1.233706e-01
5.331378e-01
5.216746e-01
8.648815e-02
2.948384e-01
7.779357e-01
1
7.533384e-01
8.103292e-01
2.486509e-01
5.647219e-01
1.510624e-01
0
0
0
0
0
0
0
0
0
0
1.280168e-01
4.907891e-01
2.933632e-02
1.587510e-01
0
9.425011e-02
0
1.752770e-02
2.193725e-01
5.126561e-01
1.144664e-01
4.117792e-01
0
4.833369e-01
0
1.940228e-01
2.276727e-01
1.389199e-01
0
0
0
0
1.666940e-01
1.810377e-01
2.837423e-01
8.826805e-02
3.288243e-02
1.293051e-01
1.867722e-02
0
0
0
0
1.356498e-01
0
0
0
0
0
0
0
0
0
3.226745e-02
1.624531e-01
1.731223e-01
3.420304e-01
3.300309e-01
2.872360e-01
1.774514e-01
6.190225e-02
4.685255e-02
0
6.136667e-02
0
3.963386e-02
0
0
0
0
0
0
0
3.035199e-01
2.408196e-01
1.685151e-01
0
5.605305e-01
0
0
3.052037e-02
0
0
1.423151e-01
1.224642e-02
0
2.072393e-01
1.609274e-01
1.373799e-01
8.294539e-02
1.275793e-01
1.080234e-01
2.179521e-02
2.872899e-01
2.956622e-01
3.687378e-01
0
0
0
1.272322e-01
1.225417e-02
0
0
2.486014e-01
7.756866e-02
5.213794e-01
4.010186e-01
3.131066e-01
1.767779e-01
8.760435e-01
7.533384e-01
1
6.378028e-01
3.362999e-01
4.862229e-01
1.547756e-01
0
3.235145e-02
0
0
0
0
0
1.611554e-02
0
0
1.114527e-01
5.195222e-01
2.653871e-01
1.776555e-02
0
1.590361e-01
0
1.549461e-01
0
5.886154e-01
1.090901e-01
2.702209e-01
0
3.546176e-01
1.272483e-01
1.479809e-01
2.861164e-02
8.584761e-02
0
0
0
0
1.936233e-01
3.069451e-02
3.119229e-01
0
0
2.086730e-01
1.296409e-02
0
0
0
0
0
0
0
0
0
0
0
7.144686e-02
0
0
0
0
1.487921e-01
3.062175e-01
4.393872e-02
7.425447e-02
3.078107e-01
3.318251e-01
6.688611e-03
0
1.063281e-02
0
0
0
0
0
0
0
0
0
8.001268e-02
1.278975e-01
0
0
2.485596e-01
0
0
6.183202e-02
0
2.306798e-02
1.187181e-01
2.859267e-02
0
1.605655e-01
2.991280e-01
2.443586e-01
1.744015e-01
6.867432e-02
4.094829e-02
1.067122e-02
2.866189e-01
5.313436e-02
3.581699e-01
6.301289e-02
0
0
1.462202e-01
5.511860e-02
1.269928e-01
0
2.979503e-01
2.229352e-01
4.375450e-01
4.683478e-01
6.758145e-02
2.300310e-01
6.844844e-01
8.103292e-01
6.378028e-01
1.000000e+00
2.580128e-01
3.140625e-01
4.693834e-02
0
0
0
0
0
0
1.319270e-02
0
0
0
1.165559e-01
3.880868e-01
0
2.397056e-01
0
2.392564e-01
0
0
1.109052e-01
3.891357e-01
7.505548e-02
3.407279e-01
0
4.822843e-01
0
2.154867e-01
3.086600e-02
2.726364e-01
0
1.764636e-02
0
0
0
1.743488e-01
3.308098e-01
1.340431e-01
0
3.872953e-01
0
0
0
0
0
1.317184e-01
1.396735e-02
0
0
1.059554e-01
0
2.662636e-01
1.675285e-01
8.687532e-03
2.477586e-01
0
0
0
3.755062e-01
4.196534e-02
0
0
4.064862e-03
0
0
0
0
1.396025e-01
3.520268e-02
0
2.645385e-01
8.690816e-03
0
0
0
1.916872e-01
1.676232e-01
4.736716e-01
1.688793e-01
3.300296e-01
0
0
1.521662e-01
1.357044e-01
1.189236e-01
0
0
0
0
0
0
0
0
2.055484e-01
0
0
0
8.974971e-03
0
1.515632e-01
0
1.951958e-01
2.890656e-01
0
0
3.034999e-01
1.623872e-01
3.770322e-01
0
1.216261e-01
2.251698e-01
2.716667e-01
2.486509e-01
3.362999e-01
2.580128e-01
1.000000e+00
5.067747e-01
0
0
0
0
4.398959e-01
4.246735e-01
0
0
3.566218e-01
4.573494e-01
0
0
2.256488e-01
1.383006e-01
0
0
0
0
3.300077e-01
0
4.611520e-01
0
3.447338e-02
0
2.589413e-01
3.614782e-01
0
7.864435e-02
1.900608e-02
0
0
1.276093e-01
0
1.340266e-01
0
0
0
0
5.002031e-01
2.637764e-01
0
0
0
0
0
2.837468e-02
0
0
0
1.538714e-01
0
0
0
0
0
9.556349e-02
1.812404e-01
3.673274e-01
0
0
0
0
0
0
0
0
3.895716e-01
2.936557e-01
0
0
2.321916e-02
1.418407e-02
0
0
1.137046e-01
4.235006e-01
2.974101e-01
1.016411e-01
2.411486e-01
0
0
7.598197e-02
0
5.475574e-02
0
0
0
0
0
0
0
0
0
0
2.560416e-01
4.792314e-01
4.256691e-01
3.034375e-01
4.489471e-01
0
5.448842e-01
5.543468e-01
0
0
2.152935e-01
2.551183e-01
5.928243e-01
2.572390e-01
0
1.617459e-01
3.968578e-01
5.647219e-01
4.862229e-01
3.140625e-01
5.067747e-01
1
5.670661e-02
0
1.017195e-01
0
3.560001e-01
2.670564e-01
0
0
2.468154e-01
3.424992e-01
8.836777e-03
5.799898e-03
2.164278e-01
0
0
0
0
0
4.689409e-02
0
5.191642e-01
8.145218e-02
2.917354e-01
0
3.454081e-01
1.830673e-01
9.080725e-02
3.419593e-01
5.002862e-02
0
0
1.593285e-01
0
1.892652e-01
0
4.883006e-02
1.415066e-01
3.820866e-01
1.409767e-01
2.074399e-01
2.500086e-01
0
1.786635e-01
2.950347e-01
0
0
0
2.410034e-01
0
0
0
0
1.606197e-01
0
7.073258e-01
7.660358e-01
4.109597e-01
3.472601e-01
2.576867e-02
2.749747e-01
2.031232e-01
5.554704e-02
2.674096e-01
0
3.687763e-01
2.376613e-01
2.720813e-01
1.367626e-01
1.566006e-02
0
0
0
0
0
1.846611e-02
0
0
0
2.920942e-02
2.136220e-01
0
0
0
0
0
0
0
0
0
0
1.024355e-01
9.697572e-02
0
0
5.863632e-01
3.076113e-01
0
0
0
0
0
0
1.030428e-01
2.420390e-01
0
0
2.999589e-01
5.390260e-01
4.793967e-01
4.027817e-01
1.926110e-01
1.510624e-01
1.547756e-01
4.693834e-02
0
5.670661e-02
1
7.323605e-01
5.242431e-01
2.775164e-01
3.472761e-02
0
8.220799e-02
0
0
0
0
2.752238e-01
3.523715e-01
2.283770e-01
2.320378e-01
1.821824e-01
2.348848e-02
0
0
2.181896e-01
0
1.928315e-01
5.914928e-01
3.334852e-01
1.919091e-01
4.510134e-03
2.458803e-01
1.429022e-01
2.116507e-01
5.159213e-02
0
5.516010e-02
3.167150e-01
3.403269e-01
1.286750e-01
5.890669e-01
5.556621e-01
0
0
1.567702e-01
5.678390e-01
0
5.424971e-01
5.625818e-01
2.233332e-01
0
4.011035e-01
4.809420e-01
2.620896e-01
0
1.811107e-01
0
4.138779e-01
0
5.855507e-01
5.553725e-01
3.050548e-01
1.213520e-01
0
2.326265e-01
3.798428e-01
2.859333e-01
5.779723e-01
2.994365e-01
4.974115e-01
4.934825e-01
5.209248e-02
0
4.083213e-01
0
0
0
2.766578e-01
0
0
0
0
0
0
2.048071e-01
0
0
0
0
0
0
0
0
0
7.376461e-02
7.095065e-02
1.397907e-01
0
0
2.752578e-01
0
0
0
0
2.878585e-02
0
0
3.976194e-01
4.356554e-01
0
0
0
2.522521e-01
4.010154e-01
1.624984e-01
0
0
0
0
0
0
7.323605e-01
1
3.400473e-01
3.656821e-01
0
0
3.450085e-01
1.134598e-01
0
0
5.490597e-02
1.978424e-01
4.578872e-02
2.489980e-01
2.434919e-01
4.813249e-01
0
0
0
8.030365e-02
0
2.477231e-01
3.552304e-01
4.884565e-01
5.620162e-02
0
9.595352e-02
0
0
0
0
0
2.107125e-01
8.609379e-02
1.315786e-01
3.387646e-01
2.544325e-01
0
2.724224e-01
2.070794e-01
0
0
0
0
0
0
0
1.244086e-01
0
2.309716e-01
4.431607e-02
0
0
0
7.883225e-01
5.275133e-01
1.458348e-01
2.975871e-02
0
0
0
0
0
0
0
0
7.403263e-01
5.298794e-01
0
0
1.251556e-01
0
0
0
0
0
2.104953e-01
0
8.871550e-02
0
8.581945e-02
3.492037e-02
0
0
1.932575e-01
2.490429e-02
3.054567e-02
0
0
0
1.048896e-01
1.261339e-01
1.416805e-01
2.118931e-01
6.044413e-01
5.485473e-01
2.741426e-01
9.560508e-02
5.030782e-01
0
4.057248e-01
1.236605e-01
0
0
0
0
4.880083e-01
7.112778e-02
4.711051e-02
0
0
0
3.235145e-02
0
0
1.017195e-01
5.242431e-01
3.400473e-01
1
0
3.711106e-01
2.242537e-01
0
0
3.144942e-01
9.932429e-02
3.682831e-02
1.092281e-02
0
1.090710e-02
0
0
4.962060e-02
3.272535e-01
0
1.446966e-01
3.102282e-01
3.984868e-01
1.111522e-01
0
0
0
1.665540e-02
1.115354e-01
3.207016e-01
5.477361e-02
0
9.840222e-02
3.671225e-01
7.342345e-01
1.366757e-01
1.739301e-01
2.436683e-01
1.624684e-01
0
1.166588e-01
2.600102e-01
1.955752e-01
2.470236e-01
4.406736e-01
1.663873e-01
1.002343e-01
1.317856e-01
4.014990e-01
1.944468e-01
8.657825e-02
1.266537e-01
2.730590e-01
2.324043e-01
3.801613e-01
6.515911e-02
2.160651e-01
7.715454e-02
0
1.385693e-01
3.344788e-01
2.413858e-01
2.513968e-01
3.359583e-01
0
2.039076e-01
0
0
0
0
0
0
0
2.888877e-01
1.310080e-01
0
0
0
0
0
2.270118e-01
0
0
0
0
0
0
0
0
2.226430e-01
3.123990e-01
2.122903e-01
1.173587e-01
0
3.647903e-02
0
0
0
0
0
1.130035e-01
0
0
3.511773e-01
6.790828e-01
0
0
0
1.588211e-01
3.465416e-01
3.623915e-01
0
0
0
0
0
0
2.775164e-01
3.656821e-01
0
1
0
2.742159e-03
3.914927e-01
6.987620e-01
0
0
2.782086e-01
2.613263e-01
2.497103e-01
1.660070e-01
4.596869e-01
3.614261e-01
0
0
0
2.292430e-01
0
0
1.299820e-01
1.553640e-01
0
0
2.413494e-02
0
0
2.105596e-01
6.829926e-02
1.180202e-01
2.909657e-01
0
2.117415e-01
2.831215e-01
4.412749e-02
0
4.811629e-01
2.612361e-01
0
0
0
0
0
0
0
0
0
5.986504e-02
2.627659e-01
0
3.697462e-01
1.044218e-01
1.270290e-01
3.493246e-02
9.562939e-02
2.659399e-01
0
0
0
0
0
0
0
0
7.131613e-01
7.308472e-01
1.796866e-01
3.570238e-01
3.816715e-02
0
0
0
2.277141e-01
2.791963e-01
7.956767e-01
4.381232e-01
3.613133e-01
0
0
0
0
0
0
0
0
0
0
0
0
0
1.623062e-01
0
0
3.063793e-01
9.267966e-02
0
2.859375e-01
0
4.463791e-01
4.432174e-01
0
0
0
0
1.938957e-01
0
0
0
0
0
0
0
4.398959e-01
3.560001e-01
3.472761e-02
0
3.711106e-01
0
1.000000e+00
6.825622e-01
0
0
6.035309e-01
4.674884e-01
2.089418e-01
0
0
0
0
0
1.665731e-01
2.525862e-01
3.937244e-01
0
1.588671e-01
0
5.151054e-02
0
0
3.924137e-01
0
3.651783e-01
0
0
1.116301e-01
4.107988e-01
2.202074e-01
3.008579e-01
0
0
1.089212e-01
2.860138e-01
4.108628e-01
1.745548e-01
0
7.586469e-02
0
0
0
2.457713e-01
0
0
0
4.247796e-01
3.461217e-01
2.687272e-01
2.525394e-01
3.456323e-01
1.604898e-02
1.580443e-02
0
0
0
0
0
0
0
0
0
0
5.132532e-01
6.973814e-01
0
9.025043e-02
0
0
0
0
0
7.632907e-03
4.715003e-01
2.598629e-01
0
0
0
0
0
0
0
0
0
0
0
0
8.945155e-02
0
3.656696e-01
1.764547e-01
0
1.639925e-01
1.202074e-01
8.554953e-02
3.511241e-01
6.232705e-02
3.612293e-01
3.936693e-01
0
0
0
0
0
0
0
0
0
0
0
0
4.246735e-01
2.670564e-01
0
0
2.242537e-01
2.742159e-03
6.825622e-01
1.000000e+00
0
0
4.936144e-01
8.201441e-01
2.838202e-01
5.884350e-02
0
0
0
0
0
2.657538e-01
2.057164e-01
0
7.699926e-02
0
0
0
0
1.568289e-01
0
2.731420e-01
0
2.781947e-01
1.121786e-01
6.399487e-01
4.156711e-01
2.289070e-01
0
0
1.275517e-02
1.154109e-01
0
2.209588e-01
7.895941e-01
2.828741e-01
3.429385e-01
2.864778e-01
4.705336e-01
0
7.500864e-02
1.168748e-01
6.026702e-01
0
2.021121e-01
0
4.601962e-01
2.974283e-01
0
0
2.604855e-01
1.674395e-01
1.463433e-01
3.209025e-01
7.185899e-01
5.750592e-01
5.445200e-01
1.807527e-01
2.134204e-01
1.673631e-01
0
0
6.952227e-01
3.721665e-01
0
0
4.340413e-01
2.199369e-01
1.583714e-01
0
1.380163e-01
5.431707e-02
1.625631e-01
4.585694e-02
0
0
0
0
0
0
0
0
0
2.444766e-01
2.545186e-01
2.434548e-01
0
0
0
0
0
0
0
1.481452e-01
0
0
6.879831e-01
5.678474e-01
1.272571e-02
0
0
0
3.352926e-01
1.204084e-01
1.376051e-01
0
0
0
0
0
8.220799e-02
3.450085e-01
0
3.914927e-01
0
0
1
6.296226e-01
0
0
2.922383e-01
3.072554e-01
1.948751e-01
2.470716e-01
2.680923e-01
3.582340e-01
0
0
0
0
0
0
2.351022e-01
2.546321e-01
6.233123e-03
0
0
2.223350e-01
0
1.127851e-02
0
0
1.103596e-01
0
0
0
0
0
0
5.070123e-02
3.941748e-01
4.735958e-01
2.468531e-01
5.266936e-01
2.742417e-01
6.036310e-02
9.812382e-02
3.566289e-01
2.876816e-01
6.908138e-02
5.481697e-02
2.653824e-01
1.424461e-01
3.820264e-01
0
0
5.520606e-02
0
2.534776e-01
2.907436e-01
4.311867e-01
4.960641e-01
4.005445e-01
2.083116e-01
2.347326e-01
1.491701e-01
0
0
1.570416e-01
7.475131e-02
0
0
3.390912e-01
3.199747e-01
0
0
0
0
0
0
0
0
0
0
0
0
0
0
3.266694e-01
4.761508e-01
3.193229e-01
1.816767e-01
0
0
0
0
0
0
0
4.047094e-01
0
0
5.285338e-01
7.748694e-01
6.463693e-03
4.335730e-02
0
0
1.495712e-01
1.512271e-01
0
0
0
1.319270e-02
0
0
0
1.134598e-01
0
6.987620e-01
0
0
6.296226e-01
1
0
0
3.015427e-01
3.515256e-01
1.540241e-01
0
4.145438e-01
1.069436e-01
0
0
0
1.802557e-01
0
0
0
0
0
0
1.136512e-02
0
0
0
0
1.326673e-02
5.539116e-02
0
0
1.241230e-01
0
0
3.823876e-01
0
0
0
0
0
0
7.786713e-02
0
0
0
3.317078e-01
0
0
0
0
4.245072e-02
0
0
6.866619e-02
0
0
0
0
0
0
0
0
3.877634e-01
5.494597e-01
0
6.200336e-02
0
0
0
0
9.944398e-02
6.533916e-02
3.167837e-01
6.961563e-02
0
0
1.375698e-01
2.181321e-01
8.420676e-02
9.720165e-02
1.017180e-01
4.222957e-03
1.094481e-01
0
4.011444e-02
0
1.412720e-01
1.376067e-02
4.427163e-01
3.702455e-01
9.845856e-02
4.386639e-01
3.776197e-01
3.478624e-01
4.860244e-01
0
6.110793e-01
4.746701e-01
0
0
0
0
1.448202e-01
0
0
0
0
0
1.611554e-02
0
3.566218e-01
2.468154e-01
0
0
3.144942e-01
0
6.035309e-01
4.936144e-01
0
0
1
4.792063e-01
2.788020e-01
2.114656e-01
0
0
0
0
2.633631e-01
5.102027e-01
2.339253e-01
0
2.518882e-01
0
0
0
0
1.895598e-01
5.667953e-02
2.559227e-01
3.433636e-01
0
3.256738e-01
5.261028e-01
1.986712e-01
1.216638e-01
0
0
2.907011e-01
3.307192e-01
2.624205e-01
0
0
0
0
0
0
2.869090e-01
0
0
0
3.964026e-01
0
3.517061e-01
0
2.164116e-01
0
0
0
0
1.420953e-02
0
0
0
0
0
0
0
3.212409e-01
4.688835e-01
0
0
0
0
0
0
0
0
2.489129e-01
2.515400e-01
0
0
1.043812e-01
2.652454e-01
1.351845e-01
1.723782e-01
0
4.206327e-02
0
0
0
0
0
0
3.804237e-01
2.342713e-01
0
1.152709e-01
2.541166e-01
1.696785e-01
3.858315e-01
0
5.231806e-01
5.575683e-01
0
0
5.289819e-02
2.013507e-01
2.283596e-02
0
0
4.906359e-02
0
0
0
0
4.573494e-01
3.424992e-01
0
0
9.932429e-02
0
4.674884e-01
8.201441e-01
0
0
4.792063e-01
1.000000e+00
1.793896e-01
0
0
0
0
0
0
2.852817e-01
1.871939e-01
0
1.994993e-01
0
0
0
0
1.477198e-01
0
3.740570e-01
1.262528e-01
3.043894e-01
1.826679e-01
5.731013e-01
2.843364e-01
1.297562e-02
0
0
1.938305e-01
2.929698e-01
4.261333e-01
2.447466e-01
0
1.932068e-01
0
0
0
0
0
0
1.175642e-01
3.054999e-01
0
8.644479e-02
6.291038e-02
0
7.875924e-02
0
0
0
0
0
0
0
0
0
0
0
0
1.390139e-01
0
0
0
0
0
0
0
3.050703e-02
9.677666e-02
2.871657e-01
0
0
0
0
0
0
0
0
0
0
6.576444e-01
6.389519e-01
7.691034e-01
5.548012e-01
4.785295e-01
5.189321e-01
1.990765e-01
2.935893e-01
5.931848e-01
5.033723e-01
1.860421e-01
1.845152e-01
2.830605e-01
2.200374e-01
0
1.469474e-01
0
0
0
0
0
0
0
0
0
0
0
8.836777e-03
0
5.490597e-02
3.682831e-02
2.782086e-01
2.089418e-01
2.838202e-01
2.922383e-01
3.015427e-01
2.788020e-01
1.793896e-01
1.000000e+00
7.280882e-01
0
0
0
0
0
9.730896e-02
9.328192e-02
0
0
0
1.840940e-02
0
0
0
6.568372e-02
2.669561e-01
1.159930e-02
0
3.335980e-01
6.617649e-01
5.686988e-01
0
1.937092e-01
0
1.203176e-01
1.062452e-01
4.359579e-01
4.463019e-01
1.760199e-01
7.473549e-02
0
6.069466e-02
0
0
0
1.305428e-01
1.547792e-01
4.208192e-01
0
2.846619e-02
7.020376e-02
7.878807e-02
1.866360e-01
4.151932e-01
3.337438e-01
0
5.480018e-02
2.154790e-03
1.244230e-01
0
1.242654e-01
0
1.704986e-01
1.207908e-01
0
1.841984e-01
0
0
0
0
0
0
0
0
0
0
0
0
0
0
0
0
0
0
0
0
6.466407e-01
7.084743e-01
8.779160e-01
7.094965e-01
1.944989e-01
2.581765e-01
3.572819e-01
5.472081e-01
5.769332e-01
4.281683e-01
4.638036e-02
0
8.081493e-02
0
0
3.180903e-01
0
0
0
0
1.276310e-01
0
7.074986e-02
1.280168e-01
1.114527e-01
1.165559e-01
0
5.799898e-03
2.752238e-01
1.978424e-01
1.092281e-02
2.613263e-01
0
5.884350e-02
3.072554e-01
3.515256e-01
2.114656e-01
0
7.280882e-01
1.000000e+00
1.953572e-01
0
0
0
1.288931e-02
0
0
3.753819e-02
0
0
4.195195e-01
0
2.872595e-02
0
3.551367e-01
1.663781e-01
3.519649e-03
0
2.077312e-01
3.392432e-01
3.460407e-01
0
3.260534e-01
4.420748e-01
3.387794e-01
5.954669e-02
1.523469e-01
1.411755e-01
1.439918e-01
0
1.254213e-01
2.115712e-01
2.887852e-01
1.661940e-02
0
1.804554e-01
1.981485e-01
0
5.981571e-02
2.085330e-01
0
3.997598e-01
1.635680e-01
3.195111e-01
4.384905e-01
4.918373e-01
5.014959e-01
5.547420e-01
5.014363e-01
4.590823e-01
4.062807e-01
0
4.273922e-01
7.473314e-02
0
0
0
0
0
0
9.847463e-03
0
3.122607e-02
3.789372e-02
0
0
3.296187e-01
0
0
0
0
0
0
0
0
0
2.057651e-02
2.554942e-02
4.999327e-02
8.092970e-02
0
0
3.051664e-01
0
0
0
0
0
0
0
3.262447e-01
4.011908e-01
1.071605e-01
0
3.459619e-01
6.106471e-01
7.066769e-01
6.941035e-01
5.266227e-01
4.907891e-01
5.195222e-01
3.880868e-01
2.256488e-01
2.164278e-01
3.523715e-01
4.578872e-02
0
2.497103e-01
0
0
1.948751e-01
1.540241e-01
0
0
0
1.953572e-01
1
5.469779e-01
6.144160e-01
2.601423e-01
3.755686e-02
0
0
0
1.376879e-01
0
6.917886e-01
2.388555e-01
5.250669e-01
9.664354e-04
0
0
0
0
0
0
0
1.403291e-01
4.037265e-01
3.702830e-01
5.545493e-02
0
0
1.582402e-02
3.698555e-01
0
6.163085e-01
2.835858e-01
6.848162e-01
0
3.534719e-01
3.792961e-01
3.003233e-01
0
3.253976e-01
0
1.839057e-01
1.250062e-01
3.419979e-01
3.165556e-01
1.007204e-01
1.721225e-01
3.633153e-01
5.618754e-01
4.858307e-01
3.897158e-01
6.986545e-01
3.040513e-01
5.748664e-01
2.586115e-01
0
0
3.209085e-01
0
1.595741e-01
0
2.787254e-01
1.521888e-01
2.910585e-01
1.478615e-01
2.886284e-01
0
5.481264e-01
2.224352e-01
0
0
0
0
0
0
0
0
0
0
0
0
0
0
2.885280e-02
0
0
0
0
0
0
0
4.667519e-01
2.974022e-01
1.407117e-01
0
6.895794e-02
2.675304e-01
6.454124e-01
4.368171e-01
2.722386e-01
2.933632e-02
2.653871e-01
0
1.383006e-01
0
2.283770e-01
2.489980e-01
1.090710e-02
1.660070e-01
0
0
2.470716e-01
0
0
0
0
0
5.469779e-01
1
4.626380e-01
6.825577e-01
0
0
1.606612e-01
0
2.237024e-02
2.510915e-01
1.750709e-01
6.069298e-01
1.605134e-01
3.411886e-01
0
0
0
0
0
0
0
2.536941e-01
1.857097e-01
0
0
0
0
0
3.103579e-01
2.059838e-01
4.273680e-01
5.121304e-01
4.118322e-01
1.411081e-01
2.918337e-01
2.819087e-01
0
0
4.129320e-02
3.096893e-01
2.111123e-01
4.441716e-01
0
1.871932e-02
1.059239e-01
2.582156e-01
4.127633e-01
5.206416e-01
5.723679e-01
7.477191e-01
5.036201e-01
4.229103e-01
5.256523e-01
3.658661e-01
0
0
1.871195e-01
5.762180e-02
0
0
3.124098e-01
2.614762e-01
0
1.721636e-01
0
0
1.160449e-01
2.341916e-01
0
0
0
0
0
0
0
0
0
0
0
0
0
0
0
0
0
0
0
5.125597e-02
0
0
5.337326e-01
5.666891e-01
3.496627e-01
1.122547e-01
0
5.113868e-01
4.076116e-01
6.701657e-01
8.670175e-02
1.587510e-01
1.776555e-02
2.397056e-01
0
0
2.320378e-01
2.434919e-01
0
4.596869e-01
0
0
2.680923e-01
4.145438e-01
0
0
0
0
6.144160e-01
4.626380e-01
1
5.109722e-01
9.125771e-02
0
0
1.053936e-01
0
0
3.284073e-01
5.615020e-01
1.395975e-01
2.026861e-01
0
0
0
6.735625e-02
0
0
0
0
3.317890e-02
1.939837e-01
7.375861e-02
0
0
0
4.834977e-01
1.151445e-01
6.530145e-01
4.529684e-01
4.920732e-01
0
4.714593e-01
4.143127e-01
4.474360e-01
0
3.836052e-01
0
4.689046e-01
2.000843e-01
3.092543e-01
1.068096e-01
0
5.049332e-02
2.509736e-04
3.058139e-01
5.344591e-01
4.798411e-01
6.835859e-01
3.662469e-01
4.449479e-01
3.467070e-01
0
0
4.061796e-01
7.436635e-02
1.737869e-01
0
5.723405e-01
4.213102e-01
2.502594e-01
9.668868e-02
0
0
2.324868e-01
4.863081e-01
0
0
0
0
0
0
0
0
0
0
0
0
0
0
3.321471e-02
0
0
0
0
1.365227e-01
0
0
6.281300e-01
4.533988e-01
1.068533e-01
0
0
2.717307e-01
4.320771e-01
3.023171e-01
0
0
0
0
0
0
1.821824e-01
4.813249e-01
0
3.614261e-01
0
0
3.582340e-01
1.069436e-01
0
0
0
0
2.601423e-01
6.825577e-01
5.109722e-01
1
0
0
0
0
0
1.842839e-01
1.879366e-01
8.018775e-01
1.800155e-01
1.900114e-01
0
0
0
1.426675e-01
0
0
1.836497e-02
1.527195e-01
3.564981e-01
0
0
0
0
0
0
0
0
0
0
0
7.645832e-02
0
0
0
0
0
0
0
0
0
0
2.305759e-01
9.435602e-02
0
7.250749e-02
1.357809e-01
0
1.126741e-01
8.564600e-02
1.656751e-01
0
0
2.191840e-01
1.227180e-01
0
0
4.819013e-02
0
5.786827e-01
3.439841e-01
6.794332e-02
2.833525e-01
3.309598e-01
0
9.717154e-02
9.447710e-02
6.222344e-02
1.309523e-01
1.430469e-01
1.904354e-01
0
0
0
0
0
9.690702e-02
1.163856e-02
1.009361e-01
1.602514e-01
0
2.276186e-01
5.440989e-02
0
0
2.052029e-01
0
0
0
1.712688e-01
1.325675e-01
2.614821e-01
1.899660e-01
0
0
1.366197e-01
9.425011e-02
1.590361e-01
2.392564e-01
0
0
2.348848e-02
0
4.962060e-02
0
1.665731e-01
0
0
0
2.633631e-01
0
0
1.288931e-02
3.755686e-02
0
9.125771e-02
0
1
4.129520e-01
2.557540e-01
0
7.935900e-02
0
2.431621e-01
5.414774e-02
1.901592e-01
2.993954e-01
4.062762e-01
3.076660e-01
4.212125e-01
9.318805e-02
1.448999e-01
7.499907e-05
4.465130e-02
1.005001e-01
1.567127e-01
5.980055e-03
4.330743e-01
1.280729e-01
0
0
0
2.149111e-01
0
0
0
2.521566e-01
3.145376e-02
0
0
3.266759e-01
0
1.560687e-01
0
0
1.110823e-01
0
0
0
0
0
0
0
0
6.640981e-02
0
1.458739e-01
2.105720e-01
3.967592e-01
0
1.453187e-02
0
2.121599e-01
0
4.350104e-02
2.077023e-02
0
0
2.948561e-01
0
0
3.039790e-01
2.399569e-01
2.007185e-01
2.501429e-01
2.266320e-01
2.139554e-01
1.380610e-01
0
0
0
2.674119e-02
4.683972e-02
2.034944e-01
3.244883e-01
8.355232e-02
1.786545e-01
2.049450e-01
3.575575e-01
3.336770e-01
2.007680e-01
4.829524e-01
2.689986e-01
0
0
0
0
0
0
0
0
0
0
0
0
0
0
0
0
3.272535e-01
0
2.525862e-01
2.657538e-01
0
0
5.102027e-01
2.852817e-01
9.730896e-02
0
0
0
0
0
4.129520e-01
1
0
2.758928e-01
0
0
0
0
0
0
3.189853e-01
3.450264e-01
5.543275e-01
2.913435e-01
2.983660e-01
3.371536e-01
4.709048e-01
9.487917e-02
0
0
4.441788e-01
4.876068e-01
0
0
0
0
9.758341e-02
0
1.732301e-01
0
1.913545e-01
0
0
0
0
0
0
0
0
0
0
0
0
0
0
0
0
2.259961e-01
0
0
1.755484e-01
4.287914e-02
2.074721e-01
3.060278e-01
3.871432e-01
3.657878e-02
1.578403e-01
2.532253e-01
4.568855e-01
5.199464e-01
6.110447e-01
4.390028e-01
4.897548e-01
1.161145e-01
3.981910e-01
4.964164e-01
4.925347e-01
4.078066e-01
3.246517e-01
4.844773e-01
4.455761e-01
2.880004e-01
3.110073e-02
0
0
0
5.191732e-01
4.326357e-01
0
0
1.299891e-02
0
0
0
8.726932e-02
3.744810e-01
0
0
4.169557e-01
2.977762e-01
0
0
0
0
1.812509e-03
1.752770e-02
1.549461e-01
0
3.300077e-01
4.689409e-02
0
0
0
0
3.937244e-01
2.057164e-01
0
0
2.339253e-01
1.871939e-01
9.328192e-02
0
0
1.606612e-01
0
0
2.557540e-01
0
1.000000e+00
0
2.777455e-01
1.818943e-01
0
2.734919e-02
0
5.789854e-01
0
6.907954e-02
0
0
0
2.595554e-01
0
1.853415e-01
0
0
0
0
0
8.556055e-02
0
4.320935e-02
0
3.818502e-01
0
2.880790e-01
0
1.810448e-01
0
1.668327e-01
0
1.711092e-01
0
0
1.604726e-01
1.614562e-01
0
0
0
3.963223e-02
0
0
0
0
0
6.222208e-02
0
0
0
0
0
7.004036e-02
1.170471e-02
7.070333e-02
0
0
0
0
0
2.360208e-01
8.339572e-02
4.425695e-03
0
6.787944e-02
1.526420e-01
6.156553e-02
5.849247e-02
1.402276e-01
2.369422e-01
2.817039e-01
1.823676e-01
2.113416e-01
0
1.200880e-01
3.710880e-01
1.614926e-01
8.026825e-02
1.228871e-01
1.364185e-01
3.145473e-01
5.604381e-02
0
2.661174e-02
2.603312e-01
0
0
5.465652e-02
2.762427e-01
0
1.050463e-01
0
2.193725e-01
0
1.109052e-01
0
0
2.181896e-01
8.030365e-02
1.446966e-01
2.292430e-01
0
0
0
1.802557e-01
0
0
0
3.753819e-02
0
0
1.053936e-01
0
0
2.758928e-01
0
1
0
1.949351e-01
0
0
0
0
3.519024e-01
1.181865e-01
3.636210e-01
2.793941e-01
0
1.593049e-01
3.713218e-01
1.289049e-01
6.977778e-02
3.492443e-01
2.862200e-01
1.052869e-01
3.519725e-01
1.297509e-01
0
0
0
0
0
0
0
0
0
5.910478e-02
0
0
0
0
5.016524e-02
5.222557e-02
1.873820e-02
5.955407e-02
0
0
0
0
0
0
0
0
4.149705e-01
1.925678e-01
0
0
2.533446e-01
1.630702e-02
0
0
1.069357e-01
1.581158e-01
2.410584e-01
3.785409e-02
4.114229e-01
4.228289e-03
2.756271e-01
3.318334e-01
9.255349e-02
1.628337e-01
4.520519e-01
3.000727e-01
3.451530e-01
2.584140e-01
1.374166e-01
0
9.813663e-03
7.746734e-02
3.840472e-01
3.340210e-01
3.325686e-01
4.396916e-01
4.796322e-01
2.879662e-01
5.393801e-01
0
3.687891e-01
3.376097e-01
0
0
1.747911e-02
2.284985e-02
5.191423e-01
8.663232e-03
0
0
4.514555e-01
5.126561e-01
5.886154e-01
3.891357e-01
4.611520e-01
5.191642e-01
0
0
3.102282e-01
0
1.588671e-01
7.699926e-02
0
0
2.518882e-01
1.994993e-01
0
0
1.376879e-01
2.237024e-02
0
0
7.935900e-02
0
2.777455e-01
0
1
2.723731e-01
5.712780e-03
0
3.194906e-01
0
0
0
1.565462e-01
0
0
0
0
5.622185e-01
2.925411e-01
4.602916e-02
0
8.306942e-02
0
5.839084e-03
0
0
1.449966e-01
1.935387e-02
0
0
1.306938e-01
1.188458e-01
0
0
1.482897e-01
0
0
0
3.326945e-01
1.706240e-01
0
0
0
0
0
0
1.404776e-01
1.515384e-01
0
0
2.292320e-01
0
0
0
6.357760e-01
2.780676e-01
0
0
7.255926e-04
0
2.449699e-02
0
2.534765e-02
2.741567e-01
4.423801e-01
4.037742e-01
3.265082e-01
3.132501e-01
5.530368e-01
4.336288e-01
5.804360e-01
5.554881e-01
2.717919e-02
0
0
0
7.027765e-02
1.571628e-01
2.796916e-01
4.710578e-02
0
0
2.367536e-01
3.814347e-02
0
1.283642e-01
6.464268e-02
0
2.283945e-02
0
2.909268e-01
1.977625e-01
0
0
1.497713e-01
1.144664e-01
1.090901e-01
7.505548e-02
0
8.145218e-02
1.928315e-01
2.477231e-01
3.984868e-01
0
0
0
0
0
0
0
0
0
0
2.510915e-01
0
1.842839e-01
0
0
1.818943e-01
1.949351e-01
2.723731e-01
1
0
1.561885e-01
6.990441e-02
1.014180e-01
0
0
0
0
0
0
0
3.880208e-01
2.329721e-02
0
0
0
4.577115e-01
4.176859e-01
3.121579e-01
0
4.037838e-02
8.144539e-03
7.616368e-02
0
0
2.039724e-02
1.971390e-01
1.243424e-01
7.385892e-02
1.040547e-01
2.795077e-01
3.520536e-01
2.945751e-01
4.592943e-01
7.066696e-01
6.966204e-01
1.883035e-01
2.343401e-01
4.180364e-01
3.004124e-01
2.284286e-01
0
2.534841e-01
1.083167e-01
8.786608e-02
4.748673e-02
6.218562e-02
0
0
0
0
0
8.742804e-02
0
0
0
2.200181e-01
1.534202e-02
0
0
0
0
0
0
0
0
0
5.683616e-03
2.239121e-01
1.471547e-01
0
0
5.162613e-01
3.008539e-01
1.652910e-01
0
0
0
0
0
1.388339e-01
2.557469e-01
0
0
3.778155e-01
5.564134e-01
4.948329e-01
4.834220e-01
4.293895e-01
4.117792e-01
2.702209e-01
3.407279e-01
3.447338e-02
2.917354e-01
5.914928e-01
3.552304e-01
1.111522e-01
1.299820e-01
5.151054e-02
0
2.351022e-01
0
0
0
1.840940e-02
4.195195e-01
6.917886e-01
1.750709e-01
3.284073e-01
1.879366e-01
2.431621e-01
0
0
0
5.712780e-03
0
1
2.717059e-01
7.358103e-01
0
2.664515e-01
1.880738e-01
9.982765e-02
0
0
0
7.789429e-02
1.344474e-01
4.311209e-01
4.908306e-01
5.036469e-01
5.509425e-02
0
1.873450e-03
5.226947e-01
2.165257e-02
6.732542e-01
2.762547e-01
5.507333e-01
0
4.325035e-01
1.627953e-01
1.958579e-01
0
3.272180e-01
0
5.340548e-01
1.163553e-01
1.413107e-01
2.104911e-01
8.450274e-02
2.099182e-01
1.699074e-01
3.999593e-01
4.349621e-01
4.382337e-01
5.210305e-01
4.053721e-01
4.884222e-01
5.047322e-01
0
0
4.213803e-01
2.374430e-01
2.474163e-01
8.928070e-02
4.557636e-01
2.831837e-01
2.465249e-01
2.871525e-01
0
0
1.955998e-01
5.991984e-01
0
0
0
0
0
0
0
0
0
0
0
0
0
0
0
0
0
0
0
0
0
0
5.456834e-01
3.397772e-01
2.578527e-01
0
0
2.552611e-01
4.026456e-01
4.617234e-01
0
0
0
0
0
0
3.334852e-01
4.884565e-01
0
1.553640e-01
0
0
2.546321e-01
0
0
0
0
0
2.388555e-01
6.069298e-01
5.615020e-01
8.018775e-01
5.414774e-02
0
2.734919e-02
0
0
1.561885e-01
2.717059e-01
1
2.585867e-01
4.608510e-01
0
0
0
1.601940e-01
0
0
0
1.115228e-01
1.142604e-01
0
0
0
3.085445e-01
1.998864e-01
1.924291e-01
0
9.186683e-02
0
2.128083e-01
0
0
0
2.638467e-01
0
1.185005e-01
0
1.275276e-01
1.924366e-01
0
9.473100e-02
4.798192e-01
6.241478e-01
1.797077e-01
7.534885e-02
3.252688e-01
2.739280e-01
1.472224e-01
0
1.681109e-01
0
3.217592e-02
0
5.289173e-02
0
4.465000e-02
0
0
0
1.933971e-01
0
0
0
2.751575e-01
1.808249e-01
0
0
0
0
0
0
0
0
0
0
0
0
0
0
2.714696e-01
8.117501e-02
8.849367e-02
7.748399e-02
2.351281e-02
0
0
0
1.968673e-01
4.547512e-02
1.434296e-01
0
3.723854e-01
4.194631e-01
4.362739e-01
4.308184e-01
5.786107e-01
4.833369e-01
3.546176e-01
4.822843e-01
2.589413e-01
3.454081e-01
1.919091e-01
5.620162e-02
0
0
0
0
6.233123e-03
0
0
0
0
2.872595e-02
5.250669e-01
1.605134e-01
1.395975e-01
1.800155e-01
1.901592e-01
0
0
0
3.194906e-01
6.990441e-02
7.358103e-01
2.585867e-01
1
1.407100e-01
9.541939e-02
1.734635e-02
1.054526e-01
0
0
0
0
9.842845e-02
4.419937e-01
2.009269e-01
1.542919e-01
9.054093e-02
0
0
0
0
2.013869e-01
0
3.086921e-01
0
2.420139e-01
0
0
0
4.984826e-03
0
5.000601e-02
7.360695e-02
0
0
0
2.502654e-01
1.664431e-01
0
0
7.681137e-02
0
2.139417e-01
7.164525e-02
0
1.476591e-01
1.237569e-02
2.709474e-01
4.137439e-01
3.317980e-01
6.270483e-02
2.874121e-02
6.141924e-02
4.872804e-01
4.696087e-01
4.987509e-01
1.841041e-01
3.893833e-01
1.568059e-01
2.804832e-01
3.384356e-01
3.852015e-01
3.930055e-01
1.143332e-01
3.064120e-01
1.331704e-01
1.471607e-01
0
0
0
0
0
0
0
0
0
0
0
0
0
2.597014e-01
0
0
5.767520e-01
3.618394e-01
1.653662e-01
9.143390e-02
1.148694e-01
1.285330e-01
6.902059e-02
0
1.272483e-01
0
3.614782e-01
1.830673e-01
4.510134e-03
0
0
0
3.924137e-01
1.568289e-01
0
0
1.895598e-01
1.477198e-01
0
0
9.664354e-04
3.411886e-01
2.026861e-01
1.900114e-01
2.993954e-01
0
5.789854e-01
0
0
1.014180e-01
0
4.608510e-01
1.407100e-01
1
0
2.000212e-02
0
1.404090e-01
2.067785e-02
9.978680e-02
0
3.823233e-02
0
0
0
0
0
0
0
8.315643e-02
0
0
0
0
0
0
0
1.641460e-01
0
0
0
0
0
2.405477e-01
1.418972e-01
0
1.215247e-01
0
0
0
0
0
0
1.462397e-01
0
9.148569e-02
0
0
0
1.133732e-01
0
0
9.941310e-03
4.944677e-02
0
0
0
4.965512e-02
1.458391e-02
8.528266e-03
0
2.389159e-02
9.335898e-02
7.591067e-02
0
3.923965e-02
8.723011e-02
2.167697e-01
2.445470e-01
2.388655e-01
0
3.488159e-02
2.174087e-01
3.419790e-01
4.083588e-01
4.137018e-01
5.398611e-02
0
3.139419e-01
0
0
0
0
1.620589e-01
1.590838e-02
2.418502e-01
0
0
1.054882e-01
1.940228e-01
1.479809e-01
2.154867e-01
0
9.080725e-02
2.458803e-01
9.595352e-02
1.665540e-02
2.413494e-02
0
0
0
1.136512e-02
5.667953e-02
0
6.568372e-02
3.551367e-01
0
0
0
0
4.062762e-01
3.189853e-01
0
3.519024e-01
0
0
2.664515e-01
0
9.541939e-02
0
1
3.370660e-01
3.789194e-01
2.238183e-01
7.925159e-02
0
1.618580e-01
0
0
6.109430e-01
7.082157e-01
4.636302e-01
1.905885e-01
0
0
1.113835e-01
0
0
0
0
0
0
0
0
0
0
1.224910e-02
0
4.871672e-02
0
0
2.227645e-01
0
0
0
0
0
0
0
0
2.275005e-01
2.493220e-01
7.057295e-02
0
0
0
0
0
3.910348e-01
3.008936e-01
1.505181e-01
2.354579e-01
1.532293e-01
1.759962e-01
0
0
0
0
0
0
0
0
0
0
1.457843e-01
1.225237e-01
0
0
1.265378e-01
2.022801e-01
3.475853e-01
2.225315e-01
1.780539e-01
0
4.914828e-01
2.640482e-01
0
0
7.689932e-02
1.645259e-01
2.091721e-01
1.151988e-01
0
0
1.210438e-01
2.276727e-01
2.861164e-02
3.086600e-02
7.864435e-02
3.419593e-01
1.429022e-01
0
1.115354e-01
0
3.651783e-01
2.731420e-01
2.223350e-01
0
2.559227e-01
3.740570e-01
2.669561e-01
1.663781e-01
0
0
0
0
3.076660e-01
3.450264e-01
6.907954e-02
1.181865e-01
0
0
1.880738e-01
0
1.734635e-02
2.000212e-02
3.370660e-01
1.000000e+00
4.136406e-01
4.271298e-01
0
5.222105e-01
5.711250e-01
0
0
0
5.505766e-01
6.586705e-01
4.594499e-02
0
0
0
0
1.625607e-03
0
2.393191e-01
0
0
0
1.926141e-01
0
2.464794e-01
0
0
2.236803e-01
0
0
2.252948e-01
0
0
0
0
0
0
0
0
0
0
0
0
0
0
0
0
2.358146e-01
0
0
0
0
0
1.691989e-01
2.262460e-01
7.351899e-02
2.056466e-01
2.764723e-01
1.804477e-01
0
1.006507e-01
0
0
1.127381e-02
0
3.553568e-02
2.197686e-01
4.796141e-01
1.051490e-01
3.723753e-01
3.157409e-01
2.238237e-01
9.685535e-02
4.753638e-01
1.841423e-01
0
0
0
7.039528e-02
5.337326e-01
4.378078e-01
0
0
1.439820e-01
1.389199e-01
8.584761e-02
2.726364e-01
1.900608e-02
5.002862e-02
2.116507e-01
0
3.207016e-01
0
0
0
0
0
3.433636e-01
1.262528e-01
1.159930e-02
3.519649e-03
0
0
0
0
4.212125e-01
5.543275e-01
0
3.636210e-01
1.565462e-01
0
9.982765e-02
0
1.054526e-01
0
3.789194e-01
4.136406e-01
1
2.499988e-01
1.200329e-01
2.314821e-01
4.055886e-01
6.290857e-02
3.791757e-02
4.062533e-02
5.924868e-01
4.031287e-01
0
0
0
1.265687e-01
0
5.009703e-03
0
6.697419e-02
0
0
0
0
0
5.091438e-02
0
4.890869e-02
0
0
0
0
0
0
0
0
0
0
0
0
1.451705e-01
9.742196e-02
0
1.882526e-02
6.771127e-02
1.839421e-01
3.702091e-01
4.402924e-01
1.947352e-02
0
0
0
0
2.830558e-01
1.887960e-01
1.287049e-01
2.211428e-01
2.859841e-01
0
1.811646e-01
0
0
0
0
0
0
0
0
0
0
0
9.726877e-03
6.715943e-02
0
1.121174e-01
1.821601e-03
2.457619e-03
0
3.634378e-01
4.538009e-01
0
6.887824e-02
3.566687e-02
1.559663e-01
0
0
0
0
0
0
5.159213e-02
0
5.477361e-02
2.105596e-01
0
2.781947e-01
1.127851e-02
0
0
3.043894e-01
0
0
0
0
6.735625e-02
1.426675e-01
9.318805e-02
2.913435e-01
0
2.793941e-01
0
0
0
1.601940e-01
0
1.404090e-01
2.238183e-01
4.271298e-01
2.499988e-01
1
0
1.996436e-01
3.288592e-01
1.621195e-01
0
0
2.430585e-01
2.389338e-01
2.900334e-01
0
0
3.021352e-01
0
0
0
5.570341e-01
1.963404e-01
2.286331e-01
0
5.734652e-01
2.344817e-02
6.083608e-01
2.332474e-02
3.273625e-01
0
0
0
0
0
0
0
0
0
0
0
0
0
9.720941e-02
0
0
0
0
0
0
0
0
0
2.225902e-01
0
0
9.018771e-02
1.046993e-01
0
3.091461e-02
1.047213e-01
4.847544e-02
2.059853e-01
4.066296e-02
1.927375e-01
0
9.851510e-02
0
3.622177e-01
4.170193e-01
8.090754e-02
1.064106e-01
2.218138e-01
3.451529e-01
8.181604e-02
2.547092e-01
2.053795e-01
3.635550e-01
0
0
0
0
0
0
0
0
0
0
0
1.764636e-02
0
0
0
0
0
6.829926e-02
1.116301e-01
1.121786e-01
0
0
3.256738e-01
1.826679e-01
3.335980e-01
2.077312e-01
0
0
0
0
1.448999e-01
2.983660e-01
0
0
0
0
0
0
0
2.067785e-02
7.925159e-02
0
1.200329e-01
0
1.000000e+00
2.341607e-01
1.378966e-01
0
1.148083e-01
1.147111e-01
2.630162e-01
0
4.376412e-01
5.552081e-03
0
2.188008e-01
0
0
0
2.705598e-01
0
0
0
2.849693e-01
0
2.221062e-01
1.039466e-01
3.553292e-02
3.019592e-02
0
0
0
0
0
0
0
0
0
0
0
1.864491e-01
3.267666e-01
0
0
0
0
0
0
0
2.061522e-01
9.084590e-02
1.684540e-01
0
0
0
0
0
0
0
0
0
0
3.204078e-01
2.540796e-01
3.552955e-01
1.788326e-01
4.160396e-01
4.494340e-01
1.056053e-01
1.591066e-01
3.764463e-01
2.957083e-01
2.187838e-01
2.500187e-01
4.043240e-01
4.396102e-01
0
0
0
0
0
0
0
0
0
0
0
0
1.276093e-01
1.593285e-01
5.516010e-02
0
9.840222e-02
1.180202e-01
4.107988e-01
6.399487e-01
0
1.326673e-02
5.261028e-01
5.731013e-01
6.617649e-01
3.392432e-01
0
0
0
0
7.499907e-05
3.371536e-01
2.595554e-01
1.593049e-01
0
0
0
0
0
9.978680e-02
0
5.222105e-01
2.314821e-01
1.996436e-01
2.341607e-01
1.000000e+00
7.573550e-01
8.645776e-03
3.801944e-02
0
2.768980e-01
1.326695e-01
2.699794e-01
1.300321e-02
0
2.486518e-01
0
1.710652e-01
0
3.231253e-01
0
1.041180e-01
0
3.571041e-01
0
2.451259e-01
7.261517e-02
3.433194e-02
4.583395e-01
1.164168e-01
0
0
0
0
0
0
0
0
0
0
1.807382e-01
2.960962e-01
0
0
0
0
0
0
0
4.352355e-02
0
1.291914e-01
0
0
0
0
0
0
0
0
0
0
1.565233e-01
1.637966e-01
3.345230e-01
2.415712e-01
9.440113e-02
2.909202e-01
3.856880e-01
2.104784e-01
3.234354e-01
2.796089e-01
1.311060e-01
3.052663e-01
2.887334e-01
1.713737e-01
0
1.082098e-01
0
0
1.016282e-01
1.445116e-01
0
0
0
0
0
0
0
0
3.167150e-01
2.107125e-01
3.671225e-01
2.909657e-01
2.202074e-01
4.156711e-01
1.103596e-01
5.539116e-02
1.986712e-01
2.843364e-01
5.686988e-01
3.460407e-01
0
0
0
1.836497e-02
4.465130e-02
4.709048e-01
0
3.713218e-01
0
0
7.789429e-02
0
0
0
1.618580e-01
5.711250e-01
4.055886e-01
3.288592e-01
1.378966e-01
7.573550e-01
1
1.030616e-01
8.066417e-02
0
4.721534e-01
2.201390e-01
2.582845e-01
2.173720e-01
0
0
0
0
0
0
0
4.900426e-03
1.088377e-01
0
2.160012e-01
0
3.838679e-02
0
6.180107e-01
3.952253e-01
3.831259e-02
0
0
1.357577e-01
0
0
0
0
0
0
6.995389e-01
3.861460e-01
0
0
2.657380e-01
0
0
0
5.778885e-02
3.396207e-02
2.443765e-01
0
3.120272e-01
1.544800e-01
1.239321e-01
1.747237e-02
0
0
2.205107e-01
1.025324e-01
1.023937e-01
0
6.633773e-03
0
1.911456e-02
2.365431e-01
1.665818e-01
1.785682e-01
5.185683e-01
3.327104e-01
1.421000e-01
0
3.281371e-01
0
1.294337e-01
0
0
0
0
0
4.767306e-01
1.062942e-01
2.034847e-01
7.173933e-02
7.257619e-02
1.666940e-01
1.936233e-01
0
1.340266e-01
1.892652e-01
3.403269e-01
8.609379e-02
7.342345e-01
0
3.008579e-01
2.289070e-01
0
0
1.216638e-01
1.297562e-02
0
0
1.403291e-01
2.536941e-01
0
1.527195e-01
1.005001e-01
9.487917e-02
1.853415e-01
1.289049e-01
5.622185e-01
3.880208e-01
1.344474e-01
1.115228e-01
9.842845e-02
3.823233e-02
0
0
6.290857e-02
1.621195e-01
0
8.645776e-03
1.030616e-01
1.000000e+00
4.608345e-01
8.740295e-02
0
0
4.225224e-01
2.804300e-01
0
0
1.425596e-01
6.844259e-02
1.739121e-02
3.599627e-02
5.069993e-02
2.521645e-01
5.263352e-01
1.303217e-01
2.622505e-01
1.977246e-01
1.939025e-01
1.776067e-01
2.962152e-01
1.624021e-01
1.169102e-01
2.470890e-02
0
0
1.483775e-01
5.777756e-02
2.593204e-01
0
2.286876e-01
0
0
0
0
0
0
0
1.705557e-01
0
0
0
0
0
4.466128e-02
0
0
0
0
0
0
0
0
0
4.533996e-01
4.157139e-01
4.079511e-01
5.174619e-01
1.289839e-01
2.319171e-01
5.194344e-01
1.150669e-01
2.882760e-01
1.938628e-01
2.404830e-02
6.295323e-02
0
0
1.491743e-01
2.023855e-01
0
0
1.290107e-01
2.169855e-01
4.181669e-01
8.478230e-02
1.055199e-01
1.810377e-01
3.069451e-02
1.743488e-01
0
0
1.286750e-01
1.315786e-01
1.366757e-01
2.117415e-01
0
0
0
0
0
0
1.937092e-01
3.260534e-01
4.037265e-01
1.857097e-01
3.317890e-02
3.564981e-01
1.567127e-01
0
0
6.977778e-02
2.925411e-01
2.329721e-02
4.311209e-01
1.142604e-01
4.419937e-01
0
0
0
3.791757e-02
0
1.148083e-01
3.801944e-02
8.066417e-02
4.608345e-01
1
1.207263e-01
0
0
7.284520e-02
3.265461e-01
9.377402e-02
0
0
1.707171e-01
0
0
0
1.442437e-01
0
2.662411e-01
0
0
0
0
1.818038e-01
6.945720e-01
5.809254e-01
6.858933e-02
3.896194e-01
4.484090e-01
4.263903e-02
0
8.495394e-02
0
2.454761e-01
2.643676e-01
4.429329e-02
1.305223e-01
0
0
0
0
0
0
0
0
0
0
0
1.616439e-03
0
0
0
0
0
0
0
0
2.115091e-01
2.535957e-01
3.210422e-01
2.212618e-01
0
0
3.556214e-01
4.342824e-01
1.889775e-01
7.927114e-03
0
0
0
0
0
1.926441e-01
0
0
3.444023e-02
2.696533e-01
2.748651e-01
3.682751e-01
2.043288e-01
2.837423e-01
3.119229e-01
3.308098e-01
0
4.883006e-02
5.890669e-01
3.387646e-01
1.739301e-01
2.831215e-01
0
0
0
1.241230e-01
0
0
0
4.420748e-01
3.702830e-01
0
1.939837e-01
0
5.980055e-03
0
0
3.492443e-01
4.602916e-02
0
4.908306e-01
0
2.009269e-01
0
6.109430e-01
0
4.062533e-02
0
1.147111e-01
0
0
8.740295e-02
1.207263e-01
1
4.902296e-01
0
1.611949e-01
0
0
2.121454e-02
0
0
0
1.318737e-01
0
0
0
2.835335e-01
0
1.538125e-01
0
2.898243e-02
2.134260e-01
3.081085e-01
2.725201e-01
3.365486e-01
0
0
0
0
0
0
0
1.086360e-01
1.128457e-01
2.348799e-01
0
0
0
0
0
0
5.707844e-02
7.830948e-03
0
0
0
5.213096e-02
0
0
0
0
0
0
0
0
0
0
1.283001e-01
0
0
0
3.991367e-01
3.434283e-01
2.831330e-01
1.958027e-01
4.832209e-03
0
3.594059e-01
2.918966e-02
0
0
0
0
2.310213e-01
3.472485e-01
0
6.008123e-02
0
8.826805e-02
0
1.340431e-01
0
1.415066e-01
5.556621e-01
2.544325e-01
2.436683e-01
4.412749e-02
1.089212e-01
1.275517e-02
0
0
2.907011e-01
1.938305e-01
1.203176e-01
3.387794e-01
5.545493e-02
0
7.375861e-02
0
4.330743e-01
4.441788e-01
0
2.862200e-01
0
0
5.036469e-01
0
1.542919e-01
0
7.082157e-01
5.505766e-01
5.924868e-01
2.430585e-01
2.630162e-01
2.768980e-01
4.721534e-01
0
0
4.902296e-01
1
5.123542e-01
1.670195e-01
1.034783e-01
0
1.419730e-01
0
0
0
0
0
0
0
2.409183e-01
0
0
0
0
0
0
1.749910e-01
1.700133e-01
0
0
0
0
0
0
0
0
2.933771e-01
3.488688e-01
0
7.554168e-02
5.811105e-03
2.746738e-01
0
0
1.254664e-01
0
7.779235e-02
2.636280e-01
0
3.433232e-02
4.599497e-02
1.277729e-01
8.533276e-02
1.123011e-01
0
0
0
0
0
0
6.626571e-02
0
0
0
2.530840e-02
3.957932e-01
3.710613e-01
5.463449e-01
5.762687e-01
0
7.069396e-01
4.773089e-01
0
0
0
1.970502e-01
1.523638e-01
0
0
0
5.984339e-03
3.288243e-02
0
0
0
3.820866e-01
0
0
1.624684e-01
0
2.860138e-01
1.154109e-01
0
0
3.307192e-01
2.929698e-01
1.062452e-01
5.954669e-02
0
0
0
0
1.280729e-01
4.876068e-01
0
1.052869e-01
8.306942e-02
0
5.509425e-02
0
9.054093e-02
0
4.636302e-01
6.586705e-01
4.031287e-01
2.389338e-01
0
1.326695e-01
2.201390e-01
0
0
0
5.123542e-01
1
