1
6.482485e-01
0
0
0
0
0
2.271003e-01
0
0
1.668523e-01
4.571150e-01
3.045463e-01
3.058444e-01
1.816834e-01
2.310811e-01
1.368632e-01
1.497830e-01
3.901505e-01
3.878927e-01
0
0
0
0
0
0
0
0
3.564054e-01
3.369740e-01
0
0
0
0
0
0
0
1.871529e-02
1.346387e-01
1.082434e-02
5.264576e-02
0
0
0
0
0
0
0
0
0
3.206209e-01
1.677598e-01
4.516138e-01
1.675292e-01
1.831507e-01
9.008514e-02
5.168363e-01
5.662216e-01
5.004403e-01
3.640701e-01
4.249479e-01
1.293567e-01
3.991614e-01
3.475314e-01
0
0
0
0
3.862631e-01
7.853761e-02
0
6.271423e-02
1.887639e-01
3.379271e-01
1.477554e-01
3.002028e-01
3.867113e-01
5.072273e-01
1.393534e-01
0
2.763713e-01
0
4.371518e-01
3.626269e-01
0
0
3.453053e-01
2.268689e-01
4.035944e-01
4.087069e-01
1.539336e-01
0
0
0
0
0
0
0
3.827954e-01
7.118021e-03
4.328541e-01
0
3.068936e-01
0
0
1.380756e-01
5.843936e-02
0
2.821311e-01
4.051081e-01
2.327104e-01
2.459733e-01
4.032487e-01
6.931809e-02
1.224969e-01
1.452277e-01
6.482485e-01
1.000000e+00
2.526694e-01
0
0
0
4.713450e-02
0
0
1.425412e-01
3.918933e-01
2.812886e-01
5.296120e-01
0
4.302073e-01
1.574123e-01
1.772074e-01
5.207813e-01
7.366223e-01
2.039379e-01
0
2.448120e-01
6.603034e-02
0
0
0
0
0
4.638817e-01
4.056011e-01
0
0
0
0
0
0
0
0
9.608214e-02
0
1.531813e-01
2.118303e-01
0
0
0
0
0
0
0
0
1.977911e-01
2.792071e-01
4.522311e-01
3.355565e-01
0
0
3.323939e-01
5.984943e-01
1.711831e-01
1.599007e-01
2.798018e-01
1.212698e-02
0
0
0
2.441086e-01
0
0
8.528118e-02
0
8.412266e-03
2.171142e-01
1.981865e-01
3.669340e-01
1.211940e-01
1.390287e-01
0
2.567650e-01
2.381020e-01
2.045396e-01
1.996964e-01
2.028845e-01
2.041496e-01
1.478066e-01
1.884449e-01
8.449998e-02
0
0
2.690451e-01
4.000312e-01
1.622117e-01
3.877710e-02
0
0
0
0
0
1.827810e-01
1.614709e-01
1.401647e-01
3.468951e-01
9.307382e-04
2.139123e-01
0
0
0
0
0
4.058412e-03
0
0
2.562299e-01
2.757981e-01
3.355423e-01
0
6.788886e-02
0
2.526694e-01
1
9.546063e-02
6.642644e-01
3.380830e-01
7.125474e-01
0
3.751866e-01
2.155707e-01
5.198780e-01
0
2.518287e-01
0
6.290281e-01
1.750154e-01
2.646363e-02
2.021085e-01
4.437730e-01
1.800120e-01
3.360542e-01
5.266800e-01
8.233865e-01
6.332308e-01
7.346429e-01
3.860734e-01
4.994856e-01
4.742317e-01
0
0
7.884575e-01
4.340373e-01
0
0
4.647410e-01
1.681113e-01
4.915269e-02
0
1.328727e-02
0
1.467686e-01
1.466552e-01
0
0
0
0
0
0
0
0
0
4.450752e-02
6.576539e-02
1.549308e-01
0
0
0
0
0
0
0
0
0
0
7.602804e-01
4.539993e-01
0
0
0
0
4.686241e-01
2.605776e-01
7.483604e-02
0
0
0
0
0
2.149541e-01
5.311400e-01
0
1.647978e-01
0
0
8.005845e-01
3.588851e-01
0
0
0
2.169606e-01
1.218915e-01
3.589728e-01
3.292309e-01
4.911181e-01
0
0
0
0
0
0
3.424605e-01
5.211123e-01
1.680826e-01
0
0
7.077509e-02
0
0
0
0
0
0
0
6.711104e-02
0
0
0
0
9.546063e-02
1
8.624734e-02
2.559353e-01
2.353884e-02
4.748482e-01
3.822254e-02
1.007423e-01
0
1.649944e-01
7.718883e-03
3.888855e-01
1.963190e-01
4.663894e-01
0
0
0
0
0
0
1.045164e-01
2.845992e-01
0
2.343873e-01
0
2.354035e-01
0
0
1.144700e-01
3.510204e-01
0
1.216891e-01
2.232893e-02
3.261557e-01
0
1.804742e-01
0
2.480490e-01
0
0
0
0
6.098046e-02
5.828421e-02
0
0
0
0
0
0
0
0
0
0
0
0
0
1.473795e-01
0
5.348436e-01
0
1.081670e-01
1.022803e-01
3.328200e-01
7.090985e-02
2.595817e-01
0
0
0
0
0
0
0
0
0
0
0
0
0
1.133239e-01
0
0
2.716785e-01
4.557583e-01
0
0
9.943450e-02
2.458931e-02
0
0
2.959484e-01
1.611900e-01
0
1.528194e-01
0
3.604597e-02
0
0
0
2.443228e-02
0
0
5.044883e-02
1.489737e-01
0
0
2.788504e-01
1.720627e-01
2.161830e-01
0
0
0
0
1.343668e-01
0
0
6.642644e-01
8.624734e-02
1
5.446717e-01
7.386712e-01
0
7.322314e-01
4.898415e-01
2.906529e-01
0
2.286983e-01
0
5.153410e-01
1.537887e-01
9.763196e-02
1.548851e-01
0
0
4.617115e-01
4.278613e-01
5.655223e-01
5.356439e-01
8.243407e-01
6.946699e-01
8.744428e-01
7.506576e-01
0
0
5.193530e-01
3.606342e-01
0
0
5.447466e-01
3.183509e-01
0
0
0
0
0
0
2.613292e-02
0
0
0
0
9.648886e-02
0
0
0
0
0
5.158932e-02
0
0
0
0
0
0
0
4.996143e-02
0
0
6.373144e-01
3.955529e-01
0
0
0
0
5.599979e-01
1.957358e-01
0
0
0
0
0
0
9.764611e-02
4.281097e-01
0
4.010622e-02
0
0
3.640373e-01
1.597417e-01
0
0
0
7.047332e-02
7.055812e-02
5.478920e-01
4.287872e-01
6.348199e-01
0
0
9.028969e-02
0
0
0
1.232320e-01
6.323534e-01
3.643463e-02
1.978209e-01
0
0
0
0
0
0
0
0
1.177207e-01
0
0
0
0
0
3.380830e-01
2.559353e-01
5.446717e-01
1
2.216711e-01
2.957108e-01
4.868264e-01
8.447494e-01
2.155753e-01
1.110051e-01
2.264474e-01
2.681345e-01
2.787570e-01
3.031756e-01
3.112191e-01
2.353650e-01
6.223136e-02
0
2.496910e-01
3.303796e-01
4.021300e-01
4.573831e-01
6.295474e-01
5.415581e-01
6.479096e-01
6.523421e-01
0
0
9.854262e-02
0
0
0
4.216513e-01
3.039335e-01
0
0
0
0
0
0
0
0
0
0
0
0
0
0
5.206391e-03
6.510125e-02
8.032938e-04
6.526621e-02
0
0
0
0
0
0
0
5.197096e-01
0
0
5.000685e-01
6.994390e-01
0
0
0
4.635397e-02
3.971690e-01
2.560962e-01
0
0
0
0
0
0
2.599953e-01
5.242269e-01
0
3.196055e-01
0
0
3.164074e-01
4.812209e-01
0
0
0
1.333252e-01
1.877323e-01
2.611587e-01
5.123408e-01
4.573380e-01
0
1.022037e-02
0
2.786110e-01
0
0
6.097419e-02
2.799827e-01
0
0
0
0
0
0
0
0
2.166418e-01
0
7.294584e-02
1.364017e-01
2.686779e-02
0
0
4.713450e-02
7.125474e-01
2.353884e-02
7.386712e-01
2.216711e-01
1
0
5.684584e-01
2.455709e-01
4.847273e-01
0
4.048884e-01
0
4.832935e-01
3.177294e-01
0
6.012448e-02
2.280279e-01
1.558774e-01
6.232646e-01
5.645731e-01
6.062176e-01
5.851734e-01
6.893487e-01
3.613240e-01
5.832353e-01
4.088168e-01
0
0
6.242934e-01
4.871158e-01
1.595348e-01
0
4.714379e-01
3.148931e-01
1.222150e-01
0
2.375288e-01
0
3.654079e-01
1.564914e-01
0
0
0
0
0
0
0
0
0
0
0
0
0
0
0
0
0
0
0
0
0
0
6.275987e-01
3.412740e-01
2.136131e-01
0
0
0
5.985604e-01
3.768594e-01
1.620216e-01
0
7.602717e-02
0
1.247413e-01
0
0
2.391318e-01
0
1.246109e-01
0
0
5.018007e-01
2.589908e-01
0
0
0
0
2.817696e-01
6.737200e-01
4.014825e-01
4.873929e-01
0
0
1.642806e-01
0
0
0
1.060258e-01
5.676662e-01
2.055232e-01
3.295607e-01
0
0
0
0
0
0
0
0
3.022490e-02
0
0
0
2.271003e-01
0
0
4.748482e-01
0
2.957108e-01
0
1
0
3.885275e-01
0
7.047037e-01
2.151776e-01
8.061410e-01
0
4.965741e-01
0
0
0
7.693150e-02
0
0
0
0
0
0
0
0
0
4.136449e-02
0
0
0
6.589321e-02
0
0
0
0
0
0
0
0
1.108862e-01
6.147599e-02
0
1.368488e-01
3.793866e-02
4.548122e-03
5.350712e-02
5.275003e-02
0
0
0
0
1.636757e-02
9.695331e-02
4.612836e-02
0
0
2.343817e-01
1.285625e-01
6.207185e-01
8.038429e-02
3.261142e-01
0
2.154263e-01
0
2.370537e-02
6.381672e-02
5.964543e-02
0
1.580514e-01
0
0
0
0
1.045877e-02
3.078476e-02
0
0
0
8.561308e-02
0
2.853812e-01
0
5.621836e-02
9.827419e-02
2.948398e-01
0
0
1.424651e-02
0
1.400341e-01
0
0
2.538704e-01
0
2.729419e-01
0
0
0
0
0
0
0
0
2.281569e-01
7.723025e-02
5.545233e-01
2.932593e-01
3.348740e-01
0
3.759711e-02
0
1.352881e-01
0
0
0
3.751866e-01
3.822254e-02
7.322314e-01
4.868264e-01
5.684584e-01
0
1.000000e+00
5.497116e-01
2.865735e-01
0
4.308343e-01
5.543291e-02
5.466659e-01
2.546018e-01
8.585661e-03
0
0
0
2.860412e-01
1.560194e-01
2.062243e-01
3.391573e-01
4.981787e-01
6.334823e-01
5.939653e-01
5.469023e-01
0
0
4.281410e-01
4.930994e-01
1.832791e-01
4.301676e-02
5.590788e-01
4.207489e-01
0
0
4.803825e-02
0
0
2.562893e-02
2.335089e-01
9.971648e-02
2.412987e-01
9.100510e-02
1.298348e-01
2.231299e-01
1.636463e-01
3.229898e-02
0
0
0
0
0
0
0
0
0
0
0
2.148583e-01
0
0
3.432487e-01
1.422800e-01
0
0
0
0
2.932812e-01
6.057726e-02
0
0
0
0
0
0
0
3.841713e-01
0
6.832855e-02
5.065505e-02
0
1.020561e-01
7.066805e-02
0
0
0
0
0
3.369352e-01
2.797467e-01
4.725930e-01
1.004245e-01
5.478096e-02
1.871043e-01
0
0
2.559446e-02
0
4.394327e-01
0
2.558008e-01
0
0
0
0
1.930728e-01
0
0
0
6.208259e-02
0
0
0
0
1.425412e-01
2.155707e-01
1.007423e-01
4.898415e-01
8.447494e-01
2.455709e-01
3.885275e-01
5.497116e-01
1
3.262414e-01
3.609661e-01
5.124272e-01
3.720341e-01
3.579784e-01
4.187939e-01
4.076353e-01
3.968875e-01
2.007055e-01
0
1.658796e-01
2.313972e-01
1.840624e-01
1.968465e-01
5.424331e-01
2.741364e-01
5.671412e-01
4.773981e-01
0
0
0
0
0
0
1.915140e-01
6.975239e-02
0
0
0
0
0
0
0
0
0
0
0
0
0
0
5.308875e-02
2.412148e-02
5.378725e-02
5.182731e-02
0
1.368518e-02
8.320414e-02
0
0
0
0
5.154799e-01
0
0
2.532632e-01
6.057083e-01
0
0
0
0
3.809054e-01
2.180414e-01
0
0
0
0
0
0
2.289533e-01
4.761347e-01
1.263572e-01
3.355204e-01
0
1.959976e-02
1.370788e-01
3.366670e-01
0
0
0
1.843796e-01
1.710589e-01
3.666744e-01
2.737678e-01
4.127450e-01
0
0
0
1.279210e-01
0
5.090024e-02
4.870867e-02
1.685410e-01
0
0
0
0
0
0
2.265734e-01
0
1.345535e-01
0
2.633916e-01
1.294164e-01
0
0
1.668523e-01
3.918933e-01
5.198780e-01
0
2.906529e-01
2.155753e-01
4.847273e-01
0
2.865735e-01
3.262414e-01
1.000000e+00
0
6.159187e-01
0
4.740496e-01
2.516404e-01
1.077741e-01
0
2.877804e-01
1.147814e-01
0
1.895506e-01
5.623937e-01
4.078123e-01
5.329343e-01
0
1.669648e-01
0
0
0
4.055426e-01
1.437396e-01
6.724593e-02
0
5.294241e-01
2.504655e-01
4.353078e-02
0
8.199858e-02
0
1.895225e-01
1.053399e-01
0
0
0
0
0
0
0
0
1.228750e-01
2.958868e-01
2.383365e-01
3.360537e-01
0
0
2.035726e-03
0
0
0
0
2.883535e-01
0
0
6.392493e-01
4.243261e-01
0
0
0
0
4.456306e-01
1.289850e-01
2.089526e-01
3.465218e-02
0
9.657396e-03
1.129331e-01
0
0
2.751299e-01
0
2.526722e-01
0
0
5.732487e-01
3.172198e-01
0
0
1.021475e-01
8.317748e-02
2.166701e-01
3.403724e-01
0
4.487059e-01
0
0
0
0
0
1.072896e-01
1.421167e-01
1.874206e-01
2.786194e-01
0
0
0
0
0
0
0
0
1.333630e-01
5.193584e-01
0
0
0
4.571150e-01
2.812886e-01
0
1.649944e-01
0
1.110051e-01
0
7.047037e-01
0
3.609661e-01
0
1
8.782971e-02
6.743822e-01
0
3.189786e-01
7.240470e-02
1.887223e-01
2.673624e-01
0
0
0
0
0
0
0
0
0
7.921174e-02
3.259354e-01
0
0
0
0
0
0
0
0
0
0
0
0
0
0
0
0
0
0
0
0
2.287414e-01
5.397895e-02
2.889749e-01
0
2.432475e-01
2.648535e-01
2.842941e-01
4.544372e-01
4.155028e-01
5.717949e-01
4.670440e-01
3.700281e-01
3.666513e-01
3.340988e-01
0
8.679325e-02
0
0
1.293191e-01
0
0
0
0
0
0
0
0
1.391184e-01
0
0
2.388707e-01
1.241397e-01
0
3.099103e-01
0
1.037296e-01
2.161945e-01
3.510187e-01
2.389810e-01
3.348297e-01
5.425333e-03
0
0
0
0
2.752993e-01
0
2.878560e-01
1.440084e-01
0
6.098381e-02
0
0
0
1.216187e-01
0
2.507324e-01
0
5.966063e-01
1.886334e-01
2.968593e-01
0
8.744993e-02
2.827509e-01
2.419310e-01
2.100504e-01
3.045463e-01
5.296120e-01
2.518287e-01
7.718883e-03
2.286983e-01
2.264474e-01
4.048884e-01
2.151776e-01
4.308343e-01
5.124272e-01
6.159187e-01
8.782971e-02
1
2.122376e-01
7.069618e-01
5.163060e-01
7.167698e-02
1.429287e-01
3.631730e-01
1.382733e-01
0
1.974863e-01
6.844020e-02
4.818462e-02
1.702012e-01
0
7.411009e-02
3.532241e-02
3.060089e-01
1.518185e-01
9.575803e-02
2.024243e-01
2.406565e-01
1.351397e-01
1.669923e-01
9.087494e-02
0
0
2.172186e-01
0
4.412098e-02
2.211263e-01
0
0
0
0
0
0
0
0
0
0
0
0
0
0
0
0
0
0
1.605139e-02
3.874056e-01
0
0
2.183492e-01
3.567174e-01
0
0
0
0
2.238495e-01
4.043115e-01
0
0
0
0
2.660012e-01
0
4.120234e-03
2.109401e-01
4.152611e-02
1.853043e-01
2.223828e-01
3.412105e-01
1.773074e-01
7.920790e-02
0
0
0
0
7.678028e-02
3.492466e-01
4.288845e-02
3.723651e-01
0
0
0
0
0
2.623793e-01
2.356761e-02
3.232574e-01
1.292353e-01
0
0
0
0
0
2.455036e-02
0
0
2.420788e-01
2.568519e-01
0
0
0
3.058444e-01
0
0
3.888855e-01
0
2.681345e-01
0
8.061410e-01
5.543291e-02
3.720341e-01
0
6.743822e-01
2.122376e-01
1
1.861378e-02
7.121518e-01
0
0
1.705222e-02
1.062456e-01
0
0
0
1.150417e-01
0
0
0
0
0
0
0
0
0
0
0
0
0
0
0
8.125584e-02
0
0
0
0
0
0
0
0
0
0
7.097699e-02
0
0
0
1.101874e-01
7.990570e-02
4.361473e-02
0
4.181372e-02
1.647356e-01
0
5.433249e-01
5.862518e-02
1.635024e-01
0
2.914349e-01
0
4.358136e-02
9.828398e-02
1.190889e-01
0
2.224408e-01
0
0
0
6.998751e-02
1.609073e-01
0
0
0
0
2.545192e-01
0
2.974124e-01
0
2.654688e-01
0
3.531526e-01
9.576554e-02
3.290734e-02
2.071328e-01
0
3.146239e-01
0
0
1.495131e-01
0
1.675164e-01
0
0
1.045357e-01
0
0
0
0
0
2.397003e-01
6.229596e-02
6.077167e-01
2.324771e-01
2.464569e-01
0
2.007357e-01
0
1.517893e-01
0
1.816834e-01
4.302073e-01
6.290281e-01
1.963190e-01
5.153410e-01
2.787570e-01
4.832935e-01
0
5.466659e-01
3.579784e-01
4.740496e-01
0
7.069618e-01
1.861378e-02
1.000000e+00
4.764316e-01
2.162311e-02
1.500464e-01
3.506777e-01
1.488186e-01
6.220722e-02
3.110442e-01
3.779457e-01
2.793938e-01
3.405356e-01
1.799640e-01
3.272903e-01
3.911709e-01
1.484234e-01
1.415933e-01
4.387102e-01
3.854746e-01
0
0
3.373471e-01
1.263119e-01
0
0
1.162977e-01
0
8.677571e-02
3.009909e-01
0
0
0
0
0
0
0
0
0
0
0
0
0
0
0
0
0
0
0
1.900200e-01
0
0
4.114199e-01
3.535407e-01
0
0
0
0
2.466786e-01
3.611957e-01
0
0
0
0
1.231938e-02
0
1.453250e-01
4.017466e-01
0
1.988417e-01
3.433600e-01
1.973616e-01
4.475824e-01
1.371895e-01
0
0
2.045977e-03
1.229558e-02
0
2.342118e-01
2.790596e-01
5.091625e-01
0
0
0
0
0
0
2.431230e-01
5.463791e-01
1.054145e-01
2.540401e-02
0
1.304703e-02
0
0
0
5.668697e-02
4.433508e-02
1.773138e-02
1.531644e-01
0
0
0
2.310811e-01
1.574123e-01
1.750154e-01
4.663894e-01
1.537887e-01
3.031756e-01
3.177294e-01
4.965741e-01
2.546018e-01
4.187939e-01
2.516404e-01
3.189786e-01
5.163060e-01
7.121518e-01
4.764316e-01
1
0
0
3.333679e-01
3.207345e-01
2.874413e-01
1.621294e-01
2.454412e-01
4.312077e-01
1.457806e-01
0
1.911722e-01
6.230040e-02
0
0
3.253073e-02
2.419193e-01
0
0
0
5.252384e-02
0
0
0
1.080528e-01
0
0
0
0
0
0
0
0
0
0
0
0
0
0
0
0
0
0
0
0
0
3.324357e-01
0
0
1.614661e-01
4.826407e-01
0
0
0
0
2.678294e-01
5.381088e-01
0
0
0
0
2.482841e-01
0
0
0
0
3.470707e-01
3.516817e-02
2.717808e-01
2.839455e-01
3.936015e-01
0
1.778759e-01
0
7.625805e-03
4.031987e-01
1.729478e-01
5.418534e-01
2.402866e-01
0
0
0
0
0
0
3.221741e-01
1.269799e-01
1.787701e-01
5.230030e-02
0
0
0
0
3.144492e-01
0
0
0
1.356704e-01
0
0
0
1.368632e-01
1.772074e-01
2.646363e-02
0
9.763196e-02
3.112191e-01
0
0
8.585661e-03
4.076353e-01
1.077741e-01
7.240470e-02
7.167698e-02
0
2.162311e-02
0
1.000000e+00
6.612193e-01
1.547494e-01
1.444614e-01
0
4.979174e-02
5.269960e-02
0
2.849851e-01
0
2.070646e-01
1.561143e-01
3.938906e-01
3.021998e-01
0
0
0
0
0
0
1.801162e-01
0
9.459520e-02
0
1.330474e-01
7.411957e-02
0
0
0
0
0
0
0
0
0
6.221704e-03
1.430980e-01
3.024095e-01
0
8.933251e-02
7.049361e-01
4.107270e-01
6.278401e-02
0
7.037388e-02
0
0
0
0
3.330038e-02
0
0
3.558097e-01
3.530939e-01
2.992592e-01
0
6.120203e-02
0
4.391369e-02
0
0
0
6.963684e-01
5.840092e-01
7.832466e-01
6.638855e-02
1.237911e-01
7.390693e-03
0
0
2.943444e-02
0
7.178902e-02
1.767376e-01
1.641738e-01
3.655590e-01
0
3.179979e-01
4.266801e-03
1.189547e-01
0
1.761394e-01
6.116988e-02
3.776416e-01
2.690206e-01
1.449192e-01
0
0
0
3.835898e-02
2.305150e-01
0
0
2.069507e-02
4.625618e-01
6.056569e-01
2.832428e-01
1.564466e-01
2.037951e-01
0
1.497830e-01
5.207813e-01
2.021085e-01
0
1.548851e-01
2.353650e-01
6.012448e-02
0
0
3.968875e-01
0
1.887223e-01
1.429287e-01
0
1.500464e-01
0
6.612193e-01
1
5.833586e-01
1.088346e-01
1.787114e-01
4.659420e-01
3.189203e-02
0
2.434456e-01
0
2.919576e-01
2.470018e-01
4.061946e-01
4.168560e-01
0
0
0
0
0
0
0
0
0
0
1.140650e-01
2.508075e-01
0
0
0
0
0
0
0
0
2.011164e-02
7.531333e-02
2.047466e-01
2.541381e-01
0
0
5.039493e-01
6.087193e-01
2.781041e-02
0
2.201099e-02
0
0
0
0
2.036210e-01
0
0
1.263269e-01
2.389358e-01
3.620839e-01
3.574931e-01
1.481720e-01
1.698167e-01
2.251769e-01
0
0
8.522941e-02
7.708852e-01
5.625825e-01
5.247224e-01
2.516696e-01
0
0
0
0
0
0
0
3.813651e-01
3.316893e-01
3.519805e-01
3.240948e-02
1.107925e-01
0
0
0
2.306809e-01
9.840417e-02
2.740231e-01
4.120146e-01
2.058842e-01
1.003700e-01
0
2.155900e-01
0
0
0
0
0
9.293544e-02
4.085452e-01
1.512581e-01
6.765798e-01
2.876436e-01
0
3.901505e-01
7.366223e-01
4.437730e-01
0
0
6.223136e-02
2.280279e-01
0
0
2.007055e-01
2.877804e-01
2.673624e-01
3.631730e-01
1.705222e-02
3.506777e-01
3.333679e-01
1.547494e-01
5.833586e-01
1
5.548030e-01
2.721743e-01
4.299983e-01
3.269933e-01
1.517305e-01
1.691715e-01
0
8.606021e-02
7.750604e-02
2.727729e-01
2.713410e-01
9.161647e-02
0
0
0
0
0
0
0
0
0
1.637614e-01
1.158973e-01
0
0
0
0
0
0
0
0
0
0
1.740452e-01
2.885067e-02
0
0
2.523575e-01
4.335284e-01
0
0
1.544381e-02
0
0
0
8.184200e-02
2.587209e-01
0
0
1.540139e-01
1.847643e-01
3.333437e-01
5.087612e-01
3.641593e-01
2.921760e-01
2.284367e-01
2.405253e-01
0
1.819307e-01
4.285669e-01
3.483722e-01
1.424750e-01
1.333847e-01
4.156972e-02
0
2.419029e-01
8.093245e-02
0
0
0
3.063750e-01
4.496810e-01
1.131941e-01
1.090779e-01
0
0
0
0
2.166461e-02
2.876465e-02
0
6.659052e-01
8.654745e-02
4.886301e-01
0
1.376906e-01
0
0
0
0
0
0
6.382440e-02
1.138628e-01
5.882919e-01
2.445634e-01
1.489761e-01
3.878927e-01
2.039379e-01
1.800120e-01
0
0
0
1.558774e-01
7.693150e-02
0
0
1.147814e-01
0
1.382733e-01
1.062456e-01
1.488186e-01
3.207345e-01
1.444614e-01
1.088346e-01
5.548030e-01
1
7.349294e-02
0
3.340163e-01
3.603878e-01
3.955561e-02
0
7.342421e-02
0
1.674190e-01
1.971772e-02
2.673528e-01
9.268967e-02
0
0
0
0
3.482896e-01
1.634090e-01
1.720990e-01
0
3.697228e-01
9.452442e-02
0
0
0
0
0
0
0
0
0
0
0
0
0
0
3.224315e-01
1.166978e-01
0
0
0
0
6.431860e-03
0
3.473592e-02
2.386871e-02
8.932836e-03
0
5.809568e-01
5.507820e-01
2.769561e-01
3.953159e-01
5.624251e-01
4.318309e-01
3.732589e-01
3.606152e-01
3.679407e-01
3.725312e-01
3.725709e-01
1.803809e-01
2.760068e-02
0
2.511960e-01
0
1.602886e-01
0
8.473241e-02
0
0
0
5.029866e-01
1.742935e-01
2.343895e-01
2.978119e-02
2.416382e-01
0
0
0
4.389661e-02
0
6.588829e-01
2.183150e-01
6.258573e-01
2.535050e-01
0
1.292076e-01
2.509819e-01
0
0
0
0
2.876255e-02
3.303119e-02
7.951486e-02
3.199705e-01
1.525098e-01
0
0
3.360542e-01
0
4.617115e-01
2.496910e-01
6.232646e-01
0
2.860412e-01
1.658796e-01
0
0
0
0
6.220722e-02
2.874413e-01
0
1.787114e-01
2.721743e-01
7.349294e-02
1
7.178624e-01
3.414393e-01
3.761608e-01
3.963932e-01
2.747189e-01
5.973686e-01
4.536085e-01
0
0
1.248370e-01
1.764904e-01
0
0
1.858537e-01
1.730528e-01
0
0
0
0
1.574019e-01
0
1.166430e-02
0
3.325363e-02
0
1.860539e-02
9.254289e-02
0
4.683832e-02
0
0
0
0
0
0
0
0
0
0
0
0
0
0
2.663304e-01
1.455171e-01
1.845224e-01
0
0
0
5.969460e-01
5.080655e-01
1.452076e-01
0
2.635499e-01
4.251420e-02
3.993076e-02
0
0
0
0
5.595572e-02
0
0
1.394154e-01
2.284825e-01
0
0
0
2.210724e-02
4.744662e-01
3.952742e-01
4.898600e-01
4.374044e-02
7.080335e-02
0
0
0
0
0
1.825996e-01
1.744442e-01
1.461895e-01
1.471630e-01
9.268276e-02
0
0
0
0
0
0
0
0
3.374785e-01
0
0
0
2.448120e-01
5.266800e-01
0
4.278613e-01
3.303796e-01
5.645731e-01
0
1.560194e-01
2.313972e-01
1.895506e-01
0
1.974863e-01
0
3.110442e-01
1.621294e-01
4.979174e-02
4.659420e-01
4.299983e-01
0
7.178624e-01
1
4.932892e-01
3.245291e-01
5.147203e-01
1.872225e-01
4.578041e-01
4.475400e-01
0
5.212756e-02
1.496252e-01
2.200302e-02
0
0
3.113896e-01
1.801068e-01
0
0
0
0
1.982850e-01
1.142899e-01
0
0
0
0
0
0
0
0
0
0
0
1.404518e-01
0
0
0
0
0
0
0
0
0
0
4.842122e-01
3.499849e-01
7.658260e-02
0
0
0
5.974956e-01
6.555633e-01
9.816307e-02
5.203207e-02
1.720211e-01
0
0
0
2.384795e-01
2.020752e-01
0
2.202491e-01
0
0
3.464773e-01
2.475241e-01
0
0
0
6.303934e-02
5.220607e-01
5.434636e-01
5.261034e-01
3.149540e-01
0
0
0
0
0
0
2.750415e-01
4.043782e-01
4.762317e-02
0
0
0
0
0
0
0
0
9.522330e-02
0
3.961747e-01
0
0
0
6.603034e-02
8.233865e-01
1.045164e-01
5.655223e-01
4.021300e-01
6.062176e-01
0
2.062243e-01
1.840624e-01
5.623937e-01
0
6.844020e-02
0
3.779457e-01
2.454412e-01
5.269960e-02
3.189203e-02
3.269933e-01
3.340163e-01
3.414393e-01
4.932892e-01
1
8.741936e-01
8.263179e-01
3.569302e-01
5.629131e-01
4.080121e-01
0
0
6.750877e-01
2.847820e-01
0
0
5.093635e-01
2.131887e-01
1.602621e-01
0
0
0
1.765117e-01
0
0
0
0
0
0
0
0
0
0
1.598792e-01
1.501376e-01
2.689605e-01
0
0
0
0
0
0
0
0
0
0
8.663130e-01
5.281065e-01
8.259564e-02
0
0
1.898547e-01
5.926182e-01
3.111744e-01
2.720593e-01
1.679999e-02
2.351095e-02
1.089983e-01
0
0
1.746991e-01
3.718187e-01
0
1.203524e-01
0
0
7.919841e-01
3.870513e-01
0
0
0
2.656973e-01
4.800420e-01
4.419746e-01
5.548801e-01
5.359990e-01
1.114528e-01
0
0
0
0
0
5.138699e-01
4.575978e-01
3.049544e-01
0
0
1.150712e-01
0
0
0
0
0
0
1.775280e-01
1.796713e-02
0
0
0
0
6.332308e-01
2.845992e-01
5.356439e-01
4.573831e-01
5.851734e-01
0
3.391573e-01
1.968465e-01
4.078123e-01
0
4.818462e-02
1.150417e-01
2.793938e-01
4.312077e-01
0
0
1.517305e-01
3.603878e-01
3.761608e-01
3.245291e-01
8.741936e-01
1
7.150323e-01
4.663332e-01
5.529514e-01
3.905575e-01
0
0
6.030236e-01
4.340229e-01
0
0
4.952067e-01
3.090645e-01
1.024301e-01
0
0
0
4.376656e-03
0
0
0
0
0
0
0
0
0
0
1.559806e-02
0
0
0
0
0
0
0
0
0
1.534419e-01
0
0
7.948437e-01
5.602022e-01
2.950008e-01
3.104166e-02
0
2.432871e-01
4.943918e-01
3.466761e-01
1.483903e-01
0
0
1.523257e-01
0
0
3.047530e-02
2.748737e-01
0
1.433829e-01
0
0
6.423360e-01
4.612779e-01
0
0
0
5.525627e-02
4.413569e-01
3.400073e-01
7.347252e-01
4.750982e-01
1.706839e-01
0
0
0
0
0
3.965470e-01
4.557189e-01
2.631465e-01
1.121511e-01
0
0
0
0
0
0
0
0
9.097974e-02
0
0
0
0
0
7.346429e-01
0
8.243407e-01
6.295474e-01
6.893487e-01
0
4.981787e-01
5.424331e-01
5.329343e-01
0
1.702012e-01
0
3.405356e-01
1.457806e-01
2.849851e-01
2.434456e-01
1.691715e-01
3.955561e-02
3.963932e-01
5.147203e-01
8.263179e-01
7.150323e-01
1
5.206546e-01
7.895695e-01
5.959106e-01
0
0
5.609359e-01
1.503213e-01
0
0
5.634283e-01
2.537645e-01
6.357259e-02
0
0
0
6.180051e-02
0
0
0
0
0
0
0
0
0
6.374245e-02
1.823279e-01
8.624343e-02
2.970101e-01
0
0
0
0
0
0
0
5.342034e-02
0
0
8.026445e-01
5.777462e-01
0
0
0
7.253251e-02
6.729035e-01
2.139621e-01
4.991273e-02
0
0
0
0
0
2.259488e-01
5.348626e-01
0
1.966076e-01
0
0
5.919851e-01
3.475508e-01
0
0
0
2.404691e-01
3.735604e-01
6.583532e-01
4.907606e-01
6.821997e-01
0
0
0
0
0
0
3.107837e-01
5.258946e-01
1.213048e-01
0
0
0
0
0
0
0
0
0
2.760135e-01
5.375024e-02
0
0
0
0
3.860734e-01
2.343873e-01
6.946699e-01
5.415581e-01
3.613240e-01
0
6.334823e-01
2.741364e-01
0
0
0
0
1.799640e-01
0
0
0
0
0
2.747189e-01
1.872225e-01
3.569302e-01
4.663332e-01
5.206546e-01
1
5.998695e-01
7.316825e-01
0
0
5.052350e-01
5.810473e-01
0
0
5.090998e-01
5.131943e-01
9.530895e-03
1.585528e-02
0
0
0
0
3.703327e-01
3.006157e-01
4.401531e-01
2.876774e-01
2.479189e-01
3.742450e-01
1.658065e-01
1.630365e-01
0
0
0
0
0
1.681661e-02
0
0
0
0
0
1.519217e-01
0
0
4.373494e-01
1.206889e-01
1.318031e-01
0
0
0
1.238912e-01
0
0
0
0
0
0
0
0
1.990929e-01
0
0
0
0
2.500639e-01
1.033362e-01
0
0
0
0
0
2.175508e-01
3.873543e-01
3.610667e-01
1.462586e-01
7.678173e-02
1.867847e-01
0
0
0
0
3.926822e-01
0
2.345928e-01
0
7.681831e-02
0
0
0
0
0
0
0
0
0
0
0
0
4.994856e-01
0
8.744428e-01
6.479096e-01
5.832353e-01
0
5.939653e-01
5.671412e-01
1.669648e-01
0
7.411009e-02
0
3.272903e-01
1.911722e-01
2.070646e-01
2.919576e-01
8.606021e-02
7.342421e-02
5.973686e-01
4.578041e-01
5.629131e-01
5.529514e-01
7.895695e-01
5.998695e-01
1.000000e+00
7.649281e-01
0
0
2.911396e-01
1.010038e-01
0
0
3.877332e-01
1.195088e-01
0
0
0
0
0
0
0
0
0
0
0
0
0
0
0
0
0
1.014132e-01
0
0
0
0
0
0
0
4.198579e-02
0
0
5.361572e-01
4.178551e-01
0
0
0
0
7.039780e-01
3.178969e-01
0
0
0
0
0
0
2.787255e-01
4.007070e-01
0
1.814217e-02
0
0
2.409711e-01
1.533348e-01
0
0
0
2.497850e-01
3.537179e-01
5.229264e-01
5.273911e-01
4.491610e-01
9.605702e-02
0
0
0
0
0
3.062686e-01
4.689778e-01
1.057556e-01
7.471907e-02
0
0
0
0
0
0
0
0
1.948993e-01
1.584083e-01
2.296825e-02
0
0
0
4.742317e-01
2.354035e-01
7.506576e-01
6.523421e-01
4.088168e-01
0
5.469023e-01
4.773981e-01
0
0
3.532241e-02
0
3.911709e-01
6.230040e-02
1.561143e-01
2.470018e-01
7.750604e-02
0
4.536085e-01
4.475400e-01
4.080121e-01
3.905575e-01
5.959106e-01
7.316825e-01
7.649281e-01
1
0
0
3.147100e-01
2.819217e-01
0
0
2.840871e-01
2.064832e-01
0
0
0
0
0
0
8.770778e-02
0
6.010420e-03
0
7.745852e-02
6.786085e-02
0
0
0
0
0
1.042318e-01
0
0
0
0
0
0
0
1.014973e-01
0
0
3.603914e-01
2.590940e-01
0
0
0
0
2.824440e-01
1.086016e-01
0
0
0
0
0
0
1.368742e-01
3.590518e-01
0
0
0
0
1.653615e-01
7.782649e-02
0
0
0
1.153737e-01
2.226986e-02
2.640945e-01
4.387572e-01
3.839995e-01
1.296026e-01
7.325852e-02
0
0
0
0
1.328305e-01
4.687112e-01
0
0
1.038362e-01
0
0
0
0
0
0
0
0
1.561995e-01
1.010572e-01
0
3.564054e-01
4.638817e-01
0
0
0
0
0
0
0
0
0
7.921174e-02
3.060089e-01
0
1.484234e-01
0
3.938906e-01
4.061946e-01
2.727729e-01
1.674190e-01
0
0
0
0
0
0
0
0
1
7.757755e-01
0
0
4.840988e-01
3.050046e-01
0
0
1.413497e-01
7.002128e-02
5.289683e-01
1.524392e-01
4.370590e-01
4.286312e-01
8.606359e-03
0
0
0
0
0
2.421564e-02
0
0
0
0
0
0
0
3.000964e-01
4.928725e-01
1.263117e-01
5.422144e-02
5.247503e-01
0
3.500518e-01
3.702041e-01
0
0
0
0
4.801640e-01
0
0
1.234760e-02
1.508697e-01
2.796196e-01
2.136393e-01
0
1.418148e-01
3.572919e-01
3.107118e-01
1.111941e-01
6.940604e-01
0
6.040865e-01
4.616501e-01
0
0
3.093400e-01
2.701399e-01
0
0
0
0
0
0
0
2.138497e-01
1.950189e-01
9.440039e-02
4.792410e-01
4.524746e-01
0
0
5.859404e-02
1.141145e-01
0
2.691617e-02
4.164003e-02
2.012246e-01
0
9.766698e-02
1.166488e-01
7.212004e-01
0
6.688626e-02
4.934566e-02
2.229887e-01
3.369740e-01
4.056011e-01
0
0
0
0
0
4.136449e-02
0
0
0
3.259354e-01
1.518185e-01
0
1.415933e-01
0
3.021998e-01
4.168560e-01
2.713410e-01
1.971772e-02
0
5.212756e-02
0
0
0
0
0
0
7.757755e-01
1
0
0
9.985716e-02
1.520286e-01
0
0
0
3.610213e-02
4.765611e-01
1.732722e-01
1.997942e-01
5.369691e-02
4.504234e-02
5.576605e-02
0
0
0
0
6.437251e-03
0
0
0
2.058850e-02
0
1.673962e-01
8.585709e-02
1.045067e-01
6.112561e-01
1.665481e-01
8.374276e-02
4.740445e-01
0
4.542213e-01
3.750704e-01
0
0
0
0
1.367854e-01
0
0
0
0
0
2.093749e-02
0
4.808585e-02
2.853710e-01
1.411838e-01
0
5.969163e-01
0
7.026049e-01
6.152355e-01
0
0
4.363623e-01
4.454579e-01
8.210921e-03
1.283328e-02
0
0
0
0
0
3.685005e-01
1.310911e-01
0
3.416530e-01
2.080814e-02
0
0
0
0
0
1.861199e-01
0
0
6.938282e-02
2.091614e-01
2.296406e-01
4.079225e-01
0
1.023102e-01
1.713790e-01
3.342814e-01
0
0
7.884575e-01
1.144700e-01
5.193530e-01
9.854262e-02
6.242934e-01
0
4.281410e-01
0
4.055426e-01
0
9.575803e-02
0
4.387102e-01
3.253073e-02
0
0
9.161647e-02
2.673528e-01
1.248370e-01
1.496252e-01
6.750877e-01
6.030236e-01
5.609359e-01
5.052350e-01
2.911396e-01
3.147100e-01
0
0
1.000000e+00
6.948223e-01
1.246190e-01
0
4.267981e-01
2.354419e-01
4.280868e-01
5.697603e-02
3.849115e-01
1.928703e-01
3.556330e-01
6.216208e-02
0
0
3.899341e-02
0
0
0
0
0
0
0
0
0
0
0
0
0
0
0
0
0
0
0
5.685891e-01
9.237478e-02
1.458077e-01
0
0
0
2.011261e-01
0
1.154913e-01
0
0
0
0
0
2.752562e-03
3.894268e-01
0
0
2.334541e-01
0
7.196960e-01
1.376913e-01
0
0
0
0
0
3.085898e-01
1.793179e-01
4.067522e-01
2.346444e-01
0
1.995955e-01
0
0
0
9.587548e-02
4.236486e-01
4.483379e-02
2.815675e-01
0
1.216227e-01
0
0
0
0
0
0
0
0
0
0
0
0
4.340373e-01
3.510204e-01
3.606342e-01
0
4.871158e-01
0
4.930994e-01
0
1.437396e-01
0
2.024243e-01
0
3.854746e-01
2.419193e-01
0
0
0
9.268967e-02
1.764904e-01
2.200302e-02
2.847820e-01
4.340229e-01
1.503213e-01
5.810473e-01
1.010038e-01
2.819217e-01
0
0
6.948223e-01
1.000000e+00
2.139428e-01
1.952308e-01
3.237831e-01
4.398297e-01
8.580834e-02
6.871200e-02
3.530251e-01
3.089001e-01
3.283609e-02
0
2.409468e-01
2.662473e-01
5.230487e-01
3.409999e-01
0
1.803330e-01
1.259214e-01
7.359266e-03
0
0
0
0
0
0
0
0
0
0
0
1.159264e-01
0
1.329067e-02
2.981721e-01
0
3.551340e-01
2.516663e-01
0
0
0
0
0
0
0
0
2.516425e-01
0
0
0
0
0
3.569082e-01
2.990662e-02
3.658859e-01
3.852977e-02
1.885741e-02
0
0
0
0
6.585390e-04
1.289199e-01
1.174887e-01
9.475944e-02
0
3.040127e-01
0
0
0
0
2.310323e-01
0
3.871391e-01
0
8.287794e-02
0
0
0
0
0
0
0
0
0
8.608325e-02
0
0
0
0
0
0
1.595348e-01
0
1.832791e-01
0
6.724593e-02
0
2.406565e-01
0
0
0
0
0
0
0
0
0
0
0
0
0
0
0
4.840988e-01
9.985716e-02
1.246190e-01
2.139428e-01
1
8.057529e-01
1.397521e-01
2.640131e-01
2.505578e-01
8.964593e-02
3.729227e-01
1.623807e-01
3.090907e-01
4.900246e-01
4.932981e-01
4.142187e-01
5.573989e-01
5.355857e-01
4.248274e-01
4.400420e-01
5.660087e-01
5.186458e-01
0
0
0
0
0
0
0
0
0
0
2.539619e-01
0
0
2.337931e-01
0
0
3.457151e-01
3.578247e-01
1.555746e-01
0
0
0
9.976296e-02
6.556849e-02
9.430280e-02
0
2.191255e-02
4.950825e-02
0
1.531836e-02
1.257824e-01
0
8.233095e-02
0
0
0
0
0
0
0
0
1.176611e-01
0
9.601406e-02
0
0
3.328508e-01
0
2.675169e-01
6.525973e-01
0
2.228759e-01
9.804497e-02
3.451546e-01
0
0
0
2.586027e-01
0
0
0
3.472374e-01
0
0
0
5.528315e-03
0
0
0
1.216891e-01
0
0
0
6.589321e-02
4.301676e-02
0
0
0
1.351397e-01
0
0
0
0
0
0
0
0
0
0
0
0
0
0
0
3.050046e-01
1.520286e-01
0
1.952308e-01
8.057529e-01
1
0
2.990410e-01
5.506737e-02
1.148479e-01
1.043491e-01
2.061556e-01
0
4.591823e-01
4.781694e-01
3.636585e-01
5.414706e-01
5.723742e-01
3.722572e-01
3.563412e-01
5.182725e-01
5.462226e-01
0
0
0
0
0
0
0
0
0
9.447416e-02
2.376008e-01
0
1.583050e-02
2.615142e-01
0
0
1.919262e-01
4.170951e-01
1.917850e-02
0
0
0
0
3.136446e-02
0
0
0
1.982735e-02
0
0
0
0
0
0
0
0
0
0
0
0
0
0
0
0
0
2.565096e-01
3.002933e-02
1.904395e-01
7.814768e-02
3.856494e-01
0
6.604282e-02
0
5.482504e-02
9.914765e-02
0
0
2.970338e-01
7.325844e-03
0
0
4.720306e-02
0
0
0
2.277067e-01
0
0
4.647410e-01
2.232893e-02
5.447466e-01
4.216513e-01
4.714379e-01
0
5.590788e-01
1.915140e-01
5.294241e-01
0
1.669923e-01
0
3.373471e-01
0
0
0
0
0
1.858537e-01
3.113896e-01
5.093635e-01
4.952067e-01
5.634283e-01
5.090998e-01
3.877332e-01
2.840871e-01
0
0
4.267981e-01
3.237831e-01
1.397521e-01
0
1
8.279360e-01
1.301308e-01
0
0
0
5.705798e-03
2.614579e-01
7.770734e-02
0
2.128967e-01
5.901243e-02
0
1.718728e-01
0
0
0
1.178726e-01
0
1.675143e-01
0
0
0
0
0
0
0
1.160336e-01
0
0
7.827966e-01
3.096473e-01
3.075157e-01
1.064384e-01
0
0
3.871464e-01
1.174116e-01
0
0
0
0
0
0
0
2.425138e-01
0
2.558515e-01
0
0
4.403285e-01
3.335230e-01
0
0
0
0
8.925275e-03
2.953466e-01
3.308956e-01
5.877894e-01
5.107998e-02
0
1.636781e-01
7.560088e-03
0
0
0
4.526909e-01
0
2.240957e-02
0
0
0
3.463622e-01
0
0
0
0
1.726236e-01
0
0
0
0
0
1.681113e-01
3.261557e-01
3.183509e-01
3.039335e-01
3.148931e-01
0
4.207489e-01
6.975239e-02
2.504655e-01
0
9.087494e-02
0
1.263119e-01
5.252384e-02
0
0
0
0
1.730528e-01
1.801068e-01
2.131887e-01
3.090645e-01
2.537645e-01
5.131943e-01
1.195088e-01
2.064832e-01
0
0
2.354419e-01
4.398297e-01
2.640131e-01
2.990410e-01
8.279360e-01
1
7.953457e-02
2.261554e-02
0
1.129680e-01
0
2.211434e-01
3.515749e-01
2.537277e-01
5.173052e-01
4.071140e-01
1.713361e-01
3.941904e-01
2.171100e-01
2.283263e-01
0
0
0
0
0
0
0
0
0
0
0
2.218765e-01
0
0
5.112200e-01
1.366526e-01
4.680339e-01
4.389236e-01
0
0
2.821056e-02
0
0
0
0
0
0
0
0
0
0
9.233050e-02
0
0
2.359054e-01
3.011556e-01
0
0
0
0
0
1.487554e-01
2.556080e-01
4.260078e-01
0
7.117809e-02
2.552422e-01
3.167008e-02
0
0
0
2.828183e-01
0
6.514931e-02
0
0
0
4.477154e-01
0
0
0
0
0
0
0
0
0
0
4.915269e-02
0
0
0
1.222150e-01
0
0
0
4.353078e-02
0
0
0
0
0
1.801162e-01
0
0
3.482896e-01
0
0
1.602621e-01
1.024301e-01
6.357259e-02
9.530895e-03
0
0
1.413497e-01
0
4.280868e-01
8.580834e-02
2.505578e-01
5.506737e-02
1.301308e-01
7.953457e-02
1
5.625439e-01
5.180358e-01
4.774077e-01
6.923365e-01
4.019057e-01
0
0
2.157699e-02
3.403615e-02
0
0
0
0
0
0
0
1.398798e-02
0
0
1.452817e-01
0
2.845792e-02
0
0
0
0
1.828466e-02
2.504927e-02
0
2.872625e-01
1.884200e-01
4.186506e-01
4.043076e-01
0
0
4.956828e-01
3.315460e-01
3.880247e-01
1.780265e-01
1.910840e-01
1.046179e-01
8.067459e-02
2.727584e-02
0
0
2.116997e-01
0
1.224850e-01
0
1.290762e-01
0
8.289648e-02
0
6.832357e-02
2.842015e-01
0
1.898566e-01
5.604648e-01
1.025664e-01
4.329460e-01
0
1.256144e-01
7.688632e-02
5.399317e-03
2.216499e-01
1.953141e-01
4.334181e-01
0
2.050599e-01
2.897535e-01
1.729396e-01
0
0
1.017513e-02
1.479466e-01
0
0
3.718156e-02
8.959945e-02
1.871529e-02
0
0
1.804742e-01
0
0
0
0
0
0
0
0
0
0
0
0
0
0
0
1.634090e-01
0
0
0
0
0
1.585528e-02
0
0
7.002128e-02
3.610213e-02
5.697603e-02
6.871200e-02
8.964593e-02
1.148479e-01
0
2.261554e-02
5.625439e-01
1
3.641736e-01
4.773494e-01
4.600725e-01
3.161316e-01
1.049333e-02
5.939392e-02
8.525392e-02
1.725264e-01
0
4.833438e-02
0
3.607949e-02
0
0
0
0
0
3.477420e-02
5.093139e-02
2.185955e-02
4.448624e-02
0
0
0
2.007496e-02
2.623918e-01
0
0
3.588458e-01
3.248809e-01
2.291635e-01
2.340761e-01
0
0
1.733724e-01
4.059515e-01
2.556061e-01
1.471340e-01
1.763458e-01
4.067412e-01
0
0
0
0
3.006233e-01
5.848149e-02
0
0
9.542206e-02
4.767594e-03
6.638948e-02
0
4.933125e-02
1.631137e-01
1.457257e-01
9.082398e-02
3.645559e-01
8.825471e-03
5.305964e-01
0
1.618167e-01
0
0
2.850976e-01
0
4.510844e-01
3.638213e-02
2.478324e-01
0
0
0
2.275423e-01
6.406564e-02
6.950393e-02
0
0
3.991133e-03
0
1.346387e-01
9.608214e-02
1.328727e-02
0
0
0
2.375288e-01
0
4.803825e-02
0
8.199858e-02
0
2.172186e-01
0
1.162977e-01
0
9.459520e-02
0
0
1.720990e-01
0
0
0
0
0
0
0
0
5.289683e-01
4.765611e-01
3.849115e-01
3.530251e-01
3.729227e-01
1.043491e-01
0
0
5.180358e-01
3.641736e-01
1
5.810043e-01
7.133949e-01
1.091139e-01
0
6.412178e-02
1.252246e-01
2.486021e-02
0
0
0
0
0
0
0
0
1.709170e-01
0
0
7.195447e-02
0
0
1.424627e-01
0
1.565562e-01
3.485758e-01
0
0
9.566025e-02
0
2.326183e-01
0
0
0
1.926229e-01
3.329769e-02
2.404664e-01
0
4.762688e-01
2.847313e-01
0
0
2.057866e-01
0
7.694217e-01
4.705427e-01
1.090190e-01
0
2.875352e-01
2.293946e-01
9.627624e-02
0
0
3.269913e-01
0
0
6.187709e-02
0
6.290062e-01
0
2.841542e-01
1.406293e-01
0
0
0
4.787369e-01
0
6.112939e-02
0
0
0
4.510980e-02
0
2.690410e-01
0
0
0
4.840932e-02
1.082434e-02
0
0
2.480490e-01
0
0
0
0
0
0
0
0
0
8.125584e-02
0
1.080528e-01
0
0
0
0
0
0
0
0
0
0
0
0
1.524392e-01
1.732722e-01
1.928703e-01
3.089001e-01
1.623807e-01
2.061556e-01
0
1.129680e-01
4.774077e-01
4.773494e-01
5.810043e-01
1
4.028966e-01
9.243284e-02
0
7.558826e-02
1.375796e-01
1.684699e-01
0
0
1.525049e-03
0
0
0
0
0
2.435023e-01
1.343030e-01
0
0
1.464477e-01
1.995763e-01
2.094611e-02
0
2.734799e-01
4.417656e-01
0
0
1.803797e-01
3.466204e-01
1.364101e-01
0
0
0
0
2.386176e-02
0
0
1.676242e-01
1.065235e-01
0
0
0
1.600866e-02
4.447959e-01
3.476385e-01
4.791573e-02
0
1.186147e-01
2.666576e-01
3.649195e-01
0
0
0
0
0
3.071617e-01
3.418846e-01
4.329653e-01
0
2.510529e-02
0
0
0
0
1.837446e-01
0
1.278848e-01
2.641948e-02
1.121270e-01
2.189869e-01
1.902738e-01
1.425263e-01
0
0
0
0
2.426686e-01
5.264576e-02
1.531813e-01
1.467686e-01
0
0
0
3.654079e-01
0
0
0
1.895225e-01
0
4.412098e-02
0
8.677571e-02
0
1.330474e-01
1.140650e-01
1.637614e-01
3.697228e-01
1.574019e-01
1.982850e-01
1.765117e-01
4.376656e-03
6.180051e-02
0
0
0
4.370590e-01
1.997942e-01
3.556330e-01
3.283609e-02
3.090907e-01
0
5.705798e-03
0
6.923365e-01
4.600725e-01
7.133949e-01
4.028966e-01
1
3.971126e-01
0
0
0
0
0
0
0
0
0
0
0
5.317868e-02
0
0
6.681345e-02
4.424202e-02
5.555342e-02
0
0
0
0
0
0
0
2.456761e-01
3.152272e-02
4.204985e-01
2.312208e-01
1.900681e-01
8.947247e-02
5.976741e-01
4.783874e-01
5.871136e-01
2.555337e-01
3.194212e-01
2.538758e-01
9.524749e-02
0
8.654005e-02
2.703692e-02
3.959505e-01
8.465087e-02
1.647952e-01
0
0
0
0
0
3.485433e-01
5.066361e-01
1.808929e-03
1.638453e-01
3.766510e-01
0
4.660694e-01
0
3.659278e-01
2.303048e-02
1.764451e-01
1.988519e-01
2.871835e-01
3.961531e-01
0
2.895460e-02
0
2.343975e-02
0
0
0
3.908148e-01
9.560604e-02
0
0
0
0
2.118303e-01
1.466552e-01
0
0
0
1.564914e-01
0
2.562893e-02
0
1.053399e-01
0
2.211263e-01
0
3.009909e-01
0
7.411957e-02
2.508075e-01
1.158973e-01
9.452442e-02
0
1.142899e-01
0
0
0
0
0
0
4.286312e-01
5.369691e-02
6.216208e-02
0
4.900246e-01
4.591823e-01
2.614579e-01
2.211434e-01
4.019057e-01
3.161316e-01
1.091139e-01
9.243284e-02
3.971126e-01
1
0
0
0
0
0
0
0
0
0
0
0
0
0
0
2.123054e-03
0
0
0
0
0
0
0
9.873424e-02
5.684884e-02
1.435508e-01
1.465381e-01
1.026744e-01
2.847811e-01
0
2.592729e-01
2.213680e-01
4.197565e-01
1.100453e-01
6.786367e-02
0
1.908238e-03
2.764208e-01
2.861687e-01
0
3.853655e-01
0
0
2.754692e-02
0
0
0
0
0
3.055826e-02
1.659155e-01
4.177095e-02
3.086738e-01
1.025155e-03
1.578325e-02
9.316355e-02
3.092430e-01
7.737148e-03
2.912877e-01
0
4.829756e-01
1.994366e-01
1.449796e-01
6.595217e-02
0
0
5.267046e-01
0
0
0
2.779096e-01
2.417192e-02
5.140942e-02
4.720911e-02
7.944958e-03
0
0
0
0
2.613292e-02
0
0
1.108862e-01
2.335089e-01
0
0
0
0
0
0
0
0
0
0
0
1.166430e-02
0
0
0
0
3.703327e-01
0
8.770778e-02
8.606359e-03
4.504234e-02
0
2.409468e-01
4.932981e-01
4.781694e-01
7.770734e-02
3.515749e-01
0
1.049333e-02
0
0
0
0
1.000000e+00
9.508243e-01
8.920231e-01
8.980817e-01
9.159100e-01
9.542373e-01
8.472790e-01
7.321257e-01
0
0
0
0
2.767920e-01
3.287014e-01
0
0
0
2.594299e-03
2.615480e-01
0
2.530910e-01
3.295669e-01
0
0
3.433800e-01
4.192665e-01
0
0
0
0
0
0
0
0
0
0
0
0
9.006799e-02
0
0
0
0
0
2.684721e-01
1.559861e-01
0
0
0
0
0
0
1.217322e-01
3.107207e-01
3.585573e-01
0
2.058391e-01
2.372305e-01
0
0
0
3.076148e-01
5.988639e-02
0
6.836040e-02
1.686415e-01
8.898075e-02
0
0
6.217124e-02
0
0
0
1.016888e-01
0
0
0
0
0
0
0
6.147599e-02
9.971648e-02
0
0
0
0
0
0
0
0
0
0
0
0
0
0
0
0
3.006157e-01
0
0
0
5.576605e-02
0
2.662473e-01
4.142187e-01
3.636585e-01
0
2.537277e-01
0
5.939392e-02
6.412178e-02
7.558826e-02
0
0
9.508243e-01
1.000000e+00
9.039862e-01
9.084188e-01
8.539906e-01
9.263740e-01
8.045396e-01
7.189459e-01
0
0
0
0
3.911118e-01
3.947794e-01
0
0
0
8.013606e-02
3.146030e-01
0
4.138566e-01
4.953689e-01
0
0
4.349175e-01
5.213492e-01
0
0
0
0
0
0
0
0
1.426825e-01
9.742920e-02
0
0
4.105020e-02
0
9.413425e-02
9.403634e-02
0
0
3.913093e-01
3.319676e-01
0
0
0
0
0
0
1.296743e-01
2.592400e-01
4.558885e-01
0
2.451528e-01
1.708710e-01
0
0
0
3.793393e-01
6.787148e-02
6.508177e-02
1.159339e-01
1.365540e-01
1.061564e-01
4.294175e-02
0
0
0
0
0
1.916157e-01
0
0
0
6.098046e-02
0
0
0
0
2.412987e-01
0
0
0
0
0
0
0
0
0
0
0
3.325363e-02
0
0
0
0
4.401531e-01
0
6.010420e-03
0
0
3.899341e-02
5.230487e-01
5.573989e-01
5.414706e-01
2.128967e-01
5.173052e-01
2.157699e-02
8.525392e-02
1.252246e-01
1.375796e-01
0
0
8.920231e-01
9.039862e-01
1
9.517508e-01
7.105389e-01
8.383855e-01
7.387110e-01
7.034115e-01
0
0
0
0
1.827088e-01
1.155598e-01
0
0
0
0
1.326599e-01
0
2.209317e-01
3.751528e-01
0
0
5.594337e-01
6.267348e-01
0
0
0
0
0
0
0
0
1.374076e-01
0
0
0
0
0
6.658396e-02
3.531053e-02
0
0
2.209643e-01
1.956170e-01
0
0
0
0
0
0
9.513882e-02
2.350007e-01
4.644936e-01
0
3.641039e-02
1.544734e-01
0
0
0
4.271903e-01
0
3.789139e-03
3.873696e-03
2.526446e-01
0
0
0
0
0
0
0
1.371516e-01
0
0
0
5.828421e-02
0
0
0
1.368488e-01
9.100510e-02
0
0
0
0
0
0
0
0
0
0
0
0
0
0
0
0
2.876774e-01
0
0
0
0
0
3.409999e-01
5.355857e-01
5.723742e-01
5.901243e-02
4.071140e-01
3.403615e-02
1.725264e-01
2.486021e-02
1.684699e-01
0
0
8.980817e-01
9.084188e-01
9.517508e-01
1
7.514906e-01
8.437878e-01
7.386950e-01
7.545491e-01
0
0
0
0
1.742154e-01
1.483771e-01
0
0
0
0
1.686871e-01
0
3.058446e-01
4.697826e-01
0
0
5.886793e-01
7.135330e-01
3.311971e-03
0
0
0
0
0
0
0
1.219139e-01
7.675385e-02
0
0
0
0
0
2.358167e-02
0
0
2.270176e-01
2.301801e-01
0
0
0
0
0
0
1.656051e-01
2.929202e-01
3.802883e-01
0
1.243217e-01
1.822874e-01
0
0
0
4.368817e-01
7.037074e-02
0
1.602058e-01
3.466497e-01
4.751742e-02
0
0
0
0
0
0
1.559214e-01
0
0
0
0
0
0
0
3.793866e-02
1.298348e-01
0
0
0
0
0
0
0
0
0
0
0
1.860539e-02
0
0
0
0
2.479189e-01
0
7.745852e-02
0
0
0
0
4.248274e-01
3.722572e-01
0
1.713361e-01
0
0
0
0
0
0
9.159100e-01
8.539906e-01
7.105389e-01
7.514906e-01
1
9.064611e-01
8.751401e-01
8.079156e-01
1.982087e-02
0
0
0
3.938163e-01
4.851395e-01
0
0
6.630589e-02
1.457279e-01
3.043966e-01
0
2.518996e-01
2.287474e-01
0
0
1.991046e-01
2.636837e-01
0
0
0
0
0
0
0
0
0
0
0
0
2.096852e-01
0
0
0
0
0
3.057802e-01
0
0
0
0
0
0
0
1.967231e-01
2.733917e-01
2.873348e-01
0
3.746573e-01
3.370026e-01
0
0
0
1.695941e-01
1.752708e-01
0
1.789110e-01
1.315146e-02
1.191778e-01
0
0
1.862745e-01
0
0
0
0
0
0
0
0
9.648886e-02
0
0
4.548122e-03
2.231299e-01
0
0
0
0
0
0
0
0
0
0
0
9.254289e-02
0
0
0
0
3.742450e-01
0
6.786085e-02
0
0
0
1.803330e-01
4.400420e-01
3.563412e-01
1.718728e-01
3.941904e-01
0
4.833438e-02
0
0
0
0
9.542373e-01
9.263740e-01
8.383855e-01
8.437878e-01
9.064611e-01
1
8.201722e-01
7.130045e-01
0
0
0
0
3.190156e-01
4.201062e-01
0
0
0
2.057420e-02
1.534560e-01
0
1.824509e-01
2.561940e-01
0
0
4.285849e-01
4.642853e-01
0
0
0
0
0
0
0
0
0
0
0
0
3.193778e-02
0
0
0
0
0
1.711617e-01
1.105591e-01
0
0
0
0
0
0
2.296291e-01
2.359546e-01
4.383969e-01
0
2.065137e-01
1.822989e-01
0
0
0
3.535911e-01
1.443546e-01
0
6.350886e-02
1.948127e-01
5.347189e-02
0
0
4.228972e-02
0
0
0
2.260640e-02
0
0
0
0
0
0
0
5.350712e-02
1.636463e-01
0
0
0
0
0
0
0
0
0
0
0
0
0
0
0
0
1.658065e-01
0
0
2.421564e-02
6.437251e-03
0
1.259214e-01
5.660087e-01
5.182725e-01
0
2.171100e-01
0
0
0
1.525049e-03
0
0
8.472790e-01
8.045396e-01
7.387110e-01
7.386950e-01
8.751401e-01
8.201722e-01
1
8.489933e-01
1.556964e-01
0
0
0
5.074051e-01
5.116949e-01
0
0
2.481077e-02
2.190912e-01
3.548124e-01
0
2.079629e-01
3.862400e-01
0
0
2.093242e-01
3.353278e-01
0
0
0
0
0
0
0
0
0
0
0
0
3.703793e-02
0
0
0
0
0
2.511599e-01
0
0
0
0
0
0
0
0
1.618961e-01
3.994952e-01
0
2.983920e-01
4.500259e-01
0
0
0
1.747845e-01
0
0
0
0
2.291041e-01
0
0
7.953511e-02
0
0
0
0
0
0
0
0
0
0
0
5.275003e-02
3.229898e-02
0
0
0
0
0
0
0
0
0
0
0
4.683832e-02
0
0
0
0
1.630365e-01
0
0
0
0
0
7.359266e-03
5.186458e-01
5.462226e-01
0
2.283263e-01
0
3.607949e-02
0
0
0
0
7.321257e-01
7.189459e-01
7.034115e-01
7.545491e-01
8.079156e-01
7.130045e-01
8.489933e-01
1.000000e+00
8.194633e-02
0
0
0
3.406628e-01
3.273189e-01
0
0
0
1.177965e-01
1.625505e-01
0
8.364746e-02
2.600559e-01
0
0
3.589498e-01
4.746834e-01
0
0
0
0
0
0
1.718465e-01
2.963195e-02
0
2.818468e-03
0
0
0
0
0
0
0
0
1.756785e-01
0
0
0
0
0
0
0
0
5.253496e-02
2.428456e-01
6.517995e-02
2.261561e-01
4.596746e-01
0
0
0
2.094799e-01
1.197002e-01
0
7.818376e-02
3.883074e-02
8.372333e-02
0
0
0
0
1.532330e-02
0
0
3.206209e-01
1.977911e-01
0
0
0
5.206391e-03
0
0
0
5.308875e-02
1.228750e-01
2.287414e-01
0
7.097699e-02
0
0
0
2.011164e-02
0
0
0
0
0
0
6.374245e-02
0
0
0
0
0
0
0
0
0
0
0
0
0
0
0
0
0
0
0
0
0
1.982087e-02
0
1.556964e-01
8.194633e-02
1.000000e+00
8.802880e-01
8.410109e-01
7.250224e-01
6.424333e-01
6.621500e-01
2.928809e-01
2.680327e-01
5.992642e-01
4.358521e-01
1.435504e-01
1.385834e-01
9.378539e-02
0
2.117463e-02
2.295790e-01
0
0
0
0
0
0
3.051127e-02
1.791670e-01
1.319576e-01
3.112393e-01
0
0
0
0
0
1.700437e-01
0
0
0
3.189061e-01
6.713632e-03
0
6.209749e-01
6.654437e-01
1.037063e-02
0
0
0
0
0
2.109951e-02
2.209312e-01
1.571232e-01
3.505959e-02
0
0
0
0
8.180961e-02
0
0
0
1.915254e-01
3.120814e-01
1.408550e-01
0
4.422447e-01
2.080352e-01
0
0
1.677598e-01
2.792071e-01
4.450752e-02
0
0
6.510125e-02
0
0
0
2.412148e-02
2.958868e-01
5.397895e-02
0
0
0
0
6.221704e-03
7.531333e-02
0
0
0
0
1.598792e-01
1.559806e-02
1.823279e-01
0
0
0
0
0
0
0
0
0
1.178726e-01
0
0
0
0
0
0
0
0
0
0
0
0
0
0
0
8.802880e-01
1.000000e+00
8.460810e-01
8.399989e-01
3.742704e-01
4.251732e-01
2.830115e-01
2.192230e-01
4.890068e-01
3.878936e-01
1.673615e-02
1.370391e-01
0
0
2.207649e-01
3.524611e-01
0
0
0
6.932207e-02
0
0
2.249950e-01
3.346736e-01
2.178879e-01
3.675648e-01
0
0
4.185309e-03
7.630201e-02
0
3.546839e-01
0
0
2.186563e-01
5.031895e-01
0
0
6.416921e-01
6.910746e-01
4.338776e-02
0
0
0
0
0
0
3.580178e-01
1.376534e-02
3.810405e-02
0
0
0
0
2.025222e-01
0
0
0
0
2.163727e-01
1.304479e-01
0
4.215409e-01
2.796747e-01
0
0
4.516138e-01
4.522311e-01
6.576539e-02
0
0
8.032938e-04
0
0
0
5.378725e-02
2.383365e-01
2.889749e-01
0
0
0
0
1.430980e-01
2.047466e-01
1.740452e-01
0
0
0
1.501376e-01
0
8.624343e-02
0
0
0
0
2.058850e-02
0
0
0
0
0
0
0
0
0
0
0
0
0
0
0
0
0
0
0
0
8.410109e-01
8.460810e-01
1
8.409917e-01
4.092970e-01
4.238435e-01
4.099527e-01
4.869350e-01
6.668017e-01
4.587550e-01
2.013941e-01
6.004381e-02
1.948475e-01
0
3.660584e-02
2.137586e-01
0
0
0
0
0
0
1.217163e-01
2.285210e-01
1.269041e-01
3.098042e-01
0
0
9.045627e-02
4.525484e-02
1.047933e-01
2.053504e-01
0
0
2.299757e-01
3.428526e-01
2.717550e-02
0
7.250405e-01
8.655582e-01
5.018458e-02
0
0
0
0
0
0
2.547230e-01
7.550789e-02
0
1.893663e-01
0
0
0
2.101394e-01
1.152322e-01
3.690984e-02
0
9.005685e-02
2.927407e-01
2.907896e-01
0
3.812701e-01
3.187337e-01
9.294811e-02
4.018884e-02
1.675292e-01
3.355565e-01
1.549308e-01
0
5.158932e-02
6.526621e-02
0
0
0
5.182731e-02
3.360537e-01
0
0
0
0
0
3.024095e-01
2.541381e-01
2.885067e-02
0
0
1.404518e-01
2.689605e-01
0
2.970101e-01
0
1.014132e-01
1.042318e-01
0
0
0
0
0
0
1.675143e-01
0
1.398798e-02
0
0
0
5.317868e-02
0
0
0
0
0
0
0
0
0
7.250224e-01
8.399989e-01
8.409917e-01
1.000000e+00
2.864128e-01
3.817380e-01
4.248674e-01
3.984565e-01
4.901464e-01
2.878390e-01
7.525662e-02
0
0
0
2.149973e-01
1.366171e-01
0
0
0
0
6.654778e-02
0
1.829028e-01
2.798997e-01
1.844447e-01
1.943045e-01
0
0
9.332227e-02
1.164230e-01
1.271982e-01
1.298819e-01
0
0
2.173015e-01
1.983241e-01
0
0
5.131281e-01
6.831677e-01
8.799990e-02
0
0
2.166785e-02
7.058730e-02
1.875965e-02
0
2.890254e-01
1.547707e-01
0
1.016990e-01
0
0
0
1.994814e-01
9.013001e-02
0
0
0
1.159670e-01
2.068551e-01
2.304684e-01
4.998784e-01
2.086492e-01
0
0
1.831507e-01
0
0
0
0
0
0
1.636757e-02
0
0
0
2.432475e-01
0
1.101874e-01
0
0
0
0
0
0
0
0
0
0
0
0
0
0
0
1.673962e-01
0
0
0
0
0
0
0
0
1.709170e-01
2.435023e-01
0
0
2.767920e-01
3.911118e-01
1.827088e-01
1.742154e-01
3.938163e-01
3.190156e-01
5.074051e-01
3.406628e-01
6.424333e-01
3.742704e-01
4.092970e-01
2.864128e-01
1
8.965814e-01
0
1.421692e-01
4.998838e-01
3.271453e-01
3.287623e-01
4.147029e-02
3.694907e-01
3.899589e-01
0
0
0
0
0
0
0
0
0
0
5.348633e-02
4.461647e-03
1.967099e-01
0
0
0
1.397458e-01
0
1.667111e-01
3.781852e-01
0
0
4.699469e-01
3.741214e-01
4.497825e-01
2.106014e-01
0
0
0
0
0
1.737194e-01
5.052254e-01
0
3.812913e-01
4.882964e-02
0
0
0
0
0
0
5.325762e-03
0
3.509698e-01
4.297387e-01
9.152478e-02
1.266577e-01
1.160957e-01
0
0
0
9.008514e-02
0
0
0
0
0
0
9.695331e-02
0
1.368518e-02
0
2.648535e-01
0
7.990570e-02
0
0
8.933251e-02
0
0
0
0
0
0
0
0
1.681661e-02
0
0
0
8.585709e-02
0
0
0
0
0
0
0
3.477420e-02
0
1.343030e-01
0
0
3.287014e-01
3.947794e-01
1.155598e-01
1.483771e-01
4.851395e-01
4.201062e-01
5.116949e-01
3.273189e-01
6.621500e-01
4.251732e-01
4.238435e-01
3.817380e-01
8.965814e-01
1
1.636189e-01
1.965340e-01
5.554290e-01
4.327604e-01
3.016918e-01
5.309607e-02
3.239367e-01
3.081392e-01
0
0
0
0
0
0
0
0
0
0
0
0
0
0
0
0
2.068727e-01
0
5.953431e-03
1.960225e-01
0
0
4.153913e-01
2.369260e-01
4.796969e-01
3.077256e-01
0
0
0
0
9.320025e-02
2.894576e-01
4.049021e-01
3.065018e-02
3.028562e-01
7.226927e-02
0
0
0
0
4.734457e-02
0
1.526551e-01
0
3.967624e-01
4.843530e-01
3.038119e-01
1.169553e-01
2.192253e-01
0
0
0
5.168363e-01
3.323939e-01
0
0
0
0
0
4.612836e-02
0
8.320414e-02
2.035726e-03
2.842941e-01
0
4.361473e-02
0
0
7.049361e-01
5.039493e-01
2.523575e-01
3.224315e-01
0
0
0
0
0
0
0
0
3.000964e-01
1.045067e-01
0
0
0
0
0
0
1.452817e-01
5.093139e-02
0
0
6.681345e-02
2.123054e-03
0
0
0
0
0
0
0
0
2.928809e-01
2.830115e-01
4.099527e-01
4.248674e-01
0
1.636189e-01
1
6.254470e-01
5.208728e-01
3.272915e-01
2.431264e-01
0
2.110302e-01
0
0
0
0
0
6.593513e-01
6.364948e-01
7.766091e-02
0
3.440111e-01
4.294673e-01
3.114329e-01
3.059420e-01
0
2.703261e-01
6.072735e-01
3.250866e-01
6.004126e-01
2.396727e-02
0
0
0
0
1.550280e-01
0
2.722471e-01
3.970122e-01
3.178011e-01
5.928734e-03
0
0
1.768885e-01
1.129995e-01
0
3.878224e-01
3.212940e-01
3.087263e-01
5.060298e-01
0
2.889723e-01
0
2.426879e-01
5.376172e-02
4.902712e-01
0
9.493262e-02
1.319011e-01
3.999335e-01
5.461287e-01
5.513222e-01
3.753189e-01
4.047012e-01
2.037067e-02
5.662216e-01
5.984943e-01
0
0
0
0
0
0
0
0
0
4.544372e-01
0
0
0
0
4.107270e-01
6.087193e-01
4.335284e-01
1.166978e-01
0
0
0
0
0
0
0
0
4.928725e-01
6.112561e-01
0
0
0
0
0
0
0
2.185955e-02
7.195447e-02
0
4.424202e-02
0
0
0
0
0
0
0
0
0
2.680327e-01
2.192230e-01
4.869350e-01
3.984565e-01
1.421692e-01
1.965340e-01
6.254470e-01
1.000000e+00
6.220546e-01
4.960374e-01
5.995160e-01
0
4.853167e-01
2.450958e-01
0
0
0
0
3.319900e-01
4.411008e-02
0
0
2.192872e-01
3.291653e-01
3.283428e-01
1.395216e-01
0
4.744586e-01
3.126574e-01
0
5.519911e-01
0
2.659696e-01
1.098853e-01
0
0
4.186232e-01
8.769441e-02
2.746435e-01
5.249311e-01
0
0
0
0
0
1.587305e-01
0
2.178528e-01
4.866119e-01
1.498731e-01
2.603462e-01
0
7.827852e-02
0
3.241553e-01
1.440301e-01
1.316452e-01
0
9.679346e-02
1.147083e-01
1.809275e-01
3.330141e-01
9.168439e-02
4.235830e-01
3.182994e-01
3.781136e-01
5.004403e-01
1.711831e-01
0
0
0
0
0
0
0
0
0
4.155028e-01
0
4.181372e-02
0
0
6.278401e-02
2.781041e-02
0
0
0
0
0
0
0
0
0
0
1.263117e-01
1.665481e-01
0
0
0
0
0
0
2.845792e-02
4.448624e-02
0
1.464477e-01
5.555342e-02
0
0
0
0
0
6.630589e-02
0
2.481077e-02
0
5.992642e-01
4.890068e-01
6.668017e-01
4.901464e-01
4.998838e-01
5.554290e-01
5.208728e-01
6.220546e-01
1
8.122398e-01
5.625369e-01
0
6.705030e-01
4.474873e-01
0
0
0
0
3.700618e-01
1.191438e-01
0
0
3.177572e-01
3.761406e-01
3.935410e-01
4.603248e-01
1.001575e-03
4.235918e-01
0
0
2.733521e-01
0
2.985998e-02
3.975434e-02
0
0
3.399158e-01
2.187294e-01
5.733979e-01
5.548800e-01
0
0
0
0
1.985442e-01
1.634345e-01
1.360075e-02
1.315982e-01
5.292787e-01
0
1.388737e-01
0
9.472586e-02
0
4.000985e-01
2.797478e-01
3.900694e-01
0
2.217299e-01
3.361030e-01
2.850073e-01
1.334483e-01
2.732995e-01
2.016322e-01
2.584908e-01
3.524352e-01
3.640701e-01
1.599007e-01
0
1.473795e-01
0
0
0
2.343817e-01
0
0
0
5.717949e-01
0
1.647356e-01
0
0
0
0
0
0
0
0
0
0
0
0
0
0
5.422144e-02
8.374276e-02
0
0
0
9.447416e-02
0
0
0
0
0
1.995763e-01
0
0
2.594299e-03
8.013606e-02
0
0
1.457279e-01
2.057420e-02
2.190912e-01
1.177965e-01
4.358521e-01
3.878936e-01
4.587550e-01
2.878390e-01
3.271453e-01
4.327604e-01
3.272915e-01
4.960374e-01
8.122398e-01
1
6.903558e-01
1.131982e-01
6.050606e-01
5.562728e-01
0
0
0
1.558339e-01
2.007461e-01
4.293443e-03
0
0
1.272957e-01
2.080152e-01
9.916163e-02
2.552506e-01
0
2.968974e-01
0
0
9.415940e-02
0
0
0
0
0
2.516860e-01
1.143002e-01
4.700980e-01
3.446619e-01
0
0
0
0
7.680938e-03
3.200818e-01
0
2.482290e-01
3.931464e-01
3.632651e-02
0
0
9.699036e-02
0
3.880007e-01
1.175150e-01
3.830902e-01
0
3.578690e-01
2.082915e-01
2.152966e-01
0
1.710029e-01
3.284285e-02
1.531373e-01
5.224226e-01
4.249479e-01
2.798018e-01
0
0
0
0
0
1.285625e-01
0
0
0
4.670440e-01
1.605139e-02
0
0
0
7.037388e-02
2.201099e-02
1.544381e-02
0
0
0
0
0
0
0
0
0
5.247503e-01
4.740445e-01
0
0
2.539619e-01
2.376008e-01
0
0
0
0
1.424627e-01
2.094611e-02
0
0
2.615480e-01
3.146030e-01
1.326599e-01
1.686871e-01
3.043966e-01
1.534560e-01
3.548124e-01
1.625505e-01
1.435504e-01
1.673615e-02
2.013941e-01
7.525662e-02
3.287623e-01
3.016918e-01
2.431264e-01
5.995160e-01
5.625369e-01
6.903558e-01
1
0
7.253886e-01
6.333831e-01
0
0
0
0
2.755626e-01
0
0
0
0
6.199050e-02
3.657839e-02
0
1.518804e-01
4.453521e-01
0
0
5.056547e-01
0
2.435222e-01
3.079228e-01
0
0
4.628822e-01
3.603197e-01
1.528317e-01
0
0
0
0
0
0
3.039842e-01
0
1.901173e-01
6.051109e-01
3.520337e-01
0
0
3.055134e-02
0
3.377247e-02
1.277468e-01
2.469148e-01
1.986016e-02
8.262782e-02
1.732413e-01
9.270636e-02
3.195715e-01
6.239862e-03
0
0
5.632048e-01
1.293567e-01
1.212698e-02
0
5.348436e-01
4.996143e-02
5.197096e-01
0
6.207185e-01
2.148583e-01
5.154799e-01
2.883535e-01
3.700281e-01
3.874056e-01
5.433249e-01
1.900200e-01
3.324357e-01
0
0
0
0
0
0
0
1.534419e-01
5.342034e-02
1.519217e-01
4.198579e-02
1.014973e-01
0
0
0
1.159264e-01
0
0
1.160336e-01
2.218765e-01
0
0
0
0
0
0
0
0
0
0
0
0
0
0
1.385834e-01
1.370391e-01
6.004381e-02
0
4.147029e-02
5.309607e-02
0
0
0
1.131982e-01
0
1
0
3.215973e-02
1.427320e-01
4.716429e-01
0
0
0
0
0
0
0
0
0
0
0
0
0
3.910725e-02
0
1.049817e-01
0
1.277902e-01
1.644013e-01
3.993607e-01
0
0
2.246895e-01
9.031278e-03
0
0
2.056851e-02
1.219074e-01
0
2.243419e-01
0
2.869252e-01
0
0
0
0
0
0
0
0
8.594260e-02
0
2.624662e-01
3.010801e-01
3.370892e-01
0
8.383798e-02
0
0
0
3.991614e-01
0
0
0
0
0
0
8.038429e-02
0
0
0
3.666513e-01
0
5.862518e-02
0
0
0
0
0
6.431860e-03
0
0
0
0
0
0
0
0
3.500518e-01
4.542213e-01
0
0
0
1.583050e-02
0
0
0
2.007496e-02
1.565562e-01
2.734799e-01
0
0
2.530910e-01
4.138566e-01
2.209317e-01
3.058446e-01
2.518996e-01
1.824509e-01
2.079629e-01
8.364746e-02
9.378539e-02
0
1.948475e-01
0
3.694907e-01
3.239367e-01
2.110302e-01
4.853167e-01
6.705030e-01
6.050606e-01
7.253886e-01
0
1
7.771673e-01
0
0
0
2.049370e-01
3.954615e-01
0
0
0
5.697332e-03
9.260243e-02
1.055513e-01
1.830845e-01
1.915909e-01
5.341101e-01
0
0
4.045054e-01
0
4.238623e-01
3.080567e-01
0
0
5.971594e-01
4.986645e-01
2.172614e-01
4.032472e-02
0
0
0
0
1.741765e-01
4.335018e-01
9.446804e-02
5.955988e-02
4.068078e-01
0
0
0
0
0
2.958965e-01
4.823731e-01
4.584395e-01
1.057348e-02
1.944719e-01
3.761901e-01
2.604180e-01
8.644765e-02
0
0
3.471752e-01
7.032104e-01
3.475314e-01
0
0
1.081670e-01
0
0
0
3.261142e-01
0
0
0
3.340988e-01
0
1.635024e-01
0
0
0
0
0
0
0
0
0
0
0
0
0
0
3.702041e-01
3.750704e-01
0
1.329067e-02
2.337931e-01
2.615142e-01
0
0
1.828466e-02
2.623918e-01
3.485758e-01
4.417656e-01
0
0
3.295669e-01
4.953689e-01
3.751528e-01
4.697826e-01
2.287474e-01
2.561940e-01
3.862400e-01
2.600559e-01
0
0
0
0
3.899589e-01
3.081392e-01
0
2.450958e-01
4.474873e-01
5.562728e-01
6.333831e-01
3.215973e-02
7.771673e-01
1
0
0
1.594644e-01
4.348626e-01
3.101648e-01
0
0
0
0
9.319359e-02
3.953129e-02
7.839206e-02
2.863033e-01
5.589980e-01
0
0
1.233358e-01
0
4.527797e-01
4.454487e-01
0
0
5.264266e-01
5.630581e-01
2.467942e-01
0
0
0
0
0
0
2.752142e-01
3.589760e-01
0
3.507870e-01
1.576955e-01
0
0
0
2.645217e-01
3.823139e-03
2.115016e-01
1.949919e-01
3.650172e-02
3.704186e-01
4.589368e-01
1.703986e-01
0
0
0
2.839993e-02
4.720041e-01
0
0
7.602804e-01
1.022803e-01
6.373144e-01
5.000685e-01
6.275987e-01
0
3.432487e-01
2.532632e-01
6.392493e-01
0
2.183492e-01
0
4.114199e-01
1.614661e-01
0
0
8.184200e-02
3.473592e-02
2.663304e-01
4.842122e-01
8.663130e-01
7.948437e-01
8.026445e-01
4.373494e-01
5.361572e-01
3.603914e-01
0
0
5.685891e-01
2.981721e-01
0
0
7.827966e-01
5.112200e-01
2.504927e-02
0
0
0
0
9.873424e-02
0
0
0
0
0
0
0
0
2.117463e-02
2.207649e-01
3.660584e-02
2.149973e-01
0
0
0
0
0
0
0
1.427320e-01
0
0
1.000000e+00
6.516739e-01
2.237467e-01
0
0
7.808032e-02
5.705391e-01
3.435238e-01
9.613521e-02
0
0
0
0
0
8.022448e-02
3.740824e-01
0
2.515438e-01
0
0
7.410092e-01
4.978420e-01
0
0
0
5.728466e-02
3.096795e-01
4.310015e-01
5.185539e-01
6.258592e-01
0
0
0
0
0
0
2.162864e-01
5.544881e-01
1.885045e-01
0
0
0
0
1.561240e-02
0
0
0
0
1.787613e-01
0
0
0
0
2.441086e-01
4.539993e-01
3.328200e-01
3.955529e-01
6.994390e-01
3.412740e-01
2.154263e-01
1.422800e-01
6.057083e-01
4.243261e-01
8.679325e-02
3.567174e-01
2.914349e-01
3.535407e-01
4.826407e-01
3.330038e-02
2.036210e-01
2.587209e-01
2.386871e-02
1.455171e-01
3.499849e-01
5.281065e-01
5.602022e-01
5.777462e-01
1.206889e-01
4.178551e-01
2.590940e-01
0
0
9.237478e-02
0
0
0
3.096473e-01
1.366526e-01
0
0
0
0
0
5.684884e-02
0
0
0
0
0
0
0
0
2.295790e-01
3.524611e-01
2.137586e-01
1.366171e-01
0
0
0
0
0
0
0
4.716429e-01
0
0
6.516739e-01
1
0
0
0
2.423438e-01
4.056636e-01
4.604417e-01
0
0
0
0
0
0
2.426860e-01
4.365039e-01
0
6.341273e-01
0
0
5.742508e-01
7.717986e-01
0
0
1.613389e-01
3.470165e-01
4.013025e-01
2.901348e-01
5.663832e-01
4.425580e-01
0
0
0
2.555800e-01
0
0
2.663088e-01
3.362489e-01
5.369265e-02
0
0
0
0
0
0
0
1.134827e-01
0
2.156370e-01
2.010624e-01
0
0
0
0
0
7.090985e-02
0
0
2.136131e-01
0
0
0
0
0
0
0
0
0
0
0
0
8.932836e-03
1.845224e-01
7.658260e-02
8.259564e-02
2.950008e-01
0
1.318031e-01
0
0
0
0
1.458077e-01
3.551340e-01
3.457151e-01
1.919262e-01
3.075157e-01
4.680339e-01
2.872625e-01
3.588458e-01
9.566025e-02
1.803797e-01
2.456761e-01
1.435508e-01
3.433800e-01
4.349175e-01
5.594337e-01
5.886793e-01
1.991046e-01
4.285849e-01
2.093242e-01
3.589498e-01
0
0
0
0
0
0
0
0
0
0
0
0
0
1.594644e-01
2.237467e-01
0
1
8.691804e-01
5.757920e-02
1.560994e-01
1.394535e-03
2.084581e-01
2.385877e-01
1.498750e-01
2.235149e-01
2.683435e-01
3.050086e-01
2.296138e-01
0
0
0
0
0
0
2.729006e-02
7.516193e-03
0
7.188570e-02
0
0
1.076127e-01
1.125192e-01
3.272526e-01
8.763910e-02
1.803985e-01
0
3.853802e-01
0
9.337263e-03
0
0
2.520959e-01
1.573355e-01
5.985164e-01
0
8.887314e-02
0
3.969180e-01
0
0
0
0
0
0
0
0
0
0
0
2.595817e-01
0
0
0
2.370537e-02
0
0
0
0
0
4.358136e-02
0
0
0
0
0
0
0
0
0
3.104166e-02
0
0
0
0
0
0
0
2.516663e-01
3.578247e-01
4.170951e-01
1.064384e-01
4.389236e-01
1.884200e-01
3.248809e-01
0
3.466204e-01
3.152272e-02
1.465381e-01
4.192665e-01
5.213492e-01
6.267348e-01
7.135330e-01
2.636837e-01
4.642853e-01
3.353278e-01
4.746834e-01
0
0
0
0
0
0
0
0
0
1.558339e-01
0
0
2.049370e-01
4.348626e-01
0
0
8.691804e-01
1.000000e+00
6.679748e-02
8.441087e-02
0
0
1.211439e-01
1.673104e-01
1.233034e-01
2.662473e-01
1.663786e-01
2.634504e-01
0
0
0
0
0
0
0
6.383052e-02
0
2.085610e-01
0
0
0
0
8.127393e-02
0
1.342199e-01
0
2.706208e-01
5.714326e-03
4.682845e-02
0
0
0
2.281455e-02
3.686466e-01
1.735260e-01
1.125074e-01
9.452837e-02
5.002971e-01
0
0
0
0
0
0
0
1.941622e-01
3.862631e-01
8.528118e-02
0
0
0
0
0
6.381672e-02
0
0
0
1.293191e-01
0
9.828398e-02
0
0
3.558097e-01
1.263269e-01
1.540139e-01
5.809568e-01
0
0
0
0
0
0
0
0
4.801640e-01
1.367854e-01
0
0
1.555746e-01
1.917850e-02
0
0
4.186506e-01
2.291635e-01
2.326183e-01
1.364101e-01
4.204985e-01
1.026744e-01
0
0
0
3.311971e-03
0
0
0
0
0
0
0
0
0
0
6.593513e-01
3.319900e-01
3.700618e-01
2.007461e-01
2.755626e-01
0
3.954615e-01
3.101648e-01
0
0
5.757920e-02
6.679748e-02
1
7.025094e-01
0
5.788296e-02
5.730314e-01
6.192752e-01
5.803061e-01
4.854618e-01
3.504562e-01
5.711980e-01
3.495473e-01
0
4.503256e-01
0
1.959992e-01
5.698321e-02
0
0
2.288343e-01
5.101404e-02
0
0
3.603041e-01
3.585815e-02
0
0
2.807181e-01
7.557646e-02
0
1.340754e-01
4.889796e-01
3.345195e-01
3.118659e-01
0
3.890652e-01
1.735054e-01
4.751308e-02
3.359408e-02
5.543032e-01
1.852405e-01
0
0
1.145522e-01
5.357619e-01
1.836536e-01
9.093595e-02
2.192296e-01
1.249683e-01
7.853761e-02
0
0
0
0
4.635397e-02
0
5.964543e-02
0
0
0
0
0
1.190889e-01
0
0
3.530939e-01
2.389358e-01
1.847643e-01
5.507820e-01
0
0
1.898547e-01
2.432871e-01
7.253251e-02
0
0
0
0
0
0
0
0
0
0
0
4.043076e-01
2.340761e-01
0
0
2.312208e-01
2.847811e-01
0
0
0
0
0
0
0
0
0
6.932207e-02
0
0
0
0
6.364948e-01
4.411008e-02
1.191438e-01
4.293443e-03
0
0
0
0
7.808032e-02
2.423438e-01
1.560994e-01
8.441087e-02
7.025094e-01
1.000000e+00
2.006615e-01
3.037708e-01
5.935794e-01
6.003518e-01
4.742612e-01
5.016628e-01
0
2.706328e-01
5.730872e-01
3.251030e-01
6.980681e-02
2.948154e-01
0
0
0
0
0
0
0
3.393491e-02
6.096233e-01
2.108827e-01
3.580566e-01
1.729250e-01
2.207250e-01
0
0
3.259671e-01
1.842928e-03
2.175932e-01
4.994701e-01
2.296668e-01
4.432718e-01
1.127869e-01
2.699544e-01
0
4.680374e-01
2.913917e-01
0
0
1.662155e-01
2.064515e-01
2.804630e-01
3.139810e-01
3.451510e-01
0
0
8.412266e-03
4.686241e-01
0
5.599979e-01
3.971690e-01
5.985604e-01
0
2.932812e-01
3.809054e-01
4.456306e-01
0
2.238495e-01
0
2.466786e-01
2.678294e-01
2.992592e-01
3.620839e-01
3.333437e-01
2.769561e-01
5.969460e-01
5.974956e-01
5.926182e-01
4.943918e-01
6.729035e-01
1.238912e-01
7.039780e-01
2.824440e-01
0
0
2.011261e-01
0
0
0
3.871464e-01
2.821056e-02
0
0
0
0
1.900681e-01
0
0
0
0
0
0
0
0
0
0
0
0
6.654778e-02
0
0
7.766091e-02
0
0
0
0
0
0
0
5.705391e-01
4.056636e-01
1.394535e-03
0
0
2.006615e-01
1
6.177306e-01
3.079145e-01
0
2.217197e-01
2.018898e-02
1.064267e-01
0
4.315978e-01
3.719641e-01
4.447309e-02
2.395725e-01
0
0
3.399652e-01
1.261103e-01
0
0
0
1.347506e-01
6.685361e-01
6.412959e-01
4.548139e-01
4.480180e-01
0
0
0
0
0
0
5.101150e-01
4.043037e-01
4.032597e-01
1.120354e-01
0
0
0
0
0
0
0
1.441889e-01
3.892728e-01
2.452158e-01
0
0
6.271423e-02
2.171142e-01
2.605776e-01
0
1.957358e-01
2.560962e-01
3.768594e-01
1.580514e-01
6.057726e-02
2.180414e-01
1.289850e-01
0
4.043115e-01
2.224408e-01
3.611957e-01
5.381088e-01
0
3.574931e-01
5.087612e-01
3.953159e-01
5.080655e-01
6.555633e-01
3.111744e-01
3.466761e-01
2.139621e-01
0
3.178969e-01
1.086016e-01
1.234760e-02
0
0
0
0
0
1.174116e-01
0
0
0
0
0
8.947247e-02
2.592729e-01
0
0
0
0
0
0
0
0
0
0
0
0
0
0
0
0
0
0
0
0
0
0
3.435238e-01
4.604417e-01
2.084581e-01
0
5.788296e-02
3.037708e-01
6.177306e-01
1
1.737128e-01
2.077381e-01
1.307713e-01
1.648590e-01
2.228526e-01
1.767565e-01
4.064851e-01
1.842016e-01
0
3.255580e-01
0
6.413238e-02
1.452902e-01
1.404615e-01
0
7.731767e-02
0
0
6.967196e-01
4.193449e-01
6.573293e-01
2.899065e-01
0
0
0
5.874407e-02
0
0
5.171382e-01
4.772525e-01
4.307953e-01
1.484981e-01
0
0
0
2.178134e-01
0
0
0
7.724052e-02
1.069921e-01
3.635237e-01
8.146264e-02
0
1.887639e-01
1.981865e-01
7.483604e-02
0
0
0
1.620216e-01
0
0
0
2.089526e-01
0
0
0
0
0
6.120203e-02
1.481720e-01
3.641593e-01
5.624251e-01
1.452076e-01
9.816307e-02
2.720593e-01
1.483903e-01
4.991273e-02
0
0
0
1.508697e-01
0
1.154913e-01
0
9.976296e-02
0
0
0
4.956828e-01
1.733724e-01
1.926229e-01
0
5.976741e-01
2.213680e-01
0
0
0
0
0
0
0
0
3.051127e-02
2.249950e-01
1.217163e-01
1.829028e-01
0
0
3.440111e-01
2.192872e-01
3.177572e-01
1.272957e-01
0
0
5.697332e-03
0
9.613521e-02
0
2.385877e-01
1.211439e-01
5.730314e-01
5.935794e-01
3.079145e-01
1.737128e-01
1
7.814334e-01
8.950143e-01
6.886699e-01
2.567711e-01
4.346525e-01
2.632503e-01
7.521383e-03
0
3.375359e-02
0
0
1.562626e-01
0
0
0
2.265661e-03
1.509369e-01
5.544525e-01
2.091228e-01
0
0
1.867462e-01
0
0
0
3.954132e-01
1.432226e-01
4.227982e-01
0
6.152761e-01
1.102155e-01
1.724945e-01
0
1.783935e-01
0
0
0
0
1.715420e-01
1.849428e-01
2.641660e-01
0
3.826798e-03
3.379271e-01
3.669340e-01
0
0
0
0
0
0
0
0
3.465218e-02
0
0
0
0
0
0
1.698167e-01
2.921760e-01
4.318309e-01
0
5.203207e-02
1.679999e-02
0
0
0
0
0
2.796196e-01
0
0
0
6.556849e-02
3.136446e-02
0
0
3.315460e-01
4.059515e-01
3.329769e-02
2.386176e-02
4.783874e-01
4.197565e-01
0
0
0
0
0
0
0
0
1.791670e-01
3.346736e-01
2.285210e-01
2.798997e-01
0
0
4.294673e-01
3.291653e-01
3.761406e-01
2.080152e-01
6.199050e-02
0
9.260243e-02
9.319359e-02
0
0
1.498750e-01
1.673104e-01
6.192752e-01
6.003518e-01
0
2.077381e-01
7.814334e-01
1.000000e+00
7.728448e-01
7.967805e-01
2.245592e-01
5.285566e-01
2.313405e-01
0
0
9.630522e-02
0
0
0
0
0
0
1.269395e-01
1.644370e-01
4.828599e-01
0
0
0
1.476040e-01
0
0
2.831340e-01
4.416645e-01
1.397088e-01
3.152791e-01
0
4.761163e-01
0
2.163804e-01
1.020630e-02
2.063226e-01
9.034208e-02
0
6.808066e-03
0
2.865762e-01
2.437222e-01
3.057211e-01
8.798070e-02
1.431403e-02
1.477554e-01
1.211940e-01
0
0
0
0
7.602717e-02
0
0
0
0
0
0
0
0
0
4.391369e-02
2.251769e-01
2.284367e-01
3.732589e-01
2.635499e-01
1.720211e-01
2.351095e-02
0
0
0
0
0
2.136393e-01
2.093749e-02
0
0
9.430280e-02
0
0
0
3.880247e-01
2.556061e-01
2.404664e-01
0
5.871136e-01
1.100453e-01
0
0
0
0
0
0
0
1.718465e-01
1.319576e-01
2.178879e-01
1.269041e-01
1.844447e-01
5.348633e-02
0
3.114329e-01
3.283428e-01
3.935410e-01
9.916163e-02
3.657839e-02
0
1.055513e-01
3.953129e-02
0
0
2.235149e-01
1.233034e-01
5.803061e-01
4.742612e-01
2.217197e-01
1.307713e-01
8.950143e-01
7.728448e-01
1
6.706422e-01
3.174140e-01
4.899669e-01
2.131933e-01
0
3.242636e-02
0
0
0
0
0
1.024972e-01
0
0
1.438216e-01
5.277227e-01
2.201859e-01
0
0
1.875126e-01
0
1.196535e-01
0
5.578873e-01
1.417819e-01
2.337911e-01
0
3.782196e-01
1.456765e-01
1.807933e-01
0
1.350376e-01
0
0
0
0
2.729611e-01
8.979280e-02
3.461592e-01
0
0
3.002028e-01
1.390287e-01
0
0
0
0
0
0
0
0
9.657396e-03
0
0
6.998751e-02
0
0
0
0
2.405253e-01
3.606152e-01
4.251420e-02
0
1.089983e-01
1.523257e-01
0
0
0
0
0
0
0
0
0
0
0
0
1.780265e-01
1.471340e-01
0
0
2.555337e-01
6.786367e-02
0
0
0
0
0
0
0
2.963195e-02
3.112393e-01
3.675648e-01
3.098042e-01
1.943045e-01
4.461647e-03
0
3.059420e-01
1.395216e-01
4.603248e-01
2.552506e-01
0
0
1.830845e-01
7.839206e-02
0
0
2.683435e-01
2.662473e-01
4.854618e-01
5.016628e-01
2.018898e-02
1.648590e-01
6.886699e-01
7.967805e-01
6.706422e-01
1.000000e+00
2.645509e-01
3.754387e-01
1.193368e-01
0
0
5.993117e-02
0
0
0
3.628504e-02
3.738249e-02
0
1.552281e-01
2.572401e-01
4.345695e-01
0
8.437317e-02
0
3.212952e-01
0
0
9.928071e-02
3.431503e-01
0
3.876962e-01
0
5.468640e-01
0
3.097247e-01
0
2.997669e-01
0
6.126778e-02
0
0
1.048223e-02
2.852698e-01
4.012054e-01
1.922103e-01
1.276356e-02
3.867113e-01
0
0
0
0
0
1.247413e-01
1.045877e-02
0
0
1.129331e-01
0
2.660012e-01
1.609073e-01
1.231938e-02
2.482841e-01
0
0
0
3.679407e-01
3.993076e-02
0
0
0
0
0
0
0
1.418148e-01
4.808585e-02
0
2.516425e-01
2.191255e-02
0
0
0
1.910840e-01
1.763458e-01
4.762688e-01
1.676242e-01
3.194212e-01
0
0
1.426825e-01
1.374076e-01
1.219139e-01
0
0
0
0
0
0
0
0
1.967099e-01
0
0
0
1.001575e-03
0
1.518804e-01
0
1.915909e-01
2.863033e-01
0
0
3.050086e-01
1.663786e-01
3.504562e-01
0
1.064267e-01
2.228526e-01
2.567711e-01
2.245592e-01
3.174140e-01
2.645509e-01
1
5.072981e-01
0
0
0
0
4.572362e-01
4.821128e-01
0
0
3.986546e-01
4.672415e-01
0
0
2.250282e-01
1.439113e-01
0
0
0
0
3.382085e-01
0
4.646882e-01
0
2.373677e-02
0
2.504859e-01
3.629151e-01
0
6.618006e-02
1.941291e-02
0
0
1.375661e-01
0
1.366063e-01
0
0
0
0
5.072273e-01
2.567650e-01
0
0
0
0
0
3.078476e-02
0
0
0
1.391184e-01
0
0
0
0
0
8.522941e-02
1.819307e-01
3.725312e-01
0
0
0
0
0
0
0
0
3.572919e-01
2.853710e-01
0
0
4.950825e-02
1.982735e-02
0
0
1.046179e-01
4.067412e-01
2.847313e-01
1.065235e-01
2.538758e-01
1.908238e-03
0
9.742920e-02
0
7.675385e-02
0
0
0
2.818468e-03
0
0
0
0
0
0
2.703261e-01
4.744586e-01
4.235918e-01
2.968974e-01
4.453521e-01
0
5.341101e-01
5.589980e-01
0
0
2.296138e-01
2.634504e-01
5.711980e-01
2.706328e-01
0
1.767565e-01
4.346525e-01
5.285566e-01
4.899669e-01
3.754387e-01
5.072981e-01
1.000000e+00
5.787434e-02
0
1.007593e-01
0
3.410605e-01
2.529580e-01
0
0
2.323523e-01
3.297079e-01
0
0
2.190415e-01
0
0
0
0
0
4.560458e-02
0
5.618613e-01
1.390116e-01
2.793458e-01
0
3.488910e-01
1.776325e-01
8.217415e-02
2.959459e-01
6.346544e-02
0
0
1.367596e-01
0
1.844650e-01
0
5.768381e-02
1.310815e-01
3.731092e-01
1.393534e-01
2.381020e-01
2.149541e-01
0
9.764611e-02
2.599953e-01
0
0
0
2.289533e-01
0
0
4.120234e-03
0
1.453250e-01
0
6.963684e-01
7.708852e-01
4.285669e-01
3.725709e-01
0
2.384795e-01
1.746991e-01
3.047530e-02
2.259488e-01
0
2.787255e-01
1.368742e-01
3.107118e-01
1.411838e-01
2.752562e-03
0
0
0
0
0
8.067459e-02
0
0
0
9.524749e-02
2.764208e-01
0
0
0
0
0
0
0
0
0
4.185309e-03
9.045627e-02
9.332227e-02
0
0
6.072735e-01
3.126574e-01
0
0
0
0
0
0
8.022448e-02
2.426860e-01
0
0
3.495473e-01
5.730872e-01
4.315978e-01
4.064851e-01
2.632503e-01
2.313405e-01
2.131933e-01
1.193368e-01
0
5.787434e-02
1
7.491410e-01
5.169208e-01
3.182646e-01
1.167942e-02
0
6.639340e-02
0
0
0
2.197283e-02
2.600348e-01
3.635950e-01
2.356270e-01
2.163929e-01
1.633918e-01
2.332013e-02
0
0
2.715918e-01
0
2.696797e-01
5.549308e-01
3.246802e-01
2.060594e-01
1.478520e-03
2.407987e-01
6.484867e-02
2.446077e-01
9.563196e-02
0
3.802622e-02
3.046589e-01
3.629596e-01
1.377352e-01
5.880169e-01
5.442733e-01
0
0
2.045396e-01
5.311400e-01
0
4.281097e-01
5.242269e-01
2.391318e-01
0
3.841713e-01
4.761347e-01
2.751299e-01
0
2.109401e-01
0
4.017466e-01
0
5.840092e-01
5.625825e-01
3.483722e-01
1.803809e-01
0
2.020752e-01
3.718187e-01
2.748737e-01
5.348626e-01
1.990929e-01
4.007070e-01
3.590518e-01
1.111941e-01
0
3.894268e-01
0
1.531836e-02
0
2.425138e-01
0
2.727584e-02
0
0
0
0
2.861687e-01
0
0
0
0
0
0
0
0
0
7.630201e-02
4.525484e-02
1.164230e-01
0
0
3.250866e-01
0
0
0
0
3.910725e-02
0
0
3.740824e-01
4.365039e-01
0
0
0
3.251030e-01
3.719641e-01
1.842016e-01
7.521383e-03
0
0
0
0
0
7.491410e-01
1
3.412923e-01
4.141626e-01
0
0
3.243153e-01
1.425112e-01
0
0
6.682724e-02
1.678536e-01
6.818034e-02
2.664164e-01
2.345976e-01
4.653286e-01
0
0
0
1.564605e-01
0
3.398413e-01
3.281344e-01
4.713322e-01
8.402948e-02
0
8.268256e-02
0
6.177413e-03
0
8.495911e-03
0
1.969074e-01
1.214897e-01
1.468544e-01
3.600554e-01
2.538101e-01
0
2.763713e-01
1.996964e-01
0
0
0
0
0
0
0
1.263572e-01
0
2.388707e-01
4.152611e-02
0
0
0
7.832466e-01
5.247224e-01
1.424750e-01
2.760068e-02
0
0
0
0
0
0
0
0
6.940604e-01
5.969163e-01
0
0
1.257824e-01
0
0
0
0
0
2.057866e-01
0
8.654005e-02
0
9.006799e-02
4.105020e-02
0
0
2.096852e-01
3.193778e-02
3.703793e-02
0
0
0
1.047933e-01
1.271982e-01
1.397458e-01
2.068727e-01
6.004126e-01
5.519911e-01
2.733521e-01
9.415940e-02
5.056547e-01
0
4.045054e-01
1.233358e-01
0
0
0
0
4.503256e-01
6.980681e-02
4.447309e-02
0
0
0
3.242636e-02
0
0
1.007593e-01
5.169208e-01
3.412923e-01
1
0
3.802107e-01
2.408099e-01
0
0
3.381426e-01
9.709651e-02
3.338582e-02
5.721799e-03
0
1.388367e-02
0
0
4.742699e-02
3.241691e-01
0
1.467866e-01
3.227813e-01
4.368388e-01
1.078061e-01
0
0
0
1.459245e-02
1.009888e-01
3.166378e-01
5.034979e-02
0
9.764875e-02
3.702545e-01
7.150554e-01
1.345494e-01
1.687081e-01
2.436993e-01
1.608656e-01
0
2.028845e-01
1.647978e-01
1.133239e-01
4.010622e-02
3.196055e-01
1.246109e-01
8.561308e-02
6.832855e-02
3.355204e-01
2.526722e-01
1.241397e-01
1.853043e-01
2.545192e-01
1.988417e-01
3.470707e-01
6.638855e-02
2.516696e-01
1.333847e-01
0
5.595572e-02
2.202491e-01
1.203524e-01
1.433829e-01
1.966076e-01
0
1.814217e-02
0
0
0
0
0
0
0
2.558515e-01
9.233050e-02
0
0
0
1.600866e-02
2.703692e-02
3.853655e-01
0
0
0
0
0
0
0
0
1.700437e-01
3.546839e-01
2.053504e-01
1.298819e-01
0
0
2.396727e-02
0
0
0
0
1.049817e-01
0
0
2.515438e-01
6.341273e-01
0
0
0
2.948154e-01
2.395725e-01
3.255580e-01
3.375359e-02
9.630522e-02
0
5.993117e-02
0
0
3.182646e-01
4.141626e-01
0
1
0
4.191080e-02
3.438807e-01
6.883624e-01
0
0
3.562979e-01
2.332345e-01
2.693831e-01
1.467502e-01
3.609402e-01
2.790997e-01
0
0
0
3.150175e-01
0
0
7.203715e-02
1.355188e-01
0
0
3.571302e-02
0
0
3.448456e-01
9.081634e-02
1.056194e-01
2.626020e-01
0
2.389912e-01
3.128250e-01
2.802986e-02
0
4.371518e-01
2.041496e-01
0
0
0
0
0
0
5.065505e-02
0
0
0
2.223828e-01
0
3.433600e-01
3.516817e-02
1.237911e-01
0
4.156972e-02
2.511960e-01
0
0
0
0
0
0
0
0
6.040865e-01
7.026049e-01
2.334541e-01
3.569082e-01
8.233095e-02
0
0
0
2.116997e-01
3.006233e-01
7.694217e-01
4.447959e-01
3.959505e-01
0
0
9.413425e-02
6.658396e-02
0
0
0
0
0
0
0
0
0
1.667111e-01
5.953431e-03
0
2.659696e-01
2.985998e-02
0
2.435222e-01
0
4.238623e-01
4.527797e-01
0
0
0
0
1.959992e-01
0
0
0
0
0
0
0
4.572362e-01
3.410605e-01
1.167942e-02
0
3.802107e-01
0
1
6.405584e-01
0
0
5.568070e-01
4.406374e-01
1.217566e-01
0
0
0
0
0
1.368760e-01
2.039357e-01
4.571974e-01
0
2.086633e-01
0
0
0
0
3.742652e-01
0
3.487484e-01
0
0
8.202815e-02
3.576354e-01
1.766836e-01
2.695123e-01
0
0
6.083673e-02
2.697606e-01
3.626269e-01
1.478066e-01
0
0
0
0
0
2.853812e-01
0
1.959976e-02
0
3.099103e-01
3.412105e-01
2.974124e-01
1.973616e-01
2.717808e-01
7.390693e-03
0
0
0
0
0
0
0
0
0
0
0
4.616501e-01
6.152355e-01
0
2.990662e-02
0
0
0
0
0
5.848149e-02
4.705427e-01
3.476385e-01
8.465087e-02
0
0
9.403634e-02
3.531053e-02
2.358167e-02
0
0
0
0
0
0
0
0
3.781852e-01
1.960225e-01
0
1.098853e-01
3.975434e-02
0
3.079228e-01
1.277902e-01
3.080567e-01
4.454487e-01
0
0
0
0
5.698321e-02
0
0
6.413238e-02
0
0
0
0
4.821128e-01
2.529580e-01
0
0
2.408099e-01
4.191080e-02
6.405584e-01
1.000000e+00
0
0
3.781679e-01
8.396676e-01
1.920721e-01
0
0
0
0
0
0
2.245112e-01
2.982976e-01
0
1.956089e-01
0
0
0
0
1.148140e-01
0
2.016041e-01
0
1.584721e-01
9.116622e-02
5.844747e-01
3.682272e-01
2.353867e-01
0
0
0
6.786675e-02
0
1.884449e-01
8.005845e-01
2.716785e-01
3.640373e-01
3.164074e-01
5.018007e-01
0
1.020561e-01
1.370788e-01
5.732487e-01
0
1.773074e-01
0
4.475824e-01
2.839455e-01
0
0
2.419029e-01
1.602886e-01
1.394154e-01
3.464773e-01
7.919841e-01
6.423360e-01
5.919851e-01
2.500639e-01
2.409711e-01
1.653615e-01
0
0
7.196960e-01
3.658859e-01
0
0
4.403285e-01
2.359054e-01
1.224850e-01
0
1.090190e-01
4.791573e-02
1.647952e-01
2.754692e-02
0
0
0
0
0
0
0
0
0
2.186563e-01
2.299757e-01
2.173015e-01
0
0
0
0
0
0
0
1.644013e-01
0
0
7.410092e-01
5.742508e-01
2.729006e-02
0
0
0
3.399652e-01
1.452902e-01
1.562626e-01
0
0
0
0
0
6.639340e-02
3.243153e-01
0
3.438807e-01
0
0
1
6.265840e-01
0
0
2.475044e-01
2.859474e-01
1.890515e-01
2.760576e-01
3.211348e-01
3.828277e-01
0
0
0
0
0
0
2.235177e-01
2.549946e-01
0
0
0
2.180349e-01
0
0
0
0
8.748032e-02
0
0
0
0
0
0
8.449998e-02
3.588851e-01
4.557583e-01
1.597417e-01
4.812209e-01
2.589908e-01
5.621836e-02
7.066805e-02
3.366670e-01
3.172198e-01
1.037296e-01
7.920790e-02
2.654688e-01
1.371895e-01
3.936015e-01
0
0
8.093245e-02
0
2.284825e-01
2.475241e-01
3.870513e-01
4.612779e-01
3.475508e-01
1.033362e-01
1.533348e-01
7.782649e-02
0
0
1.376913e-01
3.852977e-02
0
0
3.335230e-01
3.011556e-01
0
0
0
0
0
0
0
0
0
0
0
0
0
0
3.189061e-01
5.031895e-01
3.428526e-01
1.983241e-01
0
0
0
0
0
0
0
3.993607e-01
0
0
4.978420e-01
7.717986e-01
7.516193e-03
6.383052e-02
0
0
1.261103e-01
1.404615e-01
0
0
0
3.628504e-02
0
0
0
1.425112e-01
0
6.883624e-01
0
0
6.265840e-01
1
0
0
3.470701e-01
3.754797e-01
1.648474e-01
0
3.848588e-01
7.912068e-02
0
0
0
2.020581e-01
0
0
0
0
0
0
2.751596e-02
0
0
3.418573e-02
9.849101e-03
1.978239e-02
5.517394e-02
0
0
1.513303e-01
0
0
3.453053e-01
0
0
0
0
0
0
9.827419e-02
0
0
0
2.161945e-01
0
0
0
0
2.943444e-02
0
0
8.473241e-02
0
0
0
0
0
0
0
0
3.093400e-01
4.363623e-01
0
1.885741e-02
0
0
0
0
1.290762e-01
9.542206e-02
2.875352e-01
1.186147e-01
0
0
2.684721e-01
3.913093e-01
2.209643e-01
2.270176e-01
3.057802e-01
1.711617e-01
2.511599e-01
1.756785e-01
6.713632e-03
0
2.717550e-02
0
4.699469e-01
4.153913e-01
1.550280e-01
4.186232e-01
3.399158e-01
2.516860e-01
4.628822e-01
0
5.971594e-01
5.264266e-01
0
0
0
0
2.288343e-01
0
0
0
0
0
1.024972e-01
3.738249e-02
3.986546e-01
2.323523e-01
0
0
3.381426e-01
0
5.568070e-01
3.781679e-01
0
0
1
4.524912e-01
1.823209e-01
7.951323e-02
0
0
0
0
2.290332e-01
4.853236e-01
3.077906e-01
0
3.872139e-01
3.768660e-02
0
0
0
1.567222e-01
0
2.050663e-01
4.232049e-01
0
3.311707e-01
4.585763e-01
1.267232e-01
1.055283e-01
0
0
2.498012e-01
3.141751e-01
2.268689e-01
0
0
0
0
0
0
2.948398e-01
0
0
0
3.510187e-01
0
3.531526e-01
0
1.778759e-01
0
0
0
0
0
0
0
0
0
0
0
0
2.701399e-01
4.454579e-01
0
0
0
0
0
0
0
4.767594e-03
2.293946e-01
2.666576e-01
0
0
1.559861e-01
3.319676e-01
1.956170e-01
2.301801e-01
0
1.105591e-01
0
0
0
0
0
0
3.741214e-01
2.369260e-01
0
8.769441e-02
2.187294e-01
1.143002e-01
3.603197e-01
0
4.986645e-01
5.630581e-01
0
0
7.188570e-02
2.085610e-01
5.101404e-02
0
0
7.731767e-02
0
0
0
0
4.672415e-01
3.297079e-01
0
0
9.709651e-02
0
4.406374e-01
8.396676e-01
0
0
4.524912e-01
1
1.335139e-01
0
0
0
0
0
0
2.631883e-01
2.223694e-01
1.598281e-03
2.408131e-01
0
0
0
0
1.269624e-01
0
3.343021e-01
1.449974e-01
2.499356e-01
1.663459e-01
5.531612e-01
2.589812e-01
2.864376e-03
0
0
1.644690e-01
2.771400e-01
4.035944e-01
2.690451e-01
0
9.943450e-02
0
0
0
0
0
0
1.021475e-01
2.389810e-01
0
9.576554e-02
2.045977e-03
0
7.178902e-02
0
0
0
0
0
0
0
0
0
0
0
0
8.210921e-03
0
0
0
0
0
0
8.289648e-02
6.638948e-02
9.627624e-02
3.649195e-01
0
0
0
0
0
0
0
0
0
0
6.209749e-01
6.416921e-01
7.250405e-01
5.131281e-01
4.497825e-01
4.796969e-01
2.722471e-01
2.746435e-01
5.733979e-01
4.700980e-01
1.528317e-01
2.246895e-01
2.172614e-01
2.467942e-01
0
1.613389e-01
0
0
0
0
0
0
2.265661e-03
1.269395e-01
0
1.552281e-01
0
0
2.197283e-02
6.682724e-02
3.338582e-02
3.562979e-01
1.217566e-01
1.920721e-01
2.475044e-01
3.470701e-01
1.823209e-01
1.335139e-01
1
6.622011e-01
0
0
0
0
0
7.513904e-02
1.177999e-01
1.046954e-01
0
0
0
0
0
0
1.864553e-02
1.408783e-01
9.007354e-02
0
3.410536e-01
6.046868e-01
5.217360e-01
0
1.727470e-01
0
7.221177e-02
6.244531e-02
4.087069e-01
4.000312e-01
2.169606e-01
2.458931e-02
7.047332e-02
1.333252e-01
0
0
0
1.843796e-01
8.317748e-02
3.348297e-01
0
3.290734e-02
1.229558e-02
7.625805e-03
1.767376e-01
3.813651e-01
3.063750e-01
0
2.210724e-02
6.303934e-02
2.656973e-01
5.525627e-02
2.404691e-01
0
2.497850e-01
1.153737e-01
0
1.283328e-02
0
0
0
0
0
0
0
0
0
0
0
0
0
0
0
0
0
0
0
0
6.654437e-01
6.910746e-01
8.655582e-01
6.831677e-01
2.106014e-01
3.077256e-01
3.970122e-01
5.249311e-01
5.548800e-01
3.446619e-01
0
9.031278e-03
4.032472e-02
0
5.728466e-02
3.470165e-01
0
0
0
3.393491e-02
1.347506e-01
0
1.509369e-01
1.644370e-01
1.438216e-01
2.572401e-01
0
0
2.600348e-01
1.678536e-01
5.721799e-03
2.332345e-01
0
0
2.859474e-01
3.754797e-01
7.951323e-02
0
6.622011e-01
1.000000e+00
1.973355e-01
0
0
0
0
0
0
1.050551e-01
0
0
3.927976e-01
0
1.102609e-02
0
3.184269e-01
1.541534e-01
2.278768e-02
0
1.956773e-01
2.625400e-01
2.986378e-01
0
2.806212e-01
4.318223e-01
3.106795e-01
3.066796e-02
1.539336e-01
1.622117e-01
1.218915e-01
0
7.055812e-02
1.877323e-01
2.817696e-01
1.424651e-02
0
1.710589e-01
2.166701e-01
5.425333e-03
7.678028e-02
2.071328e-01
0
4.031987e-01
1.641738e-01
3.316893e-01
4.496810e-01
5.029866e-01
4.744662e-01
5.220607e-01
4.800420e-01
4.413569e-01
3.735604e-01
0
3.537179e-01
2.226986e-02
0
0
0
0
0
0
8.925275e-03
0
6.832357e-02
4.933125e-02
0
0
3.485433e-01
3.055826e-02
0
0
0
0
0
0
0
0
1.037063e-02
4.338776e-02
5.018458e-02
8.799990e-02
0
0
3.178011e-01
0
0
0
0
0
0
0
3.096795e-01
4.013025e-01
1.076127e-01
0
3.603041e-01
6.096233e-01
6.685361e-01
6.967196e-01
5.544525e-01
4.828599e-01
5.277227e-01
4.345695e-01
2.250282e-01
2.190415e-01
3.635950e-01
6.818034e-02
0
2.693831e-01
0
0
1.890515e-01
1.648474e-01
0
0
0
1.973355e-01
1
5.505256e-01
6.073443e-01
2.450417e-01
4.136471e-02
0
0
1.586149e-03
1.469744e-01
0
6.735698e-01
2.370488e-01
5.285226e-01
2.116078e-03
0
0
0
1.929586e-03
0
0
0
1.601078e-01
4.140348e-01
3.724776e-01
4.993838e-02
0
0
3.877710e-02
3.589728e-01
0
5.478920e-01
2.611587e-01
6.737200e-01
0
3.369352e-01
3.666744e-01
3.403724e-01
0
3.492466e-01
0
2.342118e-01
1.729478e-01
3.655590e-01
3.519805e-01
1.131941e-01
1.742935e-01
3.952742e-01
5.434636e-01
4.419746e-01
3.400073e-01
6.583532e-01
2.175508e-01
5.229264e-01
2.640945e-01
0
0
3.085898e-01
6.585390e-04
1.176611e-01
0
2.953466e-01
1.487554e-01
2.842015e-01
1.631137e-01
3.269913e-01
0
5.066361e-01
1.659155e-01
0
0
0
0
0
0
0
0
0
0
0
0
0
0
5.928734e-03
0
0
0
0
0
0
0
4.310015e-01
2.901348e-01
1.125192e-01
0
3.585815e-02
2.108827e-01
6.412959e-01
4.193449e-01
2.091228e-01
0
2.201859e-01
0
1.439113e-01
0
2.356270e-01
2.664164e-01
1.388367e-02
1.467502e-01
0
0
2.760576e-01
0
0
0
0
0
5.505256e-01
1.000000e+00
4.290356e-01
6.733881e-01
0
0
1.608105e-01
0
0
1.743164e-01
1.996565e-01
6.231456e-01
1.561568e-01
3.628132e-01
0
0
0
0
0
0
0
2.676844e-01
2.138709e-01
0
0
0
0
0
3.292309e-01
2.959484e-01
4.287872e-01
5.123408e-01
4.014825e-01
1.400341e-01
2.797467e-01
2.737678e-01
0
0
4.288845e-02
3.146239e-01
2.790596e-01
5.418534e-01
0
3.240948e-02
1.090779e-01
2.343895e-01
4.898600e-01
5.261034e-01
5.548801e-01
7.347252e-01
4.907606e-01
3.873543e-01
5.273911e-01
4.387572e-01
0
0
1.793179e-01
1.289199e-01
0
0
3.308956e-01
2.556080e-01
0
1.457257e-01
0
0
1.808929e-03
4.177095e-02
0
0
0
0
0
0
0
0
0
0
0
0
0
0
0
0
0
0
0
2.056851e-02
0
0
5.185539e-01
5.663832e-01
3.272526e-01
8.127393e-02
0
3.580566e-01
4.548139e-01
6.573293e-01
0
0
0
8.437317e-02
0
0
2.163929e-01
2.345976e-01
0
3.609402e-01
0
0
3.211348e-01
3.848588e-01
0
0
0
0
6.073443e-01
4.290356e-01
1
5.096927e-01
1.291102e-01
0
0
0
0
0
4.091200e-01
5.822541e-01
1.293757e-01
2.358419e-01
1.800296e-02
0
0
1.099606e-01
0
0
0
0
6.380623e-02
1.793798e-01
1.284276e-01
0
0
0
4.911181e-01
1.611900e-01
6.348199e-01
4.573380e-01
4.873929e-01
0
4.725930e-01
4.127450e-01
4.487059e-01
0
3.723651e-01
0
5.091625e-01
2.402866e-01
3.179979e-01
1.107925e-01
0
2.978119e-02
4.374044e-02
3.149540e-01
5.359990e-01
4.750982e-01
6.821997e-01
3.610667e-01
4.491610e-01
3.839995e-01
0
0
4.067522e-01
1.174887e-01
9.601406e-02
0
5.877894e-01
4.260078e-01
1.898566e-01
9.082398e-02
0
0
1.638453e-01
3.086738e-01
0
0
0
0
0
0
0
0
0
0
0
2.166785e-02
0
0
0
0
0
0
0
1.219074e-01
0
0
6.258592e-01
4.425580e-01
8.763910e-02
0
0
1.729250e-01
4.480180e-01
2.899065e-01
0
0
0
0
0
0
1.633918e-01
4.653286e-01
0
2.790997e-01
0
0
3.828277e-01
7.912068e-02
0
0
0
0
2.450417e-01
6.733881e-01
5.096927e-01
1
1.111482e-02
0
0
0
0
9.728881e-02
2.200147e-01
8.084851e-01
1.607135e-01
1.994125e-01
0
0
0
1.483136e-01
0
0
5.563690e-02
1.315026e-01
3.627940e-01
0
0
0
0
0
0
0
0
0
0
0
1.004245e-01
0
0
0
0
0
0
0
4.266801e-03
0
0
2.416382e-01
7.080335e-02
0
1.114528e-01
1.706839e-01
0
1.462586e-01
9.605702e-02
1.296026e-01
0
0
2.346444e-01
9.475944e-02
0
0
5.107998e-02
0
5.604648e-01
3.645559e-01
6.187709e-02
3.071617e-01
3.766510e-01
1.025155e-03
1.217322e-01
1.296743e-01
9.513882e-02
1.656051e-01
1.967231e-01
2.296291e-01
0
0
0
0
0
7.058730e-02
0
9.320025e-02
1.768885e-01
0
1.985442e-01
7.680938e-03
0
0
1.741765e-01
0
0
0
1.803985e-01
1.342199e-01
2.807181e-01
2.207250e-01
0
0
1.867462e-01
1.476040e-01
1.875126e-01
3.212952e-01
0
0
2.332013e-02
0
4.742699e-02
0
1.368760e-01
0
0
0
2.290332e-01
0
0
0
4.136471e-02
0
1.291102e-01
1.111482e-02
1.000000e+00
4.064430e-01
2.850801e-01
0
1.166610e-01
0
2.037693e-01
5.524617e-02
1.806556e-01
2.820033e-01
3.803705e-01
2.666414e-01
4.407007e-01
5.604749e-02
1.324656e-01
0
2.131350e-02
9.992862e-02
1.314531e-01
0
4.158809e-01
1.116370e-01
0
0
0
1.528194e-01
0
1.022037e-02
0
2.538704e-01
5.478096e-02
0
0
2.752993e-01
0
1.495131e-01
0
0
1.189547e-01
0
0
0
0
0
0
0
0
7.678173e-02
0
7.325852e-02
2.138497e-01
3.685005e-01
0
0
0
2.565096e-01
0
7.117809e-02
1.025664e-01
8.825471e-03
0
3.418846e-01
0
1.578325e-02
3.107207e-01
2.592400e-01
2.350007e-01
2.929202e-01
2.733917e-01
2.359546e-01
1.618961e-01
5.253496e-02
0
0
0
1.875965e-02
1.737194e-01
2.894576e-01
1.129995e-01
1.587305e-01
1.634345e-01
3.200818e-01
3.039842e-01
2.243419e-01
4.335018e-01
2.752142e-01
0
0
0
0
7.557646e-02
0
0
0
0
0
0
0
0
0
0
0
3.241691e-01
0
2.039357e-01
2.245112e-01
0
0
4.853236e-01
2.631883e-01
7.513904e-02
0
0
0
0
0
4.064430e-01
1
2.896795e-02
3.536970e-01
3.155037e-02
0
0
0
0
0
2.836107e-01
2.601361e-01
5.914190e-01
2.799382e-01
2.820242e-01
2.952254e-01
4.463714e-01
1.123635e-01
0
0
4.093490e-01
4.602744e-01
0
0
0
0
9.028969e-02
0
1.642806e-01
0
1.871043e-01
0
0
0
0
0
0
0
0
0
0
0
0
0
0
0
0
1.867847e-01
0
0
1.950189e-01
1.310911e-01
1.995955e-01
3.040127e-01
3.328508e-01
3.002933e-02
1.636781e-01
2.552422e-01
4.329460e-01
5.305964e-01
6.290062e-01
4.329653e-01
4.660694e-01
9.316355e-02
3.585573e-01
4.558885e-01
4.644936e-01
3.802883e-01
2.873348e-01
4.383969e-01
3.994952e-01
2.428456e-01
2.109951e-02
0
0
0
5.052254e-01
4.049021e-01
0
0
1.360075e-02
0
0
0
9.446804e-02
3.589760e-01
0
0
3.853802e-01
2.706208e-01
0
0
0
0
0
0
1.196535e-01
0
3.382085e-01
4.560458e-02
0
0
0
0
4.571974e-01
2.982976e-01
0
0
3.077906e-01
2.223694e-01
1.177999e-01
0
0
1.608105e-01
0
0
2.850801e-01
2.896795e-02
1
0
2.687066e-01
1.213660e-01
0
3.323568e-02
0
5.788167e-01
0
1.013257e-01
0
0
0
3.149987e-01
0
1.873718e-01
0
0
0
0
0
1.827810e-01
0
3.604597e-02
0
2.786110e-01
0
2.729419e-01
0
1.279210e-01
0
2.878560e-01
0
1.675164e-01
0
0
1.761394e-01
2.306809e-01
2.166461e-02
0
0
0
0
0
0
0
0
0
9.440039e-02
0
0
0
0
1.904395e-01
7.560088e-03
3.167008e-02
0
0
0
0
0
3.092430e-01
0
0
0
0
0
0
0
6.517995e-02
2.209312e-01
3.580178e-01
2.547230e-01
2.890254e-01
0
3.065018e-02
3.878224e-01
2.178528e-01
1.315982e-01
2.482290e-01
1.901173e-01
2.869252e-01
5.955988e-02
0
0
2.555800e-01
0
5.714326e-03
1.340754e-01
3.259671e-01
0
5.874407e-02
0
2.831340e-01
0
9.928071e-02
0
0
2.715918e-01
1.564605e-01
1.467866e-01
3.150175e-01
0
0
0
2.020581e-01
0
1.598281e-03
1.046954e-01
1.050551e-01
1.586149e-03
0
0
0
0
3.536970e-01
0
1.000000e+00
0
1.728571e-01
0
0
0
0
3.995669e-01
2.431178e-02
3.882777e-01
4.795158e-01
0
2.350810e-01
4.168219e-01
2.079489e-01
1.379285e-01
3.858360e-01
3.124496e-01
1.089228e-01
3.827954e-01
1.614709e-01
0
0
0
0
0
0
0
0
0
1.440084e-01
0
0
0
0
6.116988e-02
9.840417e-02
2.876465e-02
4.389661e-02
0
0
0
0
0
0
0
0
4.792410e-01
3.416530e-01
0
0
2.675169e-01
7.814768e-02
0
0
1.256144e-01
1.618167e-01
2.841542e-01
2.510529e-02
3.659278e-01
7.737148e-03
2.058391e-01
2.451528e-01
3.641039e-02
1.243217e-01
3.746573e-01
2.065137e-01
2.983920e-01
2.261561e-01
1.571232e-01
1.376534e-02
7.550789e-02
1.547707e-01
3.812913e-01
3.028562e-01
3.212940e-01
4.866119e-01
5.292787e-01
3.931464e-01
6.051109e-01
0
4.068078e-01
3.507870e-01
0
0
9.337263e-03
4.682845e-02
4.889796e-01
1.842928e-03
0
0
3.954132e-01
4.416645e-01
5.578873e-01
3.431503e-01
4.646882e-01
5.618613e-01
0
0
3.227813e-01
0
2.086633e-01
1.956089e-01
0
0
3.872139e-01
2.408131e-01
0
0
1.469744e-01
0
0
0
1.166610e-01
3.155037e-02
2.687066e-01
0
1.000000e+00
2.412513e-01
2.176899e-02
0
3.348729e-01
5.382904e-03
0
0
1.469823e-01
0
0
0
0
6.010122e-01
3.405986e-01
6.075969e-02
0
9.662264e-02
7.118021e-03
1.401647e-01
0
0
0
0
0
0
2.559446e-02
5.090024e-02
1.072896e-01
0
2.623793e-01
0
0
0
3.776416e-01
2.740231e-01
0
0
0
0
0
0
0
0
0
0
4.524746e-01
2.080814e-02
0
0
6.525973e-01
3.856494e-01
0
0
7.688632e-02
0
1.406293e-01
0
2.303048e-02
2.912877e-01
2.372305e-01
1.708710e-01
1.544734e-01
1.822874e-01
3.370026e-01
1.822989e-01
4.500259e-01
4.596746e-01
3.505959e-02
3.810405e-02
0
0
4.882964e-02
7.226927e-02
3.087263e-01
1.498731e-01
0
3.632651e-02
3.520337e-01
0
0
1.576955e-01
0
0
0
0
3.345195e-01
2.175932e-01
0
0
1.432226e-01
1.397088e-01
1.417819e-01
0
0
1.390116e-01
2.696797e-01
3.398413e-01
4.368388e-01
0
0
0
0
0
3.768660e-02
0
0
0
0
1.743164e-01
0
9.728881e-02
0
0
1.213660e-01
1.728571e-01
2.412513e-01
1
0
1.594484e-01
1.318425e-01
1.675203e-01
0
0
0
3.342206e-02
0
0
0
5.019975e-01
1.422932e-01
4.375059e-02
0
0
4.328541e-01
3.468951e-01
3.424605e-01
0
1.232320e-01
6.097419e-02
1.060258e-01
0
0
4.870867e-02
1.421167e-01
6.098381e-02
2.356761e-02
1.045357e-01
2.431230e-01
3.221741e-01
2.690206e-01
4.120146e-01
6.659052e-01
6.588829e-01
1.825996e-01
2.750415e-01
5.138699e-01
3.965470e-01
3.107837e-01
0
3.062686e-01
1.328305e-01
0
0
9.587548e-02
0
0
0
0
0
5.399317e-03
0
0
0
1.764451e-01
0
0
0
0
0
0
0
0
0
0
0
1.893663e-01
1.016990e-01
0
0
5.060298e-01
2.603462e-01
1.388737e-01
0
0
0
0
0
2.162864e-01
2.663088e-01
0
0
3.118659e-01
4.994701e-01
5.101150e-01
5.171382e-01
4.227982e-01
3.152791e-01
2.337911e-01
3.876962e-01
2.373677e-02
2.793458e-01
5.549308e-01
3.281344e-01
1.078061e-01
7.203715e-02
0
0
2.235177e-01
0
0
0
0
3.927976e-01
6.735698e-01
1.996565e-01
4.091200e-01
2.200147e-01
2.037693e-01
0
0
0
2.176899e-02
0
1
2.733353e-01
7.161893e-01
0
2.483185e-01
1.954319e-01
8.225320e-02
0
0
0
3.457407e-02
8.221099e-02
3.961263e-01
4.707000e-01
4.863634e-01
4.366445e-02
0
9.307382e-04
5.211123e-01
2.443228e-02
6.323534e-01
2.799827e-01
5.676662e-01
0
4.394327e-01
1.685410e-01
1.874206e-01
0
3.232574e-01
0
5.463791e-01
1.269799e-01
1.449192e-01
2.058842e-01
8.654745e-02
2.183150e-01
1.744442e-01
4.043782e-01
4.575978e-01
4.557189e-01
5.258946e-01
3.926822e-01
4.689778e-01
4.687112e-01
0
0
4.236486e-01
2.310323e-01
2.228759e-01
6.604282e-02
4.526909e-01
2.828183e-01
2.216499e-01
2.850976e-01
0
0
1.988519e-01
4.829756e-01
0
0
0
0
0
0
0
0
0
0
0
0
0
0
0
0
0
0
0
0
0
0
5.544881e-01
3.362489e-01
2.520959e-01
0
0
2.296668e-01
4.043037e-01
4.772525e-01
0
0
0
0
0
0
3.246802e-01
4.713322e-01
0
1.355188e-01
0
0
2.549946e-01
0
0
0
0
0
2.370488e-01
6.231456e-01
5.822541e-01
8.084851e-01
5.524617e-02
0
3.323568e-02
0
0
1.594484e-01
2.733353e-01
1
2.536071e-01
4.590901e-01
0
0
0
1.433653e-01
0
0
0
1.047740e-01
1.116917e-01
0
0
0
3.068936e-01
2.139123e-01
1.680826e-01
0
3.643463e-02
0
2.055232e-01
0
0
0
2.786194e-01
0
1.292353e-01
0
1.054145e-01
1.787701e-01
0
1.003700e-01
4.886301e-01
6.258573e-01
1.461895e-01
4.762317e-02
3.049544e-01
2.631465e-01
1.213048e-01
0
1.057556e-01
0
5.859404e-02
0
4.483379e-02
0
9.804497e-02
0
0
0
1.953141e-01
0
0
0
2.871835e-01
1.994366e-01
0
0
0
0
0
0
0
0
0
0
0
0
0
0
2.889723e-01
7.827852e-02
9.472586e-02
9.699036e-02
3.055134e-02
0
0
0
1.885045e-01
5.369265e-02
1.573355e-01
2.281455e-02
3.890652e-01
4.432718e-01
4.032597e-01
4.307953e-01
6.152761e-01
4.761163e-01
3.782196e-01
5.468640e-01
2.504859e-01
3.488910e-01
2.060594e-01
8.402948e-02
0
0
0
0
0
0
0
0
0
1.102609e-02
5.285226e-01
1.561568e-01
1.293757e-01
1.607135e-01
1.806556e-01
0
0
0
3.348729e-01
1.318425e-01
7.161893e-01
2.536071e-01
1
1.430443e-01
1.017305e-01
0
1.255406e-01
0
0
0
0
1.155370e-01
4.513494e-01
2.234501e-01
1.431861e-01
7.638269e-02
0
0
0
0
1.978209e-01
0
3.295607e-01
0
2.558008e-01
0
0
0
0
0
2.540401e-02
5.230030e-02
0
0
0
2.535050e-01
1.471630e-01
0
0
1.121511e-01
0
2.345928e-01
7.471907e-02
0
1.141145e-01
0
2.815675e-01
3.871391e-01
3.451546e-01
5.482504e-02
2.240957e-02
6.514931e-02
4.334181e-01
4.510844e-01
4.787369e-01
1.837446e-01
3.961531e-01
1.449796e-01
3.076148e-01
3.793393e-01
4.271903e-01
4.368817e-01
1.695941e-01
3.535911e-01
1.747845e-01
2.094799e-01
0
0
0
0
0
0
0
0
0
0
0
0
0
2.645217e-01
0
0
5.985164e-01
3.686466e-01
1.735054e-01
1.127869e-01
1.120354e-01
1.484981e-01
1.102155e-01
0
1.456765e-01
0
3.629151e-01
1.776325e-01
1.478520e-03
0
0
0
3.742652e-01
1.148140e-01
0
0
1.567222e-01
1.269624e-01
0
0
2.116078e-03
3.628132e-01
2.358419e-01
1.994125e-01
2.820033e-01
0
5.788167e-01
0
5.382904e-03
1.675203e-01
0
4.590901e-01
1.430443e-01
1
0
3.448859e-04
0
1.007013e-01
2.013751e-02
6.625381e-02
0
3.005368e-02
0
0
0
0
0
0
0
5.044883e-02
0
0
0
0
0
0
0
1.216187e-01
0
0
0
0
0
2.155900e-01
1.376906e-01
0
9.268276e-02
0
0
0
0
0
0
1.038362e-01
0
0
0
0
0
9.914765e-02
0
0
0
3.638213e-02
0
0
0
6.595217e-02
5.988639e-02
6.787148e-02
0
7.037074e-02
1.752708e-01
1.443546e-01
0
1.197002e-01
8.180961e-02
2.025222e-01
2.101394e-01
1.994814e-01
0
4.734457e-02
2.426879e-01
3.241553e-01
4.000985e-01
3.880007e-01
3.377247e-02
0
2.958965e-01
3.823139e-03
0
0
0
1.735260e-01
4.751308e-02
2.699544e-01
0
0
1.724945e-01
2.163804e-01
1.807933e-01
3.097247e-01
0
8.217415e-02
2.407987e-01
8.268256e-02
1.459245e-02
3.571302e-02
0
0
0
2.751596e-02
0
0
1.864553e-02
3.184269e-01
0
0
1.800296e-02
0
3.803705e-01
2.836107e-01
0
3.995669e-01
0
0
2.483185e-01
0
1.017305e-01
0
1
2.896290e-01
3.966587e-01
1.631139e-01
8.062648e-02
0
1.232586e-01
0
0
6.141956e-01
7.035600e-01
4.518021e-01
1.380756e-01
0
7.077509e-02
1.489737e-01
0
0
0
0
0
0
0
0
0
0
1.304703e-02
0
3.835898e-02
0
0
1.292076e-01
0
0
1.150712e-01
0
0
7.681831e-02
0
0
2.691617e-02
1.861199e-01
1.216227e-01
8.287794e-02
0
0
0
0
2.050599e-01
2.478324e-01
6.112939e-02
1.278848e-01
2.895460e-02
0
0
6.508177e-02
3.789139e-03
0
0
0
0
0
0
0
1.152322e-01
9.013001e-02
0
0
5.376172e-02
1.440301e-01
2.797478e-01
1.175150e-01
1.277468e-01
0
4.823731e-01
2.115016e-01
0
0
8.887314e-02
1.125074e-01
3.359408e-02
0
0
0
0
1.020630e-02
0
0
6.618006e-02
2.959459e-01
6.484867e-02
0
1.009888e-01
0
3.487484e-01
2.016041e-01
2.180349e-01
0
2.050663e-01
3.343021e-01
1.408783e-01
1.541534e-01
0
0
0
0
2.666414e-01
2.601361e-01
1.013257e-01
2.431178e-02
0
0
1.954319e-01
0
0
3.448859e-04
2.896290e-01
1
3.103151e-01
2.356475e-01
0
4.917495e-01
5.357035e-01
0
0
0
5.104326e-01
6.299889e-01
5.843936e-02
0
0
0
0
0
0
2.281569e-01
0
0
0
2.507324e-01
0
2.397003e-01
0
0
2.305150e-01
0
0
2.509819e-01
0
0
0
0
0
0
0
0
4.164003e-02
0
0
0
0
0
0
0
2.897535e-01
0
0
2.641948e-02
0
0
6.836040e-02
1.159339e-01
3.873696e-03
1.602058e-01
1.789110e-01
6.350886e-02
0
7.818376e-02
0
0
3.690984e-02
0
5.325762e-03
1.526551e-01
4.902712e-01
1.316452e-01
3.900694e-01
3.830902e-01
2.469148e-01
8.594260e-02
4.584395e-01
1.949919e-01
0
0
0
9.452837e-02
5.543032e-01
4.680374e-01
0
0
1.783935e-01
2.063226e-01
1.350376e-01
2.997669e-01
1.941291e-02
6.346544e-02
2.446077e-01
6.177413e-03
3.166378e-01
0
0
0
0
0
4.232049e-01
1.449974e-01
9.007354e-02
2.278768e-02
0
0
0
0
4.407007e-01
5.914190e-01
0
3.882777e-01
1.469823e-01
0
8.225320e-02
0
1.255406e-01
0
3.966587e-01
3.103151e-01
1
3.656916e-01
1.326201e-01
2.644183e-01
4.217671e-01
1.154931e-01
7.085063e-02
6.595517e-02
5.951360e-01
3.922943e-01
0
0
0
0
0
0
0
7.723025e-02
0
0
0
0
0
6.229596e-02
0
0
0
0
0
0
0
0
0
0
0
0
0
0
2.012246e-01
0
0
0
2.586027e-01
2.970338e-01
3.463622e-01
4.477154e-01
1.729396e-01
0
0
1.121270e-01
2.343975e-02
5.267046e-01
1.686415e-01
1.365540e-01
2.526446e-01
3.466497e-01
1.315146e-02
1.948127e-01
0
3.883074e-02
0
0
0
0
0
0
0
0
0
0
1.986016e-02
0
1.057348e-02
3.650172e-02
1.561240e-02
0
3.969180e-01
5.002971e-01
1.852405e-01
2.913917e-01
0
2.178134e-01
0
9.034208e-02
0
0
0
0
9.563196e-02
0
5.034979e-02
3.448456e-01
0
1.584721e-01
0
3.418573e-02
0
2.499356e-01
0
0
1.929586e-03
0
1.099606e-01
1.483136e-01
5.604749e-02
2.799382e-01
0
4.795158e-01
0
3.342206e-02
0
1.433653e-01
0
1.007013e-01
1.631139e-01
2.356475e-01
3.656916e-01
1.000000e+00
0
7.901779e-02
2.515798e-01
2.174889e-01
0
0
1.813485e-01
1.790027e-01
2.821311e-01
4.058412e-03
0
2.788504e-01
0
0
0
5.545233e-01
1.930728e-01
2.265734e-01
0
5.966063e-01
2.455036e-02
6.077167e-01
0
3.144492e-01
0
0
0
0
0
0
0
0
0
0
0
0
0
6.938282e-02
0
0
0
7.325844e-03
0
0
0
0
0
2.189869e-01
0
0
8.898075e-02
1.061564e-01
0
4.751742e-02
1.191778e-01
5.347189e-02
2.291041e-01
8.372333e-02
1.915254e-01
0
9.005685e-02
0
3.509698e-01
3.967624e-01
9.493262e-02
9.679346e-02
2.217299e-01
3.578690e-01
8.262782e-02
2.624662e-01
1.944719e-01
3.704186e-01
0
0
0
0
0
0
0
0
0
0
0
6.126778e-02
0
0
0
8.495911e-03
0
9.081634e-02
8.202815e-02
9.116622e-02
0
9.849101e-03
3.311707e-01
1.663459e-01
3.410536e-01
1.956773e-01
0
0
0
0
1.324656e-01
2.820242e-01
0
0
0
0
0
0
0
2.013751e-02
8.062648e-02
0
1.326201e-01
0
1
2.196536e-01
1.179232e-01
0
1.150883e-01
1.308520e-01
2.513894e-01
0
4.051081e-01
0
0
1.720627e-01
0
0
0
2.932593e-01
0
0
0
1.886334e-01
0
2.324771e-01
5.668697e-02
0
2.069507e-02
0
0
0
0
0
0
0
0
0
0
0
9.766698e-02
2.091614e-01
0
0
0
0
0
0
0
2.275423e-01
4.510980e-02
1.902738e-01
0
0
0
4.294175e-02
0
0
0
0
0
0
3.120814e-01
2.163727e-01
2.927407e-01
1.159670e-01
4.297387e-01
4.843530e-01
1.319011e-01
1.147083e-01
3.361030e-01
2.082915e-01
1.732413e-01
3.010801e-01
3.761901e-01
4.589368e-01
0
0
0
0
0
0
0
0
0
6.808066e-03
0
0
1.375661e-01
1.367596e-01
3.802622e-02
0
9.764875e-02
1.056194e-01
3.576354e-01
5.844747e-01
0
1.978239e-02
4.585763e-01
5.531612e-01
6.046868e-01
2.625400e-01
0
0
0
0
0
2.952254e-01
3.149987e-01
2.350810e-01
0
0
0
0
0
6.625381e-02
0
4.917495e-01
2.644183e-01
7.901779e-02
2.196536e-01
1
7.456404e-01
0
0
0
2.416101e-01
1.069536e-01
2.327104e-01
0
0
2.161830e-01
0
2.166418e-01
0
3.348740e-01
0
1.345535e-01
0
2.968593e-01
0
2.464569e-01
4.433508e-02
0
4.625618e-01
9.293544e-02
0
0
0
0
0
0
0
0
0
0
1.166488e-01
2.296406e-01
0
0
0
0
0
0
1.017513e-02
6.406564e-02
0
1.425263e-01
0
0
0
0
0
0
0
0
0
0
1.408550e-01
1.304479e-01
2.907896e-01
2.068551e-01
9.152478e-02
3.038119e-01
3.999335e-01
1.809275e-01
2.850073e-01
2.152966e-01
9.270636e-02
3.370892e-01
2.604180e-01
1.703986e-01
0
1.134827e-01
0
0
1.145522e-01
1.662155e-01
0
0
0
0
0
0
0
0
3.046589e-01
1.969074e-01
3.702545e-01
2.626020e-01
1.766836e-01
3.682272e-01
8.748032e-02
5.517394e-02
1.267232e-01
2.589812e-01
5.217360e-01
2.986378e-01
0
0
0
5.563690e-02
2.131350e-02
4.463714e-01
0
4.168219e-01
0
0
3.457407e-02
0
0
0
1.232586e-01
5.357035e-01
4.217671e-01
2.515798e-01
1.179232e-01
7.456404e-01
1.000000e+00
8.264882e-02
3.623652e-02
0
4.514708e-01
2.039220e-01
2.459733e-01
2.562299e-01
0
0
0
0
0
0
0
0
1.333630e-01
0
2.420788e-01
0
1.773138e-02
0
6.056569e-01
4.085452e-01
6.382440e-02
2.876255e-02
0
9.522330e-02
0
0
0
0
0
0
7.212004e-01
4.079225e-01
0
0
3.472374e-01
4.720306e-02
0
0
1.479466e-01
6.950393e-02
2.690410e-01
0
3.908148e-01
2.779096e-01
6.217124e-02
0
0
0
1.862745e-01
4.228972e-02
7.953511e-02
0
0
0
0
2.304684e-01
1.266577e-01
1.169553e-01
5.461287e-01
3.330141e-01
1.334483e-01
0
3.195715e-01
0
8.644765e-02
0
0
0
0
0
5.357619e-01
2.064515e-01
1.441889e-01
7.724052e-02
1.715420e-01
2.865762e-01
2.729611e-01
1.048223e-02
1.366063e-01
1.844650e-01
3.629596e-01
1.214897e-01
7.150554e-01
0
2.695123e-01
2.353867e-01
0
0
1.055283e-01
2.864376e-03
0
0
1.601078e-01
2.676844e-01
0
1.315026e-01
9.992862e-02
1.123635e-01
1.873718e-01
2.079489e-01
6.010122e-01
5.019975e-01
8.221099e-02
1.047740e-01
1.155370e-01
3.005368e-02
0
0
1.154931e-01
2.174889e-01
0
0
8.264882e-02
1
4.605590e-01
1.039884e-01
0
0
4.032487e-01
2.757981e-01
0
0
1.177207e-01
7.294584e-02
3.022490e-02
3.759711e-02
6.208259e-02
2.633916e-01
5.193584e-01
8.744993e-02
2.568519e-01
2.007357e-01
1.531644e-01
1.356704e-01
2.832428e-01
1.512581e-01
1.138628e-01
3.303119e-02
0
0
1.775280e-01
9.097974e-02
2.760135e-01
0
1.948993e-01
0
0
0
0
0
0
0
1.726236e-01
0
0
0
0
0
9.560604e-02
2.417192e-02
0
0
0
0
0
0
0
0
4.422447e-01
4.215409e-01
3.812701e-01
4.998784e-01
1.160957e-01
2.192253e-01
5.513222e-01
9.168439e-02
2.732995e-01
1.710029e-01
6.239862e-03
8.383798e-02
0
0
1.787613e-01
2.156370e-01
0
0
1.836536e-01
2.804630e-01
3.892728e-01
1.069921e-01
1.849428e-01
2.437222e-01
8.979280e-02
2.852698e-01
0
0
1.377352e-01
1.468544e-01
1.345494e-01
2.389912e-01
0
0
0
0
0
0
1.727470e-01
2.806212e-01
4.140348e-01
2.138709e-01
6.380623e-02
3.627940e-01
1.314531e-01
0
0
1.379285e-01
3.405986e-01
1.422932e-01
3.961263e-01
1.116917e-01
4.513494e-01
0
0
0
7.085063e-02
0
1.150883e-01
0
3.623652e-02
4.605590e-01
1.000000e+00
1.351148e-01
0
0
6.931809e-02
3.355423e-01
6.711104e-02
0
0
1.364017e-01
0
0
0
1.294164e-01
0
2.827509e-01
0
0
0
0
1.564466e-01
6.765798e-01
5.882919e-01
7.951486e-02
3.374785e-01
3.961747e-01
1.796713e-02
0
5.375024e-02
0
1.584083e-01
1.561995e-01
6.688626e-02
1.023102e-01
0
0
0
0
0
0
0
0
0
0
0
5.140942e-02
0
0
0
0
0
0
0
1.532330e-02
2.080352e-01
2.796747e-01
3.187337e-01
2.086492e-01
0
0
3.753189e-01
4.235830e-01
2.016322e-01
3.284285e-02
0
0
0
0
0
2.010624e-01
0
0
9.093595e-02
3.139810e-01
2.452158e-01
3.635237e-01
2.641660e-01
3.057211e-01
3.461592e-01
4.012054e-01
0
5.768381e-02
5.880169e-01
3.600554e-01
1.687081e-01
3.128250e-01
0
0
0
1.513303e-01
0
0
0
4.318223e-01
3.724776e-01
0
1.793798e-01
0
0
0
0
3.858360e-01
6.075969e-02
4.375059e-02
4.707000e-01
0
2.234501e-01
0
6.141956e-01
0
6.595517e-02
0
1.308520e-01
0
0
1.039884e-01
1.351148e-01
1
4.733830e-01
0
1.224969e-01
0
0
0
0
2.686779e-02
0
1.352881e-01
0
0
0
2.419310e-01
0
1.517893e-01
0
0
2.037951e-01
2.876436e-01
2.445634e-01
3.199705e-01
0
0
0
0
0
0
2.296825e-02
1.010572e-01
4.934566e-02
1.713790e-01
0
0
0
0
0
0
3.718156e-02
3.991133e-03
0
0
0
4.720911e-02
0
0
0
0
0
0
0
0
0
0
9.294811e-02
0
0
0
4.047012e-01
3.182994e-01
2.584908e-01
1.531373e-01
0
0
3.471752e-01
2.839993e-02
0
0
0
0
2.192296e-01
3.451510e-01
0
8.146264e-02
0
8.798070e-02
0
1.922103e-01
0
1.310815e-01
5.442733e-01
2.538101e-01
2.436993e-01
2.802986e-02
6.083673e-02
0
0
0
2.498012e-01
1.644690e-01
7.221177e-02
3.106795e-01
4.993838e-02
0
1.284276e-01
0
4.158809e-01
4.093490e-01
0
3.124496e-01
0
0
4.863634e-01
0
1.431861e-01
0
7.035600e-01
5.104326e-01
5.951360e-01
1.813485e-01
2.513894e-01
2.416101e-01
4.514708e-01
0
0
4.733830e-01
1.000000e+00
5.049026e-01
1.452277e-01
6.788886e-02
0
1.343668e-01
0
0
0
0
0
0
0
2.100504e-01
0
0
0
0
0
0
1.489761e-01
1.525098e-01
0
0
0
0
0
0
0
0
2.229887e-01
3.342814e-01
0
8.608325e-02
5.528315e-03
2.277067e-01
0
0
8.959945e-02
0
4.840932e-02
2.426686e-01
0
7.944958e-03
1.016888e-01
1.916157e-01
1.371516e-01
1.559214e-01
0
2.260640e-02
0
0
0
0
4.018884e-02
0
0
0
2.037067e-02
3.781136e-01
3.524352e-01
5.224226e-01
5.632048e-01
0
7.032104e-01
4.720041e-01
0
0
0
1.941622e-01
1.249683e-01
0
0
0
3.826798e-03
1.431403e-02
0
1.276356e-02
0
3.731092e-01
0
0
1.608656e-01
0
2.697606e-01
6.786675e-02
0
0
3.141751e-01
2.771400e-01
6.244531e-02
3.066796e-02
0
0
0
0
1.116370e-01
4.602744e-01
0
1.089228e-01
9.662264e-02
0
4.366445e-02
0
7.638269e-02
0
4.518021e-01
6.299889e-01
3.922943e-01
1.790027e-01
0
1.069536e-01
2.039220e-01
0
0
0
5.049026e-01
1
