1
5.926801e-01
0
0
0
0
0
2.038361e-01
0
0
2.268257e-01
3.081844e-01
3.574201e-01
2.055092e-01
1.686561e-01
1.371090e-02
1.904609e-01
9.244989e-02
2.923673e-01
3.466154e-01
0
0
0
0
0
0
0
0
3.610996e-01
2.185716e-01
0
0
0
0
0
0
0
0
2.214279e-02
0
0
0
0
0
0
0
0
0
0
0
2.559235e-01
9.092240e-02
3.316119e-01
7.575449e-02
8.448267e-02
0
4.836549e-01
4.534482e-01
3.237937e-01
2.770252e-01
4.459233e-01
2.461602e-01
3.966000e-01
3.686896e-01
0
0
0
0
4.144285e-01
1.116543e-01
0
3.069412e-02
6.657285e-02
3.020668e-01
3.558482e-03
2.871066e-01
3.274690e-01
4.324162e-01
1.630653e-01
6.614684e-02
3.382925e-01
0
3.488294e-01
2.219627e-01
0
0
2.657288e-01
2.505553e-02
2.541158e-01
1.463875e-01
0
0
0
0
0
0
0
1.268075e-01
2.790263e-01
3.865704e-01
2.572870e-01
0
2.749566e-01
0
0
3.508342e-02
1.068584e-01
0
1.888657e-01
3.192263e-01
1.777193e-01
3.021354e-01
3.084442e-01
0
0
1.278162e-01
5.926801e-01
1
1.976696e-01
0
0
0
0
0
0
9.891792e-02
4.070846e-01
1.751834e-01
5.230360e-01
0
3.932163e-01
0
3.122009e-01
5.536887e-01
7.097144e-01
2.249605e-01
0
2.957486e-01
0
0
0
0
0
0
5.396965e-01
4.380656e-01
2.174616e-03
0
2.650270e-01
3.026418e-01
0
0
0
0
6.804688e-02
0
1.686420e-01
3.882552e-01
0
0
0
0
0
0
0
0
7.415424e-02
1.419513e-01
3.455995e-01
2.719080e-01
0
0
2.944969e-01
5.933550e-01
0
1.077327e-01
2.451355e-01
1.610577e-02
0
0
0
1.325895e-01
0
0
1.762657e-01
4.544584e-02
0
1.980395e-01
1.106162e-01
4.092424e-01
5.751296e-02
1.274769e-01
0
1.775524e-01
2.772708e-01
3.470596e-01
2.772648e-01
1.838959e-01
1.611479e-01
1.016640e-01
3.698892e-02
0
0
0
1.324754e-01
2.109746e-01
3.559269e-02
4.713116e-02
0
5.030546e-03
0
0
0
2.569699e-01
1.564323e-01
3.946433e-01
1.548942e-01
0
1.745220e-01
0
0
0
0
0
0
0
0
3.420483e-01
1.628923e-01
1.664251e-01
0
6.953706e-02
0
1.976696e-01
1.000000e+00
1.427614e-01
6.839643e-01
3.420624e-01
7.333649e-01
0
3.992693e-01
2.397548e-01
5.053382e-01
0
2.523033e-01
0
6.330321e-01
2.475184e-01
0
1.142932e-01
4.431578e-01
1.260851e-01
3.187148e-01
4.666273e-01
8.369823e-01
6.567683e-01
7.495682e-01
4.299670e-01
5.235333e-01
4.519514e-01
0
0
7.710594e-01
4.353481e-01
0
0
5.106116e-01
1.692281e-01
0
0
5.757632e-03
0
9.742355e-02
9.347440e-03
0
0
0
0
0
0
0
0
0
1.243540e-01
1.147871e-01
1.813500e-01
0
0
0
0
0
0
0
0
0
0
7.637307e-01
4.943843e-01
0
0
0
0
5.310227e-01
2.609120e-01
1.192797e-01
0
0
0
0
0
1.688588e-01
4.791577e-01
0
1.649111e-01
0
0
8.053676e-01
4.115442e-01
0
0
5.975857e-03
3.460909e-01
1.846669e-01
3.451664e-01
3.766660e-01
4.912591e-01
0
0
0
0
0
0
4.440561e-01
5.452885e-01
1.763596e-01
0
0
9.740135e-02
0
0
0
0
0
0
0
1.537451e-01
0
0
0
0
1.427614e-01
1
1.610763e-01
2.960134e-01
7.894893e-02
4.609275e-01
9.568374e-02
1.255389e-01
0
1.471718e-01
9.745499e-03
3.955689e-01
1.979251e-01
4.933218e-01
0
0
0
0
0
0
1.567493e-01
3.432933e-01
4.638959e-02
3.359900e-01
0
2.448260e-01
0
0
1.305130e-01
3.963967e-01
0
4.441474e-02
9.953097e-02
4.124553e-01
0
8.614365e-02
0
1.432236e-01
0
0
0
0
1.330199e-01
1.031911e-01
0
0
4.207451e-03
0
3.430358e-02
4.877530e-02
0
0
0
0
0
0
0
1.161622e-01
0
5.653018e-01
0
7.645664e-02
2.103556e-01
3.752200e-01
1.446600e-01
3.007542e-01
0
0
0
0
0
0
0
0
0
0
0
0
0
9.563781e-02
0
0
3.169808e-01
4.820326e-01
0
0
1.068124e-01
3.417602e-02
0
0
3.405204e-01
1.869056e-01
0
7.578895e-02
0
4.485030e-02
0
0
0
9.610915e-02
0
0
6.086053e-02
1.475031e-01
0
0
2.750475e-01
1.694769e-01
1.671793e-01
0
0
0
0
1.082968e-01
0
0
6.839643e-01
1.610763e-01
1.000000e+00
5.327819e-01
7.699937e-01
0
7.453723e-01
5.063911e-01
2.707157e-01
0
2.284381e-01
0
5.169023e-01
2.570380e-01
0
2.416629e-02
0
0
4.175666e-01
3.325857e-01
6.055448e-01
5.810872e-01
8.319906e-01
7.422452e-01
8.749695e-01
6.935339e-01
0
0
4.718364e-01
3.572865e-01
0
0
5.856622e-01
3.168458e-01
0
0
0
0
0
0
0
0
0
0
0
6.065720e-02
0
0
5.495933e-03
8.087554e-02
0
8.955339e-02
0
5.662716e-02
0
0
0
0
0
8.725771e-02
0
0
6.908094e-01
4.696153e-01
0
0
0
0
6.495137e-01
1.909453e-01
0
0
0
0
0
0
3.210850e-02
3.279378e-01
0
4.167980e-02
0
0
4.618045e-01
2.710150e-01
0
0
0
2.288902e-01
1.536480e-01
5.022621e-01
4.880119e-01
6.138726e-01
0
0
0
0
0
0
2.649007e-01
6.592189e-01
4.726552e-02
2.437068e-01
0
0
0
0
0
0
0
0
1.907761e-01
7.205857e-02
0
0
0
0
3.420624e-01
2.960134e-01
5.327819e-01
1
2.489719e-01
3.327914e-01
4.543671e-01
8.710824e-01
2.052406e-01
2.386232e-01
2.286560e-01
3.514066e-01
3.010032e-01
4.559825e-01
2.122636e-01
2.336857e-01
1.317125e-01
0
2.908553e-01
3.163698e-01
4.170298e-01
4.478619e-01
6.259512e-01
5.013735e-01
6.768552e-01
6.402666e-01
0
0
4.121645e-02
0
0
0
3.663560e-01
2.242514e-01
0
0
0
0
0
0
0
0
0
0
0
0
0
0
7.989689e-02
1.248758e-01
1.050803e-01
1.179331e-01
0
0
2.119201e-02
0
0
0
0
5.008325e-01
0
0
4.431769e-01
6.990729e-01
0
0
0
2.373680e-02
4.745315e-01
2.834815e-01
0
0
0
0
0
0
2.528120e-01
4.645952e-01
0
3.464163e-01
0
0
3.409778e-01
4.987523e-01
0
0
0
3.382500e-01
3.055330e-01
2.630213e-01
5.225704e-01
4.274370e-01
0
0
0
2.286624e-01
0
0
2.031687e-01
2.411910e-01
0
0
0
0
0
0
4.820061e-02
0
2.487431e-01
0
1.590930e-01
2.207362e-01
9.642016e-02
0
0
0
7.333649e-01
7.894893e-02
7.699937e-01
2.489719e-01
1.000000e+00
0
6.217038e-01
2.739081e-01
4.699457e-01
0
4.027776e-01
0
4.860887e-01
3.642166e-01
0
0
1.847463e-01
6.807775e-02
5.645470e-01
4.793089e-01
6.392742e-01
6.309484e-01
7.177987e-01
4.522680e-01
6.015081e-01
3.894791e-01
0
0
6.142644e-01
5.067744e-01
6.683193e-02
0
5.688846e-01
3.810438e-01
0
0
2.037301e-01
0
2.637543e-01
1.273782e-02
0
0
0
0
0
0
0
0
0
0
0
0
0
0
0
0
0
0
0
0
0
0
6.920661e-01
4.095419e-01
2.842211e-01
0
0
0
6.423051e-01
3.590193e-01
1.906758e-01
0
7.489715e-02
0
1.029210e-01
0
0
1.969262e-01
0
1.169411e-01
0
0
5.575548e-01
3.379235e-01
0
0
0
0
3.199897e-01
6.363058e-01
4.585868e-01
5.059340e-01
0
0
9.506417e-03
0
0
0
1.742884e-01
6.248374e-01
1.918947e-01
3.658163e-01
0
0
0
0
0
0
0
0
6.278392e-02
1.626918e-02
0
0
2.038361e-01
0
0
4.609275e-01
0
3.327914e-01
0
1
3.139828e-02
3.893480e-01
0
7.306191e-01
2.268991e-01
8.008250e-01
0
4.998867e-01
0
0
0
5.928558e-02
0
0
0
0
0
0
0
0
0
1.958609e-02
0
0
0
1.301698e-01
0
0
0
0
0
0
0
0
1.706816e-01
1.007169e-01
5.930932e-02
2.181437e-01
7.644546e-02
4.155169e-02
9.681709e-02
1.120135e-01
0
0
0
0
0
6.580895e-02
2.162054e-02
0
0
2.129901e-01
1.205077e-01
6.441133e-01
6.449849e-02
3.160642e-01
0
2.009109e-01
0
5.249070e-02
5.404848e-02
5.928390e-02
0
1.487984e-01
0
0
0
0
0
0
0
0
0
7.582536e-02
0
2.773697e-01
0
4.530544e-02
8.295253e-02
2.731376e-01
0
0
0
0
1.312661e-01
0
0
2.598023e-01
0
3.014448e-01
0
0
0
0
0
0
0
0
2.312619e-01
1.195167e-01
5.468585e-01
2.773083e-01
3.225205e-01
0
9.128310e-03
0
1.149654e-01
0
0
0
3.992693e-01
9.568374e-02
7.453723e-01
4.543671e-01
6.217038e-01
3.139828e-02
1
5.811833e-01
2.747426e-01
0
4.400632e-01
1.552129e-01
5.837607e-01
4.229591e-01
0
0
0
0
3.147744e-01
1.154151e-01
2.561889e-01
3.623595e-01
5.159511e-01
6.050219e-01
6.417997e-01
5.065051e-01
0
0
3.727824e-01
4.407229e-01
0
0
5.280086e-01
3.541167e-01
0
0
9.057691e-02
0
0
0
6.071352e-02
0
1.074117e-01
0
0
1.171739e-01
4.986204e-02
0
0
0
0
0
7.216348e-02
8.976903e-02
0
0
0
0
0
2.069215e-01
0
0
3.561401e-01
2.109211e-01
0
0
0
0
4.100527e-01
8.527138e-02
0
0
0
0
0
0
0
2.846914e-01
0
1.024205e-01
9.962736e-02
1.814941e-02
1.993030e-01
1.610479e-01
1.584660e-02
0
0
0
0
3.556834e-01
3.387443e-01
4.539309e-01
6.038829e-02
0
5.025708e-02
0
0
0
0
4.399510e-01
0
2.796286e-01
0
0
0
0
2.787944e-01
0
0
0
1.685683e-01
0
0
0
0
9.891792e-02
2.397548e-01
1.255389e-01
5.063911e-01
8.710824e-01
2.739081e-01
3.893480e-01
5.811833e-01
1
3.225074e-01
3.923514e-01
5.112572e-01
3.951212e-01
3.624126e-01
4.666355e-01
2.590643e-01
3.208735e-01
1.891897e-01
0
1.525213e-01
2.032942e-01
2.162807e-01
2.327063e-01
5.609928e-01
3.219188e-01
5.807932e-01
4.700670e-01
0
0
0
0
0
0
2.356861e-01
8.873465e-02
0
0
0
0
0
0
0
0
0
0
0
0
0
0
8.481496e-02
7.108564e-02
7.067202e-02
6.341570e-02
0
5.956724e-02
7.825465e-02
0
0
0
0
5.328593e-01
0
0
2.978179e-01
6.127122e-01
0
0
0
0
4.097126e-01
2.184916e-01
0
0
0
0
0
0
1.989151e-01
4.657679e-01
7.228235e-02
3.317812e-01
0
0
1.818988e-01
3.628963e-01
0
0
0
2.497382e-01
2.046216e-01
3.602994e-01
3.068150e-01
4.260441e-01
0
0
0
1.313278e-01
0
2.194803e-02
9.043823e-02
2.057143e-01
0
0
0
0
0
0
2.378392e-01
0
1.115449e-01
0
2.873596e-01
1.721222e-01
0
0
2.268257e-01
4.070846e-01
5.053382e-01
0
2.707157e-01
2.052406e-01
4.699457e-01
0
2.747426e-01
3.225074e-01
1
0
6.132821e-01
0
4.743325e-01
2.887183e-01
7.506472e-02
0
3.145283e-01
1.223083e-01
0
1.873065e-01
5.519333e-01
3.911062e-01
5.213216e-01
0
1.721112e-01
0
0
0
4.007504e-01
1.111191e-01
3.527982e-02
0
5.530724e-01
2.504186e-01
3.860530e-02
0
9.386252e-02
0
2.152730e-01
9.116300e-02
0
0
0
0
0
0
0
0
1.374331e-01
3.048158e-01
2.781463e-01
3.604375e-01
0
0
2.025660e-02
0
0
0
0
2.820470e-01
0
0
5.694558e-01
4.074840e-01
0
0
0
0
4.379144e-01
1.386079e-01
2.458115e-01
6.638875e-02
0
4.407315e-02
1.264375e-01
0
0
2.666984e-01
0
2.664753e-01
0
0
5.307800e-01
3.087494e-01
0
0
1.374665e-01
1.426043e-01
2.689635e-01
3.528012e-01
9.270665e-03
4.477612e-01
0
0
0
0
0
9.132471e-02
1.749699e-01
1.758648e-01
2.971567e-01
0
0
0
0
0
0
0
0
1.153341e-01
5.517837e-01
0
0
0
3.081844e-01
1.751834e-01
0
1.471718e-01
0
2.386232e-01
0
7.306191e-01
0
3.923514e-01
0
1
9.965821e-02
6.462524e-01
0
1.871682e-01
7.664989e-02
1.251355e-01
1.674401e-01
0
0
0
0
0
0
0
0
0
5.188844e-02
1.963189e-01
0
0
0
1.599037e-01
0
0
0
0
0
0
0
0
7.901163e-02
4.298205e-02
0
2.240158e-02
1.300507e-01
0
1.548530e-01
1.701855e-01
1.684324e-01
3.118968e-03
1.728610e-01
0
1.756901e-01
1.878804e-01
2.177277e-01
3.315436e-01
2.766786e-01
5.251847e-01
4.720504e-01
4.817522e-01
3.404752e-01
3.296913e-01
0
9.658794e-02
0
0
1.109577e-01
0
0
0
0
0
0
0
0
1.875533e-02
0
0
2.500614e-01
9.087054e-02
0
1.914205e-01
0
8.947317e-02
1.377514e-01
2.343573e-01
1.186420e-01
1.469329e-01
0
0
0
0
0
3.026481e-01
0
4.172387e-01
1.809868e-02
1.422738e-01
0
0
0
0
1.099831e-01
0
2.896348e-01
0
5.644546e-01
9.648297e-02
2.507205e-01
0
0
2.106587e-01
1.608078e-01
1.955853e-01
3.574201e-01
5.230360e-01
2.523033e-01
9.745499e-03
2.284381e-01
2.286560e-01
4.027776e-01
2.268991e-01
4.400632e-01
5.112572e-01
6.132821e-01
9.965821e-02
1.000000e+00
2.322302e-01
7.072539e-01
5.588552e-01
2.274981e-02
1.240696e-01
3.751531e-01
1.294177e-01
0
1.904426e-01
8.569256e-02
6.180266e-02
1.792591e-01
0
8.740322e-02
1.443529e-02
2.373051e-01
9.747915e-02
8.824757e-02
1.752709e-01
2.374550e-01
9.867621e-02
1.815702e-01
9.489035e-02
0
0
2.204234e-01
0
6.378330e-02
1.941312e-01
0
0
0
0
0
0
0
0
0
0
0
0
0
0
0
0
0
0
1.239920e-02
3.957177e-01
0
0
2.225326e-01
3.595366e-01
0
0
0
0
2.271346e-01
4.145328e-01
0
0
0
0
2.718864e-01
0
0
2.075491e-01
1.414505e-02
1.986860e-01
2.127624e-01
3.460251e-01
1.854829e-01
1.016320e-01
0
0
0
0
1.174104e-01
3.673402e-01
7.272204e-02
3.844525e-01
0
0
0
0
0
2.825434e-01
3.956386e-02
3.312376e-01
1.395613e-01
0
0
0
0
0
3.014309e-02
0
0
2.039586e-01
2.729561e-01
0
0
0
2.055092e-01
0
0
3.955689e-01
0
3.514066e-01
0
8.008250e-01
1.552129e-01
3.951212e-01
0
6.462524e-01
2.322302e-01
1.000000e+00
2.353839e-02
7.042064e-01
0
0
0
3.188613e-02
0
0
0
1.819863e-01
0
0
0
0
0
0
0
0
0
0
0
3.415505e-02
0
0
0
1.820086e-02
0
0
0
0
0
8.656915e-02
0
0
0
0
4.342614e-02
0
0
0
7.253795e-02
6.143368e-02
0
0
0
9.582209e-02
0
6.204095e-01
9.694562e-03
1.292518e-01
0
3.280534e-01
0
1.233041e-01
4.342768e-02
1.216787e-01
0
2.080261e-01
0
0
0
4.314257e-02
1.100037e-01
0
0
0
0
2.398226e-01
0
2.182795e-01
0
2.922543e-01
0
3.101512e-01
5.194544e-02
0
1.567396e-01
0
3.545343e-01
0
0
1.284141e-01
0
2.336587e-01
0
0
3.870109e-02
0
0
0
0
0
2.291247e-01
1.008778e-01
5.830548e-01
1.948604e-01
1.944176e-01
0
1.613764e-01
0
1.057033e-01
0
1.686561e-01
3.932163e-01
6.330321e-01
1.979251e-01
5.169023e-01
3.010032e-01
4.860887e-01
0
5.837607e-01
3.624126e-01
4.743325e-01
0
7.072539e-01
2.353839e-02
1
4.946953e-01
0
1.066245e-01
3.373558e-01
1.184741e-01
4.574984e-02
2.944175e-01
3.949962e-01
3.025629e-01
3.608787e-01
2.189282e-01
3.412895e-01
3.808656e-01
8.084564e-02
5.331025e-02
4.563918e-01
3.854033e-01
0
0
4.086957e-01
1.733511e-01
0
0
1.038113e-01
0
7.963553e-02
2.611706e-01
0
0
0
0
0
0
0
0
0
0
0
0
0
0
0
0
0
0
0
2.154964e-01
0
0
4.282868e-01
3.688496e-01
0
0
0
0
2.479777e-01
3.636618e-01
0
0
0
0
0
0
1.252527e-01
4.178735e-01
0
2.053233e-01
3.166193e-01
1.656943e-01
4.427809e-01
1.663071e-01
0
0
1.949607e-02
1.438377e-02
5.912599e-03
2.504270e-01
3.104400e-01
5.387128e-01
0
0
0
0
0
0
2.516474e-01
5.723218e-01
1.029372e-01
4.126889e-02
0
3.335355e-03
0
0
0
5.395109e-02
2.447134e-02
0
1.530202e-01
0
0
0
1.371090e-02
0
2.475184e-01
4.933218e-01
2.570380e-01
4.559825e-01
3.642166e-01
4.998867e-01
4.229591e-01
4.666355e-01
2.887183e-01
1.871682e-01
5.588552e-01
7.042064e-01
4.946953e-01
1
0
0
2.241622e-01
2.211169e-01
2.359648e-01
1.617447e-01
3.158870e-01
5.561193e-01
2.459919e-01
1.699423e-01
2.297373e-01
1.181977e-01
0
0
1.344211e-01
3.776975e-01
0
0
2.315189e-01
2.940448e-01
0
0
0
0
0
0
0
0
0
0
0
0
0
0
0
0
0
0
0
0
0
0
0
0
0
4.555688e-01
0
0
3.434123e-01
5.518844e-01
1.469868e-01
6.216096e-02
0
0
2.487305e-01
5.573926e-01
0
0
0
0
1.694249e-01
0
0
4.391915e-02
0
3.329868e-01
0
1.112620e-01
3.197475e-01
4.386013e-01
0
5.902779e-02
0
0
3.424851e-01
1.798125e-01
6.322553e-01
3.597510e-01
0
0
0
0
0
0
2.308184e-01
2.759008e-01
1.360675e-01
1.049288e-01
0
0
0
1.494543e-02
2.552900e-01
0
0
0
5.521606e-02
0
0
0
1.904609e-01
3.122009e-01
0
0
0
2.122636e-01
0
0
0
2.590643e-01
7.506472e-02
7.664989e-02
2.274981e-02
0
0
0
1
7.270556e-01
2.075389e-01
2.611505e-01
0
1.457219e-01
0
0
1.023995e-01
0
7.831147e-02
1.367504e-01
5.572058e-01
5.187713e-01
0
0
1.078283e-01
6.135930e-02
0
0
3.852299e-01
7.449244e-02
1.164883e-01
0
2.448982e-01
2.701945e-01
0
0
0
0
1.149649e-01
0
0
0
0
0
9.923162e-02
2.250890e-01
0
0
6.452695e-01
5.426548e-01
1.455143e-02
0
5.484785e-02
0
0
0
0
0
0
0
4.652162e-01
3.418014e-01
6.075910e-02
0
0
1.211413e-01
4.563409e-02
0
0
0
6.707342e-01
5.855394e-01
7.959998e-01
5.655641e-02
1.849606e-01
9.590098e-02
0
0
1.147502e-02
0
0
5.797335e-02
8.411995e-02
3.029866e-01
0
2.013632e-01
1.509931e-01
2.346281e-01
1.394137e-01
1.322549e-01
2.336667e-01
4.862137e-01
1.115557e-01
0
0
0
0
1.036520e-02
2.916218e-01
1.378646e-01
0
0
4.738678e-01
6.604542e-01
1.799147e-01
0
1.552844e-01
0
9.244989e-02
5.536887e-01
1.142932e-01
0
2.416629e-02
2.336857e-01
0
0
0
3.208735e-01
0
1.251355e-01
1.240696e-01
0
1.066245e-01
0
7.270556e-01
1.000000e+00
5.694360e-01
1.667863e-01
1.823068e-01
4.990249e-01
0
0
1.542881e-01
0
2.039103e-01
2.601874e-01
5.119952e-01
5.078671e-01
0
0
1.453296e-01
1.646607e-01
0
0
8.184909e-02
0
0
0
1.601077e-01
3.990386e-01
0
0
0
0
3.334982e-03
0
0
0
0
0
1.175173e-01
1.911174e-01
0
0
4.736791e-01
6.461766e-01
0
0
8.056693e-04
0
0
0
0
5.464846e-02
0
0
2.284231e-01
2.634557e-01
1.680876e-01
3.285319e-01
6.313741e-02
2.289144e-01
1.760153e-01
0
0
3.839076e-02
7.764491e-01
6.549909e-01
5.841771e-01
2.256043e-01
2.394367e-03
0
0
0
0
0
0
2.297494e-01
2.250181e-01
3.291698e-01
0
1.016821e-01
0
0
0
2.523934e-01
1.548328e-01
4.682425e-01
2.440842e-01
1.032637e-01
7.563186e-02
0
1.731460e-01
0
0
7.223310e-03
0
0
1.187778e-01
4.900118e-01
5.622747e-02
4.682131e-01
2.238184e-01
0
2.923673e-01
7.097144e-01
4.431578e-01
0
0
1.317125e-01
1.847463e-01
0
0
1.891897e-01
3.145283e-01
1.674401e-01
3.751531e-01
0
3.373558e-01
2.241622e-01
2.075389e-01
5.694360e-01
1.000000e+00
5.413485e-01
2.505181e-01
4.686841e-01
3.054217e-01
1.545269e-01
1.793667e-01
0
6.294005e-02
1.228256e-01
2.915994e-01
2.326993e-01
1.738205e-01
0
1.235293e-01
1.975018e-01
0
0
0
0
0
0
1.229322e-01
2.189708e-01
0
0
0
0
0
0
0
0
0
0
7.041749e-02
0
0
0
2.077949e-01
3.803758e-01
0
0
0
0
0
0
8.943383e-02
2.144878e-01
0
0
1.794616e-01
2.150505e-01
2.281825e-01
5.099156e-01
3.034588e-01
2.867528e-01
1.673638e-01
2.281433e-01
0
1.036242e-01
4.532222e-01
4.881814e-01
1.790226e-01
1.105267e-01
0
0
1.616333e-01
2.355775e-02
0
0
0
1.500528e-01
3.710449e-01
1.130652e-01
8.461548e-02
2.441386e-02
0
0
0
9.076055e-02
0
1.181871e-01
5.642614e-01
1.158657e-01
4.703791e-01
0
1.201084e-01
0
0
0
0
0
0
1.055730e-01
2.217239e-02
4.907236e-01
1.788263e-01
1.410292e-01
3.466154e-01
2.249605e-01
1.260851e-01
0
0
0
6.807775e-02
5.928558e-02
0
0
1.223083e-01
0
1.294177e-01
3.188613e-02
1.184741e-01
2.211169e-01
2.611505e-01
1.667863e-01
5.413485e-01
1
6.859251e-02
2.346165e-02
2.540603e-01
2.830769e-01
0
0
2.296696e-02
0
2.682408e-01
1.028341e-01
3.179829e-01
1.108375e-01
1.050803e-01
1.192611e-01
0
0
4.347036e-01
2.199569e-01
1.592743e-01
1.923815e-02
3.843036e-01
2.418344e-01
0
0
0
0
0
0
0
0
0
0
0
0
0
0
3.004043e-01
1.276008e-01
0
0
0
0
0
0
0
0
0
0
6.205989e-01
5.747427e-01
1.300732e-01
3.781061e-01
4.971336e-01
4.629101e-01
3.382563e-01
3.560175e-01
3.429076e-01
3.273278e-01
4.001482e-01
2.805895e-01
1.038235e-01
0
2.359160e-01
0
2.922671e-02
0
3.708925e-02
0
0
0
4.276520e-01
1.761382e-01
1.530928e-01
4.523654e-02
2.925222e-01
0
0
0
6.148419e-02
6.196595e-02
5.286751e-01
1.691103e-01
5.978619e-01
2.068733e-01
0
7.598012e-02
3.042686e-01
6.468359e-02
0
0
0
1.146205e-01
0
0
2.644984e-01
1.570647e-01
0
0
3.187148e-01
0
4.175666e-01
2.908553e-01
5.645470e-01
0
3.147744e-01
1.525213e-01
0
0
0
0
4.574984e-02
2.359648e-01
0
1.823068e-01
2.505181e-01
6.859251e-02
1
7.336111e-01
3.049289e-01
3.507619e-01
3.826384e-01
3.311045e-01
5.688756e-01
4.927956e-01
0
0
1.725265e-01
2.342223e-01
0
1.919253e-02
2.593569e-01
2.657439e-01
0
0
0
0
1.211770e-01
0
1.273111e-01
7.218846e-02
1.469954e-01
5.126267e-02
1.203673e-01
1.728405e-01
0
1.410721e-01
0
0
0
0
0
0
0
0
0
0
0
0
0
0
2.197718e-01
9.724829e-02
2.007773e-01
1.237248e-02
0
0
5.112812e-01
5.001607e-01
8.516155e-02
0
2.156230e-01
7.733674e-03
1.218739e-02
0
5.774356e-03
1.744045e-02
0
3.259933e-02
0
0
7.020584e-02
1.619729e-01
0
0
0
0
4.213152e-01
3.755858e-01
4.360817e-01
5.895431e-02
8.186080e-02
0
4.004665e-03
0
0
0
1.043493e-01
1.598670e-01
1.255317e-01
1.349545e-01
7.875044e-02
0
0
0
0
0
0
0
0
2.644199e-01
0
0
0
2.957486e-01
4.666273e-01
0
3.325857e-01
3.163698e-01
4.793089e-01
0
1.154151e-01
2.032942e-01
1.873065e-01
0
1.904426e-01
0
2.944175e-01
1.617447e-01
1.457219e-01
4.990249e-01
4.686841e-01
2.346165e-02
7.336111e-01
1
4.165137e-01
2.475197e-01
4.491683e-01
1.400151e-01
4.098872e-01
4.555372e-01
4.743260e-02
1.576561e-01
1.537799e-01
2.528535e-02
0
0
2.886499e-01
1.712200e-01
0
0
0
0
2.169489e-01
1.519306e-01
0
0
0
0
0
0
0
0
0
0
0
1.241963e-01
0
0
0
0
0
0
0
0
0
0
3.249054e-01
2.537604e-01
2.470999e-02
0
0
0
5.090118e-01
6.473531e-01
6.369363e-02
6.847058e-02
1.595338e-01
0
0
0
2.642948e-01
2.275689e-01
0
2.096056e-01
0
0
2.302240e-01
1.539322e-01
0
0
0
3.414231e-02
5.105014e-01
5.140233e-01
4.300909e-01
2.852605e-01
0
0
0
0
0
0
2.507397e-01
3.094885e-01
5.060106e-02
0
0
0
0
1.647403e-02
0
0
0
1.541338e-01
0
3.252451e-01
0
0
0
0
8.369823e-01
1.567493e-01
6.055448e-01
4.170298e-01
6.392742e-01
0
2.561889e-01
2.162807e-01
5.519333e-01
0
8.569256e-02
0
3.949962e-01
3.158870e-01
0
0
3.054217e-01
2.540603e-01
3.049289e-01
4.165137e-01
1
8.874199e-01
8.395255e-01
4.265262e-01
5.807715e-01
3.924861e-01
0
0
6.617410e-01
3.085022e-01
0
0
5.875753e-01
2.495325e-01
0
0
0
0
1.001296e-01
0
0
0
0
0
0
0
0
0
3.379060e-02
2.313790e-01
1.837465e-01
2.833867e-01
0
0
0
0
0
0
0
2.098820e-02
0
0
8.754073e-01
5.687772e-01
1.376123e-01
0
0
1.480272e-01
6.437944e-01
2.991770e-01
2.985675e-01
0
2.340615e-02
9.156052e-02
0
0
1.210534e-01
3.203975e-01
0
1.158047e-01
0
0
8.070325e-01
4.442678e-01
0
0
0
3.752398e-01
5.293763e-01
4.161926e-01
5.870674e-01
5.455913e-01
3.039041e-02
0
0
0
0
0
6.021021e-01
5.082074e-01
2.948599e-01
0
0
1.341460e-01
0
0
0
0
0
0
2.200205e-01
1.061292e-01
0
0
0
0
6.567683e-01
3.432933e-01
5.810872e-01
4.478619e-01
6.309484e-01
0
3.623595e-01
2.327063e-01
3.911062e-01
0
6.180266e-02
1.819863e-01
3.025629e-01
5.561193e-01
0
0
1.545269e-01
2.830769e-01
3.507619e-01
2.475197e-01
8.874199e-01
1
7.300139e-01
5.059915e-01
5.784447e-01
3.610488e-01
0
0
5.606811e-01
4.335192e-01
0
0
5.252986e-01
2.987334e-01
0
0
0
0
0
0
0
0
0
0
0
0
0
0
0
1.246443e-01
0
0
0
0
0
0
0
0
0
1.764540e-01
0
0
8.065359e-01
6.075204e-01
3.280403e-01
1.618197e-02
0
1.858052e-01
5.893903e-01
3.401248e-01
2.027947e-01
0
0
1.444452e-01
9.399068e-03
0
0
1.829807e-01
0
1.432645e-01
0
0
6.933992e-01
5.260902e-01
0
0
0
2.159624e-01
5.293172e-01
3.141600e-01
7.588666e-01
4.629897e-01
7.509323e-02
0
0
0
0
0
5.406643e-01
4.892695e-01
2.701751e-01
1.578949e-01
0
0
0
0
0
0
0
0
1.682659e-01
8.719864e-02
0
0
0
0
7.495682e-01
4.638959e-02
8.319906e-01
6.259512e-01
7.177987e-01
0
5.159511e-01
5.609928e-01
5.213216e-01
0
1.792591e-01
0
3.608787e-01
2.459919e-01
1.023995e-01
1.542881e-01
1.793667e-01
0
3.826384e-01
4.491683e-01
8.395255e-01
7.300139e-01
1.000000e+00
5.538744e-01
8.039921e-01
5.715673e-01
0
0
5.337296e-01
1.513818e-01
0
0
5.995813e-01
2.438679e-01
0
0
0
0
1.749141e-02
0
0
0
0
0
0
0
0
0
1.327205e-01
2.583762e-01
1.528970e-01
3.283259e-01
0
0
0
0
0
0
0
7.219219e-02
0
0
7.939721e-01
6.092420e-01
0
0
0
3.414026e-02
7.368833e-01
2.157578e-01
9.763713e-02
0
0
0
0
0
1.792041e-01
4.666391e-01
0
1.977964e-01
0
0
6.297240e-01
4.051616e-01
0
0
0
4.011587e-01
4.545922e-01
6.294386e-01
5.233626e-01
6.724417e-01
0
0
0
0
0
0
4.353384e-01
5.436285e-01
1.334625e-01
0
0
0
0
0
0
0
0
0
3.428154e-01
1.529925e-01
0
0
0
0
4.299670e-01
3.359900e-01
7.422452e-01
5.013735e-01
4.522680e-01
0
6.050219e-01
3.219188e-01
0
0
0
0
2.189282e-01
1.699423e-01
0
0
0
0
3.311045e-01
1.400151e-01
4.265262e-01
5.059915e-01
5.538744e-01
1
6.746343e-01
7.136949e-01
0
0
4.334628e-01
5.522703e-01
0
0
4.265579e-01
3.975870e-01
0
0
0
0
0
0
1.765064e-01
1.607197e-01
2.968100e-01
9.971926e-02
6.113838e-02
2.745356e-01
4.406732e-02
0
0
0
0
0
8.735065e-02
2.191359e-01
0
0
0
0
0
1.241275e-01
0
0
4.514358e-01
2.096617e-01
1.103510e-01
0
0
0
3.221524e-01
0
0
0
0
0
0
0
0
3.593619e-02
0
0
4.660721e-02
0
3.691040e-01
2.144333e-01
4.019684e-02
0
0
1.037773e-01
0
2.080185e-01
4.555275e-01
3.077267e-01
7.523763e-02
0
0
0
0
0
1.367459e-02
3.711913e-01
0
2.715603e-01
0
1.893885e-01
0
0
0
3.298172e-02
0
0
0
0
5.203985e-02
0
0
0
5.235333e-01
0
8.749695e-01
6.768552e-01
6.015081e-01
0
6.417997e-01
5.807932e-01
1.721112e-01
0
8.740322e-02
0
3.412895e-01
2.297373e-01
7.831147e-02
2.039103e-01
6.294005e-02
2.296696e-02
5.688756e-01
4.098872e-01
5.807715e-01
5.784447e-01
8.039921e-01
6.746343e-01
1
7.613737e-01
0
0
2.981164e-01
1.310858e-01
0
0
4.684206e-01
1.628123e-01
0
0
0
0
0
0
0
0
0
0
0
0
0
0
1.440955e-03
4.147376e-02
0
1.074810e-01
0
0
0
0
0
0
0
7.543629e-02
0
0
5.647126e-01
4.457746e-01
0
0
0
0
7.202363e-01
3.098722e-01
0
0
0
0
0
0
2.402792e-01
3.855525e-01
0
1.342971e-02
0
0
2.890478e-01
2.025723e-01
0
0
0
3.141675e-01
3.801805e-01
5.029573e-01
5.463891e-01
4.686663e-01
3.995412e-02
0
0
0
0
0
3.562678e-01
5.063273e-01
9.738531e-02
1.073728e-01
0
0
0
0
0
0
0
0
2.172291e-01
2.031007e-01
2.965947e-02
0
0
0
4.519514e-01
2.448260e-01
6.935339e-01
6.402666e-01
3.894791e-01
0
5.065051e-01
4.700670e-01
0
0
1.443529e-02
0
3.808656e-01
1.181977e-01
1.367504e-01
2.601874e-01
1.228256e-01
0
4.927956e-01
4.555372e-01
3.924861e-01
3.610488e-01
5.715673e-01
7.136949e-01
7.613737e-01
1
0
3.406444e-02
2.929587e-01
2.628634e-01
0
0
2.319730e-01
1.462563e-01
0
0
0
0
0
0
5.895968e-02
0
0
0
6.389767e-02
5.192959e-02
0
0
0
0
0
1.247293e-01
0
0
0
0
0
0
0
6.445776e-02
0
0
2.823677e-01
2.333600e-01
0
0
0
0
3.057746e-01
1.250838e-01
0
0
0
0
0
0
1.427947e-01
3.336004e-01
0
0
0
0
1.398961e-01
6.526969e-02
0
0
0
2.194468e-01
6.913632e-02
2.482117e-01
4.139791e-01
3.450325e-01
1.254721e-01
4.060440e-02
0
0
0
0
2.118645e-01
3.941632e-01
0
0
1.201264e-01
0
0
0
0
0
0
0
0
1.873806e-01
1.384341e-01
0
3.610996e-01
5.396965e-01
0
0
0
0
0
0
0
0
0
5.188844e-02
2.373051e-01
0
8.084564e-02
0
5.572058e-01
5.119952e-01
2.915994e-01
2.682408e-01
0
4.743260e-02
0
0
0
0
0
0
1
8.500555e-01
0
0
6.771081e-01
5.489318e-01
0
0
3.817589e-01
2.220875e-01
4.960122e-01
2.843642e-01
5.072481e-01
5.740062e-01
1.080425e-01
5.952086e-02
0
2.291533e-02
1.104500e-01
0
1.495275e-02
0
0
0
0
0
0
0
2.909693e-01
5.873155e-01
3.938269e-02
7.913638e-02
4.360491e-01
0
3.321148e-01
3.828114e-01
0
0
0
0
5.738518e-01
6.744269e-02
0
1.347559e-02
7.970190e-02
3.902108e-01
1.981190e-01
0
1.406307e-01
3.163812e-01
3.481141e-01
1.921888e-01
7.180975e-01
0
5.921931e-01
4.874998e-01
0
0
2.470150e-01
1.814674e-01
0
0
0
1.698119e-02
0
0
1.117165e-01
3.261549e-01
3.936826e-01
9.996743e-02
5.537421e-01
5.938247e-01
0
0
5.446997e-02
1.398266e-03
0
0
1.437582e-01
3.413738e-01
0
3.408633e-02
1.732775e-01
7.532699e-01
0
0
5.198431e-03
2.276484e-01
2.185716e-01
4.380656e-01
0
0
0
0
0
1.958609e-02
0
0
0
1.963189e-01
9.747915e-02
0
5.331025e-02
0
5.187713e-01
5.078671e-01
2.326993e-01
1.028341e-01
0
1.576561e-01
0
0
0
0
0
3.406444e-02
8.500555e-01
1.000000e+00
0
0
4.584096e-01
5.408882e-01
0
0
1.811992e-01
1.634349e-01
4.053989e-01
2.602712e-01
2.478535e-01
3.205257e-01
2.804753e-01
2.208609e-01
1.011111e-01
1.157424e-01
2.338694e-01
5.723716e-02
1.170301e-01
0
0
0
0
0
2.902570e-02
0
7.229167e-02
6.316160e-01
0
5.148830e-02
3.920351e-01
0
4.203048e-01
3.901570e-01
0
0
0
0
2.929864e-01
0
0
0
0
9.711621e-02
0
0
6.919844e-03
1.993241e-01
2.111077e-01
9.690074e-02
6.738742e-01
0
6.323241e-01
5.551891e-01
0
0
3.145631e-01
2.545558e-01
0
0
0
0
0
0
6.091828e-02
4.610569e-01
3.828796e-01
4.711700e-02
3.921128e-01
3.199383e-01
0
0
0
0
0
8.548275e-02
4.136472e-02
1.565436e-01
0
7.563952e-02
2.407647e-01
5.205214e-01
0
0
6.118851e-02
3.173542e-01
0
2.174616e-03
7.710594e-01
1.305130e-01
4.718364e-01
4.121645e-02
6.142644e-01
0
3.727824e-01
0
4.007504e-01
0
8.824757e-02
0
4.563918e-01
1.344211e-01
0
0
1.738205e-01
3.179829e-01
1.725265e-01
1.537799e-01
6.617410e-01
5.606811e-01
5.337296e-01
4.334628e-01
2.981164e-01
2.929587e-01
0
0
1
6.710034e-01
4.454918e-04
0
3.529084e-01
1.377965e-01
3.465351e-01
7.557645e-02
4.456369e-01
2.149669e-01
4.146873e-01
5.891437e-03
0
0
0
0
0
0
0
0
0
0
0
3.399606e-03
0
0
0
0
0
0
0
0
0
0
4.547077e-01
7.931174e-02
8.542533e-02
0
0
0
2.433380e-01
0
1.752364e-01
0
0
0
1.606675e-03
0
1.067980e-02
3.417224e-01
0
0
3.261156e-01
0
6.723045e-01
1.332736e-01
0
0
6.368428e-02
6.210692e-02
0
3.155240e-01
1.654043e-01
3.674869e-01
2.471210e-01
0
1.678138e-01
0
0
0
2.086460e-01
3.507869e-01
8.864469e-02
2.684908e-01
0
1.779401e-01
0
0
0
0
0
0
0
0
0
7.270166e-03
0
0
4.353481e-01
3.963967e-01
3.572865e-01
0
5.067744e-01
0
4.407229e-01
0
1.111191e-01
0
1.752709e-01
0
3.854033e-01
3.776975e-01
0
0
0
1.108375e-01
2.342223e-01
2.528535e-02
3.085022e-01
4.335192e-01
1.513818e-01
5.522703e-01
1.310858e-01
2.628634e-01
0
0
6.710034e-01
1.000000e+00
4.628810e-02
0
2.371440e-01
3.582572e-01
0
3.221740e-02
3.775555e-01
2.580949e-01
4.723124e-02
0
1.590579e-01
2.175133e-01
4.929261e-01
2.676476e-01
0
1.400593e-01
7.510168e-02
0
0
0
0
0
0
0
0
0
0
0
0
7.123635e-02
0
3.581613e-02
2.560171e-01
0
3.380571e-01
2.072537e-01
0
0
1.089680e-02
0
0
0
0
0
3.106990e-01
0
0
0
0
0
4.316566e-01
7.509194e-02
3.724923e-01
6.953298e-02
6.271860e-02
4.159817e-02
0
0
0
0
1.522116e-01
5.542909e-02
7.119079e-02
0
2.210090e-01
0
0
0
0
1.652841e-01
0
3.905925e-01
0
1.503772e-01
0
0
0
0
0
0
0
0
0
9.257234e-02
0
2.650270e-01
0
0
0
0
6.683193e-02
0
0
0
3.527982e-02
0
2.374550e-01
0
0
0
1.078283e-01
1.453296e-01
1.235293e-01
1.050803e-01
0
0
0
0
0
0
0
0
6.771081e-01
4.584096e-01
4.454918e-04
4.628810e-02
1
7.768929e-01
0
0
3.907107e-01
2.628550e-01
5.664866e-01
3.647639e-01
5.783561e-01
5.269386e-01
3.565219e-01
2.937622e-01
3.206542e-01
3.496779e-01
3.295143e-01
2.714958e-01
3.989519e-01
3.228282e-01
0
0
0
0
0
0
0
1.941774e-01
0
1.158355e-01
3.272790e-01
0
7.883078e-02
3.529026e-01
0
0
1.269690e-01
2.096085e-01
3.209781e-01
0
0
0
2.067024e-01
2.560270e-01
2.717628e-01
6.479017e-04
1.742287e-01
2.517016e-01
0
0
2.453234e-01
0
3.287089e-01
1.505473e-01
0
0
6.248490e-02
0
0
0
0
1.469877e-01
0
0
1.061436e-01
6.817709e-02
4.439196e-01
0
5.958572e-01
5.694047e-01
0
0
2.066609e-01
2.688668e-01
0
0
0
2.289270e-01
0
0
0
4.805054e-01
0
0
0
8.094916e-02
0
3.026418e-01
0
4.441474e-02
0
0
0
1.301698e-01
0
0
0
1.599037e-01
9.867621e-02
0
0
0
6.135930e-02
1.646607e-01
1.975018e-01
1.192611e-01
1.919253e-02
0
0
0
0
0
0
0
5.489318e-01
5.408882e-01
0
0
7.768929e-01
1
0
6.911021e-03
2.930919e-01
3.222032e-01
2.552440e-01
4.253712e-01
2.746211e-01
5.428214e-01
3.406581e-01
2.351705e-01
2.728447e-01
3.758550e-01
2.871127e-01
1.601392e-01
3.108832e-01
3.361024e-01
0
0
0
0
0
0
0
3.087866e-01
0
2.847542e-01
2.750295e-01
0
1.281618e-01
3.732956e-01
0
0
0
2.478782e-01
2.316690e-01
0
0
0
0
2.639587e-01
7.617541e-02
0
0
1.957505e-01
0
0
7.852789e-02
0
1.420714e-01
1.389030e-01
0
0
2.884167e-02
0
0
0
0
0
0
0
7.132977e-02
3.693708e-01
2.165706e-01
8.478903e-02
3.990605e-01
2.796269e-01
0
0
9.564390e-03
0
1.010752e-01
0
0
3.018398e-01
1.086849e-01
0
0
2.084447e-01
0
0
0
3.057970e-01
0
0
5.106116e-01
9.953097e-02
5.856622e-01
3.663560e-01
5.688846e-01
0
5.280086e-01
2.356861e-01
5.530724e-01
0
1.815702e-01
0
4.086957e-01
2.315189e-01
0
0
0
0
2.593569e-01
2.886499e-01
5.875753e-01
5.252986e-01
5.995813e-01
4.265579e-01
4.684206e-01
2.319730e-01
0
0
3.529084e-01
2.371440e-01
0
0
1
7.808548e-01
0
0
0
0
8.669465e-02
6.813899e-02
0
0
0
0
0
0
0
0
5.326582e-02
2.615665e-01
3.594358e-02
2.967029e-01
0
1.113594e-02
0
0
0
0
0
7.838172e-02
0
0
7.602530e-01
3.914177e-01
2.648534e-01
0
0
0
5.763154e-01
1.676360e-01
0
0
0
0
0
0
0
8.594840e-02
0
3.318197e-01
0
0
5.551907e-01
4.430918e-01
0
0
0
3.511573e-02
2.310526e-01
3.375388e-01
4.059729e-01
5.745115e-01
2.439309e-02
0
1.353843e-02
0
0
0
3.090194e-02
4.380459e-01
0
3.763962e-02
0
4.544808e-02
0
1.619997e-01
0
0
0
0
3.588657e-01
0
0
0
0
0
1.692281e-01
4.124553e-01
3.168458e-01
2.242514e-01
3.810438e-01
0
3.541167e-01
8.873465e-02
2.504186e-01
0
9.489035e-02
3.415505e-02
1.733511e-01
2.940448e-01
0
0
0
0
2.657439e-01
1.712200e-01
2.495325e-01
2.987334e-01
2.438679e-01
3.975870e-01
1.628123e-01
1.462563e-01
0
0
1.377965e-01
3.582572e-01
0
6.911021e-03
7.808548e-01
1
2.129785e-03
5.405637e-02
1.218458e-02
1.574948e-01
3.867566e-02
8.557466e-02
1.270507e-01
7.569631e-02
3.398573e-01
2.085318e-01
0
2.455722e-01
2.697072e-02
6.432153e-03
0
2.681949e-02
0
3.253615e-02
9.220405e-03
3.321541e-02
0
0
0
0
0
1.775235e-01
0
0
4.434168e-01
1.789220e-01
4.178739e-01
3.739826e-01
0
0
1.656736e-01
3.220293e-02
0
0
0
0
2.439467e-02
0
0
0
0
1.623004e-01
0
6.337557e-02
3.138560e-01
3.800211e-01
0
8.474060e-02
0
0
3.261179e-02
1.895308e-01
3.016017e-01
3.929827e-01
0
2.176013e-02
1.605722e-01
0
0
0
0
2.261824e-01
0
6.265624e-02
0
5.358627e-02
0
3.138563e-01
0
0
0
0
3.478255e-02
0
0
0
0
0
0
0
0
0
0
0
0
0
3.860530e-02
0
0
0
0
0
3.852299e-01
8.184909e-02
0
4.347036e-01
0
0
0
0
0
0
0
0
3.817589e-01
1.811992e-01
3.465351e-01
0
3.907107e-01
2.930919e-01
0
2.129785e-03
1
6.460827e-01
5.191161e-01
5.854259e-01
7.626343e-01
5.738670e-01
0
0
0
0
0
0
0
0
0
0
0
9.348165e-03
0
0
1.766721e-01
1.058567e-01
0
5.193714e-03
0
0
0
8.373659e-02
0
0
7.614645e-02
1.036108e-01
5.318888e-01
4.214362e-01
0
0
4.059515e-01
4.728866e-01
3.843797e-01
2.073657e-01
2.043577e-01
1.026359e-01
1.472179e-01
8.224718e-02
1.362247e-01
0
2.678830e-01
0
0
0
1.161642e-01
0
3.409682e-02
0
4.022363e-02
2.821913e-01
0
1.214389e-01
6.089926e-01
2.603131e-01
5.500782e-01
0
2.598280e-01
1.621033e-01
0
3.109280e-02
1.704891e-01
2.522762e-01
0
1.456196e-01
3.491052e-01
3.102703e-01
0
0
1.044993e-01
2.822813e-01
0
0
1.754086e-02
1.198320e-01
0
0
0
8.614365e-02
0
0
0
0
0
0
0
0
0
0
0
0
7.449244e-02
0
0
2.199569e-01
0
0
0
0
0
0
0
0
2.220875e-01
1.634349e-01
7.557645e-02
3.221740e-02
2.628550e-01
3.222032e-01
0
5.405637e-02
6.460827e-01
1
3.827583e-01
5.472520e-01
5.223731e-01
4.671066e-01
5.489084e-02
7.309148e-02
1.025388e-01
2.205711e-01
1.298769e-02
2.299148e-02
0
5.557504e-02
0
0
0
0
0
0
5.311603e-02
8.196535e-02
0
0
0
0
6.158982e-03
2.716270e-01
0
0
2.696453e-01
3.156545e-01
3.216718e-01
2.817831e-01
0
0
1.360701e-01
4.797157e-01
2.484889e-01
1.591516e-01
1.692432e-01
3.608759e-01
0
0
0
0
3.110363e-01
9.636194e-02
0
0
7.245990e-02
0
1.092494e-02
0
0
1.868126e-01
5.420867e-02
9.775911e-02
4.227334e-01
1.320155e-01
5.904570e-01
0
1.973077e-01
3.574985e-02
0
2.118177e-01
0
3.656440e-01
2.309318e-03
1.934689e-01
0
1.349811e-01
0
1.801092e-01
9.814559e-02
1.618241e-01
0
0
0
0
2.214279e-02
6.804688e-02
5.757632e-03
0
0
0
2.037301e-01
0
9.057691e-02
0
9.386252e-02
0
2.204234e-01
0
1.038113e-01
0
1.164883e-01
0
0
1.592743e-01
0
0
0
0
0
0
0
0
4.960122e-01
4.053989e-01
4.456369e-01
3.775555e-01
5.664866e-01
2.552440e-01
0
1.218458e-02
5.191161e-01
3.827583e-01
1.000000e+00
5.724037e-01
7.106951e-01
2.123781e-01
3.588433e-02
1.183405e-01
2.517915e-01
1.301283e-01
0
0
4.042221e-02
0
0
0
0
0
1.015080e-01
0
0
2.145182e-02
0
0
1.162435e-01
0
1.208212e-01
3.492124e-01
0
0
1.267683e-01
4.266073e-02
2.625349e-01
0
0
0
1.711947e-01
7.689178e-02
2.298057e-01
0
4.516846e-01
2.344973e-01
0
0
2.088881e-01
0
7.496028e-01
4.398756e-01
6.693225e-02
0
2.452800e-01
1.804734e-01
4.213829e-02
0
0
3.526525e-01
0
1.030461e-02
8.441276e-02
7.918264e-03
6.335274e-01
0
2.393822e-01
2.976675e-01
0
3.084026e-02
0
4.712886e-01
0
9.927439e-03
0
0
0
0
0
2.786720e-01
0
0
0
3.621158e-02
0
0
0
1.432236e-01
0
0
0
0
0
0
0
0
0
1.820086e-02
0
0
0
0
0
1.923815e-02
0
0
0
0
0
0
0
0
2.843642e-01
2.602712e-01
2.149669e-01
2.580949e-01
3.647639e-01
4.253712e-01
0
1.574948e-01
5.854259e-01
5.472520e-01
5.724037e-01
1
4.726152e-01
2.907270e-01
3.660868e-02
1.135165e-01
1.882188e-01
2.438914e-01
0
0
4.925491e-04
0
0
0
0
0
1.395258e-01
0
0
0
5.143460e-02
1.850654e-01
0
0
2.470956e-01
4.514171e-01
0
0
1.199231e-01
3.557737e-01
2.531537e-01
0
0
0
0
1.541926e-01
0
1.389243e-02
1.502548e-01
6.500300e-02
0
0
0
3.019531e-02
4.276667e-01
3.514607e-01
0
0
7.265911e-02
2.126181e-01
2.855404e-01
0
0
0
0
0
3.757038e-01
4.183063e-01
5.302990e-01
0
6.881086e-02
0
0
0
0
1.182276e-01
0
7.155643e-02
1.074836e-01
2.464974e-01
1.640578e-01
1.315812e-01
1.659101e-01
4.415236e-02
0
0
0
2.407696e-01
0
1.686420e-01
9.742355e-02
0
0
0
2.637543e-01
0
0
0
2.152730e-01
0
6.378330e-02
0
7.963553e-02
0
2.448982e-01
1.601077e-01
1.229322e-01
3.843036e-01
1.211770e-01
2.169489e-01
1.001296e-01
0
1.749141e-02
0
0
0
5.072481e-01
2.478535e-01
4.146873e-01
4.723124e-02
5.783561e-01
2.746211e-01
8.669465e-02
3.867566e-02
7.626343e-01
5.223731e-01
7.106951e-01
4.726152e-01
1
5.674696e-01
0
0
0
0
0
0
0
0
0
0
0
5.351857e-03
0
0
3.136585e-02
2.671056e-02
0
0
0
0
0
0
0
0
2.201868e-01
7.886174e-02
4.814025e-01
2.888139e-01
1.512471e-02
6.348505e-02
5.277274e-01
5.279066e-01
5.456954e-01
2.450010e-01
2.825953e-01
1.642416e-01
1.242645e-01
8.405303e-02
1.433727e-01
3.276675e-02
3.710184e-01
7.034438e-02
4.851196e-02
0
0
0
0
0
2.488123e-01
5.201531e-01
0
2.132927e-01
4.282113e-01
0
5.459099e-01
0
3.344156e-01
2.160789e-01
0
1.978232e-01
2.327274e-01
3.462317e-01
0
0
0
2.126692e-01
0
0
0
4.484918e-01
0
0
0
0
0
3.882552e-01
9.347440e-03
0
0
0
1.273782e-02
0
0
0
9.116300e-02
0
1.941312e-01
0
2.611706e-01
0
2.701945e-01
3.990386e-01
2.189708e-01
2.418344e-01
0
1.519306e-01
0
0
0
0
0
0
5.740062e-01
3.205257e-01
5.891437e-03
0
5.269386e-01
5.428214e-01
6.813899e-02
8.557466e-02
5.738670e-01
4.671066e-01
2.123781e-01
2.907270e-01
5.674696e-01
1
0
0
0
0
0
0
0
0
0
0
0
0
0
0
8.288040e-02
1.567257e-01
0
0
0
0
0
0
0
0
0
4.284237e-02
2.751795e-01
3.294855e-01
0
2.422349e-01
2.309042e-01
5.644219e-01
1.910930e-01
1.313935e-01
0
5.501993e-02
3.100108e-01
2.640627e-01
7.170000e-02
3.938788e-01
8.074376e-02
1.452793e-01
0
0
0
0
0
0
6.872712e-02
1.998472e-01
0
2.201935e-01
1.567632e-01
1.700157e-01
2.551595e-01
2.709945e-01
1.810521e-01
2.789596e-01
0
2.606936e-01
2.035907e-01
3.490953e-02
3.342875e-02
0
6.621685e-02
5.709459e-01
0
0
9.694383e-02
3.711632e-01
1.297982e-02
0
6.727913e-02
5.807552e-02
0
0
0
0
0
0
0
1.706816e-01
6.071352e-02
0
0
7.901163e-02
0
0
0
0
0
0
0
0
1.273111e-01
0
0
0
0
1.765064e-01
0
5.895968e-02
1.080425e-01
2.804753e-01
0
1.590579e-01
3.565219e-01
3.406581e-01
0
1.270507e-01
0
5.489084e-02
3.588433e-02
3.660868e-02
0
0
1
9.504616e-01
8.390675e-01
8.585871e-01
9.141430e-01
9.373544e-01
8.123731e-01
6.521682e-01
0
0
0
0
4.102667e-01
4.144720e-01
0
1.251293e-02
6.589092e-02
1.597221e-01
3.329548e-01
0
3.854043e-01
4.168758e-01
0
0
2.046091e-01
3.100795e-01
0
0
0
0
0
0
0
0
1.042610e-01
1.200848e-01
0
0
1.696558e-01
0
1.714438e-01
1.755872e-01
0
0
3.945930e-01
2.894283e-01
0
0
0
0
0
0
1.811437e-01
3.086453e-01
3.792167e-01
0
4.521325e-01
6.848314e-02
0
0
0
2.581970e-01
9.161195e-02
3.567412e-02
6.617368e-02
6.295382e-02
2.139092e-01
0
0
1.244971e-01
0
0
0
1.591879e-01
0
0
0
0
0
0
0
1.007169e-01
0
0
0
4.298205e-02
0
0
0
0
0
0
0
0
7.218846e-02
0
0
0
0
1.607197e-01
0
0
5.952086e-02
2.208609e-01
0
2.175133e-01
2.937622e-01
2.351705e-01
0
7.569631e-02
0
7.309148e-02
1.183405e-01
1.135165e-01
0
0
9.504616e-01
1
8.962993e-01
8.996601e-01
8.411241e-01
9.141754e-01
7.809863e-01
6.698497e-01
0
0
0
0
4.995740e-01
4.626767e-01
0
0
1.814552e-01
2.011895e-01
3.684588e-01
0
5.160278e-01
5.550591e-01
0
0
3.352470e-01
4.438495e-01
0
0
0
0
0
0
0
0
2.327095e-01
2.375059e-01
0
0
9.585618e-02
0
2.353221e-01
2.423009e-01
0
0
4.929602e-01
4.411558e-01
0
0
0
0
0
0
1.598405e-01
2.396477e-01
4.358685e-01
0
4.223516e-01
2.923116e-02
0
0
0
3.417881e-01
9.265398e-02
1.462997e-01
1.046971e-01
4.393606e-02
2.020383e-01
1.206249e-01
0
3.214272e-03
0
0
1.136411e-03
2.349829e-01
0
0
0
1.330199e-01
0
0
0
5.930932e-02
1.074117e-01
0
0
0
0
0
0
0
0
0
0
0
1.469954e-01
0
0
0
0
2.968100e-01
0
0
0
1.011111e-01
0
4.929261e-01
3.206542e-01
2.728447e-01
0
3.398573e-01
0
1.025388e-01
2.517915e-01
1.882188e-01
0
0
8.390675e-01
8.962993e-01
1
9.324968e-01
6.338107e-01
8.228507e-01
6.926901e-01
6.128531e-01
0
0
0
0
3.811104e-01
3.034184e-01
0
0
0
2.641840e-02
2.241134e-01
0
3.663886e-01
4.888942e-01
0
0
5.113515e-01
5.858000e-01
0
0
0
0
0
0
0
0
3.009794e-01
1.493096e-01
0
0
0
0
2.740424e-01
2.575663e-01
0
0
4.119949e-01
4.550998e-01
0
0
0
0
0
0
1.165561e-01
1.966374e-01
4.053363e-01
0
2.456308e-01
0
0
0
0
4.662007e-01
0
1.445831e-01
0
7.467266e-02
7.823910e-02
6.763095e-02
0
0
0
0
0
2.046781e-01
0
0
0
1.031911e-01
0
0
0
2.181437e-01
0
0
0
2.240158e-02
0
8.656915e-02
0
0
0
0
0
0
5.126267e-02
0
0
0
0
9.971926e-02
0
0
2.291533e-02
1.157424e-01
0
2.676476e-01
3.496779e-01
3.758550e-01
0
2.085318e-01
0
2.205711e-01
1.301283e-01
2.438914e-01
0
0
8.585871e-01
8.996601e-01
9.324968e-01
1
6.965756e-01
8.187876e-01
6.861184e-01
6.851489e-01
0
0
0
0
3.342964e-01
2.885698e-01
0
0
6.766236e-02
1.617783e-01
2.520614e-01
0
4.504694e-01
5.896830e-01
0
0
5.193262e-01
6.797859e-01
3.084184e-02
0
0
0
0
0
0
0
2.685838e-01
2.848764e-01
0
0
0
0
1.823463e-01
2.361923e-01
0
0
3.953430e-01
4.597028e-01
0
0
0
0
0
0
2.146963e-01
2.875502e-01
3.537432e-01
0
3.482854e-01
0
0
0
0
4.506354e-01
1.157414e-01
1.004936e-01
1.509737e-01
2.266075e-01
1.956609e-01
8.456871e-02
0
0
0
0
1.042594e-02
2.245692e-01
0
0
0
0
0
0
0
7.644546e-02
0
0
0
1.300507e-01
0
0
0
0
1.149649e-01
3.334982e-03
0
0
1.203673e-01
0
0
0
0
6.113838e-02
0
6.389767e-02
1.104500e-01
2.338694e-01
0
0
3.295143e-01
2.871127e-01
0
0
0
1.298769e-02
0
0
0
0
9.141430e-01
8.411241e-01
6.338107e-01
6.965756e-01
1
8.742096e-01
8.372495e-01
7.458135e-01
8.300146e-02
0
0
0
4.863823e-01
5.127019e-01
1.342908e-02
2.037920e-01
2.655234e-01
2.820424e-01
3.531046e-01
0
3.600222e-01
2.912093e-01
0
0
5.364644e-02
1.474056e-01
4.642479e-02
0
0
0
0
0
2.163501e-02
0
7.553181e-03
9.289795e-02
0
0
2.961331e-01
0
0
0
0
0
3.982130e-01
4.843100e-02
0
0
0
0
0
0
2.518486e-01
2.786182e-01
3.244725e-01
0
5.908779e-01
2.316417e-01
0
0
0
1.030908e-01
1.940277e-01
0
1.833817e-01
0
2.130228e-01
0
0
2.589879e-01
0
0
0
4.546271e-02
0
0
0
0
6.065720e-02
0
0
4.155169e-02
1.171739e-01
0
0
0
0
0
0
0
0
0
0
0
1.728405e-01
0
0
0
0
2.745356e-01
0
5.192959e-02
0
5.723716e-02
0
1.400593e-01
2.714958e-01
1.601392e-01
0
2.455722e-01
0
2.299148e-02
0
0
0
0
9.373544e-01
9.141754e-01
8.228507e-01
8.187876e-01
8.742096e-01
1.000000e+00
8.052544e-01
6.628825e-01
0
0
0
0
4.489577e-01
5.334738e-01
0
0
1.285627e-01
1.325074e-01
2.073733e-01
0
2.735293e-01
2.965441e-01
0
0
3.586196e-01
3.905667e-01
0
0
0
0
0
0
0
0
0
1.630818e-02
0
0
5.223096e-02
0
1.590449e-02
1.277041e-02
0
0
2.669534e-01
2.173304e-01
0
0
0
0
0
0
2.256610e-01
1.812442e-01
3.656221e-01
0
3.535930e-01
4.760748e-03
0
0
0
3.393476e-01
1.803184e-01
6.343118e-02
2.624160e-02
6.276310e-02
1.560427e-01
0
0
4.256384e-02
0
0
0
5.273464e-02
0
0
0
4.207451e-03
0
0
0
9.681709e-02
4.986204e-02
0
0
1.548530e-01
0
0
0
0
0
0
0
0
0
0
0
0
0
4.406732e-02
0
0
1.495275e-02
1.170301e-01
0
7.510168e-02
3.989519e-01
3.108832e-01
0
2.697072e-02
0
0
4.042221e-02
4.925491e-04
0
0
8.123731e-01
7.809863e-01
6.926901e-01
6.861184e-01
8.372495e-01
8.052544e-01
1
8.180289e-01
2.808713e-01
1.698731e-02
0
0
6.583812e-01
6.411084e-01
0
7.210911e-02
2.674933e-01
3.549209e-01
4.229760e-01
0
3.051715e-01
4.361824e-01
0
0
1.299303e-01
2.489187e-01
0
0
0
0
0
0
0
0
0
7.491945e-02
0
0
5.294800e-02
0
2.554751e-02
6.882268e-03
0
0
3.605226e-01
6.367135e-02
0
0
0
0
0
0
0
1.024897e-01
3.248043e-01
0
4.570529e-01
3.025603e-01
0
0
0
1.593632e-01
2.273920e-02
0
0
0
3.529272e-01
0
0
7.408983e-02
0
0
0
0
0
0
0
0
0
0
0
1.120135e-01
0
0
0
1.701855e-01
0
0
0
0
0
0
0
0
1.410721e-01
0
0
0
0
0
0
0
0
0
0
0
3.228282e-01
3.361024e-01
0
6.432153e-03
0
5.557504e-02
0
0
0
0
6.521682e-01
6.698497e-01
6.128531e-01
6.851489e-01
7.458135e-01
6.628825e-01
8.180289e-01
1
2.065887e-01
5.569886e-02
0
0
5.179559e-01
4.874272e-01
0
3.424133e-02
2.256136e-01
2.864932e-01
2.416641e-01
0
1.833487e-01
3.324749e-01
0
0
2.699890e-01
4.017950e-01
0
0
0
0
6.131047e-02
0
3.189451e-01
6.514543e-02
7.787496e-02
1.785288e-01
0
0
0
0
0
0
0
0
3.345125e-01
8.148702e-02
0
0
0
0
0
0
0
2.237286e-02
1.846823e-01
0
4.304857e-01
2.771714e-01
0
0
0
2.063225e-01
1.669742e-01
0
4.853641e-02
0
2.299176e-01
0
0
0
0
1.327165e-01
0
0
2.559235e-01
7.415424e-02
0
3.430358e-02
5.495933e-03
7.989689e-02
0
0
0
8.481496e-02
1.374331e-01
1.684324e-01
0
4.342614e-02
0
0
0
0
0
0
0
0
3.379060e-02
0
1.327205e-01
0
1.440955e-03
0
0
0
0
0
0
0
5.326582e-02
0
0
0
0
0
0
0
0
0
0
0
8.300146e-02
0
2.808713e-01
2.065887e-01
1
8.652121e-01
8.357433e-01
6.916893e-01
6.447323e-01
6.705468e-01
2.323849e-01
1.281164e-01
5.930730e-01
3.781221e-01
1.367477e-01
1.974352e-01
6.471452e-02
0
1.606422e-01
2.748674e-01
0
0
0
0
0
0
0
3.642401e-02
4.783806e-02
2.458668e-01
0
0
0
0
0
1.283981e-01
0
0
4.876809e-02
3.443407e-01
0
0
5.783564e-01
6.807022e-01
0
0
0
0
0
0
0
2.392650e-01
4.212758e-02
9.103027e-02
0
0
0
0
8.211284e-02
0
0
0
1.611734e-01
2.822100e-01
7.501964e-02
0
4.289873e-01
2.283035e-01
0
0
9.092240e-02
1.419513e-01
1.243540e-01
4.877530e-02
8.087554e-02
1.248758e-01
0
0
0
7.108564e-02
3.048158e-01
3.118968e-03
0
0
0
0
0
0
0
0
0
0
2.313790e-01
1.246443e-01
2.583762e-01
0
4.147376e-02
0
0
0
0
0
0
0
2.615665e-01
2.681949e-02
0
0
0
0
0
0
0
0
0
0
0
0
1.698731e-02
5.569886e-02
8.652121e-01
1.000000e+00
8.379169e-01
8.134925e-01
3.703323e-01
4.598299e-01
2.286933e-01
6.307380e-02
4.957294e-01
3.221619e-01
9.414174e-03
2.117872e-01
0
0
3.791894e-01
4.276457e-01
0
0
0
3.612994e-02
5.861725e-02
0
2.224810e-01
2.009963e-01
1.760811e-01
3.244370e-01
0
0
0
6.447016e-02
0
3.276045e-01
0
0
3.203704e-01
5.590288e-01
0
0
6.521077e-01
7.602088e-01
3.418019e-02
0
0
0
0
0
0
3.807365e-01
0
2.287993e-02
0
0
0
0
1.998593e-01
0
0
0
0
2.106125e-01
5.917706e-02
0
4.239007e-01
3.300163e-01
0
0
3.316119e-01
3.455995e-01
1.147871e-01
0
0
1.050803e-01
0
0
0
7.067202e-02
2.781463e-01
1.728610e-01
0
0
0
0
9.923162e-02
1.175173e-01
7.041749e-02
0
0
0
1.837465e-01
0
1.528970e-01
0
0
0
0
0
0
0
0
0
3.594358e-02
0
0
0
0
0
0
0
0
0
0
0
0
0
0
0
8.357433e-01
8.379169e-01
1.000000e+00
8.373207e-01
3.750867e-01
3.853422e-01
3.536023e-01
3.555328e-01
6.113523e-01
3.949867e-01
1.846075e-01
1.402808e-01
1.531725e-01
0
1.644990e-01
2.424165e-01
0
0
0
0
0
0
4.332706e-02
1.414027e-01
2.552786e-02
2.744524e-01
0
0
7.546329e-02
1.526374e-01
8.796876e-02
1.743664e-01
0
0
2.338014e-01
3.487373e-01
0
0
6.719534e-01
8.465142e-01
0
0
0
0
0
0
0
3.480633e-01
0
0
7.835052e-02
0
0
0
2.068552e-01
5.568882e-02
3.645335e-02
0
1.348364e-02
2.301078e-01
2.353450e-01
0
3.273514e-01
2.784239e-01
1.486972e-02
1.057641e-02
7.575449e-02
2.719080e-01
1.813500e-01
0
8.955339e-02
1.179331e-01
0
0
0
6.341570e-02
3.604375e-01
0
0
0
0
0
2.250890e-01
1.911174e-01
0
0
0
1.241963e-01
2.833867e-01
0
3.283259e-01
0
1.074810e-01
1.247293e-01
0
0
3.399606e-03
0
0
0
2.967029e-01
3.253615e-02
9.348165e-03
0
0
0
5.351857e-03
0
0
0
0
0
0
0
0
0
6.916893e-01
8.134925e-01
8.373207e-01
1.000000e+00
2.503043e-01
3.443924e-01
3.960336e-01
3.200818e-01
4.646225e-01
2.427029e-01
5.788605e-02
0
0
0
2.731642e-01
1.573636e-01
0
0
0
7.340172e-03
4.385047e-02
0
1.590061e-01
2.408943e-01
1.481228e-01
1.780644e-01
0
0
7.692242e-02
1.678185e-01
9.791208e-02
1.211539e-01
0
0
2.247493e-01
2.082810e-01
0
0
4.941145e-01
6.995507e-01
3.902495e-02
0
0
7.472774e-02
4.660449e-02
2.366198e-02
0
3.477740e-01
7.232635e-02
4.023736e-02
3.813777e-02
0
0
0
1.904570e-01
5.658442e-02
0
0
0
8.266091e-02
1.727608e-01
2.020579e-01
4.780012e-01
1.816330e-01
0
0
8.448267e-02
0
0
0
0
0
0
0
7.216348e-02
0
0
1.756901e-01
0
7.253795e-02
0
0
0
0
0
0
0
0
0
0
0
8.735065e-02
0
0
0
2.902570e-02
0
0
0
0
0
9.220405e-03
0
0
1.015080e-01
1.395258e-01
0
0
4.102667e-01
4.995740e-01
3.811104e-01
3.342964e-01
4.863823e-01
4.489577e-01
6.583812e-01
5.179559e-01
6.447323e-01
3.703323e-01
3.750867e-01
2.503043e-01
1
8.821703e-01
0
1.705668e-02
4.767838e-01
2.728873e-01
3.200624e-01
9.227249e-02
3.454144e-01
3.567531e-01
0
0
0
5.322423e-02
0
0
0
0
0
0
0
0
1.462558e-01
0
0
0
1.046425e-01
0
9.472264e-02
2.959931e-01
0
0
4.386511e-01
3.070293e-01
3.947260e-01
1.387142e-01
0
0
0
0
0
1.212361e-01
4.139583e-01
0
2.853293e-01
1.431595e-01
0
0
0
0
0
0
0
0
3.205355e-01
3.952690e-01
3.288233e-02
8.098483e-02
8.177152e-02
0
0
0
0
0
0
0
5.662716e-02
0
0
6.580895e-02
8.976903e-02
5.956724e-02
0
1.878804e-01
0
6.143368e-02
0
0
0
0
0
0
0
0
0
0
0
2.191359e-01
0
0
0
0
0
0
0
0
1.113594e-02
3.321541e-02
0
0
0
0
0
0
4.144720e-01
4.626767e-01
3.034184e-01
2.885698e-01
5.127019e-01
5.334738e-01
6.411084e-01
4.874272e-01
6.705468e-01
4.598299e-01
3.853422e-01
3.443924e-01
8.821703e-01
1.000000e+00
8.807712e-02
4.973079e-03
5.348055e-01
3.490916e-01
2.834861e-01
1.358432e-01
2.687521e-01
2.381141e-01
0
0
0
4.532312e-03
0
0
0
0
0
0
0
0
0
0
0
0
1.027828e-01
0
0
6.631769e-02
0
0
3.723026e-01
1.754907e-01
4.432646e-01
2.794917e-01
0
0
0
0
0
1.752534e-01
2.257005e-01
6.104501e-02
1.358074e-01
1.189215e-01
0
0
0
0
5.386474e-02
0
8.459658e-02
0
3.590264e-01
4.485544e-01
2.075010e-01
7.000504e-03
2.031000e-01
0
0
0
4.836549e-01
2.944969e-01
0
0
0
2.119201e-02
0
2.162054e-02
0
7.825465e-02
2.025660e-02
2.177277e-01
0
0
0
0
6.452695e-01
4.736791e-01
2.077949e-01
3.004043e-01
0
0
0
0
0
0
0
0
2.909693e-01
7.229167e-02
0
0
0
0
0
0
1.766721e-01
5.311603e-02
0
0
3.136585e-02
8.288040e-02
0
0
0
0
1.342908e-02
0
0
0
2.323849e-01
2.286933e-01
3.536023e-01
3.960336e-01
0
8.807712e-02
1.000000e+00
5.862722e-01
4.681298e-01
2.865321e-01
2.269405e-01
0
1.843890e-01
0
0
0
0
0
6.436427e-01
6.589187e-01
6.770983e-03
0
2.987845e-01
4.080465e-01
2.676180e-01
2.899974e-01
0
2.141806e-01
6.178504e-01
4.237532e-01
6.003838e-01
6.653854e-03
0
0
0
0
1.148060e-01
0
2.030926e-01
3.114772e-01
2.523446e-01
5.530847e-03
0
4.165017e-02
1.804657e-01
1.489149e-01
0
4.560850e-01
2.720002e-01
4.917826e-01
4.258969e-01
0
2.610433e-01
0
2.287187e-01
5.529516e-03
5.164129e-01
1.537013e-02
4.105533e-02
7.780160e-02
3.839358e-01
5.528235e-01
5.101042e-01
3.018645e-01
3.681037e-01
1.123976e-02
4.534482e-01
5.933550e-01
0
0
0
0
0
0
0
0
0
3.315436e-01
0
0
0
0
5.426548e-01
6.461766e-01
3.803758e-01
1.276008e-01
0
0
0
0
0
0
0
0
5.873155e-01
6.316160e-01
0
0
1.941774e-01
3.087866e-01
0
0
1.058567e-01
8.196535e-02
2.145182e-02
0
2.671056e-02
1.567257e-01
1.251293e-02
0
0
0
2.037920e-01
0
7.210911e-02
3.424133e-02
1.281164e-01
6.307380e-02
3.555328e-01
3.200818e-01
1.705668e-02
4.973079e-03
5.862722e-01
1
4.621499e-01
4.413496e-01
5.767974e-01
0
4.690118e-01
2.580690e-01
0
0
0
0
4.105110e-01
8.917469e-02
0
0
9.666052e-02
3.537770e-01
2.370770e-01
1.014222e-01
0
3.858150e-01
3.646774e-01
1.691918e-01
6.418252e-01
0
2.111269e-01
3.259653e-02
0
0
3.457404e-01
0
9.415289e-02
2.922496e-01
0
0
0
0
0
2.716138e-01
0
3.141328e-01
4.714777e-01
4.791962e-01
2.159074e-02
0
2.127708e-02
0
2.910943e-01
5.095213e-02
2.156601e-01
0
0
0
1.702621e-01
4.389772e-01
0
2.332683e-01
2.215358e-01
3.874613e-01
3.237937e-01
0
0
0
0
0
0
0
0
0
0
2.766786e-01
0
0
0
0
1.455143e-02
0
0
0
0
0
0
0
0
0
0
0
3.938269e-02
0
0
0
0
0
0
0
0
0
0
5.143460e-02
0
0
6.589092e-02
1.814552e-01
0
6.766236e-02
2.655234e-01
1.285627e-01
2.674933e-01
2.256136e-01
5.930730e-01
4.957294e-01
6.113523e-01
4.646225e-01
4.767838e-01
5.348055e-01
4.681298e-01
4.621499e-01
1
7.915822e-01
5.982664e-01
0
6.788311e-01
4.400757e-01
0
0
0
1.585854e-01
3.098801e-01
1.196878e-01
0
0
2.353028e-01
2.690909e-01
2.906070e-01
4.338019e-01
0
3.241490e-01
0
0
2.653990e-01
0
0
0
0
0
2.852365e-01
6.473237e-02
4.993370e-01
4.091123e-01
0
0
0
0
1.449528e-01
1.739529e-01
3.238964e-03
2.627856e-01
3.898501e-01
1.968542e-01
0
0
1.504427e-02
0
4.278617e-01
2.224398e-01
4.312236e-01
0
1.327945e-01
2.634149e-01
2.154392e-01
1.147174e-01
1.889251e-01
1.476733e-01
1.764879e-01
3.562003e-01
2.770252e-01
1.077327e-01
0
1.161622e-01
0
0
0
2.129901e-01
0
0
0
5.251847e-01
0
9.582209e-02
0
0
0
0
0
0
0
0
0
0
0
0
0
0
7.913638e-02
5.148830e-02
0
0
1.158355e-01
2.847542e-01
0
0
5.193714e-03
0
0
1.850654e-01
0
0
1.597221e-01
2.011895e-01
2.641840e-02
1.617783e-01
2.820424e-01
1.325074e-01
3.549209e-01
2.864932e-01
3.781221e-01
3.221619e-01
3.949867e-01
2.427029e-01
2.728873e-01
3.490916e-01
2.865321e-01
4.413496e-01
7.915822e-01
1.000000e+00
6.915095e-01
1.512722e-01
5.957841e-01
5.597804e-01
0
0
0
2.385363e-01
2.039665e-01
1.471829e-02
0
0
5.345299e-02
1.790483e-01
2.223915e-02
2.285396e-01
0
2.339519e-01
0
0
1.222185e-01
0
0
0
0
0
2.051696e-01
9.080304e-03
3.860330e-01
2.164597e-01
0
0
0
0
1.217271e-02
3.537852e-01
0
3.165067e-01
3.447752e-01
2.159085e-01
0
0
5.801766e-02
0
3.805879e-01
6.401916e-02
4.155388e-01
4.673626e-02
3.103412e-01
1.434418e-01
1.897977e-01
0
9.617642e-02
0
9.133067e-02
5.288348e-01
4.459233e-01
2.451355e-01
0
0
0
0
0
1.205077e-01
0
0
0
4.720504e-01
1.239920e-02
0
0
0
5.484785e-02
8.056693e-04
0
0
0
0
0
0
0
0
0
0
4.360491e-01
3.920351e-01
0
0
3.272790e-01
2.750295e-01
0
0
0
0
1.162435e-01
0
0
0
3.329548e-01
3.684588e-01
2.241134e-01
2.520614e-01
3.531046e-01
2.073733e-01
4.229760e-01
2.416641e-01
1.367477e-01
9.414174e-03
1.846075e-01
5.788605e-02
3.200624e-01
2.834861e-01
2.269405e-01
5.767974e-01
5.982664e-01
6.915095e-01
1
1.311223e-02
7.184693e-01
6.257783e-01
0
0
0
2.648157e-02
2.459440e-01
0
0
0
0
3.521183e-02
9.723394e-03
0
1.330156e-01
4.428477e-01
0
0
4.788822e-01
0
2.225935e-01
2.849416e-01
0
0
4.544813e-01
3.382929e-01
1.224368e-01
0
0
0
0
0
0
2.826613e-01
0
2.080641e-01
5.770863e-01
4.467718e-01
0
0
1.944345e-02
0
3.225076e-02
1.138033e-01
2.414676e-01
3.445839e-02
6.485844e-02
1.539005e-01
7.372973e-02
2.977226e-01
0
0
0
5.562521e-01
2.461602e-01
1.610577e-02
0
5.653018e-01
8.725771e-02
5.008325e-01
0
6.441133e-01
2.069215e-01
5.328593e-01
2.820470e-01
4.817522e-01
3.957177e-01
6.204095e-01
2.154964e-01
4.555688e-01
0
0
0
0
0
0
2.098820e-02
1.764540e-01
7.219219e-02
1.241275e-01
7.543629e-02
6.445776e-02
0
0
0
7.123635e-02
0
0
7.838172e-02
1.775235e-01
0
0
0
0
0
0
0
0
0
0
0
0
0
0
1.974352e-01
2.117872e-01
1.402808e-01
0
9.227249e-02
1.358432e-01
0
0
0
1.512722e-01
1.311223e-02
1
0
2.553104e-02
1.753210e-01
5.030181e-01
0
0
0
0
0
0
0
0
0
0
0
0
0
0
0
1.294905e-01
0
1.709831e-01
2.349123e-01
4.462418e-01
2.882055e-02
2.996188e-02
3.334008e-01
1.654947e-01
0
0
7.292957e-02
1.117939e-01
0
1.639891e-01
0
2.653154e-01
0
0
0
0
0
0
0
0
4.760709e-02
0
3.173691e-01
3.711620e-01
3.413872e-01
0
1.553183e-01
0
0
0
3.966000e-01
0
0
0
0
0
0
6.449849e-02
0
0
0
3.404752e-01
0
9.694562e-03
0
0
0
0
0
0
0
0
0
0
0
0
0
0
3.321148e-01
4.203048e-01
0
0
7.883078e-02
1.281618e-01
0
0
0
6.158982e-03
1.208212e-01
2.470956e-01
0
0
3.854043e-01
5.160278e-01
3.663886e-01
4.504694e-01
3.600222e-01
2.735293e-01
3.051715e-01
1.833487e-01
6.471452e-02
0
1.531725e-01
0
3.454144e-01
2.687521e-01
1.843890e-01
4.690118e-01
6.788311e-01
5.957841e-01
7.184693e-01
0
1.000000e+00
7.741285e-01
0
0
0
2.453370e-01
3.783219e-01
0
0
0
0
6.101573e-02
5.256299e-02
1.545290e-01
1.671927e-01
5.224783e-01
0
0
4.208413e-01
0
4.155628e-01
2.841410e-01
0
0
5.789230e-01
4.411514e-01
1.394615e-01
0
0
0
0
0
1.723860e-01
4.302052e-01
1.363531e-01
7.189320e-02
3.972725e-01
7.506627e-02
0
0
0
0
2.868939e-01
4.623230e-01
4.638706e-01
6.619584e-02
1.651256e-01
3.389274e-01
2.472906e-01
1.150532e-01
0
0
3.199561e-01
7.004650e-01
3.686896e-01
0
0
7.645664e-02
0
0
0
3.160642e-01
0
0
0
3.296913e-01
0
1.292518e-01
0
0
0
0
0
0
0
0
0
0
0
0
0
0
3.828114e-01
3.901570e-01
0
3.581613e-02
3.529026e-01
3.732956e-01
0
0
8.373659e-02
2.716270e-01
3.492124e-01
4.514171e-01
0
0
4.168758e-01
5.550591e-01
4.888942e-01
5.896830e-01
2.912093e-01
2.965441e-01
4.361824e-01
3.324749e-01
0
0
0
0
3.567531e-01
2.381141e-01
0
2.580690e-01
4.400757e-01
5.597804e-01
6.257783e-01
2.553104e-02
7.741285e-01
1
0
0
1.449615e-01
4.605330e-01
3.233128e-01
0
0
0
0
9.893491e-02
7.211285e-03
5.784862e-02
2.824494e-01
5.579731e-01
0
0
1.596528e-01
0
4.755247e-01
4.737184e-01
0
0
5.254493e-01
5.437290e-01
1.970759e-01
0
0
0
0
0
4.802763e-03
3.092091e-01
3.838644e-01
0
3.619397e-01
2.493019e-01
0
0
0
2.413990e-01
0
1.924724e-01
2.174311e-01
1.065063e-01
3.538646e-01
4.402960e-01
1.771550e-01
2.011454e-02
0
0
4.814314e-03
4.786252e-01
0
0
7.637307e-01
2.103556e-01
6.908094e-01
4.431769e-01
6.920661e-01
0
3.561401e-01
2.978179e-01
5.694558e-01
0
2.225326e-01
0
4.282868e-01
3.434123e-01
0
0
8.943383e-02
0
2.197718e-01
3.249054e-01
8.754073e-01
8.065359e-01
7.939721e-01
4.514358e-01
5.647126e-01
2.823677e-01
0
0
4.547077e-01
2.560171e-01
0
0
7.602530e-01
4.434168e-01
0
0
0
0
0
0
0
0
0
0
0
0
0
0
1.606422e-01
3.791894e-01
1.644990e-01
2.731642e-01
0
0
0
0
0
0
0
1.753210e-01
0
0
1
7.210134e-01
2.635049e-01
0
0
1.042020e-02
7.100534e-01
3.209696e-01
2.034155e-01
0
0
0
0
0
0
1.883216e-01
0
2.464787e-01
0
0
8.293335e-01
6.105170e-01
0
0
6.433337e-02
3.354728e-01
4.481835e-01
3.822184e-01
5.878315e-01
5.702719e-01
0
0
0
0
0
0
4.402117e-01
5.940492e-01
1.977687e-01
2.210664e-02
0
5.633623e-02
0
0
0
0
0
0
2.993495e-01
1.330062e-01
0
0
0
1.325895e-01
4.943843e-01
3.752200e-01
4.696153e-01
6.990729e-01
4.095419e-01
2.009109e-01
2.109211e-01
6.127122e-01
4.074840e-01
9.658794e-02
3.595366e-01
3.280534e-01
3.688496e-01
5.518844e-01
0
5.464846e-02
2.144878e-01
0
9.724829e-02
2.537604e-01
5.687772e-01
6.075204e-01
6.092420e-01
2.096617e-01
4.457746e-01
2.333600e-01
0
0
7.931174e-02
0
0
0
3.914177e-01
1.789220e-01
0
0
0
0
0
0
0
0
0
0
0
0
0
0
2.748674e-01
4.276457e-01
2.424165e-01
1.573636e-01
0
0
0
0
0
0
0
5.030181e-01
0
0
7.210134e-01
1
0
0
0
1.944468e-01
4.818263e-01
4.294063e-01
0
0
0
0
0
0
1.627499e-01
3.625316e-01
0
5.964930e-01
0
0
6.394633e-01
8.024763e-01
0
0
2.342734e-01
4.687043e-01
4.506934e-01
2.718505e-01
6.124479e-01
4.571429e-01
0
0
0
2.491927e-01
0
0
3.545537e-01
4.239370e-01
4.375587e-02
0
0
0
0
0
0
6.110941e-03
5.739918e-02
0
2.574400e-01
2.936792e-01
0
0
0
0
0
1.446600e-01
0
0
2.842211e-01
0
0
0
0
0
0
0
0
1.469868e-01
0
0
0
0
2.007773e-01
2.470999e-02
1.376123e-01
3.280403e-01
0
1.103510e-01
0
0
0
0
8.542533e-02
3.380571e-01
1.269690e-01
0
2.648534e-01
4.178739e-01
7.614645e-02
2.696453e-01
1.267683e-01
1.199231e-01
2.201868e-01
0
2.046091e-01
3.352470e-01
5.113515e-01
5.193262e-01
5.364644e-02
3.586196e-01
1.299303e-01
2.699890e-01
0
0
0
0
0
0
0
0
0
0
0
0
0
1.449615e-01
2.635049e-01
0
1
8.466727e-01
0
1.047453e-01
1.463123e-01
2.251152e-01
3.190478e-01
8.648914e-02
2.884276e-01
2.808666e-01
3.580949e-01
3.219040e-01
0
0
0
0
0
0
1.408991e-01
1.037098e-01
0
1.922403e-01
0
0
2.301192e-01
1.011301e-01
3.731830e-01
5.675318e-02
1.115143e-01
0
1.993947e-01
0
1.554060e-02
0
1.955033e-02
2.597627e-01
1.948707e-01
6.245078e-01
3.418039e-03
1.609540e-01
0
2.422245e-01
0
0
0
0
0
0
0
0
0
0
0
3.007542e-01
0
0
0
5.249070e-02
0
0
0
0
0
1.233041e-01
0
6.216096e-02
0
0
0
0
1.237248e-02
0
0
1.618197e-02
0
0
0
0
0
0
0
2.072537e-01
2.096085e-01
2.478782e-01
0
3.739826e-01
1.036108e-01
3.156545e-01
4.266073e-02
3.557737e-01
7.886174e-02
4.284237e-02
3.100795e-01
4.438495e-01
5.858000e-01
6.797859e-01
1.474056e-01
3.905667e-01
2.489187e-01
4.017950e-01
0
0
0
0
5.322423e-02
4.532312e-03
0
0
1.585854e-01
2.385363e-01
2.648157e-02
0
2.453370e-01
4.605330e-01
0
0
8.466727e-01
1.000000e+00
4.785351e-02
6.424359e-02
0
0
1.977731e-01
1.756089e-01
2.043752e-01
3.065194e-01
2.366973e-01
3.751204e-01
0
0
0
0
0
2.076499e-02
0
9.924386e-02
0
3.411691e-01
0
0
0
0
9.089876e-02
0
1.269910e-01
0
1.852884e-01
0
1.128828e-01
0
0
0
6.437930e-02
3.765632e-01
1.986815e-01
1.819318e-01
6.582324e-02
4.154528e-01
0
5.262455e-02
0
0
0
0
0
2.181756e-01
4.144285e-01
1.762657e-01
0
0
0
0
0
5.404848e-02
0
0
0
1.109577e-01
0
4.342768e-02
0
0
4.652162e-01
2.284231e-01
1.794616e-01
6.205989e-01
0
0
0
0
0
0
0
0
5.738518e-01
2.929864e-01
0
0
3.209781e-01
2.316690e-01
0
0
5.318888e-01
3.216718e-01
2.625349e-01
2.531537e-01
4.814025e-01
2.751795e-01
0
0
0
3.084184e-02
4.642479e-02
0
0
0
0
0
0
0
0
0
6.436427e-01
4.105110e-01
3.098801e-01
2.039665e-01
2.459440e-01
0
3.783219e-01
3.233128e-01
0
0
0
4.785351e-02
1
6.961885e-01
0
4.710627e-02
5.023217e-01
6.550827e-01
5.548625e-01
4.655083e-01
3.483673e-01
5.407405e-01
3.777244e-01
3.902900e-02
4.997712e-01
0
2.379159e-01
1.210089e-01
0
0
2.139641e-01
1.650805e-02
0
0
2.958740e-01
5.075623e-02
0
0
3.535197e-01
1.953651e-01
1.335727e-01
1.493494e-01
5.370153e-01
4.539018e-01
1.815095e-01
0
3.568889e-01
1.010803e-01
1.365998e-02
6.859926e-04
5.846957e-01
3.167364e-01
0
0
1.575053e-01
5.935345e-01
1.177977e-01
0
1.847869e-01
1.464303e-01
1.116543e-01
4.544584e-02
0
0
0
2.373680e-02
0
5.928390e-02
0
0
0
0
0
1.216787e-01
0
0
3.418014e-01
2.634557e-01
2.150505e-01
5.747427e-01
0
0
1.480272e-01
1.858052e-01
3.414026e-02
0
0
0
6.744269e-02
0
0
0
0
0
0
0
4.214362e-01
2.817831e-01
0
0
2.888139e-01
3.294855e-01
0
0
0
0
0
0
0
0
0
3.612994e-02
0
7.340172e-03
0
0
6.589187e-01
8.917469e-02
1.196878e-01
1.471829e-02
0
0
0
0
1.042020e-02
1.944468e-01
1.047453e-01
6.424359e-02
6.961885e-01
1
1.459124e-01
2.965901e-01
6.033475e-01
6.208652e-01
5.021382e-01
5.111252e-01
0
2.776520e-01
5.711034e-01
3.338683e-01
8.521268e-02
3.129555e-01
0
0
0
0
0
0
1.080929e-02
3.454520e-02
6.392702e-01
2.292503e-01
3.070326e-01
1.761352e-01
2.516286e-01
0
0
3.389651e-01
2.684561e-02
2.316691e-01
4.860085e-01
2.064163e-01
4.364587e-01
9.253041e-02
2.509643e-01
0
4.800043e-01
3.409635e-01
0
0
1.924624e-01
2.297149e-01
2.795117e-01
2.616950e-01
3.566580e-01
0
0
0
5.310227e-01
0
6.495137e-01
4.745315e-01
6.423051e-01
0
4.100527e-01
4.097126e-01
4.379144e-01
0
2.271346e-01
0
2.479777e-01
2.487305e-01
6.075910e-02
1.680876e-01
2.281825e-01
1.300732e-01
5.112812e-01
5.090118e-01
6.437944e-01
5.893903e-01
7.368833e-01
3.221524e-01
7.202363e-01
3.057746e-01
0
0
2.433380e-01
1.089680e-02
0
0
5.763154e-01
1.656736e-01
0
0
0
0
1.512471e-02
0
0
0
0
0
0
0
0
0
0
5.861725e-02
0
4.385047e-02
0
0
6.770983e-03
0
0
0
0
0
0
0
7.100534e-01
4.818263e-01
1.463123e-01
0
0
1.459124e-01
1.000000e+00
5.756727e-01
2.807518e-01
0
1.539211e-01
0
4.122884e-02
0
3.444044e-01
3.745538e-01
0
1.951130e-01
0
0
4.222105e-01
2.237841e-01
0
0
0
1.078169e-01
6.402529e-01
5.805946e-01
5.204290e-01
4.967395e-01
0
0
0
0
0
0
5.285397e-01
5.166070e-01
3.572311e-01
1.803339e-01
0
0
0
0
0
0
0
1.583612e-02
3.758243e-01
3.028114e-01
0
0
3.069412e-02
1.980395e-01
2.609120e-01
0
1.909453e-01
2.834815e-01
3.590193e-01
1.487984e-01
8.527138e-02
2.184916e-01
1.386079e-01
0
4.145328e-01
2.080261e-01
3.636618e-01
5.573926e-01
0
3.285319e-01
5.099156e-01
3.781061e-01
5.001607e-01
6.473531e-01
2.991770e-01
3.401248e-01
2.157578e-01
0
3.098722e-01
1.250838e-01
1.347559e-02
0
0
0
0
0
1.676360e-01
3.220293e-02
0
0
0
0
6.348505e-02
2.422349e-01
0
0
0
0
0
0
0
0
0
0
0
0
0
0
0
0
0
0
0
0
0
0
3.209696e-01
4.294063e-01
2.251152e-01
0
4.710627e-02
2.965901e-01
5.756727e-01
1
1.517027e-01
1.788458e-01
1.061284e-01
1.468684e-01
2.144823e-01
1.602660e-01
4.022010e-01
2.149237e-01
0
3.165871e-01
0
5.064202e-02
1.262515e-01
1.236168e-01
0
5.228128e-02
0
0
7.043580e-01
4.091278e-01
6.266554e-01
3.084983e-01
0
0
0
7.205927e-02
0
0
5.115186e-01
4.747166e-01
4.236133e-01
1.507201e-01
0
0
0
2.472236e-01
0
0
0
7.965822e-02
9.024191e-02
3.345558e-01
6.745247e-02
0
6.657285e-02
1.106162e-01
1.192797e-01
0
0
0
1.906758e-01
0
0
0
2.458115e-01
0
0
0
0
0
0
6.313741e-02
3.034588e-01
4.971336e-01
8.516155e-02
6.369363e-02
2.985675e-01
2.027947e-01
9.763713e-02
0
0
0
7.970190e-02
0
1.752364e-01
0
2.067024e-01
0
0
0
4.059515e-01
1.360701e-01
1.711947e-01
0
5.277274e-01
2.309042e-01
0
0
0
0
0
0
0
6.131047e-02
0
2.224810e-01
4.332706e-02
1.590061e-01
0
0
2.987845e-01
9.666052e-02
2.353028e-01
5.345299e-02
0
0
0
0
2.034155e-01
0
3.190478e-01
1.977731e-01
5.023217e-01
6.033475e-01
2.807518e-01
1.517027e-01
1
7.120733e-01
8.839696e-01
6.774990e-01
2.170950e-01
3.738181e-01
2.364514e-01
5.874930e-02
0
2.563107e-02
0
0
1.966424e-01
0
0
0
0
5.785928e-02
5.275219e-01
2.203688e-01
0
0
1.479506e-01
0
0
0
2.792500e-01
2.483075e-01
3.658917e-01
8.370226e-02
5.829805e-01
1.476966e-01
1.574366e-01
0
1.738601e-01
6.144403e-02
0
0
0
1.335903e-01
1.445513e-01
2.370009e-01
0
0
3.020668e-01
4.092424e-01
0
0
0
0
0
0
0
0
6.638875e-02
0
0
0
0
0
1.211413e-01
2.289144e-01
2.867528e-01
4.629101e-01
0
6.847058e-02
0
0
0
0
0
0
3.902108e-01
9.711621e-02
0
0
2.560270e-01
2.639587e-01
0
0
4.728866e-01
4.797157e-01
7.689178e-02
1.541926e-01
5.279066e-01
5.644219e-01
0
0
0
0
0
0
0
0
3.642401e-02
2.009963e-01
1.414027e-01
2.408943e-01
0
0
4.080465e-01
3.537770e-01
2.690909e-01
1.790483e-01
3.521183e-02
0
6.101573e-02
9.893491e-02
0
0
8.648914e-02
1.756089e-01
6.550827e-01
6.208652e-01
0
1.788458e-01
7.120733e-01
1
7.378436e-01
7.634376e-01
2.147496e-01
4.676278e-01
2.555538e-01
0
0
1.082235e-01
0
0
0
0
0
0
6.400938e-02
2.942439e-02
4.073317e-01
2.066156e-02
0
0
2.218056e-01
0
1.250121e-01
3.329441e-01
4.379009e-01
2.701944e-01
1.574751e-01
0
4.225523e-01
0
1.655141e-01
0
2.663569e-01
2.596841e-01
0
0
0
3.582315e-01
1.651930e-01
1.477567e-01
4.299456e-02
3.512652e-02
3.558482e-03
5.751296e-02
0
0
0
0
7.489715e-02
0
0
0
0
0
0
0
0
0
4.563409e-02
1.760153e-01
1.673638e-01
3.382563e-01
2.156230e-01
1.595338e-01
2.340615e-02
0
0
0
0
0
1.981190e-01
0
0
0
2.717628e-01
7.617541e-02
0
0
3.843797e-01
2.484889e-01
2.298057e-01
0
5.456954e-01
1.910930e-01
0
0
0
0
2.163501e-02
0
0
3.189451e-01
4.783806e-02
1.760811e-01
2.552786e-02
1.481228e-01
0
0
2.676180e-01
2.370770e-01
2.906070e-01
2.223915e-02
9.723394e-03
0
5.256299e-02
7.211285e-03
0
0
2.884276e-01
2.043752e-01
5.548625e-01
5.021382e-01
1.539211e-01
1.061284e-01
8.839696e-01
7.378436e-01
1
6.624147e-01
2.852996e-01
4.302900e-01
2.099270e-01
0
2.624186e-02
0
0
0
0
0
6.625720e-02
0
0
0
4.756879e-01
2.340748e-01
0
0
1.812777e-01
0
1.305008e-01
0
4.775168e-01
2.995157e-01
1.203046e-01
0
3.393080e-01
1.682793e-01
1.590518e-01
0
1.570242e-01
3.035339e-02
0
0
0
2.783260e-01
2.098197e-02
2.781898e-01
0
0
2.871066e-01
1.274769e-01
0
0
0
0
0
0
0
0
4.407315e-02
0
0
4.314257e-02
0
0
0
0
2.281433e-01
3.560175e-01
7.733674e-03
0
9.156052e-02
1.444452e-01
0
0
0
0
0
0
0
0
6.479017e-04
0
0
0
2.073657e-01
1.591516e-01
0
1.389243e-02
2.450010e-01
1.313935e-01
0
0
0
0
0
0
0
6.514543e-02
2.458668e-01
3.244370e-01
2.744524e-01
1.780644e-01
0
0
2.899974e-01
1.014222e-01
4.338019e-01
2.285396e-01
0
0
1.545290e-01
5.784862e-02
0
0
2.808666e-01
3.065194e-01
4.655083e-01
5.111252e-01
0
1.468684e-01
6.774990e-01
7.634376e-01
6.624147e-01
1
2.624675e-01
3.451796e-01
1.205532e-01
0
0
6.095574e-02
0
0
0
2.474848e-02
3.769273e-02
0
1.310857e-01
2.110652e-01
4.073715e-01
0
6.261419e-02
0
3.249154e-01
0
0
1.398048e-01
3.044766e-01
2.410907e-02
3.384775e-01
0
5.284011e-01
0
2.923598e-01
0
3.165916e-01
2.644270e-02
2.828652e-02
0
0
3.367558e-02
2.643269e-01
3.474387e-01
1.776009e-01
1.827615e-02
3.274690e-01
0
0
0
0
0
1.029210e-01
0
0
0
1.264375e-01
0
2.718864e-01
1.100037e-01
0
1.694249e-01
0
0
0
3.429076e-01
1.218739e-02
0
0
9.399068e-03
0
0
0
0
1.406307e-01
6.919844e-03
1.606675e-03
3.106990e-01
1.742287e-01
0
0
2.439467e-02
2.043577e-01
1.692432e-01
4.516846e-01
1.502548e-01
2.825953e-01
0
1.042610e-01
2.327095e-01
3.009794e-01
2.685838e-01
7.553181e-03
0
0
7.787496e-02
0
0
0
0
1.462558e-01
0
0
0
0
0
1.330156e-01
0
1.671927e-01
2.824494e-01
0
0
3.580949e-01
2.366973e-01
3.483673e-01
0
4.122884e-02
2.144823e-01
2.170950e-01
2.147496e-01
2.852996e-01
2.624675e-01
1
4.755855e-01
0
0
0
0
4.239927e-01
4.475388e-01
0
0
3.652097e-01
4.163646e-01
0
0
1.631908e-01
1.470153e-01
0
0
0
0
3.574128e-01
0
4.208157e-01
8.145319e-02
0
0
2.277506e-01
3.672266e-01
0
1.972059e-02
4.237958e-02
0
0
8.369693e-02
0
1.491116e-01
0
0
0
0
4.324162e-01
1.775524e-01
0
0
0
0
0
0
0
0
0
1.875533e-02
0
0
0
0
0
3.839076e-02
1.036242e-01
3.273278e-01
0
0
0
0
0
0
0
0
3.163812e-01
1.993241e-01
0
0
2.517016e-01
1.957505e-01
0
0
1.026359e-01
3.608759e-01
2.344973e-01
6.500300e-02
1.642416e-01
5.501993e-02
1.200848e-01
2.375059e-01
1.493096e-01
2.848764e-01
9.289795e-02
1.630818e-02
7.491945e-02
1.785288e-01
0
0
0
0
0
0
2.141806e-01
3.858150e-01
3.241490e-01
2.339519e-01
4.428477e-01
0
5.224783e-01
5.579731e-01
0
0
3.219040e-01
3.751204e-01
5.407405e-01
2.776520e-01
0
1.602660e-01
3.738181e-01
4.676278e-01
4.302900e-01
3.451796e-01
4.755855e-01
1
5.803426e-02
0
1.132188e-01
0
2.871452e-01
1.724419e-01
0
0
1.809439e-01
2.334647e-01
0
0
1.124516e-01
0
0
0
0
0
7.801455e-02
1.812941e-02
4.957098e-01
3.440211e-01
1.711831e-01
0
3.196506e-01
1.990758e-01
6.656421e-02
2.530366e-01
7.862634e-02
5.755098e-02
0
6.270711e-02
0
1.959255e-01
0
0
6.332870e-02
3.722658e-01
1.630653e-01
2.772708e-01
1.688588e-01
0
3.210850e-02
2.528120e-01
0
0
0
1.989151e-01
0
0
0
0
1.252527e-01
0
6.707342e-01
7.764491e-01
4.532222e-01
4.001482e-01
5.774356e-03
2.642948e-01
1.210534e-01
0
1.792041e-01
0
2.402792e-01
1.427947e-01
3.481141e-01
2.111077e-01
1.067980e-02
0
0
0
0
0
1.472179e-01
0
0
0
1.242645e-01
3.100108e-01
0
0
0
0
0
0
0
0
0
0
7.546329e-02
7.692242e-02
0
0
6.178504e-01
3.646774e-01
0
0
0
0
0
0
0
1.627499e-01
0
0
3.777244e-01
5.711034e-01
3.444044e-01
4.022010e-01
2.364514e-01
2.555538e-01
2.099270e-01
1.205532e-01
0
5.803426e-02
1.000000e+00
7.970787e-01
5.377992e-01
3.091577e-01
2.965113e-02
0
0
0
0
0
0
2.418926e-01
3.469820e-01
2.264914e-01
1.521759e-01
1.461204e-01
6.609356e-02
0
0
2.698578e-01
0
3.532095e-01
5.230241e-01
2.499494e-01
2.067023e-01
0
2.278896e-01
5.290536e-02
2.686680e-01
1.484217e-01
0
1.830392e-02
3.228318e-01
3.955274e-01
1.119988e-01
5.035127e-01
5.394492e-01
0
6.614684e-02
3.470596e-01
4.791577e-01
0
3.279378e-01
4.645952e-01
1.969262e-01
0
2.846914e-01
4.657679e-01
2.666984e-01
0
2.075491e-01
0
4.178735e-01
4.391915e-02
5.855394e-01
6.549909e-01
4.881814e-01
2.805895e-01
1.744045e-02
2.275689e-01
3.203975e-01
1.829807e-01
4.666391e-01
3.593619e-02
3.855525e-01
3.336004e-01
1.921888e-01
9.690074e-02
3.417224e-01
0
0
0
8.594840e-02
0
8.224718e-02
0
0
0
8.405303e-02
2.640627e-01
0
0
0
0
0
0
0
0
0
6.447016e-02
1.526374e-01
1.678185e-01
0
0
4.237532e-01
1.691918e-01
0
0
0
0
0
0
1.883216e-01
3.625316e-01
0
0
3.902900e-02
3.338683e-01
3.745538e-01
2.149237e-01
5.874930e-02
0
0
0
0
0
7.970787e-01
1
3.828487e-01
4.574489e-01
0
0
2.520284e-01
8.990339e-02
0
0
1.416127e-01
3.551807e-01
1.634161e-01
2.778739e-01
1.736716e-01
4.067775e-01
4.401757e-02
0
0
9.141642e-02
0
2.596300e-01
4.484444e-01
3.429359e-01
1.385768e-01
0
9.432720e-02
0
2.057603e-02
0
7.728702e-02
0
2.791990e-01
1.688066e-01
2.207155e-01
3.748830e-01
3.414065e-01
0
3.382925e-01
2.772648e-01
0
0
0
0
0
0
0
7.228235e-02
0
2.500614e-01
1.414505e-02
0
0
0
7.959998e-01
5.841771e-01
1.790226e-01
1.038235e-01
0
0
0
0
0
0
0
0
7.180975e-01
6.738742e-01
0
0
2.453234e-01
7.852789e-02
0
0
1.362247e-01
0
2.088881e-01
0
1.433727e-01
7.170000e-02
1.696558e-01
9.585618e-02
0
0
2.961331e-01
5.223096e-02
5.294800e-02
0
0
0
8.796876e-02
9.791208e-02
1.046425e-01
1.027828e-01
6.003838e-01
6.418252e-01
2.653990e-01
1.222185e-01
4.788822e-01
0
4.208413e-01
1.596528e-01
0
0
0
0
4.997712e-01
8.521268e-02
0
0
0
0
2.624186e-02
0
0
1.132188e-01
5.377992e-01
3.828487e-01
1
0
4.188509e-01
2.868754e-01
0
0
3.184849e-01
4.961896e-02
0
0
0
4.061516e-03
0
0
1.232446e-01
3.670364e-01
1.096819e-01
1.246754e-01
4.115318e-01
5.452611e-01
3.578376e-02
0
0
0
1.373259e-03
8.445034e-02
3.492113e-01
1.283655e-01
0
6.649069e-02
3.968821e-01
7.436312e-01
9.197031e-02
6.061364e-02
2.238182e-01
1.770297e-01
0
1.838959e-01
1.649111e-01
9.563781e-02
4.167980e-02
3.464163e-01
1.169411e-01
7.582536e-02
1.024205e-01
3.317812e-01
2.664753e-01
9.087054e-02
1.986860e-01
2.398226e-01
2.053233e-01
3.329868e-01
5.655641e-02
2.256043e-01
1.105267e-01
0
3.259933e-02
2.096056e-01
1.158047e-01
1.432645e-01
1.977964e-01
0
1.342971e-02
0
0
0
0
0
0
0
3.318197e-01
1.623004e-01
0
0
0
3.019531e-02
3.276675e-02
3.938788e-01
0
0
0
0
0
0
0
0
1.283981e-01
3.276045e-01
1.743664e-01
1.211539e-01
0
0
6.653854e-03
0
0
0
0
1.294905e-01
0
0
2.464787e-01
5.964930e-01
0
0
0
3.129555e-01
1.951130e-01
3.165871e-01
2.563107e-02
1.082235e-01
0
6.095574e-02
0
0
3.091577e-01
4.574489e-01
0
1
0
2.224931e-02
3.136201e-01
6.406468e-01
0
0
3.494049e-01
2.087361e-01
2.580382e-01
1.621671e-01
3.511901e-01
3.135042e-01
0
0
0
3.579892e-01
0
4.955073e-02
1.896749e-02
1.688667e-01
0
0
2.400438e-02
0
0
3.902366e-01
6.577341e-02
8.808614e-02
2.517601e-01
0
2.157210e-01
2.721340e-01
3.311233e-03
0
3.488294e-01
1.611479e-01
0
0
0
0
0
0
9.962736e-02
0
0
0
2.127624e-01
0
3.166193e-01
0
1.849606e-01
2.394367e-03
0
2.359160e-01
0
0
0
0
0
4.660721e-02
0
0
5.921931e-01
6.323241e-01
3.261156e-01
4.316566e-01
3.287089e-01
1.420714e-01
0
0
2.678830e-01
3.110363e-01
7.496028e-01
4.276667e-01
3.710184e-01
8.074376e-02
1.714438e-01
2.353221e-01
2.740424e-01
1.823463e-01
0
1.590449e-02
2.554751e-02
0
0
0
0
0
9.472264e-02
0
0
2.111269e-01
0
0
2.225935e-01
0
4.155628e-01
4.755247e-01
0
0
0
0
2.379159e-01
0
0
0
0
0
0
0
4.239927e-01
2.871452e-01
2.965113e-02
0
4.188509e-01
0
1
5.978105e-01
0
0
5.111069e-01
3.503449e-01
5.039324e-03
0
0
0
0
0
1.601621e-01
2.388260e-01
5.325672e-01
0
1.695735e-01
1.681444e-01
0
0
0
3.733508e-01
0
2.997051e-01
0
0
9.134205e-03
2.906538e-01
1.530346e-01
3.077456e-01
0
0
0
2.637996e-01
2.219627e-01
1.016640e-01
0
0
0
0
0
2.773697e-01
1.814941e-02
0
0
1.914205e-01
3.460251e-01
2.182795e-01
1.656943e-01
1.112620e-01
9.590098e-02
0
0
0
0
0
0
0
0
0
0
0
4.874998e-01
5.551891e-01
0
7.509194e-02
1.505473e-01
1.389030e-01
0
6.337557e-02
0
9.636194e-02
4.398756e-01
3.514607e-01
7.034438e-02
1.452793e-01
1.755872e-01
2.423009e-01
2.575663e-01
2.361923e-01
0
1.277041e-02
6.882268e-03
0
0
0
0
0
2.959931e-01
6.631769e-02
0
3.259653e-02
0
0
2.849416e-01
1.709831e-01
2.841410e-01
4.737184e-01
0
0
0
2.076499e-02
1.210089e-01
0
0
5.064202e-02
0
0
0
0
4.475388e-01
1.724419e-01
0
0
2.868754e-01
2.224931e-02
5.978105e-01
1
0
0
3.097235e-01
7.890956e-01
7.165841e-02
0
0
0
0
0
0
2.834039e-01
4.087222e-01
7.427492e-02
1.449367e-01
1.026614e-01
0
0
0
1.043838e-01
0
1.287157e-01
0
3.134302e-01
3.059031e-03
5.290313e-01
3.568593e-01
2.861909e-01
0
0
0
5.055662e-02
0
3.698892e-02
8.053676e-01
3.169808e-01
4.618045e-01
3.409778e-01
5.575548e-01
0
1.993030e-01
1.818988e-01
5.307800e-01
0
1.854829e-01
0
4.427809e-01
3.197475e-01
0
0
1.616333e-01
2.922671e-02
7.020584e-02
2.302240e-01
8.070325e-01
6.933992e-01
6.297240e-01
3.691040e-01
2.890478e-01
1.398961e-01
0
0
6.723045e-01
3.724923e-01
0
0
5.551907e-01
3.138560e-01
0
0
6.693225e-02
0
4.851196e-02
0
0
0
0
0
0
0
0
0
4.876809e-02
3.203704e-01
2.338014e-01
2.247493e-01
0
0
0
0
0
0
0
2.349123e-01
0
0
8.293335e-01
6.394633e-01
1.408991e-01
0
0
0
4.222105e-01
1.262515e-01
1.966424e-01
0
0
0
0
0
0
2.520284e-01
0
3.136201e-01
0
0
1
6.860118e-01
0
0
3.091180e-01
3.749934e-01
2.316853e-01
2.577816e-01
4.139494e-01
4.109151e-01
0
0
0
0
0
0
2.949740e-01
3.848768e-01
0
0
0
2.101091e-01
0
0
0
0
9.392885e-03
0
0
0
0
0
0
0
4.115442e-01
4.820326e-01
2.710150e-01
4.987523e-01
3.379235e-01
4.530544e-02
1.610479e-01
3.628963e-01
3.087494e-01
8.947317e-02
1.016320e-01
2.922543e-01
1.663071e-01
4.386013e-01
0
0
2.355775e-02
0
1.619729e-01
1.539322e-01
4.442678e-01
5.260902e-01
4.051616e-01
2.144333e-01
2.025723e-01
6.526969e-02
0
0
1.332736e-01
6.953298e-02
0
0
4.430918e-01
3.800211e-01
0
0
0
0
0
0
0
0
0
0
0
0
0
0
3.443407e-01
5.590288e-01
3.487373e-01
2.082810e-01
0
0
0
0
0
0
0
4.462418e-01
0
0
6.105170e-01
8.024763e-01
1.037098e-01
9.924386e-02
0
0
2.237841e-01
1.236168e-01
0
0
0
2.474848e-02
0
0
0
8.990339e-02
0
6.406468e-01
0
0
6.860118e-01
1
0
0
4.004880e-01
4.688336e-01
2.024334e-01
0
4.554724e-01
1.283124e-01
0
0
0
2.135611e-01
0
0
0
9.135154e-02
0
0
3.926007e-02
0
0
0
1.401314e-02
4.382651e-02
0
0
0
2.401519e-01
0
0
2.657288e-01
0
0
0
0
0
0
8.295253e-02
1.584660e-02
0
0
1.377514e-01
0
0
0
0
1.147502e-02
0
0
3.708925e-02
0
0
0
0
0
4.019684e-02
0
0
2.470150e-01
3.145631e-01
0
6.271860e-02
6.248490e-02
2.884167e-02
0
0
1.161642e-01
7.245990e-02
2.452800e-01
7.265911e-02
0
0
3.945930e-01
4.929602e-01
4.119949e-01
3.953430e-01
3.982130e-01
2.669534e-01
3.605226e-01
3.345125e-01
0
0
0
0
4.386511e-01
3.723026e-01
1.148060e-01
3.457404e-01
2.852365e-01
2.051696e-01
4.544813e-01
2.882055e-02
5.789230e-01
5.254493e-01
0
0
0
0
2.139641e-01
0
0
0
0
0
6.625720e-02
3.769273e-02
3.652097e-01
1.809439e-01
0
0
3.184849e-01
0
5.111069e-01
3.097235e-01
0
0
1
4.080133e-01
1.274537e-01
0
0
0
0
0
2.104692e-01
4.735308e-01
3.026042e-01
0
3.199969e-01
1.754058e-01
0
0
0
1.738552e-01
0
1.666615e-01
4.382254e-01
0
2.960012e-01
4.272595e-01
8.797065e-02
9.041079e-02
0
0
2.045688e-01
2.997686e-01
2.505553e-02
0
0
0
0
0
0
2.731376e-01
0
0
0
2.343573e-01
0
3.101512e-01
0
5.902779e-02
0
0
0
0
0
0
0
0
0
0
0
0
1.814674e-01
2.545558e-01
0
4.159817e-02
0
0
0
8.474060e-02
0
0
1.804734e-01
2.126181e-01
0
0
2.894283e-01
4.411558e-01
4.550998e-01
4.597028e-01
4.843100e-02
2.173304e-01
6.367135e-02
8.148702e-02
0
0
0
0
3.070293e-01
1.754907e-01
0
0
6.473237e-02
9.080304e-03
3.382929e-01
2.996188e-02
4.411514e-01
5.437290e-01
0
0
1.922403e-01
3.411691e-01
1.650805e-02
0
0
5.228128e-02
0
0
0
0
4.163646e-01
2.334647e-01
0
0
4.961896e-02
0
3.503449e-01
7.890956e-01
0
0
4.080133e-01
1
6.890293e-02
0
0
0
0
0
0
2.714925e-01
1.983554e-01
1.120196e-01
8.940889e-02
0
0
0
0
1.718756e-01
0
2.800927e-01
1.579671e-01
3.530692e-01
8.978637e-02
5.160781e-01
1.988023e-01
0
0
0
8.729296e-02
2.533775e-01
2.541158e-01
1.324754e-01
5.975857e-03
1.068124e-01
0
0
0
0
0
0
1.374665e-01
1.186420e-01
0
5.194544e-02
1.949607e-02
0
0
0
0
0
0
0
0
0
0
0
0
0
0
0
6.368428e-02
0
0
0
0
0
3.409682e-02
1.092494e-02
4.213829e-02
2.855404e-01
0
0
0
0
0
0
0
0
0
0
5.783564e-01
6.521077e-01
6.719534e-01
4.941145e-01
3.947260e-01
4.432646e-01
2.030926e-01
9.415289e-02
4.993370e-01
3.860330e-01
1.224368e-01
3.334008e-01
1.394615e-01
1.970759e-01
6.433337e-02
2.342734e-01
0
0
0
1.080929e-02
0
0
0
6.400938e-02
0
1.310857e-01
0
0
0
1.416127e-01
0
3.494049e-01
5.039324e-03
7.165841e-02
3.091180e-01
4.004880e-01
1.274537e-01
6.890293e-02
1
6.252038e-01
0
0
0
0
0
6.129146e-02
5.347149e-02
2.080571e-01
0
9.929956e-02
0
0
0
0
3.110715e-03
8.353078e-02
8.016706e-02
0
2.822592e-01
5.744325e-01
4.565205e-01
0
1.142513e-01
0
1.538804e-03
2.533198e-02
1.463875e-01
2.109746e-01
3.460909e-01
3.417602e-02
2.288902e-01
3.382500e-01
0
0
0
2.497382e-01
1.426043e-01
1.469329e-01
0
0
1.438377e-02
0
5.797335e-02
2.297494e-01
1.500528e-01
0
0
3.414231e-02
3.752398e-01
2.159624e-01
4.011587e-01
1.037773e-01
3.141675e-01
2.194468e-01
0
0
6.210692e-02
0
0
0
3.511573e-02
0
0
0
0
0
0
0
0
0
0
0
0
0
0
0
6.807022e-01
7.602088e-01
8.465142e-01
6.995507e-01
1.387142e-01
2.794917e-01
3.114772e-01
2.922496e-01
4.091123e-01
2.164597e-01
0
1.654947e-01
0
0
3.354728e-01
4.687043e-01
0
0
0
3.454520e-02
1.078169e-01
0
5.785928e-02
2.942439e-02
0
2.110652e-01
0
0
2.418926e-01
3.551807e-01
0
2.087361e-01
0
0
3.749934e-01
4.688336e-01
0
0
6.252038e-01
1.000000e+00
4.326777e-02
0
3.034595e-02
0
0
0
0
2.654182e-01
0
0
2.696881e-01
0
0
0
3.416564e-01
6.657857e-02
9.667290e-03
0
9.111565e-02
1.738810e-01
2.074997e-01
0
1.952413e-01
4.278270e-01
2.271143e-01
0
0
3.559269e-02
1.846669e-01
0
1.536480e-01
3.055330e-01
3.199897e-01
0
0
2.046216e-01
2.689635e-01
0
1.174104e-01
1.567396e-01
5.912599e-03
3.424851e-01
8.411995e-02
2.250181e-01
3.710449e-01
4.276520e-01
4.213152e-01
5.105014e-01
5.293763e-01
5.293172e-01
4.545922e-01
0
3.801805e-01
6.913632e-02
0
0
0
0
0
0
2.310526e-01
3.261179e-02
4.022363e-02
0
0
0
2.488123e-01
6.872712e-02
0
0
0
0
0
0
0
0
0
3.418019e-02
0
3.902495e-02
0
0
2.523446e-01
0
0
0
0
0
0
0
4.481835e-01
4.506934e-01
2.301192e-01
0
2.958740e-01
6.392702e-01
6.402529e-01
7.043580e-01
5.275219e-01
4.073317e-01
4.756879e-01
4.073715e-01
1.631908e-01
1.124516e-01
3.469820e-01
1.634161e-01
0
2.580382e-01
0
0
2.316853e-01
2.024334e-01
0
0
0
4.326777e-02
1
5.754023e-01
6.603589e-01
3.623045e-01
0
0
0
9.340522e-02
0
0
6.150594e-01
3.878244e-01
4.954671e-01
4.979851e-02
0
0
0
9.446912e-02
0
0
0
1.253426e-01
3.688415e-01
3.388314e-01
0
0
0
4.713116e-02
3.451664e-01
0
5.022621e-01
2.630213e-01
6.363058e-01
0
3.556834e-01
3.602994e-01
3.528012e-01
0
3.673402e-01
0
2.504270e-01
1.798125e-01
3.029866e-01
3.291698e-01
1.130652e-01
1.761382e-01
3.755858e-01
5.140233e-01
4.161926e-01
3.141600e-01
6.294386e-01
2.080185e-01
5.029573e-01
2.482117e-01
1.698119e-02
0
3.155240e-01
0
1.469877e-01
0
3.375388e-01
1.895308e-01
2.821913e-01
1.868126e-01
3.526525e-01
0
5.201531e-01
1.998472e-01
0
0
0
0
0
0
0
0
0
0
0
0
0
0
5.530847e-03
0
0
0
0
0
0
0
3.822184e-01
2.718505e-01
1.011301e-01
0
5.075623e-02
2.292503e-01
5.805946e-01
4.091278e-01
2.203688e-01
2.066156e-02
2.340748e-01
0
1.470153e-01
0
2.264914e-01
2.778739e-01
4.061516e-03
1.621671e-01
0
0
2.577816e-01
0
0
0
0
0
5.754023e-01
1
4.074223e-01
6.944832e-01
0
0
1.475481e-01
0
0
1.963448e-01
1.760797e-01
6.198724e-01
1.424024e-01
3.539168e-01
0
0
0
0
0
0
0
2.546182e-01
2.078829e-01
0
0
0
0
0
3.766660e-01
3.405204e-01
4.880119e-01
5.225704e-01
4.585868e-01
1.312661e-01
3.387443e-01
3.068150e-01
9.270665e-03
0
7.272204e-02
3.545343e-01
3.104400e-01
6.322553e-01
0
0
8.461548e-02
1.530928e-01
4.360817e-01
4.300909e-01
5.870674e-01
7.588666e-01
5.233626e-01
4.555275e-01
5.463891e-01
4.139791e-01
0
0
1.654043e-01
1.522116e-01
0
0
4.059729e-01
3.016017e-01
0
5.420867e-02
0
0
0
0
0
0
0
0
0
0
0
0
0
0
0
0
0
0
0
0
0
0
0
7.292957e-02
0
0
5.878315e-01
6.124479e-01
3.731830e-01
9.089876e-02
0
3.070326e-01
5.204290e-01
6.266554e-01
0
0
0
6.261419e-02
0
0
1.521759e-01
1.736716e-01
0
3.511901e-01
0
0
4.139494e-01
4.554724e-01
0
0
0
3.034595e-02
6.603589e-01
4.074223e-01
1
5.259662e-01
4.150350e-02
0
0
0
0
0
4.958100e-01
6.400697e-01
1.164805e-01
2.793120e-01
2.821323e-02
0
0
2.400106e-02
0
0
0
0
1.116805e-01
2.619202e-01
1.522675e-01
0
0
5.030546e-03
4.912591e-01
1.869056e-01
6.138726e-01
4.274370e-01
5.059340e-01
0
4.539309e-01
4.260441e-01
4.477612e-01
0
3.844525e-01
0
5.387128e-01
3.597510e-01
2.013632e-01
1.016821e-01
2.441386e-02
4.523654e-02
5.895431e-02
2.852605e-01
5.455913e-01
4.629897e-01
6.724417e-01
3.077267e-01
4.686663e-01
3.450325e-01
0
0
3.674869e-01
5.542909e-02
0
0
5.745115e-01
3.929827e-01
1.214389e-01
9.775911e-02
1.030461e-02
0
2.132927e-01
2.201935e-01
0
0
0
0
0
0
0
0
0
0
0
7.472774e-02
0
0
4.165017e-02
0
0
0
0
1.117939e-01
0
0
5.702719e-01
4.571429e-01
5.675318e-02
0
0
1.761352e-01
4.967395e-01
3.084983e-01
0
0
0
0
0
0
1.461204e-01
4.067775e-01
0
3.135042e-01
0
0
4.109151e-01
1.283124e-01
0
0
0
0
3.623045e-01
6.944832e-01
5.259662e-01
1
3.959600e-03
0
0
0
0
0
3.361917e-01
7.858088e-01
1.923326e-01
2.062256e-01
0
0
0
6.865770e-02
0
0
7.713257e-02
8.551905e-02
4.433669e-01
0
0
0
0
0
0
0
0
0
0
0
6.038829e-02
0
0
0
0
0
0
0
1.509931e-01
0
0
2.925222e-01
8.186080e-02
0
3.039041e-02
7.509323e-02
0
7.523763e-02
3.995412e-02
1.254721e-01
1.117165e-01
6.091828e-02
2.471210e-01
7.119079e-02
1.061436e-01
7.132977e-02
2.439309e-02
0
6.089926e-01
4.227334e-01
8.441276e-02
3.757038e-01
4.282113e-01
1.567632e-01
1.811437e-01
1.598405e-01
1.165561e-01
2.146963e-01
2.518486e-01
2.256610e-01
0
0
0
0
0
4.660449e-02
0
0
1.804657e-01
0
1.449528e-01
1.217271e-02
0
0
1.723860e-01
4.802763e-03
0
0
1.115143e-01
1.269910e-01
3.535197e-01
2.516286e-01
0
0
1.479506e-01
2.218056e-01
1.812777e-01
3.249154e-01
0
0
6.609356e-02
4.401757e-02
1.232446e-01
0
1.601621e-01
0
0
0
2.104692e-01
0
0
0
0
0
4.150350e-02
3.959600e-03
1.000000e+00
4.685969e-01
3.771377e-01
0
1.721880e-01
0
9.840732e-02
0
1.667542e-01
2.180892e-01
3.420953e-01
2.308229e-01
4.766680e-01
1.666994e-01
1.022306e-01
0
5.666672e-02
1.840250e-01
7.631141e-02
0
3.826552e-01
1.265085e-01
0
0
0
7.578895e-02
0
0
0
2.598023e-01
0
0
0
3.026481e-01
0
1.284141e-01
0
0
2.346281e-01
0
0
0
0
0
0
0
0
0
0
4.060440e-02
3.261549e-01
4.610569e-01
0
0
6.817709e-02
3.693708e-01
0
2.176013e-02
2.603131e-01
1.320155e-01
7.918264e-03
4.183063e-01
0
1.700157e-01
3.086453e-01
2.396477e-01
1.966374e-01
2.875502e-01
2.786182e-01
1.812442e-01
1.024897e-01
2.237286e-02
0
0
0
2.366198e-02
1.212361e-01
1.752534e-01
1.489149e-01
2.716138e-01
1.739529e-01
3.537852e-01
2.826613e-01
1.639891e-01
4.302052e-01
3.092091e-01
0
0
0
0
1.953651e-01
0
0
0
0
0
0
0
0
0
0
0
3.670364e-01
0
2.388260e-01
2.834039e-01
0
0
4.735308e-01
2.714925e-01
6.129146e-02
0
0
0
0
0
4.685969e-01
1.000000e+00
1.593067e-01
3.579479e-01
1.256341e-01
0
0
0
0
0
2.586565e-01
2.399539e-01
6.206961e-01
3.422831e-01
2.724548e-01
2.814591e-01
4.812366e-01
1.876136e-01
0
0
3.947490e-01
4.613470e-01
0
0
0
0
0
0
9.506417e-03
0
5.025708e-02
0
0
0
0
0
0
0
1.394137e-01
0
0
0
4.004665e-03
0
0
0
0
0
0
0
3.936826e-01
3.828796e-01
1.678138e-01
2.210090e-01
4.439196e-01
2.165706e-01
1.353843e-02
1.605722e-01
5.500782e-01
5.904570e-01
6.335274e-01
5.302990e-01
5.459099e-01
2.551595e-01
3.792167e-01
4.358685e-01
4.053363e-01
3.537432e-01
3.244725e-01
3.656221e-01
3.248043e-01
1.846823e-01
0
0
0
0
4.139583e-01
2.257005e-01
0
0
3.238964e-03
0
0
0
1.363531e-01
3.838644e-01
0
0
1.993947e-01
1.852884e-01
1.335727e-01
0
0
0
0
1.250121e-01
1.305008e-01
0
3.574128e-01
7.801455e-02
0
0
1.096819e-01
0
5.325672e-01
4.087222e-01
0
0
3.026042e-01
1.983554e-01
5.347149e-02
0
0
1.475481e-01
0
0
3.771377e-01
1.593067e-01
1
0
4.106005e-01
1.783354e-01
0
0
0
4.209674e-01
0
8.866814e-02
0
5.679915e-02
0
2.799320e-01
5.276875e-02
3.153441e-01
0
0
0
0
1.268075e-01
2.569699e-01
0
4.485030e-02
0
2.286624e-01
0
3.014448e-01
0
1.313278e-01
0
4.172387e-01
0
2.336587e-01
0
0
1.322549e-01
2.523934e-01
9.076055e-02
0
0
0
0
0
0
0
0
0
9.996743e-02
4.711700e-02
0
0
0
8.478903e-02
0
0
0
0
0
0
0
2.709945e-01
0
0
0
0
0
0
0
0
2.392650e-01
3.807365e-01
3.480633e-01
3.477740e-01
0
6.104501e-02
4.560850e-01
3.141328e-01
2.627856e-01
3.165067e-01
2.080641e-01
2.653154e-01
7.189320e-02
0
0
2.491927e-01
0
0
1.493494e-01
3.389651e-01
0
7.205927e-02
0
3.329441e-01
0
1.398048e-01
0
1.812941e-02
2.698578e-01
9.141642e-02
1.246754e-01
3.579892e-01
0
7.427492e-02
0
2.135611e-01
0
1.120196e-01
2.080571e-01
2.654182e-01
9.340522e-02
0
0
0
0
3.579479e-01
0
1
0
6.065903e-02
1.775322e-02
0
0
0
4.099349e-01
6.571082e-02
3.829837e-01
4.409033e-01
0
3.104710e-01
4.639053e-01
1.935266e-01
2.034493e-01
4.169882e-01
3.818065e-01
1.286549e-01
2.790263e-01
1.564323e-01
0
0
0
0
0
0
0
0
0
1.809868e-02
0
0
0
0
2.336667e-01
1.548328e-01
0
6.148419e-02
0
0
0
0
0
0
0
0
5.537421e-01
3.921128e-01
0
0
5.958572e-01
3.990605e-01
0
0
2.598280e-01
1.973077e-01
2.393822e-01
6.881086e-02
3.344156e-01
1.810521e-01
4.521325e-01
4.223516e-01
2.456308e-01
3.482854e-01
5.908779e-01
3.535930e-01
4.570529e-01
4.304857e-01
4.212758e-02
0
0
7.232635e-02
2.853293e-01
1.358074e-01
2.720002e-01
4.714777e-01
3.898501e-01
3.447752e-01
5.770863e-01
0
3.972725e-01
3.619397e-01
0
0
1.554060e-02
1.128828e-01
5.370153e-01
2.684561e-02
0
0
2.792500e-01
4.379009e-01
4.775168e-01
3.044766e-01
4.208157e-01
4.957098e-01
0
0
4.115318e-01
0
1.695735e-01
1.449367e-01
0
0
3.199969e-01
8.940889e-02
0
0
0
0
0
0
1.721880e-01
1.256341e-01
4.106005e-01
0
1
5.251857e-01
0
0
2.954663e-01
0
0
0
2.134235e-01
1.057152e-01
0
0
0
6.778767e-01
2.248772e-01
0
0
1.001957e-01
3.865704e-01
3.946433e-01
0
0
0
0
0
0
0
2.194803e-02
9.132471e-02
1.422738e-01
2.825434e-01
0
0
0
4.862137e-01
4.682425e-01
1.181871e-01
6.196595e-02
0
0
0
0
0
0
0
0
5.938247e-01
3.199383e-01
0
0
5.694047e-01
2.796269e-01
0
0
1.621033e-01
3.574985e-02
2.976675e-01
0
2.160789e-01
2.789596e-01
6.848314e-02
2.923116e-02
0
0
2.316417e-01
4.760748e-03
3.025603e-01
2.771714e-01
9.103027e-02
2.287993e-02
0
4.023736e-02
1.431595e-01
1.189215e-01
4.917826e-01
4.791962e-01
1.968542e-01
2.159085e-01
4.467718e-01
0
7.506627e-02
2.493019e-01
0
0
0
0
4.539018e-01
2.316691e-01
0
0
2.483075e-01
2.701944e-01
2.995157e-01
2.410907e-02
8.145319e-02
3.440211e-01
3.532095e-01
2.596300e-01
5.452611e-01
4.955073e-02
1.681444e-01
1.026614e-01
0
0
1.754058e-01
0
9.929956e-02
0
0
1.963448e-01
0
0
0
0
1.783354e-01
6.065903e-02
5.251857e-01
1.000000e+00
0
0
2.357150e-01
1.082610e-01
0
0
9.892470e-03
0
7.878812e-02
0
0
6.164086e-01
2.841215e-01
7.825681e-02
0
0
2.572870e-01
1.548942e-01
4.440561e-01
0
2.649007e-01
2.031687e-01
1.742884e-01
0
0
9.043823e-02
1.749699e-01
0
3.956386e-02
3.870109e-02
2.516474e-01
2.308184e-01
1.115557e-01
2.440842e-01
5.642614e-01
5.286751e-01
1.043493e-01
2.507397e-01
6.021021e-01
5.406643e-01
4.353384e-01
1.367459e-02
3.562678e-01
2.118645e-01
0
0
2.086460e-01
0
0
0
3.090194e-02
0
0
0
0
0
0
0
0
0
0
0
0
0
0
0
0
0
7.835052e-02
3.813777e-02
0
0
4.258969e-01
2.159074e-02
0
0
0
0
0
0
4.402117e-01
3.545537e-01
1.955033e-02
0
1.815095e-01
4.860085e-01
5.285397e-01
5.115186e-01
3.658917e-01
1.574751e-01
1.203046e-01
3.384775e-01
0
1.711831e-01
5.230241e-01
4.484444e-01
3.578376e-02
1.896749e-02
0
0
2.949740e-01
0
0
0
0
2.696881e-01
6.150594e-01
1.760797e-01
4.958100e-01
3.361917e-01
9.840732e-02
0
0
1.775322e-02
0
0
1
4.466610e-01
6.935242e-01
2.537467e-02
2.540763e-01
1.403312e-01
4.560154e-02
0
0
0
0
0
3.481972e-01
4.803137e-01
4.342958e-01
0
0
0
5.452885e-01
9.610915e-02
6.592189e-01
2.411910e-01
6.248374e-01
0
4.399510e-01
2.057143e-01
1.758648e-01
0
3.312376e-01
0
5.723218e-01
2.759008e-01
0
1.032637e-01
1.158657e-01
1.691103e-01
1.598670e-01
3.094885e-01
5.082074e-01
4.892695e-01
5.436285e-01
3.711913e-01
5.063273e-01
3.941632e-01
0
0
3.507869e-01
1.652841e-01
0
0
4.380459e-01
2.261824e-01
3.109280e-02
2.118177e-01
3.084026e-02
0
1.978232e-01
2.606936e-01
0
0
0
0
0
0
0
0
0
0
0
0
0
0
0
0
0
0
0
0
0
0
5.940492e-01
4.239370e-01
2.597627e-01
0
0
2.064163e-01
5.166070e-01
4.747166e-01
8.370226e-02
0
0
0
0
0
2.499494e-01
3.429359e-01
0
1.688667e-01
0
0
3.848768e-01
9.135154e-02
0
0
0
0
3.878244e-01
6.198724e-01
6.400697e-01
7.858088e-01
0
0
0
0
0
0
4.466610e-01
1
2.740609e-01
4.830739e-01
0
0
0
0
0
0
0
0
2.142055e-01
1.034193e-01
1.546020e-02
0
2.749566e-01
1.745220e-01
1.763596e-01
0
4.726552e-02
0
1.918947e-01
0
0
0
2.971567e-01
0
1.395613e-01
0
1.029372e-01
1.360675e-01
0
7.563186e-02
4.703791e-01
5.978619e-01
1.255317e-01
5.060106e-02
2.948599e-01
2.701751e-01
1.334625e-01
0
9.738531e-02
0
5.446997e-02
0
8.864469e-02
0
2.066609e-01
9.564390e-03
0
0
1.704891e-01
0
0
0
2.327274e-01
2.035907e-01
0
0
0
0
0
0
0
0
0
0
0
0
0
0
2.610433e-01
2.127708e-02
1.504427e-02
5.801766e-02
1.944345e-02
0
0
0
1.977687e-01
4.375587e-02
1.948707e-01
6.437930e-02
3.568889e-01
4.364587e-01
3.572311e-01
4.236133e-01
5.829805e-01
4.225523e-01
3.393080e-01
5.284011e-01
2.277506e-01
3.196506e-01
2.067023e-01
1.385768e-01
0
0
0
0
0
0
0
0
0
0
4.954671e-01
1.424024e-01
1.164805e-01
1.923326e-01
1.667542e-01
0
0
0
2.954663e-01
2.357150e-01
6.935242e-01
2.740609e-01
1.000000e+00
1.496725e-01
9.124139e-02
0
1.309677e-01
1.437276e-02
0
0
0
1.225396e-01
4.273040e-01
1.813262e-01
1.127443e-01
7.075992e-02
0
0
0
0
2.437068e-01
0
3.658163e-01
0
2.796286e-01
0
0
0
0
0
4.126889e-02
1.049288e-01
0
0
0
2.068733e-01
1.349545e-01
0
0
1.578949e-01
0
2.715603e-01
1.073728e-01
0
1.398266e-03
0
2.684908e-01
3.905925e-01
2.688668e-01
0
3.763962e-02
6.265624e-02
2.522762e-01
3.656440e-01
4.712886e-01
1.182276e-01
3.462317e-01
3.490953e-02
2.581970e-01
3.417881e-01
4.662007e-01
4.506354e-01
1.030908e-01
3.393476e-01
1.593632e-01
2.063225e-01
0
0
0
0
0
0
0
0
0
0
0
0
0
2.413990e-01
2.210664e-02
0
6.245078e-01
3.765632e-01
1.010803e-01
9.253041e-02
1.803339e-01
1.507201e-01
1.476966e-01
0
1.682793e-01
0
3.672266e-01
1.990758e-01
0
0
0
0
3.733508e-01
1.043838e-01
0
0
1.738552e-01
1.718756e-01
0
0
4.979851e-02
3.539168e-01
2.793120e-01
2.062256e-01
2.180892e-01
0
4.209674e-01
0
0
1.082610e-01
2.537467e-02
4.830739e-01
1.496725e-01
1.000000e+00
0
2.093047e-02
0
2.348761e-02
4.158899e-02
9.616911e-02
0
0
0
0
0
0
0
0
0
6.086053e-02
0
0
0
0
0
0
0
1.099831e-01
0
0
0
0
0
1.731460e-01
1.201084e-01
0
7.875044e-02
0
0
0
0
0
0
1.201264e-01
0
0
0
0
0
1.010752e-01
0
0
0
2.309318e-03
0
0
0
3.342875e-02
9.161195e-02
9.265398e-02
0
1.157414e-01
1.940277e-01
1.803184e-01
2.273920e-02
1.669742e-01
8.211284e-02
1.998593e-01
2.068552e-01
1.904570e-01
0
5.386474e-02
2.287187e-01
2.910943e-01
4.278617e-01
3.805879e-01
3.225076e-02
0
2.868939e-01
0
0
0
3.418039e-03
1.986815e-01
1.365998e-02
2.509643e-01
0
0
1.574366e-01
1.655141e-01
1.590518e-01
2.923598e-01
0
6.656421e-02
2.278896e-01
9.432720e-02
1.373259e-03
2.400438e-02
0
0
0
3.926007e-02
0
0
3.110715e-03
3.416564e-01
0
0
2.821323e-02
0
3.420953e-01
2.586565e-01
0
4.099349e-01
0
0
2.540763e-01
0
9.124139e-02
0
1
2.888934e-01
3.766830e-01
1.642421e-01
7.233322e-02
0
1.052645e-01
0
0
6.014186e-01
7.160504e-01
4.461271e-01
3.508342e-02
0
9.740135e-02
1.475031e-01
0
0
0
0
0
0
0
0
0
0
3.335355e-03
0
1.036520e-02
0
0
7.598012e-02
0
0
1.341460e-01
0
0
1.893885e-01
0
0
0
8.548275e-02
1.779401e-01
1.503772e-01
0
0
4.544808e-02
5.358627e-02
1.456196e-01
1.934689e-01
9.927439e-03
7.155643e-02
0
0
3.567412e-02
1.462997e-01
1.445831e-01
1.004936e-01
0
6.343118e-02
0
0
0
0
5.568882e-02
5.658442e-02
0
0
5.529516e-03
5.095213e-02
2.224398e-01
6.401916e-02
1.138033e-01
0
4.623230e-01
1.924724e-01
5.633623e-02
0
1.609540e-01
1.819318e-01
6.859926e-04
0
0
0
0
0
0
0
1.972059e-02
2.530366e-01
5.290536e-02
0
8.445034e-02
0
2.997051e-01
1.287157e-01
2.101091e-01
0
1.666615e-01
2.800927e-01
8.353078e-02
6.657857e-02
0
0
0
0
2.308229e-01
2.399539e-01
8.866814e-02
6.571082e-02
0
0
1.403312e-01
0
0
2.093047e-02
2.888934e-01
1
3.066669e-01
2.759983e-01
0
4.651907e-01
5.030443e-01
0
0
0
4.870488e-01
6.217332e-01
1.068584e-01
0
0
0
0
0
0
2.312619e-01
0
0
0
2.896348e-01
0
2.291247e-01
0
0
2.916218e-01
0
0
3.042686e-01
0
0
0
0
0
0
0
0
1.437582e-01
4.136472e-02
0
0
0
0
0
0
3.491052e-01
0
0
1.074836e-01
0
6.621685e-02
6.617368e-02
1.046971e-01
0
1.509737e-01
1.833817e-01
2.624160e-02
0
4.853641e-02
0
0
3.645335e-02
0
0
8.459658e-02
5.164129e-01
2.156601e-01
4.312236e-01
4.155388e-01
2.414676e-01
4.760709e-02
4.638706e-01
2.174311e-01
0
0
0
6.582324e-02
5.846957e-01
4.800043e-01
0
0
1.738601e-01
2.663569e-01
1.570242e-01
3.165916e-01
4.237958e-02
7.862634e-02
2.686680e-01
2.057603e-02
3.492113e-01
0
0
0
0
0
4.382254e-01
1.579671e-01
8.016706e-02
9.667290e-03
0
0
0
0
4.766680e-01
6.206961e-01
0
3.829837e-01
2.134235e-01
9.892470e-03
4.560154e-02
0
1.309677e-01
0
3.766830e-01
3.066669e-01
1
4.140828e-01
1.344567e-01
2.662731e-01
4.544281e-01
1.725543e-01
5.783418e-02
4.890684e-03
6.031574e-01
4.054742e-01
0
0
0
0
0
0
0
1.195167e-01
0
0
0
0
0
1.008778e-01
0
1.494543e-02
1.378646e-01
7.223310e-03
0
6.468359e-02
0
1.647403e-02
0
0
0
0
0
0
3.413738e-01
1.565436e-01
0
0
2.289270e-01
3.018398e-01
1.619997e-01
3.138563e-01
3.102703e-01
1.349811e-01
0
2.464974e-01
2.126692e-01
5.709459e-01
6.295382e-02
4.393606e-02
7.467266e-02
2.266075e-01
0
6.276310e-02
0
0
0
0
0
0
0
0
1.537013e-02
0
0
4.673626e-02
3.445839e-02
0
6.619584e-02
1.065063e-01
0
0
2.422245e-01
4.154528e-01
3.167364e-01
3.409635e-01
0
2.472236e-01
6.144403e-02
2.596841e-01
3.035339e-02
2.644270e-02
0
5.755098e-02
1.484217e-01
0
1.283655e-01
3.902366e-01
0
3.134302e-01
0
0
0
3.530692e-01
0
0
9.446912e-02
0
2.400106e-02
6.865770e-02
1.666994e-01
3.422831e-01
5.679915e-02
4.409033e-01
1.057152e-01
0
0
0
1.437276e-02
2.348761e-02
1.642421e-01
2.759983e-01
4.140828e-01
1
0
1.323915e-01
3.476113e-01
2.948569e-01
0
0
2.382965e-01
2.190493e-01
1.888657e-01
0
0
2.750475e-01
0
4.820061e-02
0
5.468585e-01
2.787944e-01
2.378392e-01
0
5.644546e-01
3.014309e-02
5.830548e-01
0
2.552900e-01
0
0
0
0
0
0
0
0
0
0
0
0
0
0
0
0
0
1.086849e-01
0
0
0
0
0
1.640578e-01
0
0
2.139092e-01
2.020383e-01
7.823910e-02
1.956609e-01
2.130228e-01
1.560427e-01
3.529272e-01
2.299176e-01
1.611734e-01
0
1.348364e-02
0
3.205355e-01
3.590264e-01
4.105533e-02
0
1.327945e-01
3.103412e-01
6.485844e-02
3.173691e-01
1.651256e-01
3.538646e-01
0
0
0
0
0
0
0
0
0
0
0
2.828652e-02
0
0
0
7.728702e-02
0
6.577341e-02
9.134205e-03
3.059031e-03
0
1.401314e-02
2.960012e-01
8.978637e-02
2.822592e-01
9.111565e-02
0
0
0
0
1.022306e-01
2.724548e-01
0
0
0
7.878812e-02
0
0
0
4.158899e-02
7.233322e-02
0
1.344567e-01
0
1
1.726984e-01
7.412757e-02
0
6.212009e-02
9.577766e-02
2.085107e-01
0
3.192263e-01
0
0
1.694769e-01
0
0
0
2.773083e-01
0
0
0
9.648297e-02
0
1.948604e-01
5.395109e-02
0
0
0
0
0
0
0
0
0
0
3.298172e-02
0
0
3.408633e-02
7.563952e-02
0
0
0
0
0
0
0
1.801092e-01
0
1.315812e-01
0
0
0
1.206249e-01
6.763095e-02
8.456871e-02
0
0
0
0
2.822100e-01
2.106125e-01
2.301078e-01
8.266091e-02
3.952690e-01
4.485544e-01
7.780160e-02
0
2.634149e-01
1.434418e-01
1.539005e-01
3.711620e-01
3.389274e-01
4.402960e-01
0
6.110941e-03
0
5.262455e-02
0
0
0
0
0
0
0
0
8.369693e-02
6.270711e-02
1.830392e-02
0
6.649069e-02
8.808614e-02
2.906538e-01
5.290313e-01
0
4.382651e-02
4.272595e-01
5.160781e-01
5.744325e-01
1.738810e-01
0
0
0
0
0
2.814591e-01
2.799320e-01
3.104710e-01
0
0
0
0
0
9.616911e-02
0
4.651907e-01
2.662731e-01
1.323915e-01
1.726984e-01
1.000000e+00
7.139225e-01
0
0
0
1.942847e-01
8.298278e-02
1.777193e-01
0
0
1.671793e-01
0
2.487431e-01
0
3.225205e-01
0
1.115449e-01
0
2.507205e-01
0
1.944176e-01
2.447134e-02
0
4.738678e-01
1.187778e-01
0
0
0
0
0
0
0
0
0
0
1.732775e-01
2.407647e-01
0
0
0
0
0
0
1.044993e-01
9.814559e-02
0
1.659101e-01
0
9.694383e-02
0
0
0
0
0
0
0
0
7.501964e-02
5.917706e-02
2.353450e-01
1.727608e-01
3.288233e-02
2.075010e-01
3.839358e-01
1.702621e-01
2.154392e-01
1.897977e-01
7.372973e-02
3.413872e-01
2.472906e-01
1.771550e-01
0
5.739918e-02
0
0
1.575053e-01
1.924624e-01
0
0
0
0
0
0
0
0
3.228318e-01
2.791990e-01
3.968821e-01
2.517601e-01
1.530346e-01
3.568593e-01
9.392885e-03
0
8.797065e-02
1.988023e-01
4.565205e-01
2.074997e-01
0
0
0
7.713257e-02
5.666672e-02
4.812366e-01
5.276875e-02
4.639053e-01
0
0
0
0
0
0
1.052645e-01
5.030443e-01
4.544281e-01
3.476113e-01
7.412757e-02
7.139225e-01
1
1.303037e-01
0
0
4.161051e-01
2.039045e-01
3.021354e-01
3.420483e-01
0
0
0
0
0
0
0
0
1.153341e-01
0
2.039586e-01
0
0
0
6.604542e-01
4.900118e-01
1.055730e-01
1.146205e-01
0
1.541338e-01
0
0
0
0
0
0
7.532699e-01
5.205214e-01
0
0
4.805054e-01
2.084447e-01
0
0
2.822813e-01
1.618241e-01
2.786720e-01
4.415236e-02
4.484918e-01
3.711632e-01
1.244971e-01
3.214272e-03
0
0
2.589879e-01
4.256384e-02
7.408983e-02
0
0
0
0
2.020579e-01
8.098483e-02
7.000504e-03
5.528235e-01
4.389772e-01
1.147174e-01
0
2.977226e-01
0
1.150532e-01
2.011454e-02
0
0
0
0
5.935345e-01
2.297149e-01
1.583612e-02
7.965822e-02
1.335903e-01
3.582315e-01
2.783260e-01
3.367558e-02
1.491116e-01
1.959255e-01
3.955274e-01
1.688066e-01
7.436312e-01
0
3.077456e-01
2.861909e-01
0
0
9.041079e-02
0
0
0
1.253426e-01
2.546182e-01
0
8.551905e-02
1.840250e-01
1.876136e-01
3.153441e-01
1.935266e-01
6.778767e-01
6.164086e-01
0
0
1.225396e-01
0
0
0
1.725543e-01
2.948569e-01
0
0
1.303037e-01
1
4.044623e-01
0
0
0
3.084442e-01
1.628923e-01
0
0
1.907761e-01
1.590930e-01
6.278392e-02
9.128310e-03
1.685683e-01
2.873596e-01
5.517837e-01
0
2.729561e-01
1.613764e-01
1.530202e-01
5.521606e-02
1.799147e-01
5.622747e-02
2.217239e-02
0
0
0
2.200205e-01
1.682659e-01
3.428154e-01
0
2.172291e-01
0
0
0
0
0
0
0
3.588657e-01
3.478255e-02
0
0
0
0
0
1.297982e-02
0
0
0
0
0
0
0
0
4.289873e-01
4.239007e-01
3.273514e-01
4.780012e-01
8.177152e-02
2.031000e-01
5.101042e-01
0
1.889251e-01
9.617642e-02
0
1.553183e-01
0
0
2.993495e-01
2.574400e-01
0
0
1.177977e-01
2.795117e-01
3.758243e-01
9.024191e-02
1.445513e-01
1.651930e-01
2.098197e-02
2.643269e-01
0
0
1.119988e-01
2.207155e-01
9.197031e-02
2.157210e-01
0
0
0
0
0
0
1.142513e-01
1.952413e-01
3.688415e-01
2.078829e-01
1.116805e-01
4.433669e-01
7.631141e-02
0
0
2.034493e-01
2.248772e-01
2.841215e-01
3.481972e-01
2.142055e-01
4.273040e-01
0
0
0
5.783418e-02
0
6.212009e-02
0
0
4.044623e-01
1.000000e+00
1.222738e-01
0
0
0
1.664251e-01
1.537451e-01
0
7.205857e-02
2.207362e-01
1.626918e-02
0
0
1.721222e-01
0
2.106587e-01
0
0
0
0
0
4.682131e-01
4.907236e-01
0
2.644199e-01
3.252451e-01
1.061292e-01
8.719864e-02
1.529925e-01
0
2.031007e-01
1.873806e-01
0
0
0
0
0
0
0
0
0
0
0
0
0
0
0
0
0
0
0
0
0
1.327165e-01
2.283035e-01
3.300163e-01
2.784239e-01
1.816330e-01
0
0
3.018645e-01
2.332683e-01
1.476733e-01
0
0
0
0
0
1.330062e-01
2.936792e-01
0
0
0
2.616950e-01
3.028114e-01
3.345558e-01
2.370009e-01
1.477567e-01
2.781898e-01
3.474387e-01
0
0
5.035127e-01
3.748830e-01
6.061364e-02
2.721340e-01
0
0
0
2.401519e-01
0
0
0
4.278270e-01
3.388314e-01
0
2.619202e-01
0
0
0
0
4.169882e-01
0
7.825681e-02
4.803137e-01
1.034193e-01
1.813262e-01
0
6.014186e-01
0
4.890684e-03
0
9.577766e-02
0
0
0
1.222738e-01
1.000000e+00
4.384816e-01
0
0
0
0
0
0
9.642016e-02
0
1.149654e-01
0
0
0
1.608078e-01
0
1.057033e-01
0
0
1.552844e-01
2.238184e-01
1.788263e-01
2.644984e-01
0
0
0
0
0
5.203985e-02
2.965947e-02
1.384341e-01
5.198431e-03
6.118851e-02
0
0
0
0
0
0
1.754086e-02
0
0
0
0
6.727913e-02
0
1.136411e-03
0
1.042594e-02
0
0
0
0
0
0
1.486972e-02
0
0
0
3.681037e-01
2.215358e-01
1.764879e-01
9.133067e-02
0
0
3.199561e-01
4.814314e-03
0
0
0
0
1.847869e-01
3.566580e-01
0
6.745247e-02
0
4.299456e-02
0
1.776009e-01
0
6.332870e-02
5.394492e-01
3.414065e-01
2.238182e-01
3.311233e-03
0
0
0
0
2.045688e-01
8.729296e-02
1.538804e-03
2.271143e-01
0
0
1.522675e-01
0
3.826552e-01
3.947490e-01
0
3.818065e-01
0
0
4.342958e-01
1.546020e-02
1.127443e-01
0
7.160504e-01
4.870488e-01
6.031574e-01
2.382965e-01
2.085107e-01
1.942847e-01
4.161051e-01
0
0
4.384816e-01
1
4.961220e-01
1.278162e-01
6.953706e-02
0
1.082968e-01
0
0
0
0
0
0
0
1.955853e-01
0
0
0
0
0
0
1.410292e-01
1.570647e-01
0
0
0
0
0
0
0
0
2.276484e-01
3.173542e-01
7.270166e-03
9.257234e-02
8.094916e-02
3.057970e-01
0
0
1.198320e-01
0
3.621158e-02
2.407696e-01
0
5.807552e-02
1.591879e-01
2.349829e-01
2.046781e-01
2.245692e-01
4.546271e-02
5.273464e-02
0
0
0
0
1.057641e-02
0
0
0
1.123976e-02
3.874613e-01
3.562003e-01
5.288348e-01
5.562521e-01
0
7.004650e-01
4.786252e-01
0
0
0
2.181756e-01
1.464303e-01
0
0
0
0
3.512652e-02
0
1.827615e-02
0
3.722658e-01
0
0
1.770297e-01
0
2.637996e-01
5.055662e-02
0
0
2.997686e-01
2.533775e-01
2.533198e-02
0
0
0
0
0
1.265085e-01
4.613470e-01
0
1.286549e-01
1.001957e-01
0
0
0
7.075992e-02
0
4.461271e-01
6.217332e-01
4.054742e-01
2.190493e-01
0
8.298278e-02
2.039045e-01
0
0
0
4.961220e-01
1
