1
6.365899e-01
0
5.867600e-02
0
0
0
3.234727e-01
0
0
1.163721e-01
3.968229e-01
1.969639e-01
1.472856e-01
2.439825e-02
1.574492e-02
3.590722e-01
1.950074e-01
3.390883e-01
3.599556e-01
0
0
0
0
0
0
0
0
4.431061e-01
3.869569e-01
0
6.728160e-02
1.318352e-01
0
0
0
0
0
0
0
0
0
5.288791e-02
2.306077e-02
0
0
1.028243e-01
0
2.003554e-01
0
2.962930e-01
0
3.422803e-01
0
1.586611e-01
0
5.176847e-01
5.510037e-01
4.174348e-01
4.067777e-01
4.931028e-01
3.093758e-01
5.042826e-01
4.905480e-01
0
0
0
0
3.606813e-01
0
0
0
0
1.075027e-01
0
1.271855e-01
3.163170e-01
4.991580e-01
1.955786e-01
3.268075e-02
4.482754e-01
0
4.180710e-01
2.823194e-01
0
0
1.785760e-01
0
1.701096e-02
0
0
0
0
0
0
0
0
3.391593e-02
4.710253e-01
4.668664e-01
3.577747e-01
0
4.079342e-01
0
0
9.276496e-03
4.005914e-02
0
2.067978e-01
2.762340e-01
2.021497e-01
4.350930e-01
3.251346e-01
0
0
1.151171e-01
6.365899e-01
1
8.992976e-02
0
0
0
0
0
0
7.384712e-02
3.232742e-01
2.435775e-01
4.060594e-01
0
2.764308e-01
0
3.978548e-01
6.044538e-01
7.210114e-01
2.464391e-01
0
3.343799e-01
0
0
0
0
0
1.133171e-02
5.841882e-01
5.217449e-01
2.034804e-02
0
3.434955e-01
3.754435e-01
0
0
0
0
0
0
2.132004e-02
2.643578e-01
0
0
0
0
0
0
0
0
1.272538e-01
8.402082e-02
3.974076e-01
1.899916e-01
0
0
3.470325e-01
6.466915e-01
8.876424e-02
2.101845e-01
2.878534e-01
3.995238e-02
7.627916e-02
9.082755e-02
0
0
0
0
1.728521e-01
0
0
1.748492e-01
1.435709e-02
3.190346e-01
0
6.638853e-02
0
2.496651e-01
3.175889e-01
3.221403e-01
3.521305e-01
1.345280e-01
2.052656e-01
1.363559e-01
0
0
0
0
1.323788e-02
1.638490e-01
2.696685e-02
0
0
0
0
0
0
2.014503e-01
2.853426e-01
4.408113e-01
2.316019e-01
0
2.636652e-01
0
0
0
0
0
0
0
1.225625e-02
4.115849e-01
1.908123e-01
1.707076e-01
0
6.639914e-02
0
8.992976e-02
1
1.059237e-02
7.065191e-01
3.378347e-01
7.831363e-01
0
5.148812e-01
2.559258e-01
5.455300e-01
0
3.673226e-01
0
6.867086e-01
2.735769e-01
0
2.823420e-03
3.631320e-01
9.484441e-02
1.673326e-01
3.822570e-01
8.612272e-01
6.769283e-01
7.649442e-01
4.373206e-01
5.229332e-01
3.200989e-01
0
0
7.372826e-01
3.734915e-01
0
0
5.754080e-01
2.876656e-01
1.523198e-02
0
1.227583e-01
0
2.381523e-01
1.060913e-01
0
0
0
0
0
0
0
0
0
1.687694e-01
6.070427e-02
2.556809e-01
0
0
0
0
0
0
0
0
0
0
7.823868e-01
5.639254e-01
2.813056e-02
0
0
0
5.174429e-01
2.671291e-01
2.047444e-01
0
0
0
0
0
1.004191e-01
4.653021e-01
0
1.955370e-01
0
0
8.095748e-01
4.695339e-01
0
0
1.143981e-01
4.661302e-01
1.788001e-01
4.325624e-01
4.373152e-01
5.558004e-01
0
0
0
0
0
0
2.751643e-01
6.027883e-01
6.728856e-03
0
0
8.157043e-02
0
0
0
0
0
0
0
1.263927e-01
0
0
5.867600e-02
0
1.059237e-02
1
5.697729e-02
2.487577e-01
0
5.041842e-01
0
6.965065e-02
0
2.305917e-01
0
2.953597e-01
0
3.998192e-01
0
0
0
0
1.007023e-01
0
1.642113e-02
2.386553e-01
0
2.618931e-01
0
2.982363e-01
0
0
1.044261e-01
4.303065e-01
0
0
0
1.452012e-01
0
0
0
0
0
0
1.002347e-01
5.769375e-02
1.308777e-01
1.166742e-01
0
1.475345e-01
1.782254e-01
0
2.485282e-01
1.140549e-01
1.088694e-01
0
0
4.972100e-02
0
0
9.317723e-02
3.091686e-01
0
5.321530e-01
5.134330e-02
2.113477e-01
0
2.103553e-01
1.061356e-01
2.673483e-01
0
0
0
0
0
0
0
0
0
0
0
0
0
8.354667e-02
0
0
4.490424e-02
3.391194e-01
0
0
4.218382e-02
8.622014e-02
0
0
2.275889e-01
0
0
0
0
3.996848e-02
0
0
1.510786e-01
0
4.325960e-02
3.511155e-02
2.187676e-01
2.028756e-01
0
0
2.517240e-01
2.229877e-01
2.390211e-01
0
0
0
5.137767e-02
8.457195e-02
0
0
7.065191e-01
5.697729e-02
1
5.279851e-01
8.023802e-01
0
7.954188e-01
5.153772e-01
3.151036e-01
0
3.205953e-01
0
5.664900e-01
2.813628e-01
0
0
0
0
2.853834e-01
2.721683e-01
6.412948e-01
6.038220e-01
8.439502e-01
7.474348e-01
8.704947e-01
5.743269e-01
0
0
4.577835e-01
3.175891e-01
0
0
6.204453e-01
4.012054e-01
0
0
1.812591e-03
0
1.537194e-02
0
0
0
0
0
0
0
0
0
0
1.201153e-01
0
1.504303e-01
0
5.860653e-02
0
0
0
0
0
6.484263e-02
0
0
7.009866e-01
5.248598e-01
4.223528e-02
0
0
0
6.431963e-01
1.994772e-01
0
0
0
0
0
0
0
3.249185e-01
0
7.034948e-02
0
0
5.095516e-01
3.282659e-01
0
0
0
3.214830e-01
1.547925e-01
5.478309e-01
5.297130e-01
6.290074e-01
0
0
0
0
0
0
1.479560e-01
6.671967e-01
0
1.967680e-01
0
0
0
0
0
0
0
0
1.470481e-01
5.447059e-02
0
0
0
0
3.378347e-01
2.487577e-01
5.279851e-01
1
2.508876e-01
3.045722e-01
4.176455e-01
8.761492e-01
1.993380e-01
2.173548e-01
2.217075e-01
3.504186e-01
2.891875e-01
4.704560e-01
1.675883e-01
2.319240e-01
1.236696e-01
0
2.608581e-01
3.124599e-01
4.159490e-01
4.484777e-01
6.336486e-01
4.979199e-01
6.935935e-01
5.935774e-01
0
0
2.527885e-02
0
0
0
3.378032e-01
2.102442e-01
0
0
0
0
0
0
0
0
0
0
0
0
0
0
1.140155e-01
1.739976e-01
1.421735e-01
1.585344e-01
0
0
3.362315e-02
0
0
0
0
4.911182e-01
0
0
4.050898e-01
6.846758e-01
0
0
0
5.730650e-02
4.971406e-01
2.999045e-01
0
0
0
0
0
0
2.766508e-01
4.705889e-01
0
3.688616e-01
0
0
3.105493e-01
4.968522e-01
0
0
0
4.703050e-01
3.586895e-01
2.651443e-01
5.286384e-01
3.756859e-01
0
0
0
2.418623e-01
0
0
2.058913e-01
2.178249e-01
0
0
0
0
0
0
4.689418e-02
0
2.509588e-01
0
1.686264e-01
2.552252e-01
1.144761e-01
0
0
0
7.831363e-01
0
8.023802e-01
2.508876e-01
1
0
6.843671e-01
2.675072e-01
5.033632e-01
0
4.623413e-01
0
5.397174e-01
3.278131e-01
0
0
9.547452e-02
1.138062e-02
3.201559e-01
3.739461e-01
7.343213e-01
6.743436e-01
7.623857e-01
4.426340e-01
6.215938e-01
2.103748e-01
0
0
5.345218e-01
3.161702e-01
0
0
6.592472e-01
4.668160e-01
6.759600e-02
5.568611e-02
2.563361e-01
0
3.815700e-01
1.417491e-01
0
0
0
0
0
0
0
0
0
1.325230e-01
0
8.680833e-02
0
0
0
0
0
0
0
0
0
0
7.953624e-01
5.618314e-01
3.322305e-01
0
0
0
6.457229e-01
3.749438e-01
3.358010e-01
0
1.889330e-01
2.576123e-02
6.177628e-02
0
0
2.246664e-01
0
2.022324e-01
0
0
6.699621e-01
4.523843e-01
0
0
0
1.566949e-01
3.480154e-01
6.980584e-01
5.552834e-01
6.008953e-01
0
0
0
0
0
0
4.934816e-02
7.220882e-01
0
2.515296e-01
0
0
0
0
0
0
0
0
2.666416e-02
4.645064e-02
0
0
3.234727e-01
0
0
5.041842e-01
0
3.045722e-01
0
1
0
3.402217e-01
0
7.542216e-01
4.974512e-02
7.259097e-01
0
4.456140e-01
8.600802e-02
1.914956e-03
0
6.731861e-02
0
0
0
0
0
0
0
4.279918e-02
0
8.100056e-02
0
0
0
8.890926e-02
0
0
0
0
0
0
0
0
2.515569e-01
1.773823e-01
6.196381e-02
2.355810e-01
1.910804e-01
1.473219e-01
2.046290e-01
1.597663e-01
3.833165e-02
0
0
0
5.798136e-02
9.598126e-02
1.505395e-01
7.889636e-02
6.990860e-02
3.380755e-01
1.821614e-01
6.432390e-01
1.835141e-01
3.868370e-01
0
9.511807e-02
0
3.847463e-02
5.982798e-02
1.869502e-02
0
1.445787e-01
0
0
0
0
0
1.361054e-01
0
0
5.203948e-02
6.747413e-02
0
2.734545e-01
0
0
2.799975e-02
1.441831e-01
0
0
2.968137e-02
0
5.832730e-02
0
0
1.559917e-01
0
2.958658e-01
8.265246e-02
6.012594e-02
6.513774e-02
0
9.887747e-02
2.279724e-02
0
0
2.167031e-01
9.206502e-02
5.310561e-01
3.200637e-01
3.817122e-01
0
8.234724e-02
0
1.604484e-01
0
0
0
5.148812e-01
0
7.954188e-01
4.176455e-01
6.843671e-01
0
1.000000e+00
5.264712e-01
3.203617e-01
0
4.753188e-01
1.728251e-01
6.213062e-01
3.460181e-01
0
0
0
0
4.874933e-02
4.413563e-02
4.707824e-01
4.489214e-01
6.128448e-01
5.408055e-01
6.843105e-01
2.323820e-01
0
0
2.397908e-01
6.612041e-02
0
0
6.470390e-01
4.192030e-01
2.859569e-02
0
1.522571e-01
8.990352e-02
2.206374e-01
7.673960e-02
0
0
0
0
0
0
0
0
0
7.141954e-02
0
1.269988e-01
0
1.580712e-01
0
0
0
0
0
5.412688e-02
0
0
6.055147e-01
4.689267e-01
0
0
0
0
4.471112e-01
1.548446e-01
0
0
0
0
0
0
0
3.204805e-01
0
2.381837e-01
0
0
4.657460e-01
3.405187e-01
7.729897e-02
1.648556e-01
2.147583e-01
2.744795e-01
3.289596e-02
5.260661e-01
5.011592e-01
6.171762e-01
1.586711e-01
0
1.733154e-02
0
0
0
0
6.353172e-01
0
1.056827e-01
0
0
0
0
2.009626e-01
0
0
0
1.331588e-01
3.909563e-03
0
0
0
7.384712e-02
2.559258e-01
6.965065e-02
5.153772e-01
8.761492e-01
2.675072e-01
3.402217e-01
5.264712e-01
1
3.144948e-01
3.527439e-01
4.844630e-01
3.893297e-01
3.463201e-01
4.543601e-01
1.985237e-01
3.237855e-01
1.703293e-01
0
1.047861e-01
1.938831e-01
2.524842e-01
2.518895e-01
5.867429e-01
3.137141e-01
6.126375e-01
4.105099e-01
0
0
0
0
0
0
2.404882e-01
7.529633e-02
0
0
0
0
0
0
0
0
0
0
0
0
0
0
1.415390e-01
1.623611e-01
1.365324e-01
1.425705e-01
0
9.332385e-02
1.204654e-01
0
0
0
0
5.186255e-01
0
0
3.173281e-01
6.400213e-01
0
0
0
0
4.456404e-01
2.417403e-01
0
0
0
0
0
0
2.479297e-01
4.896164e-01
3.614810e-02
3.799425e-01
0
0
2.051498e-01
3.918547e-01
0
0
7.770754e-02
4.250553e-01
2.667886e-01
3.602743e-01
3.416429e-01
3.920403e-01
0
0
0
1.801114e-01
0
1.353375e-03
1.083008e-01
2.178551e-01
0
0
0
0
0
0
2.201061e-01
0
1.295953e-01
0
3.062746e-01
2.307627e-01
0
0
1.163721e-01
3.232742e-01
5.455300e-01
0
3.151036e-01
1.993380e-01
5.033632e-01
0
3.203617e-01
3.144948e-01
1
0
6.394851e-01
0
4.977618e-01
2.739185e-01
0
0
2.642663e-01
9.272794e-02
0
1.555180e-01
6.188818e-01
4.290623e-01
5.680068e-01
0
2.082467e-01
0
0
0
3.547048e-01
0
0
0
5.793640e-01
2.857787e-01
1.113394e-01
0
1.321646e-01
2.996952e-03
3.062137e-01
1.619120e-01
0
0
0
0
0
0
0
0
1.523871e-01
4.254819e-01
3.327836e-01
4.925787e-01
0
0
1.364154e-02
0
0
0
0
2.210045e-01
0
0
6.178686e-01
5.013615e-01
0
0
0
1.126035e-01
4.620254e-01
1.714889e-01
3.558084e-01
1.873265e-01
7.826671e-02
1.721204e-01
1.108061e-01
0
0
2.862153e-01
0
3.266733e-01
0
0
5.736388e-01
3.766336e-01
0
0
2.751552e-01
3.386338e-01
3.185644e-01
4.214611e-01
9.750141e-02
4.916373e-01
0
0
0
0
0
1.414020e-02
1.089666e-01
2.754231e-01
1.648269e-01
0
0
0
0
0
0
0
0
3.421468e-03
5.312173e-01
0
0
0
3.968229e-01
2.435775e-01
0
2.305917e-01
0
2.173548e-01
0
7.542216e-01
0
3.527439e-01
0
1
0
5.862453e-01
0
1.600647e-01
2.011529e-01
2.135638e-01
2.065691e-01
0
0
0
0
0
0
0
0
0
1.081496e-01
2.823821e-01
0
0
0
1.931792e-01
0
0
0
0
0
0
0
0
2.017994e-01
1.447136e-01
0
7.831183e-02
2.508595e-01
6.580469e-02
2.707334e-01
2.199486e-01
2.473495e-01
0
2.396442e-01
0
2.208423e-01
1.849409e-01
2.948412e-01
4.260311e-01
3.961131e-01
5.852858e-01
5.042361e-01
5.036678e-01
4.163680e-01
4.000953e-01
0
0
0
0
1.074830e-01
0
0
0
0
0
0
0
0
1.155685e-01
3.211004e-02
0
3.265700e-01
5.598845e-02
0
2.129004e-01
0
0
9.041245e-02
1.060338e-01
1.729858e-02
1.180796e-01
0
0
0
0
0
2.468413e-01
0
3.801508e-01
1.814477e-01
2.143674e-01
7.344214e-03
0
0
0
1.773147e-01
0
2.601578e-01
0
5.575126e-01
1.076775e-01
2.897958e-01
3.219953e-02
2.381086e-02
2.373119e-01
1.685639e-01
1.884280e-01
1.969639e-01
4.060594e-01
3.673226e-01
0
3.205953e-01
2.217075e-01
4.623413e-01
4.974512e-02
4.753188e-01
4.844630e-01
6.394851e-01
0
1
2.435355e-01
7.336634e-01
4.954770e-01
0
9.088612e-02
2.959992e-01
6.949606e-02
0
1.497825e-01
2.884647e-01
1.579700e-01
2.991301e-01
0
1.732123e-01
0
8.443305e-02
0
0
0
0
0
3.170627e-01
1.326558e-01
0
0
2.251835e-01
6.229455e-03
2.349389e-01
3.188090e-01
0
0
0
0
0
0
0
0
0
5.764673e-02
0
7.499471e-02
0
0
0
0
0
0
0
2.747264e-01
0
0
4.543526e-01
5.834483e-01
0
0
0
8.326887e-02
2.964507e-01
4.888657e-01
5.400260e-02
1.522437e-01
0
0
2.180591e-01
0
5.665793e-02
2.690525e-01
0
3.384982e-01
5.546122e-02
2.184138e-01
4.006831e-01
2.624693e-01
0
1.620035e-01
1.883354e-01
9.396499e-02
2.249987e-01
5.049580e-01
2.377333e-01
5.232683e-01
0
0
0
8.359314e-02
0
1.485933e-01
0
5.070540e-01
0
0
0
0
0
0
0
0
0
5.517707e-03
2.765562e-01
0
0
0
1.472856e-01
0
0
2.953597e-01
0
3.504186e-01
0
7.259097e-01
1.728251e-01
3.893297e-01
0
5.862453e-01
2.435355e-01
1.000000e+00
4.354881e-02
7.111600e-01
0
0
0
1.921605e-02
0
0
0
2.019967e-01
0
0
0
0
0
0
0
0
0
0
0
5.138555e-02
0
0
0
5.880263e-02
0
0
0
0
0
3.643467e-02
0
0
0
0
5.035220e-02
0
0
0
4.632968e-02
7.637729e-02
0
0
0
4.904774e-02
0
6.106055e-01
0
6.838472e-02
1.110182e-02
3.701074e-01
0
1.206342e-01
5.423148e-02
1.891681e-01
0
2.261535e-01
0
0
0
1.096777e-01
9.387152e-02
0
0
0
0
2.753593e-01
0
1.897581e-01
0
3.191331e-01
0
3.334923e-01
1.215984e-01
0
1.771705e-01
0
3.811873e-01
3.137403e-02
0
1.349336e-01
0
2.714025e-01
0
0
7.045146e-03
0
0
0
0
0
2.568461e-01
1.053716e-01
5.717417e-01
2.200654e-01
2.013899e-01
0
1.547655e-01
0
1.372126e-01
0
2.439825e-02
2.764308e-01
6.867086e-01
0
5.664900e-01
2.891875e-01
5.397174e-01
0
6.213062e-01
3.463201e-01
4.977618e-01
0
7.336634e-01
4.354881e-02
1
4.643806e-01
0
4.480871e-02
2.616641e-01
7.318808e-02
0
2.401662e-01
5.156925e-01
3.634248e-01
4.344825e-01
2.000698e-01
3.860628e-01
2.150535e-01
0
0
3.822286e-01
1.755174e-01
0
0
4.890931e-01
2.329520e-01
0
6.776008e-02
1.534055e-01
4.516835e-02
2.321653e-01
3.484636e-01
0
0
0
0
0
0
0
0
0
1.163003e-02
0
1.534447e-01
0
0
0
0
0
0
0
1.241402e-01
0
0
5.586904e-01
5.147823e-01
0
0
0
0
2.822101e-01
4.011231e-01
0
0
0
0
0
0
1.330716e-01
4.391086e-01
0
2.889305e-01
2.208300e-01
7.983841e-02
5.563021e-01
2.794993e-01
0
7.843588e-02
2.189351e-01
2.553964e-01
6.407071e-02
3.685607e-01
4.163518e-01
6.095125e-01
0
0
0
0
0
0
1.549355e-01
6.493324e-01
0
0
0
5.121477e-02
0
0
0
9.676894e-02
1.715205e-02
0
1.311850e-01
0
0
0
1.574492e-02
0
2.735769e-01
3.998192e-01
2.813628e-01
4.704560e-01
3.278131e-01
4.456140e-01
3.460181e-01
4.543601e-01
2.739185e-01
1.600647e-01
4.954770e-01
7.111600e-01
4.643806e-01
1
0
0
2.096260e-01
1.987682e-01
1.741964e-01
1.666441e-01
3.736715e-01
5.917477e-01
2.954483e-01
1.469236e-01
2.846637e-01
5.775363e-02
0
0
7.815180e-02
2.557533e-01
0
0
2.382051e-01
2.436263e-01
0
0
0
0
0
0
0
0
0
0
0
0
0
0
0
0
0
0
0
0
0
0
0
0
0
4.341624e-01
0
0
3.818825e-01
6.301650e-01
1.702785e-01
5.967119e-02
0
1.198031e-01
3.061495e-01
6.167077e-01
0
0
0
1.335539e-02
1.314264e-01
0
0
8.637971e-02
0
4.238494e-01
0
4.390903e-02
3.360515e-01
4.927973e-01
0
9.212143e-02
0
0
4.475658e-01
1.918056e-01
6.900715e-01
3.452325e-01
0
0
0
0
0
0
2.807383e-01
2.911527e-01
1.219279e-01
5.556637e-02
0
0
0
1.159910e-02
2.261343e-01
0
0
0
9.459272e-02
0
0
0
3.590722e-01
3.978548e-01
0
0
0
1.675883e-01
0
8.600802e-02
0
1.985237e-01
0
2.011529e-01
0
0
0
0
1
7.693111e-01
2.639806e-01
2.769246e-01
6.997269e-02
2.118540e-01
0
0
0
0
2.556422e-02
2.689345e-01
6.002521e-01
6.282943e-01
2.222647e-02
0
2.217516e-01
1.344088e-01
0
0
1.846948e-01
0
0
0
0
7.392146e-02
1.796384e-01
2.438775e-02
0
0
3.367570e-01
7.854982e-02
9.218080e-02
0
1.126187e-03
0
1.537532e-01
6.651877e-02
0
0
6.886319e-01
6.449451e-01
1.775307e-01
1.635355e-01
1.516739e-01
0
1.889986e-01
4.026654e-02
0
0
0
0
4.108754e-01
1.461982e-01
3.084572e-02
0
0
0
0
0
0
1.262889e-01
6.905052e-01
4.984803e-01
8.259051e-01
0
2.395525e-01
1.489321e-01
0
0
0
0
0
0
7.367524e-02
4.957538e-02
0
0
4.577271e-02
1.448336e-01
1.416080e-01
4.107577e-02
4.506883e-01
5.488541e-01
2.615513e-01
0
1.942800e-01
0
3.748621e-02
5.192722e-03
2.109430e-01
1.098590e-01
0
0
4.800141e-01
7.239398e-01
2.225575e-01
0
1.260213e-01
0
1.950074e-01
6.044538e-01
2.823420e-03
0
0
2.319240e-01
0
1.914956e-03
0
3.237855e-01
0
2.135638e-01
9.088612e-02
0
4.480871e-02
0
7.693111e-01
1
6.079670e-01
2.088507e-01
3.030971e-01
5.206362e-01
0
0
5.436344e-02
0
1.425402e-01
3.889692e-01
6.107421e-01
6.531134e-01
0
0
3.296923e-01
3.473690e-01
0
0
0
0
0
0
0
2.654562e-01
7.097734e-02
0
0
0
1.986229e-01
0
2.906397e-02
0
0
0
6.089083e-02
1.298698e-02
0
0
4.689050e-01
6.723306e-01
0
0
7.195762e-02
0
0
0
0
0
0
0
2.000295e-01
7.609035e-02
1.146744e-01
2.739990e-01
0
5.352887e-02
3.254643e-02
0
0
8.203239e-02
7.684494e-01
6.107312e-01
6.525248e-01
1.298121e-01
1.143231e-01
7.049909e-02
0
0
0
0
0
1.683840e-02
1.544611e-01
1.532072e-01
0
0
0
0
0
1.619024e-01
3.115647e-01
5.304093e-01
2.756418e-01
0
1.783475e-01
0
1.603665e-01
0
0
2.615101e-02
0
0
1.173389e-01
5.835723e-01
6.010351e-02
4.177431e-01
1.555285e-01
0
3.390883e-01
7.210114e-01
3.631320e-01
0
0
1.236696e-01
9.547452e-02
0
0
1.703293e-01
2.642663e-01
2.065691e-01
2.959992e-01
0
2.616641e-01
2.096260e-01
2.639806e-01
6.079670e-01
1
5.461409e-01
2.906318e-01
4.872094e-01
2.197884e-01
1.114880e-01
1.395977e-01
0
5.214398e-02
1.689763e-01
3.195617e-01
2.796494e-01
1.801879e-01
0
1.577511e-01
2.302056e-01
0
0
0
0
0
0
2.230814e-02
1.523759e-01
0
0
0
0
0
0
0
0
0
0
1.134907e-01
0
0
0
2.624383e-01
4.272791e-01
0
0
2.437951e-02
0
0
0
0
1.338029e-01
0
0
1.779924e-01
1.710689e-01
2.220288e-01
4.980519e-01
2.517829e-01
2.469089e-01
1.401696e-01
2.193945e-01
0
1.556004e-01
5.070753e-01
4.846740e-01
2.276592e-01
9.327181e-02
0
0
3.852662e-02
0
0
0
0
1.531512e-01
3.861238e-01
2.851512e-02
2.990388e-02
0
0
0
0
7.739939e-02
7.472057e-02
1.610179e-01
5.939820e-01
1.239917e-03
4.833849e-01
0
1.672072e-01
0
0
0
0
0
0
1.595668e-01
4.948587e-02
5.236551e-01
1.926623e-01
1.415498e-01
3.599556e-01
2.464391e-01
9.484441e-02
0
0
0
1.138062e-02
6.731861e-02
0
0
9.272794e-02
0
6.949606e-02
1.921605e-02
7.318808e-02
1.987682e-01
2.769246e-01
2.088507e-01
5.461409e-01
1.000000e+00
8.629820e-02
4.644924e-02
2.173693e-01
2.582458e-01
0
0
2.774465e-02
0
2.745007e-01
1.186858e-01
3.103617e-01
1.000114e-01
9.514261e-02
1.094753e-01
0
0
3.926284e-01
1.883282e-01
1.036427e-01
0
2.985915e-01
2.079230e-01
0
0
0
0
0
0
0
0
0
0
0
0
0
0
3.587006e-01
1.753187e-01
0
0
0
0
3.761813e-02
0
0
0
0
0
6.304828e-01
5.873681e-01
1.341270e-01
3.847532e-01
4.895693e-01
4.755843e-01
3.551776e-01
4.089904e-01
3.302448e-01
3.520941e-01
4.595746e-01
2.921699e-01
1.302469e-01
0
2.315435e-01
0
0
0
2.558509e-02
0
0
0
4.601382e-01
1.259623e-01
1.286766e-01
1.585324e-04
2.743504e-01
0
0
0
8.792515e-02
8.125284e-02
5.423872e-01
9.718982e-02
5.612538e-01
1.946274e-01
0
1.058054e-01
3.160424e-01
6.694816e-02
0
0
0
1.301698e-01
0
0
3.022033e-01
1.615446e-01
0
0
1.673326e-01
1.007023e-01
2.853834e-01
2.608581e-01
3.201559e-01
0
4.874933e-02
1.047861e-01
0
0
0
0
0
1.741964e-01
6.997269e-02
3.030971e-01
2.906318e-01
8.629820e-02
1
7.380120e-01
1.284983e-01
2.401169e-01
2.772267e-01
2.809985e-01
5.129026e-01
5.584660e-01
0
1.015920e-01
1.735233e-01
3.368857e-01
4.119902e-02
2.284298e-02
4.436340e-02
6.351702e-02
0
0
0
0
0
0
2.776321e-01
1.983373e-01
1.992528e-01
1.169757e-01
2.821316e-01
3.079745e-01
1.508742e-01
2.091546e-01
0
0
0
0
0
0
0
0
0
0
0
0
0
0
0
0
1.253846e-01
0
0
0
4.804688e-01
4.498195e-01
0
0
1.415799e-01
0
0
0
1.111419e-01
1.850011e-02
0
0
0
0
0
3.570331e-02
0
0
0
0
4.321291e-01
1.460111e-01
2.843637e-01
0
0
0
0
0
1.839611e-01
0
2.655825e-01
0
2.856818e-01
1.805548e-01
1.907891e-01
0
0
0
0
0
0
0
0
3.125721e-01
0
0
0
3.343799e-01
3.822570e-01
0
2.721683e-01
3.124599e-01
3.739461e-01
0
4.413563e-02
1.938831e-01
1.555180e-01
0
1.497825e-01
0
2.401662e-01
1.666441e-01
2.118540e-01
5.206362e-01
4.872094e-01
4.644924e-02
7.380120e-01
1
3.075268e-01
1.955990e-01
3.893667e-01
1.372918e-01
3.843224e-01
5.059931e-01
1.037858e-01
2.407795e-01
1.799326e-01
1.246509e-01
5.258238e-02
2.474658e-02
1.790736e-01
1.125752e-01
0
0
0
0
1.044112e-01
9.316701e-02
0
0
0
0
0
0
0
0
0
0
0
5.515435e-02
0
0
0
5.747264e-02
0
0
0
0
0
0
1.619471e-01
1.496404e-01
0
0
0
0
4.805701e-01
6.226544e-01
0
0
9.522163e-02
0
0
0
2.799327e-01
2.193015e-01
3.499460e-02
1.728294e-01
0
0
8.524768e-02
7.856959e-02
0
0
0
0
4.892176e-01
3.847605e-01
3.406363e-01
1.603971e-01
0
0
0
0
5.088596e-02
0
2.648152e-01
1.571314e-01
9.883462e-02
0
0
0
0
3.483046e-02
0
0
0
2.102516e-01
0
3.153556e-01
0
0
0
0
8.612272e-01
1.642113e-02
6.412948e-01
4.159490e-01
7.343213e-01
0
4.707824e-01
2.524842e-01
6.188818e-01
0
2.884647e-01
0
5.156925e-01
3.736715e-01
0
0
2.197884e-01
2.173693e-01
1.284983e-01
3.075268e-01
1
8.888263e-01
8.366709e-01
4.549466e-01
5.572532e-01
2.628687e-01
0
0
6.469481e-01
2.899312e-01
0
0
6.752641e-01
4.298032e-01
1.088180e-01
0
3.801090e-02
0
2.739772e-01
0
0
0
0
0
0
0
0
0
0
2.202945e-01
5.045326e-02
3.182363e-01
0
0
0
0
0
0
0
2.056859e-02
0
0
8.814975e-01
6.241898e-01
1.778314e-01
0
0
2.055943e-01
5.918786e-01
2.856863e-01
3.475749e-01
0
4.864444e-02
9.923774e-02
0
0
0
2.998005e-01
0
1.278855e-01
0
0
8.313485e-01
4.992784e-01
0
0
5.746945e-02
4.126168e-01
4.599251e-01
5.146961e-01
6.222768e-01
6.394165e-01
1.086887e-01
0
0
0
0
0
3.323035e-01
6.074716e-01
4.450722e-02
0
0
8.038060e-02
0
0
0
0
0
0
1.184685e-01
2.169058e-02
0
0
0
0
6.769283e-01
2.386553e-01
6.038220e-01
4.484777e-01
6.743436e-01
0
4.489214e-01
2.518895e-01
4.290623e-01
0
1.579700e-01
2.019967e-01
3.634248e-01
5.917477e-01
0
0
1.114880e-01
2.582458e-01
2.401169e-01
1.955990e-01
8.888263e-01
1.000000e+00
7.437582e-01
5.212516e-01
5.800359e-01
2.765443e-01
0
0
5.569603e-01
4.276260e-01
0
0
5.602163e-01
3.819503e-01
0
0
0
0
6.284222e-02
0
0
0
0
0
0
0
0
0
0
1.531456e-01
0
2.649075e-02
0
0
0
0
0
0
0
1.637604e-01
0
0
7.826203e-01
6.378637e-01
3.529611e-01
2.639326e-02
0
2.385392e-01
5.849350e-01
3.431237e-01
2.583685e-01
0
0
1.876916e-01
1.886589e-02
0
0
1.803968e-01
0
1.625952e-01
0
0
6.833725e-01
5.567780e-01
0
0
0
2.843798e-01
5.364553e-01
3.724250e-01
7.766214e-01
4.935089e-01
1.074923e-01
0
0
0
0
0
4.101039e-01
5.170309e-01
1.349471e-01
1.254722e-01
0
0
0
0
0
0
0
0
1.271474e-01
6.546867e-02
0
0
0
0
7.649442e-01
0
8.439502e-01
6.336486e-01
7.623857e-01
0
6.128448e-01
5.867429e-01
5.680068e-01
0
2.991301e-01
0
4.344825e-01
2.954483e-01
0
5.436344e-02
1.395977e-01
0
2.772267e-01
3.893667e-01
8.366709e-01
7.437582e-01
1
5.848950e-01
7.975457e-01
4.976566e-01
0
0
5.517185e-01
1.670820e-01
0
0
6.306378e-01
3.522451e-01
0
0
0
0
1.183923e-01
0
0
0
0
0
0
0
0
0
4.076787e-02
2.591905e-01
7.733288e-02
3.490023e-01
0
0
0
0
0
0
0
8.210592e-02
0
0
7.618458e-01
6.251500e-01
0
0
0
5.941216e-02
7.205793e-01
2.118167e-01
1.269785e-01
0
0
0
0
0
1.051594e-01
4.579374e-01
0
2.018639e-01
0
0
6.251981e-01
4.352353e-01
0
0
1.024148e-02
4.514992e-01
4.320870e-01
6.499048e-01
5.445250e-01
6.722930e-01
0
0
0
0
0
0
2.919120e-01
5.598802e-01
7.589551e-03
0
0
0
0
0
0
0
0
0
2.865818e-01
1.065167e-01
0
0
0
0
4.373206e-01
2.618931e-01
7.474348e-01
4.979199e-01
4.426340e-01
0
5.408055e-01
3.137141e-01
0
0
0
0
2.000698e-01
1.469236e-01
0
0
0
0
2.809985e-01
1.372918e-01
4.549466e-01
5.212516e-01
5.848950e-01
1.000000e+00
7.126838e-01
6.426680e-01
0
0
4.078792e-01
5.065824e-01
0
0
4.055764e-01
3.638090e-01
0
0
0
0
0
0
8.191648e-02
9.673382e-02
2.371913e-01
3.092737e-02
0
1.988561e-01
0
0
6.254589e-03
0
0
8.017423e-03
9.300476e-02
2.716359e-01
0
0
0
0
0
7.300185e-02
0
0
4.493689e-01
2.610654e-01
1.386130e-01
0
0
0
3.658617e-01
0
0
0
0
0
0
0
0
4.891814e-02
0
0
0
0
3.625067e-01
2.502839e-01
3.810822e-02
0
0
2.656048e-01
0
2.286386e-01
4.925406e-01
2.856284e-01
7.249759e-02
0
0
0
0
0
4.984464e-02
3.498929e-01
0
2.465680e-01
0
2.363627e-01
0
0
0
7.022325e-02
0
0
0
0
1.012157e-01
0
0
0
5.229332e-01
0
8.704947e-01
6.935935e-01
6.215938e-01
0
6.843105e-01
6.126375e-01
2.082467e-01
0
1.732123e-01
0
3.860628e-01
2.846637e-01
2.556422e-02
1.425402e-01
5.214398e-02
2.774465e-02
5.129026e-01
3.843224e-01
5.572532e-01
5.800359e-01
7.975457e-01
7.126838e-01
1
7.394509e-01
0
0
3.338586e-01
2.050743e-01
0
0
4.642422e-01
2.318687e-01
0
0
0
0
0
0
0
0
0
0
0
0
0
0
0
0
0
7.891415e-02
0
0
0
0
0
0
0
1.024482e-01
0
0
5.042649e-01
4.233219e-01
0
0
0
0
7.106034e-01
3.025363e-01
0
0
0
0
0
0
1.867229e-01
3.779108e-01
0
0
0
0
2.763718e-01
2.029121e-01
0
0
0
3.052748e-01
3.573752e-01
4.948463e-01
5.343044e-01
4.464764e-01
5.906647e-02
0
0
0
0
0
2.656641e-01
4.631677e-01
3.241099e-02
1.110066e-01
0
0
0
0
0
0
0
0
1.818757e-01
1.604192e-01
0
0
0
1.133171e-02
3.200989e-01
2.982363e-01
5.743269e-01
5.935774e-01
2.103748e-01
4.279918e-02
2.323820e-01
4.105099e-01
0
0
0
0
2.150535e-01
5.775363e-02
2.689345e-01
3.889692e-01
1.689763e-01
0
5.584660e-01
5.059931e-01
2.628687e-01
2.765443e-01
4.976566e-01
6.426680e-01
7.394509e-01
1.000000e+00
0
1.064897e-01
2.665167e-01
2.782504e-01
0
0
4.152753e-02
0
0
0
0
0
0
0
1.549015e-01
0
0
0
1.915807e-01
1.598377e-01
8.503118e-02
0
9.558423e-02
0
8.847950e-02
1.148647e-01
0
0
1.257955e-02
1.334023e-01
0
0
0
3.848403e-02
0
0
8.081210e-02
1.187539e-01
0
0
0
0
3.203730e-01
1.293246e-01
0
0
0
0
0
0
2.631854e-01
3.280773e-01
2.775107e-02
0
0
0
0
0
0
0
0
3.130794e-01
1.440138e-01
9.795463e-02
3.176125e-01
1.128851e-01
5.442569e-02
0
0
0
0
0
3.734752e-01
1.390337e-01
4.821380e-02
0
2.422198e-01
2.613975e-02
0
0
4.966381e-04
0
3.233768e-02
0
4.810343e-02
2.738349e-01
1.880176e-01
0
4.431061e-01
5.841882e-01
0
0
0
0
0
0
0
0
0
1.081496e-01
8.443305e-02
0
0
0
6.002521e-01
6.107421e-01
3.195617e-01
2.745007e-01
0
1.037858e-01
0
0
0
0
0
0
1.000000e+00
8.461345e-01
0
0
6.810827e-01
5.441312e-01
0
0
3.072048e-01
1.580229e-01
3.618049e-01
1.237373e-01
3.456649e-01
4.775972e-01
1.506459e-01
1.078247e-01
0
6.364149e-03
1.808343e-01
0
7.049508e-02
0
0
0
0
0
0
0
4.180287e-01
6.768832e-01
2.068846e-01
1.898200e-01
4.652905e-01
0
3.992764e-01
4.169146e-01
0
0
0
0
5.921201e-01
7.341480e-02
0
2.653410e-02
6.568332e-02
4.035876e-01
2.206128e-01
2.403814e-02
1.130269e-01
4.093212e-01
4.649058e-01
2.086236e-01
7.425860e-01
0
5.795052e-01
4.715520e-01
0
0
2.090341e-01
1.017834e-01
0
0
0
0
0
0
7.932012e-02
2.516697e-01
3.838076e-01
1.117205e-01
5.516433e-01
6.197470e-01
0
0
1.519259e-01
0
0
4.251171e-02
1.592704e-01
3.304456e-01
0
8.650340e-02
2.461535e-01
7.546279e-01
0
0
6.264628e-02
2.293970e-01
3.869569e-01
5.217449e-01
0
0
0
0
0
8.100056e-02
0
0
0
2.823821e-01
0
0
0
0
6.282943e-01
6.531134e-01
2.796494e-01
1.186858e-01
1.015920e-01
2.407795e-01
0
0
0
0
0
1.064897e-01
8.461345e-01
1
0
0
4.318995e-01
4.987378e-01
0
0
7.595366e-02
5.578007e-02
1.801358e-01
1.623169e-02
3.286042e-02
1.831222e-01
3.567112e-01
3.005168e-01
6.053226e-02
1.100496e-01
3.520702e-01
1.690010e-01
2.168480e-01
2.069748e-03
0
0
5.827167e-02
0
9.674562e-02
0
2.498914e-01
7.815425e-01
2.233457e-01
2.401125e-01
4.413509e-01
0
5.321077e-01
4.645082e-01
0
0
0
0
3.077096e-01
0
0
0
0
7.920592e-02
0
0
0
3.491876e-01
3.651121e-01
1.136015e-01
7.353743e-01
0
5.924632e-01
5.187159e-01
0
0
2.408052e-01
1.064601e-01
0
0
0
0
0
0
7.322139e-03
3.324684e-01
3.586931e-01
4.836368e-02
4.984961e-01
3.942505e-01
0
0
0
0
1.244392e-01
1.667212e-01
5.534677e-02
1.324438e-01
0
1.452045e-01
3.421297e-01
5.766883e-01
0
0
1.375141e-01
3.080583e-01
0
2.034804e-02
7.372826e-01
1.044261e-01
4.577835e-01
2.527885e-02
5.345218e-01
0
2.397908e-01
0
3.547048e-01
0
0
0
3.822286e-01
7.815180e-02
2.222647e-02
0
1.801879e-01
3.103617e-01
1.735233e-01
1.799326e-01
6.469481e-01
5.569603e-01
5.517185e-01
4.078792e-01
3.338586e-01
2.665167e-01
0
0
1
6.514372e-01
0
0
2.826037e-01
3.955880e-02
3.097971e-01
6.431153e-02
3.651192e-01
9.948594e-02
3.441955e-01
0
0
0
0
0
0
0
0
0
0
0
3.730677e-02
8.258417e-02
0
0
0
0
0
0
0
0
0
0
3.962044e-01
1.025062e-01
9.286019e-02
0
0
0
2.929098e-01
0
2.379160e-01
0
1.184503e-02
0
0
0
1.073256e-01
3.736374e-01
0
0
2.800758e-01
0
5.579485e-01
1.411197e-01
0
0
1.339462e-01
2.342900e-01
4.948559e-02
2.738558e-01
1.808077e-01
2.758141e-01
2.198237e-01
0
1.401086e-01
0
0
0
3.049037e-01
2.693926e-01
1.442878e-01
2.538142e-01
0
2.544601e-01
0
0
0
0
0
0
0
0
0
3.034886e-03
6.728160e-02
0
3.734915e-01
4.303065e-01
3.175891e-01
0
3.161702e-01
0
6.612041e-02
0
0
0
0
0
1.755174e-01
2.557533e-01
0
0
0
1.000114e-01
3.368857e-01
1.246509e-01
2.899312e-01
4.276260e-01
1.670820e-01
5.065824e-01
2.050743e-01
2.782504e-01
0
0
6.514372e-01
1
0
0
4.966819e-02
5.791874e-02
0
0
1.125598e-01
0
0
0
1.527812e-01
2.526327e-01
3.973315e-01
1.760336e-01
0
2.063283e-01
1.142124e-01
0
0
0
0
0
5.115201e-02
0
0
0
0
0
0
0
1.167986e-01
1.315489e-01
1.520643e-01
0
3.639317e-01
2.037735e-01
0
0
1.173611e-01
5.516390e-03
0
0
0
0
3.055918e-01
1.352317e-01
0
0
0
0
3.413050e-01
0
2.091904e-01
4.737938e-02
0
0
0
0
0
0
1.581696e-01
0
0
0
1.629056e-01
0
0
0
2.460239e-01
0
1.652483e-01
4.185870e-01
0
3.531540e-01
0
0
0
4.175933e-02
0
0
0
0
0
9.248257e-02
1.318352e-01
3.434955e-01
0
0
0
0
0
0
0
0
0
0
0
0
0
0
2.217516e-01
3.296923e-01
1.577511e-01
9.514261e-02
4.119902e-02
5.258238e-02
0
0
0
0
0
0
6.810827e-01
4.318995e-01
0
0
1
7.191075e-01
0
0
3.297730e-01
2.207153e-01
3.904986e-01
1.277836e-01
4.369793e-01
4.702584e-01
3.299680e-01
3.027064e-01
2.177843e-01
2.841879e-01
3.565369e-01
2.932285e-01
3.836221e-01
3.356343e-01
0
0
0
0
4.501918e-03
0
1.145017e-01
3.882997e-01
2.122491e-01
2.776553e-01
3.949943e-01
0
1.927038e-01
4.043487e-01
0
0
1.228462e-01
2.025049e-01
3.862284e-01
2.481657e-02
0
0
2.976462e-01
3.817383e-01
4.148019e-01
1.833059e-01
1.417622e-01
4.503810e-01
6.932935e-02
0
3.148451e-01
0
2.451710e-01
8.395456e-02
0
0
1.469327e-02
0
0
0
0
6.036367e-02
0
0
5.592394e-02
0
4.210555e-01
0
6.381284e-01
6.503866e-01
0
0
3.529057e-01
2.578816e-01
8.906374e-03
0
0
2.023854e-01
0
0
0
5.276019e-01
4.862256e-02
0
0
8.480425e-02
0
3.754435e-01
0
0
0
0
0
8.890926e-02
0
0
0
1.931792e-01
0
0
0
0
1.344088e-01
3.473690e-01
2.302056e-01
1.094753e-01
2.284298e-02
2.474658e-02
0
0
0
0
0
0
5.441312e-01
4.987378e-01
0
0
7.191075e-01
1
0
0
2.988950e-01
3.631482e-01
8.978219e-02
2.678757e-01
2.322446e-01
5.571581e-01
2.508396e-01
1.991417e-01
1.069015e-01
2.731275e-01
2.636409e-01
1.218338e-01
2.237337e-01
3.208939e-01
0
0
0
0
0
0
4.390951e-02
4.907548e-01
1.428402e-01
4.127271e-01
3.218708e-01
0
2.044904e-01
3.891689e-01
0
0
0
2.496682e-01
3.227364e-01
1.034271e-01
0
0
1.077122e-01
4.764792e-01
2.560082e-01
1.804278e-01
0
3.761022e-01
0
0
1.145047e-01
0
1.055755e-02
4.650790e-02
0
0
0
0
0
0
0
0
0
0
6.739505e-02
2.522189e-01
2.057919e-01
1.898011e-01
4.099539e-01
3.275212e-01
0
0
1.089669e-01
0
3.218985e-01
0
6.361608e-02
2.902106e-01
8.197649e-02
0
0
2.133275e-01
0
1.956556e-02
2.172756e-02
3.450888e-01
0
0
5.754080e-01
0
6.204453e-01
3.378032e-01
6.592472e-01
0
6.470390e-01
2.404882e-01
5.793640e-01
0
3.170627e-01
0
4.890931e-01
2.382051e-01
0
0
0
0
4.436340e-02
1.790736e-01
6.752641e-01
5.602163e-01
6.306378e-01
4.055764e-01
4.642422e-01
4.152753e-02
0
0
2.826037e-01
4.966819e-02
0
0
1
8.394783e-01
1.169425e-01
9.124402e-03
6.773644e-02
8.223535e-02
3.007128e-01
1.986558e-01
0
0
0
0
0
0
0
0
0
3.559372e-01
0
4.223035e-01
0
3.495858e-02
0
0
0
0
0
7.096379e-04
0
0
8.342675e-01
5.261024e-01
3.152077e-01
1.382576e-02
0
2.452640e-02
5.482871e-01
1.880830e-01
1.557468e-01
0
0
0
0
0
0
9.142838e-02
0
3.718347e-01
0
0
6.729992e-01
5.293210e-01
0
5.696908e-02
1.892766e-01
1.971471e-01
2.447705e-01
4.754400e-01
4.990928e-01
6.638460e-01
1.026524e-01
0
8.570891e-03
0
0
0
0
5.782258e-01
0
0
0
4.042685e-02
0
1.363474e-01
0
0
0
0
2.650298e-01
0
0
0
0
0
2.876656e-01
1.452012e-01
4.012054e-01
2.102442e-01
4.668160e-01
0
4.192030e-01
7.529633e-02
2.857787e-01
0
1.326558e-01
5.138555e-02
2.329520e-01
2.436263e-01
0
0
0
0
6.351702e-02
1.125752e-01
4.298032e-01
3.819503e-01
3.522451e-01
3.638090e-01
2.318687e-01
0
0
0
3.955880e-02
5.791874e-02
0
0
8.394783e-01
1
1.229667e-01
2.176295e-01
6.167286e-02
2.489444e-01
2.346750e-01
2.094135e-01
0
0
1.323179e-01
8.122955e-03
0
0
0
0
0
2.396657e-01
0
2.686214e-01
0
1.066926e-01
0
0
0
0
0
4.888354e-02
0
0
6.317723e-01
3.971701e-01
4.793142e-01
3.631174e-01
0
0
2.272401e-01
9.673839e-02
1.383323e-02
0
0
0
0
0
0
0
0
2.786987e-01
0
0
5.059878e-01
5.157567e-01
0
2.452297e-01
1.006563e-01
0
1.363800e-01
3.512072e-01
4.498965e-01
5.209656e-01
5.554177e-02
0
1.213348e-01
4.491182e-02
0
0
0
4.178042e-01
0
0
0
1.250417e-01
0
2.777243e-01
0
2.829723e-03
0
0
2.701287e-02
0
0
0
0
0
1.523198e-02
0
0
0
6.759600e-02
0
2.859569e-02
0
1.113394e-01
0
0
0
0
0
1.846948e-01
0
0
3.926284e-01
0
0
1.088180e-01
0
0
0
0
0
3.072048e-01
7.595366e-02
3.097971e-01
0
3.297730e-01
2.988950e-01
1.169425e-01
1.229667e-01
1
6.944781e-01
6.024347e-01
6.698991e-01
7.991808e-01
6.196135e-01
0
0
0
0
0
0
0
0
0
0
0
9.352218e-02
0
0
8.499904e-02
0
0
0
0
0
0
0
0
0
9.834448e-02
9.837635e-02
5.152599e-01
5.012749e-01
0
0
4.619884e-01
5.449746e-01
4.333389e-01
2.766255e-01
1.797418e-01
0
7.757223e-02
9.234398e-02
2.149427e-02
0
2.392625e-01
0
8.988173e-02
0
1.624116e-01
3.827502e-03
1.383348e-01
0
6.128243e-03
3.777730e-01
0
2.720942e-01
6.412006e-01
3.294691e-01
5.471909e-01
0
0
4.535827e-02
0
1.949674e-01
0
1.530336e-01
0
1.364606e-01
3.679941e-01
3.187478e-01
0
0
6.368716e-02
1.225741e-01
0
0
1.487362e-02
1.217486e-01
0
0
0
0
0
0
5.568611e-02
0
0
0
0
0
0
0
6.776008e-02
0
0
0
0
1.883282e-01
0
0
0
0
0
0
0
0
1.580229e-01
5.578007e-02
6.431153e-02
0
2.207153e-01
3.631482e-01
9.124402e-03
2.176295e-01
6.944781e-01
1
5.054446e-01
6.727407e-01
6.118823e-01
5.370512e-01
0
0
5.551108e-02
1.567601e-01
0
0
0
0
0
0
0
3.911683e-02
0
0
0
0
0
0
0
0
0
9.149626e-02
0
0
2.775188e-01
2.989991e-01
3.022284e-01
3.521034e-01
0
0
1.942328e-01
5.285499e-01
2.748527e-01
1.919972e-01
1.460438e-01
1.554683e-01
0
0
0
0
2.940628e-01
6.754378e-02
2.814148e-02
0
1.320807e-01
1.117202e-01
1.057047e-01
0
0
3.104999e-01
1.351348e-01
2.830622e-01
4.776376e-01
2.408914e-01
5.797598e-01
0
0
0
0
3.646024e-01
0
2.551028e-01
0
1.614196e-01
2.766501e-02
1.653352e-01
0
1.449756e-01
3.663505e-02
1.042429e-03
0
0
0
6.026281e-03
0
0
1.227583e-01
0
1.812591e-03
0
2.563361e-01
0
1.522571e-01
0
1.321646e-01
0
2.251835e-01
0
1.534055e-01
0
0
0
0
1.036427e-01
0
0
3.801090e-02
0
0
0
0
0
3.618049e-01
1.801358e-01
3.651192e-01
1.125598e-01
3.904986e-01
8.978219e-02
6.773644e-02
6.167286e-02
6.024347e-01
5.054446e-01
1
5.918865e-01
7.686472e-01
3.280627e-01
0
0
6.454795e-02
0
0
0
0
0
0
0
0
1.377788e-03
1.770365e-02
0
0
0
0
0
3.877653e-02
0
0
1.623018e-01
5.598576e-02
0
1.821287e-01
4.375260e-02
2.883019e-01
5.399724e-02
0
0
3.547230e-01
2.772352e-01
3.932837e-01
0
3.908651e-01
1.633128e-01
0
0
7.572062e-02
0
6.380208e-01
3.320929e-01
2.755301e-01
0
2.846835e-01
3.103457e-01
2.896873e-01
0
0
4.597780e-01
0
1.887169e-01
1.484670e-01
0
5.839594e-01
0
0
1.790914e-01
0
2.427254e-01
0
3.471443e-01
0
1.109136e-01
0
0
0
7.877027e-02
0
9.702082e-02
0
0
0
5.178036e-02
0
0
0
0
0
0
0
0
8.990352e-02
0
2.996952e-03
0
6.229455e-03
5.880263e-02
4.516835e-02
0
0
0
0
0
0
0
0
0
0
0
0
0
1.237373e-01
1.623169e-02
9.948594e-02
0
1.277836e-01
2.678757e-01
8.223535e-02
2.489444e-01
6.698991e-01
6.727407e-01
5.918865e-01
1
6.088011e-01
4.206309e-01
0
0
0
2.828195e-02
0
0
0
0
0
0
0
1.222636e-01
1.076407e-02
1.961810e-02
0
0
0
0
0
0
1.988280e-02
1.548097e-01
0
0
1.592067e-01
3.084875e-01
2.639837e-01
2.329949e-01
0
0
1.243428e-01
3.647283e-01
1.239057e-01
2.328540e-01
7.383953e-02
0
0
0
0
1.453417e-01
2.708397e-01
2.022999e-01
2.222424e-01
7.181748e-02
1.378564e-01
3.728710e-01
5.168335e-01
0
0
9.555159e-02
0
1.672388e-01
4.542375e-01
4.278442e-01
4.765474e-01
0
0
0
0
7.043800e-02
0
0
0
1.328930e-01
1.957621e-01
2.402582e-01
1.010861e-01
1.744297e-01
1.472145e-01
0
0
0
0
2.299530e-01
0
2.132004e-02
2.381523e-01
0
1.537194e-02
0
3.815700e-01
0
2.206374e-01
0
3.062137e-01
0
2.349389e-01
0
2.321653e-01
0
0
0
2.230814e-02
2.985915e-01
0
1.044112e-01
2.739772e-01
6.284222e-02
1.183923e-01
0
0
0
3.456649e-01
3.286042e-02
3.441955e-01
0
4.369793e-01
2.322446e-01
3.007128e-01
2.346750e-01
7.991808e-01
6.118823e-01
7.686472e-01
6.088011e-01
1.000000e+00
6.512832e-01
0
0
0
0
0
0
0
0
0
0
0
1.475199e-01
0
0
0
0
0
0
0
0
0
0
2.051299e-01
0
2.507053e-01
8.432997e-02
4.279919e-01
4.258261e-01
1.625046e-02
8.190415e-02
5.985012e-01
6.121965e-01
5.814123e-01
3.339947e-01
2.083663e-01
0
3.621597e-02
1.135845e-01
0
1.058469e-01
2.770238e-01
0
3.113334e-01
0
0
9.040054e-02
8.650204e-02
0
1.852649e-01
6.126076e-01
8.998676e-02
4.311118e-01
4.766996e-01
4.665226e-02
4.736635e-01
0
0
3.060195e-02
0
4.369317e-01
0
1.934336e-01
0
0
1.506321e-03
2.522590e-01
0
0
0
1.722359e-01
0
0
0
0
0
2.643578e-01
1.060913e-01
0
0
0
1.417491e-01
0
7.673960e-02
0
1.619120e-01
0
3.188090e-01
0
3.484636e-01
0
7.392146e-02
2.654562e-01
1.523759e-01
2.079230e-01
0
9.316701e-02
0
0
0
0
0
0
4.775972e-01
1.831222e-01
0
0
4.702584e-01
5.571581e-01
1.986558e-01
2.094135e-01
6.196135e-01
5.370512e-01
3.280627e-01
4.206309e-01
6.512832e-01
1
0
0
0
0
0
0
0
0
0
0
0
7.696073e-02
0
0
0
0
0
0
0
0
0
0
2.143965e-02
4.607226e-02
0
4.649180e-02
2.724299e-01
4.165221e-01
0
2.528717e-01
3.128046e-01
6.429544e-01
2.571664e-01
2.062763e-01
0
0
2.336209e-01
2.593109e-01
0
4.162550e-01
5.501374e-02
1.074746e-01
7.972985e-02
0
0
1.199894e-01
4.667504e-02
0
5.330766e-02
3.183536e-01
1.570684e-02
3.520628e-01
2.225183e-01
2.306965e-01
2.639408e-01
2.898311e-01
0
1.487831e-01
0
3.828869e-01
8.928593e-03
0
0
0
9.236173e-02
5.572502e-01
0
0
4.440796e-02
1.967379e-01
0
0
5.941782e-02
5.639004e-02
5.288791e-02
0
0
1.002347e-01
0
0
0
2.515569e-01
0
0
0
2.017994e-01
0
0
0
0
1.796384e-01
7.097734e-02
0
0
2.776321e-01
0
0
0
0
8.191648e-02
0
1.549015e-01
1.506459e-01
3.567112e-01
0
1.527812e-01
3.299680e-01
2.508396e-01
0
0
0
0
0
0
0
0
1
9.582742e-01
7.997186e-01
8.269240e-01
9.409630e-01
9.536916e-01
8.434235e-01
6.630658e-01
1.152549e-01
0
0
0
4.814404e-01
4.455431e-01
0
2.914055e-01
3.978427e-01
3.904078e-01
4.090035e-01
0
5.391749e-01
5.252003e-01
0
0
1.206913e-01
2.560022e-01
0
0
0
0
0
0
0
0
7.332469e-02
3.452362e-01
0
0
3.143780e-01
0
1.282590e-01
1.545412e-01
0
0
2.745648e-01
8.102769e-02
0
0
0
0
0
0
5.936536e-02
1.173493e-01
3.180141e-01
0
6.257523e-01
2.078066e-01
0
0
1.159111e-01
2.762136e-01
2.863111e-01
1.210528e-01
5.729934e-02
1.413900e-02
1.959434e-01
6.540392e-02
0
2.741638e-01
0
0
6.947149e-02
1.416896e-01
2.306077e-02
0
0
5.769375e-02
0
0
0
1.773823e-01
0
0
0
1.447136e-01
0
0
0
0
2.438775e-02
0
0
0
1.983373e-01
0
0
0
0
9.673382e-02
0
0
1.078247e-01
3.005168e-01
0
2.526327e-01
3.027064e-01
1.991417e-01
0
0
0
0
0
0
0
0
9.582742e-01
1.000000e+00
9.029634e-01
9.005277e-01
8.608682e-01
9.217949e-01
8.036229e-01
6.809807e-01
8.646672e-02
0
0
0
5.442035e-01
4.756608e-01
0
1.869965e-01
4.126609e-01
3.669857e-01
4.243751e-01
0
6.106891e-01
6.192102e-01
0
0
2.538793e-01
3.950484e-01
0
0
0
0
0
0
0
0
2.047017e-01
3.874780e-01
0
0
2.201490e-01
0
2.185603e-01
2.354356e-01
0
0
3.947099e-01
2.509199e-01
0
0
0
0
0
0
6.818913e-02
1.141801e-01
3.913722e-01
0
5.456769e-01
1.424018e-01
0
0
2.261015e-02
3.539926e-01
2.304725e-01
1.991955e-01
9.048499e-02
1.665070e-02
1.937112e-01
1.678282e-01
0
1.395395e-01
0
0
5.224788e-02
2.194014e-01
0
0
0
1.308777e-01
0
0
0
6.196381e-02
0
0
0
0
0
0
0
0
0
0
0
0
1.992528e-01
0
0
0
0
2.371913e-01
0
0
0
6.053226e-02
0
3.973315e-01
2.177843e-01
1.069015e-01
0
1.323179e-01
0
5.551108e-02
6.454795e-02
0
0
0
7.997186e-01
9.029634e-01
1
9.280804e-01
6.341575e-01
8.256683e-01
6.621933e-01
6.410660e-01
0
0
0
0
4.690253e-01
4.288056e-01
0
0
2.593519e-01
1.826527e-01
2.835113e-01
0
4.658331e-01
5.353671e-01
0
0
5.343048e-01
6.053722e-01
0
0
0
0
0
0
0
0
2.935083e-01
3.460899e-01
0
0
0
0
1.886140e-01
2.061377e-01
0
0
3.817950e-01
3.973168e-01
0
0
0
0
0
0
5.892110e-02
3.180394e-02
3.761652e-01
0
3.423461e-01
0
0
0
0
4.744133e-01
1.700934e-01
2.815333e-01
0
1.994323e-02
5.212138e-02
1.865344e-01
0
0
0
0
0
2.104730e-01
0
0
0
1.166742e-01
0
0
0
2.355810e-01
0
0
0
7.831183e-02
0
3.643467e-02
0
0
0
0
0
0
1.169757e-01
0
0
0
0
3.092737e-02
0
0
6.364149e-03
1.100496e-01
0
1.760336e-01
2.841879e-01
2.731275e-01
0
8.122955e-03
0
1.567601e-01
0
2.828195e-02
0
0
8.269240e-01
9.005277e-01
9.280804e-01
1
6.952080e-01
8.159987e-01
6.632169e-01
7.047968e-01
0
0
0
0
4.064792e-01
3.802183e-01
0
0
3.393047e-01
3.019121e-01
3.058898e-01
0
5.360285e-01
6.282183e-01
0
0
5.116252e-01
6.808660e-01
6.360366e-02
0
0
0
0
0
5.383149e-02
2.858046e-02
2.568070e-01
4.559387e-01
0
0
0
0
1.142441e-01
1.978907e-01
0
0
3.536775e-01
3.755899e-01
0
0
0
0
0
0
1.584426e-01
1.517255e-01
3.281906e-01
0
4.292778e-01
1.296405e-03
0
0
3.262145e-03
4.520491e-01
2.868056e-01
2.025012e-01
1.813846e-01
1.877720e-01
1.843484e-01
1.774119e-01
0
1.774921e-02
0
0
1.115473e-01
2.251882e-01
1.028243e-01
0
0
0
0
0
0
1.910804e-01
0
0
0
2.508595e-01
0
0
0
0
3.367570e-01
1.986229e-01
0
0
2.821316e-01
0
0
0
0
0
0
1.915807e-01
1.808343e-01
3.520702e-01
0
0
3.565369e-01
2.636409e-01
0
0
0
0
0
0
0
0
9.409630e-01
8.608682e-01
6.341575e-01
6.952080e-01
1.000000e+00
8.955799e-01
8.733189e-01
7.338297e-01
2.581145e-01
0
0
0
5.216556e-01
4.789595e-01
1.905337e-01
4.240954e-01
5.081300e-01
4.695418e-01
4.159426e-01
0
5.048290e-01
4.244852e-01
0
0
0
1.044387e-01
4.846994e-02
0
0
0
0
0
0
0
0
2.830508e-01
0
0
4.226222e-01
0
4.369903e-03
0
0
0
2.636884e-01
0
0
0
0
0
0
0
1.107554e-01
1.221503e-01
2.672671e-01
0
7.143724e-01
3.459520e-01
0
0
1.773249e-01
1.532893e-01
3.317284e-01
0
1.371155e-01
0
1.981834e-01
0
0
3.960342e-01
9.862207e-02
6.230295e-02
2.632297e-02
3.882829e-02
0
0
0
1.475345e-01
0
0
0
1.473219e-01
0
0
0
6.580469e-02
0
0
0
0
7.854982e-02
0
0
0
3.079745e-01
0
0
0
0
1.988561e-01
0
1.598377e-01
0
1.690010e-01
0
2.063283e-01
2.932285e-01
1.218338e-01
0
0
0
0
0
0
0
0
9.536916e-01
9.217949e-01
8.256683e-01
8.159987e-01
8.955799e-01
1
8.452534e-01
6.762658e-01
1.595526e-01
0
0
0
4.997710e-01
5.249003e-01
0
9.828408e-02
3.826658e-01
3.338794e-01
2.890018e-01
0
4.200405e-01
4.156792e-01
0
0
2.615970e-01
3.349113e-01
0
0
0
0
0
0
0
0
0
2.135375e-01
0
0
1.988651e-01
0
1.161984e-02
2.717693e-02
0
0
1.628526e-01
2.081897e-02
0
0
0
0
0
0
9.281359e-02
3.481428e-02
3.006698e-01
0
5.327211e-01
1.435729e-01
0
0
1.110749e-01
3.671664e-01
3.205188e-01
1.119715e-01
2.098269e-03
2.769524e-02
1.467413e-01
3.876470e-02
0
2.009310e-01
0
0
3.104168e-02
4.283178e-02
2.003554e-01
0
0
1.782254e-01
0
0
0
2.046290e-01
0
0
0
2.707334e-01
0
0
0
0
9.218080e-02
2.906397e-02
0
0
1.508742e-01
0
0
0
0
0
0
8.503118e-02
7.049508e-02
2.168480e-01
0
1.142124e-01
3.836221e-01
2.237337e-01
0
0
0
0
0
0
0
0
8.434235e-01
8.036229e-01
6.621933e-01
6.632169e-01
8.733189e-01
8.452534e-01
1.000000e+00
8.029101e-01
5.063038e-01
6.160607e-02
1.112375e-01
0
6.895409e-01
6.264941e-01
5.525256e-02
3.410729e-01
5.838103e-01
5.562945e-01
4.876091e-01
0
4.751161e-01
5.464298e-01
0
0
5.171913e-02
1.975046e-01
0
0
0
0
0
0
0
0
0
3.143054e-01
0
0
2.212430e-01
0
0
9.990477e-03
0
0
2.200818e-01
0
0
0
0
0
0
0
0
0
2.362526e-01
0
6.460085e-01
4.170679e-01
0
0
1.312164e-01
2.106488e-01
2.203037e-01
0
0
0
3.093323e-01
5.961277e-02
0
2.491849e-01
1.279942e-01
8.074557e-02
0
0
0
0
0
0
0
0
0
1.597663e-01
0
0
0
2.199486e-01
0
0
0
0
0
0
0
0
2.091546e-01
0
0
0
0
0
0
0
0
2.069748e-03
0
0
3.356343e-01
3.208939e-01
0
0
0
0
0
0
0
0
6.630658e-01
6.809807e-01
6.410660e-01
7.047968e-01
7.338297e-01
6.762658e-01
8.029101e-01
1
3.339665e-01
9.203654e-02
0
0
5.542799e-01
5.145338e-01
0
1.575038e-01
3.922612e-01
3.795142e-01
2.876702e-01
0
2.668252e-01
3.850159e-01
0
0
2.374331e-01
3.845116e-01
0
0
0
0
3.107899e-02
0
3.194008e-01
8.038398e-02
7.010065e-02
2.883716e-01
0
0
0
0
0
0
0
0
2.786330e-01
0
0
0
0
0
0
0
0
0
1.484622e-01
0
4.826239e-01
3.322871e-01
0
0
6.759648e-03
2.343618e-01
2.658718e-01
0
4.019175e-02
0
2.210114e-01
0
0
5.640484e-02
0
2.045162e-01
0
0
2.962930e-01
1.272538e-01
0
2.485282e-01
0
1.140155e-01
0
3.833165e-02
0
1.415390e-01
1.523871e-01
2.473495e-01
0
5.035220e-02
0
0
1.126187e-03
0
0
0
0
0
0
0
4.076787e-02
6.254589e-03
0
9.558423e-02
0
0
0
0
0
0
0
0
0
0
0
0
0
0
1.152549e-01
8.646672e-02
0
0
2.581145e-01
1.595526e-01
5.063038e-01
3.339665e-01
1
7.706494e-01
8.035317e-01
5.205510e-01
7.086272e-01
6.354557e-01
1.577788e-01
1.301204e-01
5.353387e-01
4.132139e-01
2.026106e-01
3.811812e-01
1.383667e-01
7.216722e-02
0
8.021422e-02
0
0
0
0
0
0
0
0
0
2.882699e-03
0
0
0
0
0
1.232686e-02
0
0
0
2.310023e-01
0
0
3.605036e-01
4.797354e-01
0
0
0
0
0
0
0
1.538585e-01
1.881771e-01
1.699305e-01
0
0
0
0
0
0
0
0
2.199024e-01
2.098821e-01
2.832683e-02
5.149825e-02
4.218967e-01
1.284206e-01
0
0
0
8.402082e-02
1.687694e-01
1.140549e-01
1.201153e-01
1.739976e-01
1.325230e-01
0
7.141954e-02
1.623611e-01
4.254819e-01
0
5.764673e-02
0
1.163003e-02
0
0
0
0
0
0
0
2.202945e-01
1.531456e-01
2.591905e-01
0
0
0
0
0
0
0
0
0
3.559372e-01
2.396657e-01
0
0
0
0
0
0
0
0
0
0
0
0
6.160607e-02
9.203654e-02
7.706494e-01
1
7.515319e-01
7.703698e-01
3.618240e-01
4.226265e-01
4.785105e-02
0
2.801318e-01
1.853708e-01
0
3.517286e-01
0
0
3.719392e-01
3.946548e-01
0
0
0
0
2.479950e-03
0
1.541364e-01
9.850990e-02
7.862190e-02
1.865137e-01
0
0
0
1.971928e-02
0
2.791770e-01
0
0
3.406323e-01
5.805555e-01
0
0
5.923228e-01
6.883478e-01
0
0
0
0
0
0
0
3.468016e-01
0
0
0
0
0
0
3.214600e-02
0
0
0
0
1.138767e-01
0
0
3.635713e-01
2.156699e-01
0
0
3.422803e-01
3.974076e-01
6.070427e-02
1.088694e-01
0
1.421735e-01
0
0
0
1.365324e-01
3.327836e-01
2.396442e-01
0
0
0
0
1.537532e-01
6.089083e-02
1.134907e-01
0
0
0
5.045326e-02
0
7.733288e-02
0
0
8.847950e-02
0
5.827167e-02
3.730677e-02
0
0
0
0
0
0
0
0
0
0
0
0
0
0
0
0
0
1.112375e-01
0
8.035317e-01
7.515319e-01
1
7.184949e-01
4.237505e-01
3.305944e-01
2.624334e-01
3.245338e-01
5.229474e-01
3.967863e-01
2.356142e-01
3.089220e-01
1.941156e-01
0
0
7.463263e-02
0
0
0
0
0
0
0
0
0
4.986248e-02
0
0
0
1.110720e-01
1.566385e-01
6.648275e-02
0
0
8.423365e-02
2.589258e-01
0
0
4.954486e-01
7.266383e-01
0
0
0
0
0
7.436424e-02
0
2.707527e-01
5.524828e-02
4.743077e-02
5.606392e-03
0
0
0
1.032023e-01
0
0
0
7.063880e-02
1.422070e-01
1.884683e-01
7.657252e-02
3.014945e-01
1.671792e-01
0
1.210438e-02
0
1.899916e-01
2.556809e-01
0
1.504303e-01
1.585344e-01
8.680833e-02
0
1.269988e-01
1.425705e-01
4.925787e-01
0
7.499471e-02
0
1.534447e-01
0
6.651877e-02
1.298698e-02
0
0
0
5.515435e-02
3.182363e-01
2.649075e-02
3.490023e-01
8.017423e-03
7.891415e-02
1.148647e-01
0
0
8.258417e-02
0
0
0
4.223035e-01
2.686214e-01
9.352218e-02
3.911683e-02
1.377788e-03
1.222636e-01
1.475199e-01
7.696073e-02
0
0
0
0
0
0
0
0
5.205510e-01
7.703698e-01
7.184949e-01
1.000000e+00
1.880691e-01
2.834108e-01
2.063064e-01
9.863215e-02
1.900734e-01
4.896394e-02
0
7.636696e-02
0
0
3.288227e-01
1.743066e-01
0
0
0
0
0
0
1.211414e-01
1.908807e-01
7.843747e-02
5.635865e-02
0
0
0
1.425471e-01
8.835239e-03
7.452411e-02
0
0
3.137719e-01
2.422294e-01
0
0
4.613016e-01
6.571531e-01
0
8.658106e-02
0
2.220313e-01
1.134557e-01
2.041554e-01
2.086170e-02
3.181205e-01
0
0
0
4.179334e-02
0
0
5.926146e-03
0
0
0
0
0
6.567620e-02
1.216479e-01
3.846426e-01
3.423712e-02
0
0
1.586611e-01
0
0
0
0
0
0
5.798136e-02
0
0
0
2.208423e-01
0
4.632968e-02
0
0
0
0
0
0
0
0
0
0
0
9.300476e-02
0
0
0
9.674562e-02
0
5.115201e-02
4.501918e-03
0
0
0
0
0
1.770365e-02
1.076407e-02
0
0
4.814404e-01
5.442035e-01
4.690253e-01
4.064792e-01
5.216556e-01
4.997710e-01
6.895409e-01
5.542799e-01
7.086272e-01
3.618240e-01
4.237505e-01
1.880691e-01
1
8.745449e-01
0
9.626646e-02
5.501722e-01
3.354726e-01
3.601092e-01
1.522584e-01
3.960222e-01
4.062150e-01
0
0
0
5.331907e-02
0
0
0
0
0
0
0
0
1.349076e-01
0
0
0
1.692826e-01
0
1.188171e-01
3.245335e-01
0
0
3.975785e-01
1.980032e-01
3.022849e-01
7.945729e-02
0
0
0
0
0
1.046498e-01
3.808458e-01
0
3.375294e-01
1.985521e-01
0
0
0
2.199606e-02
0
0
0
0
3.172746e-01
4.101652e-01
6.331530e-02
1.552948e-01
1.077649e-01
0
0
0
0
0
0
4.972100e-02
5.860653e-02
0
0
9.598126e-02
1.580712e-01
9.332385e-02
0
1.849409e-01
0
7.637729e-02
0
0
0
0
0
0
0
0
0
0
0
2.716359e-01
0
0
0
0
0
0
0
0
3.495858e-02
1.066926e-01
0
0
0
1.961810e-02
0
0
4.455431e-01
4.756608e-01
4.288056e-01
3.802183e-01
4.789595e-01
5.249003e-01
6.264941e-01
5.145338e-01
6.354557e-01
4.226265e-01
3.305944e-01
2.834108e-01
8.745449e-01
1
2.026325e-02
0
4.615872e-01
2.949022e-01
2.847725e-01
2.170073e-01
2.389038e-01
2.365082e-01
0
0
0
1.721329e-02
0
0
0
0
0
0
0
0
0
0
0
0
9.916526e-02
0
0
1.143821e-01
0
0
3.849638e-01
1.537174e-01
3.781102e-01
1.877087e-01
0
0
0
0
0
2.541052e-01
2.338002e-01
3.810143e-02
1.027841e-01
1.158411e-01
0
0
0
0
0
0
5.999690e-02
0
3.811023e-01
4.293912e-01
1.786206e-01
2.031002e-02
1.717024e-01
0
0
0
5.176847e-01
3.470325e-01
0
0
0
3.362315e-02
0
1.505395e-01
0
1.204654e-01
1.364154e-02
2.948412e-01
0
0
0
0
6.886319e-01
4.689050e-01
2.624383e-01
3.587006e-01
0
0
0
0
0
0
0
1.257955e-02
4.180287e-01
2.498914e-01
0
0
1.145017e-01
4.390951e-02
0
0
8.499904e-02
0
0
0
0
0
0
0
0
0
1.905337e-01
0
5.525256e-02
0
1.577788e-01
4.785105e-02
2.624334e-01
2.063064e-01
0
2.026325e-02
1
5.839824e-01
4.276741e-01
3.258613e-01
2.867569e-01
9.212095e-02
2.543481e-01
6.590470e-02
0
0
0
0
6.347239e-01
4.775499e-01
0
0
1.323518e-01
2.331614e-01
1.235553e-01
9.506276e-02
0
2.240390e-01
5.834112e-01
3.883330e-01
6.718319e-01
0
6.088270e-02
0
0
0
9.332200e-02
0
0
4.756495e-02
1.764462e-01
0
0
0
1.263278e-01
2.173377e-01
0
3.678940e-01
3.941880e-01
5.647482e-01
4.199112e-01
0
3.237507e-01
0
1.665908e-01
0
4.537886e-01
3.121656e-02
9.619621e-02
0
3.564538e-01
6.593973e-01
5.079430e-01
2.241786e-01
2.801070e-01
4.802011e-03
5.510037e-01
6.466915e-01
0
0
0
0
0
7.889636e-02
0
0
0
4.260311e-01
0
0
0
0
6.449451e-01
6.723306e-01
4.272791e-01
1.753187e-01
0
5.747264e-02
0
0
0
0
0
1.334023e-01
6.768832e-01
7.815425e-01
0
0
3.882997e-01
4.907548e-01
0
0
0
0
0
0
0
0
2.914055e-01
1.869965e-01
0
0
4.240954e-01
9.828408e-02
3.410729e-01
1.575038e-01
1.301204e-01
0
3.245338e-01
9.863215e-02
9.626646e-02
0
5.839824e-01
1
5.046945e-01
5.317642e-01
6.145442e-01
0
5.651958e-01
4.085964e-01
0
0
0
0
3.591671e-01
0
0
0
0
1.301513e-01
6.383892e-02
0
0
4.392629e-01
3.547309e-01
1.177389e-01
7.170840e-01
0
3.260463e-01
1.312192e-01
0
0
2.614975e-01
0
0
5.378990e-02
0
0
0
0
0
2.517111e-01
6.405609e-03
1.858879e-01
6.156540e-01
5.522863e-01
1.224304e-01
0
1.908707e-01
0
2.933421e-01
0
1.288672e-01
0
3.953164e-02
0
1.788240e-01
5.627480e-01
0
1.756057e-01
1.422349e-01
3.563134e-01
4.174348e-01
8.876424e-02
0
9.317723e-02
0
0
0
6.990860e-02
0
0
0
3.961131e-01
0
0
0
0
1.775307e-01
0
0
0
0
0
0
0
0
0
0
0
2.068846e-01
2.233457e-01
0
0
2.122491e-01
1.428402e-01
0
0
0
0
0
0
0
0
3.978427e-01
4.126609e-01
2.593519e-01
3.393047e-01
5.081300e-01
3.826658e-01
5.838103e-01
3.922612e-01
5.353387e-01
2.801318e-01
5.229474e-01
1.900734e-01
5.501722e-01
4.615872e-01
4.276741e-01
5.046945e-01
1
8.579415e-01
7.034264e-01
4.811296e-02
7.829463e-01
6.159681e-01
0
0
0
1.783543e-01
2.596763e-01
0
0
0
0
0
5.829612e-02
1.531717e-01
0
3.469022e-01
0
0
4.037176e-01
0
4.808109e-02
0
0
0
2.509282e-01
0
1.856993e-01
3.415414e-02
0
0
0
0
5.059451e-02
2.637338e-01
2.752695e-02
1.423370e-01
5.737706e-01
3.209585e-01
0
0
1.519635e-01
0
3.844691e-01
1.166669e-01
3.399098e-01
0
1.981374e-01
1.724218e-01
1.853466e-01
3.062749e-01
1.766780e-01
3.010983e-02
4.447637e-02
3.719025e-01
4.067777e-01
2.101845e-01
0
3.091686e-01
0
0
0
3.380755e-01
0
0
0
5.852858e-01
0
4.904774e-02
0
0
1.635355e-01
0
0
0
0
0
0
0
0
0
0
0
1.898200e-01
2.401125e-01
0
0
2.776553e-01
4.127271e-01
0
0
0
0
0
0
0
0
3.904078e-01
3.669857e-01
1.826527e-01
3.019121e-01
4.695418e-01
3.338794e-01
5.562945e-01
3.795142e-01
4.132139e-01
1.853708e-01
3.967863e-01
4.896394e-02
3.354726e-01
2.949022e-01
3.258613e-01
5.317642e-01
8.579415e-01
1
7.131056e-01
2.246739e-01
6.673817e-01
6.549939e-01
0
0
0
2.084794e-01
1.673680e-01
0
0
0
0
0
0
6.262991e-02
0
3.319667e-01
0
0
2.609015e-01
0
0
0
0
0
1.228600e-01
0
1.326188e-01
1.411042e-02
0
0
0
0
0
2.887107e-01
0
2.036438e-01
5.292685e-01
3.231604e-01
0
0
2.437034e-01
0
4.010439e-01
2.545014e-02
3.126608e-01
3.641833e-02
3.222294e-01
1.044761e-01
2.024970e-01
1.425669e-01
1.336207e-01
0
3.774440e-02
4.750170e-01
4.931028e-01
2.878534e-01
0
0
0
0
0
1.821614e-01
0
0
0
5.042361e-01
0
0
0
0
1.516739e-01
7.195762e-02
2.437951e-02
0
0
0
0
0
0
0
0
0
4.652905e-01
4.413509e-01
0
0
3.949943e-01
3.218708e-01
0
0
0
0
3.877653e-02
0
0
0
4.090035e-01
4.243751e-01
2.835113e-01
3.058898e-01
4.159426e-01
2.890018e-01
4.876091e-01
2.876702e-01
2.026106e-01
0
2.356142e-01
0
3.601092e-01
2.847725e-01
2.867569e-01
6.145442e-01
7.034264e-01
7.131056e-01
1
3.601587e-02
7.319862e-01
6.532931e-01
0
0
0
2.016172e-02
2.369389e-01
0
0
0
0
0
0
0
1.426150e-01
5.056980e-01
0
0
5.126827e-01
0
2.523224e-01
3.107659e-01
0
0
4.003979e-01
2.193632e-01
3.496621e-02
0
0
0
0
0
0
2.338517e-01
0
1.757328e-01
5.948845e-01
4.853792e-01
0
0
1.322507e-01
0
7.976794e-02
1.163650e-01
2.102127e-01
1.943817e-02
7.616176e-02
1.572919e-01
9.947387e-02
3.588558e-01
2.273764e-02
0
0
5.367658e-01
3.093758e-01
3.995238e-02
0
5.321530e-01
6.484263e-02
4.911182e-01
0
6.432390e-01
5.412688e-02
5.186255e-01
2.210045e-01
5.036678e-01
2.747264e-01
6.106055e-01
1.241402e-01
4.341624e-01
0
0
0
0
0
0
2.056859e-02
1.637604e-01
8.210592e-02
7.300185e-02
1.024482e-01
3.848403e-02
0
0
0
0
0
0
7.096379e-04
4.888354e-02
0
0
0
0
0
0
0
0
0
0
0
0
0
0
3.811812e-01
3.517286e-01
3.089220e-01
7.636696e-02
1.522584e-01
2.170073e-01
9.212095e-02
0
4.811296e-02
2.246739e-01
3.601587e-02
1
0
5.204935e-02
1.323236e-01
4.987310e-01
0
0
0
0
0
0
0
0
0
0
0
0
0
0
0
1.734127e-01
0
1.404184e-01
1.647866e-01
4.398604e-01
0
7.227536e-03
4.135210e-01
3.782262e-01
0
0
8.537591e-02
2.426928e-02
0
4.863779e-02
0
2.998124e-01
0
0
0
0
0
0
0
0
6.201609e-02
0
3.252590e-01
4.547867e-01
4.066132e-01
0
2.311759e-01
0
0
0
5.042826e-01
7.627916e-02
0
5.134330e-02
0
0
0
1.835141e-01
0
0
0
4.163680e-01
0
0
0
0
1.889986e-01
0
0
3.761813e-02
0
0
0
0
0
0
0
0
3.992764e-01
5.321077e-01
0
1.167986e-01
1.927038e-01
2.044904e-01
0
0
0
0
0
1.988280e-02
0
0
5.391749e-01
6.106891e-01
4.658331e-01
5.360285e-01
5.048290e-01
4.200405e-01
4.751161e-01
2.668252e-01
1.383667e-01
0
1.941156e-01
0
3.960222e-01
2.389038e-01
2.543481e-01
5.651958e-01
7.829463e-01
6.673817e-01
7.319862e-01
0
1
8.180195e-01
0
0
0
2.114431e-01
3.402657e-01
0
0
0
0
0
0
4.196488e-02
1.708488e-01
5.944558e-01
0
0
5.055818e-01
0
4.623718e-01
3.251385e-01
0
0
4.652137e-01
2.199730e-01
0
0
0
0
0
0
7.125782e-02
3.465687e-01
1.341927e-01
0
5.432151e-01
1.900280e-01
9.869535e-03
0
9.491253e-02
0
3.375598e-01
4.307013e-01
3.791174e-01
5.005382e-02
1.811269e-01
3.120976e-01
2.723827e-01
2.620096e-01
0
0
2.856142e-01
6.372553e-01
4.905480e-01
9.082755e-02
0
2.113477e-01
0
0
0
3.868370e-01
0
0
0
4.000953e-01
0
6.838472e-02
0
0
4.026654e-02
0
0
0
0
0
0
0
0
0
0
0
4.169146e-01
4.645082e-01
0
1.315489e-01
4.043487e-01
3.891689e-01
0
0
0
9.149626e-02
1.623018e-01
1.548097e-01
0
0
5.252003e-01
6.192102e-01
5.353671e-01
6.282183e-01
4.244852e-01
4.156792e-01
5.464298e-01
3.850159e-01
7.216722e-02
0
0
0
4.062150e-01
2.365082e-01
6.590470e-02
4.085964e-01
6.159681e-01
6.549939e-01
6.532931e-01
5.204935e-02
8.180195e-01
1.000000e+00
0
0
7.613800e-02
4.099383e-01
2.984820e-01
0
0
0
0
2.607765e-03
0
7.418311e-03
2.609056e-01
6.535059e-01
0
0
2.750882e-01
0
4.763870e-01
4.732706e-01
0
0
4.164657e-01
3.214129e-01
6.331269e-02
0
0
0
0
0
0
1.997990e-01
3.367131e-01
0
5.058853e-01
3.395828e-01
0
0
8.034445e-02
2.821958e-01
9.951194e-02
2.139521e-01
1.752919e-01
8.375414e-02
3.386325e-01
4.468838e-01
2.338465e-01
1.658795e-01
0
0
2.641797e-02
4.393504e-01
0
0
7.823868e-01
0
7.009866e-01
4.050898e-01
7.953624e-01
0
6.055147e-01
3.173281e-01
6.178686e-01
0
4.543526e-01
1.110182e-02
5.586904e-01
3.818825e-01
0
0
0
0
0
1.619471e-01
8.814975e-01
7.826203e-01
7.618458e-01
4.493689e-01
5.042649e-01
8.081210e-02
0
0
3.962044e-01
1.520643e-01
0
0
8.342675e-01
6.317723e-01
0
0
5.598576e-02
0
2.051299e-01
2.143965e-02
0
0
0
0
0
0
0
0
0
3.719392e-01
0
3.288227e-01
0
0
0
0
0
0
0
1.323236e-01
0
0
1
7.660206e-01
3.070180e-01
0
0
1.266534e-01
6.041852e-01
2.882560e-01
3.007396e-01
0
1.289114e-02
4.251443e-02
0
0
0
1.592398e-01
0
2.526980e-01
0
0
8.812670e-01
6.521514e-01
0
0
2.059502e-01
3.767547e-01
3.548342e-01
5.256459e-01
6.280694e-01
6.924432e-01
0
0
0
0
0
0
1.035103e-01
7.208137e-01
0
0
0
0
0
0
0
0
0
0
1.474009e-01
3.545257e-02
0
0
0
0
5.639254e-01
2.103553e-01
5.248598e-01
6.846758e-01
5.618314e-01
9.511807e-02
4.689267e-01
6.400213e-01
5.013615e-01
0
5.834483e-01
3.701074e-01
5.147823e-01
6.301650e-01
0
0
1.338029e-01
0
0
1.496404e-01
6.241898e-01
6.378637e-01
6.251500e-01
2.610654e-01
4.233219e-01
1.187539e-01
0
0
1.025062e-01
0
0
0
5.261024e-01
3.971701e-01
0
0
0
0
0
4.607226e-02
0
0
0
0
0
0
0
0
8.021422e-02
3.946548e-01
7.463263e-02
1.743066e-01
0
0
0
0
0
0
0
4.987310e-01
0
0
7.660206e-01
1.000000e+00
1.212644e-02
0
0
2.335092e-01
4.325833e-01
4.044677e-01
5.196433e-02
0
0
0
0
0
0
3.296549e-01
0
5.735273e-01
0
0
7.125789e-01
8.216502e-01
0
0
2.898782e-01
4.781832e-01
3.706829e-01
4.072021e-01
6.472604e-01
5.837287e-01
0
0
0
2.384860e-01
0
0
8.714074e-02
5.532817e-01
0
0
0
0
0
0
0
0
0
0
1.397140e-01
1.831640e-01
0
0
0
0
2.813056e-02
1.061356e-01
4.223528e-02
0
3.322305e-01
0
0
0
0
0
0
0
0
1.702785e-01
0
0
0
0
1.253846e-01
0
1.778314e-01
3.529611e-01
0
1.386130e-01
0
0
0
0
9.286019e-02
3.639317e-01
1.228462e-01
0
3.152077e-01
4.793142e-01
9.834448e-02
2.775188e-01
1.821287e-01
1.592067e-01
2.507053e-01
0
1.206913e-01
2.538793e-01
5.343048e-01
5.116252e-01
0
2.615970e-01
5.171913e-02
2.374331e-01
0
0
0
0
0
0
0
0
0
0
0
0
0
7.613800e-02
3.070180e-01
1.212644e-02
1
8.455264e-01
0
1.333305e-01
1.518634e-01
2.214074e-01
3.503848e-01
1.083837e-01
3.096115e-01
3.113633e-01
3.634768e-01
2.518323e-01
0
0
0
4.336079e-03
0
0
2.014090e-01
1.496624e-01
0
2.247286e-01
0
0
2.309809e-01
1.451688e-01
3.988511e-01
1.192218e-01
1.141240e-01
0
1.744985e-01
0
0
0
0
3.021394e-01
1.072278e-01
6.000071e-01
0
1.522115e-01
0
2.542606e-01
0
0
0
0
0
0
0
0
0
0
0
2.673483e-01
0
0
0
3.847463e-02
0
0
0
0
0
1.206342e-01
0
5.967119e-02
0
0
0
0
0
0
0
2.639326e-02
0
0
0
0
0
0
0
2.037735e-01
2.025049e-01
2.496682e-01
1.382576e-02
3.631174e-01
9.837635e-02
2.989991e-01
4.375260e-02
3.084875e-01
8.432997e-02
4.649180e-02
2.560022e-01
3.950484e-01
6.053722e-01
6.808660e-01
1.044387e-01
3.349113e-01
1.975046e-01
3.845116e-01
0
0
0
0
5.331907e-02
1.721329e-02
0
0
1.783543e-01
2.084794e-01
2.016172e-02
0
2.114431e-01
4.099383e-01
0
0
8.455264e-01
1.000000e+00
4.943794e-02
8.734274e-02
0
0
2.250171e-01
2.030053e-01
2.374495e-01
3.661764e-01
2.439018e-01
3.706990e-01
0
0
0
3.303122e-03
0
1.019881e-02
0
1.127368e-01
0
3.294368e-01
0
0
0
0
1.062432e-01
0
1.173000e-01
0
1.730751e-01
0
7.735057e-02
0
0
0
5.614403e-02
3.679519e-01
2.126244e-01
1.965766e-01
6.957131e-02
4.146090e-01
0
6.239576e-02
0
0
0
0
0
2.143537e-01
3.606813e-01
1.728521e-01
0
0
0
0
0
5.982798e-02
0
0
0
1.074830e-01
0
5.423148e-02
0
0
4.108754e-01
2.000295e-01
1.779924e-01
6.304828e-01
0
0
0
0
0
0
0
0
5.921201e-01
3.077096e-01
0
0
3.862284e-01
3.227364e-01
0
0
5.152599e-01
3.022284e-01
2.883019e-01
2.639837e-01
4.279919e-01
2.724299e-01
0
0
0
6.360366e-02
4.846994e-02
0
0
0
0
0
0
0
0
0
6.347239e-01
3.591671e-01
2.596763e-01
1.673680e-01
2.369389e-01
0
3.402657e-01
2.984820e-01
0
0
0
4.943794e-02
1
6.837150e-01
0
3.432528e-02
4.701960e-01
6.394568e-01
5.402642e-01
4.630639e-01
3.478178e-01
4.821521e-01
3.633662e-01
3.856023e-02
4.736183e-01
0
2.768249e-01
1.408579e-01
0
0
2.232557e-01
1.455221e-02
0
0
2.597285e-01
4.354064e-02
0
0
3.566432e-01
2.510803e-01
1.458514e-01
1.459100e-01
4.068267e-01
4.279319e-01
1.251070e-01
0
2.838014e-01
9.817769e-02
0
0
5.895404e-01
3.567386e-01
0
0
1.509439e-01
5.515766e-01
9.458567e-02
0
1.721551e-01
1.568239e-01
0
0
0
0
0
5.730650e-02
0
1.869502e-02
0
0
1.126035e-01
0
8.326887e-02
1.891681e-01
0
1.198031e-01
1.461982e-01
7.609035e-02
1.710689e-01
5.873681e-01
0
0
2.055943e-01
2.385392e-01
5.941216e-02
0
0
0
7.341480e-02
0
0
0
2.481657e-02
1.034271e-01
2.452640e-02
0
5.012749e-01
3.521034e-01
5.399724e-02
2.329949e-01
4.258261e-01
4.165221e-01
0
0
0
0
0
0
0
0
0
0
0
0
0
0
4.775499e-01
0
0
0
0
0
0
0
1.266534e-01
2.335092e-01
1.333305e-01
8.734274e-02
6.837150e-01
1.000000e+00
9.507321e-02
2.772412e-01
5.977162e-01
6.094439e-01
4.756486e-01
4.574458e-01
8.350587e-03
7.249581e-02
4.141354e-01
3.140982e-01
0
2.846549e-01
0
0
1.203782e-01
2.413479e-02
0
0
0
0
5.535976e-01
3.401415e-01
3.415762e-01
3.297540e-01
3.214588e-01
5.887600e-02
0
3.129078e-01
0
1.274600e-01
2.280670e-01
3.402076e-01
1.973100e-01
8.553068e-02
6.983953e-02
0
4.679117e-01
4.014123e-01
0
0
8.329382e-02
1.212205e-01
1.691032e-01
1.260279e-01
2.676908e-01
0
0
0
5.174429e-01
0
6.431963e-01
4.971406e-01
6.457229e-01
0
4.471112e-01
4.456404e-01
4.620254e-01
0
2.964507e-01
0
2.822101e-01
3.061495e-01
3.084572e-02
1.146744e-01
2.220288e-01
1.341270e-01
4.804688e-01
4.805701e-01
5.918786e-01
5.849350e-01
7.205793e-01
3.658617e-01
7.106034e-01
3.203730e-01
0
0
2.929098e-01
1.173611e-01
0
0
5.482871e-01
2.272401e-01
0
0
0
0
1.625046e-02
0
0
0
0
0
0
0
0
0
0
2.479950e-03
0
0
0
0
0
0
0
0
0
0
0
0
6.041852e-01
4.325833e-01
1.518634e-01
0
0
9.507321e-02
1
5.617802e-01
2.458494e-01
0
1.109928e-01
0
6.312594e-02
0
3.048600e-01
3.642136e-01
0
1.693360e-01
0
0
3.588240e-01
2.116755e-01
0
0
0
1.011499e-02
6.353562e-01
5.337917e-01
4.948878e-01
4.350991e-01
0
0
0
0
0
0
4.617362e-01
4.457395e-01
2.991158e-01
2.129943e-01
0
0
0
0
0
0
0
1.916007e-02
3.522820e-01
2.724157e-01
0
0
0
1.748492e-01
2.671291e-01
0
1.994772e-01
2.999045e-01
3.749438e-01
1.445787e-01
1.548446e-01
2.417403e-01
1.714889e-01
0
4.888657e-01
2.261535e-01
4.011231e-01
6.167077e-01
0
2.739990e-01
4.980519e-01
3.847532e-01
4.498195e-01
6.226544e-01
2.856863e-01
3.431237e-01
2.118167e-01
0
3.025363e-01
1.293246e-01
2.653410e-02
0
0
5.516390e-03
0
0
1.880830e-01
9.673839e-02
0
0
0
0
8.190415e-02
2.528717e-01
0
0
0
0
0
0
0
0
0
0
0
0
0
0
0
0
0
0
0
0
0
0
2.882560e-01
4.044677e-01
2.214074e-01
0
3.432528e-02
2.772412e-01
5.617802e-01
1
1.264800e-01
1.528044e-01
7.299839e-02
1.066981e-01
2.231915e-01
9.491641e-02
3.678442e-01
2.115000e-01
0
3.056989e-01
0
7.272073e-02
1.296811e-01
1.227046e-01
0
6.412702e-02
0
0
6.913846e-01
3.942770e-01
6.054001e-01
3.031639e-01
0
0
0
6.188031e-02
0
0
4.189130e-01
4.308206e-01
3.252250e-01
1.513191e-01
0
0
0
2.811874e-01
0
0
0
5.910878e-02
5.644725e-02
3.019224e-01
3.582664e-02
0
0
1.435709e-02
2.047444e-01
0
0
0
3.358010e-01
0
0
0
3.558084e-01
0
5.400260e-02
0
0
0
0
0
2.517829e-01
4.895693e-01
0
0
3.475749e-01
2.583685e-01
1.269785e-01
0
0
0
6.568332e-02
0
2.379160e-01
0
2.976462e-01
1.077122e-01
1.557468e-01
1.383323e-02
4.619884e-01
1.942328e-01
3.547230e-01
1.243428e-01
5.985012e-01
3.128046e-01
0
0
0
0
0
0
0
3.107899e-02
0
1.541364e-01
0
1.211414e-01
0
0
1.323518e-01
0
0
0
0
0
0
0
3.007396e-01
5.196433e-02
3.503848e-01
2.250171e-01
4.701960e-01
5.977162e-01
2.458494e-01
1.264800e-01
1
7.004225e-01
8.743541e-01
6.523362e-01
2.402207e-01
1.820059e-01
9.106300e-02
4.420065e-02
0
3.930948e-03
0
0
3.099002e-01
6.063589e-02
0
0
0
0
4.461211e-01
3.079580e-01
3.602502e-02
8.365460e-02
1.943440e-01
0
0
0
3.877258e-02
1.495212e-01
1.456186e-01
2.375764e-01
3.444714e-01
1.447090e-01
6.748012e-03
0
1.617507e-01
1.190671e-01
0
0
0
3.177114e-02
4.759904e-02
1.293908e-01
0
0
1.075027e-01
3.190346e-01
0
0
0
0
0
0
0
0
1.873265e-01
0
1.522437e-01
0
0
0
0
5.352887e-02
2.469089e-01
4.755843e-01
0
0
0
0
0
0
0
0
4.035876e-01
7.920592e-02
0
0
3.817383e-01
4.764792e-01
0
0
5.449746e-01
5.285499e-01
2.772352e-01
3.647283e-01
6.121965e-01
6.429544e-01
0
0
0
0
0
0
0
0
0
9.850990e-02
0
1.908807e-01
0
0
2.331614e-01
1.301513e-01
0
0
0
0
0
2.607765e-03
0
0
1.083837e-01
2.030053e-01
6.394568e-01
6.094439e-01
0
1.528044e-01
7.004225e-01
1.000000e+00
7.152472e-01
7.368780e-01
2.418209e-01
2.632051e-01
9.667763e-02
0
0
7.714606e-02
8.755968e-03
0
2.324134e-03
0
1.985033e-02
0
3.426225e-02
0
2.986272e-01
1.242119e-01
0
0
2.855614e-01
1.162826e-01
1.609600e-01
3.274864e-01
1.709659e-01
1.753062e-01
0
1.017650e-01
1.951577e-01
0
0
0
2.580246e-01
3.389823e-01
0
0
0
2.533136e-01
5.869817e-02
1.172144e-02
0
4.751326e-02
0
0
0
0
0
0
1.889330e-01
0
0
0
7.826671e-02
0
0
0
0
0
0
3.254643e-02
1.401696e-01
3.551776e-01
1.415799e-01
9.522163e-02
4.864444e-02
0
0
0
0
0
2.206128e-01
0
1.184503e-02
0
4.148019e-01
2.560082e-01
0
0
4.333389e-01
2.748527e-01
3.932837e-01
1.239057e-01
5.814123e-01
2.571664e-01
0
0
0
5.383149e-02
0
0
0
3.194008e-01
0
7.862190e-02
0
7.843747e-02
0
0
1.235553e-01
6.383892e-02
5.829612e-02
0
0
0
0
0
1.289114e-02
0
3.096115e-01
2.374495e-01
5.402642e-01
4.756486e-01
1.109928e-01
7.299839e-02
8.743541e-01
7.152472e-01
1.000000e+00
6.229795e-01
3.140972e-01
2.670574e-01
8.076378e-02
0
0
0
0
0
7.289161e-03
0
1.129569e-01
0
0
0
3.897442e-01
2.841344e-01
0
0
2.210371e-01
0
1.485630e-01
0
2.598280e-01
2.374433e-01
0
4.866926e-02
1.710953e-01
1.861164e-01
2.743432e-02
0
1.444758e-01
1.035252e-01
0
0
0
2.145023e-01
0
1.765134e-01
0
0
1.271855e-01
6.638853e-02
0
0
0
0
2.576123e-02
0
0
0
1.721204e-01
0
0
1.096777e-01
0
1.335539e-02
0
0
2.193945e-01
4.089904e-01
0
0
9.923774e-02
1.876916e-01
0
0
0
0
2.403814e-02
0
0
0
1.833059e-01
1.804278e-01
0
0
2.766255e-01
1.919972e-01
0
2.328540e-01
3.339947e-01
2.062763e-01
0
0
0
2.858046e-02
0
0
0
8.038398e-02
2.882699e-03
1.865137e-01
4.986248e-02
5.635865e-02
0
0
9.506276e-02
0
1.531717e-01
6.262991e-02
0
0
4.196488e-02
7.418311e-03
4.251443e-02
0
3.113633e-01
3.661764e-01
4.630639e-01
4.574458e-01
0
1.066981e-01
6.523362e-01
7.368780e-01
6.229795e-01
1
3.307229e-01
1.585262e-01
0
0
0
0
0
0
0
3.779725e-02
9.511293e-02
0
3.079145e-02
0
2.888458e-01
0
5.778078e-02
0
3.938133e-01
0
0
9.704136e-02
1.286576e-01
0
1.141930e-01
0
3.474904e-01
0
1.244411e-01
0
3.049940e-01
1.087539e-01
6.106584e-02
0
0
0
1.680890e-01
2.126058e-01
6.007278e-02
3.111927e-02
3.163170e-01
0
0
0
0
0
6.177628e-02
0
0
0
1.108061e-01
0
2.180591e-01
9.387152e-02
0
1.314264e-01
0
0
0
3.302448e-01
0
0
0
1.886589e-02
0
0
0
0
1.130269e-01
0
0
3.055918e-01
1.417622e-01
0
0
0
1.797418e-01
1.460438e-01
3.908651e-01
7.383953e-02
2.083663e-01
0
7.332469e-02
2.047017e-01
2.935083e-01
2.568070e-01
0
0
0
7.010065e-02
0
0
0
0
1.349076e-01
0
0
0
0
0
1.426150e-01
0
1.708488e-01
2.609056e-01
0
0
3.634768e-01
2.439018e-01
3.478178e-01
8.350587e-03
6.312594e-02
2.231915e-01
2.402207e-01
2.418209e-01
3.140972e-01
3.307229e-01
1
4.884671e-01
0
0
0
0
4.011460e-01
4.345468e-01
0
0
3.583556e-01
3.875857e-01
0
0
1.966175e-01
1.116798e-01
0
0
0
0
3.119937e-01
0
3.325828e-01
8.544657e-02
0
0
2.226103e-01
3.604313e-01
0
6.905497e-02
6.688729e-02
0
0
1.315189e-01
0
1.355839e-01
0
0
0
0
4.991580e-01
2.496651e-01
0
0
0
0
0
1.361054e-01
0
0
0
1.155685e-01
0
0
0
0
1.262889e-01
8.203239e-02
1.556004e-01
3.520941e-01
0
0
0
0
0
0
0
0
4.093212e-01
3.491876e-01
0
1.352317e-01
4.503810e-01
3.761022e-01
0
0
0
1.554683e-01
1.633128e-01
0
0
0
3.452362e-01
3.874780e-01
3.460899e-01
4.559387e-01
2.830508e-01
2.135375e-01
3.143054e-01
2.883716e-01
0
0
0
0
0
0
2.240390e-01
4.392629e-01
3.469022e-01
3.319667e-01
5.056980e-01
0
5.944558e-01
6.535059e-01
0
0
2.518323e-01
3.706990e-01
4.821521e-01
7.249581e-02
0
9.491641e-02
1.820059e-01
2.632051e-01
2.670574e-01
1.585262e-01
4.884671e-01
1
5.050308e-02
0
2.261965e-01
0
3.936326e-01
2.624016e-01
0
0
1.273878e-01
6.001843e-02
0
0
4.278093e-02
0
0
0
0
0
6.115135e-02
0
5.930367e-01
4.280224e-01
2.398846e-01
0
4.156436e-01
3.038754e-01
7.080285e-02
2.066725e-01
1.021509e-02
9.055055e-02
0
1.972680e-02
0
3.308907e-01
0
0
2.916982e-05
3.649952e-01
1.955786e-01
3.175889e-01
1.004191e-01
0
0
2.766508e-01
0
0
0
2.479297e-01
0
3.211004e-02
5.665793e-02
0
1.330716e-01
0
6.905052e-01
7.684494e-01
5.070753e-01
4.595746e-01
1.111419e-01
2.799327e-01
0
0
1.051594e-01
0
1.867229e-01
2.631854e-01
4.649058e-01
3.651121e-01
1.073256e-01
0
6.932935e-02
0
0
0
7.757223e-02
0
0
0
3.621597e-02
2.336209e-01
0
0
0
0
0
0
0
0
0
0
0
0
0
0
5.834112e-01
3.547309e-01
0
0
0
0
0
0
0
0
0
0
3.633662e-01
4.141354e-01
3.048600e-01
3.678442e-01
9.106300e-02
9.667763e-02
8.076378e-02
0
0
5.050308e-02
1
7.887242e-01
5.946745e-01
2.224870e-01
1.710016e-01
1.879948e-02
0
0
0
0
0
0
2.849899e-01
1.304851e-01
4.778356e-02
3.313500e-02
2.723977e-02
0
0
1.804042e-01
6.352989e-02
4.116008e-01
4.985362e-01
9.344277e-02
2.483174e-01
6.418848e-02
1.611835e-01
0
2.052630e-01
1.736870e-01
0
0
2.907938e-01
4.863765e-01
8.791948e-02
4.480412e-01
4.764336e-01
0
3.268075e-02
3.221403e-01
4.653021e-01
0
3.249185e-01
4.705889e-01
2.246664e-01
0
3.204805e-01
4.896164e-01
2.862153e-01
0
2.690525e-01
0
4.391086e-01
8.637971e-02
4.984803e-01
6.107312e-01
4.846740e-01
2.921699e-01
1.850011e-02
2.193015e-01
2.998005e-01
1.803968e-01
4.579374e-01
4.891814e-02
3.779108e-01
3.280773e-01
2.086236e-01
1.136015e-01
3.736374e-01
0
0
0
9.142838e-02
0
9.234398e-02
0
0
0
1.135845e-01
2.593109e-01
0
0
0
0
0
0
0
0
0
1.971928e-02
1.110720e-01
1.425471e-01
0
0
3.883330e-01
1.177389e-01
0
0
0
0
0
0
1.592398e-01
3.296549e-01
0
0
3.856023e-02
3.140982e-01
3.642136e-01
2.115000e-01
4.420065e-02
0
0
0
0
0
7.887242e-01
1
3.485515e-01
4.460429e-01
4.059192e-04
0
2.208403e-01
8.014836e-02
0
0
1.157821e-01
3.697109e-01
1.466227e-01
2.783554e-01
1.640312e-01
3.687293e-01
5.808502e-02
0
0
5.918524e-02
0
2.376215e-01
3.813930e-01
2.963561e-01
9.643927e-02
0
4.573338e-02
0
3.277805e-03
0
9.687205e-02
0
2.522577e-01
1.526015e-01
1.983560e-01
3.545015e-01
3.205252e-01
0
4.482754e-01
3.521305e-01
0
0
0
0
0
5.203948e-02
0
3.614810e-02
0
3.265700e-01
0
0
0
0
8.259051e-01
6.525248e-01
2.276592e-01
1.302469e-01
0
3.499460e-02
0
0
0
0
0
2.775107e-02
7.425860e-01
7.353743e-01
0
0
3.148451e-01
1.145047e-01
0
0
2.149427e-02
0
7.572062e-02
0
0
0
3.143780e-01
2.201490e-01
0
0
4.226222e-01
1.988651e-01
2.212430e-01
0
0
0
1.566385e-01
8.835239e-03
1.692826e-01
9.916526e-02
6.718319e-01
7.170840e-01
4.037176e-01
2.609015e-01
5.126827e-01
0
5.055818e-01
2.750882e-01
0
0
0
0
4.736183e-01
0
0
0
0
0
0
0
0
2.261965e-01
5.946745e-01
3.485515e-01
1
0
4.469415e-01
3.094631e-01
0
0
2.445209e-01
0
0
0
0
0
0
0
5.190084e-02
2.886963e-01
1.156828e-01
6.817624e-02
5.199538e-01
5.894983e-01
1.691513e-01
0
1.079050e-01
0
7.785945e-02
9.202416e-02
2.999419e-01
1.075144e-01
1.050142e-03
7.240113e-02
4.279400e-01
7.771501e-01
1.410258e-01
8.483192e-02
2.198688e-01
1.637433e-01
0
1.345280e-01
1.955370e-01
8.354667e-02
7.034948e-02
3.688616e-01
2.022324e-01
6.747413e-02
2.381837e-01
3.799425e-01
3.266733e-01
5.598845e-02
3.384982e-01
2.753593e-01
2.889305e-01
4.238494e-01
0
1.298121e-01
9.327181e-02
0
0
1.728294e-01
1.278855e-01
1.625952e-01
2.018639e-01
0
0
0
0
0
0
0
0
0
3.718347e-01
2.786987e-01
0
0
0
1.453417e-01
1.058469e-01
4.162550e-01
0
0
0
0
0
0
0
0
1.232686e-02
2.791770e-01
6.648275e-02
7.452411e-02
0
0
0
0
0
0
0
1.734127e-01
0
0
2.526980e-01
5.735273e-01
4.336079e-03
3.303122e-03
0
2.846549e-01
1.693360e-01
3.056989e-01
3.930948e-03
7.714606e-02
0
0
0
0
2.224870e-01
4.460429e-01
0
1.000000e+00
0
6.029181e-02
3.222471e-01
6.365516e-01
0
1.978663e-02
3.231793e-01
1.310262e-01
2.085489e-01
2.058402e-01
3.536497e-01
3.440023e-01
0
0
0
3.374980e-01
0
7.684508e-03
0
2.083012e-01
0
0
0
0
0
4.228437e-01
8.590954e-02
3.145978e-02
1.935055e-01
0
1.612044e-01
2.057355e-01
0
0
4.180710e-01
2.052656e-01
0
0
0
0
0
0
0
0
0
0
5.546122e-02
0
2.208300e-01
0
2.395525e-01
1.143231e-01
0
2.315435e-01
0
0
0
0
0
0
0
0
5.795052e-01
5.924632e-01
2.800758e-01
3.413050e-01
2.451710e-01
1.055755e-02
0
0
2.392625e-01
2.940628e-01
6.380208e-01
2.708397e-01
2.770238e-01
5.501374e-02
1.282590e-01
2.185603e-01
1.886140e-01
1.142441e-01
4.369903e-03
1.161984e-02
0
0
0
0
0
0
1.188171e-01
0
6.088270e-02
3.260463e-01
4.808109e-02
0
2.523224e-01
0
4.623718e-01
4.763870e-01
0
0
0
0
2.768249e-01
0
0
0
0
8.755968e-03
0
0
4.011460e-01
3.936326e-01
1.710016e-01
4.059192e-04
4.469415e-01
0
1
5.729998e-01
0
0
5.029070e-01
3.179632e-01
8.643277e-02
0
0
0
0
0
1.412941e-01
1.522237e-01
5.180823e-01
0
1.898833e-01
1.982773e-01
0
0
0
3.458971e-01
0
4.272988e-01
0
0
0
4.039299e-01
2.496299e-01
3.125719e-01
0
0
7.925978e-02
2.823121e-01
2.823194e-01
1.363559e-01
0
0
0
0
0
2.734545e-01
0
0
0
2.129004e-01
2.184138e-01
1.897581e-01
7.983841e-02
4.390903e-02
1.489321e-01
7.049909e-02
0
0
0
0
0
0
0
0
0
0
4.715520e-01
5.187159e-01
0
0
8.395456e-02
4.650790e-02
0
0
0
6.754378e-02
3.320929e-01
2.022999e-01
0
1.074746e-01
1.545412e-01
2.354356e-01
2.061377e-01
1.978907e-01
0
2.717693e-02
9.990477e-03
0
0
0
0
0
3.245335e-01
1.143821e-01
0
1.312192e-01
0
0
3.107659e-01
1.404184e-01
3.251385e-01
4.732706e-01
0
0
0
1.019881e-02
1.408579e-01
0
0
7.272073e-02
0
0
0
0
4.345468e-01
2.624016e-01
1.879948e-02
0
3.094631e-01
6.029181e-02
5.729998e-01
1.000000e+00
0
0
2.862287e-01
7.184420e-01
1.200592e-01
0
0
0
0
0
0
2.093894e-01
3.829905e-01
1.209397e-01
1.794233e-01
1.340724e-01
0
0
0
9.096901e-02
0
2.077848e-01
1.462754e-02
3.091343e-01
0
6.228845e-01
4.333091e-01
2.952811e-01
0
0
0
5.281598e-02
0
0
8.095748e-01
4.490424e-02
5.095516e-01
3.105493e-01
6.699621e-01
0
4.657460e-01
2.051498e-01
5.736388e-01
0
4.006831e-01
0
5.563021e-01
3.360515e-01
0
0
3.852662e-02
0
0
8.524768e-02
8.313485e-01
6.833725e-01
6.251981e-01
3.625067e-01
2.763718e-01
0
0
0
5.579485e-01
2.091904e-01
0
0
6.729992e-01
5.059878e-01
8.988173e-02
2.814148e-02
2.755301e-01
2.222424e-01
3.113334e-01
7.972985e-02
0
0
0
0
0
0
0
0
0
3.406323e-01
8.423365e-02
3.137719e-01
0
0
0
0
0
0
0
1.647866e-01
0
0
8.812670e-01
7.125789e-01
2.014090e-01
0
0
1.203782e-01
3.588240e-01
1.296811e-01
3.099002e-01
2.324134e-03
7.289161e-03
0
0
0
0
2.208403e-01
0
3.222471e-01
0
0
1
7.129339e-01
0
2.447434e-02
4.365119e-01
4.644329e-01
1.694175e-01
4.318748e-01
4.905083e-01
5.823408e-01
0
0
0
0
0
0
0
5.790078e-01
0
0
0
1.470624e-01
0
0
0
0
0
0
0
0
0
0
0
0
4.695339e-01
3.391194e-01
3.282659e-01
4.968522e-01
4.523843e-01
0
3.405187e-01
3.918547e-01
3.766336e-01
0
2.624693e-01
3.191331e-01
2.794993e-01
4.927973e-01
0
0
0
0
3.570331e-02
7.856959e-02
4.992784e-01
5.567780e-01
4.352353e-01
2.502839e-01
2.029121e-01
0
0
0
1.411197e-01
4.737938e-02
0
0
5.293210e-01
5.157567e-01
0
0
0
7.181748e-02
0
0
0
0
0
0
0
0
0
0
2.310023e-01
5.805555e-01
2.589258e-01
2.422294e-01
0
0
0
0
0
0
0
4.398604e-01
0
0
6.521514e-01
8.216502e-01
1.496624e-01
1.127368e-01
0
2.413479e-02
2.116755e-01
1.227046e-01
6.063589e-02
0
0
3.779725e-02
0
0
0
8.014836e-02
0
6.365516e-01
0
0
7.129339e-01
1
0
5.064400e-02
4.575609e-01
5.349274e-01
1.724574e-01
1.223487e-01
5.008158e-01
2.640969e-01
0
0
0
2.224293e-01
0
0
0
2.445133e-01
0
0
0
0
0
0
1.001154e-02
5.176556e-03
0
0
0
1.839112e-01
0
0
1.785760e-01
0
0
0
0
0
0
2.799975e-02
7.729897e-02
0
0
9.041245e-02
0
0
0
0
0
0
0
2.558509e-02
0
0
0
0
0
3.810822e-02
0
0
2.090341e-01
2.408052e-01
0
0
1.469327e-02
0
0
0
1.624116e-01
1.320807e-01
2.846835e-01
1.378564e-01
0
0
2.745648e-01
3.947099e-01
3.817950e-01
3.536775e-01
2.636884e-01
1.628526e-01
2.200818e-01
2.786330e-01
0
0
0
0
3.975785e-01
3.849638e-01
9.332200e-02
2.614975e-01
2.509282e-01
1.228600e-01
4.003979e-01
0
4.652137e-01
4.164657e-01
0
0
0
0
2.232557e-01
0
0
0
0
1.985033e-02
1.129569e-01
9.511293e-02
3.583556e-01
1.273878e-01
0
0
2.445209e-01
0
5.029070e-01
2.862287e-01
0
0
1
4.342433e-01
1.953280e-01
2.912922e-02
0
0
0
0
2.405301e-01
5.012105e-01
3.078872e-01
0
1.571711e-01
1.179578e-01
0
0
0
1.266450e-01
0
1.800050e-01
4.591976e-01
0
2.866747e-01
4.428310e-01
7.800556e-02
2.095094e-02
0
0
2.242576e-01
2.993301e-01
0
0
0
0
0
0
0
1.441831e-01
1.648556e-01
0
0
1.060338e-01
1.620035e-01
3.334923e-01
7.843588e-02
9.212143e-02
0
0
0
0
0
0
0
0
0
0
0
0
1.017834e-01
1.064601e-01
0
0
0
0
5.696908e-02
2.452297e-01
3.827502e-03
1.117202e-01
3.103457e-01
3.728710e-01
9.040054e-02
1.199894e-01
8.102769e-02
2.509199e-01
3.973168e-01
3.755899e-01
0
2.081897e-02
0
0
0
0
0
0
1.980032e-01
1.537174e-01
0
0
0
0
2.193632e-01
7.227536e-03
2.199730e-01
3.214129e-01
0
0
2.247286e-01
3.294368e-01
1.455221e-02
0
0
6.412702e-02
0
0
0
0
3.875857e-01
6.001843e-02
0
0
0
1.978663e-02
3.179632e-01
7.184420e-01
2.447434e-02
5.064400e-02
4.342433e-01
1
1.796737e-01
0
0
0
0
0
0
3.510727e-01
1.949578e-01
1.463288e-01
0
0
0
5.303073e-03
0
9.155179e-02
0
2.520835e-01
1.788967e-01
3.614296e-01
6.951717e-02
4.768719e-01
1.297035e-01
0
0
0
7.197703e-02
2.423337e-01
1.701096e-02
1.323788e-02
1.143981e-01
4.218382e-02
0
0
0
0
2.147583e-01
7.770754e-02
2.751552e-01
1.729858e-02
1.883354e-01
1.215984e-01
2.189351e-01
0
0
0
0
0
0
0
5.746945e-02
0
1.024148e-02
0
0
0
0
0
1.339462e-01
0
0
0
1.892766e-01
1.006563e-01
1.383348e-01
1.057047e-01
2.896873e-01
5.168335e-01
8.650204e-02
4.667504e-02
0
0
0
0
0
0
0
0
3.605036e-01
5.923228e-01
4.954486e-01
4.613016e-01
3.022849e-01
3.781102e-01
0
0
1.856993e-01
1.326188e-01
3.496621e-02
4.135210e-01
0
6.331269e-02
2.059502e-01
2.898782e-01
0
0
0
0
0
0
0
3.426225e-02
0
3.079145e-02
0
0
0
1.157821e-01
0
3.231793e-01
8.643277e-02
1.200592e-01
4.365119e-01
4.575609e-01
1.953280e-01
1.796737e-01
1
5.736218e-01
0
0
0
1.075483e-01
0
2.449855e-01
9.173480e-02
1.845641e-01
0
0
0
1.703727e-02
0
0
0
0
5.791999e-02
0
3.025714e-01
4.939587e-01
3.379831e-01
0
0
0
0
2.888679e-02
0
1.638490e-01
4.661302e-01
8.622014e-02
3.214830e-01
4.703050e-01
1.566949e-01
0
2.744795e-01
4.250553e-01
3.386338e-01
1.180796e-01
9.396499e-02
0
2.553964e-01
0
0
1.683840e-02
1.531512e-01
0
0
0
4.126168e-01
2.843798e-01
4.514992e-01
2.656048e-01
3.052748e-01
3.130794e-01
0
0
2.342900e-01
0
0
0
1.971471e-01
0
0
0
0
0
0
0
0
0
0
0
0
0
0
0
4.797354e-01
6.883478e-01
7.266383e-01
6.571531e-01
7.945729e-02
1.877087e-01
4.756495e-02
5.378990e-02
3.415414e-02
1.411042e-02
0
3.782262e-01
0
0
3.767547e-01
4.781832e-01
0
0
0
0
1.011499e-02
0
0
0
0
0
0
0
0
3.697109e-01
0
1.310262e-01
0
0
4.644329e-01
5.349274e-01
2.912922e-02
0
5.736218e-01
1
0
0
3.028856e-03
7.375690e-02
0
1.072051e-01
0
2.077163e-01
0
0
0
4.122859e-03
0
0
1.207561e-01
0
0
0
1.730689e-01
2.709630e-02
8.008358e-02
0
6.198099e-02
2.638052e-01
6.356008e-02
0
0
2.696685e-02
1.788001e-01
0
1.547925e-01
3.586895e-01
3.480154e-01
2.968137e-02
3.289596e-02
2.667886e-01
3.185644e-01
0
2.249987e-01
1.771705e-01
6.407071e-02
4.475658e-01
7.367524e-02
1.544611e-01
3.861238e-01
4.601382e-01
4.321291e-01
4.892176e-01
4.599251e-01
5.364553e-01
4.320870e-01
0
3.573752e-01
1.440138e-01
0
0
4.948559e-02
0
0
0
2.447705e-01
1.363800e-01
6.128243e-03
0
0
0
1.852649e-01
5.330766e-02
0
0
0
0
0
0
0
0
0
0
0
0
0
0
1.764462e-01
0
0
0
0
0
0
0
3.548342e-01
3.706829e-01
2.309809e-01
0
2.597285e-01
5.535976e-01
6.353562e-01
6.913846e-01
4.461211e-01
2.986272e-01
3.897442e-01
2.888458e-01
1.966175e-01
4.278093e-02
2.849899e-01
1.466227e-01
0
2.085489e-01
0
0
1.694175e-01
1.724574e-01
0
0
0
0
1
5.103090e-01
6.204664e-01
3.104274e-01
0
0
0
6.340812e-02
4.995753e-03
0
5.461306e-01
3.291468e-01
4.444433e-01
1.237840e-01
0
0
0
1.551924e-01
0
0
0
1.576136e-01
3.416339e-01
2.796727e-01
0
0
0
0
4.325624e-01
0
5.478309e-01
2.651443e-01
6.980584e-01
0
5.260661e-01
3.602743e-01
4.214611e-01
0
5.049580e-01
0
3.685607e-01
1.918056e-01
4.957538e-02
1.532072e-01
2.851512e-02
1.259623e-01
1.460111e-01
3.847605e-01
5.146961e-01
3.724250e-01
6.499048e-01
2.286386e-01
4.948463e-01
9.795463e-02
0
0
2.738558e-01
0
6.036367e-02
0
4.754400e-01
3.512072e-01
3.777730e-01
3.104999e-01
4.597780e-01
9.555159e-02
6.126076e-01
3.183536e-01
0
0
0
0
0
0
0
0
0
0
0
8.658106e-02
0
0
0
0
0
0
0
0
0
0
5.256459e-01
4.072021e-01
1.451688e-01
0
4.354064e-02
3.401415e-01
5.337917e-01
3.942770e-01
3.079580e-01
1.242119e-01
2.841344e-01
0
1.116798e-01
0
1.304851e-01
2.783554e-01
0
2.058402e-01
0
0
4.318748e-01
1.223487e-01
0
0
0
0
5.103090e-01
1
4.774563e-01
7.675698e-01
2.165513e-02
0
1.316831e-01
0
0
3.886196e-02
0
7.158540e-01
0
2.334602e-01
0
0
0
0
0
0
0
4.769848e-02
1.144882e-01
0
0
0
0
0
4.373152e-01
2.275889e-01
5.297130e-01
5.286384e-01
5.552834e-01
5.832730e-02
5.011592e-01
3.416429e-01
9.750141e-02
0
2.377333e-01
3.811873e-01
4.163518e-01
6.900715e-01
0
0
2.990388e-02
1.286766e-01
2.843637e-01
3.406363e-01
6.222768e-01
7.766214e-01
5.445250e-01
4.925406e-01
5.343044e-01
3.176125e-01
0
0
1.808077e-01
1.581696e-01
0
0
4.990928e-01
4.498965e-01
0
1.351348e-01
0
0
8.998676e-02
1.570684e-02
0
0
0
0
0
0
0
0
0
0
0
0
0
0
0
0
0
0
0
8.537591e-02
0
0
6.280694e-01
6.472604e-01
3.988511e-01
1.062432e-01
0
3.415762e-01
4.948878e-01
6.054001e-01
3.602502e-02
0
0
5.778078e-02
0
0
4.778356e-02
1.640312e-01
0
3.536497e-01
0
0
4.905083e-01
5.008158e-01
0
0
0
3.028856e-03
6.204664e-01
4.774563e-01
1
5.861667e-01
9.052925e-02
0
0
5.314388e-03
0
0
2.984142e-01
6.791756e-01
0
2.399529e-01
0
0
0
4.714428e-02
0
0
0
0
3.882785e-02
1.992513e-01
1.134039e-01
0
0
0
5.558004e-01
0
6.290074e-01
3.756859e-01
6.008953e-01
0
6.171762e-01
3.920403e-01
4.916373e-01
0
5.232683e-01
3.137403e-02
6.095125e-01
3.452325e-01
0
0
0
1.585324e-04
0
1.603971e-01
6.394165e-01
4.935089e-01
6.722930e-01
2.856284e-01
4.464764e-01
1.128851e-01
0
0
2.758141e-01
0
0
0
6.638460e-01
5.209656e-01
2.720942e-01
2.830622e-01
1.887169e-01
1.672388e-01
4.311118e-01
3.520628e-01
0
0
0
0
0
0
0
0
0
0
0
2.220313e-01
0
0
0
0
0
0
0
2.426928e-02
0
0
6.924432e-01
5.837287e-01
1.192218e-01
0
0
3.297540e-01
4.350991e-01
3.031639e-01
8.365460e-02
0
0
0
0
0
3.313500e-02
3.687293e-01
0
3.440023e-01
0
0
5.823408e-01
2.640969e-01
0
0
1.075483e-01
7.375690e-02
3.104274e-01
7.675698e-01
5.861667e-01
1
1.272111e-01
0
0
0
0
0
5.287976e-02
8.450716e-01
0
5.927976e-02
0
0
0
7.084152e-02
0
0
7.923997e-04
0
2.943322e-01
0
0
0
0
0
0
0
0
0
0
0
1.586711e-01
0
0
0
0
0
0
0
4.577271e-02
0
0
2.743504e-01
0
0
1.086887e-01
1.074923e-01
0
7.249759e-02
5.906647e-02
5.442569e-02
7.932012e-02
7.322139e-03
2.198237e-01
0
5.592394e-02
6.739505e-02
1.026524e-01
5.554177e-02
6.412006e-01
4.776376e-01
1.484670e-01
4.542375e-01
4.766996e-01
2.225183e-01
5.936536e-02
6.818913e-02
5.892110e-02
1.584426e-01
1.107554e-01
9.281359e-02
0
0
0
0
0
1.134557e-01
0
0
1.263278e-01
0
5.059451e-02
0
0
0
7.125782e-02
0
0
0
1.141240e-01
1.173000e-01
3.566432e-01
3.214588e-01
0
0
1.943440e-01
2.855614e-01
2.210371e-01
3.938133e-01
0
0
2.723977e-02
5.808502e-02
5.190084e-02
0
1.412941e-01
0
0
0
2.405301e-01
0
0
0
0
2.165513e-02
9.052925e-02
1.272111e-01
1
5.219819e-01
3.935296e-01
0
0
0
0
1.025051e-01
1.854587e-02
1.358465e-01
2.997474e-01
2.356231e-01
4.963420e-01
1.843403e-01
9.313007e-02
0
4.119389e-02
7.892592e-02
3.251593e-02
0
3.914534e-01
1.327113e-01
0
0
0
0
0
0
0
1.559917e-01
0
0
0
2.468413e-01
0
1.349336e-01
0
0
1.448336e-01
0
0
0
0
0
0
0
0
0
0
0
2.516697e-01
3.324684e-01
0
0
0
2.522189e-01
0
0
3.294691e-01
2.408914e-01
0
4.278442e-01
4.665226e-02
2.306965e-01
1.173493e-01
1.141801e-01
3.180394e-02
1.517255e-01
1.221503e-01
3.481428e-02
0
0
0
0
7.436424e-02
2.041554e-01
1.046498e-01
2.541052e-01
2.173377e-01
2.517111e-01
2.637338e-01
2.887107e-01
2.338517e-01
4.863779e-02
3.465687e-01
1.997990e-01
0
0
0
0
2.510803e-01
5.887600e-02
0
0
0
1.162826e-01
0
0
0
0
0
0
2.886963e-01
0
1.522237e-01
2.093894e-01
0
0
5.012105e-01
3.510727e-01
2.449855e-01
1.072051e-01
0
0
0
0
5.219819e-01
1
1.704800e-01
4.403578e-01
0
0
0
0
0
0
3.317346e-01
3.298606e-01
7.058397e-01
3.200997e-01
2.584350e-01
3.633729e-01
5.336799e-01
8.326858e-02
0
0
5.112715e-01
4.729314e-01
0
0
0
0
0
0
0
0
1.733154e-02
0
0
0
0
0
0
0
1.416080e-01
0
0
0
0
0
0
0
0
0
0
0
3.838076e-01
3.586931e-01
1.401086e-01
1.629056e-01
4.210555e-01
2.057919e-01
8.570891e-03
1.213348e-01
5.471909e-01
5.797598e-01
5.839594e-01
4.765474e-01
4.736635e-01
2.639408e-01
3.180141e-01
3.913722e-01
3.761652e-01
3.281906e-01
2.672671e-01
3.006698e-01
2.362526e-01
1.484622e-01
0
0
0
2.086170e-02
3.808458e-01
2.338002e-01
0
6.405609e-03
2.752695e-02
0
0
0
1.341927e-01
3.367131e-01
0
0
1.744985e-01
1.730751e-01
1.458514e-01
0
0
0
0
1.609600e-01
1.485630e-01
0
3.119937e-01
6.115135e-02
0
0
1.156828e-01
0
5.180823e-01
3.829905e-01
0
0
3.078872e-01
1.949578e-01
9.173480e-02
0
0
1.316831e-01
0
0
3.935296e-01
1.704800e-01
1.000000e+00
0
2.857123e-01
1.603738e-01
0
0
0
3.615161e-01
0
1.407700e-01
0
8.874938e-02
0
3.274663e-01
9.730275e-02
2.744646e-01
0
0
0
0
3.391593e-02
2.014503e-01
0
3.996848e-02
0
2.418623e-01
0
2.958658e-01
0
1.801114e-01
0
3.801508e-01
8.359314e-02
2.714025e-01
0
0
4.107577e-02
1.619024e-01
7.739939e-02
0
0
0
0
0
0
0
0
0
1.117205e-01
4.836368e-02
0
0
0
1.898011e-01
0
4.491182e-02
0
0
0
0
0
2.898311e-01
0
0
0
0
0
0
0
0
1.538585e-01
3.468016e-01
2.707527e-01
3.181205e-01
0
3.810143e-02
3.678940e-01
1.858879e-01
1.423370e-01
2.036438e-01
1.757328e-01
2.998124e-01
0
0
0
2.384860e-01
0
0
1.459100e-01
3.129078e-01
0
6.188031e-02
0
3.274864e-01
0
9.704136e-02
0
0
1.804042e-01
5.918524e-02
6.817624e-02
3.374980e-01
0
1.209397e-01
0
2.224293e-01
0
1.463288e-01
1.845641e-01
2.077163e-01
6.340812e-02
0
5.314388e-03
0
0
4.403578e-01
0
1.000000e+00
0
2.308815e-02
0
0
0
0
3.237988e-01
0
3.598720e-01
4.490387e-01
2.748733e-02
2.599793e-01
4.041677e-01
1.543152e-01
1.584045e-01
3.733358e-01
3.318713e-01
1.182601e-01
4.710253e-01
2.853426e-01
0
0
0
0
0
8.265246e-02
0
0
0
1.814477e-01
0
0
0
0
4.506883e-01
3.115647e-01
7.472057e-02
8.792515e-02
1.839611e-01
5.088596e-02
0
0
0
0
0
0
5.516433e-01
4.984961e-01
0
0
6.381284e-01
4.099539e-01
0
0
0
0
0
0
0
0
6.257523e-01
5.456769e-01
3.423461e-01
4.292778e-01
7.143724e-01
5.327211e-01
6.460085e-01
4.826239e-01
1.881771e-01
0
5.524828e-02
0
3.375294e-01
1.027841e-01
3.941880e-01
6.156540e-01
5.737706e-01
5.292685e-01
5.948845e-01
0
5.432151e-01
5.058853e-01
0
0
0
7.735057e-02
4.068267e-01
0
0
0
3.877258e-02
1.709659e-01
2.598280e-01
1.286576e-01
3.325828e-01
5.930367e-01
6.352989e-02
0
5.199538e-01
0
1.898833e-01
1.794233e-01
0
0
1.571711e-01
0
0
0
4.995753e-03
0
0
0
0
0
2.857123e-01
0
1.000000e+00
5.874470e-01
1.204716e-01
0
4.998242e-01
9.285457e-02
8.885940e-02
0
1.192797e-01
8.714583e-02
0
0
0
7.362351e-01
2.806821e-01
0
0
8.131599e-02
4.668664e-01
4.408113e-01
0
0
0
0
0
6.012594e-02
0
1.353375e-03
1.414020e-02
2.143674e-01
1.485933e-01
0
0
0
5.488541e-01
5.304093e-01
1.610179e-01
8.125284e-02
0
0
0
0
0
0
0
0
6.197470e-01
3.942505e-01
0
0
6.503866e-01
3.275212e-01
0
0
4.535827e-02
0
1.790914e-01
0
3.060195e-02
1.487831e-01
2.078066e-01
1.424018e-01
0
1.296405e-03
3.459520e-01
1.435729e-01
4.170679e-01
3.322871e-01
1.699305e-01
0
4.743077e-02
0
1.985521e-01
1.158411e-01
5.647482e-01
5.522863e-01
3.209585e-01
3.231604e-01
4.853792e-01
0
1.900280e-01
3.395828e-01
0
0
0
0
4.279319e-01
1.274600e-01
0
0
1.495212e-01
1.753062e-01
2.374433e-01
0
8.544657e-02
4.280224e-01
4.116008e-01
2.376215e-01
5.894983e-01
7.684508e-03
1.982773e-01
1.340724e-01
0
0
1.179578e-01
0
0
0
0
3.886196e-02
0
0
0
0
1.603738e-01
2.308815e-02
5.874470e-01
1.000000e+00
9.244186e-02
0
3.460509e-01
1.621695e-01
0
0
0
0
8.894328e-02
0
2.503934e-02
6.615384e-01
3.209849e-01
1.054631e-01
0
0
3.577747e-01
2.316019e-01
2.751643e-01
1.510786e-01
1.479560e-01
2.058913e-01
4.934816e-02
6.513774e-02
0
1.083008e-01
1.089666e-01
7.344214e-03
0
7.045146e-03
1.549355e-01
2.807383e-01
2.615513e-01
2.756418e-01
5.939820e-01
5.423872e-01
2.655825e-01
2.648152e-01
3.323035e-01
4.101039e-01
2.919120e-01
4.984464e-02
2.656641e-01
3.734752e-01
0
0
3.049037e-01
2.460239e-01
0
0
0
0
0
0
0
0
0
0
0
0
0
0
0
0
0
0
0
0
5.606392e-03
0
0
0
4.199112e-01
1.224304e-01
0
0
0
0
9.869535e-03
0
1.035103e-01
8.714074e-02
0
0
1.251070e-01
2.280670e-01
4.617362e-01
4.189130e-01
1.456186e-01
0
0
1.141930e-01
0
2.398846e-01
4.985362e-01
3.813930e-01
1.691513e-01
0
0
0
0
0
0
0
0
0
5.461306e-01
0
2.984142e-01
5.287976e-02
0
0
0
0
1.204716e-01
9.244186e-02
1
1.214595e-01
7.558424e-01
1.669010e-01
2.423202e-01
6.669403e-02
0
0
0
0
0
1.830508e-01
3.511695e-01
4.242841e-01
3.445804e-01
0
0
0
6.027883e-01
0
6.671967e-01
2.178249e-01
7.220882e-01
0
6.353172e-01
2.178551e-01
2.754231e-01
0
5.070540e-01
0
6.493324e-01
2.911527e-01
0
0
1.239917e-03
9.718982e-02
0
1.571314e-01
6.074716e-01
5.170309e-01
5.598802e-01
3.498929e-01
4.631677e-01
1.390337e-01
0
0
2.693926e-01
0
0
0
5.782258e-01
4.178042e-01
1.949674e-01
3.646024e-01
2.427254e-01
7.043800e-02
4.369317e-01
3.828869e-01
0
0
0
0
0
0
0
0
0
0
0
4.179334e-02
0
0
0
0
0
0
0
0
0
0
7.208137e-01
5.532817e-01
3.021394e-01
0
0
3.402076e-01
4.457395e-01
4.308206e-01
2.375764e-01
1.017650e-01
4.866926e-02
0
0
0
9.344277e-02
2.963561e-01
0
2.083012e-01
0
0
5.790078e-01
2.445133e-01
0
5.303073e-03
1.703727e-02
4.122859e-03
3.291468e-01
7.158540e-01
6.791756e-01
8.450716e-01
1.025051e-01
0
0
0
0
0
1.214595e-01
1.000000e+00
0
3.013111e-01
0
0
0
0
0
0
0
0
8.691365e-02
3.972793e-02
0
0
4.079342e-01
2.636652e-01
6.728856e-03
4.325960e-02
0
0
0
9.887747e-02
0
0
1.648269e-01
0
0
0
0
1.219279e-01
1.942800e-01
1.783475e-01
4.833849e-01
5.612538e-01
2.856818e-01
9.883462e-02
4.450722e-02
1.349471e-01
7.589551e-03
0
3.241099e-02
4.821380e-02
1.519259e-01
0
1.442878e-01
1.652483e-01
3.529057e-01
1.089669e-01
0
0
0
0
0
0
0
8.928593e-03
1.159111e-01
2.261015e-02
0
3.262145e-03
1.773249e-01
1.110749e-01
1.312164e-01
6.759648e-03
0
0
0
0
0
0
3.237507e-01
1.908707e-01
1.519635e-01
2.437034e-01
1.322507e-01
0
9.491253e-02
8.034445e-02
0
0
1.072278e-01
5.614403e-02
2.838014e-01
1.973100e-01
2.991158e-01
3.252250e-01
3.444714e-01
1.951577e-01
1.710953e-01
3.474904e-01
2.226103e-01
4.156436e-01
2.483174e-01
9.643927e-02
1.079050e-01
0
0
0
0
0
0
0
0
0
4.444433e-01
0
0
0
1.854587e-02
0
0
0
4.998242e-01
3.460509e-01
7.558424e-01
0
1.000000e+00
2.536413e-01
1.530662e-01
0
5.111443e-02
1.641873e-02
0
0
0
2.934736e-01
4.379057e-01
1.783987e-01
7.421442e-02
5.880427e-02
0
0
0
3.511155e-02
1.967680e-01
0
2.515296e-01
2.279724e-02
1.056827e-01
0
0
0
0
0
0
5.556637e-02
0
0
0
1.946274e-01
1.805548e-01
0
0
1.254722e-01
0
2.465680e-01
1.110066e-01
0
0
0
2.538142e-01
4.185870e-01
2.578816e-01
0
0
0
1.530336e-01
2.551028e-01
3.471443e-01
0
1.934336e-01
0
2.762136e-01
3.539926e-01
4.744133e-01
4.520491e-01
1.532893e-01
3.671664e-01
2.106488e-01
2.343618e-01
0
0
0
0
2.199606e-02
0
0
0
0
0
0
0
0
2.821958e-01
0
0
6.000071e-01
3.679519e-01
9.817769e-02
8.553068e-02
2.129943e-01
1.513191e-01
1.447090e-01
0
1.861164e-01
0
3.604313e-01
3.038754e-01
6.418848e-02
0
0
0
3.458971e-01
9.096901e-02
0
0
1.266450e-01
9.155179e-02
0
0
1.237840e-01
2.334602e-01
2.399529e-01
5.927976e-02
1.358465e-01
0
3.615161e-01
0
9.285457e-02
1.621695e-01
1.669010e-01
3.013111e-01
2.536413e-01
1
0
6.732596e-02
0
0
2.594189e-02
1.430696e-01
0
2.747510e-02
0
0
0
0
0
0
0
2.187676e-01
0
0
0
0
0
0
0
1.773147e-01
0
0
0
0
3.748621e-02
1.603665e-01
1.672072e-01
0
1.907891e-01
0
0
0
0
0
0
2.422198e-01
0
1.244392e-01
0
0
8.906374e-03
3.218985e-01
0
0
0
0
0
0
0
0
2.863111e-01
2.304725e-01
1.700934e-01
2.868056e-01
3.317284e-01
3.205188e-01
2.203037e-01
2.658718e-01
0
3.214600e-02
1.032023e-01
5.926146e-03
0
0
1.665908e-01
2.933421e-01
3.844691e-01
4.010439e-01
7.976794e-02
0
3.375598e-01
9.951194e-02
0
0
0
2.126244e-01
0
6.983953e-02
0
0
6.748012e-03
0
2.743432e-02
1.244411e-01
0
7.080285e-02
1.611835e-01
4.573338e-02
7.785945e-02
0
0
0
0
0
0
0
0
1.207561e-01
0
0
0
0
2.997474e-01
3.317346e-01
0
3.237988e-01
8.885940e-02
0
2.423202e-01
0
1.530662e-01
0
1
2.121124e-01
3.149738e-01
1.831279e-01
1.276638e-01
0
6.238107e-02
0
0
5.567337e-01
6.670742e-01
4.567248e-01
9.276496e-03
0
8.157043e-02
2.028756e-01
0
0
0
0
0
0
0
0
0
0
5.121477e-02
0
5.192722e-03
0
0
1.058054e-01
0
0
8.038060e-02
0
0
2.363627e-01
0
2.613975e-02
4.251171e-02
1.667212e-01
2.544601e-01
3.531540e-01
0
0
4.042685e-02
1.250417e-01
1.364606e-01
1.614196e-01
1.109136e-01
1.328930e-01
0
0
1.210528e-01
1.991955e-01
2.815333e-01
2.025012e-01
0
1.119715e-01
0
0
0
0
0
0
0
0
0
0
1.166669e-01
2.545014e-02
1.163650e-01
0
4.307013e-01
2.139521e-01
0
0
1.522115e-01
1.965766e-01
0
0
0
0
0
0
0
0
6.905497e-02
2.066725e-01
0
0
9.202416e-02
0
4.272988e-01
2.077848e-01
1.470624e-01
0
1.800050e-01
2.520835e-01
0
0
0
0
0
0
2.356231e-01
3.298606e-01
1.407700e-01
0
0
0
6.669403e-02
0
0
6.732596e-02
2.121124e-01
1
2.720024e-01
3.013268e-01
0
4.233731e-01
4.704581e-01
0
0
0
4.382607e-01
6.432056e-01
4.005914e-02
0
0
0
0
0
0
2.167031e-01
0
0
0
2.601578e-01
0
2.568461e-01
0
0
2.109430e-01
0
0
3.160424e-01
0
0
0
0
0
0
0
0
1.592704e-01
5.534677e-02
0
0
0
6.361608e-02
0
0
3.679941e-01
2.766501e-02
0
1.957621e-01
1.506321e-03
9.236173e-02
5.729934e-02
9.048499e-02
0
1.813846e-01
1.371155e-01
2.098269e-03
0
4.019175e-02
0
0
0
0
0
5.999690e-02
4.537886e-01
1.288672e-01
3.399098e-01
3.126608e-01
2.102127e-01
6.201609e-02
3.791174e-01
1.752919e-01
0
0
0
6.957131e-02
5.895404e-01
4.679117e-01
0
0
1.617507e-01
2.580246e-01
1.444758e-01
3.049940e-01
6.688729e-02
1.021509e-02
2.052630e-01
3.277805e-03
2.999419e-01
0
0
1.462754e-02
0
0
4.591976e-01
1.788967e-01
5.791999e-02
0
0
0
0
0
4.963420e-01
7.058397e-01
0
3.598720e-01
1.192797e-01
0
0
0
5.111443e-02
0
3.149738e-01
2.720024e-01
1
4.331620e-01
1.563337e-01
2.311883e-01
4.178892e-01
1.356621e-01
1.500043e-02
0
5.853649e-01
4.075109e-01
0
0
0
0
0
0
0
9.206502e-02
0
0
0
0
0
1.053716e-01
0
1.159910e-02
1.098590e-01
2.615101e-02
0
6.694816e-02
0
3.483046e-02
0
0
0
0
0
0
3.304456e-01
1.324438e-01
0
0
2.023854e-01
2.902106e-01
1.363474e-01
2.777243e-01
3.187478e-01
1.653352e-01
0
2.402582e-01
2.522590e-01
5.572502e-01
1.413900e-02
1.665070e-02
1.994323e-02
1.877720e-01
0
2.769524e-02
0
0
0
0
0
0
0
0
3.121656e-02
0
0
3.641833e-02
1.943817e-02
0
5.005382e-02
8.375414e-02
0
0
2.542606e-01
4.146090e-01
3.567386e-01
4.014123e-01
0
2.811874e-01
1.190671e-01
3.389823e-01
1.035252e-01
1.087539e-01
0
9.055055e-02
1.736870e-01
0
1.075144e-01
4.228437e-01
0
3.091343e-01
0
0
0
3.614296e-01
0
0
1.551924e-01
0
4.714428e-02
7.084152e-02
1.843403e-01
3.200997e-01
8.874938e-02
4.490387e-01
8.714583e-02
0
0
0
1.641873e-02
0
1.831279e-01
3.013268e-01
4.331620e-01
1
0
1.473383e-01
3.596408e-01
2.610539e-01
0
0
2.683381e-01
2.115631e-01
2.067978e-01
0
0
2.517240e-01
0
4.689418e-02
0
5.310561e-01
2.009626e-01
2.201061e-01
0
5.575126e-01
0
5.717417e-01
0
2.261343e-01
0
0
0
0
0
0
0
0
0
0
0
4.966381e-04
0
0
0
0
0
8.197649e-02
0
0
0
0
0
1.010861e-01
0
0
1.959434e-01
1.937112e-01
5.212138e-02
1.843484e-01
1.981834e-01
1.467413e-01
3.093323e-01
2.210114e-01
2.199024e-01
0
7.063880e-02
0
3.172746e-01
3.811023e-01
9.619621e-02
3.953164e-02
1.981374e-01
3.222294e-01
7.616176e-02
3.252590e-01
1.811269e-01
3.386325e-01
0
0
0
0
0
0
0
0
0
0
0
6.106584e-02
0
0
0
9.687205e-02
1.050142e-03
8.590954e-02
0
0
0
1.001154e-02
2.866747e-01
6.951717e-02
3.025714e-01
1.730689e-01
0
0
0
0
9.313007e-02
2.584350e-01
0
2.748733e-02
0
8.894328e-02
0
0
0
2.594189e-02
1.276638e-01
0
1.563337e-01
0
1.000000e+00
2.132732e-01
1.129603e-01
0
8.394017e-02
1.347816e-01
2.589918e-01
0
2.762340e-01
0
0
2.229877e-01
0
0
0
3.200637e-01
0
0
0
1.076775e-01
0
2.200654e-01
9.676894e-02
0
0
0
0
0
0
0
0
0
0
7.022325e-02
0
0
8.650340e-02
1.452045e-01
0
4.175933e-02
0
0
0
2.829723e-03
0
1.449756e-01
7.877027e-02
1.744297e-01
0
0
6.540392e-02
1.678282e-01
1.865344e-01
1.774119e-01
0
3.876470e-02
5.961277e-02
0
2.098821e-01
1.138767e-01
1.422070e-01
0
4.101652e-01
4.293912e-01
0
0
1.724218e-01
1.044761e-01
1.572919e-01
4.547867e-01
3.120976e-01
4.468838e-01
0
0
0
6.239576e-02
0
0
0
0
0
0
0
0
1.315189e-01
1.972680e-02
0
0
7.240113e-02
3.145978e-02
4.039299e-01
6.228845e-01
0
5.176556e-03
4.428310e-01
4.768719e-01
4.939587e-01
2.709630e-02
0
0
0
0
0
3.633729e-01
3.274663e-01
2.599793e-01
0
0
0
0
0
1.430696e-01
0
4.233731e-01
2.311883e-01
1.473383e-01
2.132732e-01
1
6.928845e-01
0
0
0
1.259609e-01
8.015029e-02
2.021497e-01
1.225625e-02
0
2.390211e-01
0
2.509588e-01
0
3.817122e-01
0
1.295953e-01
0
2.897958e-01
0
2.013899e-01
1.715205e-02
0
4.800141e-01
1.173389e-01
0
0
0
0
0
0
0
0
0
3.233768e-02
2.461535e-01
3.421297e-01
0
0
0
0
0
0
6.368716e-02
3.663505e-02
0
1.472145e-01
0
4.440796e-02
0
0
0
0
0
0
0
0
2.832683e-02
0
1.884683e-01
6.567620e-02
6.331530e-02
1.786206e-01
3.564538e-01
1.788240e-01
1.853466e-01
2.024970e-01
9.947387e-02
4.066132e-01
2.723827e-01
2.338465e-01
0
0
0
0
1.509439e-01
8.329382e-02
0
0
0
0
0
0
0
0
2.907938e-01
2.522577e-01
4.279400e-01
1.935055e-01
2.496299e-01
4.333091e-01
0
0
7.800556e-02
1.297035e-01
3.379831e-01
8.008358e-02
0
0
0
7.923997e-04
4.119389e-02
5.336799e-01
9.730275e-02
4.041677e-01
0
2.503934e-02
0
0
0
0
6.238107e-02
4.704581e-01
4.178892e-01
3.596408e-01
1.129603e-01
6.928845e-01
1
1.913328e-01
0
0
3.726641e-01
2.018718e-01
4.350930e-01
4.115849e-01
0
0
0
0
0
0
0
0
3.421468e-03
3.219953e-02
5.517707e-03
0
0
0
7.239398e-01
5.835723e-01
1.595668e-01
1.301698e-01
0
2.102516e-01
0
0
0
0
0
0
7.546279e-01
5.766883e-01
0
0
5.276019e-01
2.133275e-01
0
0
1.225741e-01
1.042429e-03
9.702082e-02
0
1.722359e-01
1.967379e-01
2.741638e-01
1.395395e-01
0
1.774921e-02
3.960342e-01
2.009310e-01
2.491849e-01
5.640484e-02
5.149825e-02
0
7.657252e-02
1.216479e-01
1.552948e-01
2.031002e-02
6.593973e-01
5.627480e-01
3.062749e-01
1.425669e-01
3.588558e-01
0
2.620096e-01
1.658795e-01
0
0
0
0
5.515766e-01
1.212205e-01
1.916007e-02
5.910878e-02
3.177114e-02
2.533136e-01
2.145023e-01
0
1.355839e-01
3.308907e-01
4.863765e-01
1.526015e-01
7.771501e-01
0
3.125719e-01
2.952811e-01
0
0
2.095094e-02
0
0
0
1.576136e-01
4.769848e-02
0
0
7.892592e-02
8.326858e-02
2.744646e-01
1.543152e-01
7.362351e-01
6.615384e-01
1.830508e-01
0
2.934736e-01
2.747510e-02
0
0
1.356621e-01
2.610539e-01
0
0
1.913328e-01
1
4.501167e-01
5.073710e-02
0
0
3.251346e-01
1.908123e-01
0
0
1.470481e-01
1.686264e-01
2.666416e-02
8.234724e-02
1.331588e-01
3.062746e-01
5.312173e-01
2.381086e-02
2.765562e-01
1.547655e-01
1.311850e-01
9.459272e-02
2.225575e-01
6.010351e-02
4.948587e-02
0
0
0
1.184685e-01
1.271474e-01
2.865818e-01
0
1.818757e-01
4.810343e-02
0
0
0
0
4.862256e-02
0
2.650298e-01
2.701287e-02
0
0
0
0
0
0
0
0
0
0
9.862207e-02
0
1.279942e-01
0
4.218967e-01
3.635713e-01
3.014945e-01
3.846426e-01
1.077649e-01
1.717024e-01
5.079430e-01
0
1.766780e-01
1.336207e-01
2.273764e-02
2.311759e-01
0
0
1.474009e-01
1.397140e-01
0
0
9.458567e-02
1.691032e-01
3.522820e-01
5.644725e-02
4.759904e-02
5.869817e-02
0
1.680890e-01
0
0
8.791948e-02
1.983560e-01
1.410258e-01
1.612044e-01
0
0
0
0
0
0
0
6.198099e-02
3.416339e-01
1.144882e-01
3.882785e-02
2.943322e-01
3.251593e-02
0
0
1.584045e-01
2.806821e-01
3.209849e-01
3.511695e-01
8.691365e-02
4.379057e-01
0
0
0
1.500043e-02
0
8.394017e-02
0
0
4.501167e-01
1
8.616058e-02
0
0
0
1.707076e-01
1.263927e-01
0
5.447059e-02
2.552252e-01
4.645064e-02
0
3.909563e-03
2.307627e-01
0
2.373119e-01
0
0
0
0
0
4.177431e-01
5.236551e-01
0
3.125721e-01
3.153556e-01
2.169058e-02
6.546867e-02
1.065167e-01
0
1.604192e-01
2.738349e-01
0
0
0
0
0
1.956556e-02
0
0
0
0
0
0
0
0
0
0
0
0
6.230295e-02
0
8.074557e-02
2.045162e-01
1.284206e-01
2.156699e-01
1.671792e-01
3.423712e-02
0
0
2.241786e-01
1.756057e-01
3.010983e-02
0
0
0
0
0
3.545257e-02
1.831640e-01
0
0
0
1.260279e-01
2.724157e-01
3.019224e-01
1.293908e-01
1.172144e-02
1.765134e-01
2.126058e-01
0
0
4.480412e-01
3.545015e-01
8.483192e-02
2.057355e-01
0
0
0
1.839112e-01
0
0
0
2.638052e-01
2.796727e-01
0
1.992513e-01
0
0
0
0
3.733358e-01
0
1.054631e-01
4.242841e-01
3.972793e-02
1.783987e-01
0
5.567337e-01
0
0
0
1.347816e-01
0
0
5.073710e-02
8.616058e-02
1
3.780289e-01
0
0
0
0
5.137767e-02
0
1.144761e-01
0
1.604484e-01
0
0
0
1.685639e-01
0
1.372126e-01
0
0
1.260213e-01
1.555285e-01
1.926623e-01
3.022033e-01
0
0
0
0
0
1.012157e-01
0
1.880176e-01
6.264628e-02
1.375141e-01
0
0
0
2.172756e-02
0
0
1.487362e-02
0
0
0
0
5.941782e-02
6.947149e-02
5.224788e-02
0
1.115473e-01
2.632297e-02
3.104168e-02
0
0
0
0
0
0
0
0
2.801070e-01
1.422349e-01
4.447637e-02
3.774440e-02
0
0
2.856142e-01
2.641797e-02
0
0
0
0
1.721551e-01
2.676908e-01
0
3.582664e-02
0
0
0
6.007278e-02
0
2.916982e-05
4.764336e-01
3.205252e-01
2.198688e-01
0
7.925978e-02
0
0
0
2.242576e-01
7.197703e-02
0
6.356008e-02
0
0
1.134039e-01
0
3.914534e-01
5.112715e-01
0
3.318713e-01
0
0
3.445804e-01
0
7.421442e-02
0
6.670742e-01
4.382607e-01
5.853649e-01
2.683381e-01
2.589918e-01
1.259609e-01
3.726641e-01
0
0
3.780289e-01
1
5.160246e-01
1.151171e-01
6.639914e-02
0
8.457195e-02
0
0
0
0
0
0
0
1.884280e-01
0
0
0
0
0
0
1.415498e-01
1.615446e-01
0
0
0
0
0
0
0
0
2.293970e-01
3.080583e-01
3.034886e-03
9.248257e-02
8.480425e-02
3.450888e-01
0
0
1.217486e-01
6.026281e-03
5.178036e-02
2.299530e-01
0
5.639004e-02
1.416896e-01
2.194014e-01
2.104730e-01
2.251882e-01
3.882829e-02
4.283178e-02
0
0
0
0
1.210438e-02
0
0
0
4.802011e-03
3.563134e-01
3.719025e-01
4.750170e-01
5.367658e-01
0
6.372553e-01
4.393504e-01
0
0
0
2.143537e-01
1.568239e-01
0
0
0
0
4.751326e-02
0
3.111927e-02
0
3.649952e-01
0
0
1.637433e-01
0
2.823121e-01
5.281598e-02
0
0
2.993301e-01
2.423337e-01
2.888679e-02
0
0
0
0
0
1.327113e-01
4.729314e-01
0
1.182601e-01
8.131599e-02
0
0
0
5.880427e-02
0
4.567248e-01
6.432056e-01
4.075109e-01
2.115631e-01
0
8.015029e-02
2.018718e-01
0
0
0
5.160246e-01
1.000000e+00
