1.000000e+00
6.569155e-01
0
0
0
0
0
3.017946e-01
0
0
1.080343e-01
4.206491e-01
2.170727e-01
1.891127e-01
0
0
3.702988e-01
1.780564e-01
3.092728e-01
3.926073e-01
0
0
0
0
0
0
0
0
4.570312e-01
4.323956e-01
0
0
1.070006e-01
0
0
0
0
0
0
0
0
0
3.167313e-02
1.491607e-02
0
0
9.719429e-02
0
1.385195e-01
0
2.689070e-01
0
3.306865e-01
0
1.377747e-01
0
4.890409e-01
5.594712e-01
3.300763e-01
3.733544e-01
3.872202e-01
2.839981e-01
4.647037e-01
4.831939e-01
0
0
0
0
4.271392e-01
0
0
7.662624e-02
0
1.221555e-01
0
1.426638e-01
2.194495e-01
3.791845e-01
1.945335e-01
1.052064e-02
4.306358e-01
0
4.294108e-01
2.524350e-01
0
0
2.224246e-01
0
0
3.177689e-02
0
0
0
0
0
0
1.092254e-01
2.511313e-04
3.484310e-01
4.975249e-01
2.247046e-01
0
2.673935e-01
0
0
0
4.390165e-02
0
2.465159e-01
3.291014e-01
2.756748e-01
4.562126e-01
3.382216e-01
0
0
5.202274e-02
6.569155e-01
1
0
0
0
0
0
1.857205e-02
0
2.088242e-02
2.988476e-01
2.917767e-01
4.257823e-01
0
2.132970e-01
0
3.951639e-01
5.561087e-01
6.480145e-01
2.882807e-01
3.349281e-02
4.411875e-01
0
0
0
0
0
9.462120e-02
5.861210e-01
5.633103e-01
9.539559e-03
0
3.155781e-01
3.394248e-01
0
0
0
2.430943e-02
5.377967e-02
4.884048e-02
1.168753e-02
2.826810e-01
0
0
0
0
0
0
0
0
8.604030e-02
4.858502e-02
3.585838e-01
1.945748e-01
0
0
3.026256e-01
6.489849e-01
5.664852e-03
1.751303e-01
1.521420e-01
1.143319e-01
3.049766e-02
1.040240e-01
0
1.100138e-01
0
0
2.634400e-01
2.965091e-02
0
2.942823e-01
6.918192e-02
3.407893e-01
8.869661e-02
9.285493e-02
0
1.589427e-01
2.961731e-01
2.456204e-01
3.217386e-01
1.793874e-01
2.094331e-01
9.784139e-02
0
0
0
0
0
2.410514e-01
0
0
0
0
0
0
6.676732e-02
1.570661e-01
1.607599e-01
4.848384e-01
1.005175e-01
0
1.429936e-01
0
0
0
0
0
0
0
1.071476e-01
4.251636e-01
2.054818e-01
2.342979e-01
0
0
0
0
1
1.589162e-02
6.026721e-01
3.529135e-01
8.688420e-01
0
5.383385e-01
3.063249e-01
5.312788e-01
0
3.321015e-01
0
6.575274e-01
3.285512e-01
0
6.195254e-02
3.698336e-01
1.080751e-01
1.025625e-01
1.850187e-01
8.420151e-01
6.902624e-01
6.507925e-01
3.330473e-01
3.637880e-01
1.118663e-01
0
0
6.777554e-01
4.202417e-01
0
0
4.896366e-01
1.910904e-01
8.981196e-02
0
1.908640e-01
0
3.567725e-01
0
0
0
0
0
0
0
0
0
0
1.525298e-01
2.367599e-02
1.864799e-01
0
0
0
0
0
0
0
0
0
0
7.620613e-01
3.382571e-01
1.612923e-01
0
0
0
5.518480e-01
1.387693e-01
1.709557e-01
0
0
0
0
0
1.655178e-01
5.162536e-01
0
1.776949e-01
0
0
8.156409e-01
3.393162e-01
0
0
6.827017e-02
2.773223e-01
2.116030e-01
6.704668e-01
4.933071e-01
4.970460e-01
0
0
0
0
0
0
1.912312e-01
5.777936e-01
0
0
0
5.045690e-02
0
0
0
0
0
0
0
0
0
0
0
0
1.589162e-02
1
2.921685e-02
2.831859e-01
3.343638e-03
4.985162e-01
0
1.257863e-01
0
7.113127e-02
0
1.127697e-01
0
3.448159e-01
0
0
0
0
2.012870e-01
0
0
2.100109e-01
4.703429e-02
3.342237e-01
2.442860e-03
2.477174e-01
0
0
2.349202e-01
4.884508e-01
0
0
9.171532e-02
2.933828e-01
0
0
0
0
0
0
4.028030e-02
0
1.963126e-01
8.822346e-02
0
1.076215e-01
1.173150e-01
0
2.063506e-01
1.926351e-02
1.664558e-02
0
0
0
0
0
2.456107e-01
3.344591e-01
0
4.222246e-01
8.413508e-03
2.215450e-01
7.606016e-02
1.522064e-01
3.358193e-01
3.779100e-01
0
0
0
0
0
0
0
0
1.142410e-02
3.043563e-01
0
0
0
7.729824e-02
0
7.336308e-02
3.572244e-02
3.335482e-01
0
0
6.684105e-02
0
2.947803e-01
0
3.011918e-01
0
0
0
0
7.152469e-02
6.260967e-02
0
4.607379e-01
0
3.490713e-01
4.184129e-01
1.898899e-01
2.256709e-01
0
3.312850e-02
0
1.039202e-01
2.164905e-01
0
0
0
3.246624e-02
0
0
0
6.026721e-01
2.921685e-02
1
4.940143e-01
6.792495e-01
0
7.213548e-01
4.626956e-01
2.936493e-01
0
3.393181e-01
0
5.651642e-01
2.597433e-01
0
0
0
0
3.454798e-01
3.715554e-01
6.146479e-01
5.727838e-01
8.598907e-01
7.446297e-01
8.769036e-01
6.032009e-01
0
0
4.557929e-01
2.358997e-01
0
0
6.240886e-01
4.132449e-01
0
0
2.641553e-02
0
0
0
0
0
0
0
0
0
0
0
0
1.004092e-01
0
1.753480e-01
0
4.003753e-02
0
0
0
0
0
1.960167e-01
0
0
6.693447e-01
5.822273e-01
0
0
0
0
6.816959e-01
3.087427e-01
0
0
0
0
0
0
0
2.036232e-01
0
9.105694e-02
0
0
4.514937e-01
3.787970e-01
0
0
4.665812e-03
4.029645e-01
1.542488e-01
5.323215e-01
5.100359e-01
6.455157e-01
0
0
0
0
0
0
1.360560e-01
6.742544e-01
0
2.022424e-01
0
0
0
0
0
0
0
0
1.672943e-01
1.319470e-01
0
0
0
0
3.529135e-01
2.831859e-01
4.940143e-01
1
2.974155e-01
2.884947e-01
4.245267e-01
9.027998e-01
1.999588e-01
2.054779e-01
2.012537e-01
3.227015e-01
2.995529e-01
5.053607e-01
1.306734e-01
2.093086e-01
1.189990e-01
0
2.273076e-01
1.798429e-01
4.069320e-01
4.512325e-01
5.750926e-01
4.465964e-01
5.926492e-01
4.680852e-01
0
0
1.255937e-02
0
0
0
3.220808e-01
2.042284e-01
0
0
0
0
0
0
0
0
0
0
0
0
0
0
1.773891e-01
2.210095e-01
1.885717e-01
1.738697e-01
0
4.635306e-03
1.118989e-02
0
0
0
0
3.415099e-01
0
0
4.116941e-01
5.348989e-01
0
0
0
0
4.838953e-01
1.887666e-01
0
0
0
0
0
0
2.392129e-01
4.164177e-01
0
3.210322e-01
0
0
3.098532e-01
4.489307e-01
0
0
0
4.241579e-01
3.491667e-01
3.192180e-01
5.369517e-01
3.225600e-01
0
0
0
2.475603e-01
0
0
1.853223e-01
1.951760e-01
0
0
0
0
0
0
9.044636e-02
0
1.400028e-01
0
1.596665e-01
1.767521e-01
7.866234e-02
0
0
0
8.688420e-01
3.343638e-03
6.792495e-01
2.974155e-01
1.000000e+00
0
6.409964e-01
2.871411e-01
5.069337e-01
0
3.885713e-01
0
6.075691e-01
3.157290e-01
0
0
1.545448e-01
0
1.739802e-01
1.433130e-01
7.451712e-01
6.648554e-01
6.201539e-01
3.319936e-01
4.349434e-01
5.509481e-02
0
0
4.828446e-01
3.446336e-01
0
0
6.741222e-01
4.039053e-01
6.178485e-02
0
1.521771e-01
0
3.795606e-01
1.036783e-01
0
0
0
0
0
0
0
0
0
2.135891e-01
0
1.262111e-01
0
0
0
0
0
0
0
0
0
0
8.387495e-01
3.635776e-01
3.880350e-01
0
0
0
6.662650e-01
2.354703e-01
2.770957e-01
0
1.191555e-01
1.797367e-03
9.723799e-02
0
3.277160e-02
3.373524e-01
0
1.924032e-01
0
0
7.121047e-01
3.626048e-01
0
0
0
8.874765e-02
3.233271e-01
7.535262e-01
5.651107e-01
5.109674e-01
0
0
0
0
0
0
1.153129e-01
7.079428e-01
3.327828e-02
2.038284e-01
0
0
0
0
0
0
0
0
0
0
0
0
3.017946e-01
1.857205e-02
0
4.985162e-01
0
2.884947e-01
0
1
0
2.861848e-01
0
7.331915e-01
4.569696e-02
6.829268e-01
0
3.934298e-01
0
0
0
2.728222e-02
9.842262e-02
0
0
0
0
0
7.160156e-02
2.025845e-01
0
2.656405e-02
0
0
0
9.487651e-02
0
0
0
0
0
0
0
0
1.141467e-01
1.311343e-02
1.401746e-02
1.367637e-01
9.442252e-03
4.306358e-02
2.645601e-02
0
0
0
0
0
0
0
1.454437e-01
1.090575e-01
1.339873e-01
4.508267e-01
1.317681e-01
6.823324e-01
1.386441e-01
3.924778e-01
0
2.331377e-01
0
8.652223e-02
7.881922e-02
0
0
2.676902e-01
0
0
0
0
0
1.933899e-01
0
0
0
7.443127e-02
0
2.555507e-01
0
9.846361e-02
4.562418e-02
8.551040e-02
0
0
1.192737e-01
0
5.321373e-02
0
0
1.438536e-01
0
4.013598e-01
5.032326e-02
6.905940e-02
1.971857e-01
0
2.310496e-01
9.676667e-02
7.431094e-02
0
1.815539e-01
2.150607e-01
4.573170e-01
3.381260e-01
5.096714e-01
0
1.142399e-01
6.814738e-02
2.283470e-01
0
0
0
5.383385e-01
0
7.213548e-01
4.245267e-01
6.409964e-01
0
1.000000e+00
4.787657e-01
3.398762e-01
0
4.704531e-01
1.648806e-01
6.578869e-01
3.216638e-01
0
0
0
0
0
7.233212e-03
5.043826e-01
4.492385e-01
5.277123e-01
4.033068e-01
5.771652e-01
1.197606e-01
0
0
1.498058e-01
0
0
0
5.818132e-01
2.815944e-01
1.206228e-01
7.498635e-02
1.234454e-01
1.498943e-01
2.777990e-01
8.215317e-02
0
0
0
0
0
0
0
0
0
9.615738e-02
0
1.907928e-01
0
1.765550e-01
0
0
0
0
0
0
0
0
6.027670e-01
3.921788e-01
0
0
0
1.968536e-02
4.795482e-01
1.550309e-01
0
0
0
0
0
0
3.596653e-02
4.397845e-01
0
2.947703e-01
0
0
5.091174e-01
2.667001e-01
9.326847e-02
2.099154e-01
1.880170e-01
3.212289e-01
0
6.177558e-01
5.113945e-01
6.437939e-01
2.701762e-01
4.709493e-02
7.330818e-02
0
0
0
0
6.442869e-01
0
0
0
0
0
0
2.068472e-01
1.017768e-02
0
0
9.299631e-02
0
0
0
0
2.088242e-02
3.063249e-01
1.257863e-01
4.626956e-01
9.027998e-01
2.871411e-01
2.861848e-01
4.787657e-01
1
3.087490e-01
2.932934e-01
4.196663e-01
3.076875e-01
3.644347e-01
4.324199e-01
2.090672e-01
3.433679e-01
1.746970e-01
0
5.415309e-02
8.247664e-02
2.632728e-01
2.589183e-01
5.230456e-01
2.711507e-01
5.076981e-01
3.096307e-01
0
0
0
0
0
0
2.668891e-01
7.217196e-02
0
0
0
0
0
0
0
0
0
0
0
0
0
0
2.174968e-01
2.443917e-01
2.195868e-01
1.813914e-01
0
8.092908e-02
1.539397e-01
0
0
0
0
3.357557e-01
0
0
3.578487e-01
5.183797e-01
0
0
0
0
4.840788e-01
1.669563e-01
0
0
0
0
0
0
3.496739e-01
5.122008e-01
4.045018e-02
3.828027e-01
0
0
2.284365e-01
3.585739e-01
0
0
1.007889e-01
3.992125e-01
2.726611e-01
3.832999e-01
3.527589e-01
3.408089e-01
0
0
0
2.818466e-01
0
0
1.528962e-01
2.176397e-01
0
0
0
0
0
0
1.987595e-01
0
9.469346e-02
0
3.082919e-01
2.162690e-01
0
0
1.080343e-01
2.988476e-01
5.312788e-01
0
2.936493e-01
1.999588e-01
5.069337e-01
0
3.398762e-01
3.087490e-01
1
0
6.402708e-01
0
4.944680e-01
2.851698e-01
0
0
2.694907e-01
1.268212e-01
0
1.303302e-01
6.268150e-01
4.400822e-01
5.338102e-01
0
1.785606e-01
0
0
0
3.167772e-01
0
0
0
5.271264e-01
2.107822e-01
1.609258e-01
0
1.747908e-01
4.560784e-02
3.561307e-01
1.357058e-01
0
0
0
0
0
0
0
0
1.474912e-01
4.445230e-01
3.375386e-01
5.171662e-01
0
0
2.165823e-03
0
0
0
0
1.089462e-01
0
0
6.054196e-01
4.301262e-01
0
0
0
1.757683e-01
5.113195e-01
1.719550e-01
3.662873e-01
1.844006e-01
1.381805e-01
1.657467e-01
9.116186e-02
0
0
3.180301e-01
0
3.608289e-01
0
0
5.773485e-01
3.264777e-01
0
0
2.510025e-01
3.200679e-01
2.929716e-01
5.479179e-01
1.190873e-01
5.047487e-01
0
0
0
0
0
2.103448e-02
2.951979e-02
2.808424e-01
7.090899e-02
0
0
0
0
0
0
0
0
4.995739e-03
5.046670e-01
0
0
0
4.206491e-01
2.917767e-01
0
7.113127e-02
0
2.054779e-01
0
7.331915e-01
0
2.932934e-01
0
1.000000e+00
2.124878e-02
6.159514e-01
0
1.320613e-01
2.002508e-01
1.874461e-01
1.695329e-01
0
3.814859e-03
0
0
0
0
0
0
3.677498e-02
1.342160e-01
3.361874e-01
0
0
0
1.527670e-01
0
0
0
0
0
0
0
0
9.383140e-02
4.384985e-02
0
3.891748e-03
1.348825e-01
0
8.500085e-02
3.583465e-02
1.569436e-01
0
1.953929e-01
0
9.855001e-02
1.590652e-01
2.796436e-01
4.376325e-01
3.004801e-01
5.575722e-01
3.692513e-01
4.943535e-01
3.594175e-01
3.772449e-01
0
1.308330e-01
0
0
2.007559e-01
0
0
8.994786e-02
0
0
0
0
0
5.723306e-02
4.818045e-02
0
2.982799e-01
1.303790e-01
0
1.933176e-01
0
5.860109e-02
1.381781e-01
9.000201e-02
1.018387e-02
2.163063e-01
0
0
0
0
0
2.679621e-01
0
4.431169e-01
4.179306e-02
2.376921e-01
0
0
0
0
2.124655e-01
0
2.870787e-01
8.157974e-02
5.418161e-01
1.883584e-01
4.532474e-01
5.065870e-02
3.310424e-02
3.288055e-01
2.266215e-01
1.398080e-01
2.170727e-01
4.257823e-01
3.321015e-01
0
3.393181e-01
2.012537e-01
3.885713e-01
4.569696e-02
4.704531e-01
4.196663e-01
6.402708e-01
2.124878e-02
1
2.767695e-01
7.576691e-01
4.568592e-01
0
5.101460e-02
2.807691e-01
8.419531e-02
0
1.942882e-01
3.031578e-01
1.522698e-01
3.031041e-01
0
2.094685e-01
0
8.848287e-02
0
0
0
0
0
3.014373e-01
1.050801e-01
0
3.514777e-02
2.115863e-01
8.912279e-02
2.097421e-01
3.494512e-01
0
0
0
0
0
0
0
0
0
9.833338e-02
0
1.590502e-01
0
0
0
0
0
0
0
2.461679e-01
0
0
4.511159e-01
5.953628e-01
0
0
0
1.324275e-01
3.061434e-01
5.348622e-01
8.179842e-02
1.964396e-01
0
4.039853e-02
8.640530e-02
0
9.232839e-03
2.472045e-01
0
3.681708e-01
1.573851e-02
1.397480e-01
3.943413e-01
2.781052e-01
0
1.578851e-01
2.054039e-01
2.277069e-01
1.382301e-01
5.138189e-01
2.210221e-01
5.643384e-01
0
0
0
1.348929e-01
0
1.266817e-01
0
5.221630e-01
0
0
0
0
0
0
4.591840e-03
3.898611e-02
0
0
2.879088e-01
0
0
0
1.891127e-01
0
0
1.127697e-01
0
3.227015e-01
0
6.829268e-01
1.648806e-01
3.076875e-01
0
6.159514e-01
2.767695e-01
1
6.976217e-02
6.615875e-01
0
0
0
5.474511e-02
0
0
0
1.822037e-01
0
0
9.208688e-02
0
0
0
0
0
0
0
0
5.775345e-02
0
0
0
1.704505e-01
0
0
0
0
0
0
0
0
0
0
0
0
0
0
0
7.523741e-02
0
0
0
5.437039e-02
0
5.608666e-01
0
3.957756e-02
9.651527e-03
4.631827e-01
0
7.134928e-02
1.027491e-01
2.602179e-01
0
3.511954e-01
0
0
0
1.675439e-01
0
0
0
0
0
3.268436e-01
0
1.195652e-01
0
3.570425e-01
2.988695e-02
3.139049e-01
1.370832e-01
1.668563e-01
9.631929e-02
0
3.529311e-01
1.169219e-01
9.279027e-03
2.231122e-01
0
3.636713e-01
0
0
0
0
0
0
0
0
3.135781e-01
2.125513e-01
5.879333e-01
3.060487e-01
3.490277e-01
0
1.682829e-01
9.599122e-02
2.308158e-01
0
0
2.132970e-01
6.575274e-01
0
5.651642e-01
2.995529e-01
6.075691e-01
0
6.578869e-01
3.644347e-01
4.944680e-01
0
7.576691e-01
6.976217e-02
1.000000e+00
5.204084e-01
0
4.670050e-02
2.275374e-01
1.124824e-01
0
2.294308e-01
5.297367e-01
4.005196e-01
4.400133e-01
1.780225e-01
3.731716e-01
1.430768e-01
0
0
3.661594e-01
1.527270e-01
0
0
4.441972e-01
1.880220e-01
5.009167e-02
1.400984e-01
2.806553e-01
6.905584e-02
3.428665e-01
3.002652e-01
0
0
0
0
0
0
0
0
0
0
0
9.653257e-02
0
0
0
0
0
0
0
4.705019e-02
0
0
5.612818e-01
4.557388e-01
0
0
0
0
3.511015e-01
4.212751e-01
0
0
0
0
8.843021e-03
0
1.313058e-01
4.353815e-01
0
3.187676e-01
2.450390e-01
1.025058e-01
5.764403e-01
2.484516e-01
0
1.043289e-01
1.920814e-01
1.818523e-01
1.180072e-01
6.136307e-01
5.023026e-01
6.553177e-01
0
0
3.113524e-02
0
0
0
6.581409e-02
6.940356e-01
0
4.750999e-02
0
0
0
0
0
7.306238e-02
0
0
8.384042e-02
0
0
0
0
0
3.285512e-01
3.448159e-01
2.597433e-01
5.053607e-01
3.157290e-01
3.934298e-01
3.216638e-01
4.324199e-01
2.851698e-01
1.320613e-01
4.568592e-01
6.615875e-01
5.204084e-01
1.000000e+00
0
0
2.262674e-01
1.842676e-01
1.217090e-01
9.936833e-02
4.112621e-01
6.128496e-01
2.580928e-01
1.077574e-01
2.417212e-01
3.164522e-02
0
0
4.409149e-02
2.120332e-01
0
0
2.792231e-01
2.287964e-01
0
0
0
0
0
0
0
0
0
0
0
0
0
0
0
0
0
0
0
0
0
0
0
0
0
3.002940e-01
0
0
4.407416e-01
5.742607e-01
1.780898e-01
7.080685e-02
0
1.424494e-01
3.392984e-01
5.986616e-01
0
0
0
4.397969e-02
7.235660e-02
0
0
1.452707e-01
0
4.595544e-01
0
0
3.767962e-01
4.874130e-01
0
9.089232e-02
0
1.291079e-02
4.113839e-01
1.556175e-01
7.172895e-01
3.397519e-01
0
0
0
5.110071e-02
0
0
2.805612e-01
3.142775e-01
1.263790e-01
0
0
0
0
6.486981e-02
2.208291e-01
0
0
0
1.065362e-01
6.989592e-03
7.695636e-02
0
3.702988e-01
3.951639e-01
0
0
0
1.306734e-01
0
0
0
2.090672e-01
0
2.002508e-01
0
0
0
0
1
7.700212e-01
3.273374e-01
2.094331e-01
0
0
0
0
0
0
0
1.322634e-01
5.814197e-01
5.684520e-01
0
0
2.134150e-01
1.965689e-01
0
0
1.783216e-01
0
0
0
0
0
3.164326e-01
1.676735e-01
0
0
4.936018e-01
1.950695e-01
3.152601e-01
1.250801e-01
1.666980e-01
0
3.366987e-01
1.800514e-01
1.452515e-01
4.812305e-02
6.899173e-01
6.803057e-01
2.585313e-01
2.482983e-01
3.104576e-01
0
2.785529e-01
5.404654e-02
0
0
0
0
2.927330e-01
1.975784e-02
0
0
0
0
0
0
0
5.123395e-02
6.968058e-01
5.030368e-01
8.222692e-01
0
2.430124e-01
7.476820e-02
0
0
0
0
0
0
0
0
0
0
9.726174e-02
2.341173e-01
8.909792e-02
5.944200e-02
5.042816e-01
5.017564e-01
1.453439e-01
0
1.209740e-01
0
9.763296e-02
4.364673e-03
2.379479e-01
0
2.928517e-02
0
3.002345e-01
6.897965e-01
2.624198e-01
0
1.598072e-01
9.147900e-02
1.780564e-01
5.561087e-01
6.195254e-02
0
0
2.093086e-01
0
0
0
3.433679e-01
0
1.874461e-01
5.101460e-02
0
4.670050e-02
0
7.700212e-01
1
6.428657e-01
1.581254e-01
1.789078e-01
2.623373e-01
0
0
0
0
7.897177e-03
2.162178e-01
5.868075e-01
5.706990e-01
0
0
3.308122e-01
3.981276e-01
0
0
0
0
0
0
5.141028e-04
1.447213e-01
1.967991e-01
3.516356e-02
0
0
3.412480e-01
6.169220e-02
2.338584e-01
1.681071e-01
1.559612e-03
0
1.718809e-01
6.530202e-02
0
0
4.563320e-01
6.640655e-01
0
0
1.966471e-01
0
1.896046e-02
0
0
0
0
0
1.015853e-01
0
2.123217e-02
6.096669e-02
0
0
0
0
0
3.638041e-02
8.149282e-01
6.128336e-01
6.500118e-01
4.682741e-02
1.209250e-01
2.934122e-02
0
0
0
0
0
0
4.183633e-02
1.553399e-01
0
0
0
1.145399e-02
0
1.610717e-01
3.676354e-01
4.909521e-01
1.675569e-01
0
1.056792e-01
0
1.875568e-01
0
0
0
1.889200e-02
0
0
5.472722e-01
6.732025e-02
3.188825e-01
1.551454e-01
0
3.092728e-01
6.480145e-01
3.698336e-01
0
0
1.189990e-01
1.545448e-01
0
0
1.746970e-01
2.694907e-01
1.695329e-01
2.807691e-01
0
2.275374e-01
2.262674e-01
3.273374e-01
6.428657e-01
1
5.823528e-01
2.135161e-01
3.353162e-01
2.243114e-01
1.285814e-01
7.264394e-02
0
0
2.319124e-02
3.607294e-01
2.929465e-01
1.110890e-01
0
1.320901e-01
2.143824e-01
0
0
0
0
0
0
1.153481e-01
6.140283e-02
0
0
0
0
0
0
0
0
0
0
1.075220e-01
0
0
0
2.434226e-01
3.795522e-01
0
0
2.480220e-02
0
0
0
0
2.138052e-02
0
0
1.942908e-01
2.359574e-01
2.292163e-01
4.136744e-01
2.279002e-01
2.113580e-01
2.236221e-01
1.942303e-01
0
6.959659e-02
6.078370e-01
5.497766e-01
2.986049e-01
9.674267e-02
1.359161e-02
0
6.348781e-02
0
0
0
0
9.253126e-02
3.144277e-01
1.557521e-01
4.767295e-02
0
0
0
0
3.787026e-03
6.089143e-02
1.628668e-01
3.872468e-01
0
2.779918e-01
0
1.180937e-01
0
0
0
0
0
0
1.578433e-01
1.050122e-02
4.208417e-01
1.583840e-01
1.219356e-01
3.926073e-01
2.882807e-01
1.080751e-01
0
0
0
0
2.728222e-02
0
0
1.268212e-01
0
8.419531e-02
5.474511e-02
1.124824e-01
1.842676e-01
2.094331e-01
1.581254e-01
5.823528e-01
1
1.582704e-02
0
2.271617e-01
2.452070e-01
0
0
2.002437e-03
0
2.724228e-01
1.558025e-01
2.281091e-01
5.755028e-02
3.986639e-02
1.520774e-01
0
0
4.019698e-01
2.408871e-01
4.403767e-02
7.825599e-02
2.824732e-01
1.852988e-01
0
0
0
0
0
0
0
0
0
0
0
0
0
0
3.127384e-01
2.100681e-01
0
0
0
0
8.105761e-02
0
0
0
0
0
5.985308e-01
5.770872e-01
2.943487e-02
2.890692e-01
4.466562e-01
4.800164e-01
3.479341e-01
4.773475e-01
2.165608e-01
1.970630e-01
3.838057e-01
2.664471e-01
1.112487e-01
0
2.205785e-01
0
0
0
1.044445e-01
0
0
0
2.758798e-01
4.227530e-02
5.932161e-02
0
3.656791e-01
2.818758e-02
0
0
3.452878e-02
7.984752e-03
3.600688e-01
5.282058e-02
3.982873e-01
1.539837e-03
4.075108e-02
1.117945e-01
3.725939e-01
0
0
0
0
5.136506e-02
0
0
3.815086e-01
3.008912e-01
0
3.349281e-02
1.025625e-01
2.012870e-01
3.454798e-01
2.273076e-01
1.739802e-01
9.842262e-02
0
5.415309e-02
0
3.814859e-03
0
0
0
1.217090e-01
0
1.789078e-01
2.135161e-01
1.582704e-02
1
7.609314e-01
1.068054e-01
1.927501e-01
3.385589e-01
3.608984e-01
5.722589e-01
6.621292e-01
0
5.763441e-02
2.168178e-01
2.899086e-01
4.709341e-02
6.243322e-02
1.562725e-01
2.040099e-01
0
0
0
0
0
0
1.431062e-01
3.052668e-02
1.354915e-01
1.436760e-02
9.569361e-02
1.930088e-01
0
0
0
0
0
0
0
0
0
3.825700e-02
0
0
0
3.773179e-02
0
0
0
1.159824e-01
3.662350e-03
2.539538e-02
0
0
4.597859e-01
5.269754e-01
7.601400e-03
0
3.491003e-02
2.699198e-02
0
0
0
0
0
0
0
0
0
1.684797e-01
0
0
0
1.103666e-02
4.055402e-01
0
2.131194e-01
0
0
0
0
0
1.333274e-01
0
3.448063e-01
0
3.792086e-01
1.414961e-01
3.409169e-01
0
0
1.147572e-02
0
0
0
0
0
4.330021e-01
0
0
0
4.411875e-01
1.850187e-01
0
3.715554e-01
1.798429e-01
1.433130e-01
0
7.233212e-03
8.247664e-02
1.303302e-01
0
1.942882e-01
0
2.294308e-01
9.936833e-02
0
2.623373e-01
3.353162e-01
0
7.609314e-01
1
2.320123e-01
1.195707e-01
4.512785e-01
2.303204e-01
5.046650e-01
6.601338e-01
0
2.519709e-01
1.737784e-01
2.719926e-02
4.415189e-02
8.766600e-02
1.886113e-01
2.127318e-01
0
0
0
0
0
1.987856e-01
0
0
0
0
0
0
0
0
0
0
2.820486e-02
1.835256e-01
0
0
0
1.641535e-01
0
0
0
9.282486e-02
0
0
9.469153e-02
3.446384e-01
0
0
0
0
3.481977e-01
6.662228e-01
1.167183e-02
7.225584e-02
2.581709e-02
0
0
0
0
0
0
9.754851e-02
0
0
0
2.230052e-01
0
0
0
2.471936e-01
3.158807e-01
1.026849e-01
1.862967e-01
1.803846e-01
0
0
7.285054e-02
0
0
0
1.799024e-01
1.171276e-01
1.317861e-01
0
9.228459e-02
0
0
0
0
0
0
1.055738e-01
9.394914e-02
4.402261e-01
0
0
0
0
8.420151e-01
0
6.146479e-01
4.069320e-01
7.451712e-01
0
5.043826e-01
2.632728e-01
6.268150e-01
0
3.031578e-01
0
5.297367e-01
4.112621e-01
0
0
2.243114e-01
2.271617e-01
1.068054e-01
2.320123e-01
1
8.946689e-01
7.858475e-01
3.957464e-01
4.916669e-01
1.839206e-01
0
0
6.048534e-01
2.827918e-01
0
0
6.228777e-01
3.669875e-01
1.456170e-01
4.086180e-02
7.970457e-02
3.042395e-02
3.272796e-01
0
0
0
0
0
0
0
0
0
0
2.293021e-01
3.967811e-02
3.362390e-01
0
0
0
0
0
0
0
0
0
0
8.668114e-01
5.167016e-01
1.721965e-01
0
0
2.147377e-01
6.068396e-01
2.397292e-01
3.354605e-01
0
7.776583e-02
9.777620e-02
0
0
0
2.851512e-01
0
1.111629e-01
0
0
8.245273e-01
4.441013e-01
0
0
4.741474e-02
3.894285e-01
4.190587e-01
6.393570e-01
6.406858e-01
6.304793e-01
1.356116e-01
0
0
0
0
0
2.265350e-01
6.008664e-01
0
0
0
4.645289e-02
0
0
0
0
0
0
9.561574e-02
0
0
0
0
0
6.902624e-01
2.100109e-01
5.727838e-01
4.512325e-01
6.648554e-01
0
4.492385e-01
2.589183e-01
4.400822e-01
0
1.522698e-01
1.822037e-01
4.005196e-01
6.128496e-01
0
0
1.285814e-01
2.452070e-01
1.927501e-01
1.195707e-01
8.946689e-01
1
6.912876e-01
4.695969e-01
5.035851e-01
2.134724e-01
0
0
5.320520e-01
4.288018e-01
0
0
5.516136e-01
3.468416e-01
0
0
0
0
6.102533e-02
0
0
0
0
0
0
0
0
0
0
1.949046e-01
0
5.340228e-02
0
0
0
0
0
0
0
9.718539e-02
0
0
7.911211e-01
5.358104e-01
3.293528e-01
2.247667e-02
0
2.275246e-01
6.006576e-01
2.926427e-01
2.347523e-01
0
0
1.907722e-01
1.913093e-02
0
0
1.828784e-01
0
1.506246e-01
0
0
6.823970e-01
5.148314e-01
0
0
0
2.856455e-01
4.934585e-01
3.993819e-01
7.801065e-01
4.644695e-01
9.698096e-02
0
0
0
0
0
3.584168e-01
5.099887e-01
1.127007e-01
8.791493e-02
0
1.037976e-03
0
0
0
0
0
0
1.270655e-01
4.536095e-02
5.620613e-03
0
0
0
6.507925e-01
4.703429e-02
8.598907e-01
5.750926e-01
6.201539e-01
0
5.277123e-01
5.230456e-01
5.338102e-01
0
3.031041e-01
0
4.400133e-01
2.580928e-01
0
0
7.264394e-02
0
3.385589e-01
4.512785e-01
7.858475e-01
6.912876e-01
1
6.118986e-01
8.114471e-01
5.708622e-01
0
0
5.499857e-01
1.264538e-01
0
0
6.479687e-01
4.042358e-01
0
0
0
0
3.161951e-03
0
0
0
0
0
0
0
0
0
3.736716e-02
2.919844e-01
1.065377e-01
4.185295e-01
0
0
0
0
0
0
0
2.591281e-01
0
0
7.256852e-01
6.671909e-01
0
0
0
0
7.119129e-01
2.764021e-01
1.483501e-01
0
0
0
0
0
0
2.582534e-01
0
1.780607e-01
0
0
5.341547e-01
4.976150e-01
0
0
6.530395e-02
5.646131e-01
3.940142e-01
5.519046e-01
4.837863e-01
6.478890e-01
0
0
0
0
0
0
2.888752e-01
5.439696e-01
8.372388e-02
0
0
0
0
0
0
0
0
0
3.329728e-01
1.988527e-01
0
0
0
0
3.330473e-01
3.342237e-01
7.446297e-01
4.465964e-01
3.319936e-01
0
4.033068e-01
2.711507e-01
0
0
0
0
1.780225e-01
1.077574e-01
0
0
0
0
3.608984e-01
2.303204e-01
3.957464e-01
4.695969e-01
6.118986e-01
1
7.153527e-01
6.842245e-01
0
0
4.445478e-01
4.783122e-01
0
0
4.528024e-01
4.370263e-01
0
0
0
0
0
0
9.140751e-03
0
2.158441e-01
0
0
1.394042e-01
0
0
1.762173e-02
8.086461e-03
0
1.890997e-02
2.088059e-02
2.167316e-01
0
0
0
0
0
2.633265e-01
0
0
4.256326e-01
3.380227e-01
9.258462e-02
0
0
0
3.698326e-01
2.117073e-02
0
0
0
0
0
0
0
0
0
0
0
0
2.682347e-01
3.325039e-01
6.143966e-02
0
3.226144e-02
3.144695e-01
4.865098e-02
1.078550e-01
4.406235e-01
2.491346e-01
0
0
0
0
0
0
1.617348e-01
3.366782e-01
0
3.148499e-01
6.281972e-02
2.160266e-01
0
0
0
8.149489e-02
8.232018e-02
0
0
7.072982e-02
1.134071e-01
0
0
0
3.637880e-01
2.442860e-03
8.769036e-01
5.926492e-01
4.349434e-01
7.160156e-02
5.771652e-01
5.076981e-01
1.785606e-01
0
2.094685e-01
9.208688e-02
3.731716e-01
2.417212e-01
0
7.897177e-03
0
2.002437e-03
5.722589e-01
5.046650e-01
4.916669e-01
5.035851e-01
8.114471e-01
7.153527e-01
1
7.879645e-01
0
0
3.318085e-01
1.124827e-01
0
0
4.691226e-01
3.002634e-01
0
0
0
0
0
0
0
0
0
0
0
0
0
0
0
0
0
1.315961e-01
0
0
0
0
0
0
0
3.265588e-01
0
0
4.430339e-01
5.339102e-01
0
0
0
0
6.730338e-01
4.158641e-01
0
0
0
0
0
0
2.758501e-03
1.364516e-01
0
0
0
0
1.842262e-01
3.015180e-01
2.551867e-02
0
0
4.488665e-01
3.043161e-01
3.648777e-01
4.531382e-01
4.570005e-01
5.872309e-02
0
0
0
0
0
2.283611e-01
4.457446e-01
7.869123e-02
8.038153e-02
0
0
0
0
0
0
0
0
2.197597e-01
2.609319e-01
0
0
0
9.462120e-02
1.118663e-01
2.477174e-01
6.032009e-01
4.680852e-01
5.509481e-02
2.025845e-01
1.197606e-01
3.096307e-01
0
3.677498e-02
0
0
1.430768e-01
3.164522e-02
1.322634e-01
2.162178e-01
2.319124e-02
0
6.621292e-01
6.601338e-01
1.839206e-01
2.134724e-01
5.708622e-01
6.842245e-01
7.879645e-01
1.000000e+00
0
1.129030e-01
3.063330e-01
1.829983e-01
0
0
8.841078e-02
8.779071e-02
0
0
0
0
0
0
2.165671e-03
0
0
0
0
3.715298e-02
0
0
1.109525e-02
0
1.412303e-04
8.659640e-02
0
0
0
1.746409e-01
0
0
0
3.423224e-01
0
0
2.997753e-02
3.204130e-01
0
0
0
0
3.235959e-01
3.211112e-01
0
0
0
0
0
0
8.581835e-02
2.888478e-02
0
0
0
0
0
1.326058e-01
0
0
0
3.852412e-01
1.987653e-01
0
2.552261e-01
1.549545e-01
0
0
4.251886e-04
0
0
0
3.428247e-01
1.453635e-01
1.342020e-01
8.328877e-02
2.401956e-01
0
0
0
2.685309e-03
0
2.080755e-01
0
1.029355e-01
3.713372e-01
1.127409e-01
0
4.570312e-01
5.861210e-01
0
0
0
0
0
0
0
0
0
1.342160e-01
8.848287e-02
0
0
0
5.814197e-01
5.868075e-01
3.607294e-01
2.724228e-01
0
0
0
0
0
0
0
0
1
8.324501e-01
0
0
6.139401e-01
5.666365e-01
0
0
3.465679e-01
2.296418e-01
3.457099e-01
2.083914e-01
3.564335e-01
4.128303e-01
2.125737e-01
1.943958e-01
0
5.032220e-02
2.793617e-01
4.818460e-02
1.619890e-01
6.131989e-02
0
0
1.843494e-02
1.265805e-02
3.702114e-02
0
3.728051e-01
6.800002e-01
1.719475e-01
1.839753e-01
5.014418e-01
0
4.372304e-01
4.021894e-01
0
0
0
0
5.608175e-01
5.331253e-02
0
0
1.062220e-02
3.805204e-01
2.369579e-01
6.102794e-02
1.944674e-02
2.307853e-01
4.360638e-01
2.377435e-01
7.395152e-01
0
5.886123e-01
3.906928e-01
0
0
2.606679e-01
1.174715e-01
0
0
0
0
0
0
2.096280e-01
3.530320e-01
4.294713e-01
1.123068e-01
4.585484e-01
5.648834e-01
0
0
0
0
0
3.108297e-02
2.106847e-01
2.505142e-01
1.202365e-02
9.699754e-02
1.597079e-01
6.997474e-01
0
0
6.896978e-02
3.353235e-01
4.323956e-01
5.633103e-01
0
0
0
0
0
2.656405e-02
0
0
0
3.361874e-01
0
0
0
0
5.684520e-01
5.706990e-01
2.929465e-01
1.558025e-01
5.763441e-02
2.519709e-01
0
0
0
0
0
1.129030e-01
8.324501e-01
1
0
0
3.085613e-01
4.610851e-01
0
0
1.324421e-01
2.023279e-01
1.659173e-01
2.382694e-01
2.543725e-02
1.927172e-01
3.131467e-01
2.894749e-01
0
8.560358e-02
3.476843e-01
1.354247e-01
1.550343e-01
4.236096e-03
0
0
9.767848e-02
1.760679e-03
8.235791e-02
3.292689e-02
1.784820e-01
7.653297e-01
1.015637e-01
1.970577e-01
3.498226e-01
0
5.001702e-01
4.074193e-01
0
0
0
0
3.156368e-01
0
0
0
0
1.095014e-01
3.699871e-03
0
0
1.060685e-01
2.902660e-01
1.179776e-01
6.862239e-01
0
5.712238e-01
3.835699e-01
0
0
3.339268e-01
1.070282e-01
0
0
0
0
0
0
2.095933e-01
4.491295e-01
4.853627e-01
4.822509e-02
2.788004e-01
3.335339e-01
0
0
0
0
1.655180e-01
1.420512e-01
1.270279e-01
9.853254e-02
1.000697e-01
2.156616e-01
3.683505e-01
5.036684e-01
0
3.089058e-02
1.733489e-01
3.574185e-01
0
9.539559e-03
6.777554e-01
2.349202e-01
4.557929e-01
1.255937e-02
4.828446e-01
0
1.498058e-01
0
3.167772e-01
0
0
0
3.661594e-01
4.409149e-02
0
0
1.110890e-01
2.281091e-01
2.168178e-01
1.737784e-01
6.048534e-01
5.320520e-01
5.499857e-01
4.445478e-01
3.318085e-01
3.063330e-01
0
0
1.000000e+00
6.620530e-01
0
0
3.306281e-01
1.246165e-01
1.909270e-01
0
3.492881e-01
0
2.312609e-01
0
0
0
0
0
0
0
0
0
0
2.520019e-02
8.360711e-02
9.871535e-02
0
0
0
0
0
0
0
0
0
0
4.016177e-01
1.256733e-01
1.120154e-01
0
0
0
2.958874e-01
0
2.376662e-01
0
0
0
1.709106e-02
0
4.486746e-02
2.302420e-01
0
0
2.101626e-01
0
4.915451e-01
1.938950e-01
0
0
1.823723e-01
2.443109e-01
1.069202e-01
2.025076e-01
1.555758e-01
2.160923e-01
8.385888e-02
0
5.034908e-02
0
0
0
3.733282e-01
2.545202e-01
2.586834e-01
3.229353e-01
0
2.667368e-01
0
0
0
0
0
0
0
0
0
1.264867e-02
0
0
4.202417e-01
4.884508e-01
2.358997e-01
0
3.446336e-01
0
0
0
0
0
0
0
1.527270e-01
2.120332e-01
0
0
0
5.755028e-02
2.899086e-01
2.719926e-02
2.827918e-01
4.288018e-01
1.264538e-01
4.783122e-01
1.124827e-01
1.829983e-01
0
0
6.620530e-01
1
0
0
1.287879e-01
8.588155e-02
0
0
2.092073e-02
0
0
0
1.796133e-01
2.463474e-01
4.400888e-01
1.929589e-01
7.161672e-03
2.439528e-01
1.689032e-01
0
4.738307e-02
0
0
0
5.927418e-02
0
0
0
5.992967e-03
0
0
0
1.294114e-01
1.138457e-01
2.113060e-01
0
4.893176e-01
2.621240e-01
0
0
2.125043e-01
0
0
0
0
0
3.880811e-01
2.591823e-01
0
0
0
0
2.846911e-01
3.778822e-02
2.247639e-01
3.791037e-02
0
0
0
0
4.900187e-02
0
2.015242e-01
0
0
0
0
0
5.582458e-02
0
3.954619e-01
0
2.843518e-01
5.642488e-01
0
4.891607e-01
0
0
0
3.950676e-02
0
0
0
0
1.663209e-02
1.198567e-01
1.070006e-01
3.155781e-01
0
0
0
0
0
0
0
0
0
0
0
0
0
0
2.134150e-01
3.308122e-01
1.320901e-01
3.986639e-02
4.709341e-02
4.415189e-02
0
0
0
0
0
0
6.139401e-01
3.085613e-01
0
0
1.000000e+00
7.211361e-01
0
0
2.214552e-01
7.374112e-02
3.159337e-01
0
3.235838e-01
4.994469e-01
2.996910e-01
2.414607e-01
2.256928e-01
2.565291e-01
2.890011e-01
2.812854e-01
3.482954e-01
2.278992e-01
0
0
0
0
0
0
1.760779e-01
4.046500e-01
3.249007e-01
3.802104e-01
4.446043e-01
0
2.078508e-01
4.035907e-01
0
0
1.572397e-01
2.443333e-01
3.602300e-01
0
0
0
3.091720e-01
3.760124e-01
3.631746e-01
1.944456e-01
1.476870e-01
4.922266e-01
1.630241e-01
0
2.635129e-01
0
1.737034e-01
7.672130e-02
0
0
0
0
0
0
0
0
0
0
0
0
2.539442e-01
0
6.388829e-01
6.689549e-01
5.970946e-02
0
4.484300e-01
3.092183e-01
1.418446e-01
0
0
3.232735e-01
0
0
0
5.454191e-01
8.726135e-02
2.438763e-02
0
1.663693e-01
0
3.394248e-01
0
0
0
0
0
9.487651e-02
0
0
0
1.527670e-01
0
0
0
0
1.965689e-01
3.981276e-01
2.143824e-01
1.520774e-01
6.243322e-02
8.766600e-02
0
0
0
0
0
0
5.666365e-01
4.610851e-01
0
0
7.211361e-01
1
0
0
3.003076e-01
3.173036e-01
1.068497e-01
1.557541e-01
2.531731e-01
6.120590e-01
2.008176e-01
1.456434e-01
7.748408e-02
2.483601e-01
1.963449e-01
8.349031e-02
1.335868e-01
2.302104e-01
0
0
0
0
0
0
8.432815e-02
4.752700e-01
1.275877e-01
3.811150e-01
2.798901e-01
0
1.852631e-01
3.766957e-01
0
0
0
2.712570e-01
4.098616e-01
2.125434e-01
0
5.033518e-02
1.724811e-01
5.083872e-01
3.166033e-01
1.702343e-01
0
3.890415e-01
1.121040e-01
0
1.415529e-01
5.443186e-02
0
8.449642e-02
0
0
0
0
0
0
0
0
0
0
2.332818e-02
2.099571e-01
1.773497e-01
2.662739e-01
3.604019e-01
3.749124e-01
0
0
1.361610e-01
0
3.908614e-01
0
9.242155e-02
4.792666e-01
0
0
0
2.561886e-01
0
4.986943e-02
8.060185e-02
3.521397e-01
0
0
4.896366e-01
9.171532e-02
6.240886e-01
3.220808e-01
6.741222e-01
0
5.818132e-01
2.668891e-01
5.271264e-01
0
3.014373e-01
0
4.441972e-01
2.792231e-01
0
0
0
0
1.562725e-01
1.886113e-01
6.228777e-01
5.516136e-01
6.479687e-01
4.528024e-01
4.691226e-01
8.841078e-02
0
0
3.306281e-01
1.287879e-01
0
0
1
8.644812e-01
5.529439e-02
0
1.689438e-01
0
3.013000e-01
1.667343e-01
0
0
0
0
0
0
0
0
0
3.212655e-01
0
3.603619e-01
0
0
0
0
0
0
0
1.132402e-01
0
0
8.166016e-01
4.739541e-01
3.770913e-01
1.097363e-01
0
0
5.795972e-01
1.794352e-01
1.812200e-01
0
0
0
8.746509e-02
0
0
0
0
3.201905e-01
0
0
6.098379e-01
5.438897e-01
0
3.480756e-02
2.123779e-01
1.030339e-01
3.793175e-01
5.959214e-01
5.369920e-01
6.157175e-01
0
0
0
0
0
0
0
5.802912e-01
0
1.386202e-01
0
0
0
9.017764e-02
0
0
0
0
2.497598e-01
0
0
0
0
0
1.910904e-01
2.933828e-01
4.132449e-01
2.042284e-01
4.039053e-01
0
2.815944e-01
7.217196e-02
2.107822e-01
0
1.050801e-01
5.775345e-02
1.880220e-01
2.287964e-01
0
0
0
0
2.040099e-01
2.127318e-01
3.669875e-01
3.468416e-01
4.042358e-01
4.370263e-01
3.002634e-01
8.779071e-02
0
0
1.246165e-01
8.588155e-02
0
0
8.644812e-01
1.000000e+00
1.227646e-02
1.001798e-01
1.151528e-01
6.772996e-02
1.621450e-01
2.439483e-01
0
0
1.329885e-01
0
0
0
0
0
0
1.767848e-01
0
1.964568e-01
0
0
0
0
0
0
0
2.254530e-01
0
0
6.080174e-01
4.302269e-01
4.744925e-01
4.247876e-01
0
0
2.786064e-01
1.869570e-01
8.239570e-02
0
0
0
7.233442e-02
0
0
0
0
2.557334e-01
0
0
4.212375e-01
5.583560e-01
0
1.809724e-01
1.392145e-01
0
3.079099e-01
3.639808e-01
4.656552e-01
4.744574e-01
0
0
4.484109e-02
4.559349e-02
0
0
0
4.361347e-01
0
1.541773e-01
0
9.087880e-02
0
3.622744e-01
0
0
0
0
3.250594e-02
0
0
0
0
0
8.981196e-02
0
0
0
6.178485e-02
0
1.206228e-01
0
1.609258e-01
0
0
0
5.009167e-02
0
1.783216e-01
0
0
4.019698e-01
0
0
1.456170e-01
0
0
0
0
0
3.465679e-01
1.324421e-01
1.909270e-01
0
2.214552e-01
3.003076e-01
5.529439e-02
1.227646e-02
1.000000e+00
6.904889e-01
5.626592e-01
6.261567e-01
8.028091e-01
5.781784e-01
0
0
0
0
0
0
0
0
0
0
0
2.175487e-01
0
0
6.225547e-02
0
0
0
0
0
0
0
0
0
9.814598e-03
1.733038e-02
4.611904e-01
5.233488e-01
0
0
3.893984e-01
5.147530e-01
4.194244e-01
2.999572e-01
5.365829e-02
0
7.434532e-02
1.986783e-01
8.854373e-02
0
2.484819e-01
0
1.404040e-01
0
2.040530e-01
5.776315e-02
1.361795e-01
0
0
3.654374e-01
0
2.683863e-01
6.894061e-01
4.720314e-01
5.177640e-01
0
0
0
0
1.665621e-01
0
0
0
2.119398e-01
4.692773e-01
3.000185e-01
0
0
4.429694e-03
5.888611e-02
0
0
1.066999e-01
2.822927e-01
0
2.430943e-02
0
0
0
0
0
0
7.498635e-02
0
0
0
3.514777e-02
0
1.400984e-01
0
0
0
0
2.408871e-01
0
0
4.086180e-02
0
0
0
0
0
2.296418e-01
2.023279e-01
0
0
7.374112e-02
3.173036e-01
0
1.001798e-01
6.904889e-01
1
4.675498e-01
7.366501e-01
5.566739e-01
5.811319e-01
0
0
0
8.121503e-02
0
0
0
0
0
0
0
1.870393e-01
0
0
0
0
0
0
0
0
0
1.530609e-02
0
0
3.659151e-02
1.494382e-01
3.083710e-01
4.240733e-01
0
0
1.771641e-01
5.341726e-01
2.728067e-01
2.461653e-01
0
0
0
0
0
0
2.946708e-01
0
5.004567e-02
0
2.393431e-01
1.359686e-01
9.834691e-02
0
0
2.081263e-01
6.524018e-02
3.455131e-01
5.984463e-01
4.165577e-01
6.314790e-01
5.031298e-02
0
0
0
3.445319e-01
0
0
0
2.229523e-01
1.586588e-01
2.214982e-01
0
2.469036e-01
1.423005e-01
0
0
0
6.945742e-02
1.102641e-01
0
5.377967e-02
1.908640e-01
0
2.641553e-02
0
1.521771e-01
0
1.234454e-01
0
1.747908e-01
0
2.115863e-01
0
2.806553e-01
0
0
0
0
4.403767e-02
0
0
7.970457e-02
0
0
0
0
0
3.457099e-01
1.659173e-01
3.492881e-01
2.092073e-02
3.159337e-01
1.068497e-01
1.689438e-01
1.151528e-01
5.626592e-01
4.675498e-01
1.000000e+00
5.135931e-01
6.821335e-01
4.572307e-01
0
0
1.798047e-03
0
0
0
0
0
0
0
0
2.379896e-01
0
0
0
8.738321e-03
0
0
1.216846e-01
0
4.248561e-02
1.369444e-01
1.283722e-01
0
5.721389e-02
2.819071e-02
2.240312e-01
0
0
0
3.803044e-01
3.609535e-01
3.263113e-01
1.097225e-01
2.225237e-01
7.097602e-02
0
0
1.122605e-02
0
5.992981e-01
2.177661e-01
3.226989e-01
0
4.066968e-01
3.114808e-01
4.350025e-01
1.848684e-02
0
2.630428e-01
0
2.036015e-01
2.077565e-01
1.849985e-01
5.175938e-01
0
0
1.008207e-01
0
2.776918e-01
0
1.485642e-01
0
3.174991e-01
0
3.987876e-02
0
2.003938e-01
3.441109e-02
1.039837e-02
0
0
0
3.202666e-01
0
4.884048e-02
0
0
0
0
0
0
1.498943e-01
0
4.560784e-02
0
8.912279e-02
1.704505e-01
6.905584e-02
0
0
0
0
7.825599e-02
0
0
3.042395e-02
0
0
0
0
0
2.083914e-01
2.382694e-01
0
0
0
1.557541e-01
0
6.772996e-02
6.261567e-01
7.366501e-01
5.135931e-01
1
4.798253e-01
4.465569e-01
0
0
0
0
0
0
0
0
0
4.085514e-03
0
2.685200e-01
0
1.393482e-01
0
0
0
0
0
0
0
5.574911e-02
0
8.722126e-02
0
1.002809e-01
3.041351e-01
3.546053e-01
0
0
1.421527e-01
3.785837e-01
1.821023e-01
2.850020e-01
0
0
0
0
0
2.140111e-01
2.372721e-01
1.864884e-02
1.794704e-01
7.718305e-02
2.778871e-01
3.186823e-01
4.075312e-01
2.741384e-01
0
0
0
2.824849e-01
6.178784e-01
5.493455e-01
6.215542e-01
1.608591e-02
0
0
0
7.275248e-02
0
0
0
1.370368e-01
3.087741e-01
2.966611e-01
1.894681e-01
3.179330e-01
3.115716e-01
0
0
0
6.912579e-02
2.371409e-01
0
1.168753e-02
3.567725e-01
0
0
0
3.795606e-01
0
2.777990e-01
0
3.561307e-01
0
2.097421e-01
0
3.428665e-01
0
0
5.141028e-04
1.153481e-01
2.824732e-01
0
0
3.272796e-01
6.102533e-02
3.161951e-03
0
0
0
3.564335e-01
2.543725e-02
2.312609e-01
0
3.235838e-01
2.531731e-01
3.013000e-01
1.621450e-01
8.028091e-01
5.566739e-01
6.821335e-01
4.798253e-01
1
6.345308e-01
0
0
0
0
0
0
0
0
0
0
0
3.165777e-01
0
0
0
0
0
0
0
0
0
0
2.627290e-01
0
2.004850e-01
4.402380e-02
3.370443e-01
4.249144e-01
0
0
5.355517e-01
6.068991e-01
5.368513e-01
3.812391e-01
9.380512e-02
0
5.755258e-02
2.380987e-01
4.048477e-03
7.421359e-02
2.388764e-01
0
3.914373e-01
0
0
1.447170e-01
1.282879e-01
0
6.198007e-03
5.982030e-01
5.659231e-02
4.056178e-01
5.216867e-01
2.130182e-01
3.607042e-01
0
0
0
0
4.309575e-01
0
0
0
1.243052e-01
1.384925e-01
2.746672e-01
0
0
0
7.549128e-02
0
0
0
1.508483e-01
0
2.826810e-01
0
0
0
0
1.036783e-01
0
8.215317e-02
0
1.357058e-01
0
3.494512e-01
0
3.002652e-01
0
0
1.447213e-01
6.140283e-02
1.852988e-01
0
1.987856e-01
0
0
0
0
0
0
4.128303e-01
1.927172e-01
0
0
4.994469e-01
6.120590e-01
1.667343e-01
2.439483e-01
5.781784e-01
5.811319e-01
4.572307e-01
4.465569e-01
6.345308e-01
1
0
0
0
0
0
0
0
0
0
0
0
8.520274e-02
0
0
0
1.045759e-02
0
0
0
0
0
0
0
1.343394e-01
0
8.038486e-02
3.172884e-01
4.092834e-01
0
2.983540e-01
3.537948e-01
6.720314e-01
3.242087e-01
2.629083e-01
0
0
1.149230e-02
5.850513e-02
0
3.829382e-01
2.071071e-02
5.648132e-02
1.415341e-02
2.993867e-02
0
9.327065e-02
6.847982e-02
0
5.303818e-02
3.571799e-01
0
3.829185e-01
2.287624e-01
2.348550e-01
3.795484e-01
2.243172e-01
0
1.573969e-01
0
3.785315e-01
1.338974e-02
3.636348e-03
0
0
1.061192e-02
5.457779e-01
0
0
5.202826e-02
1.380044e-01
0
0
0
0
3.167313e-02
0
0
4.028030e-02
0
0
0
1.141467e-01
0
0
0
9.383140e-02
0
0
0
0
3.164326e-01
1.967991e-01
0
0
1.431062e-01
0
0
0
0
9.140751e-03
0
2.165671e-03
2.125737e-01
3.131467e-01
0
1.796133e-01
2.996910e-01
2.008176e-01
0
0
0
0
0
0
0
0
1
9.562648e-01
7.802221e-01
8.281496e-01
9.370014e-01
9.544793e-01
8.560263e-01
6.865750e-01
1.328086e-01
0
0
0
5.071729e-01
4.129690e-01
5.488911e-02
2.564745e-01
3.561971e-01
2.802808e-01
4.454392e-01
0
5.545857e-01
4.527216e-01
0
0
1.710515e-01
2.028036e-01
0
0
0
0
0
0
0
0
1.125148e-01
3.104313e-01
9.697696e-02
0
4.266973e-01
0
1.776111e-01
2.120464e-01
0
0
1.890925e-01
9.681043e-02
0
0
0
0
0
0
3.110464e-02
8.969053e-02
2.000921e-01
0
6.061018e-01
2.195288e-01
0
0
6.206488e-02
2.585992e-01
3.157906e-01
2.345913e-01
1.216336e-01
6.421390e-02
1.295862e-01
7.208369e-02
0
3.438438e-01
0
0
1.989771e-01
2.194540e-01
1.491607e-02
0
0
0
0
0
0
1.311343e-02
0
0
0
4.384985e-02
0
0
0
0
1.676735e-01
3.516356e-02
0
0
3.052668e-02
0
0
0
0
0
0
0
1.943958e-01
2.894749e-01
0
2.463474e-01
2.414607e-01
1.456434e-01
0
0
0
0
0
0
0
0
9.562648e-01
1
8.518279e-01
8.879729e-01
8.740268e-01
9.130544e-01
8.149490e-01
7.159074e-01
1.017396e-01
0
0
0
5.676753e-01
4.600563e-01
0
1.555967e-01
3.353713e-01
2.277789e-01
4.601561e-01
0
6.254996e-01
5.180642e-01
0
0
2.568983e-01
2.995030e-01
0
0
0
0
0
0
0
0
1.963877e-01
2.905946e-01
0
0
3.614079e-01
0
2.764204e-01
2.699201e-01
0
0
3.145173e-01
2.714606e-01
0
0
0
0
0
0
9.070171e-02
1.268803e-01
2.832220e-01
0
4.989749e-01
1.314477e-01
0
0
0
2.619695e-01
2.552354e-01
3.256326e-01
1.829926e-01
5.253248e-02
1.518324e-01
1.793320e-01
0
1.978734e-01
0
0
1.969196e-01
3.344715e-01
0
0
0
1.963126e-01
0
0
0
1.401746e-02
0
0
0
0
0
0
0
0
0
0
0
0
1.354915e-01
0
0
0
0
2.158441e-01
0
0
0
0
0
4.400888e-01
2.256928e-01
7.748408e-02
0
1.329885e-01
0
0
1.798047e-03
0
0
0
7.802221e-01
8.518279e-01
1
9.153511e-01
5.873517e-01
8.134969e-01
6.488480e-01
5.803722e-01
4.914894e-03
0
0
0
4.516406e-01
3.339231e-01
0
0
3.040153e-01
1.614461e-01
3.415127e-01
0
4.804789e-01
4.981064e-01
0
0
5.889598e-01
6.018799e-01
0
0
0
0
0
0
0
0
3.570870e-01
3.983897e-01
0
0
0
0
1.885647e-01
2.799687e-01
0
0
2.787808e-01
3.828870e-01
0
0
0
0
0
0
0
0
1.869007e-01
0
3.910310e-01
0
0
0
3.140421e-02
5.506644e-01
2.310522e-01
4.252244e-01
1.705317e-02
1.180891e-01
0
1.808814e-01
0
0
0
0
9.930661e-02
2.971331e-01
0
0
0
8.822346e-02
0
0
0
1.367637e-01
0
0
0
3.891748e-03
0
0
0
0
0
0
0
0
1.436760e-02
0
0
0
0
0
0
0
5.032220e-02
8.560358e-02
0
1.929589e-01
2.565291e-01
2.483601e-01
0
0
0
8.121503e-02
0
0
0
0
8.281496e-01
8.879729e-01
9.153511e-01
1
6.861978e-01
8.167840e-01
6.639522e-01
6.726913e-01
0
0
0
0
4.065767e-01
3.436795e-01
0
0
3.343647e-01
2.542381e-01
3.628861e-01
0
5.683959e-01
5.781718e-01
0
0
5.089214e-01
6.327948e-01
3.657328e-02
0
0
0
0
0
1.193539e-02
0
2.634140e-01
4.171744e-01
0
0
6.570578e-02
0
1.398249e-01
2.394780e-01
0
0
2.958865e-01
3.853839e-01
0
0
0
0
0
0
1.146687e-01
1.645638e-01
2.024168e-01
0
4.253193e-01
0
0
0
1.468287e-03
4.245718e-01
3.664755e-01
3.421791e-01
2.542730e-01
2.795622e-01
1.280284e-01
1.941329e-01
0
6.216341e-02
0
0
2.755244e-01
3.540139e-01
9.719429e-02
0
0
0
0
0
0
9.442252e-03
0
0
0
1.348825e-01
0
0
0
0
4.936018e-01
3.412480e-01
0
0
9.569361e-02
0
0
0
0
0
0
0
2.793617e-01
3.476843e-01
0
7.161672e-03
2.890011e-01
1.963449e-01
0
0
0
0
0
0
0
0
9.370014e-01
8.740268e-01
5.873517e-01
6.861978e-01
1
8.860948e-01
8.732101e-01
7.642236e-01
2.602947e-01
0
1.870446e-03
0
5.448490e-01
4.656417e-01
2.694358e-01
3.784281e-01
4.009893e-01
2.995373e-01
4.380885e-01
0
5.177509e-01
3.198692e-01
0
0
0
1.406961e-02
3.364083e-02
0
0
0
0
0
0
0
3.238749e-03
1.941923e-01
2.433391e-01
0
5.659459e-01
0
8.690731e-02
3.380521e-02
0
0
1.884642e-01
0
0
0
0
0
0
0
1.308292e-01
1.282851e-01
1.799667e-01
0
6.393263e-01
3.344390e-01
0
0
3.728385e-02
5.945260e-02
3.479569e-01
6.311649e-02
2.314732e-01
0
1.515908e-01
0
0
4.624426e-01
6.564460e-02
3.008568e-02
1.735664e-01
1.305598e-01
0
0
0
1.076215e-01
0
0
0
4.306358e-02
0
0
0
0
0
0
0
0
1.950695e-01
6.169220e-02
0
0
1.930088e-01
0
0
0
0
1.394042e-01
0
3.715298e-02
4.818460e-02
1.354247e-01
0
2.439528e-01
2.812854e-01
8.349031e-02
0
0
0
0
0
0
0
0
9.544793e-01
9.130544e-01
8.134969e-01
8.167840e-01
8.860948e-01
1
8.579756e-01
6.785762e-01
1.846545e-01
0
0
0
5.249520e-01
4.917852e-01
0
8.185730e-02
3.641324e-01
2.598267e-01
3.303233e-01
0
4.374398e-01
3.631365e-01
0
0
2.902805e-01
2.877773e-01
0
0
0
0
0
0
0
0
3.171934e-02
2.154834e-01
5.373046e-03
0
2.914869e-01
0
5.455380e-02
8.218033e-02
0
0
9.178398e-02
2.442956e-02
0
0
0
0
0
0
3.843925e-02
2.271736e-03
1.809227e-01
0
5.383825e-01
1.631396e-01
0
0
8.651366e-02
3.636483e-01
3.596042e-01
2.080688e-01
4.675634e-02
6.815371e-02
8.761281e-02
4.179211e-02
0
2.720868e-01
0
0
1.422052e-01
1.048749e-01
1.385195e-01
0
0
1.173150e-01
0
0
0
2.645601e-02
0
0
0
8.500085e-02
0
0
0
0
3.152601e-01
2.338584e-01
0
0
0
0
0
0
0
0
0
0
1.619890e-01
1.550343e-01
0
1.689032e-01
3.482954e-01
1.335868e-01
0
0
0
0
0
0
0
0
8.560263e-01
8.149490e-01
6.488480e-01
6.639522e-01
8.732101e-01
8.579756e-01
1
8.230613e-01
5.087355e-01
6.682863e-02
1.441438e-01
0
6.932759e-01
5.266195e-01
2.028460e-01
2.753042e-01
5.264074e-01
3.772906e-01
5.290636e-01
0
4.901185e-01
4.339864e-01
0
0
1.783690e-01
1.478254e-01
0
0
0
0
0
0
0
0
7.383604e-02
3.292942e-01
1.659225e-01
0
4.015576e-01
0
6.582817e-02
1.241780e-01
0
0
7.158125e-02
0
0
0
0
0
0
0
0
0
4.635666e-02
0
6.545764e-01
4.442252e-01
1.153592e-03
0
9.970693e-02
2.474905e-01
2.422149e-01
0
0
0
1.519217e-01
7.026628e-02
0
3.708334e-01
7.916204e-02
4.298138e-02
0
1.788169e-02
0
0
0
0
0
0
0
0
0
0
0
3.583465e-02
0
0
0
0
1.250801e-01
1.681071e-01
0
0
0
0
0
0
0
0
0
0
6.131989e-02
4.236096e-03
0
0
2.278992e-01
2.302104e-01
0
0
0
0
0
0
0
0
6.865750e-01
7.159074e-01
5.803722e-01
6.726913e-01
7.642236e-01
6.785762e-01
8.230613e-01
1.000000e+00
3.481063e-01
1.603909e-01
4.485133e-03
0
5.621362e-01
4.482246e-01
1.093165e-01
1.057833e-01
3.030403e-01
1.728053e-01
3.857624e-01
0
3.187015e-01
2.220058e-01
0
0
2.663925e-01
2.441436e-01
0
0
0
0
0
0
2.423844e-01
0
9.013109e-02
1.888212e-01
1.547242e-01
0
2.156776e-01
0
0
0
0
0
1.490948e-01
5.517316e-02
0
0
0
0
0
0
0
0
0
7.412135e-02
4.537993e-01
2.708839e-01
0
0
0
7.453922e-02
3.126861e-01
0
1.949369e-01
0
1.240106e-01
0
0
1.371641e-01
0
1.219119e-01
5.940330e-02
6.344739e-02
2.689070e-01
8.604030e-02
0
2.063506e-01
0
1.773891e-01
0
0
0
2.174968e-01
1.474912e-01
1.569436e-01
0
0
0
0
1.666980e-01
1.559612e-03
0
0
0
0
0
0
3.736716e-02
1.762173e-02
0
1.109525e-02
0
0
0
4.738307e-02
0
0
0
0
0
0
0
0
0
0
1.328086e-01
1.017396e-01
4.914894e-03
0
2.602947e-01
1.846545e-01
5.087355e-01
3.481063e-01
1.000000e+00
7.529916e-01
8.136922e-01
4.302903e-01
7.409285e-01
5.689490e-01
2.502441e-01
9.152101e-02
4.878980e-01
2.977241e-01
1.785143e-01
2.086808e-01
1.212955e-01
4.870398e-02
0
1.715480e-02
0
0
0
0
0
0
0
0
0
0
0
1.002309e-04
0
0
8.826966e-02
9.899711e-02
0
3.537822e-02
0
1.725286e-01
0
0
3.049055e-01
2.843551e-01
0
0
0
0
0
0
0
1.422511e-01
2.512476e-01
2.588723e-01
6.525187e-03
0
0
0
0
0
0
0
1.087611e-01
1.963859e-01
3.929235e-02
1.850845e-01
3.888025e-01
9.540835e-02
0
0
0
4.858502e-02
1.525298e-01
1.926351e-02
1.004092e-01
2.210095e-01
2.135891e-01
0
9.615738e-02
2.443917e-01
4.445230e-01
0
9.833338e-02
0
0
0
0
0
0
0
0
0
2.293021e-01
1.949046e-01
2.919844e-01
8.086461e-03
0
0
0
0
2.520019e-02
0
0
0
3.212655e-01
1.767848e-01
0
0
0
4.085514e-03
0
0
0
0
0
0
0
0
6.682863e-02
1.603909e-01
7.529916e-01
1.000000e+00
7.118888e-01
7.077478e-01
4.250580e-01
4.109404e-01
8.046839e-02
0
1.714486e-01
1.512248e-02
0
2.113519e-01
0
0
3.621098e-01
3.429278e-01
0
0
0
1.991953e-02
1.167960e-01
0
2.041340e-01
6.943966e-02
2.091681e-01
1.002570e-01
0
0
0
9.984709e-02
0
4.003500e-01
0
0
3.661636e-01
5.338288e-01
0
0
5.464353e-01
5.220597e-01
3.474275e-02
7.074134e-02
7.464487e-03
2.200610e-02
0
0
0
2.669902e-01
0
7.595768e-02
0
0
0
0
0
0
0
0
0
8.534219e-02
0
0
3.233556e-01
1.527993e-01
0
0
3.306865e-01
3.585838e-01
2.367599e-02
1.664558e-02
0
1.885717e-01
0
0
0
2.195868e-01
3.375386e-01
1.953929e-01
0
0
0
0
3.366987e-01
1.718809e-01
1.075220e-01
0
0
2.820486e-02
3.967811e-02
0
1.065377e-01
0
0
1.412303e-04
1.843494e-02
9.767848e-02
8.360711e-02
0
0
0
0
0
0
0
0
0
0
0
0
0
0
0
1.870446e-03
0
1.441438e-01
4.485133e-03
8.136922e-01
7.118888e-01
1
6.329702e-01
5.256324e-01
3.262476e-01
3.113608e-01
2.806251e-01
4.358331e-01
2.411890e-01
1.475977e-01
1.666372e-01
1.568118e-01
0
0
2.663984e-02
0
0
0
0
0
0
0
0
0
0
0
0
9.713563e-02
1.923333e-01
2.734352e-01
1.590000e-01
0
4.758740e-02
9.211754e-02
2.019138e-01
0
0
4.380520e-01
5.422507e-01
0
0
0
0
0
0
0
1.385509e-01
9.528228e-02
1.669049e-01
0
0
0
0
0
0
0
0
3.022161e-03
1.099329e-01
1.776480e-01
2.061628e-01
2.518084e-01
8.425953e-02
0
0
0
1.945748e-01
1.864799e-01
0
1.753480e-01
1.738697e-01
1.262111e-01
0
1.907928e-01
1.813914e-01
5.171662e-01
0
1.590502e-01
0
9.653257e-02
0
1.800514e-01
6.530202e-02
0
0
0
1.835256e-01
3.362390e-01
5.340228e-02
4.185295e-01
1.890997e-02
1.315961e-01
8.659640e-02
1.265805e-02
1.760679e-03
9.871535e-02
0
0
0
3.603619e-01
1.964568e-01
2.175487e-01
1.870393e-01
2.379896e-01
2.685200e-01
3.165777e-01
8.520274e-02
0
0
0
0
0
0
0
0
4.302903e-01
7.077478e-01
6.329702e-01
1.000000e+00
2.018660e-01
2.959177e-01
1.932531e-01
5.712059e-02
1.309037e-02
0
0
4.071916e-02
0
0
2.903802e-01
2.055583e-01
0
0
0
9.331843e-02
7.723706e-02
0
2.010235e-01
2.132853e-01
2.611024e-01
2.468016e-03
0
0
0
1.766789e-01
8.986937e-02
1.730905e-01
0
0
3.258134e-01
2.137780e-01
0
0
4.013549e-01
5.812080e-01
0
3.585432e-01
0
3.305255e-01
1.649095e-01
1.270287e-01
2.170181e-01
1.876628e-01
0
3.261896e-02
0
8.133865e-02
0
0
0
0
0
0
0
0
1.042973e-01
2.102922e-01
3.406300e-01
0
0
0
1.377747e-01
0
0
0
0
0
0
0
0
0
0
9.855001e-02
0
0
0
0
1.452515e-01
0
0
0
0
0
0
0
0
2.088059e-02
0
0
3.702114e-02
8.235791e-02
0
5.927418e-02
0
0
0
0
0
0
0
0
0
0
5.071729e-01
5.676753e-01
4.516406e-01
4.065767e-01
5.448490e-01
5.249520e-01
6.932759e-01
5.621362e-01
7.409285e-01
4.250580e-01
5.256324e-01
2.018660e-01
1
8.244106e-01
9.150684e-02
7.688791e-02
5.210197e-01
2.268850e-01
4.096579e-01
0
4.330752e-01
3.198335e-01
0
0
1.012632e-02
1.874582e-03
0
0
0
0
0
0
0
0
1.451054e-01
0
0
0
3.215406e-01
0
1.609833e-01
3.942396e-01
0
0
3.136679e-01
2.150377e-01
2.708975e-01
0
0
0
0
0
0
9.819684e-02
2.305077e-01
8.656159e-03
3.391991e-01
2.152987e-01
0
0
0
0
0
0
7.327304e-02
0
2.158651e-01
4.649529e-01
9.075344e-02
2.488830e-01
8.929883e-02
0
0
0
0
0
0
0
4.003753e-02
4.635306e-03
0
0
1.765550e-01
8.092908e-02
0
1.590652e-01
0
7.523741e-02
0
0
4.812305e-02
0
0
0
0
0
0
0
0
2.167316e-01
0
0
0
3.292689e-02
0
0
0
0
0
0
0
0
0
1.393482e-01
0
0
4.129690e-01
4.600563e-01
3.339231e-01
3.436795e-01
4.656417e-01
4.917852e-01
5.266195e-01
4.482246e-01
5.689490e-01
4.109404e-01
3.262476e-01
2.959177e-01
8.244106e-01
1
7.079373e-02
0
3.048507e-01
1.413239e-01
1.918074e-01
8.648452e-02
2.198690e-01
1.648472e-01
0
0
0
0
0
0
0
0
0
0
0
0
0
0
0
0
2.310251e-01
0
3.555097e-02
1.398954e-01
0
0
3.857839e-01
1.639446e-01
3.097258e-01
2.051397e-01
0
0
0
0
7.014140e-02
2.783543e-01
2.995968e-01
6.478108e-02
4.407922e-03
1.539494e-01
0
0
0
0
0
0
1.431084e-01
0
3.629243e-01
5.141052e-01
2.801485e-01
1.148932e-01
1.647827e-01
0
0
0
4.890409e-01
3.026256e-01
0
0
0
1.118989e-02
0
1.454437e-01
0
1.539397e-01
2.165823e-03
2.796436e-01
0
0
0
0
6.899173e-01
4.563320e-01
2.434226e-01
3.127384e-01
0
0
0
0
0
0
0
0
3.728051e-01
1.784820e-01
0
0
1.760779e-01
8.432815e-02
0
0
6.225547e-02
0
0
0
0
0
5.488911e-02
0
0
0
2.694358e-01
0
2.028460e-01
1.093165e-01
2.502441e-01
8.046839e-02
3.113608e-01
1.932531e-01
9.150684e-02
7.079373e-02
1
5.788153e-01
4.880368e-01
3.845373e-01
3.554625e-01
3.613701e-02
2.802438e-01
1.166877e-01
0
0
0
0
6.186360e-01
4.339612e-01
0
0
8.834948e-02
1.783606e-01
1.232717e-01
7.737509e-02
0
2.526789e-01
5.938118e-01
3.198472e-01
6.269035e-01
0
6.686332e-02
0
0
0
6.667485e-02
0
0
0
1.865410e-01
0
0
0
6.138358e-02
1.712075e-01
0
3.479572e-01
4.719339e-01
5.875110e-01
3.717846e-01
0
3.089333e-01
0
1.442952e-01
0
3.963315e-01
0
1.589090e-01
0
2.259626e-01
6.667908e-01
5.191535e-01
1.521923e-01
2.304610e-01
0
5.594712e-01
6.489849e-01
0
0
0
0
0
1.090575e-01
0
0
0
4.376325e-01
0
0
0
0
6.803057e-01
6.640655e-01
3.795522e-01
2.100681e-01
3.825700e-02
1.641535e-01
0
0
0
0
0
1.746409e-01
6.800002e-01
7.653297e-01
0
0
4.046500e-01
4.752700e-01
0
0
0
0
8.738321e-03
0
0
1.045759e-02
2.564745e-01
1.555967e-01
0
0
3.784281e-01
8.185730e-02
2.753042e-01
1.057833e-01
9.152101e-02
0
2.806251e-01
5.712059e-02
7.688791e-02
0
5.788153e-01
1
4.453569e-01
5.121122e-01
5.223082e-01
0
5.260178e-01
4.280029e-01
0
0
0
0
4.492629e-01
0
0
0
0
1.411451e-01
1.317728e-01
0
0
4.017873e-01
4.080370e-01
7.276556e-02
6.867358e-01
0
3.465936e-01
1.503320e-01
0
0
2.678923e-01
0
0
5.303474e-02
0
0
0
0
0
2.047774e-01
9.927470e-02
1.514547e-01
5.325965e-01
6.147490e-01
8.579081e-02
0
1.449908e-01
0
2.816837e-01
0
9.904196e-02
0
3.260591e-02
0
2.476543e-01
6.111082e-01
0
2.129748e-01
1.071544e-01
2.883149e-01
3.300763e-01
5.664852e-03
0
2.456107e-01
0
0
0
1.339873e-01
0
0
0
3.004801e-01
0
0
0
0
2.585313e-01
0
0
0
0
0
0
0
0
0
0
0
1.719475e-01
1.015637e-01
0
5.992967e-03
3.249007e-01
1.275877e-01
0
0
0
0
0
0
0
0
3.561971e-01
3.353713e-01
3.040153e-01
3.343647e-01
4.009893e-01
3.641324e-01
5.264074e-01
3.030403e-01
4.878980e-01
1.714486e-01
4.358331e-01
1.309037e-02
5.210197e-01
3.048507e-01
4.880368e-01
4.453569e-01
1
8.348588e-01
6.651239e-01
7.888687e-02
7.241210e-01
6.393819e-01
0
0
4.886837e-02
2.533006e-01
3.310528e-01
0
0
0
2.655607e-02
0
7.936744e-02
6.081313e-02
1.254596e-01
5.153315e-01
0
0
3.750050e-01
0
6.814635e-02
1.506145e-01
0
0
1.126647e-01
0
1.573453e-01
0
0
0
0
0
0
6.698746e-02
0
1.067887e-01
6.430663e-01
4.142724e-01
1.978370e-01
0
2.890749e-01
1.384794e-01
3.249070e-01
1.066036e-01
2.401351e-01
6.393774e-02
4.021814e-02
1.091621e-01
2.026697e-01
4.046276e-01
1.388494e-01
0
0
2.734089e-01
3.733544e-01
1.751303e-01
0
3.344591e-01
0
0
0
4.508267e-01
0
0
0
5.575722e-01
0
5.437039e-02
0
0
2.482983e-01
0
0
0
0
0
0
0
0
0
0
0
1.839753e-01
1.970577e-01
0
0
3.802104e-01
3.811150e-01
0
0
0
0
0
0
0
0
2.802808e-01
2.277789e-01
1.614461e-01
2.542381e-01
2.995373e-01
2.598267e-01
3.772906e-01
1.728053e-01
2.977241e-01
1.512248e-02
2.411890e-01
0
2.268850e-01
1.413239e-01
3.845373e-01
5.121122e-01
8.348588e-01
1
5.810837e-01
3.384665e-01
5.906837e-01
7.095630e-01
0
0
0
2.786325e-01
3.421870e-01
0
0
0
1.149211e-03
1.851775e-02
0
9.235739e-04
0
4.906107e-01
0
0
2.328091e-01
0
0
9.439076e-02
0
0
3.919588e-02
0
1.018722e-01
0
0
0
0
0
0
1.005651e-01
0
1.722728e-01
5.223451e-01
4.703706e-01
1.313943e-01
0
3.536355e-01
4.842992e-02
3.589429e-01
0
2.308345e-01
2.326175e-01
1.586540e-01
1.133935e-01
3.774568e-01
2.668721e-01
1.090320e-01
0
0
3.110599e-01
3.872202e-01
1.521420e-01
0
0
0
0
0
1.317681e-01
0
0
0
3.692513e-01
0
0
0
0
3.104576e-01
1.966471e-01
2.480220e-02
0
0
0
0
0
0
0
0
0
5.014418e-01
3.498226e-01
0
0
4.446043e-01
2.798901e-01
0
0
0
0
1.216846e-01
0
0
0
4.454392e-01
4.601561e-01
3.415127e-01
3.628861e-01
4.380885e-01
3.303233e-01
5.290636e-01
3.857624e-01
1.785143e-01
0
1.475977e-01
0
4.096579e-01
1.918074e-01
3.554625e-01
5.223082e-01
6.651239e-01
5.810837e-01
1.000000e+00
0
7.214379e-01
6.438471e-01
0
0
0
6.846937e-02
3.169078e-01
0
0
0
0
0
5.016931e-02
0
2.994022e-01
5.680061e-01
7.929886e-02
0
6.018614e-01
0
3.032864e-01
4.612913e-01
0
0
2.481352e-01
2.472911e-01
0
0
0
0
0
0
0
6.988538e-02
0
1.333806e-01
6.351602e-01
5.636913e-01
0
0
1.354664e-01
0
0
1.528085e-01
1.924018e-01
9.309950e-02
0
1.100259e-01
4.517045e-02
4.493089e-01
0
0
0
4.953718e-01
2.839981e-01
1.143319e-01
0
4.222246e-01
1.960167e-01
3.415099e-01
0
6.823324e-01
0
3.357557e-01
1.089462e-01
4.943535e-01
2.461679e-01
5.608666e-01
4.705019e-02
3.002940e-01
0
0
0
0
3.773179e-02
9.282486e-02
0
9.718539e-02
2.591281e-01
2.633265e-01
3.265588e-01
3.423224e-01
0
0
0
0
0
0
1.132402e-01
2.254530e-01
0
0
0
0
0
0
0
0
0
0
0
0
0
0
2.086808e-01
2.113519e-01
1.666372e-01
4.071916e-02
0
8.648452e-02
3.613701e-02
0
7.888687e-02
3.384665e-01
0
1
0
1.137893e-01
8.535577e-02
6.454989e-01
0
0
0
0
2.775041e-02
1.729313e-01
0
0
0
0
0
0
0
0
0
1.694255e-01
0
9.509946e-02
1.614346e-02
5.300260e-01
6.968790e-02
0
3.812519e-01
4.308451e-01
1.312290e-01
0
5.651283e-02
9.560905e-02
0
0
0
2.802564e-01
0
0
1.128907e-01
0
8.974438e-02
0
0
0
0
0
2.128499e-01
4.229846e-01
5.749209e-01
0
2.510520e-01
3.449950e-02
0
0
4.647037e-01
3.049766e-02
0
8.413508e-03
0
0
0
1.386441e-01
0
0
0
3.594175e-01
0
0
0
0
2.785529e-01
1.896046e-02
0
8.105761e-02
0
0
0
0
0
0
0
0
4.372304e-01
5.001702e-01
0
1.294114e-01
2.078508e-01
1.852631e-01
0
0
0
0
4.248561e-02
0
0
0
5.545857e-01
6.254996e-01
4.804789e-01
5.683959e-01
5.177509e-01
4.374398e-01
4.901185e-01
3.187015e-01
1.212955e-01
0
1.568118e-01
0
4.330752e-01
2.198690e-01
2.802438e-01
5.260178e-01
7.241210e-01
5.906837e-01
7.214379e-01
0
1
8.140555e-01
0
0
0
2.050138e-01
3.980373e-01
0
0
0
0
0
1.489647e-03
0
2.216935e-01
5.557732e-01
3.353490e-02
0
5.594725e-01
0
5.142060e-01
3.970768e-01
0
0
4.013441e-01
2.367590e-01
0
0
0
0
0
0
5.036483e-02
2.921547e-01
1.341105e-01
0
5.236167e-01
2.252159e-01
8.326561e-04
0
4.677171e-02
6.923879e-02
3.092256e-01
4.686707e-01
3.860301e-01
7.172675e-02
1.477957e-01
2.981846e-01
2.440333e-01
3.112162e-01
0
0
3.096629e-01
6.712153e-01
4.831939e-01
1.040240e-01
0
2.215450e-01
0
0
0
3.924778e-01
0
0
0
3.772449e-01
0
3.957756e-02
0
0
5.404654e-02
0
0
0
0
0
0
0
0
0
0
0
4.021894e-01
4.074193e-01
0
1.138457e-01
4.035907e-01
3.766957e-01
0
0
0
1.530609e-02
1.369444e-01
5.574911e-02
0
0
4.527216e-01
5.180642e-01
4.981064e-01
5.781718e-01
3.198692e-01
3.631365e-01
4.339864e-01
2.220058e-01
4.870398e-02
0
0
0
3.198335e-01
1.648472e-01
1.166877e-01
4.280029e-01
6.393819e-01
7.095630e-01
6.438471e-01
1.137893e-01
8.140555e-01
1
0
0
6.717161e-02
4.137051e-01
3.297348e-01
0
0
0
0
2.235509e-02
0
8.874622e-03
2.410550e-01
6.457018e-01
0
0
2.534815e-01
0
4.577865e-01
5.115906e-01
0
0
3.954485e-01
2.895745e-01
8.490165e-02
0
0
0
0
0
0
1.929765e-01
2.482181e-01
1.728011e-02
4.633976e-01
3.659410e-01
0
0
1.553690e-01
3.314457e-01
1.844032e-01
3.123992e-01
2.037497e-01
2.238305e-01
2.699234e-01
5.003615e-01
3.513273e-01
2.031344e-01
0
0
1.425795e-01
5.274144e-01
0
0
7.620613e-01
7.606016e-02
6.693447e-01
4.116941e-01
8.387495e-01
0
6.027670e-01
3.578487e-01
6.054196e-01
0
4.511159e-01
9.651527e-03
5.612818e-01
4.407416e-01
0
0
0
0
0
9.469153e-02
8.668114e-01
7.911211e-01
7.256852e-01
4.256326e-01
4.430339e-01
2.997753e-02
0
0
4.016177e-01
2.113060e-01
0
0
8.166016e-01
6.080174e-01
0
0
1.283722e-01
0
2.627290e-01
0
0
0
0
0
0
0
0
0
0
3.621098e-01
0
2.903802e-01
0
0
0
0
0
0
0
8.535577e-02
0
0
1
6.271221e-01
3.648026e-01
0
0
9.730525e-02
6.400578e-01
2.346924e-01
2.966468e-01
0
2.736403e-02
1.861845e-02
6.158278e-02
0
0
1.110685e-01
0
2.245583e-01
0
0
8.688624e-01
6.037377e-01
0
0
2.067021e-01
2.720016e-01
4.153431e-01
6.902570e-01
6.765913e-01
6.563992e-01
0
0
0
0
0
0
1.124235e-01
7.257006e-01
0
4.332228e-02
0
0
0
0
0
0
0
0
1.122160e-01
0
0
0
0
1.100138e-01
3.382571e-01
1.522064e-01
5.822273e-01
5.348989e-01
3.635776e-01
2.331377e-01
3.921788e-01
5.183797e-01
4.301262e-01
1.308330e-01
5.953628e-01
4.631827e-01
4.557388e-01
5.742607e-01
0
0
2.138052e-02
0
1.159824e-01
3.446384e-01
5.167016e-01
5.358104e-01
6.671909e-01
3.380227e-01
5.339102e-01
3.204130e-01
0
0
1.256733e-01
0
0
0
4.739541e-01
4.302269e-01
0
0
0
8.722126e-02
0
1.343394e-01
0
0
0
0
0
0
0
0
1.715480e-02
3.429278e-01
2.663984e-02
2.055583e-01
0
0
0
0
0
0
0
6.454989e-01
0
0
6.271221e-01
1.000000e+00
0
0
0
1.609109e-01
3.593008e-01
5.035817e-01
9.769022e-02
0
0
7.617645e-03
0
0
0
1.440457e-02
0
5.036587e-01
0
0
5.238500e-01
8.281664e-01
0
0
3.068847e-01
6.033859e-01
2.984650e-01
2.775435e-01
5.286479e-01
5.717532e-01
0
0
0
1.887698e-01
0
0
3.716351e-02
4.963142e-01
0
0
0
0
0
0
8.121669e-02
0
7.305144e-02
0
1.884157e-01
2.676066e-01
0
0
0
0
1.612923e-01
3.358193e-01
0
0
3.880350e-01
0
0
0
0
0
0
0
0
1.780898e-01
0
0
0
0
3.662350e-03
0
1.721965e-01
3.293528e-01
0
9.258462e-02
0
0
0
0
1.120154e-01
4.893176e-01
1.572397e-01
0
3.770913e-01
4.744925e-01
9.814598e-03
3.659151e-02
5.721389e-02
0
2.004850e-01
0
1.710515e-01
2.568983e-01
5.889598e-01
5.089214e-01
0
2.902805e-01
1.783690e-01
2.663925e-01
0
0
0
0
1.012632e-02
0
0
0
4.886837e-02
0
0
0
0
6.717161e-02
3.648026e-01
0
1
8.272523e-01
0
0
1.084997e-01
8.772870e-03
2.448721e-01
3.668753e-02
1.538009e-01
2.541468e-01
4.599689e-01
3.309358e-01
0
0
0
0
0
0
2.336383e-01
9.712255e-02
0
2.130351e-01
0
0
2.670589e-01
9.893137e-02
3.804757e-01
0
0
0
0
0
1.093695e-01
0
1.496417e-01
2.643957e-01
2.440820e-01
5.893506e-01
3.526821e-02
2.814039e-01
0
2.411342e-01
0
0
0
0
0
0
0
9.014060e-02
0
0
0
3.779100e-01
0
0
0
8.652223e-02
0
0
0
0
0
7.134928e-02
0
7.080685e-02
0
0
0
0
2.539538e-02
0
0
2.247667e-02
0
0
0
0
0
0
0
2.621240e-01
2.443333e-01
2.712570e-01
1.097363e-01
4.247876e-01
1.733038e-02
1.494382e-01
2.819071e-02
1.002809e-01
4.402380e-02
8.038486e-02
2.028036e-01
2.995030e-01
6.018799e-01
6.327948e-01
1.406961e-02
2.877773e-01
1.478254e-01
2.441436e-01
0
0
0
0
1.874582e-03
0
0
0
2.533006e-01
2.786325e-01
6.846937e-02
0
2.050138e-01
4.137051e-01
0
0
8.272523e-01
1.000000e+00
2.458388e-02
3.713474e-02
0
0
2.275107e-01
1.912103e-01
1.738766e-01
3.403079e-01
3.076462e-01
4.383377e-01
0
0
0
0
0
6.543352e-02
0
1.464281e-01
0
3.014986e-01
0
0
9.480015e-02
0
1.295923e-01
0
0
0
1.620837e-02
7.355153e-03
1.417773e-01
0
0
0
1.922741e-01
4.630580e-01
2.624333e-01
2.601296e-01
3.895539e-02
5.223316e-01
0
2.602033e-02
0
0
0
0
0
2.728285e-01
4.271392e-01
2.634400e-01
0
0
0
0
0
7.881922e-02
0
0
0
2.007559e-01
0
1.027491e-01
0
0
2.927330e-01
1.015853e-01
1.942908e-01
5.985308e-01
0
0
0
0
0
0
0
0
5.608175e-01
3.156368e-01
0
0
3.602300e-01
4.098616e-01
0
0
4.611904e-01
3.083710e-01
2.240312e-01
3.041351e-01
3.370443e-01
3.172884e-01
0
0
0
3.657328e-02
3.364083e-02
0
0
0
0
0
0
0
0
0
6.186360e-01
4.492629e-01
3.310528e-01
3.421870e-01
3.169078e-01
0
3.980373e-01
3.297348e-01
0
0
0
2.458388e-02
1
6.453100e-01
0
0
4.481090e-01
6.836831e-01
4.983290e-01
5.816322e-01
2.217272e-01
3.627552e-01
2.170155e-01
0
3.863695e-01
0
2.353469e-01
2.106511e-02
0
0
3.373941e-01
0
0
0
9.045427e-02
0
0
0
4.002870e-01
4.326103e-01
1.443459e-01
2.640721e-01
3.478890e-01
3.650940e-01
6.433954e-02
0
2.543864e-01
0
1.129998e-01
0
6.658343e-01
3.427588e-01
7.681478e-02
0
1.593036e-01
4.881172e-01
1.661017e-01
0
2.814193e-01
3.499962e-01
0
2.965091e-02
0
0
0
0
0
0
1.968536e-02
0
1.757683e-01
0
1.324275e-01
2.602179e-01
0
1.424494e-01
1.975784e-02
0
2.359574e-01
5.770872e-01
0
0
2.147377e-01
2.275246e-01
0
0
0
0
5.331253e-02
0
0
0
0
2.125434e-01
0
0
5.233488e-01
4.240733e-01
0
3.546053e-01
4.249144e-01
4.092834e-01
0
0
0
0
0
0
0
0
0
1.991953e-02
0
9.331843e-02
0
0
4.339612e-01
0
0
0
0
0
0
0
9.730525e-02
1.609109e-01
0
3.713474e-02
6.453100e-01
1.000000e+00
0
1.180765e-01
5.453959e-01
6.332328e-01
4.568202e-01
5.724757e-01
0
0
2.230257e-01
2.374334e-01
0
1.944965e-01
0
0
1.032474e-01
0
0
0
3.117275e-02
1.133396e-02
3.366456e-01
2.500178e-01
2.529667e-01
3.072798e-01
4.347596e-01
2.516065e-01
0
3.821660e-01
0
2.249053e-02
5.929659e-02
2.818131e-01
9.034065e-02
0
1.318711e-01
0
5.316160e-01
2.713338e-01
1.285263e-01
0
0
1.649179e-02
2.282045e-01
1.007763e-01
3.207225e-01
3.272918e-02
0
0
5.518480e-01
0
6.816959e-01
4.838953e-01
6.662650e-01
0
4.795482e-01
4.840788e-01
5.113195e-01
0
3.061434e-01
0
3.511015e-01
3.392984e-01
0
2.123217e-02
2.292163e-01
2.943487e-02
4.597859e-01
3.481977e-01
6.068396e-01
6.006576e-01
7.119129e-01
3.698326e-01
6.730338e-01
3.235959e-01
0
0
2.958874e-01
2.125043e-01
0
0
5.795972e-01
2.786064e-01
0
0
0
0
0
0
0
0
0
0
0
0
0
0
0
1.167960e-01
0
7.723706e-02
0
0
0
0
0
0
0
2.775041e-02
0
0
6.400578e-01
3.593008e-01
1.084997e-01
0
0
0
1
4.360666e-01
1.819392e-01
0
7.050796e-03
0
7.139424e-02
0
1.293274e-01
2.293659e-01
0
5.252883e-02
0
0
3.356784e-01
2.300206e-01
0
0
0
8.928544e-02
5.675654e-01
4.791026e-01
4.480609e-01
3.688613e-01
0
0
0
0
0
0
4.418178e-01
4.085727e-01
3.403394e-01
1.213121e-01
0
0
0
0
0
0
0
0
4.322922e-01
2.627056e-01
0
0
7.662624e-02
2.942823e-01
1.387693e-01
0
3.087427e-01
1.887666e-01
2.354703e-01
2.676902e-01
1.550309e-01
1.669563e-01
1.719550e-01
8.994786e-02
5.348622e-01
3.511954e-01
4.212751e-01
5.986616e-01
0
6.096669e-02
4.136744e-01
2.890692e-01
5.269754e-01
6.662228e-01
2.397292e-01
2.926427e-01
2.764021e-01
2.117073e-02
4.158641e-01
3.211112e-01
0
0
0
0
0
5.033518e-02
1.794352e-01
1.869570e-01
0
0
0
0
0
2.983540e-01
0
0
0
0
0
0
0
0
0
0
0
0
0
0
0
0
0
0
0
1.729313e-01
0
0
2.346924e-01
5.035817e-01
8.772870e-03
0
0
1.180765e-01
4.360666e-01
1.000000e+00
1.131229e-01
2.035990e-01
4.896476e-03
2.393199e-01
8.076448e-02
1.637769e-02
0
0
0
1.963223e-01
0
0
1.780775e-02
2.339199e-01
0
1.211540e-04
0
0
5.279626e-01
1.844336e-01
4.837604e-01
2.996315e-01
0
0
0
6.397615e-02
0
0
3.006734e-01
3.771950e-01
3.165891e-01
2.749054e-03
0
0
0
1.682339e-01
0
0
0
0
1.583543e-01
3.933489e-01
0
0
0
6.918192e-02
1.709557e-01
0
0
0
2.770957e-01
0
0
0
3.662873e-01
0
8.179842e-02
0
0
0
0
0
2.279002e-01
4.466562e-01
7.601400e-03
1.167183e-02
3.354605e-01
2.347523e-01
1.483501e-01
0
0
0
1.062220e-02
0
2.376662e-01
0
3.091720e-01
1.724811e-01
1.812200e-01
8.239570e-02
3.893984e-01
1.771641e-01
3.803044e-01
1.421527e-01
5.355517e-01
3.537948e-01
0
0
0
0
0
0
0
0
0
2.041340e-01
0
2.010235e-01
0
0
8.834948e-02
0
2.655607e-02
1.149211e-03
0
0
0
0
2.966468e-01
9.769022e-02
2.448721e-01
2.275107e-01
4.481090e-01
5.453959e-01
1.819392e-01
1.131229e-01
1
7.161425e-01
8.650789e-01
7.152894e-01
1.888072e-01
1.506629e-01
0
0
0
0
0
0
2.721821e-01
1.138524e-01
7.440379e-03
0
1.379550e-02
2.484745e-02
3.836963e-01
2.187163e-01
0
7.510748e-02
1.724371e-01
0
0
0
2.485183e-02
1.027858e-01
1.372250e-01
2.238463e-01
3.416897e-01
7.338053e-02
5.717906e-02
0
1.437237e-01
8.476157e-02
0
0
0
0
8.520746e-02
1.585319e-01
0
5.594703e-02
1.221555e-01
3.407893e-01
0
0
0
0
0
0
0
0
1.844006e-01
0
1.964396e-01
0
0
0
0
0
2.113580e-01
4.800164e-01
0
7.225584e-02
0
0
0
0
0
0
3.805204e-01
1.095014e-01
0
0
3.760124e-01
5.083872e-01
0
0
5.147530e-01
5.341726e-01
3.609535e-01
3.785837e-01
6.068991e-01
6.720314e-01
0
0
0
0
0
0
0
0
0
6.943966e-02
0
2.132853e-01
0
0
1.783606e-01
1.411451e-01
0
1.851775e-02
0
0
0
2.235509e-02
0
0
3.668753e-02
1.912103e-01
6.836831e-01
6.332328e-01
0
2.035990e-01
7.161425e-01
1.000000e+00
7.551178e-01
7.589920e-01
1.861049e-01
2.008466e-01
0
0
0
6.553783e-02
2.915839e-03
0
0
0
6.424007e-02
0
4.674111e-02
0
2.694761e-01
1.258635e-01
0
2.151303e-02
2.787236e-01
1.562578e-01
2.162624e-01
3.300316e-01
9.873427e-02
1.530807e-01
0
1.130926e-01
1.491967e-01
0
0
0
2.379785e-01
3.677429e-01
0
0
0
2.137775e-01
5.441187e-02
1.998488e-02
0
2.549322e-02
0
8.869661e-02
0
0
0
0
1.191555e-01
0
0
0
1.381805e-01
0
0
0
0
0
0
0
2.236221e-01
3.479341e-01
3.491003e-02
2.581709e-02
7.776583e-02
0
0
0
0
0
2.369579e-01
3.699871e-03
0
0
3.631746e-01
3.166033e-01
0
0
4.194244e-01
2.728067e-01
3.263113e-01
1.821023e-01
5.368513e-01
3.242087e-01
0
0
0
1.193539e-02
0
0
0
2.423844e-01
0
2.091681e-01
0
2.611024e-01
0
0
1.232717e-01
1.317728e-01
7.936744e-02
0
5.016931e-02
0
1.489647e-03
0
2.736403e-02
0
1.538009e-01
1.738766e-01
4.983290e-01
4.568202e-01
7.050796e-03
4.896476e-03
8.650789e-01
7.551178e-01
1.000000e+00
7.270296e-01
1.849250e-01
1.363713e-01
1.869650e-02
0
0
0
0
0
2.277662e-02
0
2.032214e-01
0
0
0
2.015397e-01
1.198211e-01
0
0
2.963958e-01
2.190812e-02
1.036761e-01
7.844158e-02
1.948732e-01
1.486037e-01
0
1.945737e-02
1.107164e-01
0
1.688934e-01
0
2.516714e-01
1.013088e-01
0
0
0
1.642656e-01
0
2.395626e-01
0
6.600444e-02
1.426638e-01
9.285493e-02
0
0
0
0
1.797367e-03
0
0
0
1.657467e-01
0
4.039853e-02
1.675439e-01
0
4.397969e-02
0
0
1.942303e-01
4.773475e-01
2.699198e-02
0
9.777620e-02
1.907722e-01
0
0
0
0
6.102794e-02
0
0
0
1.944456e-01
1.702343e-01
0
0
2.999572e-01
2.461653e-01
1.097225e-01
2.850020e-01
3.812391e-01
2.629083e-01
0
0
0
0
0
0
0
0
0
1.002570e-01
0
2.468016e-03
0
0
7.737509e-02
0
6.081313e-02
9.235739e-04
0
0
0
8.874622e-03
1.861845e-02
7.617645e-03
2.541468e-01
3.403079e-01
5.816322e-01
5.724757e-01
0
2.393199e-01
7.152894e-01
7.589920e-01
7.270296e-01
1.000000e+00
3.044268e-01
1.344961e-01
0
0
0
4.356877e-02
0
0
0
6.236387e-02
1.055885e-01
0
1.457767e-03
0
3.284003e-01
0
9.365331e-02
0
3.637372e-01
0
6.433607e-02
4.483720e-02
5.360718e-02
0
7.503069e-02
1.066289e-02
2.598152e-01
4.401192e-02
6.356875e-02
0
2.928664e-01
1.827677e-01
4.019107e-02
0
0
1.845888e-02
1.441765e-01
2.254938e-01
1.259876e-02
0
2.194495e-01
0
0
1.142410e-02
0
0
9.723799e-02
0
0
0
9.116186e-02
0
8.640530e-02
0
8.843021e-03
7.235660e-02
0
0
0
2.165608e-01
0
0
0
1.913093e-02
0
0
0
0
1.944674e-02
0
1.709106e-02
3.880811e-01
1.476870e-01
0
8.746509e-02
7.233442e-02
5.365829e-02
0
2.225237e-01
0
9.380512e-02
0
1.125148e-01
1.963877e-01
3.570870e-01
2.634140e-01
3.238749e-03
3.171934e-02
7.383604e-02
9.013109e-02
0
0
0
0
1.451054e-01
0
0
0
1.254596e-01
0
2.994022e-01
0
2.216935e-01
2.410550e-01
6.158278e-02
0
4.599689e-01
3.076462e-01
2.217272e-01
0
7.139424e-02
8.076448e-02
1.888072e-01
1.861049e-01
1.849250e-01
3.044268e-01
1.000000e+00
5.495830e-01
0
0
0
0
2.980480e-01
4.357282e-01
0
0
2.468381e-01
3.272432e-01
0
0
2.591455e-01
9.379817e-03
0
0
0
0
7.192954e-03
0
4.358219e-01
6.073062e-02
1.834392e-01
0
3.760448e-01
3.973072e-01
0
2.378517e-01
9.240151e-02
3.566031e-02
0
1.064615e-01
0
1.196832e-01
0
0
0
1.180335e-01
3.791845e-01
1.589427e-01
0
3.043563e-01
0
0
0
1.933899e-01
0
0
0
5.723306e-02
0
0
0
0
5.123395e-02
3.638041e-02
6.959659e-02
1.970630e-01
0
0
0
0
0
0
0
0
2.307853e-01
1.060685e-01
0
2.591823e-01
4.922266e-01
3.890415e-01
0
0
0
0
7.097602e-02
0
0
0
3.104313e-01
2.905946e-01
3.983897e-01
4.171744e-01
1.941923e-01
2.154834e-01
3.292942e-01
1.888212e-01
1.002309e-04
0
0
0
0
0
2.526789e-01
4.017873e-01
5.153315e-01
4.906107e-01
5.680061e-01
0
5.557732e-01
6.457018e-01
0
0
3.309358e-01
4.383377e-01
3.627552e-01
0
0
1.637769e-02
1.506629e-01
2.008466e-01
1.363713e-01
1.344961e-01
5.495830e-01
1.000000e+00
4.176911e-02
0
8.073008e-02
0
2.691438e-01
2.751508e-01
0
0
4.103498e-02
0
0
0
1.853032e-01
0
0
0
0
0
0
3.766500e-02
6.584373e-01
4.059382e-01
4.330251e-01
0
5.740492e-01
4.278698e-01
1.616204e-01
2.468433e-01
0
9.905049e-02
0
0
0
2.979747e-01
0
0
3.665074e-02
4.269279e-01
1.945335e-01
2.961731e-01
1.655178e-01
0
0
2.392129e-01
3.277160e-02
0
3.596653e-02
3.496739e-01
0
4.818045e-02
9.232839e-03
0
1.313058e-01
0
6.968058e-01
8.149282e-01
6.078370e-01
3.838057e-01
0
0
0
0
0
0
2.758501e-03
8.581835e-02
4.360638e-01
2.902660e-01
4.486746e-02
0
1.630241e-01
1.121040e-01
0
0
7.434532e-02
0
0
0
5.755258e-02
1.149230e-02
9.697696e-02
0
0
0
2.433391e-01
5.373046e-03
1.659225e-01
1.547242e-01
0
0
9.713563e-02
0
0
0
5.938118e-01
4.080370e-01
0
0
7.929886e-02
0
3.353490e-02
0
0
0
0
0
2.170155e-01
2.230257e-01
1.293274e-01
0
0
0
1.869650e-02
0
0
4.176911e-02
1
7.704342e-01
6.042971e-01
2.051721e-02
2.069269e-01
0
0
0
0
0
0
0
1.626355e-01
1.488337e-01
0
0
3.492775e-02
0
0
9.081181e-02
2.877310e-01
4.001545e-01
3.848248e-01
0
2.238330e-01
0
1.576787e-01
0
1.360306e-01
0
1.650200e-01
0
0
4.541870e-01
1.282633e-01
2.923201e-01
4.426847e-01
0
1.052064e-02
2.456204e-01
5.162536e-01
0
2.036232e-01
4.164177e-01
3.373524e-01
0
4.397845e-01
5.122008e-01
3.180301e-01
0
2.472045e-01
0
4.353815e-01
1.452707e-01
5.030368e-01
6.128336e-01
5.497766e-01
2.664471e-01
0
0
2.851512e-01
1.828784e-01
2.582534e-01
0
1.364516e-01
2.888478e-02
2.377435e-01
1.179776e-01
2.302420e-01
0
0
0
0
0
1.986783e-01
0
0
0
2.380987e-01
5.850513e-02
0
0
0
0
0
0
0
0
0
9.984709e-02
1.923333e-01
1.766789e-01
0
0
3.198472e-01
7.276556e-02
0
0
0
0
0
0
1.110685e-01
1.440457e-02
0
0
0
2.374334e-01
2.293659e-01
0
0
0
0
0
0
0
7.704342e-01
1
4.109541e-01
3.367439e-01
7.423056e-02
0
2.425505e-01
0
0
0
6.815157e-02
2.611363e-01
0
4.050930e-01
1.251931e-01
2.612852e-01
1.703056e-01
3.097013e-03
0
0
0
1.541934e-01
1.133043e-01
1.833377e-01
0
0
0
0
1.150288e-02
0
2.660034e-01
0
0
8.828485e-02
1.439430e-01
1.281721e-01
2.470360e-01
0
4.306358e-01
3.217386e-01
0
0
0
0
0
0
0
4.045018e-02
0
2.982799e-01
0
0
0
0
8.222692e-01
6.500118e-01
2.986049e-01
1.112487e-01
0
0
0
0
0
0
0
0
7.395152e-01
6.862239e-01
0
0
2.635129e-01
1.415529e-01
0
0
8.854373e-02
0
1.122605e-02
0
4.048477e-03
0
4.266973e-01
3.614079e-01
0
6.570578e-02
5.659459e-01
2.914869e-01
4.015576e-01
2.156776e-01
8.826966e-02
0
2.734352e-01
8.986937e-02
3.215406e-01
2.310251e-01
6.269035e-01
6.867358e-01
3.750050e-01
2.328091e-01
6.018614e-01
0
5.594725e-01
2.534815e-01
0
0
0
0
3.863695e-01
0
0
0
0
0
0
0
0
8.073008e-02
6.042971e-01
4.109541e-01
1
0
4.690669e-01
2.423438e-01
0
0
2.533692e-01
0
0
0
0
0
0
0
1.642625e-01
3.674457e-01
1.279289e-01
4.477348e-02
4.856914e-01
5.144522e-01
0
0
0
0
8.488883e-02
9.071666e-02
3.409659e-01
0
1.373910e-01
3.890164e-02
2.342535e-01
7.128883e-01
1.322209e-01
0
2.395464e-01
2.924651e-01
0
1.793874e-01
1.776949e-01
7.729824e-02
9.105694e-02
3.210322e-01
1.924032e-01
7.443127e-02
2.947703e-01
3.828027e-01
3.608289e-01
1.303790e-01
3.681708e-01
3.268436e-01
3.187676e-01
4.595544e-01
0
4.682741e-02
9.674267e-02
0
0
9.754851e-02
1.111629e-01
1.506246e-01
1.780607e-01
0
0
0
0
0
0
0
0
5.443186e-02
3.201905e-01
2.557334e-01
0
0
0
2.140111e-01
7.421359e-02
3.829382e-01
0
0
0
0
0
0
0
0
9.899711e-02
4.003500e-01
1.590000e-01
1.730905e-01
0
0
0
0
0
0
0
1.694255e-01
0
0
2.245583e-01
5.036587e-01
0
0
0
1.944965e-01
5.252883e-02
1.963223e-01
0
6.553783e-02
0
4.356877e-02
0
0
2.051721e-02
3.367439e-01
0
1
0
0
2.894987e-01
6.269530e-01
0
9.451763e-03
3.745586e-01
2.377234e-01
7.443965e-02
1.467336e-01
2.950004e-01
3.164360e-01
0
0
0
3.634963e-01
0
0
0
1.509554e-01
0
0
0
0
0
3.200757e-01
2.570925e-01
0
9.675082e-02
0
2.105397e-01
1.886521e-01
0
0
4.294108e-01
2.094331e-01
0
0
0
0
0
0
0
0
0
0
1.573851e-02
0
2.450390e-01
0
2.430124e-01
1.209250e-01
1.359161e-02
2.205785e-01
0
0
0
0
0
0
0
0
5.886123e-01
5.712238e-01
2.101626e-01
2.846911e-01
1.737034e-01
0
0
0
2.484819e-01
2.946708e-01
5.992981e-01
2.372721e-01
2.388764e-01
2.071071e-02
1.776111e-01
2.764204e-01
1.885647e-01
1.398249e-01
8.690731e-02
5.455380e-02
6.582817e-02
0
0
0
0
0
1.609833e-01
3.555097e-02
6.686332e-02
3.465936e-01
6.814635e-02
0
3.032864e-01
0
5.142060e-01
4.577865e-01
0
0
0
0
2.353469e-01
0
0
0
0
2.915839e-03
0
0
2.980480e-01
2.691438e-01
2.069269e-01
7.423056e-02
4.690669e-01
0
1.000000e+00
5.103154e-01
0
0
5.354934e-01
3.111625e-01
1.031547e-01
0
0
0
0
0
2.136703e-01
2.346745e-01
4.949381e-01
0
1.448006e-01
1.675432e-01
0
0
0
2.146770e-01
0
5.418194e-01
4.659080e-02
0
2.929596e-02
4.675205e-01
2.346469e-01
2.851370e-01
0
0
1.910846e-01
4.305872e-01
2.524350e-01
9.784139e-02
0
7.336308e-02
0
0
0
2.555507e-01
0
0
0
1.933176e-01
1.397480e-01
1.195652e-01
1.025058e-01
0
7.476820e-02
2.934122e-02
0
0
0
0
0
0
0
0
0
0
3.906928e-01
3.835699e-01
0
3.778822e-02
7.672130e-02
8.449642e-02
0
0
0
0
2.177661e-01
1.864884e-02
0
5.648132e-02
2.120464e-01
2.699201e-01
2.799687e-01
2.394780e-01
3.380521e-02
8.218033e-02
1.241780e-01
0
3.537822e-02
0
4.758740e-02
0
3.942396e-01
1.398954e-01
0
1.503320e-01
1.506145e-01
9.439076e-02
4.612913e-01
9.509946e-02
3.970768e-01
5.115906e-01
0
0
0
6.543352e-02
2.106511e-02
0
0
0
0
0
0
0
4.357282e-01
2.751508e-01
0
0
2.423438e-01
0
5.103154e-01
1
0
0
2.839897e-01
6.954855e-01
1.952164e-01
0
0
0
0
0
0
2.567968e-01
2.316362e-01
2.555360e-01
2.522071e-01
9.095805e-02
0
0
0
3.956600e-02
0
3.069833e-01
2.950511e-02
3.009717e-01
8.162293e-03
6.384031e-01
3.713144e-01
2.388837e-01
0
0
0
2.055330e-01
0
0
8.156409e-01
3.572244e-02
4.514937e-01
3.098532e-01
7.121047e-01
0
5.091174e-01
2.284365e-01
5.773485e-01
0
3.943413e-01
0
5.764403e-01
3.767962e-01
0
0
6.348781e-02
0
0
0
8.245273e-01
6.823970e-01
5.341547e-01
2.682347e-01
1.842262e-01
0
0
0
4.915451e-01
2.247639e-01
0
0
6.098379e-01
4.212375e-01
1.404040e-01
5.004567e-02
3.226989e-01
1.794704e-01
3.914373e-01
1.415341e-02
0
0
0
0
0
0
0
0
0
3.661636e-01
9.211754e-02
3.258134e-01
0
0
0
0
0
0
0
1.614346e-02
0
0
8.688624e-01
5.238500e-01
2.336383e-01
0
0
1.032474e-01
3.356784e-01
1.780775e-02
2.721821e-01
0
2.277662e-02
0
0
0
0
2.425505e-01
0
2.894987e-01
0
0
1
6.057799e-01
0
7.292097e-02
4.243793e-01
3.934176e-01
1.327920e-01
5.710912e-01
5.117054e-01
5.465618e-01
0
0
0
0
0
0
0
5.619010e-01
0
0
0
1.406969e-01
0
0
0
0
0
0
0
0
0
0
0
0
3.393162e-01
3.335482e-01
3.787970e-01
4.489307e-01
3.626048e-01
9.846361e-02
2.667001e-01
3.585739e-01
3.264777e-01
5.860109e-02
2.781052e-01
3.570425e-01
2.484516e-01
4.874130e-01
0
0
0
0
1.684797e-01
2.230052e-01
4.441013e-01
5.148314e-01
4.976150e-01
3.325039e-01
3.015180e-01
1.326058e-01
0
0
1.938950e-01
3.791037e-02
0
0
5.438897e-01
5.583560e-01
0
0
0
7.718305e-02
0
2.993867e-02
0
0
0
0
0
0
0
0
1.725286e-01
5.338288e-01
2.019138e-01
2.137780e-01
0
0
0
0
0
0
0
5.300260e-01
0
0
6.037377e-01
8.281664e-01
9.712255e-02
1.464281e-01
0
0
2.300206e-01
2.339199e-01
1.138524e-01
0
0
6.236387e-02
0
0
0
0
0
6.269530e-01
0
0
6.057799e-01
1.000000e+00
0
1.044794e-02
4.679735e-01
5.414523e-01
2.452185e-01
9.418822e-02
4.861360e-01
2.777542e-01
0
0
0
2.075270e-01
0
0
0
2.590834e-01
0
0
0
0
0
0
4.138759e-04
3.319320e-03
1.179195e-02
0
0
2.272693e-01
0
0
2.224246e-01
0
0
0
0
0
0
4.562418e-02
9.326847e-02
0
0
1.381781e-01
0
2.988695e-02
0
0
0
0
0
1.044445e-01
0
0
0
0
0
6.143966e-02
2.551867e-02
0
2.606679e-01
3.339268e-01
0
0
0
0
0
0
2.040530e-01
2.393431e-01
4.066968e-01
2.778871e-01
0
0
1.890925e-01
3.145173e-01
2.787808e-01
2.958865e-01
1.884642e-01
9.178398e-02
7.158125e-02
1.490948e-01
0
0
0
0
3.136679e-01
3.857839e-01
6.667485e-02
2.678923e-01
1.126647e-01
3.919588e-02
2.481352e-01
6.968790e-02
4.013441e-01
3.954485e-01
0
0
0
0
3.373941e-01
0
0
0
7.440379e-03
6.424007e-02
2.032214e-01
1.055885e-01
2.468381e-01
4.103498e-02
0
0
2.533692e-01
0
5.354934e-01
2.839897e-01
0
0
1
4.181011e-01
1.551697e-01
9.886261e-02
0
0
0
0
2.947593e-01
5.093877e-01
4.415269e-01
0
1.706584e-02
1.532952e-01
0
0
0
1.228387e-01
0
1.376763e-01
4.681001e-01
0
2.971073e-01
5.027239e-01
2.040459e-01
5.509281e-02
0
0
2.290349e-01
2.220722e-01
0
0
0
0
0
0
0
8.551040e-02
2.099154e-01
0
0
9.000201e-02
1.578851e-01
3.139049e-01
1.043289e-01
9.089232e-02
0
0
0
0
0
0
0
0
0
0
0
0
1.174715e-01
1.070282e-01
0
0
0
0
3.480756e-02
1.809724e-01
5.776315e-02
1.359686e-01
3.114808e-01
3.186823e-01
1.447170e-01
9.327065e-02
9.681043e-02
2.714606e-01
3.828870e-01
3.853839e-01
0
2.442956e-02
0
5.517316e-02
0
0
0
0
2.150377e-01
1.639446e-01
0
0
0
0
2.472911e-01
0
2.367590e-01
2.895745e-01
0
0
2.130351e-01
3.014986e-01
0
0
0
1.211540e-04
0
0
0
0
3.272432e-01
0
0
0
0
9.451763e-03
3.111625e-01
6.954855e-01
7.292097e-02
1.044794e-02
4.181011e-01
1
1.788426e-01
0
0
0
0
0
2.193855e-02
4.062351e-01
1.864115e-01
1.733995e-01
0
0
0
1.360346e-02
0
1.411517e-02
0
3.034913e-01
2.280788e-01
3.829631e-01
9.685952e-02
4.685269e-01
7.644545e-02
0
0
0
9.819072e-02
3.224086e-01
0
0
6.827017e-02
6.684105e-02
4.665812e-03
0
0
0
1.880170e-01
1.007889e-01
2.510025e-01
1.018387e-02
2.054039e-01
1.370832e-01
1.920814e-01
0
0
0
0
0
0
0
4.741474e-02
0
6.530395e-02
3.226144e-02
0
0
0
0
1.823723e-01
0
0
0
2.123779e-01
1.392145e-01
1.361795e-01
9.834691e-02
4.350025e-01
4.075312e-01
1.282879e-01
6.847982e-02
0
0
0
0
0
0
0
0
3.049055e-01
5.464353e-01
4.380520e-01
4.013549e-01
2.708975e-01
3.097258e-01
0
0
1.573453e-01
1.018722e-01
0
3.812519e-01
0
8.490165e-02
2.067021e-01
3.068847e-01
0
0
0
3.117275e-02
0
0
1.379550e-02
4.674111e-02
0
1.457767e-03
0
0
0
6.815157e-02
0
3.745586e-01
1.031547e-01
1.952164e-01
4.243793e-01
4.679735e-01
1.551697e-01
1.788426e-01
1
4.868607e-01
0
0
0
1.384815e-01
0
1.663678e-01
1.063925e-01
1.452045e-01
0
2.843491e-02
0
5.795560e-02
0
0
0
0
2.230783e-03
0
2.568916e-01
4.831716e-01
3.807176e-01
0
0
0
0
0
3.177689e-02
2.410514e-01
2.773223e-01
0
4.029645e-01
4.241579e-01
8.874765e-02
0
3.212289e-01
3.992125e-01
3.200679e-01
2.163063e-01
2.277069e-01
1.668563e-01
1.818523e-01
1.291079e-02
0
0
9.253126e-02
0
1.103666e-02
2.471936e-01
3.894285e-01
2.856455e-01
5.646131e-01
3.144695e-01
4.488665e-01
3.852412e-01
0
0
2.443109e-01
0
0
0
1.030339e-01
0
0
0
1.848684e-02
2.741384e-01
0
0
0
0
0
0
0
0
0
0
2.843551e-01
5.220597e-01
5.422507e-01
5.812080e-01
0
2.051397e-01
0
5.303474e-02
0
0
0
4.308451e-01
0
0
2.720016e-01
6.033859e-01
0
0
0
1.133396e-02
8.928544e-02
0
2.484745e-02
0
0
0
0
0
0
2.611363e-01
0
2.377234e-01
0
0
3.934176e-01
5.414523e-01
9.886261e-02
0
4.868607e-01
1
0
5.704718e-02
4.915154e-02
2.318413e-01
3.960918e-02
6.406777e-02
0
1.723020e-02
0
0
0
4.820652e-02
0
0
0
0
0
0
2.083195e-01
6.976718e-02
2.279015e-01
0
2.856610e-02
2.922878e-01
0
0
0
0
2.116030e-01
2.947803e-01
1.542488e-01
3.491667e-01
3.233271e-01
1.192737e-01
0
2.726611e-01
2.929716e-01
0
1.382301e-01
9.631929e-02
1.180072e-01
4.113839e-01
0
4.183633e-02
3.144277e-01
2.758798e-01
4.055402e-01
3.158807e-01
4.190587e-01
4.934585e-01
3.940142e-01
4.865098e-02
3.043161e-01
1.987653e-01
0
0
1.069202e-01
4.900187e-02
0
0
3.793175e-01
3.079099e-01
0
0
0
0
6.198007e-03
5.303818e-02
0
0
0
0
0
0
0
0
0
3.474275e-02
0
0
0
0
1.865410e-01
0
0
0
0
1.312290e-01
0
0
4.153431e-01
2.984650e-01
2.670589e-01
9.480015e-02
9.045427e-02
3.366456e-01
5.675654e-01
5.279626e-01
3.836963e-01
2.694761e-01
2.015397e-01
3.284003e-01
2.591455e-01
1.853032e-01
1.626355e-01
0
0
7.443965e-02
0
0
1.327920e-01
2.452185e-01
0
0
0
0
1.000000e+00
3.232838e-01
5.530009e-01
1.643113e-01
0
0
0
2.210326e-01
1.609852e-01
0
6.983670e-01
2.929659e-01
6.397469e-01
1.357145e-01
2.995140e-02
0
0
1.216785e-01
0
0
0
6.687941e-02
3.976043e-01
2.820763e-01
0
0
0
0
6.704668e-01
0
5.323215e-01
3.192180e-01
7.535262e-01
0
6.177558e-01
3.832999e-01
5.479179e-01
0
5.138189e-01
0
6.136307e-01
1.556175e-01
0
1.553399e-01
1.557521e-01
4.227530e-02
0
1.026849e-01
6.393570e-01
3.993819e-01
5.519046e-01
1.078550e-01
3.648777e-01
0
0
0
2.025076e-01
0
0
0
5.959214e-01
3.639808e-01
3.654374e-01
2.081263e-01
2.630428e-01
0
5.982030e-01
3.571799e-01
0
0
0
0
0
0
0
0
0
7.074134e-02
0
3.585432e-01
0
0
0
0
0
0
0
0
0
0
6.902570e-01
2.775435e-01
9.893137e-02
0
0
2.500178e-01
4.791026e-01
1.844336e-01
2.187163e-01
1.258635e-01
1.198211e-01
0
9.379817e-03
0
1.488337e-01
4.050930e-01
0
1.467336e-01
0
0
5.710912e-01
9.418822e-02
0
0
0
5.704718e-02
3.232838e-01
1
4.497525e-01
7.573183e-01
7.871768e-02
0
0
0
0
0
0
7.749946e-01
0
0
0
0
0
0
0
0
0
0
1.555144e-01
0
0
0
0
0
4.933071e-01
3.011918e-01
5.100359e-01
5.369517e-01
5.651107e-01
5.321373e-02
5.113945e-01
3.527589e-01
1.190873e-01
0
2.210221e-01
3.529311e-01
5.023026e-01
7.172895e-01
0
0
4.767295e-02
5.932161e-02
2.131194e-01
1.862967e-01
6.406858e-01
7.801065e-01
4.837863e-01
4.406235e-01
4.531382e-01
2.552261e-01
0
0
1.555758e-01
2.015242e-01
0
0
5.369920e-01
4.656552e-01
0
6.524018e-02
0
0
5.659231e-02
0
0
0
0
0
0
0
0
0
0
7.464487e-03
0
0
0
0
0
0
0
0
0
5.651283e-02
0
0
6.765913e-01
5.286479e-01
3.804757e-01
1.295923e-01
0
2.529667e-01
4.480609e-01
4.837604e-01
0
0
0
9.365331e-02
0
0
0
1.251931e-01
0
2.950004e-01
0
0
5.117054e-01
4.861360e-01
0
0
0
4.915154e-02
5.530009e-01
4.497525e-01
1.000000e+00
5.316433e-01
6.463199e-02
0
0
7.861159e-02
0
0
2.962390e-01
6.748804e-01
5.205043e-03
1.518442e-01
0
0
0
0
0
0
0
0
4.949675e-02
1.591455e-01
1.856858e-01
0
0
0
4.970460e-01
0
6.455157e-01
3.225600e-01
5.109674e-01
0
6.437939e-01
3.408089e-01
5.047487e-01
0
5.643384e-01
1.169219e-01
6.553177e-01
3.397519e-01
0
0
0
0
0
1.803846e-01
6.304793e-01
4.644695e-01
6.478890e-01
2.491346e-01
4.570005e-01
1.549545e-01
0
0
2.160923e-01
0
0
0
6.157175e-01
4.744574e-01
2.683863e-01
3.455131e-01
2.036015e-01
2.824849e-01
4.056178e-01
3.829185e-01
0
0
0
0
0
0
0
0
0
2.200610e-02
0
3.305255e-01
0
0
0
0
0
0
0
9.560905e-02
0
0
6.563992e-01
5.717532e-01
0
0
0
3.072798e-01
3.688613e-01
2.996315e-01
7.510748e-02
2.151303e-02
0
0
0
0
0
2.612852e-01
0
3.164360e-01
0
0
5.465618e-01
2.777542e-01
0
0
1.384815e-01
2.318413e-01
1.643113e-01
7.573183e-01
5.316433e-01
1
2.221318e-01
0
5.516387e-02
0
0
0
0
8.218382e-01
0
0
0
0
0
2.585118e-02
0
0
1.772820e-02
0
3.033514e-01
0
0
0
0
0
0
0
0
0
0
0
2.701762e-01
0
0
0
0
9.279027e-03
0
0
9.726174e-02
0
0
3.656791e-01
0
0
1.356116e-01
9.698096e-02
0
0
5.872309e-02
0
2.096280e-01
2.095933e-01
8.385888e-02
0
0
2.332818e-02
0
0
6.894061e-01
5.984463e-01
2.077565e-01
6.178784e-01
5.216867e-01
2.287624e-01
3.110464e-02
9.070171e-02
0
1.146687e-01
1.308292e-01
3.843925e-02
0
0
0
0
0
1.649095e-01
0
7.014140e-02
6.138358e-02
0
0
0
0
0
5.036483e-02
0
0
0
0
0
4.002870e-01
4.347596e-01
0
0
1.724371e-01
2.787236e-01
2.963958e-01
3.637372e-01
0
0
3.492775e-02
1.703056e-01
1.642625e-01
0
2.136703e-01
0
0
0
2.947593e-01
2.193855e-02
0
3.960918e-02
0
7.871768e-02
6.463199e-02
2.221318e-01
1
5.958167e-01
5.359701e-01
0
0
0
0
9.355128e-02
0
0
2.306797e-01
2.022733e-01
5.412621e-01
1.821583e-01
1.766927e-01
4.201368e-03
8.221834e-02
6.407592e-02
0
0
4.128427e-01
1.266263e-01
0
0
0
0
0
0
0
1.438536e-01
4.709493e-02
0
0
2.679621e-01
0
2.231122e-01
0
0
2.341173e-01
1.145399e-02
0
2.818758e-02
0
0
0
0
0
0
0
0
3.530320e-01
4.491295e-01
0
0
0
2.099571e-01
0
0
4.720314e-01
4.165577e-01
1.849985e-01
5.493455e-01
2.130182e-01
2.348550e-01
8.969053e-02
1.268803e-01
0
1.645638e-01
1.282851e-01
2.271736e-03
0
0
0
0
0
1.270287e-01
9.819684e-02
2.783543e-01
1.712075e-01
2.047774e-01
6.698746e-02
1.005651e-01
6.988538e-02
0
2.921547e-01
1.929765e-01
0
0
0
0
4.326103e-01
2.516065e-01
0
0
0
1.562578e-01
2.190812e-02
0
0
0
0
3.097013e-03
3.674457e-01
0
2.346745e-01
2.567968e-01
0
0
5.093877e-01
4.062351e-01
1.663678e-01
6.406777e-02
0
0
0
0
5.958167e-01
1
3.972276e-01
3.408212e-01
0
0
0
0
0
0
2.140807e-01
2.587779e-01
7.325423e-01
4.002549e-01
2.815853e-01
3.997195e-01
5.929099e-01
1.173065e-01
0
0
4.664751e-01
3.387898e-01
1.092254e-01
6.676732e-02
0
0
0
0
0
0
7.330818e-02
0
0
0
0
0
3.113524e-02
0
8.909792e-02
0
0
0
0
7.285054e-02
0
0
0
0
0
4.251886e-04
4.294713e-01
4.853627e-01
5.034908e-02
0
2.539442e-01
1.773497e-01
0
4.484109e-02
5.177640e-01
6.314790e-01
5.175938e-01
6.215542e-01
3.607042e-01
3.795484e-01
2.000921e-01
2.832220e-01
1.869007e-01
2.024168e-01
1.799667e-01
1.809227e-01
4.635666e-02
0
0
0
0
2.170181e-01
2.305077e-01
2.995968e-01
0
9.927470e-02
0
0
0
0
1.341105e-01
2.482181e-01
0
0
0
1.620837e-02
1.443459e-01
0
0
0
0
2.162624e-01
1.036761e-01
6.433607e-02
7.192954e-03
0
0
0
1.279289e-01
0
4.949381e-01
2.316362e-01
0
0
4.415269e-01
1.864115e-01
1.063925e-01
0
0
0
0
5.516387e-02
5.359701e-01
3.972276e-01
1.000000e+00
0
3.483142e-02
7.834748e-02
0
0
0
1.317471e-02
0
2.157873e-01
1.015981e-01
1.620060e-01
1.241010e-02
4.513047e-01
2.638348e-01
2.253874e-01
0
0
0
1.844326e-02
2.511313e-04
1.570661e-01
0
7.152469e-02
0
2.475603e-01
0
4.013598e-01
0
2.818466e-01
0
4.431169e-01
1.348929e-01
3.636713e-01
0
5.110071e-02
5.944200e-02
1.610717e-01
3.787026e-03
0
0
0
0
0
0
0
0
0
1.123068e-01
4.822509e-02
0
0
0
2.662739e-01
0
4.559349e-02
0
5.031298e-02
0
1.608591e-02
0
2.243172e-01
0
0
0
0
0
0
0
7.412135e-02
1.422511e-01
2.669902e-01
1.385509e-01
1.876628e-01
8.656159e-03
6.478108e-02
3.479572e-01
1.514547e-01
1.067887e-01
1.722728e-01
1.333806e-01
2.802564e-01
0
1.728011e-02
0
1.887698e-01
0
7.355153e-03
2.640721e-01
3.821660e-01
0
6.397615e-02
0
3.300316e-01
7.844158e-02
4.483720e-02
0
3.766500e-02
9.081181e-02
0
4.477348e-02
3.634963e-01
0
2.555360e-01
0
2.075270e-01
0
1.733995e-01
1.452045e-01
1.723020e-02
2.210326e-01
0
7.861159e-02
0
0
3.408212e-01
0
1
2.097666e-02
1.080830e-01
0
0
0
0
1.418596e-01
0
2.331957e-01
4.131124e-01
8.328445e-02
1.677935e-01
3.169026e-01
2.089266e-01
1.240769e-01
2.595757e-01
8.452351e-02
0
3.484310e-01
1.607599e-01
0
6.260967e-02
0
0
0
5.032326e-02
0
0
0
4.179306e-02
0
0
0
0
5.042816e-01
3.676354e-01
6.089143e-02
3.452878e-02
1.333274e-01
0
0
0
0
0
0
0
4.585484e-01
2.788004e-01
0
5.582458e-02
6.388829e-01
3.604019e-01
0
0
0
0
0
0
0
0
6.061018e-01
4.989749e-01
3.910310e-01
4.253193e-01
6.393263e-01
5.383825e-01
6.545764e-01
4.537993e-01
2.512476e-01
0
9.528228e-02
0
3.391991e-01
4.407922e-03
4.719339e-01
5.325965e-01
6.430663e-01
5.223451e-01
6.351602e-01
0
5.236167e-01
4.633976e-01
0
0
1.093695e-01
1.417773e-01
3.478890e-01
0
0
0
2.485183e-02
9.873427e-02
1.948732e-01
5.360718e-02
4.358219e-01
6.584373e-01
2.877310e-01
0
4.856914e-01
0
1.448006e-01
2.522071e-01
0
0
1.706584e-02
0
0
0
1.609852e-01
0
0
0
0
0
3.483142e-02
2.097666e-02
1.000000e+00
5.958013e-01
3.050462e-01
0
5.580131e-01
2.469211e-01
1.420683e-01
1.897818e-02
1.006739e-01
1.658433e-01
0
0
0
7.537765e-01
2.565715e-01
0
0
1.140025e-01
4.975249e-01
4.848384e-01
0
0
0
0
0
6.905940e-02
0
0
2.103448e-02
2.376921e-01
1.266817e-01
0
0
0
5.017564e-01
4.909521e-01
1.628668e-01
7.984752e-03
0
0
0
0
0
0
0
0
5.648834e-01
3.335339e-01
0
0
6.689549e-01
3.749124e-01
0
0
0
0
1.008207e-01
0
0
1.573969e-01
2.195288e-01
1.314477e-01
0
0
3.344390e-01
1.631396e-01
4.442252e-01
2.708839e-01
2.588723e-01
7.595768e-02
1.669049e-01
3.261896e-02
2.152987e-01
1.539494e-01
5.875110e-01
6.147490e-01
4.142724e-01
4.703706e-01
5.636913e-01
0
2.252159e-01
3.659410e-01
0
0
0
0
3.650940e-01
2.249053e-02
0
0
1.027858e-01
1.530807e-01
1.486037e-01
0
6.073062e-02
4.059382e-01
4.001545e-01
1.541934e-01
5.144522e-01
0
1.675432e-01
9.095805e-02
0
0
1.532952e-01
0
2.843491e-02
0
0
0
0
0
0
0
7.834748e-02
1.080830e-01
5.958013e-01
1
1.304535e-01
0
3.706458e-01
8.238855e-02
0
0
0
0
1.427892e-01
0
2.070826e-02
6.642971e-01
3.929222e-01
1.698060e-01
0
0
2.247046e-01
1.005175e-01
1.912312e-01
4.607379e-01
1.360560e-01
1.853223e-01
1.153129e-01
1.971857e-01
0
1.528962e-01
2.951979e-02
0
0
0
6.581409e-02
2.805612e-01
1.453439e-01
1.675569e-01
3.872468e-01
3.600688e-01
3.448063e-01
1.799024e-01
2.265350e-01
3.584168e-01
2.888752e-01
1.617348e-01
2.283611e-01
3.428247e-01
0
0
3.733282e-01
3.954619e-01
5.970946e-02
0
0
0
0
0
0
0
0
0
0
0
0
0
0
0
1.153592e-03
0
6.525187e-03
0
0
0
0
0
3.717846e-01
8.579081e-02
1.978370e-01
1.313943e-01
0
1.128907e-01
8.326561e-04
0
1.124235e-01
3.716351e-02
1.496417e-01
0
6.433954e-02
5.929659e-02
4.418178e-01
3.006734e-01
1.372250e-01
0
0
7.503069e-02
1.834392e-01
4.330251e-01
3.848248e-01
1.133043e-01
0
0
0
0
0
0
0
0
0
0
6.983670e-01
0
2.962390e-01
0
0
0
0
0
3.050462e-01
1.304535e-01
1
9.314400e-02
8.319251e-01
4.294656e-01
2.070943e-01
0
0
0
0
0
0
1.513671e-01
3.233866e-01
3.035021e-01
2.069430e-01
0
0
0
5.777936e-01
0
6.742544e-01
1.951760e-01
7.079428e-01
0
6.442869e-01
2.176397e-01
2.808424e-01
0
5.221630e-01
0
6.940356e-01
3.142775e-01
0
0
0
5.282058e-02
0
1.171276e-01
6.008664e-01
5.099887e-01
5.439696e-01
3.366782e-01
4.457446e-01
1.453635e-01
0
0
2.545202e-01
0
0
0
5.802912e-01
4.361347e-01
1.665621e-01
3.445319e-01
2.776918e-01
7.275248e-02
4.309575e-01
3.785315e-01
0
0
0
0
0
0
0
0
0
0
0
8.133865e-02
0
0
0
0
0
0
0
0
0
0
7.257006e-01
4.963142e-01
2.643957e-01
0
0
2.818131e-01
4.085727e-01
3.771950e-01
2.238463e-01
1.130926e-01
1.945737e-02
1.066289e-02
0
0
0
1.833377e-01
0
1.509554e-01
0
0
5.619010e-01
2.590834e-01
0
1.360346e-02
5.795560e-02
4.820652e-02
2.929659e-01
7.749946e-01
6.748804e-01
8.218382e-01
9.355128e-02
0
0
0
0
0
9.314400e-02
1
0
2.767096e-01
0
0
0
0
0
0
0
0
9.023254e-02
2.871640e-03
0
0
2.673935e-01
1.429936e-01
0
3.490713e-01
0
0
3.327828e-02
2.310496e-01
0
0
7.090899e-02
0
0
0
0
1.263790e-01
1.209740e-01
1.056792e-01
2.779918e-01
3.982873e-01
3.792086e-01
1.317861e-01
0
1.127007e-01
8.372388e-02
0
7.869123e-02
1.342020e-01
0
0
2.586834e-01
2.843518e-01
4.484300e-01
1.361610e-01
0
0
0
0
0
0
0
1.338974e-02
6.206488e-02
0
3.140421e-02
1.468287e-03
3.728385e-02
8.651366e-02
9.970693e-02
0
0
0
0
0
0
0
3.089333e-01
1.449908e-01
2.890749e-01
3.536355e-01
1.354664e-01
8.974438e-02
4.677171e-02
1.553690e-01
0
0
2.440820e-01
1.922741e-01
2.543864e-01
9.034065e-02
3.403394e-01
3.165891e-01
3.416897e-01
1.491967e-01
1.107164e-01
2.598152e-01
3.760448e-01
5.740492e-01
2.238330e-01
0
0
0
0
0
0
0
0
0
0
0
6.397469e-01
0
5.205043e-03
0
0
0
0
0
5.580131e-01
3.706458e-01
8.319251e-01
0
1
5.302580e-01
1.205524e-01
0
0
5.245475e-02
0
0
0
2.859292e-01
3.828607e-01
1.422707e-01
0
0
0
0
0
4.184129e-01
2.022424e-01
0
2.038284e-01
9.676667e-02
0
0
0
0
0
0
4.750999e-02
0
0
0
0
1.539837e-03
1.414961e-01
0
0
8.791493e-02
0
3.148499e-01
8.038153e-02
8.328877e-02
0
0
3.229353e-01
5.642488e-01
3.092183e-01
0
1.386202e-01
1.541773e-01
0
0
1.485642e-01
0
0
3.636348e-03
2.585992e-01
2.619695e-01
5.506644e-01
4.245718e-01
5.945260e-02
3.636483e-01
2.474905e-01
7.453922e-02
0
0
0
0
0
0
0
0
1.384794e-01
4.842992e-02
0
0
6.923879e-02
3.314457e-01
4.332228e-02
0
5.893506e-01
4.630580e-01
0
0
1.213121e-01
2.749054e-03
7.338053e-02
0
0
4.401192e-02
3.973072e-01
4.278698e-01
0
0
0
0
2.146770e-01
3.956600e-02
0
0
1.228387e-01
1.411517e-02
0
0
1.357145e-01
0
1.518442e-01
0
0
0
1.317471e-02
0
2.469211e-01
8.238855e-02
4.294656e-01
2.767096e-01
5.302580e-01
1.000000e+00
7.275070e-02
2.190766e-01
0
0
8.004414e-03
1.100364e-01
0
0
0
0
1.378438e-01
0
0
0
0
1.898899e-01
0
0
0
7.431094e-02
0
0
0
2.124655e-01
0
0
0
0
9.763296e-02
1.875568e-01
1.180937e-01
4.075108e-02
3.409169e-01
9.228459e-02
0
0
0
6.281972e-02
0
2.401956e-01
0
1.655180e-01
0
0
1.418446e-01
3.908614e-01
0
0
0
0
0
0
0
0
3.157906e-01
2.552354e-01
2.310522e-01
3.664755e-01
3.479569e-01
3.596042e-01
2.422149e-01
3.126861e-01
0
0
0
0
0
0
1.442952e-01
2.816837e-01
3.249070e-01
3.589429e-01
0
0
3.092256e-01
1.844032e-01
0
0
3.526821e-02
2.624333e-01
1.129998e-01
1.318711e-01
0
0
5.717906e-02
0
1.688934e-01
6.356875e-02
0
1.616204e-01
1.576787e-01
0
8.488883e-02
0
0
0
0
0
0
0
0
0
2.995140e-02
0
0
0
2.306797e-01
2.140807e-01
0
1.418596e-01
1.420683e-01
0
2.070943e-01
0
1.205524e-01
7.275070e-02
1
4.000166e-02
2.038452e-01
1.612498e-01
1.471191e-01
0
1.782154e-02
0
0
5.094596e-01
6.003690e-01
3.122500e-01
0
0
5.045690e-02
2.256709e-01
0
0
0
0
0
0
0
0
0
0
0
0
4.364673e-03
0
0
1.117945e-01
0
0
4.645289e-02
1.037976e-03
0
2.160266e-01
0
0
3.108297e-02
1.420512e-01
2.667368e-01
4.891607e-01
0
0
0
9.087880e-02
2.119398e-01
2.229523e-01
3.174991e-01
1.370368e-01
1.243052e-01
0
2.345913e-01
3.256326e-01
4.252244e-01
3.421791e-01
6.311649e-02
2.080688e-01
0
0
0
0
0
0
0
0
0
0
1.066036e-01
0
1.528085e-01
0
4.686707e-01
3.123992e-01
0
0
2.814039e-01
2.601296e-01
0
0
0
0
0
0
0
0
2.378517e-01
2.468433e-01
0
0
9.071666e-02
0
5.418194e-01
3.069833e-01
1.406969e-01
0
1.376763e-01
3.034913e-01
0
0
0
0
0
0
2.022733e-01
2.587779e-01
2.157873e-01
0
1.897818e-02
0
0
0
0
2.190766e-01
4.000166e-02
1
1.663012e-01
1.527406e-01
0
3.196367e-01
2.844105e-01
0
0
0
2.651618e-01
6.541311e-01
4.390165e-02
0
0
0
0
0
0
1.815539e-01
0
0
0
2.870787e-01
0
3.135781e-01
0
0
2.379479e-01
0
0
3.725939e-01
0
0
0
0
0
0
0
0
2.106847e-01
1.270279e-01
0
0
0
9.242155e-02
0
0
4.692773e-01
1.586588e-01
0
3.087741e-01
1.384925e-01
1.061192e-02
1.216336e-01
1.829926e-01
1.705317e-02
2.542730e-01
2.314732e-01
4.675634e-02
0
1.949369e-01
0
0
0
0
7.327304e-02
1.431084e-01
3.963315e-01
9.904196e-02
2.401351e-01
2.308345e-01
1.924018e-01
0
3.860301e-01
2.037497e-01
0
0
0
3.895539e-02
6.658343e-01
5.316160e-01
0
0
1.437237e-01
2.379785e-01
2.516714e-01
2.928664e-01
9.240151e-02
0
1.360306e-01
1.150288e-02
3.409659e-01
0
4.659080e-02
2.950511e-02
0
0
4.681001e-01
2.280788e-01
2.230783e-03
0
0
0
0
0
5.412621e-01
7.325423e-01
1.015981e-01
2.331957e-01
1.006739e-01
0
0
0
0
0
2.038452e-01
1.663012e-01
1
3.490953e-01
2.747463e-01
1.761294e-01
2.970446e-01
1.252214e-01
0
0
5.227886e-01
3.857929e-01
0
0
0
3.312850e-02
0
0
0
2.150607e-01
0
0
0
8.157974e-02
0
2.125513e-01
0
6.486981e-02
0
0
0
0
1.147572e-02
0
0
0
0
0
0
0
2.505142e-01
9.853254e-02
0
0
3.232735e-01
4.792666e-01
9.017764e-02
3.622744e-01
3.000185e-01
2.214982e-01
3.987876e-02
2.966611e-01
2.746672e-01
5.457779e-01
6.421390e-02
5.253248e-02
1.180891e-01
2.795622e-01
0
6.815371e-02
0
0
0
0
0
0
0
0
0
0
6.393774e-02
2.326175e-01
9.309950e-02
0
7.172675e-02
2.238305e-01
0
0
2.411342e-01
5.223316e-01
3.427588e-01
2.713338e-01
0
1.682339e-01
8.476157e-02
3.677429e-01
1.013088e-01
1.827677e-01
3.566031e-02
9.905049e-02
0
0
0
3.200757e-01
0
3.009717e-01
0
0
0
3.829631e-01
0
0
1.216785e-01
0
0
2.585118e-02
1.821583e-01
4.002549e-01
1.620060e-01
4.131124e-01
1.658433e-01
0
0
0
5.245475e-02
0
1.612498e-01
1.527406e-01
3.490953e-01
1
0
4.211309e-02
2.220005e-01
1.748733e-01
0
0
8.746395e-02
2.477074e-01
2.465159e-01
0
0
0
0
9.044636e-02
0
4.573170e-01
2.068472e-01
1.987595e-01
0
5.418161e-01
4.591840e-03
5.879333e-01
0
2.208291e-01
2.928517e-02
1.889200e-02
0
0
0
0
0
0
0
0
0
2.685309e-03
1.202365e-02
1.000697e-01
0
0
0
0
0
0
0
0
0
1.894681e-01
0
0
1.295862e-01
1.518324e-01
0
1.280284e-01
1.515908e-01
8.761281e-02
1.519217e-01
1.240106e-01
1.087611e-01
0
3.022161e-03
0
2.158651e-01
3.629243e-01
1.589090e-01
3.260591e-02
4.021814e-02
1.586540e-01
0
2.128499e-01
1.477957e-01
2.699234e-01
0
8.121669e-02
0
0
7.681478e-02
1.285263e-01
0
0
0
0
0
4.019107e-02
0
0
1.650200e-01
2.660034e-01
1.373910e-01
2.570925e-01
2.929596e-02
8.162293e-03
0
4.138759e-04
2.971073e-01
9.685952e-02
2.568916e-01
2.083195e-01
0
0
0
0
1.766927e-01
2.815853e-01
1.241010e-02
8.328445e-02
0
1.427892e-01
0
0
0
8.004414e-03
1.471191e-01
0
2.747463e-01
0
1.000000e+00
3.469760e-01
3.072272e-01
0
5.929914e-02
2.291756e-01
4.547603e-01
0
3.291014e-01
0
0
1.039202e-01
0
0
0
3.381260e-01
1.017768e-02
0
0
1.883584e-01
3.898611e-02
3.060487e-01
7.306238e-02
0
0
0
0
0
0
0
0
0
0
8.149489e-02
0
0
9.699754e-02
2.156616e-01
0
3.950676e-02
0
0
0
0
0
2.469036e-01
2.003938e-01
3.179330e-01
0
0
7.208369e-02
1.793320e-01
1.808814e-01
1.941329e-01
0
4.179211e-02
7.026628e-02
0
1.963859e-01
8.534219e-02
1.099329e-01
0
4.649529e-01
5.141052e-01
0
0
1.091621e-01
1.133935e-01
1.100259e-01
4.229846e-01
2.981846e-01
5.003615e-01
0
0
0
2.602033e-02
0
0
0
0
0
0
0
0
1.064615e-01
0
0
0
3.890164e-02
0
4.675205e-01
6.384031e-01
0
3.319320e-03
5.027239e-01
4.685269e-01
4.831716e-01
6.976718e-02
0
0
0
0
4.201368e-03
3.997195e-01
4.513047e-01
1.677935e-01
0
0
0
0
0
1.100364e-01
0
3.196367e-01
1.761294e-01
4.211309e-02
3.469760e-01
1
6.703521e-01
0
0
0
3.534681e-03
2.076408e-02
2.756748e-01
1.071476e-01
0
2.164905e-01
0
1.400028e-01
0
5.096714e-01
0
9.469346e-02
0
4.532474e-01
0
3.490277e-01
0
0
3.002345e-01
0
0
0
0
0
0
0
0
8.232018e-02
0
2.080755e-01
1.597079e-01
3.683505e-01
0
0
0
0
0
0
4.429694e-03
1.423005e-01
3.441109e-02
3.115716e-01
0
5.202826e-02
0
0
0
0
0
0
0
0
3.929235e-02
0
1.776480e-01
1.042973e-01
9.075344e-02
2.801485e-01
2.259626e-01
2.476543e-01
2.026697e-01
3.774568e-01
4.517045e-02
5.749209e-01
2.440333e-01
3.513273e-01
0
7.305144e-02
0
0
1.593036e-01
0
0
0
0
0
0
0
0
0
0
0
2.342535e-01
9.675082e-02
2.346469e-01
3.713144e-01
0
1.179195e-02
2.040459e-01
7.644545e-02
3.807176e-01
2.279015e-01
0
0
0
1.772820e-02
8.221834e-02
5.929099e-01
2.638348e-01
3.169026e-01
0
2.070826e-02
0
0
0
0
1.782154e-02
2.844105e-01
2.970446e-01
2.220005e-01
3.072272e-01
6.703521e-01
1
1.179233e-01
2.278137e-02
0
2.175220e-01
1.396738e-01
4.562126e-01
4.251636e-01
0
0
0
0
0
0
0
0
4.995739e-03
5.065870e-02
0
0
0
0
6.897965e-01
5.472722e-01
1.578433e-01
5.136506e-02
0
1.055738e-01
0
0
0
0
0
0
6.997474e-01
5.036684e-01
0
0
5.454191e-01
2.561886e-01
0
0
5.888611e-02
0
1.039837e-02
0
7.549128e-02
1.380044e-01
3.438438e-01
1.978734e-01
0
6.216341e-02
4.624426e-01
2.720868e-01
3.708334e-01
1.371641e-01
1.850845e-01
0
2.061628e-01
2.102922e-01
2.488830e-01
1.148932e-01
6.667908e-01
6.111082e-01
4.046276e-01
2.668721e-01
4.493089e-01
0
3.112162e-01
2.031344e-01
0
0
0
0
4.881172e-01
1.649179e-02
0
0
0
2.137775e-01
1.642656e-01
1.845888e-02
1.196832e-01
2.979747e-01
4.541870e-01
8.828485e-02
7.128883e-01
0
2.851370e-01
2.388837e-01
0
0
5.509281e-02
0
0
0
6.687941e-02
0
0
0
6.407592e-02
1.173065e-01
2.253874e-01
2.089266e-01
7.537765e-01
6.642971e-01
1.513671e-01
0
2.859292e-01
0
0
0
1.252214e-01
1.748733e-01
0
0
1.179233e-01
1
5.190788e-01
7.287648e-02
0
0
3.382216e-01
2.054818e-01
0
0
1.672943e-01
1.596665e-01
0
1.142399e-01
9.299631e-02
3.082919e-01
5.046670e-01
3.310424e-02
2.879088e-01
1.682829e-01
8.384042e-02
1.065362e-01
2.624198e-01
6.732025e-02
1.050122e-02
0
0
9.394914e-02
9.561574e-02
1.270655e-01
3.329728e-01
0
2.197597e-01
1.029355e-01
0
0
0
0
8.726135e-02
0
2.497598e-01
3.250594e-02
0
0
0
0
0
0
0
0
0
0
6.564460e-02
0
7.916204e-02
0
3.888025e-01
3.233556e-01
2.518084e-01
3.406300e-01
8.929883e-02
1.647827e-01
5.191535e-01
0
1.388494e-01
1.090320e-01
0
2.510520e-01
0
0
1.122160e-01
1.884157e-01
0
0
1.661017e-01
2.282045e-01
4.322922e-01
1.583543e-01
8.520746e-02
5.441187e-02
0
1.441765e-01
0
0
1.282633e-01
1.439430e-01
1.322209e-01
2.105397e-01
0
0
0
0
0
0
0
2.856610e-02
3.976043e-01
1.555144e-01
4.949675e-02
3.033514e-01
0
0
0
1.240769e-01
2.565715e-01
3.929222e-01
3.233866e-01
9.023254e-02
3.828607e-01
0
0
0
0
0
5.929914e-02
0
2.278137e-02
5.190788e-01
1
1.283898e-01
0
0
0
2.342979e-01
0
0
1.319470e-01
1.767521e-01
0
6.814738e-02
0
2.162690e-01
0
3.288055e-01
0
9.599122e-02
0
6.989592e-03
0
3.188825e-01
4.208417e-01
0
4.330021e-01
4.402261e-01
0
4.536095e-02
1.988527e-01
7.072982e-02
2.609319e-01
3.713372e-01
0
3.089058e-02
0
0
2.438763e-02
4.986943e-02
0
0
0
0
0
0
0
0
0
0
0
0
3.008568e-02
0
4.298138e-02
1.219119e-01
9.540835e-02
1.527993e-01
8.425953e-02
0
0
0
1.521923e-01
2.129748e-01
0
0
0
3.449950e-02
0
0
0
2.676066e-01
0
0
0
1.007763e-01
2.627056e-01
3.933489e-01
1.585319e-01
1.998488e-02
2.395626e-01
2.254938e-01
0
0
2.923201e-01
1.281721e-01
0
1.886521e-01
0
0
0
2.272693e-01
0
0
0
2.922878e-01
2.820763e-01
0
1.591455e-01
0
0
0
0
2.595757e-01
0
1.698060e-01
3.035021e-01
2.871640e-03
1.422707e-01
0
5.094596e-01
0
0
0
2.291756e-01
0
0
7.287648e-02
1.283898e-01
1
2.446967e-01
0
0
0
0
3.246624e-02
0
7.866234e-02
0
2.283470e-01
0
0
0
2.266215e-01
0
2.308158e-01
0
7.695636e-02
1.598072e-01
1.551454e-01
1.583840e-01
3.815086e-01
0
0
0
5.620613e-03
0
1.134071e-01
0
1.127409e-01
6.896978e-02
1.733489e-01
0
1.663209e-02
0
8.060185e-02
0
0
1.066999e-01
6.945742e-02
0
6.912579e-02
0
0
1.989771e-01
1.969196e-01
9.930661e-02
2.755244e-01
1.735664e-01
1.422052e-01
0
5.940330e-02
0
0
0
0
0
0
2.304610e-01
1.071544e-01
0
0
0
0
3.096629e-01
1.425795e-01
0
0
0
0
2.814193e-01
3.207225e-01
0
0
0
0
0
1.259876e-02
0
3.665074e-02
4.426847e-01
2.470360e-01
2.395464e-01
0
1.910846e-01
0
0
0
2.290349e-01
9.819072e-02
0
0
0
0
1.856858e-01
0
4.128427e-01
4.664751e-01
0
8.452351e-02
0
0
2.069430e-01
0
0
1.378438e-01
6.003690e-01
2.651618e-01
5.227886e-01
8.746395e-02
4.547603e-01
3.534681e-03
2.175220e-01
0
0
2.446967e-01
1
4.322788e-01
5.202274e-02
0
0
0
0
0
0
0
0
0
0
1.398080e-01
0
0
0
0
9.147900e-02
0
1.219356e-01
3.008912e-01
0
0
0
0
0
0
0
0
3.353235e-01
3.574185e-01
1.264867e-02
1.198567e-01
1.663693e-01
3.521397e-01
0
0
2.822927e-01
1.102641e-01
3.202666e-01
2.371409e-01
1.508483e-01
0
2.194540e-01
3.344715e-01
2.971331e-01
3.540139e-01
1.305598e-01
1.048749e-01
1.788169e-02
6.344739e-02
0
0
0
0
0
0
0
2.883149e-01
2.734089e-01
3.110599e-01
4.953718e-01
0
6.712153e-01
5.274144e-01
0
0
9.014060e-02
2.728285e-01
3.499962e-01
3.272918e-02
0
0
5.594703e-02
2.549322e-02
6.600444e-02
0
1.180335e-01
4.269279e-01
0
0
2.924651e-01
0
4.305872e-01
2.055330e-01
0
0
2.220722e-01
3.224086e-01
0
0
0
0
0
0
1.266263e-01
3.387898e-01
1.844326e-02
0
1.140025e-01
0
0
0
0
0
3.122500e-01
6.541311e-01
3.857929e-01
2.477074e-01
0
2.076408e-02
1.396738e-01
0
0
0
4.322788e-01
1
