1
5.154240e-01
2.272164e-01
1.718035e-01
0
0
3.776818e-01
1.617359e-01
0
8.961669e-03
6.149886e-01
5.581940e-01
4.427060e-01
4.107925e-01
1.313677e-01
0
0
0
6.262546e-01
3.880027e-01
0
0
2.514648e-02
0
2.334210e-01
1.266925e-01
1.283924e-01
4.554101e-02
0
0
2.783135e-01
0
0
0
0
0
0
6.778297e-02
0
2.978113e-01
0
0
0
0
0
0
0
0
4.481617e-03
0
1.781884e-01
4.713110e-01
3.394791e-01
2.827354e-01
0
1.876228e-01
3.167369e-01
3.566499e-01
3.740901e-01
2.205283e-01
2.759664e-02
3.452614e-02
4.330206e-02
4.539590e-01
0
2.980090e-01
0
0
9.729118e-03
2.649201e-01
0
7.347956e-02
3.008182e-03
0
1.212635e-01
0
0
0
0
0
0
0
8.241423e-02
0
0
3.085493e-02
0
0
3.033271e-01
5.048247e-01
0
3.080009e-02
0
0
1.147823e-01
0
0
2.397153e-01
0
0
1.034534e-01
0
0
0
3.111425e-02
7.000635e-02
0
0
2.085600e-01
1.952693e-01
2.265615e-01
8.354335e-02
2.878071e-01
0
4.044092e-01
7.361344e-02
5.154240e-01
1.000000e+00
2.972067e-01
0
4.165866e-01
1.340888e-01
5.214040e-02
0
3.481862e-02
2.174423e-02
2.964073e-01
3.618953e-01
0
7.107962e-02
2.965584e-01
0
1.669321e-01
1.350139e-01
7.539672e-01
5.447120e-01
2.735863e-02
1.493015e-01
1.620930e-01
1.670693e-01
3.814922e-01
3.147025e-01
3.806176e-01
4.388528e-01
1.071983e-01
7.036435e-02
3.227930e-01
0
2.076004e-01
0
0
0
0
2.152249e-01
0
3.719077e-01
0
1.627720e-02
0
0
0
0
0
0
0
0
1.084065e-01
1.878972e-01
3.655064e-01
1.144589e-01
4.993399e-02
0
6.615346e-01
6.083806e-01
0
0
0
0
0
1.596795e-01
0
1.854375e-01
0
0
1.647372e-01
1.664397e-01
1.898438e-01
9.829437e-03
0
0
0
0
0
0
3.128560e-01
2.908729e-01
3.634593e-01
3.867713e-01
2.851402e-01
8.645434e-02
3.812116e-02
0
3.396986e-01
0
2.173617e-01
3.508881e-01
0
0
0
0
3.205107e-01
4.226755e-01
1.638977e-02
3.247794e-01
0
0
0
0
0
0
8.608825e-02
2.986166e-01
0
0
4.672005e-01
4.481289e-01
5.292395e-01
2.834477e-01
0
0
4.308147e-01
3.509547e-01
2.272164e-01
2.972067e-01
1
5.125843e-01
6.300689e-01
3.373912e-01
7.619232e-01
6.560225e-02
4.071318e-01
2.644993e-01
2.612120e-01
0
2.251178e-01
1.111018e-01
4.281777e-01
0
0
0
5.225693e-01
2.563175e-01
3.213978e-01
3.873612e-01
6.952603e-01
7.316371e-01
7.713193e-01
7.956743e-01
5.155216e-01
5.049372e-01
0
0
7.664566e-01
3.389592e-01
0
0
2.262047e-01
0
0
0
0
0
0
0
0
0
0
0
0
0
0
0
0
0
1.357324e-01
2.998910e-02
0
0
0
0
0
0
0
0
0
0
3.743218e-01
6.388157e-01
0
0
0
0
1.650016e-01
0
0
0
0
0
0
0
0
0
0
2.220950e-02
0
1.724601e-02
2.787825e-01
2.409026e-01
1.596264e-01
1.210861e-01
4.024894e-01
0
0
1.842834e-01
0
2.208334e-01
8.495218e-02
5.563696e-01
0
3.481029e-01
0
0
0
1.875344e-01
0
0
3.576459e-01
5.232003e-01
0
1.775159e-01
4.381249e-01
6.552416e-01
5.821435e-01
0
0
0
3.014037e-01
3.314161e-01
1.718035e-01
0
5.125843e-01
1
2.140791e-01
5.806594e-01
6.224268e-01
7.271829e-01
4.017058e-01
6.790024e-01
2.428615e-01
2.789018e-01
5.006102e-01
4.374113e-01
2.897325e-01
2.476042e-01
0
0
3.450420e-01
4.137576e-01
6.589973e-02
2.818098e-01
5.306109e-01
5.995477e-01
3.291471e-01
2.291385e-01
1.914548e-01
6.482687e-02
0
0
3.968697e-01
3.661256e-01
0
0
3.131669e-01
3.047556e-01
0
0
0
0
0
0
0
0
0
0
0
0
0
0
0
0
8.790108e-02
1.212024e-01
0
0
0
0
0
0
0
4.040364e-01
0
9.432015e-02
4.115871e-01
5.061394e-01
1.354139e-01
3.295496e-02
0
2.727779e-01
1.206405e-01
4.140771e-01
1.409114e-02
1.400766e-01
0
2.913623e-01
0
0
0
0
0
1.901897e-02
0
0
4.633719e-01
5.241077e-01
3.031819e-03
3.366870e-02
1.235212e-01
2.611742e-01
1.720984e-01
7.584395e-03
1.991601e-01
0
6.779547e-02
3.825969e-01
0
5.983178e-02
0
0
0
3.136897e-01
0
0
0
1.345042e-01
8.444502e-02
1.759368e-01
3.347390e-01
4.633723e-01
3.149248e-01
0
0
0
2.217637e-01
1.805241e-01
0
4.165866e-01
6.300689e-01
2.140791e-01
1
5.485277e-01
4.366603e-01
0
5.949777e-01
3.857379e-01
0
0
0
7.917420e-02
4.614920e-01
0
0
0
4.887903e-01
4.654855e-01
5.773230e-01
4.836336e-01
4.865083e-01
5.157412e-01
7.269631e-01
8.586087e-01
8.726945e-01
8.313810e-01
0
0
3.823069e-01
0
0
0
4.027208e-01
5.719243e-02
0
0
0
0
0
0
0
0
0
0
0
0
0
0
0
0
4.870371e-02
0
0
0
0
0
0
0
0
0
0
0
4.635164e-01
5.559391e-01
0
0
3.613512e-02
0
6.681199e-02
0
0
0
0
0
0
0
0
0
0
3.543721e-01
0
0
3.813326e-01
2.259750e-01
1.396967e-01
8.702401e-02
2.549645e-01
0
0
8.387441e-02
1.973245e-01
2.721281e-01
2.796624e-01
6.223908e-01
0
5.988437e-01
0
0
1.291197e-01
8.800345e-02
0
0
4.302889e-01
5.519877e-01
0
1.804799e-02
9.984065e-02
4.398032e-01
6.191056e-01
0
0
0
2.192357e-01
4.808442e-01
0
1.340888e-01
3.373912e-01
5.806594e-01
5.485277e-01
1
2.810027e-01
5.521611e-01
7.842383e-01
7.742310e-01
1.629653e-01
2.973663e-01
2.794431e-01
5.041242e-01
7.392379e-01
5.375991e-01
0
0
4.206201e-01
5.396871e-01
1.438458e-01
2.501939e-01
6.383421e-01
6.448701e-01
2.507549e-01
3.352093e-01
4.698122e-01
5.327098e-01
0
0
1.740027e-01
1.270126e-01
0
0
3.829818e-01
3.116840e-01
0
0
0
0
0
0
0
0
0
0
0
0
0
0
0
0
0
0
0
0
0
0
0
0
0
3.054249e-01
0
0
5.177035e-01
3.211796e-01
0
0
1.675623e-01
1.003289e-01
8.170158e-02
2.635853e-01
0
0
0
0
0
0
0
1.699877e-01
1.293230e-01
4.922309e-01
0
0
6.489087e-01
4.307401e-01
1.199039e-01
0
0
0
1.682971e-01
0
5.528251e-01
1.434019e-01
7.934364e-02
5.744680e-01
0
1.255679e-01
0
0
0
2.132345e-01
0
0
0
1.579157e-01
0
1.947576e-02
1.173306e-01
2.231739e-01
3.863278e-01
0
0
0
1.024218e-01
1.817376e-01
3.776818e-01
5.214040e-02
7.619232e-01
6.224268e-01
4.366603e-01
2.810027e-01
1
3.919817e-01
3.624322e-01
5.008513e-01
1.229254e-01
8.265321e-02
6.014356e-01
3.267309e-01
3.195996e-01
0
0
0
4.511446e-01
3.965812e-01
3.262225e-01
4.184741e-01
3.561652e-01
4.492972e-01
5.628486e-01
6.123419e-01
4.377312e-01
3.771726e-01
0
0
4.441955e-01
7.493996e-02
0
0
3.344789e-01
2.214042e-01
0
0
0
0
0
0
0
0
0
0
0
0
0
0
0
9.029583e-02
1.921923e-01
3.768805e-01
0
0
0
0
4.757254e-02
0
0
2.699608e-01
0
0
2.927390e-01
6.293956e-01
6.912617e-02
0
0
2.273248e-01
0
5.249450e-02
0
0
0
0
0
0
0
0
0
0
0
0
1.341173e-01
3.093408e-01
0
0
2.449730e-01
0
1.952124e-01
4.319304e-01
1.802289e-01
3.165289e-01
1.187083e-01
4.305121e-01
0
4.849464e-01
0
0
3.478046e-01
1.319896e-01
0
0
2.991757e-01
3.440944e-01
0
4.036805e-01
1.342398e-01
4.240783e-01
3.127259e-01
0
0
0
3.433096e-01
3.460248e-01
1.617359e-01
0
6.560225e-02
7.271829e-01
0
5.521611e-01
3.919817e-01
1.000000e+00
3.561337e-01
7.951260e-01
1.199626e-01
6.394127e-01
5.929396e-01
7.366091e-01
3.562379e-01
5.923757e-01
0
0
3.319506e-01
5.103669e-01
4.349035e-02
2.661916e-01
1.054938e-01
2.157905e-01
0
0
1.695341e-01
1.184338e-01
0
5.544985e-02
0
0
0
6.925855e-03
1.431020e-01
1.781530e-01
0
0
0
0
0
9.166845e-02
0
0
0
0
0
0
0
0
0
0
0
3.010279e-01
0
0
0
0
0
3.258079e-01
2.614013e-01
7.218366e-01
0
3.352371e-01
8.923405e-02
2.591366e-01
0
0
2.417602e-01
5.785458e-01
1.604590e-01
5.649712e-01
1.952181e-01
3.511627e-01
0
4.500529e-01
0
0
0
0
0
4.424948e-02
0
0
1.471221e-01
3.602296e-01
0
0
0
1.272888e-01
5.007211e-01
0
3.812685e-01
0
0
2.711268e-01
0
3.465700e-02
0
0
1.739610e-01
1.890907e-01
0
0
0
0
2.161883e-01
1.473673e-01
0
0
4.690523e-02
0
0
0
4.532622e-02
1.462554e-01
0
3.481862e-02
4.071318e-01
4.017058e-01
5.949777e-01
7.842383e-01
3.624322e-01
3.561337e-01
1
6.666738e-01
0
0
2.283698e-01
2.815024e-01
6.929327e-01
4.146881e-01
0
0
1.813723e-01
3.459749e-01
2.369868e-01
3.691927e-01
5.153411e-01
6.359582e-01
3.287320e-01
4.329387e-01
3.964296e-01
5.700593e-01
0
0
1.742236e-01
9.765054e-02
0
0
4.777478e-01
2.902643e-01
0
0
0
0
0
8.369171e-02
0
0
0
0
0
0
0
0
0
0
0
7.381152e-02
0
0
0
0
0
0
0
1.671119e-01
0
0
5.884258e-01
2.332845e-01
0
0
0
7.207089e-02
0
0
0
0
0
0
0
0
0
0
0
2.250833e-01
0
0
4.012132e-01
1.562743e-01
1.151035e-01
1.568687e-01
0
0
2.442289e-01
1.025846e-01
4.587790e-01
3.231165e-01
2.875569e-01
6.886687e-01
0
3.047614e-01
0
0
7.804323e-03
1.270418e-01
0
0
3.312149e-01
4.556758e-01
2.934332e-02
4.079401e-01
1.155147e-01
3.894153e-01
4.386667e-01
0
0
0
3.855276e-01
5.089610e-01
8.961669e-03
2.174423e-02
2.644993e-01
6.790024e-01
3.857379e-01
7.742310e-01
5.008513e-01
7.951260e-01
6.666738e-01
1
3.190291e-02
3.959786e-01
5.938864e-01
6.077133e-01
5.220046e-01
5.010311e-01
0
0
3.440796e-01
5.085625e-01
4.428514e-02
2.272388e-01
3.367425e-01
3.442863e-01
3.060401e-01
2.594599e-01
3.614044e-01
3.514717e-01
0
0
4.234950e-02
0
6.495949e-03
0
5.358341e-01
3.861579e-01
0
0
0
0
0
0
0
0
0
0
0
0
0
0
0
0
0
2.969132e-01
0
0
0
0
0
0
1.320642e-01
6.634663e-01
0
2.321290e-03
4.552802e-01
4.965701e-01
0
0
1.283318e-01
3.366903e-01
0
2.604376e-01
0
4.726263e-02
0
1.135749e-01
0
0
0
0
0
2.435501e-01
0
0
3.566528e-01
4.296640e-01
0
0
0
2.742743e-03
5.236604e-01
1.156176e-01
5.100605e-01
1.700293e-01
5.492337e-02
5.392078e-01
0
2.737416e-01
0
0
1.962711e-01
1.844489e-01
0
0
0
4.818410e-04
0
2.294185e-01
0
5.038478e-02
2.128324e-01
0
0
0
1.390584e-01
3.493504e-01
6.149886e-01
2.964073e-01
2.612120e-01
2.428615e-01
0
1.629653e-01
1.229254e-01
1.199626e-01
0
3.190291e-02
1
5.353023e-01
3.961315e-01
5.031639e-01
3.672913e-01
1.392668e-01
1.011262e-01
2.634663e-02
4.165120e-01
2.173207e-01
0
0
4.891056e-01
3.359150e-01
1.239576e-01
1.257343e-02
4.479124e-02
0
1.562145e-01
2.645860e-01
3.653516e-01
1.259214e-01
0
0
0
0
0
0
0
0
1.328352e-01
0
0
0
0
0
0
0
0
0
0
0
0
0
0
0
1.484101e-01
2.662384e-01
7.183711e-03
6.506142e-04
0
4.541121e-02
2.780382e-01
4.574347e-01
0
2.160780e-01
0
0
6.124125e-02
8.221923e-02
1.193876e-01
2.685669e-01
1.700361e-01
1.113153e-01
2.246882e-01
0
0
2.525992e-02
2.436895e-02
2.007630e-01
2.652191e-01
1.021822e-01
2.970530e-01
1.027654e-01
1.551258e-01
3.072951e-01
0
0
2.210528e-01
2.925368e-01
0
2.888801e-02
1.376331e-01
0
0
0
0
0
0
0
0
3.234528e-01
0
0
0
0
0
0
3.698032e-01
8.970355e-02
8.553397e-02
0
0
0
0
0
5.581940e-01
3.618953e-01
0
2.789018e-01
0
2.973663e-01
8.265321e-02
6.394127e-01
0
3.959786e-01
5.353023e-01
1
4.265087e-01
8.353800e-01
3.803122e-01
5.034865e-01
2.081892e-01
4.212154e-02
5.988300e-01
6.144384e-01
7.253203e-02
1.541278e-01
3.655525e-02
9.672421e-03
0
0
2.926347e-01
1.806939e-01
2.271222e-01
3.234049e-01
0
0
1.916590e-02
1.198091e-01
0
0
0
0
0
0
4.647211e-02
9.075875e-03
0
0
0
0
0
0
0
0
0
0
6.981569e-02
1.220707e-01
0
0
3.800760e-01
4.673092e-01
1.388409e-01
2.783506e-01
1.642562e-01
4.140547e-01
3.787084e-01
6.601976e-01
0
1.502015e-01
0
0
5.518158e-01
6.163106e-01
2.547584e-01
5.659742e-01
3.535262e-01
3.611878e-01
2.087172e-01
2.969672e-01
0
0
1.271183e-01
2.655004e-01
3.464402e-01
2.203187e-01
0
0
0
1.885166e-01
0
0
0
4.091220e-01
1.459580e-01
0
2.495167e-01
0
0
0
0
0
0
0
1.748224e-01
2.207114e-01
6.134723e-02
9.400909e-04
0
0
0
0
0
0
8.195817e-02
0
0
0
0
0
4.427060e-01
0
2.251178e-01
5.006102e-01
0
2.794431e-01
6.014356e-01
5.929396e-01
2.283698e-01
5.938864e-01
3.961315e-01
4.265087e-01
1
7.155827e-01
3.776166e-01
4.342448e-01
0
0
1.878065e-01
2.877182e-01
1.133660e-01
1.263996e-01
2.944078e-01
2.197842e-01
2.257143e-01
1.354412e-01
1.258470e-01
1.352560e-02
0
0
2.006843e-01
6.375120e-02
0
0
1.672291e-01
1.715873e-01
0
0
0
0
0
0
0
0
0
0
0
0
0
0
0
9.042062e-02
0
2.561815e-01
0
0
0
0
1.492008e-01
2.653968e-01
3.944564e-01
5.820242e-01
0
2.392671e-01
1.263956e-01
4.771083e-01
0
9.239746e-02
2.684547e-02
2.881485e-01
0
1.831207e-01
0
2.828403e-02
0
4.341927e-02
0
0
0
0
0
0
0
0
5.637286e-02
4.405217e-01
0
0
6.150856e-02
1.239978e-02
4.398626e-01
4.867067e-01
5.113343e-01
3.891701e-01
0
1.731811e-02
0
1.614327e-01
0
0
3.255310e-01
4.221691e-01
1.512660e-01
8.825651e-02
0
0
0
4.885734e-01
0
0
0
0
9.816696e-02
0
1.176503e-01
0
4.107925e-01
7.107962e-02
1.111018e-01
4.374113e-01
7.917420e-02
5.041242e-01
3.267309e-01
7.366091e-01
2.815024e-01
6.077133e-01
5.031639e-01
8.353800e-01
7.155827e-01
1
6.263016e-01
7.294178e-01
0
0
4.811750e-01
5.287512e-01
1.859438e-01
2.246175e-01
2.998564e-01
2.947741e-01
6.277901e-02
9.514487e-02
3.670731e-01
2.906701e-01
0
6.254953e-02
2.786055e-02
0
0
0
0
0
0
0
0
0
3.720905e-03
0
0
0
0
0
0
0
0
0
0
0
0
6.112302e-02
0
0
0
1.323375e-01
3.550107e-02
1.990013e-01
2.129753e-01
5.595079e-01
2.018270e-01
5.676056e-01
0
3.135553e-01
0
0
3.462887e-01
5.331949e-01
4.399967e-02
4.117475e-01
1.538041e-01
2.080099e-01
0
1.086198e-01
0
0
0
0
5.344587e-02
6.869569e-02
0
0
6.850884e-02
3.823828e-01
0
0
0
1.074762e-01
3.435770e-01
1.349266e-01
6.046162e-01
2.229380e-01
0
1.261348e-01
0
9.426266e-02
0
0
2.764890e-01
3.862790e-01
1.792900e-01
5.517111e-02
0
0
5.015558e-03
1.895475e-01
0
0
1.731457e-01
0
0
0
1.575278e-02
0
1.313677e-01
2.965584e-01
4.281777e-01
2.897325e-01
4.614920e-01
7.392379e-01
3.195996e-01
3.562379e-01
6.929327e-01
5.220046e-01
3.672913e-01
3.803122e-01
3.776166e-01
6.263016e-01
1
5.413644e-01
0
0
5.237762e-01
4.122208e-01
1.199522e-01
1.460243e-01
6.389842e-01
6.394590e-01
3.698300e-01
3.923682e-01
4.402157e-01
5.846047e-01
0
0
2.778167e-01
3.805727e-02
0
0
4.761352e-02
0
0
0
0
0
0
0
0
0
0
0
0
0
0
0
0
0
1.634353e-02
0
0
0
0
0
0
0
0
1.513285e-01
0
1.281053e-01
2.424814e-01
3.524182e-01
0
0
5.424422e-02
9.148155e-02
0
1.468675e-01
0
0
0
0
0
0
0
8.594287e-02
1.098109e-01
3.101836e-01
7.508681e-02
0
3.982702e-01
2.373138e-01
7.240353e-02
0
1.474163e-01
0
4.943501e-02
3.165355e-02
5.316953e-01
2.019486e-01
0
5.067204e-01
0
8.572504e-02
0
0
7.307439e-02
1.946940e-01
0
0
2.621716e-01
1.631295e-01
0
9.997541e-02
2.661830e-01
2.917452e-01
3.760365e-01
0
0
0
2.150202e-01
9.156861e-02
0
0
0
2.476042e-01
0
5.375991e-01
0
5.923757e-01
4.146881e-01
5.010311e-01
1.392668e-01
5.034865e-01
4.342448e-01
7.294178e-01
5.413644e-01
1
7.315124e-02
0
9.924725e-02
1.857339e-01
0
9.072710e-02
2.224691e-01
2.059683e-01
0
0
5.866969e-03
5.890064e-02
1.084749e-01
2.720104e-01
0
1.354241e-01
0
0
0
7.588808e-02
0
0
0
0
2.595182e-01
1.807036e-01
0
0
0
0
0
0
0
0
0
0
0
0
0
0
0
9.597362e-02
0
0
3.054854e-01
3.798989e-01
3.990318e-01
3.837328e-01
0
0
0
0
2.917958e-01
3.576558e-01
0
3.969134e-01
2.708560e-01
3.049776e-01
6.696256e-02
2.237402e-01
0
0
0
2.285063e-01
1.924950e-01
1.738908e-01
5.906021e-03
1.439236e-01
1.017938e-01
1.648217e-01
0
2.193516e-02
0
0
3.923507e-01
0
5.970101e-01
1.457375e-01
0
1.188298e-02
0
0
0
0
1.376256e-01
2.696835e-01
2.618820e-01
9.734433e-02
0
0
3.591401e-01
2.420582e-01
0
0
7.071054e-02
0
0
0
0
0
0
1.669321e-01
0
0
0
0
0
0
0
0
1.011262e-01
2.081892e-01
0
0
0
7.315124e-02
1
7.588474e-01
0
0
0
0
0
0
0
0
0
0
8.410783e-01
6.903487e-01
0
0
3.251645e-01
3.390528e-01
0
0
2.360704e-01
2.864631e-01
9.953731e-03
3.359825e-01
4.627348e-01
4.315665e-01
3.162688e-01
4.769769e-01
1.654316e-01
2.317763e-01
4.046229e-01
2.422742e-01
4.301363e-01
2.037688e-01
1.728794e-01
0
4.143942e-02
0
2.794908e-01
3.189457e-01
7.164160e-01
6.196163e-01
0
5.199554e-03
4.678699e-03
0
6.870021e-01
3.295970e-01
0
0
0
0
5.009239e-01
1.875435e-01
2.520069e-01
3.642385e-01
5.184092e-01
4.587960e-01
4.319447e-01
3.213031e-01
3.133576e-01
4.088788e-01
8.281353e-01
6.097646e-01
8.033275e-01
2.980894e-01
4.260128e-01
3.555084e-01
0
0
0
0
0
0
0
0
0
0
0
0
0
0
6.028385e-01
5.324679e-01
0
3.517770e-03
5.845654e-02
3.342948e-01
0
0
0
0
4.611089e-02
0
0
4.234949e-01
1.213471e-01
2.695654e-01
0
0
0
1.350139e-01
0
0
0
0
0
0
0
0
2.634663e-02
4.212154e-02
0
0
0
0
7.588474e-01
1
0
0
0
0
0
0
0
0
0
0
7.751344e-01
7.627462e-01
0
1.501309e-02
4.258366e-01
2.985747e-01
0
0
2.609353e-01
3.791924e-01
1.447169e-01
2.801203e-01
5.332511e-01
4.234337e-01
3.014168e-01
4.126288e-01
2.909877e-01
2.921307e-01
4.293967e-01
2.658631e-01
2.739694e-01
7.904098e-02
0
0
0
0
3.300622e-01
3.153508e-01
6.171256e-01
6.093453e-01
0
0
0
0
5.962033e-01
2.072421e-01
0
0
0
0
2.845711e-01
0
4.059581e-01
2.429469e-01
5.353152e-01
5.219911e-01
5.278456e-01
3.344924e-01
4.001833e-01
4.958576e-01
8.258267e-01
7.125368e-01
7.667774e-01
5.449325e-01
4.566327e-01
5.869300e-01
0
0
1.281771e-01
3.305440e-01
0
1.156602e-01
0
0
0
0
0
0
1.547595e-01
0
6.526604e-01
2.382863e-01
0
0
0
0
0
0
4.917994e-02
0
0
0
0
2.225764e-01
0
2.092565e-01
0
0
6.262546e-01
7.539672e-01
5.225693e-01
3.450420e-01
4.887903e-01
4.206201e-01
4.511446e-01
3.319506e-01
1.813723e-01
3.440796e-01
4.165120e-01
5.988300e-01
1.878065e-01
4.811750e-01
5.237762e-01
9.924725e-02
0
0
1
7.198478e-01
2.106442e-01
3.340198e-01
3.365099e-01
3.524685e-01
4.354257e-01
4.802546e-01
5.769182e-01
5.779953e-01
0
3.418454e-03
3.987866e-01
0
1.104646e-01
0
0
0
0
0
0
0
0
0
0
0
0
0
0
0
0
0
0
0
2.461592e-01
8.509325e-02
0
0
3.941999e-01
3.532065e-01
0
0
0
9.979042e-02
0
3.740016e-01
0
4.108064e-01
0
0
2.560266e-01
3.246219e-01
2.619947e-01
2.474491e-01
1.396667e-02
0
0
0
0
0
3.397273e-02
2.117141e-01
1.465170e-01
2.418694e-01
6.839306e-02
0
7.492994e-02
0
2.526665e-01
0
1.633498e-01
2.674395e-01
0
0
0
0
3.132573e-02
4.940136e-01
0
3.785912e-01
0
0
4.034185e-02
0
0
0
5.658573e-02
1.229478e-01
0
0
2.693629e-01
3.541489e-01
6.117555e-01
0
0
0
3.641835e-01
3.194804e-01
3.880027e-01
5.447120e-01
2.563175e-01
4.137576e-01
4.654855e-01
5.396871e-01
3.965812e-01
5.103669e-01
3.459749e-01
5.085625e-01
2.173207e-01
6.144384e-01
2.877182e-01
5.287512e-01
4.122208e-01
1.857339e-01
0
0
7.198478e-01
1.000000e+00
4.669623e-01
6.467132e-01
1.889052e-01
2.791348e-01
1.555878e-01
2.985429e-01
6.280944e-01
5.838150e-01
0
3.617561e-04
7.865716e-02
0
1.218339e-01
6.819148e-02
0
0
0
0
0
0
0
0
0
0
0
0
0
0
0
0
0
0
2.184218e-01
2.522253e-01
0
0
2.614668e-01
1.736465e-01
0
0
0
1.682766e-01
0
2.472085e-01
0
1.736123e-01
0
0
6.031895e-01
5.749610e-01
2.489913e-01
3.645773e-01
1.065793e-01
1.009879e-01
0
1.283978e-01
0
0
4.097617e-02
5.589852e-02
1.548681e-01
1.817422e-01
0
0
2.645661e-01
7.474180e-02
0
0
0
2.298846e-01
5.278944e-02
0
1.305653e-01
0
3.152995e-01
2.835209e-01
0
4.075111e-01
0
0
9.891338e-02
2.046588e-01
0
0
3.018198e-03
1.812237e-01
0
0
1.489545e-01
2.335992e-01
4.067890e-01
0
0
0
3.058366e-01
3.492116e-01
0
2.735863e-02
3.213978e-01
6.589973e-02
5.773230e-01
1.438458e-01
3.262225e-01
4.349035e-02
2.369868e-01
4.428514e-02
0
7.253203e-02
1.133660e-01
1.859438e-01
1.199522e-01
0
0
0
2.106442e-01
4.669623e-01
1
8.391627e-01
1.755830e-01
2.583467e-01
2.942626e-01
5.654970e-01
7.500223e-01
6.081829e-01
0
0
2.065683e-01
0
0
0
0
0
0
0
0
0
0
0
0
0
0
0
0
0
0
0
1.949026e-03
0
6.869974e-02
0
0
0
0
0
0
0
0
0
0
0
9.807537e-02
1.898304e-01
0
0
3.823794e-01
2.530239e-01
2.351990e-01
0
0
0
0
0
0
0
0
0
0
0
0
0
7.765881e-02
9.899331e-02
0
6.240973e-02
0
0
1.161879e-01
2.604971e-01
2.054080e-01
4.301316e-01
1.270457e-01
1.744362e-03
0
4.828029e-01
0
0
3.256243e-01
4.318188e-01
3.027746e-01
1.814884e-01
3.272791e-01
3.516646e-01
0
3.152358e-01
0
9.986775e-02
3.948712e-01
0
3.460302e-01
0
5.654296e-02
2.715783e-01
0
1.493015e-01
3.873612e-01
2.818098e-01
4.836336e-01
2.501939e-01
4.184741e-01
2.661916e-01
3.691927e-01
2.272388e-01
0
1.541278e-01
1.263996e-01
2.246175e-01
1.460243e-01
9.072710e-02
0
0
3.340198e-01
6.467132e-01
8.391627e-01
1
1.609082e-01
3.259273e-01
1.755286e-01
4.257985e-01
6.087607e-01
5.401118e-01
0
0
2.080764e-01
4.907168e-02
0
0
0
0
0
0
0
0
0
1.887589e-01
0
0
0
0
0
0
0
0
0
0
2.413103e-01
2.204869e-01
0
0
1.031454e-01
0
0
0
0
0
0
0
6.129506e-02
2.863523e-02
0
0
5.423402e-01
5.952453e-01
4.257495e-01
2.733860e-01
1.955025e-01
6.344506e-02
0
1.379768e-01
0
0
0
0
0
0
0
6.917633e-02
7.488927e-02
0
0
1.214478e-01
0
2.538678e-02
9.013932e-02
5.571719e-02
6.596059e-04
1.685267e-01
1.897908e-01
1.129318e-01
0
3.756934e-01
0
0
1.606284e-01
3.843757e-01
1.413644e-02
0
1.242226e-01
2.941861e-01
5.761792e-02
3.039252e-01
7.355353e-02
2.354500e-01
4.082156e-01
0
1.069322e-01
0
2.380791e-01
4.409831e-01
2.514648e-02
1.620930e-01
6.952603e-01
5.306109e-01
4.865083e-01
6.383421e-01
3.561652e-01
1.054938e-01
5.153411e-01
3.367425e-01
4.891056e-01
3.655525e-02
2.944078e-01
2.998564e-01
6.389842e-01
2.224691e-01
0
0
3.365099e-01
1.889052e-01
1.755830e-01
1.609082e-01
1
8.991797e-01
5.946301e-01
5.700473e-01
3.696991e-01
3.262834e-01
0
0
7.537422e-01
5.424806e-01
0
0
1.799093e-01
6.950684e-02
0
0
0
0
0
0
0
0
0
0
0
0
0
0
0
0
0
0
0
0
0
0
0
0
0
9.604772e-03
0
0
5.370641e-01
5.326558e-01
0
0
0
0
3.990857e-02
4.981845e-02
0
0
0
0
0
0
0
4.851789e-02
0
2.627730e-01
1.483645e-01
1.735890e-01
6.537755e-01
4.628426e-01
1.804530e-01
1.846999e-01
4.113827e-01
0
0
1.572574e-02
3.167935e-01
2.302630e-01
0
3.994503e-01
0
4.657308e-02
0
0
0
5.192109e-01
0
0
4.885351e-02
3.863454e-01
0
1.027030e-01
5.013329e-01
5.129056e-01
5.572595e-01
0
0
0
1.461186e-01
0
0
1.670693e-01
7.316371e-01
5.995477e-01
5.157412e-01
6.448701e-01
4.492972e-01
2.157905e-01
6.359582e-01
3.442863e-01
3.359150e-01
9.672421e-03
2.197842e-01
2.947741e-01
6.394590e-01
2.059683e-01
0
0
3.524685e-01
2.791348e-01
2.583467e-01
3.259273e-01
8.991797e-01
1
5.045300e-01
5.714965e-01
4.255265e-01
3.910041e-01
0
0
7.039124e-01
5.307627e-01
0
0
1.036445e-01
3.460167e-02
0
0
0
0
0
0
0
0
0
0
0
0
0
0
0
0
0
0
0
0
0
0
0
0
0
0
0
0
4.691805e-01
4.210167e-01
6.588167e-03
0
0
2.361234e-02
1.967773e-01
9.653084e-02
0
0
0
0
0
0
0
0
0
1.527673e-01
1.354513e-01
1.275842e-01
6.004314e-01
4.195007e-01
2.796963e-01
2.302287e-01
2.544368e-01
0
0
0
2.842794e-01
2.079547e-01
1.393539e-01
5.033522e-01
0
1.284588e-01
0
0
0
4.289645e-01
0
0
1.793155e-01
5.513731e-01
0
1.410930e-01
5.975512e-01
6.642484e-01
6.085754e-01
0
0
0
3.070402e-01
1.152188e-01
2.334210e-01
3.814922e-01
7.713193e-01
3.291471e-01
7.269631e-01
2.507549e-01
5.628486e-01
0
3.287320e-01
3.060401e-01
1.239576e-01
0
2.257143e-01
6.277901e-02
3.698300e-01
0
0
0
4.354257e-01
1.555878e-01
2.942626e-01
1.755286e-01
5.946301e-01
5.045300e-01
1.000000e+00
8.479925e-01
5.801159e-01
4.662451e-01
0
0
6.837466e-01
1.130289e-01
0
0
3.142623e-01
0
0
0
1.690146e-01
0
0
0
0
0
0
0
0
0
0
0
0
1.383286e-01
2.288871e-01
6.713793e-02
0
0
0
0
0
0
0
1.057773e-01
0
0
4.385574e-01
8.770374e-01
0
0
0
0
0
0
0
0
0
0
0
0
0
0
0
1.146739e-01
0
0
2.750064e-01
3.211902e-01
1.131457e-01
1.653550e-01
6.451787e-01
1.111123e-01
0
1.426087e-01
2.529749e-02
1.924818e-01
6.286883e-02
5.172457e-01
0
4.783774e-01
0
0
0
1.828355e-01
0
0
3.672410e-01
4.512205e-01
0
9.490546e-02
3.077815e-01
5.367249e-01
5.919863e-01
0
0
0
2.734592e-01
3.391333e-01
1.266925e-01
3.147025e-01
7.956743e-01
2.291385e-01
8.586087e-01
3.352093e-01
6.123419e-01
0
4.329387e-01
2.594599e-01
1.257343e-02
0
1.354412e-01
9.514487e-02
3.923682e-01
0
0
0
4.802546e-01
2.985429e-01
5.654970e-01
4.257985e-01
5.700473e-01
5.714965e-01
8.479925e-01
1.000000e+00
7.859024e-01
7.164533e-01
0
0
5.924258e-01
6.112484e-02
0
0
2.510326e-01
8.654311e-03
0
0
0
0
0
0
0
0
0
0
0
0
0
0
0
0
4.988070e-02
0
0
0
0
0
0
0
0
0
0
0
3.660145e-01
6.970662e-01
0
0
0
0
2.734614e-03
0
0
0
0
0
0
0
0
0
0
7.283236e-02
0
0
2.574239e-01
2.946514e-01
1.100835e-01
1.651396e-01
4.382335e-01
0
0
2.587045e-01
1.831815e-01
4.257945e-01
1.173506e-01
5.313445e-01
0
6.856635e-01
0
0
1.728280e-01
2.007001e-01
0
0
4.815978e-01
5.909118e-01
0
2.065437e-01
1.101803e-01
4.749741e-01
7.235601e-01
0
0
0
3.075331e-01
4.335657e-01
1.283924e-01
3.806176e-01
5.155216e-01
1.914548e-01
8.726945e-01
4.698122e-01
4.377312e-01
1.695341e-01
3.964296e-01
3.614044e-01
4.479124e-02
2.926347e-01
1.258470e-01
3.670731e-01
4.402157e-01
5.866969e-03
0
0
5.769182e-01
6.280944e-01
7.500223e-01
6.087607e-01
3.696991e-01
4.255265e-01
5.801159e-01
7.859024e-01
1.000000e+00
8.529843e-01
0
0
2.744230e-01
0
0
0
1.618814e-01
0
0
0
0
0
0
0
0
0
0
0
0
0
0
0
0
0
0
0
0
0
0
0
0
0
0
1.680166e-01
0
0
2.255482e-01
5.293327e-01
0
0
2.832963e-01
1.938126e-01
2.565925e-01
0
0
0
0
0
0
0
0
0
0
2.546818e-01
0
0
2.694118e-01
3.272643e-01
0
0
6.158119e-02
2.497164e-02
5.699380e-02
1.671216e-01
3.316393e-01
3.611479e-01
1.584438e-01
3.999794e-01
0
6.156360e-01
0
0
2.970115e-01
2.739217e-01
9.382162e-02
0
3.663267e-01
3.735101e-01
0
1.107529e-02
0
2.049706e-01
5.455427e-01
0
6.015784e-02
0
5.197509e-02
3.060309e-01
4.554101e-02
4.388528e-01
5.049372e-01
6.482687e-02
8.313810e-01
5.327098e-01
3.771726e-01
1.184338e-01
5.700593e-01
3.514717e-01
0
1.806939e-01
1.352560e-02
2.906701e-01
5.846047e-01
5.890064e-02
0
0
5.779953e-01
5.838150e-01
6.081829e-01
5.401118e-01
3.262834e-01
3.910041e-01
4.662451e-01
7.164533e-01
8.529843e-01
1.000000e+00
0
0
1.535572e-01
0
0
0
1.970233e-01
0
0
0
0
0
0
0
0
0
0
0
0
0
0
0
0
0
0
1.037190e-01
0
0
0
0
0
0
0
8.298845e-02
0
0
2.066489e-01
3.300425e-01
0
0
1.532604e-01
1.164921e-01
1.967449e-01
0
0
0
0
0
0
0
0
0
0
3.205487e-01
0
0
1.360950e-01
8.522347e-02
0
0
0
0
4.539443e-02
1.598842e-01
3.094175e-01
3.558508e-01
2.703686e-01
5.985022e-01
0
6.337906e-01
0
0
3.246253e-01
4.307792e-02
1.365435e-01
0
5.473998e-01
4.501574e-01
0
1.329594e-01
0
2.232850e-01
5.698037e-01
0
0
0
2.257902e-01
4.980511e-01
0
1.071983e-01
0
0
0
0
0
0
0
0
1.562145e-01
2.271222e-01
0
0
0
1.084749e-01
8.410783e-01
7.751344e-01
0
0
0
0
0
0
0
0
0
0
1
8.739807e-01
0
0
4.926729e-01
5.114198e-01
0
0
2.792364e-01
3.928424e-01
0
2.931876e-01
7.144857e-01
5.275483e-01
2.477457e-01
4.068047e-01
1.508999e-01
2.289278e-01
3.568543e-01
2.123392e-01
3.463514e-01
7.141697e-02
9.250827e-03
0
0
0
2.282392e-01
3.615185e-01
6.523396e-01
6.607819e-01
3.610225e-02
9.880277e-02
7.330688e-03
0
8.212877e-01
5.415711e-01
0
0
0
0
4.361787e-01
2.023941e-01
4.296315e-01
3.558886e-01
7.080298e-01
6.037460e-01
5.940637e-01
4.006808e-01
4.020710e-01
4.157703e-01
8.102069e-01
6.133121e-01
8.198957e-01
2.687724e-01
4.740878e-01
4.546805e-01
0
0
0
0
0
0
0
0
0
0
0
0
0
0
6.588706e-01
5.180535e-01
0
0
1.377922e-01
1.546693e-01
0
0
2.021654e-01
0
0
0
0
2.764887e-01
8.022711e-02
2.970898e-01
0
0
0
7.036435e-02
0
0
0
0
0
5.544985e-02
0
0
2.645860e-01
3.234049e-01
0
6.254953e-02
0
2.720104e-01
6.903487e-01
7.627462e-01
3.418454e-03
3.617561e-04
0
0
0
0
0
0
0
0
8.739807e-01
1
0
9.205402e-02
3.789110e-01
4.284942e-01
0
0
2.371870e-01
1.848491e-01
0
1.012142e-01
7.553807e-01
4.878551e-01
0
1.892238e-01
5.564486e-03
6.176824e-02
1.217433e-01
0
6.826769e-02
0
0
0
0
0
9.187816e-02
2.407005e-01
5.129199e-01
6.306512e-01
0
4.934146e-02
4.181286e-02
0
7.850647e-01
5.769146e-01
0
0
0
3.743580e-02
4.089751e-01
2.356796e-01
5.182719e-01
5.749075e-01
8.108009e-01
7.579069e-01
7.157720e-01
6.034239e-01
4.131651e-01
3.945831e-01
6.677594e-01
6.877265e-01
8.122241e-01
3.498591e-01
4.912397e-01
4.822245e-01
0
0
1.026267e-01
1.314444e-01
0
9.811265e-02
0
0
0
0
0
0
0
0
4.348614e-01
2.873702e-01
0
0
0
0
0
0
3.411198e-01
0
1.308138e-01
0
0
4.450500e-02
0
3.463526e-01
0
0
2.783135e-01
3.227930e-01
7.664566e-01
3.968697e-01
3.823069e-01
1.740027e-01
4.441955e-01
0
1.742236e-01
4.234950e-02
3.653516e-01
0
2.006843e-01
2.786055e-02
2.778167e-01
0
0
0
3.987866e-01
7.865716e-02
2.065683e-01
2.080764e-01
7.537422e-01
7.039124e-01
6.837466e-01
5.924258e-01
2.744230e-01
1.535572e-01
0
0
1
6.308714e-01
0
0
0
0
0
0
0
0
0
0
0
0
0
0
0
0
0
0
0
1.986790e-02
1.118764e-01
0
0
0
1.510700e-02
0
0
0
0
0
0
0
2.564999e-01
5.510144e-01
0
0
0
0
1.043026e-01
0
0
0
0
0
0
0
0
0
0
0
3.449406e-01
9.805143e-02
3.049011e-01
1.517128e-01
3.938987e-01
1.949666e-01
4.603138e-01
5.534341e-02
0
0
0
0
1.602044e-02
3.617363e-01
0
1.970026e-01
0
0
0
3.075375e-01
0
0
0
4.931296e-01
0
0
6.242732e-01
5.714582e-01
6.103436e-01
0
0
0
2.986744e-01
1.107640e-01
0
0
3.389592e-01
3.661256e-01
0
1.270126e-01
7.493996e-02
0
9.765054e-02
0
1.259214e-01
0
6.375120e-02
0
3.805727e-02
1.354241e-01
0
1.501309e-02
0
0
0
4.907168e-02
5.424806e-01
5.307627e-01
1.130289e-01
6.112484e-02
0
0
0
9.205402e-02
6.308714e-01
1
0
0
0
0
8.486230e-02
0
0
0
0
0
8.186245e-02
8.464844e-02
1.163331e-01
2.523763e-02
1.364720e-01
6.971487e-02
0
0
4.214006e-02
0
3.472509e-02
0
2.247896e-01
7.295192e-02
0
0
0
0
0
0
0
0
1.449989e-01
6.498347e-02
1.024713e-01
0
0
0
1.186248e-01
2.341749e-01
3.085524e-02
0
1.322260e-01
8.442129e-02
0
0
0
1.597875e-01
0
0
3.925572e-01
1.947822e-01
2.749904e-01
1.281585e-01
4.397905e-01
2.676153e-01
2.194474e-01
5.045428e-02
0
0
0
0
0
0
0
0
0
0
0
2.118245e-01
0
0
0
1.019417e-01
1.752714e-01
0
3.866773e-01
2.973616e-01
1.932286e-01
0
0
2.796285e-01
3.289896e-02
0
0
2.076004e-01
0
0
0
0
0
0
0
6.495949e-03
0
1.916590e-02
0
0
0
0
3.251645e-01
4.258366e-01
1.104646e-01
1.218339e-01
0
0
0
0
0
0
0
0
4.926729e-01
3.789110e-01
0
0
1.000000e+00
8.066997e-01
2.893885e-01
1.615939e-01
2.129816e-01
2.693277e-01
2.362125e-01
3.516383e-01
3.864723e-01
3.774046e-01
0
0
0
0
0
0
0
0
0
0
0
1.378994e-01
0
5.675710e-02
4.234287e-01
5.217196e-01
0
0
9.301041e-02
0
2.591031e-01
3.405016e-01
0
0
1.536352e-02
0
2.900170e-01
1.145919e-01
6.712176e-02
1.447195e-01
3.688746e-01
4.692520e-01
1.826528e-01
4.234726e-01
1.254612e-01
1.047070e-02
5.748492e-01
3.450695e-01
4.020521e-01
2.394062e-01
0
9.213991e-02
0
0
0
0
0
7.781982e-02
0
0
0
0
0
9.687451e-02
1.209687e-01
4.540294e-02
4.307876e-01
1.740932e-01
0
0
0
0
0
0
0
0
0
0
0
3.645233e-02
0
0
0
1.827674e-01
0
0
0
0
0
0
0
6.925855e-03
0
0
0
1.198091e-01
0
0
0
0
3.390528e-01
2.985747e-01
0
6.819148e-02
0
0
0
0
0
0
0
0
5.114198e-01
4.284942e-01
0
0
8.066997e-01
1
2.403036e-01
3.792306e-01
1.159758e-01
2.188572e-02
3.327326e-02
1.646486e-02
4.362646e-01
1.574988e-01
0
0
9.898150e-02
0
0
0
1.449505e-02
0
0
0
0
1.472353e-02
0
6.658547e-02
1.594759e-01
2.696608e-01
2.840314e-02
1.935691e-01
4.407402e-01
0
4.428756e-01
4.095612e-01
0
0
3.088758e-01
3.464105e-01
4.230248e-01
1.111846e-01
4.555992e-02
2.830212e-01
4.218508e-01
4.264467e-01
2.788056e-01
4.912001e-01
2.819523e-01
1.386235e-01
4.524061e-01
2.916274e-01
3.871772e-01
1.341509e-01
0
0
0
0
0
0
0
9.416778e-03
1.591509e-01
0
2.192182e-02
0
0
0
0
0
5.048951e-01
4.594883e-01
2.127572e-01
0
1.641699e-01
8.615675e-02
0
0
0
0
0
0
0
3.803490e-02
4.339399e-02
8.423912e-02
0
0
0
0
2.262047e-01
3.131669e-01
4.027208e-01
3.829818e-01
3.344789e-01
1.431020e-01
4.777478e-01
5.358341e-01
0
0
1.672291e-01
0
4.761352e-02
0
0
0
0
0
0
0
1.799093e-01
1.036445e-01
3.142623e-01
2.510326e-01
1.618814e-01
1.970233e-01
0
0
0
0
2.893885e-01
2.403036e-01
1.000000e+00
7.650265e-01
0
0
3.036152e-01
0
0
0
0
0
1.405435e-01
0
0
0
0
0
0
0
0
1.330971e-01
0
0
0
0
0
0
1.031866e-01
3.874546e-01
0
0
7.980470e-01
4.002263e-01
4.425312e-01
2.633470e-01
0
0
0
0
0
0
0
0
0
0
0
0
0
1.801293e-01
0
0
2.822474e-01
3.348062e-01
0
0
7.799399e-03
0
3.956589e-01
3.474031e-01
3.234829e-01
3.709891e-01
1.758099e-01
4.536990e-01
5.173198e-02
2.605667e-01
0
0
1.053728e-01
0
0
0
1.725246e-01
2.170363e-01
0
3.065839e-01
0
1.770853e-02
0
0
0
0
0
2.704928e-01
0
0
0
3.047556e-01
5.719243e-02
3.116840e-01
2.214042e-01
1.781530e-01
2.902643e-01
3.861579e-01
0
0
1.715873e-01
0
0
7.588808e-02
0
0
0
0
0
0
6.950684e-02
3.460167e-02
0
8.654311e-03
0
0
0
0
0
0
1.615939e-01
3.792306e-01
7.650265e-01
1.000000e+00
3.810900e-02
0
1.189075e-01
0
2.393286e-01
0
0
0
2.555835e-01
7.649266e-02
0
0
0
0
0
0
0
0
0
0
0
0
0
1.184694e-01
4.321449e-01
3.506780e-01
0
0
6.665148e-01
8.945454e-02
7.992488e-01
7.296466e-01
0
0
0
0
0
5.762015e-02
0
1.107015e-01
2.293813e-01
3.078943e-04
0
0
0
0
0
0
3.366136e-01
4.251607e-01
0
1.453702e-02
0
0
5.013278e-01
4.945886e-01
4.915450e-01
4.929629e-01
0
1.033625e-01
0
5.941249e-02
0
2.537551e-02
1.823033e-01
1.160594e-01
7.474600e-02
0
3.167436e-02
0
1.845234e-01
4.061357e-01
0
0
0
0
0
0
0
0
0
0
0
0
0
0
0
0
0
0
0
0
0
0
0
0
2.360704e-01
2.609353e-01
0
0
0
0
0
0
0
0
0
0
2.792364e-01
2.371870e-01
0
8.486230e-02
2.129816e-01
1.159758e-01
0
3.810900e-02
1
5.140248e-01
3.457306e-01
6.431442e-01
4.982390e-01
4.197321e-01
2.269849e-01
3.297182e-01
1.959146e-01
2.180041e-01
2.438817e-01
2.898701e-01
2.220674e-01
1.892763e-01
3.506346e-01
2.357023e-01
1.837537e-02
1.788396e-01
3.878460e-01
5.402966e-01
1.909984e-01
7.629274e-02
3.216388e-01
2.361034e-01
0
0
7.419548e-02
0
0
0
2.651802e-01
2.568713e-01
0
1.197066e-01
1.765274e-01
2.655364e-03
4.020135e-01
3.741755e-01
4.998690e-01
3.644642e-01
5.792732e-01
5.653531e-01
2.173742e-01
0
0
0
2.318838e-01
1.838607e-01
0
0
0
1.770029e-01
0
7.267509e-02
0
0
0
0
2.060899e-01
0
5.160214e-01
0
3.493430e-01
4.698067e-01
0
1.569692e-02
0
9.188748e-02
0
8.390969e-02
3.376775e-01
8.658208e-02
1.345224e-01
0
0
2.866435e-01
2.248461e-01
2.711419e-01
4.325273e-02
0
6.778297e-02
2.152249e-01
0
0
0
0
0
0
0
0
0
0
0
0
0
0
2.864631e-01
3.791924e-01
0
0
0
0
0
0
0
0
0
0
3.928424e-01
1.848491e-01
0
0
2.693277e-01
2.188572e-02
0
0
5.140248e-01
1.000000e+00
2.262702e-01
7.152011e-01
2.801205e-01
5.111204e-01
3.094630e-01
3.434101e-01
1.567514e-01
2.212863e-01
3.872782e-01
3.616204e-01
3.328231e-01
3.600756e-01
1.349977e-01
3.107711e-01
0
2.316216e-01
3.009793e-01
4.735640e-01
3.652695e-01
3.535429e-01
1.476655e-01
3.558103e-01
0
0
8.728484e-02
0
0
0
0
0
0
1.569574e-01
2.392934e-01
0
7.446709e-02
1.730424e-01
6.713824e-02
0
2.327710e-01
3.823067e-01
3.575584e-01
0
1.925265e-01
6.756067e-02
3.367164e-01
1.988365e-01
0
0
0
1.508214e-01
0
1.510052e-01
0
0
0
0
4.282993e-01
2.647651e-03
6.716636e-01
1.274153e-01
4.753981e-01
2.078099e-01
0
0
0
0
0
1.290222e-01
2.910890e-03
0
0
0
0
4.167333e-01
1.799701e-01
0
6.547501e-02
2.862898e-01
0
0
0
0
0
0
0
0
0
0
0
0
0
0
0
0
9.953731e-03
1.447169e-01
0
0
0
0
0
0
1.690146e-01
0
0
0
0
0
0
0
2.362125e-01
3.327326e-02
3.036152e-01
1.189075e-01
3.457306e-01
2.262702e-01
1
5.031101e-01
0
0
4.490364e-01
3.694197e-01
4.256880e-01
3.238127e-01
4.345538e-01
4.568946e-01
3.937634e-01
4.841072e-01
4.836119e-01
4.170792e-01
2.227182e-01
2.247432e-01
5.189487e-01
3.631433e-01
8.571356e-04
0
5.779181e-02
0
1.361897e-01
0
0
0
1.826716e-01
1.929779e-02
1.170046e-01
9.500669e-02
0
0
0
0
0
0
0
0
1.945759e-01
3.059481e-01
1.478866e-01
0
0
0
3.974952e-02
0
0
0
1.485343e-01
4.564765e-02
4.358445e-01
3.209851e-03
0
6.831578e-02
0
0
1.086796e-01
0
5.056595e-01
0
4.236052e-01
2.462680e-01
0
0
0
0
7.527306e-02
2.399195e-02
0
0
0
4.643997e-02
0
3.526384e-01
0
1.276551e-01
1.144862e-04
3.148947e-02
2.978113e-01
3.719077e-01
0
0
0
0
0
0
0
0
0
0
0
0
0
0
3.359825e-01
2.801203e-01
0
0
0
0
0
0
0
0
0
0
2.931876e-01
1.012142e-01
0
0
3.516383e-01
1.646486e-02
0
0
6.431442e-01
7.152011e-01
5.031101e-01
1
2.454206e-01
4.548000e-01
1.838079e-01
3.051814e-01
0
1.452055e-02
2.899993e-01
2.432949e-01
3.555405e-01
3.510623e-01
4.676448e-01
5.327291e-01
2.705510e-01
4.930599e-01
4.129186e-01
5.622216e-01
5.717225e-01
4.935203e-01
2.953907e-01
1.835752e-01
0
0
4.744822e-02
0
0
0
0
0
0
1.547376e-01
0
0
1.652475e-01
1.960777e-01
2.241260e-01
9.863873e-02
2.391494e-01
3.022351e-01
4.381968e-01
5.411900e-02
1.194932e-01
0
3.248990e-01
1.226537e-01
0
0
1.502335e-02
4.182706e-02
0
1.993505e-01
0
0
0
0
3.002770e-01
0
5.122051e-01
1.184477e-01
4.263375e-01
3.231361e-01
0
0
0
0
0
5.012005e-02
1.416819e-01
0
3.021864e-02
0
0
4.501013e-01
2.604096e-01
3.472781e-02
3.481939e-01
2.788191e-01
0
0
0
0
0
0
0
0
0
0
1.328352e-01
4.647211e-02
0
3.720905e-03
0
2.595182e-01
4.627348e-01
5.332511e-01
0
0
0
0
0
0
0
0
0
0
7.144857e-01
7.553807e-01
0
0
3.864723e-01
4.362646e-01
0
2.393286e-01
4.982390e-01
2.801205e-01
0
2.454206e-01
1
7.083115e-01
0
9.802266e-02
6.632832e-02
1.139173e-01
1.411208e-02
0
0
0
0
0
0
0
0
1.203693e-01
2.091978e-01
3.242867e-01
1.094057e-01
2.233313e-01
2.268121e-01
1.207879e-02
6.100586e-01
4.510743e-01
0
0
2.435165e-01
3.946516e-01
2.267980e-01
1.922397e-01
3.086779e-01
2.560742e-01
7.963235e-01
7.681520e-01
6.791604e-01
4.992955e-01
5.094022e-01
3.985541e-01
4.844149e-01
2.986003e-01
4.572759e-01
1.550759e-02
3.266494e-01
4.771305e-01
0
0
0
2.138899e-01
0
0
0
0
0
0
0
0
0
0
3.903036e-01
4.385177e-01
0
2.658755e-02
9.280312e-02
5.843342e-02
0
0
6.106586e-01
8.567317e-02
0
0
0
0
0
2.371065e-01
0
0
0
1.627720e-02
0
0
0
0
0
9.166845e-02
8.369171e-02
0
0
9.075875e-03
0
0
0
1.807036e-01
4.315665e-01
4.234337e-01
0
0
0
1.887589e-01
0
0
0
0
0
0
5.275483e-01
4.878551e-01
0
0
3.774046e-01
1.574988e-01
0
0
4.197321e-01
5.111204e-01
0
4.548000e-01
7.083115e-01
1
0
0
0
0
0
0
0
0
0
0
0
2.119330e-01
0
0
3.276320e-01
3.985690e-01
7.988704e-02
1.891318e-01
0
1.268984e-01
2.416110e-01
2.523464e-01
0
0
0
0
1.444136e-01
4.133171e-01
3.303151e-01
1.222121e-01
5.694787e-01
6.815604e-01
2.760763e-01
4.095104e-01
2.088408e-01
7.188588e-02
4.018602e-01
7.525011e-02
3.191834e-01
8.124441e-02
3.625354e-01
5.372419e-01
0
0
0
4.601357e-01
0
0
0
0
0
0
0
1.012970e-01
9.396460e-02
0
1.439662e-01
1.530934e-01
0
0
0
0
0
0
4.707223e-01
1.940740e-01
0
0
0
0
0
0
9.023373e-02
2.360665e-01
0
0
0
0
0
0
0
0
0
0
0
0
0
0
0
0
3.162688e-01
3.014168e-01
0
0
0
0
0
0
0
0
0
0
2.477457e-01
0
0
8.186245e-02
0
0
0
0
2.269849e-01
3.094630e-01
4.490364e-01
1.838079e-01
0
0
1
9.145896e-01
8.723798e-01
8.994270e-01
9.344356e-01
9.577344e-01
8.752022e-01
7.968588e-01
4.809341e-01
1.981460e-01
0
0
7.349766e-01
5.722964e-01
7.718725e-02
0
4.603492e-02
0
0
0
1.767787e-01
0
0
0
9.835672e-02
5.989951e-02
0
0
0
0
0
0
5.206194e-02
0
4.075574e-01
5.604477e-01
2.734082e-01
7.530262e-02
6.644592e-02
0
2.198633e-01
5.152095e-03
0
0
2.519029e-01
1.224338e-02
0
0
0
0
0
0
5.485591e-02
0
4.891347e-01
0
6.758897e-01
5.412647e-01
6.490281e-03
0
2.984150e-01
3.597375e-01
8.575269e-03
0
0
0
0
0
0
6.855887e-01
4.377638e-01
5.160717e-01
0
0
0
0
0
0
0
0
0
0
0
0
0
0
0
0
0
0
4.769769e-01
4.126288e-01
0
0
0
0
0
0
0
0
0
0
4.068047e-01
1.892238e-01
0
8.464844e-02
0
0
0
0
3.297182e-01
3.434101e-01
3.694197e-01
3.051814e-01
9.802266e-02
0
9.145896e-01
1
7.050178e-01
8.385616e-01
9.483569e-01
9.005731e-01
9.219417e-01
8.023157e-01
5.956199e-01
2.718366e-01
2.169517e-02
0
8.612930e-01
7.408122e-01
2.422160e-01
7.396337e-02
1.442858e-01
0
0
0
3.834628e-01
0
0
0
0
9.636652e-03
0
0
0
0
0
0
2.554513e-01
0
4.596001e-01
6.708491e-01
3.750749e-01
2.252519e-01
2.573345e-01
0
3.682652e-01
1.524005e-01
0
0
2.272964e-01
0
1.370228e-02
3.086511e-03
0
0
0
0
4.243107e-02
0
4.840088e-01
0
7.291034e-01
6.254873e-01
0
0
1.814828e-01
4.240207e-01
0
0
0
0
0
0
0
7.618528e-01
4.369550e-01
6.259262e-01
0
0
0
0
0
0
0
0
0
0
0
0
0
0
0
0
0
0
1.654316e-01
2.909877e-01
0
0
0
0
0
0
0
0
0
0
1.508999e-01
5.564486e-03
0
1.163331e-01
0
9.898150e-02
1.405435e-01
2.555835e-01
1.959146e-01
1.567514e-01
4.256880e-01
0
6.632832e-02
0
8.723798e-01
7.050178e-01
1
9.039496e-01
7.248667e-01
7.966797e-01
5.865490e-01
5.503224e-01
1.603972e-01
0
0
0
4.867737e-01
2.902008e-01
0
0
0
0
2.655567e-02
0
5.256496e-02
0
1.544521e-01
0
4.739947e-01
3.398107e-01
0
0
0
0
0
0
3.360937e-02
0
5.774088e-01
6.040493e-01
1.967490e-01
2.680658e-02
1.712542e-02
0
7.985026e-02
0
3.039838e-02
0
2.695517e-01
1.052659e-01
0
0
0
0
0
6.649934e-02
5.933614e-02
0
3.976536e-01
0
5.702813e-01
4.095436e-01
0
0
1.902240e-01
2.043316e-01
0
1.436699e-02
0
0
0
0
0
4.877204e-01
1.916620e-01
4.821637e-01
0
0
0
0
0
0
0
0
0
0
0
0
0
0
0
0
0
0
2.317763e-01
2.921307e-01
0
0
0
0
0
0
0
0
0
0
2.289278e-01
6.176824e-02
0
2.523763e-02
0
0
0
7.649266e-02
2.180041e-01
2.212863e-01
3.238127e-01
1.452055e-02
1.139173e-01
0
8.994270e-01
8.385616e-01
9.039496e-01
1
7.893142e-01
8.854893e-01
7.354764e-01
7.456831e-01
2.854741e-01
3.884129e-02
0
0
5.923053e-01
4.911018e-01
0
0
1.494259e-01
1.320530e-01
9.773103e-02
0
1.895601e-01
0
0
0
3.610621e-01
3.757814e-01
0
0
5.228060e-03
0
0
0
1.681648e-01
0
5.923155e-01
6.555362e-01
1.927941e-01
2.877933e-02
3.676753e-02
0
8.025104e-02
5.134097e-02
0
0
1.399391e-01
7.951080e-02
0
0
0
7.780150e-02
0
1.113436e-01
0
0
3.961449e-01
0
6.450022e-01
5.747844e-01
3.310968e-02
0
3.529123e-01
4.298856e-01
3.270593e-02
0
1.079318e-01
0
0
0
0
5.185196e-01
3.186431e-01
5.374911e-01
0
0
0
0
0
0
0
0
0
0
0
0
0
0
0
0
0
0
4.046229e-01
4.293967e-01
0
0
0
0
0
0
0
0
0
0
3.568543e-01
1.217433e-01
0
1.364720e-01
0
0
0
0
2.438817e-01
3.872782e-01
4.345538e-01
2.899993e-01
1.411208e-02
0
9.344356e-01
9.483569e-01
7.248667e-01
7.893142e-01
1
9.013715e-01
9.035645e-01
7.684095e-01
5.858096e-01
2.706475e-01
2.968864e-02
0
8.631819e-01
7.102224e-01
2.282707e-01
8.706560e-02
0
0
0
0
3.025737e-01
0
0
0
0
0
0
0
0
0
0
0
1.194704e-01
0
3.035872e-01
5.299905e-01
3.960179e-01
2.687094e-01
2.504739e-01
1.665110e-02
3.557869e-01
1.239675e-01
0
0
2.684686e-01
2.512065e-02
0
5.848660e-02
0
0
0
0
8.019928e-02
0
5.522537e-01
0
7.460772e-01
5.161877e-01
0
0
1.293318e-01
2.657273e-01
0
0
0
0
0
0
0
7.025663e-01
3.241805e-01
4.933098e-01
0
0
0
0
0
0
0
0
0
0
0
0
0
0
0
0
0
0
2.422742e-01
2.658631e-01
0
0
0
0
0
0
0
0
0
0
2.123392e-01
0
0
6.971487e-02
0
0
0
0
2.898701e-01
3.616204e-01
4.568946e-01
2.432949e-01
0
0
9.577344e-01
9.005731e-01
7.966797e-01
8.854893e-01
9.013715e-01
1
9.013282e-01
8.517055e-01
5.067961e-01
3.360471e-01
0
0
7.533656e-01
6.961307e-01
5.597510e-02
0
2.542226e-01
1.597143e-01
8.172157e-02
0
1.997853e-01
0
0
0
1.225124e-01
1.641486e-01
0
0
0
0
0
0
1.705036e-01
0
4.089953e-01
6.180031e-01
1.876705e-01
2.104322e-03
0
0
1.761838e-01
0
0
0
2.025998e-01
0
0
0
0
0
0
0
2.453258e-02
0
5.526674e-01
0
6.830709e-01
5.693461e-01
6.134298e-02
0
3.401132e-01
3.896787e-01
0
0
0
0
0
0
0
6.621788e-01
4.946686e-01
5.448053e-01
0
0
4.481617e-03
0
0
0
0
0
0
0
0
0
0
0
0
0
0
0
4.301363e-01
2.739694e-01
0
0
0
0
0
0
0
0
0
0
3.463514e-01
6.826769e-02
0
0
0
1.449505e-02
0
0
2.220674e-01
3.328231e-01
3.937634e-01
3.555405e-01
0
0
8.752022e-01
9.219417e-01
5.865490e-01
7.354764e-01
9.035645e-01
9.013282e-01
1
8.692040e-01
7.096283e-01
4.696785e-01
2.360624e-01
0
8.326809e-01
8.055775e-01
2.983797e-01
1.253931e-01
2.681690e-01
8.751131e-02
4.778291e-02
0
3.303046e-01
0
0
0
0
0
0
0
0
0
0
0
1.784635e-01
0
2.970333e-01
5.047624e-01
3.379951e-01
1.851895e-01
1.613533e-01
0
2.291359e-01
0
0
0
2.000153e-01
0
4.231120e-02
1.280092e-01
0
0
0
0
3.819605e-02
0
4.648249e-01
0
7.238485e-01
6.532707e-01
7.573204e-02
0
3.003548e-01
4.472240e-01
0
0
0
0
0
0
0
7.715534e-01
5.411616e-01
5.545141e-01
0
0
0
0
0
0
0
0
0
0
0
0
0
0
0
0
0
0
2.037688e-01
7.904098e-02
0
0
0
0
0
0
0
0
0
0
7.141697e-02
0
0
0
0
0
0
0
1.892763e-01
3.600756e-01
4.841072e-01
3.510623e-01
0
0
7.968588e-01
8.023157e-01
5.503224e-01
7.456831e-01
7.684095e-01
8.517055e-01
8.692040e-01
1
6.071074e-01
6.143709e-01
1.828520e-01
8.285164e-02
6.831941e-01
6.736620e-01
3.563342e-02
0
3.645717e-01
2.671619e-01
8.183371e-02
0
0
0
0
0
0
8.877370e-03
0
0
0
0
0
0
2.783924e-02
0
2.531754e-01
4.408693e-01
1.035794e-01
0
0
0
2.046230e-01
0
0
0
1.414128e-01
0
7.558940e-02
0
0
6.945934e-02
0
0
8.206855e-02
0
4.528872e-01
0
5.065592e-01
5.229615e-01
1.322493e-01
0
3.064782e-01
4.178541e-01
1.417241e-01
0
0
0
0
0
0
5.955697e-01
4.013574e-01
3.623164e-01
0
0
1.781884e-01
1.084065e-01
0
0
0
0
0
0
0
0
0
0
0
0
0
0
1.728794e-01
0
0
0
1.949026e-03
0
0
0
0
0
0
0
9.250827e-03
0
0
4.214006e-02
0
0
0
0
3.506346e-01
1.349977e-01
4.836119e-01
4.676448e-01
0
0
4.809341e-01
5.956199e-01
1.603972e-01
2.854741e-01
5.858096e-01
5.067961e-01
7.096283e-01
6.071074e-01
1
7.013277e-01
7.360836e-01
2.994347e-01
8.087236e-01
7.309447e-01
2.314867e-01
9.069544e-02
3.070720e-01
0
0
0
7.303900e-03
0
0
0
0
0
0
0
0
0
0
0
7.129854e-02
0
3.556336e-02
1.624240e-01
9.974428e-02
3.040926e-02
0
0
3.587926e-02
0
0
0
1.021241e-01
0
3.396582e-01
3.710415e-01
0
0
0
0
1.978544e-01
0
5.231975e-01
0
3.868522e-01
4.723139e-01
7.702135e-04
0
0
3.363364e-01
1.202096e-01
7.760992e-02
0
0
1.744236e-01
2.283756e-01
0
5.486270e-01
4.027965e-01
4.026312e-01
2.868421e-01
5.102154e-02
4.713110e-01
1.878972e-01
0
0
0
0
9.029583e-02
0
0
0
0
0
9.042062e-02
0
0
0
0
0
0
0
0
0
0
0
1.383286e-01
0
0
0
0
0
1.986790e-02
0
0
0
0
0
2.357023e-01
3.107711e-01
4.170792e-01
5.327291e-01
0
0
1.981460e-01
2.718366e-01
0
3.884129e-02
2.706475e-01
3.360471e-01
4.696785e-01
6.143709e-01
7.013277e-01
1.000000e+00
6.480531e-01
5.751898e-01
4.621066e-01
5.803894e-01
8.162487e-02
1.970077e-02
4.321911e-01
2.680595e-01
1.870558e-02
0
0
0
0
6.436873e-02
0
0
0
8.103490e-02
0
0
0
0
0
0
0
5.139119e-02
0
0
0
0
2.943170e-02
0
0
0
7.976789e-02
0
2.804494e-01
4.349629e-01
4.944297e-02
1.883777e-02
0
0
3.863752e-01
0
5.088137e-01
5.943151e-02
3.263582e-02
1.181765e-01
1.023437e-01
0
0
1.068743e-01
1.075626e-01
1.187908e-01
0
0
1.758951e-01
1.756278e-01
0
3.914442e-01
3.153547e-01
7.132369e-02
4.275365e-01
2.257593e-01
3.394791e-01
3.655064e-01
1.357324e-01
8.790108e-02
4.870371e-02
0
1.921923e-01
0
0
0
0
6.981569e-02
0
0
1.634353e-02
0
4.143942e-02
0
2.461592e-01
2.184218e-01
6.869974e-02
2.413103e-01
0
0
2.288871e-01
4.988070e-02
0
0
0
0
1.118764e-01
3.472509e-02
0
0
0
0
1.837537e-02
0
2.227182e-01
2.705510e-01
0
0
0
2.169517e-02
0
0
2.968864e-02
0
2.360624e-01
1.828520e-01
7.360836e-01
6.480531e-01
1
4.967297e-01
3.409294e-01
3.338789e-01
2.995073e-01
1.993386e-01
1.722768e-01
0
0
0
0
0
0
4.890339e-02
0
0
1.907223e-01
2.547225e-01
0
2.434782e-01
0
0
0
1.696294e-01
0
0
0
1.141482e-01
0
0
0
0
5.299743e-03
0
1.545128e-01
0
4.210740e-01
5.055984e-01
0
0
0
0
8.691429e-02
0
1.096749e-01
0
0
3.191635e-02
3.971271e-02
0
0
6.527518e-02
4.555330e-03
0
0
0
3.866830e-01
4.623349e-01
4.958044e-02
1.672319e-01
6.406658e-02
1.047154e-01
4.028432e-01
1.867313e-01
2.827354e-01
1.144589e-01
2.998910e-02
1.212024e-01
0
0
3.768805e-01
3.010279e-01
7.381152e-02
2.969132e-01
0
1.220707e-01
2.561815e-01
6.112302e-02
0
0
0
0
8.509325e-02
2.522253e-01
0
2.204869e-01
0
0
6.713793e-02
0
0
1.037190e-01
0
0
0
0
1.378994e-01
1.472353e-02
1.330971e-01
0
1.788396e-01
2.316216e-01
2.247432e-01
4.930599e-01
0
2.119330e-01
0
0
0
0
0
0
0
8.285164e-02
2.994347e-01
5.751898e-01
4.967297e-01
1
0
1.000695e-01
0
9.904281e-03
3.354449e-01
3.745376e-01
2.053976e-01
1.602944e-01
0
0
0
2.955779e-02
0
0
3.882629e-02
4.245124e-01
0
4.926990e-02
0
0
0
1.677111e-01
0
0
0
0
0
0
0
0
0
0
0
0
0
2.246031e-01
5.018773e-01
2.977799e-01
0
0
3.016517e-01
6.832398e-02
1.602956e-01
2.107972e-01
0
1.082540e-01
4.328281e-01
0
1.928162e-02
0
2.332035e-01
0
1.444103e-01
3.377071e-01
0
7.862724e-02
0
0
4.509664e-02
0
3.389332e-01
4.384258e-01
0
4.993399e-02
0
0
0
0
0
0
0
0
0
0
0
0
0
0
2.794908e-01
3.300622e-01
0
0
0
0
0
0
0
0
0
0
2.282392e-01
9.187816e-02
0
2.247896e-01
0
0
0
0
3.878460e-01
3.009793e-01
5.189487e-01
4.129186e-01
0
0
7.349766e-01
8.612930e-01
4.867737e-01
5.923053e-01
8.631819e-01
7.533656e-01
8.326809e-01
6.831941e-01
8.087236e-01
4.621066e-01
3.409294e-01
0
1
8.502067e-01
2.572015e-01
1.601330e-01
1.332049e-01
0
0
0
2.271121e-01
0
0
0
0
0
0
0
0
0
0
0
1.853224e-01
0
2.857612e-01
4.766308e-01
2.672810e-01
2.467846e-01
1.649899e-01
0
3.295625e-01
1.931322e-01
0
0
3.443728e-01
1.006102e-01
3.016392e-01
3.211154e-01
0
0
0
0
1.304646e-01
0
6.493436e-01
0
6.283855e-01
4.583373e-01
0
0
0
2.072193e-01
0
6.333284e-02
0
0
1.333339e-01
8.568483e-02
0
6.933646e-01
2.738718e-01
5.868149e-01
8.133163e-02
0
1.876228e-01
0
0
0
0
0
0
0
0
0
0
0
0
0
0
0
3.189457e-01
3.153508e-01
0
0
0
0
0
0
0
0
0
0
3.615185e-01
2.407005e-01
0
7.295192e-02
5.675710e-02
6.658547e-02
0
0
5.402966e-01
4.735640e-01
3.631433e-01
5.622216e-01
1.203693e-01
0
5.722964e-01
7.408122e-01
2.902008e-01
4.911018e-01
7.102224e-01
6.961307e-01
8.055775e-01
6.736620e-01
7.309447e-01
5.803894e-01
3.338789e-01
1.000695e-01
8.502067e-01
1.000000e+00
3.348001e-01
2.586785e-01
4.089183e-01
2.002823e-01
4.809539e-02
0
3.394523e-01
0
0
0
0
0
0
0
3.047786e-02
0
1.617873e-01
0
4.175927e-01
1.478729e-01
3.586568e-01
5.085905e-01
3.083283e-01
2.235982e-01
1.687445e-01
0
2.589747e-01
4.476238e-02
0
0
1.511492e-01
0
3.206198e-02
4.809417e-01
0
0
0
0
1.028605e-01
0
6.145446e-01
0
6.761133e-01
6.048670e-01
0
0
0
2.373800e-01
0
0
1.638693e-01
0
0
0
0
6.213628e-01
3.567128e-01
5.105833e-01
3.363634e-02
0
3.167369e-01
6.615346e-01
0
0
0
0
0
0
0
0
1.484101e-01
3.800760e-01
0
0
0
0
7.164160e-01
6.171256e-01
3.941999e-01
2.614668e-01
0
1.031454e-01
0
0
0
0
0
0
6.523396e-01
5.129199e-01
1.510700e-02
0
4.234287e-01
1.594759e-01
0
0
1.909984e-01
3.652695e-01
8.571356e-04
5.717225e-01
2.091978e-01
3.276320e-01
7.718725e-02
2.422160e-01
0
0
2.282707e-01
5.597510e-02
2.983797e-01
3.563342e-02
2.314867e-01
8.162487e-02
2.995073e-01
0
2.572015e-01
3.348001e-01
1
8.267385e-01
0
0
0
0
4.675817e-01
3.886685e-01
0
0
0
0
5.173997e-01
3.486086e-01
3.177748e-01
2.947365e-01
4.376200e-01
3.837566e-01
3.785713e-01
2.648205e-01
1.344807e-01
1.926119e-01
7.700068e-01
6.054665e-01
6.698761e-01
2.695741e-01
4.217875e-01
2.844864e-01
0
0
1.995413e-01
0
0
3.130033e-01
0
0
0
0
0
0
1.200078e-02
0
3.793281e-01
1.230620e-01
0
0
0
0
0
0
0
0
1.463842e-01
0
1.051700e-01
4.259361e-01
1.473189e-01
8.283856e-02
7.539407e-02
1.988921e-02
3.566499e-01
6.083806e-01
0
0
0
0
0
0
0
0
2.662384e-01
4.673092e-01
0
1.323375e-01
0
9.597362e-02
6.196163e-01
6.093453e-01
3.532065e-01
1.736465e-01
0
0
0
0
0
0
0
0
6.607819e-01
6.306512e-01
0
0
5.217196e-01
2.696608e-01
0
0
7.629274e-02
3.535429e-01
0
4.935203e-01
3.242867e-01
3.985690e-01
0
7.396337e-02
0
0
8.706560e-02
0
1.253931e-01
0
9.069544e-02
1.970077e-02
1.993386e-01
9.904281e-03
1.601330e-01
2.586785e-01
8.267385e-01
1
1.022876e-02
0
0
0
6.124120e-01
6.185891e-01
0
0
0
0
2.937860e-01
2.419866e-01
1.269998e-01
2.556683e-01
4.472198e-01
5.122496e-01
3.721852e-01
3.196627e-01
0
9.279327e-02
6.276615e-01
5.835900e-01
6.735004e-01
3.470732e-01
4.738017e-01
3.722070e-01
0
0
1.346425e-01
4.639880e-02
0
3.846262e-01
0
0
0
0
0
0
4.892193e-03
0
3.568267e-01
5.775112e-02
0
0
0
0
0
0
0
0
1.370906e-01
0
9.802331e-02
1.795047e-01
0
7.427601e-02
1.451965e-01
3.549965e-02
3.740901e-01
0
0
0
0
0
4.757254e-02
0
0
0
7.183711e-03
1.388409e-01
1.492008e-01
3.550107e-02
0
0
0
0
0
0
0
0
0
0
0
0
0
0
3.610225e-02
0
0
0
0
2.840314e-02
0
0
3.216388e-01
1.476655e-01
5.779181e-02
2.953907e-01
1.094057e-01
7.988704e-02
4.603492e-02
1.442858e-01
0
1.494259e-01
0
2.542226e-01
2.681690e-01
3.645717e-01
3.070720e-01
4.321911e-01
1.722768e-01
3.354449e-01
1.332049e-01
4.089183e-01
0
1.022876e-02
1
7.191550e-01
4.682012e-01
8.150946e-02
1.564071e-01
2.452894e-01
0
0
1.350726e-01
4.173328e-01
0
1.860626e-01
0
0
2.700968e-01
1.524121e-01
4.190334e-01
1.865315e-01
1.079525e-01
2.127847e-01
0
0
0
0
0
2.742993e-02
0
0
0
0
5.146953e-02
1.431100e-01
2.314497e-01
3.199451e-01
0
1.026515e-01
0
0
1.524054e-01
3.009005e-02
1.386311e-01
4.252994e-01
4.009082e-01
0
4.734224e-01
5.689439e-01
1.182005e-01
0
2.545203e-01
2.304799e-01
0
0
0
0
4.659123e-01
1.793402e-01
0
0
2.205283e-01
0
0
0
0
0
0
3.258079e-01
0
0
6.506142e-04
2.783506e-01
2.653968e-01
1.990013e-01
0
0
5.199554e-03
0
0
0
0
0
0
0
0
0
0
0
9.880277e-02
4.934146e-02
0
0
0
1.935691e-01
0
1.184694e-01
2.361034e-01
3.558103e-01
0
1.835752e-01
2.233313e-01
1.891318e-01
0
0
0
1.320530e-01
0
1.597143e-01
8.751131e-02
2.671619e-01
0
2.680595e-01
0
3.745376e-01
0
2.002823e-01
0
0
7.191550e-01
1
6.212114e-01
5.538892e-01
1.187702e-01
3.218911e-01
0
0
1.977277e-01
5.190407e-01
0
2.031608e-01
0
3.970064e-02
2.529644e-01
3.193707e-01
3.197761e-01
3.177969e-01
1.065086e-01
2.686036e-01
0
0
0
0
0
0
0
1.259713e-01
0
0
0
5.752789e-02
4.661515e-01
3.083258e-01
7.934871e-02
8.786871e-02
0
0
9.776017e-02
0
1.757003e-01
3.504082e-01
3.833662e-01
0
3.848990e-01
3.763956e-01
0
0
1.626617e-01
1.319383e-01
0
0
0
0
2.308355e-01
0
0
0
2.759664e-02
0
0
0
0
0
0
2.614013e-01
0
1.320642e-01
0
1.642562e-01
3.944564e-01
2.129753e-01
0
3.054854e-01
4.678699e-03
0
0
0
0
0
0
0
0
0
0
0
7.330688e-03
4.181286e-02
0
0
9.301041e-02
4.407402e-01
1.031866e-01
4.321449e-01
0
0
1.361897e-01
0
2.268121e-01
0
0
0
2.655567e-02
9.773103e-02
0
8.172157e-02
4.778291e-02
8.183371e-02
0
1.870558e-02
0
2.053976e-01
0
4.809539e-02
0
0
4.682012e-01
6.212114e-01
1
4.119128e-01
2.748893e-01
3.563399e-01
0
0
3.461998e-01
6.310687e-01
1.346393e-02
0
0
9.860189e-02
2.089967e-01
2.663525e-01
3.277704e-01
3.723116e-01
6.504464e-02
1.364874e-01
0
0
0
0
0
0
0
1.675518e-01
0
0
0
0
5.786278e-01
3.817839e-01
3.633830e-01
1.511479e-01
0
0
0
0
2.153735e-01
4.674431e-01
4.504396e-01
0
4.845298e-01
4.242783e-01
0
0
1.939380e-01
2.333564e-01
0
0
0
0
1.637863e-01
1.967667e-01
0
0
3.452614e-02
0
0
4.040364e-01
0
3.054249e-01
2.699608e-01
7.218366e-01
1.671119e-01
6.634663e-01
4.541121e-02
4.140547e-01
5.820242e-01
5.595079e-01
1.513285e-01
3.798989e-01
0
0
9.979042e-02
1.682766e-01
0
0
9.604772e-03
0
1.057773e-01
0
1.680166e-01
8.298845e-02
0
0
0
0
0
0
3.874546e-01
3.506780e-01
0
0
0
0
1.207879e-02
1.268984e-01
0
0
0
0
0
0
0
0
0
0
0
1.602944e-01
0
0
0
0
8.150946e-02
5.538892e-01
4.119128e-01
1.000000e+00
0
2.704833e-01
2.769069e-01
4.583137e-01
1.286120e-01
2.619313e-01
0
1.765190e-01
0
1.265926e-01
3.196542e-02
2.966979e-01
0
1.944735e-01
0
0
0
0
0
0
0
0
0
4.043473e-01
0
0
0
0
4.924985e-01
1.987694e-01
4.297000e-01
2.103998e-01
0
2.620035e-01
0
2.214446e-01
0
0
2.609974e-01
1.975705e-01
1.503999e-01
0
0
0
0
2.185275e-01
0
0
0
0
0
0
0
2.719042e-02
4.330206e-02
0
0
0
0
0
0
0
0
0
2.780382e-01
3.787084e-01
0
2.018270e-01
0
3.990318e-01
6.870021e-01
5.962033e-01
0
0
0
0
0
0
0
0
0
0
8.212877e-01
7.850647e-01
0
0
2.591031e-01
4.428756e-01
0
0
7.419548e-02
8.728484e-02
0
4.744822e-02
6.100586e-01
2.416110e-01
1.767787e-01
3.834628e-01
5.256496e-02
1.895601e-01
3.025737e-01
1.997853e-01
3.303046e-01
0
7.303900e-03
0
0
0
2.271121e-01
3.394523e-01
4.675817e-01
6.124120e-01
1.564071e-01
1.187702e-01
2.748893e-01
0
1
6.546958e-01
0
0
0
8.373744e-02
4.092295e-01
1.203219e-01
1.258546e-01
3.020430e-01
6.111100e-01
5.180671e-01
6.246989e-01
3.411000e-01
1.901996e-01
3.655918e-01
5.257144e-01
5.524198e-01
6.802966e-01
1.502472e-01
3.088827e-01
3.872647e-01
0
0
0
0
0
1.291495e-01
0
0
5.975382e-03
0
0
0
0
0
5.625219e-01
5.056747e-01
0
8.566706e-03
2.686215e-01
3.690845e-01
0
0
1.644048e-01
0
0
0
0
1.880991e-01
2.182191e-01
4.737278e-01
0
0
4.539590e-01
1.596795e-01
0
9.432015e-02
0
0
0
3.352371e-01
0
2.321290e-03
4.574347e-01
6.601976e-01
2.392671e-01
5.676056e-01
1.281053e-01
3.837328e-01
3.295970e-01
2.072421e-01
3.740016e-01
2.472085e-01
0
0
0
0
0
0
0
0
5.415711e-01
5.769146e-01
0
0
3.405016e-01
4.095612e-01
0
0
0
0
0
0
4.510743e-01
2.523464e-01
0
0
0
0
0
0
0
0
0
0
0
0
0
0
3.886685e-01
6.185891e-01
2.452894e-01
3.218911e-01
3.563399e-01
2.704833e-01
6.546958e-01
1.000000e+00
0
0
0
6.553452e-02
3.235727e-01
2.779710e-01
1.057255e-01
4.075884e-01
6.122211e-01
6.387739e-01
5.173254e-01
4.440466e-01
0
0
2.182385e-01
2.724518e-01
3.521547e-01
0
2.138625e-01
1.168496e-01
0
0
0
0
0
6.879546e-02
0
0
2.907659e-02
0
0
0
0
0
1.995376e-02
9.204812e-02
4.425638e-02
1.576667e-03
2.283113e-01
7.627522e-02
0
0
1.308650e-01
0
0
0
0
0
5.794747e-02
4.309369e-02
0
0
0
0
3.743218e-01
4.115871e-01
4.635164e-01
5.177035e-01
2.927390e-01
8.923405e-02
5.884258e-01
4.552802e-01
0
0
1.263956e-01
0
2.424814e-01
0
0
0
0
0
9.807537e-02
6.129506e-02
5.370641e-01
4.691805e-01
4.385574e-01
3.660145e-01
2.255482e-01
2.066489e-01
0
0
2.564999e-01
1.449989e-01
0
0
7.980470e-01
6.665148e-01
0
0
1.826716e-01
0
0
0
0
0
1.544521e-01
0
0
0
0
0
0
0
0
0
0
0
0
0
0
0
0
2.769069e-01
0
0
1
4.485895e-01
4.852756e-01
2.037475e-01
0
0
0
0
0
0
0
0
0
0
0
0
0
2.059470e-01
0
0
6.888721e-01
4.294860e-01
0
2.215436e-01
1.997951e-01
0
1.852246e-01
2.575371e-01
3.669007e-01
3.788389e-01
9.625180e-02
4.197407e-01
0
1.404416e-01
0
0
0
3.553514e-01
0
0
1.699531e-01
3.106001e-01
0
3.012658e-01
1.634749e-01
2.819345e-01
1.063078e-01
0
0
0
0
5.784337e-02
2.980090e-01
1.854375e-01
6.388157e-01
5.061394e-01
5.559391e-01
3.211796e-01
6.293956e-01
2.591366e-01
2.332845e-01
4.965701e-01
2.160780e-01
1.502015e-01
4.771083e-01
3.135553e-01
3.524182e-01
0
0
0
4.108064e-01
1.736123e-01
1.898304e-01
2.863523e-02
5.326558e-01
4.210167e-01
8.770374e-01
6.970662e-01
5.293327e-01
3.300425e-01
0
0
5.510144e-01
6.498347e-02
0
0
4.002263e-01
8.945454e-02
0
0
1.929779e-02
0
0
0
0
0
0
0
0
0
0
0
0
6.436873e-02
4.890339e-02
2.955779e-02
0
0
0
0
0
0
0
4.583137e-01
0
0
4.485895e-01
1
0
0
0
0
0
0
0
0
0
0
0
0
0
0
0
5.609728e-02
0
0
3.037350e-01
6.072113e-01
0
0
5.631414e-01
1.382165e-01
9.889711e-02
2.320864e-01
2.563254e-01
2.576686e-01
0
4.483945e-01
0
4.304696e-01
0
0
1.105708e-01
2.399918e-01
0
0
1.981027e-01
2.273228e-01
0
8.799176e-02
1.230129e-01
3.026301e-01
4.121594e-01
0
0
0
7.341485e-02
1.648623e-01
0
0
0
1.354139e-01
0
0
6.912617e-02
0
0
0
0
0
0
0
0
0
0
0
0
0
0
0
0
6.588167e-03
0
0
0
0
0
0
0
1.024713e-01
1.536352e-02
3.088758e-01
4.425312e-01
7.992488e-01
2.651802e-01
0
1.170046e-01
0
2.435165e-01
0
9.835672e-02
0
4.739947e-01
3.610621e-01
0
1.225124e-01
0
0
0
0
0
0
0
0
0
0
1.350726e-01
1.977277e-01
3.461998e-01
1.286120e-01
0
0
4.852756e-01
0
1
8.560892e-01
0
0
0
0
4.747462e-02
1.023201e-01
1.501250e-01
1.774729e-01
5.110255e-01
3.596738e-01
0
0
0
0
0
0
2.722276e-01
3.989600e-01
0
1.823437e-01
0
0
2.758039e-01
3.580875e-01
2.782936e-01
3.957767e-01
0
0
1.396470e-01
0
3.368378e-02
1.685369e-01
2.262220e-02
1.660323e-01
7.645234e-02
1.565393e-01
3.238888e-02
2.282152e-02
1.672722e-01
2.698658e-01
0
0
0
0
0
2.660012e-01
0
0
0
0
0
3.295496e-02
0
0
0
0
0
0
0
0
9.239746e-02
0
0
0
0
0
0
0
0
0
0
0
0
0
0
0
0
3.743580e-02
0
0
0
3.464105e-01
2.633470e-01
7.296466e-01
2.568713e-01
0
9.500669e-02
0
3.946516e-01
0
5.989951e-02
9.636652e-03
3.398107e-01
3.757814e-01
0
1.641486e-01
0
8.877370e-03
0
0
0
0
0
0
0
0
4.173328e-01
5.190407e-01
6.310687e-01
2.619313e-01
8.373744e-02
6.553452e-02
2.037475e-01
0
8.560892e-01
1.000000e+00
0
0
0
0
1.955929e-01
1.840723e-01
3.619328e-01
1.761975e-01
4.783222e-01
4.215208e-01
0
0
0
0
0
0
2.324419e-02
3.969251e-01
0
5.452647e-03
0
0
3.422212e-01
5.066655e-01
3.428535e-01
4.182004e-01
0
0
4.702999e-03
0
1.597415e-01
3.514470e-01
1.882671e-01
8.195724e-02
3.233112e-01
3.061497e-01
2.995246e-02
0
3.058715e-01
2.826284e-01
0
0
0
0
6.485949e-02
2.368643e-01
0
0
9.729118e-03
1.647372e-01
0
0
3.613512e-02
1.675623e-01
0
2.417602e-01
0
1.283318e-01
6.124125e-02
5.518158e-01
2.684547e-02
3.462887e-01
5.424422e-02
2.917958e-01
5.009239e-01
2.845711e-01
2.560266e-01
6.031895e-01
3.823794e-01
5.423402e-01
0
0
0
0
2.832963e-01
1.532604e-01
4.361787e-01
4.089751e-01
0
0
2.900170e-01
4.230248e-01
0
0
0
0
0
0
2.267980e-01
1.444136e-01
0
0
0
0
0
0
0
0
0
0
1.907223e-01
3.882629e-02
0
0
5.173997e-01
2.937860e-01
0
0
1.346393e-02
0
4.092295e-01
3.235727e-01
0
0
0
0
1
6.435887e-01
4.150861e-01
6.483701e-01
5.499255e-01
3.825549e-01
3.093700e-01
4.589223e-01
8.468418e-02
0
5.218715e-01
4.619283e-01
5.501576e-01
2.588456e-01
0
4.412871e-02
1.746957e-01
0
0
0
0
2.024696e-01
1.292656e-01
0
7.668611e-02
0
0
0
0
0
1.453228e-01
1.833826e-01
1.773867e-01
3.438473e-01
1.063192e-01
1.641221e-01
0
0
1.281307e-02
0
0
0
0
1.534782e-02
1.312013e-01
0
0
0
2.649201e-01
1.664397e-01
0
2.727779e-01
0
1.003289e-01
2.273248e-01
5.785458e-01
7.207089e-02
3.366903e-01
8.221923e-02
6.163106e-01
2.881485e-01
5.331949e-01
9.148155e-02
3.576558e-01
1.875435e-01
0
3.246219e-01
5.749610e-01
2.530239e-01
5.952453e-01
0
2.361234e-02
0
0
1.938126e-01
1.164921e-01
2.023941e-01
2.356796e-01
0
0
1.145919e-01
1.111846e-01
0
0
1.197066e-01
1.569574e-01
0
1.547376e-01
1.922397e-01
4.133171e-01
0
0
0
0
0
0
0
0
0
8.103490e-02
2.547225e-01
4.245124e-01
0
0
3.486086e-01
2.419866e-01
1.860626e-01
2.031608e-01
0
1.765190e-01
1.203219e-01
2.779710e-01
0
0
0
0
6.435887e-01
1.000000e+00
4.780869e-01
6.165003e-01
4.765964e-01
4.404669e-01
1.575168e-01
5.147853e-01
0
0
1.274246e-01
5.519210e-02
2.102992e-01
0
0
2.064898e-02
0
0
0
0
0
2.872704e-01
2.596392e-01
0
0
0
4.611747e-02
0
0
7.040555e-02
0
0
1.796047e-01
2.256901e-01
0
0
0
0
2.618805e-01
6.601323e-02
0
0
5.120556e-02
0
9.663233e-02
0
1.773075e-01
2.266777e-01
0
1.898438e-01
1.650016e-01
1.206405e-01
6.681199e-02
8.170158e-02
0
1.604590e-01
0
0
1.193876e-01
2.547584e-01
0
4.399967e-02
0
0
2.520069e-01
4.059581e-01
2.619947e-01
2.489913e-01
2.351990e-01
4.257495e-01
3.990857e-02
1.967773e-01
0
2.734614e-03
2.565925e-01
1.967449e-01
4.296315e-01
5.182719e-01
1.043026e-01
1.186248e-01
6.712176e-02
4.555992e-02
0
0
1.765274e-01
2.392934e-01
0
0
3.086779e-01
3.303151e-01
0
0
0
5.228060e-03
0
0
0
0
0
0
0
0
0
3.047786e-02
3.177748e-01
1.269998e-01
0
0
0
0
1.258546e-01
1.057255e-01
0
0
0
0
4.150861e-01
4.780869e-01
1
5.152969e-01
5.256087e-01
3.567518e-01
3.148859e-01
3.170924e-01
3.613260e-01
1.160646e-01
3.399605e-01
3.112393e-01
4.688199e-01
3.606134e-01
1.802919e-01
3.588249e-01
3.069315e-02
0
9.276330e-02
2.358988e-01
0
1.256971e-01
0
0
0
0
0
7.774932e-03
0
0
0
0
0
1.144170e-01
0
0
0
0
2.483027e-01
0
2.137627e-01
0
1.075370e-01
0
0
0
0
0
7.347956e-02
9.829437e-03
0
4.140771e-01
0
2.635853e-01
5.249450e-02
5.649712e-01
0
2.604376e-01
2.685669e-01
5.659742e-01
1.831207e-01
4.117475e-01
1.468675e-01
3.969134e-01
3.642385e-01
2.429469e-01
2.474491e-01
3.645773e-01
0
2.733860e-01
4.981845e-02
9.653084e-02
0
0
0
0
3.558886e-01
5.749075e-01
0
2.341749e-01
1.447195e-01
2.830212e-01
0
0
2.655364e-03
0
0
0
2.560742e-01
1.222121e-01
0
0
0
0
0
0
0
0
0
0
2.434782e-01
4.926990e-02
0
0
2.947365e-01
2.556683e-01
0
3.970064e-02
9.860189e-02
1.265926e-01
3.020430e-01
4.075884e-01
0
0
0
0
6.483701e-01
6.165003e-01
5.152969e-01
1.000000e+00
6.457917e-01
5.506892e-01
4.362327e-01
7.373693e-01
5.374614e-02
0
3.195823e-01
5.259604e-01
4.800865e-01
1.921117e-01
5.545918e-02
0
2.490167e-01
0
0
0
0
3.057961e-01
5.757080e-02
0
0
0
0
0
0
0
0
3.445561e-02
0
2.281834e-01
0
0
0
0
2.381264e-01
0
2.382414e-01
0
0
0
0
0
0
0
3.008182e-03
0
0
1.409114e-02
0
0
0
1.952181e-01
0
0
1.700361e-01
3.535262e-01
0
1.538041e-01
0
2.708560e-01
5.184092e-01
5.353152e-01
1.396667e-02
1.065793e-01
0
1.955025e-01
0
0
0
0
0
0
7.080298e-01
8.108009e-01
0
3.085524e-02
3.688746e-01
4.218508e-01
0
0
4.020135e-01
7.446709e-02
0
1.652475e-01
7.963235e-01
5.694787e-01
0
0
0
0
0
0
0
0
0
0
0
0
0
1.617873e-01
4.376200e-01
4.472198e-01
2.700968e-01
2.529644e-01
2.089967e-01
3.196542e-02
6.111100e-01
6.122211e-01
0
0
4.747462e-02
1.955929e-01
5.499255e-01
4.765964e-01
5.256087e-01
6.457917e-01
1
8.675021e-01
8.543590e-01
7.763979e-01
3.876851e-01
2.601910e-01
5.071863e-01
4.394164e-01
4.909447e-01
0
2.013223e-01
3.951826e-01
0
0
0
1.161796e-01
0
5.747912e-02
0
0
0
0
0
0
0
0
2.540198e-01
3.468074e-01
0
1.279331e-01
1.002901e-01
9.541641e-02
0
0
5.383088e-01
0
0
0
0
0
0
2.023825e-01
0
0
0
0
0
1.400766e-01
0
0
0
3.511627e-01
0
4.726263e-02
1.113153e-01
3.611878e-01
2.828403e-02
2.080099e-01
0
3.049776e-01
4.587960e-01
5.219911e-01
0
1.009879e-01
0
6.344506e-02
0
0
0
0
0
0
6.037460e-01
7.579069e-01
0
0
4.692520e-01
4.264467e-01
0
5.762015e-02
3.741755e-01
1.730424e-01
0
1.960777e-01
7.681520e-01
6.815604e-01
0
0
0
0
0
0
0
0
0
0
0
0
0
0
3.837566e-01
5.122496e-01
1.524121e-01
3.193707e-01
2.663525e-01
2.966979e-01
5.180671e-01
6.387739e-01
0
0
1.023201e-01
1.840723e-01
3.825549e-01
4.404669e-01
3.567518e-01
5.506892e-01
8.675021e-01
1
7.272025e-01
8.402428e-01
2.905301e-01
2.665085e-01
4.182801e-01
3.135576e-01
4.056381e-01
6.646582e-03
2.655033e-01
2.992892e-01
0
0
0
1.679814e-01
0
0
0
0
0
0
0
0
0
0
1.364544e-01
1.366672e-01
0
8.725687e-02
0
0
0
0
3.961355e-01
0
1.504514e-02
0
0
0
0
1.293774e-01
0
0
1.212635e-01
0
0
0
0
0
0
0
0
0
2.246882e-01
2.087172e-01
0
0
0
6.696256e-02
4.319447e-01
5.278456e-01
0
0
0
0
0
0
0
0
0
0
5.940637e-01
7.157720e-01
0
1.322260e-01
1.826528e-01
2.788056e-01
0
0
4.998690e-01
6.713824e-02
0
2.241260e-01
6.791604e-01
2.760763e-01
5.206194e-02
2.554513e-01
3.360937e-02
1.681648e-01
1.194704e-01
1.705036e-01
1.784635e-01
2.783924e-02
7.129854e-02
0
0
0
1.853224e-01
4.175927e-01
3.785713e-01
3.721852e-01
4.190334e-01
3.197761e-01
3.277704e-01
0
6.246989e-01
5.173254e-01
0
0
1.501250e-01
3.619328e-01
3.093700e-01
1.575168e-01
3.148859e-01
4.362327e-01
8.543590e-01
7.272025e-01
1
6.646659e-01
5.392228e-01
5.949601e-01
4.038527e-01
3.791257e-01
3.202288e-01
0
2.637207e-01
2.697116e-01
0
0
0
7.102008e-02
0
1.566832e-01
0
0
0
0
0
0
0
0
3.803196e-01
4.245130e-01
0
7.503067e-02
9.940420e-02
1.670332e-01
0
0
4.603266e-01
0
2.470217e-02
0
0
1.766468e-02
7.592339e-02
4.849921e-01
0
0
0
0
0
2.913623e-01
0
0
0
4.500529e-01
0
1.135749e-01
0
2.969672e-01
4.341927e-02
1.086198e-01
0
2.237402e-01
3.213031e-01
3.344924e-01
0
1.283978e-01
0
1.379768e-01
0
0
0
0
0
0
4.006808e-01
6.034239e-01
0
8.442129e-02
4.234726e-01
4.912001e-01
0
1.107015e-01
3.644642e-01
0
0
9.863873e-02
4.992955e-01
4.095104e-01
0
0
0
0
0
0
0
0
0
0
1.696294e-01
1.677111e-01
0
1.478729e-01
2.648205e-01
3.196627e-01
1.865315e-01
3.177969e-01
3.723116e-01
1.944735e-01
3.411000e-01
4.440466e-01
0
0
1.774729e-01
1.761975e-01
4.589223e-01
5.147853e-01
3.170924e-01
7.373693e-01
7.763979e-01
8.402428e-01
6.646659e-01
1
2.903598e-01
1.708997e-01
2.981562e-01
3.004676e-01
2.598661e-01
0
2.655051e-03
0
0
0
0
0
0
1.803076e-01
1.120074e-01
0
0
0
0
0
0
0
1.246663e-01
2.128256e-01
0
3.790379e-03
0
0
0
0
3.689195e-01
0
3.180863e-02
0
0
0
0
2.111835e-01
0
0
0
0
0
0
0
0
0
0
0
0
0
0
0
0
0
0
3.133576e-01
4.001833e-01
0
0
0
0
0
0
0
0
0
0
4.020710e-01
4.131651e-01
0
0
1.254612e-01
2.819523e-01
0
2.293813e-01
5.792732e-01
2.327710e-01
1.945759e-01
2.391494e-01
5.094022e-01
2.088408e-01
4.075574e-01
4.596001e-01
5.774088e-01
5.923155e-01
3.035872e-01
4.089953e-01
2.970333e-01
2.531754e-01
3.556336e-02
0
0
0
2.857612e-01
3.586568e-01
1.344807e-01
0
1.079525e-01
1.065086e-01
6.504464e-02
0
1.901996e-01
0
0
0
5.110255e-01
4.783222e-01
8.468418e-02
0
3.613260e-01
5.374614e-02
3.876851e-01
2.905301e-01
5.392228e-01
2.903598e-01
1
7.920174e-01
4.087157e-01
1.744749e-01
2.301434e-01
0
1.555277e-01
6.709331e-02
4.805540e-02
0
2.107003e-01
6.421975e-02
0
0
0
0
0
0
6.418706e-02
0
2.331764e-01
0
4.748816e-01
4.618532e-01
0
0
0
4.531095e-02
0
0
3.548870e-01
0
3.042050e-02
0
0
4.311015e-01
1.364650e-01
5.260137e-01
0
0
0
0
0
0
0
0
0
0
0
0
2.525992e-02
0
0
0
0
0
4.088788e-01
4.958576e-01
0
0
0
0
0
0
0
0
0
0
4.157703e-01
3.945831e-01
0
0
1.047070e-02
1.386235e-01
0
3.078943e-04
5.653531e-01
3.823067e-01
3.059481e-01
3.022351e-01
3.985541e-01
7.188588e-02
5.604477e-01
6.708491e-01
6.040493e-01
6.555362e-01
5.299905e-01
6.180031e-01
5.047624e-01
4.408693e-01
1.624240e-01
5.139119e-02
0
0
4.766308e-01
5.085905e-01
1.926119e-01
9.279327e-02
2.127847e-01
2.686036e-01
1.364874e-01
0
3.655918e-01
0
0
0
3.596738e-01
4.215208e-01
0
0
1.160646e-01
0
2.601910e-01
2.665085e-01
5.949601e-01
1.708997e-01
7.920174e-01
1
3.480118e-01
9.047583e-02
2.055491e-01
0
2.794267e-01
7.253606e-02
0
0
1.173155e-01
3.182459e-02
0
0
0
0
0
0
9.717024e-02
0
4.173513e-01
0
5.952873e-01
4.817179e-01
0
0
0
2.204222e-01
0
0
2.856407e-02
0
5.072669e-02
0
0
5.783115e-01
2.843894e-01
5.911138e-01
0
0
0
3.128560e-01
0
0
0
0
0
0
0
0
2.436895e-02
1.271183e-01
0
0
0
0
8.281353e-01
8.258267e-01
3.397273e-02
4.097617e-02
0
0
0
0
0
0
0
0
8.102069e-01
6.677594e-01
0
0
5.748492e-01
4.524061e-01
0
0
2.173742e-01
3.575584e-01
1.478866e-01
4.381968e-01
4.844149e-01
4.018602e-01
2.734082e-01
3.750749e-01
1.967490e-01
1.927941e-01
3.960179e-01
1.876705e-01
3.379951e-01
1.035794e-01
9.974428e-02
0
0
0
2.672810e-01
3.083283e-01
7.700068e-01
6.276615e-01
0
0
0
0
5.257144e-01
2.182385e-01
0
0
0
0
5.218715e-01
1.274246e-01
3.399605e-01
3.195823e-01
5.071863e-01
4.182801e-01
4.038527e-01
2.981562e-01
4.087157e-01
3.480118e-01
1.000000e+00
7.774347e-01
8.364006e-01
4.849816e-01
3.503732e-01
3.074581e-01
0
0
6.418886e-02
0
0
5.594263e-02
0
0
0
0
0
0
1.788298e-02
0
6.868175e-01
3.749970e-01
0
0
0
0
0
0
5.507574e-02
0
0
0
0
3.765396e-01
0
8.851929e-02
0
0
0
2.908729e-01
0
0
0
1.699877e-01
0
0
0
0
2.007630e-01
2.655004e-01
0
0
8.594287e-02
2.285063e-01
6.097646e-01
7.125368e-01
2.117141e-01
5.589852e-02
0
0
4.851789e-02
0
0
0
0
0
6.133121e-01
6.877265e-01
0
1.597875e-01
3.450695e-01
2.916274e-01
0
0
0
0
0
5.411900e-02
2.986003e-01
7.525011e-02
7.530262e-02
2.252519e-01
2.680658e-02
2.877933e-02
2.687094e-01
2.104322e-03
1.851895e-01
0
3.040926e-02
0
1.141482e-01
0
2.467846e-01
2.235982e-01
6.054665e-01
5.835900e-01
0
0
0
0
5.524198e-01
2.724518e-01
0
0
0
0
4.619283e-01
5.519210e-02
3.112393e-01
5.259604e-01
4.394164e-01
3.135576e-01
3.791257e-01
3.004676e-01
1.744749e-01
9.047583e-02
7.774347e-01
1.000000e+00
8.365910e-01
6.090573e-01
3.766872e-01
2.957431e-01
2.010977e-01
0
3.013527e-01
0
0
2.413058e-01
0
0
0
0
0
0
0
0
4.221775e-01
9.562499e-02
0
0
0
0
0
0
1.418524e-01
0
1.169997e-01
0
0
1.451590e-01
0
1.675175e-01
0
0
0
3.634593e-01
0
0
0
1.293230e-01
0
0
0
0
2.652191e-01
3.464402e-01
0
5.344587e-02
1.098109e-01
1.924950e-01
8.033275e-01
7.667774e-01
1.465170e-01
1.548681e-01
0
0
0
0
0
0
0
0
8.198957e-01
8.122241e-01
0
0
4.020521e-01
3.871772e-01
0
0
0
1.925265e-01
0
1.194932e-01
4.572759e-01
3.191834e-01
6.644592e-02
2.573345e-01
1.712542e-02
3.676753e-02
2.504739e-01
0
1.613533e-01
0
0
0
0
0
1.649899e-01
1.687445e-01
6.698761e-01
6.735004e-01
0
0
0
0
6.802966e-01
3.521547e-01
0
0
0
0
5.501576e-01
2.102992e-01
4.688199e-01
4.800865e-01
4.909447e-01
4.056381e-01
3.202288e-01
2.598661e-01
2.301434e-01
2.055491e-01
8.364006e-01
8.365910e-01
1
6.744443e-01
4.169300e-01
4.154922e-01
1.030802e-01
0
8.945546e-02
0
0
1.678660e-01
0
0
0
0
0
0
0
0
4.848134e-01
2.044847e-01
0
0
0
0
0
0
6.555469e-03
0
1.361086e-01
0
0
2.726199e-01
0
1.178485e-01
0
0
0
3.867713e-01
2.220950e-02
1.901897e-02
3.543721e-01
4.922309e-01
0
4.424948e-02
2.250833e-01
2.435501e-01
1.021822e-01
2.203187e-01
0
6.869569e-02
3.101836e-01
1.738908e-01
2.980894e-01
5.449325e-01
2.418694e-01
1.817422e-01
0
0
2.627730e-01
1.527673e-01
1.146739e-01
7.283236e-02
2.546818e-01
3.205487e-01
2.687724e-01
3.498591e-01
0
0
2.394062e-01
1.341509e-01
1.801293e-01
0
0
6.756067e-02
0
0
1.550759e-02
8.124441e-02
0
0
0
0
1.665110e-02
0
0
0
0
0
0
0
0
0
2.695741e-01
3.470732e-01
0
0
0
0
1.502472e-01
0
2.059470e-01
5.609728e-02
0
0
2.588456e-01
0
3.606134e-01
1.921117e-01
0
6.646582e-03
0
0
0
0
4.849816e-01
6.090573e-01
6.744443e-01
1
9.293197e-02
3.756287e-01
3.627016e-01
6.901107e-02
1.017499e-01
2.177336e-01
0
1.765933e-01
0
0
6.778683e-02
0
0
2.899333e-01
0
0
1.626653e-01
0
0
0
0
0
0
0
0
0
4.951013e-02
0
1.512068e-01
0
0
0
0
2.105880e-02
8.241423e-02
2.851402e-01
0
0
0
0
0
0
0
0
2.970530e-01
0
0
0
7.508681e-02
5.906021e-03
4.260128e-01
4.566327e-01
6.839306e-02
0
0
0
1.483645e-01
1.354513e-01
0
0
0
0
4.740878e-01
4.912397e-01
3.449406e-01
3.925572e-01
0
0
0
0
2.318838e-01
3.367164e-01
3.974952e-02
3.248990e-01
3.266494e-01
3.625354e-01
2.198633e-01
3.682652e-01
7.985026e-02
8.025104e-02
3.557869e-01
1.761838e-01
2.291359e-01
2.046230e-01
3.587926e-02
2.943170e-02
0
0
3.295625e-01
2.589747e-01
4.217875e-01
4.738017e-01
0
0
0
0
3.088827e-01
2.138625e-01
0
0
0
0
0
0
1.802919e-01
5.545918e-02
2.013223e-01
2.655033e-01
2.637207e-01
2.655051e-03
1.555277e-01
2.794267e-01
3.503732e-01
3.766872e-01
4.169300e-01
9.293197e-02
1
4.206049e-01
0
0
5.486231e-01
2.606635e-01
0
0
0
0
0
0
0
1.178012e-01
5.552039e-02
0
1.165171e-01
0
0
0
0
0
0
4.486429e-02
1.954004e-01
0
4.749985e-01
1.072145e-01
1.250580e-01
2.447509e-01
0
2.890889e-01
1.548118e-01
0
0
8.645434e-02
1.724601e-02
0
0
0
0
0
0
0
1.027654e-01
0
0
0
0
1.439236e-01
3.555084e-01
5.869300e-01
0
0
0
6.917633e-02
1.735890e-01
1.275842e-01
0
0
0
0
4.546805e-01
4.822245e-01
9.805143e-02
1.947822e-01
9.213991e-02
0
0
0
1.838607e-01
1.988365e-01
0
1.226537e-01
4.771305e-01
5.372419e-01
5.152095e-03
1.524005e-01
0
5.134097e-02
1.239675e-01
0
0
0
0
0
0
0
1.931322e-01
4.476238e-02
2.844864e-01
3.722070e-01
2.742993e-02
0
0
0
3.872647e-01
1.168496e-01
0
0
0
0
4.412871e-02
2.064898e-02
3.588249e-01
0
3.951826e-01
2.992892e-01
2.697116e-01
0
6.709331e-02
7.253606e-02
3.074581e-01
2.957431e-01
4.154922e-01
3.756287e-01
4.206049e-01
1.000000e+00
0
0
3.529068e-02
7.750951e-01
0
0
0
0
0
0
0
0
7.925026e-02
0
1.538096e-01
0
0
1.903454e-01
0
4.716760e-02
8.825875e-03
0
2.542566e-01
2.350531e-02
1.239489e-01
8.898089e-02
2.887428e-01
0
0
1.089295e-01
0
0
0
3.812116e-02
2.787825e-01
4.633719e-01
3.813326e-01
6.489087e-01
1.341173e-01
1.471221e-01
4.012132e-01
3.566528e-01
1.551258e-01
0
5.637286e-02
6.850884e-02
3.982702e-01
1.017938e-01
0
0
7.492994e-02
2.645661e-01
7.765881e-02
7.488927e-02
6.537755e-01
6.004314e-01
2.750064e-01
2.574239e-01
2.694118e-01
1.360950e-01
0
0
3.049011e-01
2.749904e-01
0
0
2.822474e-01
3.366136e-01
0
0
0
0
0
0
0
0
3.039838e-02
0
0
0
0
0
0
0
5.299743e-03
0
0
0
0
0
0
0
0
0
0
0
6.888721e-01
3.037350e-01
2.722276e-01
2.324419e-02
1.746957e-01
0
3.069315e-02
2.490167e-01
0
0
0
0
4.805540e-02
0
0
2.010977e-01
1.030802e-01
3.627016e-01
0
0
1
5.294781e-01
1.638294e-01
0
3.410524e-01
0
0
0
3.640229e-01
8.750487e-02
2.684004e-03
1.569708e-01
0
0
0
0
0
4.835126e-01
0
0
0
1.385278e-01
0
0
4.409729e-01
3.658095e-01
1.345393e-01
0
0
3.997976e-04
0
0
3.085493e-02
0
2.409026e-01
5.241077e-01
2.259750e-01
4.307401e-01
3.093408e-01
3.602296e-01
1.562743e-01
4.296640e-01
3.072951e-01
1.885166e-01
4.405217e-01
3.823828e-01
2.373138e-01
1.648217e-01
0
0
0
7.474180e-02
9.899331e-02
0
4.628426e-01
4.195007e-01
3.211902e-01
2.946514e-01
3.272643e-01
8.522347e-02
0
0
1.517128e-01
1.281585e-01
0
0
3.348062e-01
4.251607e-01
0
0
0
0
0
0
0
0
0
0
0
0
0
0
0
0
0
0
0
0
0
0
0
1.259713e-01
1.675518e-01
4.043473e-01
0
0
4.294860e-01
6.072113e-01
3.989600e-01
3.969251e-01
0
0
0
0
0
0
0
0
0
0
0
0
0
6.901107e-02
0
0
5.294781e-01
1
0
0
2.952164e-01
1.695432e-01
3.768583e-01
4.090473e-01
6.713887e-01
4.899487e-01
0
4.331262e-02
0
5.831768e-02
0
0
7.175643e-02
4.495709e-01
0
3.037477e-02
2.175817e-02
8.851845e-02
0
8.624724e-02
0
3.716080e-02
3.452969e-02
0
0
0
0
0
0
3.396986e-01
1.596264e-01
3.031819e-03
1.396967e-01
1.199039e-01
0
0
1.151035e-01
0
0
0
0
0
7.240353e-02
0
0
1.281771e-01
2.526665e-01
0
0
0
1.804530e-01
2.796963e-01
1.131457e-01
1.100835e-01
0
0
0
1.026267e-01
3.938987e-01
4.397905e-01
0
0
0
0
0
0
1.485343e-01
1.502335e-02
0
0
2.519029e-01
2.272964e-01
2.695517e-01
1.399391e-01
2.684686e-01
2.025998e-01
2.000153e-01
1.414128e-01
1.021241e-01
7.976789e-02
1.545128e-01
0
3.443728e-01
1.511492e-01
1.995413e-01
1.346425e-01
0
0
0
0
0
0
0
0
0
0
0
0
9.276330e-02
0
0
0
0
0
2.107003e-01
1.173155e-01
6.418886e-02
3.013527e-01
8.945546e-02
1.017499e-01
5.486231e-01
3.529068e-02
1.638294e-01
0
1
2.622831e-01
2.574993e-01
0
0
0
0
0
1.698955e-01
3.962194e-01
1.368168e-01
0
0
0
0
0
0
0
0
2.557033e-01
5.860403e-02
0
4.391614e-01
4.266616e-01
4.070789e-01
3.086806e-01
0
4.472280e-01
3.508305e-01
1.522431e-01
0
0
1.210861e-01
3.366870e-02
8.702401e-02
0
0
0
1.568687e-01
0
0
0
0
0
0
2.193516e-02
0
3.305440e-01
0
0
6.240973e-02
1.214478e-01
1.846999e-01
2.302287e-01
1.653550e-01
1.651396e-01
0
0
0
1.314444e-01
1.949666e-01
2.676153e-01
0
0
0
1.453702e-02
1.770029e-01
1.508214e-01
4.564765e-02
4.182706e-02
2.138899e-01
4.601357e-01
1.224338e-02
0
1.052659e-01
7.951080e-02
2.512065e-02
0
0
0
0
0
0
0
1.006102e-01
0
0
4.639880e-02
0
0
0
0
0
0
2.215436e-01
0
1.823437e-01
5.452647e-03
0
0
2.358988e-01
0
1.161796e-01
1.679814e-01
7.102008e-02
0
6.421975e-02
3.182459e-02
0
0
0
2.177336e-01
2.606635e-01
7.750951e-01
0
0
2.622831e-01
1.000000e+00
0
0
0
0
0
0
0
2.008959e-01
2.862633e-01
5.737361e-02
0
0
0
1.351441e-01
0
0
1.126157e-01
1.838373e-01
2.791591e-01
1.790847e-01
1.537726e-01
2.706379e-01
4.476279e-01
0
0
1.021208e-01
1.318498e-01
2.659703e-01
3.033271e-01
2.173617e-01
4.024894e-01
1.235212e-01
2.549645e-01
0
2.449730e-01
0
0
0
2.210528e-01
0
6.150856e-02
0
1.474163e-01
0
0
0
1.633498e-01
0
0
0
4.113827e-01
2.544368e-01
6.451787e-01
4.382335e-01
6.158119e-02
0
0
0
4.603138e-01
2.194474e-01
0
0
7.799399e-03
0
0
0
4.358445e-01
0
0
0
0
1.370228e-02
0
0
0
0
4.231120e-02
7.558940e-02
3.396582e-01
2.804494e-01
4.210740e-01
0
3.016392e-01
3.206198e-02
0
0
5.146953e-02
0
0
0
0
0
1.997951e-01
5.631414e-01
0
0
0
0
0
0
0
0
0
0
0
0
0
0
0
0
0
0
3.410524e-01
2.952164e-01
2.574993e-01
0
1
2.775380e-01
0
1.296357e-01
0
1.802595e-02
0
4.850285e-02
0
3.099049e-02
0
0
0
2.989784e-02
0
0
2.107151e-01
1.812069e-01
0
0
3.573875e-01
5.322928e-01
2.433416e-01
6.100224e-02
0
1.299414e-01
1.963801e-01
0
5.048247e-01
3.508881e-01
0
2.611742e-01
0
0
0
1.272888e-01
0
2.742743e-03
2.925368e-01
4.091220e-01
1.239978e-02
1.074762e-01
0
0
0
1.156602e-01
2.674395e-01
2.298846e-01
0
2.538678e-02
0
0
1.111123e-01
0
2.497164e-02
0
0
9.811265e-02
5.534341e-02
5.045428e-02
7.781982e-02
9.416778e-03
0
0
7.267509e-02
1.510052e-01
3.209851e-03
1.993505e-01
0
0
0
3.086511e-03
0
0
5.848660e-02
0
1.280092e-01
0
3.710415e-01
4.349629e-01
5.055984e-01
2.246031e-01
3.211154e-01
4.809417e-01
3.130033e-01
3.846262e-01
1.431100e-01
5.752789e-02
0
0
1.291495e-01
6.879546e-02
0
1.382165e-01
0
0
2.024696e-01
2.872704e-01
1.256971e-01
3.057961e-01
5.747912e-02
0
1.566832e-01
1.803076e-01
0
0
5.594263e-02
2.413058e-01
1.678660e-01
1.765933e-01
0
0
0
1.695432e-01
0
0
2.775380e-01
1.000000e+00
0
0
0
0
9.378473e-02
0
2.806949e-01
0
1.267218e-01
0
0
2.908671e-02
0
0
0
0
0
0
1.480365e-01
1.687995e-01
3.807512e-02
1.216428e-01
0
0
1.133850e-01
2.478221e-02
0
0
0
1.720984e-01
0
1.682971e-01
1.952124e-01
5.007211e-01
2.442289e-01
5.236604e-01
0
1.459580e-01
4.398626e-01
3.435770e-01
4.943501e-02
3.923507e-01
0
0
0
5.278944e-02
1.161879e-01
9.013932e-02
0
0
0
0
5.699380e-02
4.539443e-02
0
0
0
0
0
1.591509e-01
3.956589e-01
5.013278e-01
0
0
0
0
0
0
0
0
0
0
0
0
0
0
0
4.944297e-02
0
5.018773e-01
0
0
0
0
2.314497e-01
4.661515e-01
5.786278e-01
4.924985e-01
0
0
1.852246e-01
9.889711e-02
2.758039e-01
3.422212e-01
1.292656e-01
2.596392e-01
0
5.757080e-02
0
0
0
1.120074e-01
0
0
0
0
0
0
0
0
0
3.768583e-01
0
0
0
0
1
5.691251e-01
6.327539e-01
5.046648e-01
0
0
0
4.051197e-02
0
1.687357e-01
6.504622e-01
1.594687e-01
3.903617e-01
3.488312e-01
9.478930e-02
0
1.237629e-01
5.103875e-01
0
0
0
0
5.135960e-02
0
0
7.182410e-02
3.080009e-02
0
1.842834e-01
7.584395e-03
8.387441e-02
0
4.319304e-01
0
1.025846e-01
1.156176e-01
2.888801e-02
0
4.867067e-01
1.349266e-01
3.165355e-02
0
0
0
0
0
2.604971e-01
5.571719e-02
1.572574e-02
0
1.426087e-01
2.587045e-01
1.671216e-01
1.598842e-01
0
0
0
0
0
0
3.474031e-01
4.945886e-01
0
0
6.831578e-02
0
0
0
0
0
0
7.780150e-02
0
0
0
6.945934e-02
0
1.883777e-02
0
2.977799e-01
0
0
0
0
3.199451e-01
3.083258e-01
3.817839e-01
1.987694e-01
0
0
2.575371e-01
2.320864e-01
3.580875e-01
5.066655e-01
0
0
0
0
0
0
0
0
0
0
0
0
0
0
0
0
0
4.090473e-01
0
0
1.296357e-01
0
5.691251e-01
1
5.690941e-01
8.734006e-01
0
0
0
2.356794e-01
0
2.295555e-01
5.688420e-01
2.844782e-01
4.689855e-01
4.413965e-01
4.967069e-01
1.155814e-01
2.383582e-02
6.988463e-01
0
0
0
0
3.192482e-01
0
0
0
0
0
0
1.991601e-01
1.973245e-01
5.528251e-01
1.802289e-01
3.812685e-01
4.587790e-01
5.100605e-01
1.376331e-01
2.495167e-01
5.113343e-01
6.046162e-01
5.316953e-01
5.970101e-01
0
0
0
1.305653e-01
2.054080e-01
6.596059e-04
3.167935e-01
2.842794e-01
2.529749e-02
1.831815e-01
3.316393e-01
3.094175e-01
0
0
0
0
0
2.192182e-02
3.234829e-01
4.915450e-01
0
0
0
0
0
0
0
0
0
0
0
0
0
0
0
0
0
0
0
0
0
0
0
7.934871e-02
3.633830e-01
4.297000e-01
5.975382e-03
2.907659e-02
3.669007e-01
2.563254e-01
2.782936e-01
3.428535e-01
7.668611e-02
0
0
0
0
0
0
0
0
0
0
0
0
6.778683e-02
0
0
3.640229e-01
6.713887e-01
0
0
0
0
6.327539e-01
5.690941e-01
1
7.428364e-01
0
5.213518e-02
0
8.964498e-02
0
0
4.263446e-01
4.295152e-01
3.717294e-01
3.006365e-01
1.894398e-01
0
0
4.228475e-01
0
0
0
0
4.337274e-02
0
0
0
0
0
2.208334e-01
0
2.721281e-01
1.434019e-01
3.165289e-01
0
3.231165e-01
1.700293e-01
0
0
3.891701e-01
2.229380e-01
2.019486e-01
1.457375e-01
0
0
0
0
4.301316e-01
1.685267e-01
2.302630e-01
2.079547e-01
1.924818e-01
4.257945e-01
3.611479e-01
3.558508e-01
0
0
0
0
0
0
3.709891e-01
4.929629e-01
0
0
0
0
0
0
0
0
6.649934e-02
1.113436e-01
0
0
0
0
0
0
0
0
0
0
0
0
1.026515e-01
8.786871e-02
1.511479e-01
2.103998e-01
0
0
3.788389e-01
2.576686e-01
3.957767e-01
4.182004e-01
0
0
0
0
0
0
0
0
0
0
0
0
0
0
0
0
8.750487e-02
4.899487e-01
0
0
1.802595e-02
0
5.046648e-01
8.734006e-01
7.428364e-01
1
0
0
0
3.420131e-01
0
4.037121e-02
4.617907e-01
4.470448e-01
4.581284e-01
4.063178e-01
5.126562e-01
2.664290e-01
0
7.092613e-01
0
0
2.079024e-02
0
2.886978e-01
0
0
1.942391e-02
1.147823e-01
3.205107e-01
8.495218e-02
6.779547e-02
2.796624e-01
7.934364e-02
1.187083e-01
0
2.875569e-01
5.492337e-02
0
0
0
0
0
0
0
0
3.132573e-02
3.152995e-01
1.270457e-01
1.897908e-01
0
1.393539e-01
6.286883e-02
1.173506e-01
1.584438e-01
2.703686e-01
0
0
1.602044e-02
0
0
0
1.758099e-01
0
2.060899e-01
4.282993e-01
1.086796e-01
3.002770e-01
0
0
5.485591e-02
4.243107e-02
5.933614e-02
0
8.019928e-02
2.453258e-02
3.819605e-02
8.206855e-02
1.978544e-01
3.863752e-01
8.691429e-02
3.016517e-01
1.304646e-01
1.028605e-01
0
0
0
0
0
0
0
0
9.625180e-02
0
0
0
0
4.611747e-02
0
0
0
0
0
0
6.418706e-02
9.717024e-02
0
0
0
0
0
0
2.684004e-03
0
1.698955e-01
0
0
9.378473e-02
0
0
0
0
1
3.550666e-01
5.731719e-01
4.436775e-01
0
0
0
0
0
0
3.588690e-01
7.442998e-01
0
3.218987e-02
2.542883e-01
4.096297e-01
2.209192e-01
4.157572e-01
1.946828e-01
0
5.543629e-01
5.250175e-01
0
4.226755e-01
5.563696e-01
3.825969e-01
6.223908e-01
5.744680e-01
4.305121e-01
2.711268e-01
6.886687e-01
5.392078e-01
0
0
1.731811e-02
1.261348e-01
5.067204e-01
1.188298e-02
0
0
4.940136e-01
2.835209e-01
1.744362e-03
1.129318e-01
3.994503e-01
5.033522e-01
5.172457e-01
5.313445e-01
3.999794e-01
5.985022e-01
0
0
3.617363e-01
0
9.687451e-02
0
4.536990e-01
1.033625e-01
0
2.647651e-03
0
0
0
1.012970e-01
0
0
0
0
0
0
0
0
0
0
0
6.832398e-02
0
0
0
0
0
0
0
2.620035e-01
0
0
4.197407e-01
4.483945e-01
0
0
0
0
7.774932e-03
0
0
0
0
0
0
0
0
0
0
2.899333e-01
1.178012e-01
0
1.569708e-01
4.331262e-02
3.962194e-01
2.008959e-01
4.850285e-02
0
0
0
5.213518e-02
0
3.550666e-01
1
0
5.453914e-01
0
0
0
0
0
0
3.448647e-01
5.307494e-01
0
5.215772e-02
2.060380e-01
4.748568e-01
6.196795e-01
0
0
0
4.633218e-01
6.409930e-01
0
1.638977e-02
0
0
0
0
0
0
0
0
0
0
0
0
0
0
0
1.547595e-01
0
0
0
0
0
0
0
0
0
0
0
0
0
0
1.209687e-01
0
5.173198e-02
0
5.160214e-01
6.716636e-01
5.056595e-01
5.122051e-01
0
9.396460e-02
4.891347e-01
4.840088e-01
3.976536e-01
3.961449e-01
5.522537e-01
5.526674e-01
4.648249e-01
4.528872e-01
5.231975e-01
5.088137e-01
1.096749e-01
1.602956e-01
6.493436e-01
6.145446e-01
1.200078e-02
4.892193e-03
1.524054e-01
9.776017e-02
0
0
0
0
0
0
1.396470e-01
4.702999e-03
0
0
0
0
0
0
0
0
2.331764e-01
4.173513e-01
1.788298e-02
0
0
0
5.552039e-02
7.925026e-02
0
0
1.368168e-01
2.862633e-01
0
2.806949e-01
0
0
0
0
5.731719e-01
0
1
1.289133e-01
4.424326e-01
1.664196e-01
0
0
0
0
1.070279e-01
3.597291e-01
0
0
0
1.062307e-01
0
5.061640e-01
1.957611e-01
2.195951e-01
2.510663e-01
3.295740e-01
2.397153e-01
3.247794e-01
3.481029e-01
5.983178e-02
5.988437e-01
1.255679e-01
4.849464e-01
3.465700e-02
3.047614e-01
2.737416e-01
0
0
1.614327e-01
9.426266e-02
8.572504e-02
0
0
0
3.785912e-01
4.075111e-01
4.828029e-01
3.756934e-01
4.657308e-02
1.284588e-01
4.783774e-01
6.856635e-01
6.156360e-01
6.337906e-01
0
0
1.970026e-01
0
4.540294e-02
0
2.605667e-01
5.941249e-02
0
1.274153e-01
0
1.184477e-01
0
0
0
0
0
0
0
0
0
0
0
5.943151e-02
0
2.107972e-01
0
0
0
0
3.009005e-02
0
0
2.214446e-01
0
0
1.404416e-01
4.304696e-01
0
0
0
7.040555e-02
0
0
0
0
0
0
0
0
0
0
0
0
0
0
0
5.831768e-02
0
5.737361e-02
3.099049e-02
0
4.051197e-02
2.356794e-01
8.964498e-02
3.420131e-01
4.436775e-01
5.453914e-01
1.289133e-01
1
0
0
3.410131e-01
0
9.650275e-02
0
4.677796e-01
6.145074e-01
0
3.152701e-01
0
1.968285e-01
6.190225e-01
0
3.277614e-01
0
5.009326e-01
6.729857e-01
0
0
0
0
0
0
0
0
0
0
0
0
0
0
0
0
6.028385e-01
6.526604e-01
0
0
0
0
0
0
0
0
0
0
6.588706e-01
4.348614e-01
0
0
4.307876e-01
5.048951e-01
0
0
3.493430e-01
4.753981e-01
4.236052e-01
4.263375e-01
3.903036e-01
1.439662e-01
6.758897e-01
7.291034e-01
5.702813e-01
6.450022e-01
7.460772e-01
6.830709e-01
7.238485e-01
5.065592e-01
3.868522e-01
3.263582e-02
0
0
6.283855e-01
6.761133e-01
3.793281e-01
3.568267e-01
1.386311e-01
1.757003e-01
2.153735e-01
0
5.625219e-01
1.995376e-02
0
0
3.368378e-02
1.597415e-01
1.453228e-01
0
0
0
2.540198e-01
1.364544e-01
3.803196e-01
1.246663e-01
4.748816e-01
5.952873e-01
6.868175e-01
4.221775e-01
4.848134e-01
1.626653e-01
1.165171e-01
1.538096e-01
0
0
0
0
0
1.267218e-01
0
0
0
0
0
0
4.424326e-01
0
1.000000e+00
7.383617e-01
7.950537e-03
0
2.266458e-01
2.889647e-01
0
0
6.923494e-03
0
0
0
0
5.626818e-01
2.531103e-01
3.968413e-01
0
0
0
0
0
0
0
0
0
0
0
0
0
0
0
0
0
0
5.324679e-01
2.382863e-01
0
0
0
0
0
0
0
0
0
0
5.180535e-01
2.873702e-01
0
0
1.740932e-01
4.594883e-01
0
2.537551e-02
4.698067e-01
2.078099e-01
2.462680e-01
3.231361e-01
4.385177e-01
1.530934e-01
5.412647e-01
6.254873e-01
4.095436e-01
5.747844e-01
5.161877e-01
5.693461e-01
6.532707e-01
5.229615e-01
4.723139e-01
1.181765e-01
3.191635e-02
1.082540e-01
4.583373e-01
6.048670e-01
1.230620e-01
5.775112e-02
4.252994e-01
3.504082e-01
4.674431e-01
0
5.056747e-01
9.204812e-02
0
0
1.685369e-01
3.514470e-01
1.833826e-01
0
0
3.445561e-02
3.468074e-01
1.366672e-01
4.245130e-01
2.128256e-01
4.618532e-01
4.817179e-01
3.749970e-01
9.562499e-02
2.044847e-01
0
0
0
0
0
0
0
0
0
1.687357e-01
2.295555e-01
0
4.037121e-02
0
0
1.664196e-01
0
7.383617e-01
1.000000e+00
2.832326e-01
0
4.835806e-01
6.943784e-01
0
0
2.261673e-01
3.568184e-02
0
0
0
4.154719e-01
5.186979e-01
4.861459e-01
0
0
1.034534e-01
0
0
0
1.291197e-01
0
3.478046e-01
1.739610e-01
7.804323e-03
1.962711e-01
0
1.748224e-01
3.255310e-01
2.764890e-01
7.307439e-02
1.376256e-01
0
0
4.034185e-02
9.891338e-02
3.256243e-01
1.606284e-01
0
0
0
1.728280e-01
2.970115e-01
3.246253e-01
0
0
0
0
0
2.127572e-01
1.053728e-01
1.823033e-01
0
0
0
0
0
0
6.490281e-03
0
0
3.310968e-02
0
6.134298e-02
7.573204e-02
1.322493e-01
7.702135e-04
1.023437e-01
3.971271e-02
4.328281e-01
0
0
0
0
4.009082e-01
3.833662e-01
4.504396e-01
2.609974e-01
0
4.425638e-02
0
1.105708e-01
2.262220e-02
1.882671e-01
1.773867e-01
1.796047e-01
0
0
0
0
0
0
0
0
0
0
0
0
0
0
0
7.175643e-02
0
0
0
0
6.504622e-01
5.688420e-01
4.263446e-01
4.617907e-01
0
0
0
3.410131e-01
7.950537e-03
2.832326e-01
1
0
7.676876e-01
3.976126e-01
2.918596e-01
0
2.334407e-02
3.350400e-01
0
0
0
0
4.677934e-01
0
0
1.030602e-01
0
0
1.875344e-01
3.136897e-01
8.800345e-02
2.132345e-01
1.319896e-01
1.890907e-01
1.270418e-01
1.844489e-01
3.234528e-01
2.207114e-01
4.221691e-01
3.862790e-01
1.946940e-01
2.696835e-01
3.517770e-03
0
0
2.046588e-01
4.318188e-01
3.843757e-01
5.192109e-01
4.289645e-01
1.828355e-01
2.007001e-01
2.739217e-01
4.307792e-02
0
0
3.075375e-01
2.118245e-01
0
0
0
1.160594e-01
1.569692e-02
0
0
0
2.658755e-02
0
0
0
0
0
0
0
0
0
0
0
0
0
0
0
0
0
0
0
0
1.975705e-01
8.566706e-03
1.576667e-03
3.553514e-01
2.399918e-01
1.660323e-01
8.195724e-02
3.438473e-01
2.256901e-01
1.144170e-01
2.281834e-01
1.279331e-01
8.725687e-02
7.503067e-02
3.790379e-03
0
0
0
0
0
0
0
1.903454e-01
4.835126e-01
4.495709e-01
0
1.351441e-01
2.989784e-02
2.908671e-02
1.594687e-01
2.844782e-01
4.295152e-01
4.470448e-01
0
0
0
0
0
0
0
1
0
3.159147e-01
0
4.611133e-02
0
3.544697e-01
1.941886e-01
2.711428e-02
9.894878e-02
0
0
0
0
0
0
0
0
0
0
0
0
0
0
0
0
6.134723e-02
1.512660e-01
1.792900e-01
0
2.618820e-01
5.845654e-02
0
0
0
3.027746e-01
1.413644e-02
0
0
0
0
9.382162e-02
1.365435e-01
1.377922e-01
0
0
0
0
1.641699e-01
0
7.474600e-02
0
0
0
0
9.280312e-02
0
2.984150e-01
1.814828e-01
1.902240e-01
3.529123e-01
1.293318e-01
3.401132e-01
3.003548e-01
3.064782e-01
0
0
0
1.928162e-02
0
0
0
0
4.734224e-01
3.848990e-01
4.845298e-01
1.503999e-01
2.686215e-01
2.283113e-01
0
0
7.645234e-02
3.233112e-01
1.063192e-01
0
0
0
1.002901e-01
0
9.940420e-02
0
0
0
0
0
0
0
0
0
0
0
0
0
0
0
3.903617e-01
4.689855e-01
3.717294e-01
4.581284e-01
0
0
0
9.650275e-02
2.266458e-01
4.835806e-01
7.676876e-01
0
1
6.262049e-01
2.870764e-01
0
1.347348e-01
3.044366e-01
0
0
0
0
5.435441e-01
1.300588e-01
0
0
0
0
0
0
0
0
0
0
0
0
0
9.400909e-04
8.825651e-02
5.517111e-02
0
9.734433e-02
3.342948e-01
0
0
0
1.814884e-01
0
0
0
0
0
0
0
1.546693e-01
0
0
0
0
8.615675e-02
0
0
9.188748e-02
0
0
0
5.843342e-02
0
3.597375e-01
4.240207e-01
2.043316e-01
4.298856e-01
2.657273e-01
3.896787e-01
4.472240e-01
4.178541e-01
3.363364e-01
1.068743e-01
6.527518e-02
0
2.072193e-01
2.373800e-01
0
0
5.689439e-01
3.763956e-01
4.242783e-01
0
3.690845e-01
7.627522e-02
0
0
1.565393e-01
3.061497e-01
1.641221e-01
0
0
0
9.541641e-02
0
1.670332e-01
0
4.531095e-02
2.204222e-01
0
0
0
0
0
4.716760e-02
0
3.037477e-02
0
0
0
0
3.488312e-01
4.413965e-01
3.006365e-01
4.063178e-01
0
0
0
0
2.889647e-01
6.943784e-01
3.976126e-01
3.159147e-01
6.262049e-01
1
1.659579e-01
0
0
2.793874e-01
0
0
0
1.554757e-01
5.744565e-01
3.145387e-01
0
0
3.111425e-02
8.608825e-02
3.576459e-01
0
4.302889e-01
0
2.991757e-01
0
3.312149e-01
0
0
0
0
0
2.621716e-01
0
0
0
5.658573e-02
3.018198e-03
3.272791e-01
1.242226e-01
4.885351e-02
1.793155e-01
3.672410e-01
4.815978e-01
3.663267e-01
5.473998e-01
0
0
0
0
0
0
1.725246e-01
3.167436e-02
0
0
7.527306e-02
0
0
0
8.575269e-03
0
0
3.270593e-02
0
0
0
1.417241e-01
1.202096e-01
1.075626e-01
4.555330e-03
2.332035e-01
0
0
0
0
1.182005e-01
0
0
0
0
0
1.699531e-01
1.981027e-01
3.238888e-02
2.995246e-02
0
0
0
0
0
0
0
0
0
0
0
0
0
0
0
8.825875e-03
0
2.175817e-02
0
1.126157e-01
2.107151e-01
0
9.478930e-02
4.967069e-01
1.894398e-01
5.126562e-01
3.588690e-01
3.448647e-01
1.070279e-01
4.677796e-01
0
0
2.918596e-01
0
2.870764e-01
1.659579e-01
1
5.394029e-01
0
4.454843e-01
8.511939e-03
3.822804e-01
2.698948e-01
0
2.109071e-01
0
3.182050e-01
3.563072e-01
7.000635e-02
2.986166e-01
5.232003e-01
1.345042e-01
5.519877e-01
1.579157e-01
3.440944e-01
0
4.556758e-01
4.818410e-04
0
0
0
0
1.631295e-01
0
0
0
1.229478e-01
1.812237e-01
3.516646e-01
2.941861e-01
3.863454e-01
5.513731e-01
4.512205e-01
5.909118e-01
3.735101e-01
4.501574e-01
0
0
4.931296e-01
1.019417e-01
0
0
2.170363e-01
0
8.390969e-02
1.290222e-01
2.399195e-02
5.012005e-02
0
0
0
0
1.436699e-02
0
0
0
0
0
7.760992e-02
1.187908e-01
0
0
6.333284e-02
0
0
0
0
0
0
0
0
0
3.106001e-01
2.273228e-01
2.282152e-02
0
0
0
0
0
0
0
0
0
0
0
0
0
0
0
4.486429e-02
0
1.385278e-01
8.851845e-02
2.557033e-01
1.838373e-01
1.812069e-01
0
0
1.155814e-01
0
2.664290e-01
7.442998e-01
5.307494e-01
3.597291e-01
6.145074e-01
0
0
0
4.611133e-02
0
0
5.394029e-01
1
0
2.571872e-01
3.597369e-01
6.442796e-01
6.069232e-01
2.133496e-01
1.685090e-01
0
6.173460e-01
5.495552e-01
0
0
0
8.444502e-02
0
0
0
2.161883e-01
2.934332e-02
0
0
0
0
5.015558e-03
0
3.591401e-01
0
4.917994e-02
0
0
0
5.761792e-02
0
0
0
0
0
0
2.021654e-01
3.411198e-01
0
1.752714e-01
0
0
0
1.845234e-01
3.376775e-01
2.910890e-03
0
1.416819e-01
6.106586e-01
4.707223e-01
0
0
0
1.079318e-01
0
0
0
0
0
0
0
1.444103e-01
0
1.638693e-01
0
0
2.545203e-01
1.626617e-01
1.939380e-01
0
1.644048e-01
1.308650e-01
0
0
1.672722e-01
3.058715e-01
1.281307e-02
2.618805e-01
2.483027e-01
2.381264e-01
5.383088e-01
3.961355e-01
4.603266e-01
3.689195e-01
3.548870e-01
2.856407e-02
5.507574e-02
1.418524e-01
6.555469e-03
0
1.954004e-01
2.542566e-01
0
0
5.860403e-02
2.791591e-01
0
0
1.237629e-01
2.383582e-02
0
0
0
0
0
0
6.923494e-03
2.261673e-01
2.334407e-02
0
1.347348e-01
0
0
0
1
3.119654e-01
0
0
0
0
0
2.214424e-01
1.273968e-01
9.702627e-03
0
0
1.775159e-01
1.759368e-01
1.804799e-02
1.947576e-02
4.036805e-01
1.473673e-01
4.079401e-01
2.294185e-01
0
0
4.885734e-01
1.895475e-01
9.997541e-02
2.420582e-01
0
0
0
0
3.152358e-01
3.039252e-01
1.027030e-01
1.410930e-01
9.490546e-02
2.065437e-01
1.107529e-02
1.329594e-01
0
0
0
0
0
0
3.065839e-01
4.061357e-01
8.658208e-02
0
0
0
8.567317e-02
1.940740e-01
0
0
0
0
0
0
0
0
0
0
0
3.377071e-01
0
0
0
0
2.304799e-01
1.319383e-01
2.333564e-01
2.185275e-01
0
0
3.012658e-01
8.799176e-02
2.698658e-01
2.826284e-01
0
6.601323e-02
0
0
0
0
0
0
0
0
0
0
0
0
0
2.350531e-02
0
8.624724e-02
0
1.790847e-01
0
0
5.103875e-01
6.988463e-01
4.228475e-01
7.092613e-01
3.218987e-02
5.215772e-02
0
3.152701e-01
0
3.568184e-02
3.350400e-01
3.544697e-01
3.044366e-01
2.793874e-01
4.454843e-01
2.571872e-01
3.119654e-01
1
0
6.826556e-02
9.560531e-02
0
1.860061e-01
0
2.763042e-01
3.231394e-01
2.085600e-01
4.672005e-01
4.381249e-01
3.347390e-01
9.984065e-02
1.173306e-01
1.342398e-01
0
1.155147e-01
0
3.698032e-01
0
0
0
2.661830e-01
0
4.611089e-02
0
2.693629e-01
1.489545e-01
0
7.355353e-02
5.013329e-01
5.975512e-01
3.077815e-01
1.101803e-01
0
0
0
1.308138e-01
6.242732e-01
3.866773e-01
0
0
0
0
1.345224e-01
0
0
3.021864e-02
0
0
0
0
0
0
0
0
0
0
1.744236e-01
1.758951e-01
3.866830e-01
0
1.333339e-01
0
1.463842e-01
1.370906e-01
0
0
0
0
0
0
1.634749e-01
1.230129e-01
0
0
0
0
2.137627e-01
2.382414e-01
0
1.504514e-02
2.470217e-02
3.180863e-02
3.042050e-02
5.072669e-02
0
1.169997e-01
1.361086e-01
4.951013e-02
4.749985e-01
1.239489e-01
4.409729e-01
0
4.391614e-01
1.537726e-01
3.573875e-01
1.480365e-01
0
0
0
0
2.542883e-01
2.060380e-01
0
0
0
0
0
1.941886e-01
0
0
8.511939e-03
3.597369e-01
0
0
1
7.463263e-01
2.878562e-01
1.073277e-01
0
1.294541e-01
3.158408e-01
0
1.952693e-01
4.481289e-01
6.552416e-01
4.633723e-01
4.398032e-01
2.231739e-01
4.240783e-01
0
3.894153e-01
5.038478e-02
8.970355e-02
0
0
0
2.917452e-01
0
0
0
3.541489e-01
2.335992e-01
9.986775e-02
2.354500e-01
5.129056e-01
6.642484e-01
5.367249e-01
4.749741e-01
2.049706e-01
2.232850e-01
0
0
5.714582e-01
2.973616e-01
0
0
1.770853e-02
0
0
0
4.643997e-02
0
0
0
0
0
0
0
0
0
0
0
2.283756e-01
1.756278e-01
4.623349e-01
7.862724e-02
8.568483e-02
0
0
0
0
0
0
0
0
0
2.819345e-01
3.026301e-01
0
0
0
0
0
0
0
0
0
0
0
0
0
0
0
0
1.072145e-01
8.898089e-02
3.658095e-01
3.716080e-02
4.266616e-01
2.706379e-01
5.322928e-01
1.687995e-01
0
0
0
0
4.096297e-01
4.748568e-01
1.062307e-01
1.968285e-01
0
0
0
2.711428e-02
0
0
3.822804e-01
6.442796e-01
0
6.826556e-02
7.463263e-01
1.000000e+00
5.918724e-01
0
0
1.529507e-02
6.419057e-01
3.716459e-01
2.265615e-01
5.292395e-01
5.821435e-01
3.149248e-01
6.191056e-01
3.863278e-01
3.127259e-01
4.690523e-02
4.386667e-01
2.128324e-01
8.553397e-02
8.195817e-02
0
1.731457e-01
3.760365e-01
7.071054e-02
0
0
6.117555e-01
4.067890e-01
3.948712e-01
4.082156e-01
5.572595e-01
6.085754e-01
5.919863e-01
7.235601e-01
5.455427e-01
5.698037e-01
0
0
6.103436e-01
1.932286e-01
0
0
0
0
0
0
0
0
0
0
0
0
0
0
0
0
0
0
0
0
4.958044e-02
0
0
0
1.051700e-01
9.802331e-02
0
0
0
0
0
0
1.063078e-01
4.121594e-01
0
0
0
5.120556e-02
1.075370e-01
0
0
0
0
0
0
0
0
0
0
1.512068e-01
1.250580e-01
2.887428e-01
1.345393e-01
3.452969e-02
4.070789e-01
4.476279e-01
2.433416e-01
3.807512e-02
0
0
0
2.079024e-02
2.209192e-01
6.196795e-01
0
6.190225e-01
0
0
0
9.894878e-02
0
0
2.698948e-01
6.069232e-01
0
9.560531e-02
2.878562e-01
5.918724e-01
1
0
0
0
6.345108e-01
5.996611e-01
8.354335e-02
2.834477e-01
0
0
0
0
0
0
0
0
0
0
0
0
0
0
4.234949e-01
2.225764e-01
0
0
0
0
0
0
0
0
0
0
2.764887e-01
4.450500e-02
0
0
3.645233e-02
3.803490e-02
0
0
2.866435e-01
4.167333e-01
3.526384e-01
4.501013e-01
0
0
6.855887e-01
7.618528e-01
4.877204e-01
5.185196e-01
7.025663e-01
6.621788e-01
7.715534e-01
5.955697e-01
5.486270e-01
3.914442e-01
1.672319e-01
0
6.933646e-01
6.213628e-01
4.259361e-01
1.795047e-01
0
0
0
0
1.880991e-01
0
0
0
0
0
1.534782e-02
0
0
0
0
0
1.766468e-02
0
4.311015e-01
5.783115e-01
3.765396e-01
1.451590e-01
2.726199e-01
0
2.447509e-01
0
0
0
3.086806e-01
0
6.100224e-02
1.216428e-01
0
0
0
0
4.157572e-01
0
5.061640e-01
0
5.626818e-01
4.154719e-01
0
0
0
1.554757e-01
0
2.133496e-01
0
0
1.073277e-01
0
0
1
5.523421e-01
4.797552e-01
7.477450e-02
0
2.878071e-01
0
0
0
0
0
0
0
0
0
0
0
9.816696e-02
0
0
0
1.213471e-01
0
0
0
3.460302e-01
1.069322e-01
0
0
0
0
6.015784e-02
0
8.022711e-02
0
0
0
0
4.339399e-02
0
0
2.248461e-01
1.799701e-01
0
2.604096e-01
0
0
4.377638e-01
4.369550e-01
1.916620e-01
3.186431e-01
3.241805e-01
4.946686e-01
5.411616e-01
4.013574e-01
4.027965e-01
3.153547e-01
6.406658e-02
4.509664e-02
2.738718e-01
3.567128e-01
1.473189e-01
0
4.659123e-01
2.308355e-01
1.637863e-01
0
2.182191e-01
5.794747e-02
0
0
0
6.485949e-02
1.312013e-01
9.663233e-02
0
0
0
0
7.592339e-02
0
1.364650e-01
2.843894e-01
0
0
0
0
0
0
0
0
0
0
0
0
5.135960e-02
3.192482e-01
4.337274e-02
2.886978e-01
1.946828e-01
0
1.957611e-01
3.277614e-01
2.531103e-01
5.186979e-01
4.677934e-01
0
5.435441e-01
5.744565e-01
2.109071e-01
1.685090e-01
0
1.860061e-01
0
0
0
5.523421e-01
1
3.533533e-01
1.473612e-01
0
0
0
0
0
0
0
0
0
0
0
0
0
0
0
0
0
2.695654e-01
2.092565e-01
0
0
0
0
0
0
0
0
0
0
2.970898e-01
3.463526e-01
0
2.796285e-01
0
8.423912e-02
0
0
2.711419e-01
0
1.276551e-01
3.472781e-02
2.371065e-01
0
5.160717e-01
6.259262e-01
4.821637e-01
5.374911e-01
4.933098e-01
5.448053e-01
5.545141e-01
3.623164e-01
4.026312e-01
7.132369e-02
1.047154e-01
0
5.868149e-01
5.105833e-01
8.283856e-02
7.427601e-02
1.793402e-01
0
1.967667e-01
0
4.737278e-01
4.309369e-02
0
0
2.660012e-01
2.368643e-01
0
0
0
0
2.023825e-01
1.293774e-01
4.849921e-01
2.111835e-01
5.260137e-01
5.911138e-01
8.851929e-02
1.675175e-01
1.178485e-01
0
2.890889e-01
1.089295e-01
3.997976e-04
0
4.472280e-01
1.021208e-01
1.299414e-01
0
0
0
0
0
0
0
2.195951e-01
0
3.968413e-01
4.861459e-01
0
0
1.300588e-01
3.145387e-01
0
0
2.214424e-01
0
1.294541e-01
1.529507e-02
0
4.797552e-01
3.533533e-01
1.000000e+00
5.180780e-02
0
4.044092e-01
4.308147e-01
3.014037e-01
2.217637e-01
2.192357e-01
1.024218e-01
3.433096e-01
4.532622e-02
3.855276e-01
1.390584e-01
0
0
1.176503e-01
1.575278e-02
2.150202e-01
0
0
0
3.641835e-01
3.058366e-01
5.654296e-02
2.380791e-01
1.461186e-01
3.070402e-01
2.734592e-01
3.075331e-01
5.197509e-02
2.257902e-01
0
0
2.986744e-01
3.289896e-02
0
0
0
0
4.325273e-02
6.547501e-02
1.144862e-04
3.481939e-01
0
9.023373e-02
0
0
0
0
0
0
0
0
2.868421e-01
4.275365e-01
4.028432e-01
3.389332e-01
8.133163e-02
3.363634e-02
7.539407e-02
1.451965e-01
0
0
0
0
0
0
0
7.341485e-02
0
0
0
1.773075e-01
0
0
0
0
0
0
0
0
0
0
0
0
1.548118e-01
0
0
0
3.508305e-01
1.318498e-01
1.963801e-01
1.133850e-01
0
0
0
0
5.543629e-01
4.633218e-01
2.510663e-01
5.009326e-01
0
0
0
0
0
0
3.182050e-01
6.173460e-01
1.273968e-01
2.763042e-01
3.158408e-01
6.419057e-01
6.345108e-01
7.477450e-02
1.473612e-01
5.180780e-02
1
7.053110e-01
7.361344e-02
3.509547e-01
3.314161e-01
1.805241e-01
4.808442e-01
1.817376e-01
3.460248e-01
1.462554e-01
5.089610e-01
3.493504e-01
0
0
0
0
9.156861e-02
0
0
0
3.194804e-01
3.492116e-01
2.715783e-01
4.409831e-01
0
1.152188e-01
3.391333e-01
4.335657e-01
3.060309e-01
4.980511e-01
0
0
1.107640e-01
0
1.827674e-01
0
2.704928e-01
0
0
2.862898e-01
3.148947e-02
2.788191e-01
0
2.360665e-01
0
0
0
0
0
0
0
0
5.102154e-02
2.257593e-01
1.867313e-01
4.384258e-01
0
0
1.988921e-02
3.549965e-02
0
0
0
2.719042e-02
0
0
5.784337e-02
1.648623e-01
0
0
0
2.266777e-01
0
0
0
0
0
0
0
0
0
0
0
2.105880e-02
0
0
0
0
1.522431e-01
2.659703e-01
0
2.478221e-02
7.182410e-02
0
0
1.942391e-02
5.250175e-01
6.409930e-01
3.295740e-01
6.729857e-01
0
0
1.030602e-01
0
0
0
3.563072e-01
5.495552e-01
9.702627e-03
3.231394e-01
0
3.716459e-01
5.996611e-01
0
0
0
7.053110e-01
1
