1
5.929002e-01
0
0
0
0
0
2.528874e-01
0
0
6.370408e-02
4.146575e-01
6.135216e-02
1.567271e-01
0
0
3.671791e-01
8.940770e-02
1.854500e-01
2.965449e-01
0
0
0
0
0
0
0
0
4.130281e-01
4.198715e-01
0
4.868871e-04
7.472819e-02
0
0
0
0
0
0
2.334974e-02
0
0
2.072975e-01
2.136851e-01
0
6.119350e-02
3.002182e-01
9.831439e-02
3.595901e-01
1.707613e-01
4.686943e-01
1.366285e-01
3.956201e-01
0
3.791751e-01
3.125533e-01
4.325735e-01
5.050768e-01
3.482470e-01
3.943405e-01
3.778083e-01
2.193566e-01
4.792936e-01
5.199901e-01
0
0
0
0
3.094886e-01
0
0
0
0
3.443622e-02
0
1.225007e-01
7.869234e-02
1.627412e-01
1.015336e-01
2.753344e-02
4.047167e-01
0
3.741716e-01
1.755546e-01
0
0
3.364287e-01
0
7.057056e-03
7.028231e-02
0
0
0
0
0
0
2.003017e-01
0
2.950350e-01
4.358009e-01
0
0
2.750223e-02
0
0
0
1.332459e-01
0
3.569824e-01
4.506504e-01
2.713813e-01
4.128388e-01
3.421831e-01
0
0
4.603810e-02
5.929002e-01
1.000000e+00
0
0
0
0
0
0
0
0
2.563890e-01
3.006786e-01
2.948314e-01
0
1.873359e-02
0
3.743854e-01
4.993392e-01
5.269791e-01
1.238309e-01
0
3.597892e-01
0
0
0
0
0
6.728028e-02
5.124130e-01
5.303754e-01
0
0
3.156722e-01
3.929492e-01
0
0
0
9.058561e-02
0
1.404667e-01
0
2.532026e-01
0
0
0
0
1.510967e-02
0
6.178445e-02
0
2.925891e-01
2.697588e-01
4.355919e-01
3.004951e-01
0
0
2.259583e-01
6.224504e-01
4.244888e-02
2.513082e-01
1.295947e-01
1.086936e-01
2.319287e-03
1.301572e-01
0
1.063334e-01
0
0
1.302767e-01
0
0
1.322770e-01
4.931603e-02
2.829809e-01
1.458128e-01
6.496530e-02
0
1.129280e-03
1.606114e-01
1.842366e-01
2.430563e-01
2.310178e-01
7.625954e-02
1.375853e-03
0
0
0
0
4.644508e-02
3.283269e-01
0
0
0
0
0
0
1.736647e-01
1.370634e-01
1.177284e-01
4.595554e-01
0
0
0
0
0
0
0
0
7.532327e-02
1.285966e-02
9.843026e-02
3.536487e-01
1.960829e-01
1.933272e-01
0
0
0
0
1
0
5.504922e-01
3.298579e-01
8.763251e-01
0
5.678194e-01
2.242487e-01
5.271413e-01
0
2.196458e-01
0
6.610001e-01
2.434273e-01
0
2.288194e-03
3.975302e-01
5.792367e-02
0
7.058843e-02
8.325165e-01
7.021830e-01
5.131210e-01
3.442570e-01
2.063650e-01
1.634662e-02
0
0
6.895233e-01
4.651700e-01
0
0
3.395901e-01
4.764458e-02
1.008032e-01
0
5.089185e-02
0
2.379102e-01
0
0
0
0
0
0
0
0
3.755300e-02
0
3.435621e-01
9.278183e-02
2.394912e-01
0
0
0
0
0
0
0
0
0
0
6.973551e-01
2.258151e-01
1.104120e-01
0
0
0
5.764139e-01
5.490225e-02
1.614994e-01
0
1.086491e-01
0
0
0
1.562846e-01
5.710530e-01
0
2.025702e-01
6.984557e-03
0
7.793898e-01
2.782680e-01
0
0
1.607340e-02
2.527073e-01
0
3.901694e-01
3.164233e-01
3.817662e-01
7.615997e-02
0
0
0
0
0
0
3.733914e-01
0
0
0
6.905811e-02
0
0
0
0
0
0
0
0
0
0
0
0
0
1
5.978126e-02
2.853570e-01
0
5.275746e-01
0
1.597752e-01
0
9.198457e-02
0
1.369009e-01
0
3.846694e-01
0
0
0
0
2.531868e-01
4.421865e-02
0
1.717995e-01
1.136419e-01
3.529564e-01
8.441627e-02
2.920964e-01
0
0
2.103745e-01
4.269679e-01
0
0
1.694915e-01
3.590199e-01
0
0
0
0
0
0
0
0
1.284543e-01
0
0
0
0
0
1.322585e-01
0
0
0
0
0
0
0
2.686657e-01
3.662281e-01
0
4.614773e-01
0
2.168026e-01
9.966742e-02
2.057325e-01
3.510016e-01
4.073536e-01
0
0
0
2.998815e-02
0
0
0
0
1.123309e-01
3.945070e-01
0
0
0
6.695373e-02
0
1.389350e-01
3.625992e-02
3.646807e-01
0
0
1.152048e-01
0
4.043141e-01
0
3.622207e-01
0
0
0
0
9.165958e-02
1.088143e-01
0
5.675428e-01
5.116245e-02
4.462052e-01
4.736797e-01
1.773484e-01
2.109308e-01
0
1.128425e-01
0
1.241783e-02
2.558788e-01
0
0
0
0
0
0
0
5.504922e-01
5.978126e-02
1
4.905569e-01
6.544046e-01
0
6.847719e-01
4.739585e-01
2.938021e-01
0
4.108910e-01
0
6.551468e-01
2.951391e-01
0
0
0
0
3.661298e-01
4.198050e-01
6.053532e-01
5.500941e-01
8.570971e-01
7.526892e-01
8.564151e-01
6.143390e-01
0
0
4.374749e-01
2.120972e-01
0
0
6.217845e-01
4.162850e-01
0
0
7.546224e-02
0
0
1.439271e-02
0
0
0
0
0
0
0
0
0
3.318215e-02
0
1.556568e-01
0
0
0
0
0
0
0
2.256463e-01
0
0
6.780634e-01
5.909808e-01
0
0
0
0
6.532028e-01
3.844774e-01
0
0
0
0
0
0
0
1.228771e-01
0
7.498215e-02
0
0
4.509776e-01
3.895679e-01
0
0
2.938666e-02
4.018194e-01
2.267563e-01
5.414219e-01
5.364744e-01
6.656926e-01
0
0
0
0
0
0
2.300528e-01
6.976480e-01
6.593932e-02
2.395310e-01
0
0
0
0
0
0
0
0
1.590371e-01
1.413239e-01
0
0
0
0
3.298579e-01
2.853570e-01
4.905569e-01
1
2.934602e-01
2.868005e-01
4.139696e-01
8.980047e-01
2.052294e-01
2.094573e-01
2.312777e-01
3.288712e-01
3.392986e-01
5.319631e-01
1.217883e-01
2.194525e-01
1.380104e-01
0
2.257861e-01
1.883413e-01
4.058819e-01
4.469581e-01
5.585732e-01
4.457602e-01
5.624017e-01
4.629275e-01
0
0
4.506454e-03
0
0
0
3.048458e-01
1.893392e-01
0
0
0
0
0
0
0
0
0
0
0
0
0
0
1.914952e-01
2.126404e-01
1.874096e-01
1.737042e-01
0
0
1.597367e-02
0
0
0
0
3.227995e-01
0
0
4.144747e-01
5.232802e-01
0
0
0
0
4.660156e-01
2.091886e-01
0
0
0
0
0
0
2.506861e-01
3.472162e-01
0
3.090067e-01
0
0
3.093752e-01
4.461442e-01
0
0
0
4.328727e-01
3.142806e-01
3.060856e-01
5.314893e-01
3.252721e-01
0
0
0
2.469883e-01
0
0
1.855571e-01
2.003745e-01
0
0
0
0
0
0
8.893944e-02
0
1.318650e-01
0
1.648234e-01
1.796184e-01
5.072453e-02
0
0
0
8.763251e-01
0
6.544046e-01
2.934602e-01
1
0
6.505412e-01
2.556547e-01
5.226900e-01
0
3.856350e-01
0
6.960168e-01
3.065907e-01
0
0
2.172642e-01
0
1.283287e-01
1.174390e-01
7.575161e-01
6.728189e-01
5.516955e-01
3.322869e-01
3.482679e-01
1.603543e-02
0
0
5.080086e-01
3.708490e-01
0
0
5.773266e-01
2.923752e-01
6.712655e-02
0
1.035122e-01
0
3.447939e-01
9.947610e-02
0
0
0
0
0
0
0
8.714102e-03
0
2.714667e-01
0
1.394233e-01
0
0
0
0
0
0
0
0
0
0
8.129758e-01
3.057955e-01
3.463896e-01
0
0
0
6.915007e-01
2.583021e-01
2.796049e-01
0
1.692861e-01
2.122860e-02
3.270394e-02
0
7.545852e-02
3.740440e-01
0
2.126492e-01
0
0
7.118939e-01
3.231181e-01
0
0
0
6.660256e-02
1.624254e-01
5.957668e-01
4.886157e-01
4.660254e-01
0
0
0
0
0
0
0
6.104237e-01
0
1.112169e-01
0
0
0
0
0
0
0
0
1.668721e-02
0
0
0
2.528874e-01
0
0
5.275746e-01
0
2.868005e-01
0
1
0
3.179082e-01
0
7.343441e-01
8.246412e-02
6.886143e-01
0
4.102435e-01
0
0
0
0
1.672243e-01
0
0
0
0
2.232147e-02
1.706968e-01
2.591806e-01
0
0
0
0
0
1.195531e-01
0
1.091546e-01
0
0
0
0
0
0
0
0
0
5.179128e-02
0
0
0
0
0
0
0
0
0
0
1.604783e-01
1.377726e-01
1.905615e-01
5.157035e-01
1.349098e-01
7.174010e-01
1.112267e-01
3.873938e-01
0
2.942810e-01
0
1.808364e-01
1.395614e-01
3.092387e-04
0
2.909304e-01
0
0
0
0
7.144857e-02
3.238854e-01
0
0
0
5.180653e-02
0
2.937414e-01
0
1.629432e-01
0
1.549746e-01
8.783049e-04
0
2.824510e-01
0
1.390960e-01
0
0
1.046995e-01
0
4.120400e-01
1.103432e-01
1.474588e-01
3.638761e-01
0
3.617322e-01
2.179798e-01
9.424915e-02
0
1.047124e-01
2.853836e-01
3.459828e-01
2.065437e-01
5.351657e-01
0
6.616710e-02
7.844097e-02
7.869511e-02
0
0
0
5.678194e-01
0
6.847719e-01
4.139696e-01
6.505412e-01
0
1
4.438450e-01
3.671728e-01
0
4.929908e-01
1.401798e-01
7.694802e-01
3.271152e-01
0
0
0
0
0
0
5.247162e-01
4.653200e-01
4.559420e-01
3.780428e-01
4.747520e-01
7.755261e-02
0
0
1.793966e-01
0
0
0
4.768100e-01
1.630467e-01
1.169629e-01
7.670597e-02
7.066922e-02
1.664490e-01
2.536043e-01
6.189606e-02
0
0
0
0
0
0
0
0
0
1.397526e-01
0
1.989131e-01
0
2.452924e-01
0
0
0
0
0
0
0
0
5.793471e-01
3.286474e-01
0
0
0
1.926009e-02
5.061336e-01
1.756877e-01
0
0
0
0
0
0
8.694908e-02
4.702339e-01
0
3.022949e-01
7.099413e-03
0
5.124707e-01
2.163301e-01
1.304764e-01
1.628661e-01
1.349642e-01
2.986277e-01
0
4.851869e-01
4.461220e-01
5.966776e-01
3.050921e-01
6.038722e-02
6.310677e-02
0
0
0
0
5.569063e-01
0
0
0
0
0
0
2.411697e-01
5.846626e-02
0
0
1.177018e-01
0
6.174211e-02
0
0
0
2.242487e-01
1.597752e-01
4.739585e-01
8.980047e-01
2.556547e-01
3.179082e-01
4.438450e-01
1
2.793208e-01
3.106691e-01
4.487597e-01
3.250428e-01
3.526701e-01
4.420888e-01
1.737481e-01
3.363182e-01
1.094265e-01
0
8.806276e-02
9.790161e-02
2.291849e-01
2.285012e-01
5.366021e-01
2.919924e-01
5.242574e-01
3.332289e-01
0
0
0
0
0
0
3.021988e-01
1.473037e-01
0
0
0
0
0
0
0
0
0
0
0
0
0
0
2.280610e-01
2.103630e-01
1.942750e-01
1.764993e-01
0
2.200189e-02
1.544692e-01
0
0
0
0
3.725502e-01
0
0
3.643341e-01
5.359371e-01
0
0
0
0
4.218319e-01
1.596475e-01
0
0
0
0
0
0
3.182181e-01
3.459764e-01
0
3.642545e-01
0
0
2.154282e-01
3.932645e-01
0
0
1.440214e-01
4.232850e-01
3.096635e-01
4.079453e-01
3.773052e-01
3.578306e-01
0
0
0
2.886074e-01
0
3.172928e-02
2.169564e-01
2.517212e-01
0
0
0
0
0
0
1.637373e-01
0
1.078035e-01
0
2.831674e-01
2.152224e-01
0
0
6.370408e-02
2.563890e-01
5.271413e-01
0
2.938021e-01
2.052294e-01
5.226900e-01
0
3.671728e-01
2.793208e-01
1
0
6.000020e-01
0
4.879368e-01
2.373908e-01
0
0
2.416738e-01
6.944758e-02
0
6.534832e-02
6.263162e-01
4.530074e-01
4.831778e-01
0
1.234659e-01
0
0
0
3.202459e-01
0
0
0
4.679839e-01
1.672556e-01
1.782798e-01
0
1.089125e-01
9.536788e-02
2.992783e-01
1.085512e-01
0
0
0
0
0
0
0
0
2.401321e-01
5.689233e-01
3.675052e-01
5.635218e-01
0
0
0
0
0
0
0
4.775044e-02
0
0
5.927746e-01
3.837379e-01
0
0
0
1.541422e-01
5.175741e-01
1.099269e-01
3.605127e-01
1.383056e-01
1.890431e-01
1.655007e-01
2.273973e-03
0
0
3.200382e-01
0
3.903932e-01
0
0
5.761689e-01
3.260375e-01
0
0
2.432781e-01
3.306755e-01
1.030939e-01
4.075129e-01
4.454375e-02
4.553328e-01
0
0
0
0
0
0
0
1.890069e-01
0
0
0
0
0
0
0
0
0
0
5.081859e-01
0
0
0
4.146575e-01
3.006786e-01
0
9.198457e-02
0
2.094573e-01
0
7.343441e-01
0
3.106691e-01
0
1.000000e+00
3.398792e-02
6.256118e-01
0
1.439257e-01
1.817713e-01
1.926746e-01
1.294674e-01
0
3.985005e-02
3.063370e-04
0
0
0
0
0
6.878057e-02
8.998765e-02
2.984198e-01
0
0
0
1.641782e-01
0
0
0
0
0
0
0
0
3.905564e-02
0
0
0
5.656874e-02
0
1.854574e-02
0
1.475309e-01
0
1.668352e-01
0
6.388136e-02
8.831522e-02
2.887574e-01
4.545494e-01
3.260824e-01
5.833930e-01
3.726264e-01
5.034634e-01
3.491756e-01
3.804777e-01
0
1.602695e-01
0
0
2.331305e-01
0
0
8.660637e-02
0
0
0
0
0
1.265091e-01
1.721456e-02
0
2.730869e-01
1.197406e-01
0
2.092551e-01
0
8.978311e-02
8.844742e-02
1.268860e-01
4.277786e-02
2.353223e-01
0
0
0
0
0
2.532470e-01
0
4.551799e-01
7.271975e-02
2.703375e-01
8.299266e-02
0
5.201707e-02
0
2.319210e-01
0
2.508918e-01
1.174585e-01
4.896746e-01
1.294852e-01
4.721410e-01
2.827284e-02
9.706939e-03
3.363136e-01
1.377310e-01
1.001953e-01
6.135216e-02
2.948314e-01
2.196458e-01
0
4.108910e-01
2.312777e-01
3.856350e-01
8.246412e-02
4.929908e-01
4.487597e-01
6.000020e-01
3.398792e-02
1.000000e+00
2.931287e-01
6.752325e-01
4.025906e-01
0
0
2.876179e-02
0
0
1.356202e-01
2.503352e-01
1.275691e-01
3.538615e-01
0
2.646593e-01
0
0
0
0
0
0
0
3.879635e-01
2.604781e-01
0
8.299197e-02
2.092826e-01
1.362959e-01
1.662242e-01
3.483351e-01
0
0
0
0
0
0
0
0
0
2.179228e-01
0
2.243877e-01
0
0
0
0
0
0
0
3.202765e-01
0
0
4.872313e-01
6.590682e-01
0
0
0
9.925567e-02
2.345686e-01
4.501018e-01
6.588178e-02
1.555712e-01
0
0
6.039425e-02
0
0
7.945360e-02
0
4.062050e-01
0
8.945995e-02
3.887745e-01
3.996698e-01
0
1.788631e-01
3.189428e-01
3.148967e-01
7.990570e-02
4.940216e-01
2.006222e-01
5.818033e-01
0
0
2.315401e-02
1.301924e-01
0
1.366065e-01
0
5.055256e-01
0
0
0
0
0
0
2.887990e-02
5.189167e-02
0
0
2.559784e-01
0
0
0
1.567271e-01
0
0
1.369009e-01
0
3.288712e-01
0
6.886143e-01
1.401798e-01
3.250428e-01
0
6.256118e-01
2.931287e-01
1
2.846701e-02
6.784834e-01
0
0
0
2.315733e-02
0
0
0
1.504600e-01
0
0
1.388069e-01
0
0
0
0
0
0
0
3.062414e-02
1.299256e-01
0
0
0
1.538500e-01
0
0
0
0
0
0
0
0
0
0
0
0
0
0
0
2.043551e-02
0
0
0
1.082022e-01
0
5.660840e-01
0
4.685009e-02
1.753064e-02
4.792113e-01
0
1.285684e-01
1.242890e-01
2.614961e-01
0
3.636489e-01
0
0
0
1.355224e-01
0
0
0
0
0
3.213055e-01
0
1.348151e-01
0
3.890567e-01
0
3.426480e-01
1.731071e-01
1.883059e-01
1.607656e-01
0
3.775509e-01
1.373602e-01
0
2.130981e-01
0
3.758164e-01
0
0
4.673047e-02
1.497292e-02
0
0
0
0
2.802420e-01
2.492804e-01
5.356627e-01
2.457125e-01
3.729390e-01
0
1.389514e-01
1.004057e-01
1.432165e-01
0
0
1.873359e-02
6.610001e-01
0
6.551468e-01
3.392986e-01
6.960168e-01
0
7.694802e-01
3.526701e-01
4.879368e-01
0
6.752325e-01
2.846701e-02
1
4.404359e-01
0
0
7.536754e-04
0
0
1.005448e-01
5.489936e-01
4.545712e-01
4.438521e-01
3.185699e-01
3.447837e-01
1.025786e-01
0
0
3.718738e-01
1.818271e-01
0
0
4.623947e-01
2.411716e-01
9.044378e-02
2.276863e-01
1.898888e-01
1.758053e-01
2.457148e-01
2.627615e-01
0
0
0
0
0
0
0
0
0
2.073145e-01
0
2.072139e-01
0
2.223910e-02
0
0
0
0
0
1.569339e-02
0
0
6.101640e-01
4.643036e-01
0
0
0
0
3.464109e-01
2.720817e-01
0
0
0
0
0
0
0
3.932915e-01
0
3.837110e-01
1.215506e-01
0
6.116656e-01
3.376681e-01
0
4.214044e-02
2.680174e-01
2.618215e-01
0
4.674211e-01
4.054447e-01
6.404955e-01
4.064082e-02
0
1.312251e-01
0
0
0
0
5.926797e-01
0
0
0
0
0
0
8.301113e-02
1.986884e-01
0
0
7.685680e-02
0
0
0
0
0
2.434273e-01
3.846694e-01
2.951391e-01
5.319631e-01
3.065907e-01
4.102435e-01
3.271152e-01
4.420888e-01
2.373908e-01
1.439257e-01
4.025906e-01
6.784834e-01
4.404359e-01
1.000000e+00
0
0
5.893786e-02
6.662025e-02
1.279286e-01
4.505508e-02
3.742335e-01
6.069073e-01
2.772694e-01
1.806858e-01
2.639853e-01
4.012862e-02
0
0
0
1.810359e-01
0
0
3.181713e-01
3.100304e-01
0
0
0
0
0
0
0
0
0
0
0
0
0
0
0
0
0
0
0
0
0
0
0
0
0
3.311170e-01
0
0
4.551680e-01
5.971393e-01
2.354346e-01
1.676410e-01
0
1.188091e-01
2.819705e-01
5.482207e-01
0
0
0
1.172515e-02
4.560304e-02
0
0
3.298667e-02
0
4.805257e-01
0
0
3.658202e-01
5.647866e-01
0
9.557637e-02
1.487289e-02
6.347353e-02
3.146371e-01
1.374299e-01
6.945789e-01
3.319357e-01
0
0
0
4.173910e-02
0
0
1.726088e-01
2.842500e-01
7.158666e-02
1.304589e-02
0
0
0
5.545741e-02
2.518155e-01
0
0
0
7.925397e-02
0
0
0
3.671791e-01
3.743854e-01
0
0
0
1.217883e-01
0
0
0
1.737481e-01
0
1.817713e-01
0
0
0
0
1.000000e+00
7.569942e-01
3.148597e-01
1.729684e-01
0
0
0
0
0
0
0
8.763083e-02
5.715232e-01
5.602033e-01
0
0
1.983054e-01
2.031101e-01
0
0
1.847239e-01
0
0
0
0
0
4.240075e-01
2.905266e-01
0
0
5.996779e-01
3.229030e-01
4.592923e-01
3.158849e-01
2.976179e-01
2.937689e-03
3.849830e-01
2.298945e-01
2.941522e-01
2.389230e-01
6.613847e-01
6.530243e-01
2.610179e-01
2.421891e-01
3.078344e-01
0
2.846603e-01
6.341997e-02
0
0
0
0
2.188385e-01
0
0
0
0
0
0
0
0
0
6.990974e-01
4.761057e-01
8.173051e-01
0
2.168605e-01
0
0
0
4.978547e-02
0
0
0
0
0
0
0
1.583416e-01
2.677766e-01
1.340386e-01
2.901479e-02
4.598988e-01
4.365336e-01
0
0
0
0
1.135339e-01
0
2.802579e-01
0
1.171436e-01
0
2.557705e-01
6.797315e-01
2.819149e-01
0
1.545913e-01
9.284743e-02
8.940770e-02
4.993392e-01
2.288194e-03
0
0
2.194525e-01
0
0
0
3.363182e-01
0
1.926746e-01
0
0
0
0
7.569942e-01
1
5.690517e-01
3.825941e-02
1.572212e-01
1.827171e-01
0
0
0
0
0
2.028737e-01
5.139420e-01
5.249046e-01
0
0
3.243928e-01
4.413002e-01
0
0
1.284145e-02
0
0
0
0
8.698282e-02
3.084219e-01
1.610573e-01
0
0
4.542494e-01
1.983356e-01
3.823862e-01
3.588893e-01
1.487284e-01
0
2.129906e-01
1.263880e-01
8.604749e-02
0
4.123366e-01
6.485390e-01
0
4.501698e-02
1.933422e-01
0
5.317953e-03
0
0
0
0
0
6.514497e-03
0
0
0
0
0
2.196271e-02
0
0
0
7.815425e-01
5.044719e-01
6.045320e-01
4.515055e-02
3.549570e-03
0
0
0
0
0
0
4.381918e-02
0
8.890823e-02
0
0
0
4.704253e-02
0
1.429663e-01
3.529081e-01
4.695024e-01
0
0
0
0
2.409626e-01
0
0
0
9.464632e-02
0
0
4.933790e-01
5.717282e-02
2.919684e-01
8.411916e-02
0
1.854500e-01
5.269791e-01
3.975302e-01
0
0
1.380104e-01
2.172642e-01
0
0
1.094265e-01
2.416738e-01
1.294674e-01
2.876179e-02
0
7.536754e-04
5.893786e-02
3.148597e-01
5.690517e-01
1
4.680482e-01
1.101186e-01
1.455095e-01
2.181291e-01
1.779239e-01
0
0
0
0
2.933131e-01
2.753042e-01
1.005408e-01
0
8.910455e-02
2.372059e-01
0
0
0
0
0
0
0
0
7.399811e-02
4.124677e-02
0
0
2.861831e-01
6.309176e-04
2.274077e-01
4.337974e-01
6.897271e-02
1.953395e-01
2.238319e-01
2.797145e-02
0
0
1.076804e-01
2.667506e-01
0
0
0
0
0
0
0
0
0
0
0
1.880939e-01
2.383576e-01
1.918531e-01
2.136178e-01
7.672947e-02
3.946935e-01
2.010875e-01
0
0
5.391467e-01
6.084778e-01
2.477716e-01
1.586840e-01
0
0
3.558932e-02
0
0
0
0
1.592264e-01
0
0
0
0
9.164416e-02
0
0
0
0
2.871223e-02
0
0
0
0
1.929263e-01
0
6.728710e-05
0
1.373209e-01
0
0
3.458497e-02
1.103515e-02
3.774053e-01
2.066421e-01
1.366925e-01
2.965449e-01
1.238309e-01
5.792367e-02
0
0
0
0
0
0
0
6.944758e-02
0
0
2.315733e-02
0
6.662025e-02
1.729684e-01
3.825941e-02
4.680482e-01
1
0
0
1.960718e-01
2.666632e-01
0
0
0
0
1.732779e-01
1.017895e-01
1.833811e-01
5.688419e-02
0
1.763696e-01
0
0
4.738915e-01
3.346473e-01
0
1.769428e-01
1.903501e-01
1.130688e-01
0
0
0
0
7.210982e-02
0
0
1.065772e-01
0
0
0
0
0
0
2.294870e-01
1.271935e-01
0
0
0
0
7.324031e-02
1.814145e-03
0
0
0
0
4.975570e-01
5.841603e-01
0
1.032862e-01
4.489046e-01
4.201922e-01
4.231073e-01
4.840207e-01
7.630346e-02
2.807425e-03
2.726170e-01
2.329355e-01
3.276245e-02
0
1.014766e-01
0
0
0
2.246461e-01
0
0
0
1.624525e-02
0
0
0
4.520773e-01
1.073235e-01
5.894691e-02
0
0
0
2.716159e-02
0
1.534017e-01
0
1.102759e-01
7.503600e-02
4.871356e-01
0
1.153450e-01
0
0
0
0
0
3.549423e-01
2.931202e-01
0
0
0
2.531868e-01
3.661298e-01
2.257861e-01
1.283287e-01
1.672243e-01
0
8.806276e-02
0
3.985005e-02
0
0
0
1.279286e-01
0
1.572212e-01
1.101186e-01
0
1
7.828782e-01
6.032582e-02
1.454954e-01
3.840961e-01
3.887014e-01
6.086947e-01
6.826541e-01
0
0
1.456050e-01
2.156707e-01
5.501072e-02
9.172343e-02
2.347703e-01
3.113096e-01
0
0
0
0
0
1.455569e-02
4.706762e-02
0
1.101506e-01
0
0
9.870259e-02
0
0
0
0
0
0
0
0
0
5.868838e-02
0
4.799454e-02
0
1.491103e-01
0
0
2.011555e-02
1.786227e-01
6.072162e-02
1.222377e-01
0
0
3.696850e-01
5.484463e-01
5.349190e-03
0
0
0
1.655700e-02
1.028571e-01
0
0
0
0
0
0
0
2.283533e-01
0
0
0
4.517033e-02
4.744801e-01
3.537993e-02
2.684744e-01
0
0
0
0
0
1.786888e-01
0
4.395957e-01
2.086541e-02
4.559582e-01
2.354848e-01
3.501264e-01
0
0
6.659277e-02
0
0
0
0
0
4.247560e-01
0
0
0
3.597892e-01
7.058843e-02
4.421865e-02
4.198050e-01
1.883413e-01
1.174390e-01
0
0
9.790161e-02
6.534832e-02
3.063370e-04
1.356202e-01
0
1.005448e-01
4.505508e-02
0
1.827171e-01
1.455095e-01
0
7.828782e-01
1
1.770013e-01
8.627187e-02
4.984411e-01
3.205096e-01
5.500103e-01
6.876919e-01
0
1.325804e-01
1.086809e-01
0
4.466441e-02
1.271376e-01
2.727352e-01
3.496182e-01
0
0
0
0
0
1.994810e-01
0
0
0
0
0
0
0
0
0
0
1.298134e-02
2.133212e-01
0
0
0
1.382106e-01
0
0
0
1.878488e-01
0
0
1.136564e-01
3.965157e-01
0
0
0
0
2.656643e-01
6.354821e-01
4.022920e-03
5.782666e-02
0
0
0
0
0
0
0
8.498981e-02
0
0
0
3.159294e-01
0
0
0
3.065368e-01
3.089325e-01
1.402552e-01
1.953889e-01
1.959928e-01
0
0
1.233613e-01
0
0
0
1.723003e-01
1.377545e-01
1.521803e-01
0
1.270779e-01
0
0
1.315262e-02
0
0
0
1.324564e-03
5.410191e-02
4.150767e-01
0
0
0
0
8.325165e-01
0
6.053532e-01
4.058819e-01
7.575161e-01
0
5.247162e-01
2.291849e-01
6.263162e-01
0
2.503352e-01
0
5.489936e-01
3.742335e-01
0
0
2.181291e-01
1.960718e-01
6.032582e-02
1.770013e-01
1
9.011683e-01
7.175062e-01
4.257664e-01
4.078616e-01
1.384007e-01
0
0
6.103820e-01
3.065652e-01
0
0
5.458771e-01
2.917701e-01
1.573261e-01
6.042950e-02
1.944390e-02
7.399445e-02
2.715680e-01
0
0
0
0
0
0
0
0
0
0
3.356556e-01
7.068512e-02
3.711279e-01
0
0
0
0
0
0
0
0
0
0
8.474320e-01
4.597355e-01
1.557922e-01
0
0
1.927322e-01
6.167874e-01
2.056065e-01
3.324052e-01
0
1.359739e-01
1.078422e-01
0
0
0
3.009942e-01
0
1.314179e-01
0
0
8.200078e-01
4.289995e-01
0
0
3.547579e-02
3.879209e-01
2.101451e-01
4.839774e-01
5.475099e-01
5.764202e-01
1.798101e-01
0
0
0
0
0
2.604379e-02
4.951115e-01
0
0
0
5.224391e-02
0
0
0
0
0
0
1.040011e-01
0
0
0
0
0
7.021830e-01
1.717995e-01
5.500941e-01
4.469581e-01
6.728189e-01
0
4.653200e-01
2.285012e-01
4.530074e-01
0
1.275691e-01
1.504600e-01
4.545712e-01
6.069073e-01
0
0
1.779239e-01
2.666632e-01
1.454954e-01
8.627187e-02
9.011683e-01
1
6.177652e-01
4.700379e-01
4.124180e-01
1.672456e-01
0
0
5.458789e-01
4.479055e-01
0
0
4.638122e-01
2.440924e-01
0
0
0
0
2.616456e-02
0
0
0
0
0
0
0
0
0
0
2.602152e-01
0
7.002608e-02
0
0
0
0
0
0
0
1.896859e-02
0
0
7.657246e-01
4.694761e-01
2.936283e-01
0
0
2.179481e-01
6.220169e-01
3.060527e-01
2.336538e-01
0
2.287665e-02
2.030694e-01
0
0
0
2.370345e-01
0
1.704993e-01
0
0
6.817723e-01
4.745048e-01
0
0
0
2.676727e-01
2.977892e-01
2.799462e-01
6.934554e-01
4.187067e-01
1.435433e-01
0
0
0
0
0
1.785308e-01
4.210150e-01
0
7.631528e-03
0
2.414232e-02
0
0
0
0
0
0
1.406818e-01
3.400335e-02
7.577768e-02
0
0
0
5.131210e-01
1.136419e-01
8.570971e-01
5.585732e-01
5.516955e-01
0
4.559420e-01
5.366021e-01
4.831778e-01
0
3.538615e-01
0
4.438521e-01
2.772694e-01
0
0
0
0
3.840961e-01
4.984411e-01
7.175062e-01
6.177652e-01
1
6.300726e-01
8.247537e-01
5.982008e-01
0
0
4.731949e-01
6.701151e-02
0
0
6.837305e-01
4.845550e-01
0
0
3.504811e-02
0
5.180929e-02
3.581036e-03
0
0
0
0
0
0
0
0
0
1.883567e-01
5.345138e-02
3.821300e-01
0
0
0
0
0
0
0
3.430389e-01
0
0
7.212871e-01
6.923471e-01
0
0
0
1.108768e-03
6.168726e-01
3.178605e-01
1.508604e-01
0
0
0
0
0
0
7.085511e-02
0
1.491687e-01
0
0
5.051277e-01
5.363132e-01
0
0
1.355771e-01
5.670855e-01
4.883923e-01
5.989538e-01
5.296418e-01
6.704626e-01
0
0
0
0
0
0
4.244777e-01
5.975580e-01
2.297329e-01
7.339014e-02
0
0
0
0
0
0
0
0
2.853818e-01
1.986539e-01
0
0
0
0
3.442570e-01
3.529564e-01
7.526892e-01
4.457602e-01
3.322869e-01
2.232147e-02
3.780428e-01
2.919924e-01
0
0
0
0
3.185699e-01
1.806858e-01
0
0
0
0
3.887014e-01
3.205096e-01
4.257664e-01
4.700379e-01
6.300726e-01
1
7.098080e-01
7.062845e-01
0
0
4.727021e-01
4.744411e-01
0
0
4.541129e-01
4.042978e-01
0
0
0
0
0
0
0
0
1.267912e-01
0
0
9.822547e-03
0
0
0
0
0
0
0
3.407374e-02
0
0
0
0
0
2.723070e-01
0
0
4.507355e-01
3.579099e-01
8.361293e-02
0
0
0
3.887751e-01
1.486367e-01
0
0
0
0
0
0
0
0
0
0
0
0
2.869318e-01
3.207704e-01
2.237049e-03
0
3.062871e-02
2.935446e-01
1.726164e-01
1.732784e-01
4.948712e-01
2.968365e-01
0
0
0
0
0
0
3.056854e-01
4.073349e-01
2.530607e-02
3.432676e-01
2.166708e-02
2.339502e-01
0
0
0
7.796887e-03
9.540072e-02
0
0
9.683041e-02
1.097745e-01
0
0
0
2.063650e-01
8.441627e-02
8.564151e-01
5.624017e-01
3.482679e-01
1.706968e-01
4.747520e-01
5.242574e-01
1.234659e-01
0
2.646593e-01
1.388069e-01
3.447837e-01
2.639853e-01
0
0
0
0
6.086947e-01
5.500103e-01
4.078616e-01
4.124180e-01
8.247537e-01
7.098080e-01
1.000000e+00
8.016999e-01
0
0
2.313548e-01
2.604496e-02
0
0
5.357461e-01
4.231828e-01
0
0
0
0
0
0
0
0
0
0
0
0
0
0
0
0
0
9.310365e-02
0
0
0
0
0
0
0
4.323710e-01
0
0
4.443703e-01
5.773763e-01
0
0
0
0
5.364918e-01
4.481628e-01
0
0
0
0
0
0
0
0
0
0
0
0
1.594796e-01
3.591600e-01
0
0
0
4.575433e-01
4.677512e-01
4.717040e-01
5.192626e-01
4.946202e-01
0
0
0
0
0
0
4.346370e-01
5.265680e-01
2.765688e-01
2.301940e-01
0
0
0
0
0
0
2.436315e-03
0
1.609922e-01
2.598216e-01
0
0
0
6.728028e-02
1.634662e-02
2.920964e-01
6.143390e-01
4.629275e-01
1.603543e-02
2.591806e-01
7.755261e-02
3.332289e-01
0
6.878057e-02
0
0
1.025786e-01
4.012862e-02
8.763083e-02
2.028737e-01
0
0
6.826541e-01
6.876919e-01
1.384007e-01
1.672456e-01
5.982008e-01
7.062845e-01
8.016999e-01
1
0
3.826193e-02
2.366431e-01
1.192311e-01
0
0
1.697355e-01
2.024419e-01
0
0
0
0
0
0
0
0
0
0
0
0
0
0
0
0
0
7.005370e-02
0
0
0
1.920179e-01
0
0
0
4.076578e-01
0
0
5.001721e-02
3.658118e-01
0
0
0
0
2.487912e-01
3.386086e-01
0
0
0
0
0
0
2.243923e-02
0
0
0
0
0
0
1.896962e-01
0
0
0
4.052419e-01
3.032338e-01
9.553321e-02
3.067060e-01
1.940127e-01
0
0
1.135097e-02
0
0
0
4.342424e-01
2.138771e-01
2.428652e-01
1.806264e-01
2.514353e-01
0
0
0
0
0
2.354091e-01
0
6.520541e-02
3.675705e-01
0
0
4.130281e-01
5.124130e-01
0
0
0
0
0
0
0
0
0
8.998765e-02
0
0
0
0
5.715232e-01
5.139420e-01
2.933131e-01
1.732779e-01
0
0
0
0
0
0
0
0
1
8.349764e-01
0
0
5.915507e-01
5.759719e-01
0
0
3.770192e-01
2.992345e-01
1.867387e-01
3.110502e-01
2.321157e-01
3.207967e-01
4.420820e-01
4.474781e-01
1.049211e-01
2.831253e-01
5.454818e-01
3.149827e-01
4.591863e-01
4.549872e-01
0
0
1.029895e-01
1.014595e-01
3.161900e-01
2.882535e-01
2.814665e-01
6.021688e-01
1.597660e-01
1.597081e-01
4.862708e-01
0
4.463195e-01
4.204040e-01
0
0
0
0
4.081102e-01
3.619509e-03
0
0
0
2.874124e-01
3.540231e-01
7.154676e-02
0
0
3.647247e-01
2.946268e-01
7.257507e-01
0
5.624969e-01
2.669965e-01
0
0
4.131197e-01
1.618630e-02
0
0
0
0
0
0
3.334740e-01
4.368452e-01
5.240488e-01
5.804678e-02
3.683082e-01
4.444340e-01
0
0
0
0
1.686788e-02
9.965131e-03
3.156559e-01
1.181882e-01
1.696712e-01
2.464433e-01
9.155837e-02
6.638547e-01
0
0
1.121126e-01
3.543672e-01
4.198715e-01
5.303754e-01
0
0
0
0
0
0
0
0
0
2.984198e-01
0
0
0
0
5.602033e-01
5.249046e-01
2.753042e-01
1.017895e-01
0
1.325804e-01
0
0
0
0
0
3.826193e-02
8.349764e-01
1
0
0
2.754931e-01
4.507834e-01
0
0
1.423799e-01
2.473012e-01
3.548107e-02
3.059062e-01
0
1.045857e-01
4.742855e-01
4.702507e-01
1.178555e-01
2.551924e-01
5.330568e-01
3.273351e-01
3.745347e-01
3.004340e-01
0
0
1.632758e-01
6.342172e-02
2.850687e-01
3.162507e-01
1.070306e-01
7.033541e-01
8.153589e-02
1.597318e-01
3.340513e-01
0
5.065465e-01
4.111507e-01
0
0
0
0
1.973753e-01
0
0
0
0
3.255577e-02
1.001450e-01
0
0
0
2.430535e-01
1.843217e-01
6.837771e-01
0
5.619452e-01
2.818618e-01
0
0
4.355122e-01
2.562171e-02
0
1.031712e-02
0
0
0
0
3.059879e-01
5.025657e-01
5.466260e-01
9.121072e-03
2.033714e-01
2.354621e-01
0
0
0
0
1.864092e-01
1.317046e-01
2.045750e-01
0
2.215514e-01
3.189245e-01
3.089500e-01
4.735871e-01
0
0
2.028776e-01
3.694135e-01
0
0
6.895233e-01
2.103745e-01
4.374749e-01
4.506454e-03
5.080086e-01
0
1.793966e-01
0
3.202459e-01
0
0
0
3.718738e-01
0
0
0
1.005408e-01
1.833811e-01
1.456050e-01
1.086809e-01
6.103820e-01
5.458789e-01
4.731949e-01
4.727021e-01
2.313548e-01
2.366431e-01
0
0
1.000000e+00
6.811087e-01
0
0
2.538639e-01
5.465584e-02
1.963738e-01
0
2.558177e-01
2.303025e-02
1.538410e-01
0
0
0
0
0
0
0
0
0
0
1.553635e-01
1.233130e-01
1.381217e-01
0
0
0
0
0
0
0
0
0
0
3.804111e-01
7.283718e-02
8.407043e-02
0
0
0
3.253854e-01
0
2.414687e-01
0
5.212088e-02
4.839463e-03
0
0
1.975630e-02
2.709015e-01
0
0
2.226233e-01
0
4.766850e-01
1.707182e-01
0
0
1.591139e-01
2.267582e-01
0
5.530426e-02
5.383713e-02
1.582794e-01
1.404801e-01
0
4.787650e-02
0
0
0
9.675826e-02
1.446460e-01
5.851988e-02
1.837576e-01
0
2.686563e-01
0
0
0
0
0
0
0
0
3.949154e-02
4.462213e-02
4.868871e-04
0
4.651700e-01
4.269679e-01
2.120972e-01
0
3.708490e-01
0
0
0
0
0
0
0
1.818271e-01
1.810359e-01
0
0
0
5.688419e-02
2.156707e-01
0
3.065652e-01
4.479055e-01
6.701151e-02
4.744411e-01
2.604496e-02
1.192311e-01
0
0
6.811087e-01
1
0
0
5.188329e-02
0
0
0
0
0
0
0
2.639560e-01
3.300999e-01
5.078269e-01
2.667110e-01
1.270540e-01
3.394285e-01
2.739369e-01
1.221182e-01
9.925974e-02
0
2.325302e-03
0
1.492495e-01
0
0
0
0
0
0
0
1.281823e-01
1.005826e-01
1.904659e-01
0
4.330483e-01
1.832951e-01
0
0
2.569374e-01
0
0
0
0
0
2.697214e-01
7.906111e-02
0
1.084577e-02
0
0
3.367656e-01
2.833604e-03
2.254280e-01
0
0
0
0
0
0
0
1.114931e-01
0
0
0
0
0
0
0
1.480917e-01
0
9.759789e-02
3.888667e-01
0
5.059711e-01
0
0
0
1.197514e-01
0
0
0
0
1.110292e-01
1.603299e-01
7.472819e-02
3.156722e-01
0
0
0
0
0
0
0
0
0
0
0
0
0
0
1.983054e-01
3.243928e-01
8.910455e-02
0
5.501072e-02
4.466441e-02
0
0
0
0
0
0
5.915507e-01
2.754931e-01
0
0
1
7.252034e-01
0
0
2.287963e-01
7.662872e-02
3.158984e-01
0
3.176640e-01
5.117107e-01
2.844358e-01
2.299388e-01
2.511134e-01
2.668793e-01
2.530052e-01
2.824786e-01
3.238889e-01
2.069923e-01
0
0
0
0
0
0
1.693439e-01
3.952552e-01
3.323171e-01
3.867799e-01
4.346488e-01
0
1.904418e-01
4.037438e-01
0
0
1.678174e-01
2.622602e-01
3.533099e-01
0
0
0
3.129983e-01
3.756406e-01
3.336093e-01
1.885410e-01
1.469093e-01
4.276440e-01
1.486239e-01
0
2.300714e-01
0
1.466999e-01
8.127675e-02
0
0
0
0
0
0
0
0
0
0
0
0
2.585962e-01
0
6.248035e-01
6.419997e-01
4.855250e-02
0
3.933936e-01
2.941691e-01
1.407771e-01
0
0
3.322473e-01
0
0
0
5.463055e-01
7.507206e-02
1.344418e-02
0
1.510008e-01
0
3.929492e-01
0
0
0
0
0
1.195531e-01
0
0
0
1.641782e-01
0
0
0
0
2.031101e-01
4.413002e-01
2.372059e-01
1.763696e-01
9.172343e-02
1.271376e-01
0
0
0
0
0
0
5.759719e-01
4.507834e-01
0
0
7.252034e-01
1
0
0
3.018668e-01
3.063457e-01
1.477630e-01
1.357050e-01
2.859310e-01
6.390442e-01
1.340838e-01
7.855182e-02
3.926736e-02
2.013657e-01
1.037670e-01
2.071319e-02
4.801392e-02
1.133880e-01
0
0
0
0
0
0
1.079173e-01
4.998005e-01
1.347872e-01
3.839889e-01
2.825314e-01
0
1.788043e-01
3.749220e-01
0
0
0
2.801672e-01
4.570909e-01
2.239595e-01
0
9.464200e-02
1.767869e-01
5.328923e-01
2.573787e-01
1.561465e-01
0
3.986254e-01
1.452605e-01
0
1.411611e-01
5.669476e-02
0
1.252852e-01
0
0
0
3.398459e-02
0
0
5.943914e-03
0
0
0
0
1.959273e-01
1.673962e-01
2.822934e-01
3.766979e-01
3.916663e-01
0
0
1.920713e-01
0
3.897759e-01
0
6.633953e-02
5.217201e-01
0
0
0
2.773716e-01
0
6.440802e-02
5.450635e-02
3.346398e-01
0
0
3.395901e-01
1.694915e-01
6.217845e-01
3.048458e-01
5.773266e-01
0
4.768100e-01
3.021988e-01
4.679839e-01
0
3.879635e-01
3.062414e-02
4.623947e-01
3.181713e-01
0
0
0
0
2.347703e-01
2.727352e-01
5.458771e-01
4.638122e-01
6.837305e-01
4.541129e-01
5.357461e-01
1.697355e-01
0
0
2.538639e-01
5.188329e-02
0
0
1
8.867845e-01
4.167723e-02
0
2.746565e-01
0
3.616925e-01
2.156974e-01
0
0
0
0
0
0
0
0
0
1.534468e-01
0
3.002406e-01
0
0
0
0
0
0
0
2.490711e-01
0
0
7.987427e-01
5.255607e-01
4.099606e-01
1.992532e-01
0
0
4.672601e-01
2.458057e-01
1.824123e-01
2.093090e-02
0
0
2.332872e-01
0
0
0
0
2.635733e-01
0
0
5.650561e-01
5.739442e-01
0
1.132729e-01
2.789561e-01
1.203361e-01
5.460929e-01
6.748991e-01
6.044025e-01
6.509420e-01
0
0
0
0
0
0
2.642065e-01
6.622030e-01
2.031774e-01
2.831458e-01
0
0
0
1.751679e-01
0
0
0
0
1.981060e-01
0
0
0
0
0
4.764458e-02
3.590199e-01
4.162850e-01
1.893392e-01
2.923752e-01
1.091546e-01
1.630467e-01
1.473037e-01
1.672556e-01
0
2.604781e-01
1.299256e-01
2.411716e-01
3.100304e-01
0
0
0
0
3.113096e-01
3.496182e-01
2.917701e-01
2.440924e-01
4.845550e-01
4.042978e-01
4.231828e-01
2.024419e-01
0
0
5.465584e-02
0
0
0
8.867845e-01
1
0
4.161816e-02
2.827238e-01
0
2.783509e-01
3.139551e-01
0
0
0
0
0
0
0
0
0
0
0
1.036536e-01
0
0
0
0
0
0
0
3.843766e-01
0
0
5.942960e-01
5.031901e-01
4.881427e-01
4.793528e-01
0
0
1.722475e-01
3.189762e-01
9.503290e-02
1.047246e-01
0
0
2.917948e-01
1.477222e-01
0
0
0
1.821131e-01
0
1.123901e-01
3.786685e-01
5.723061e-01
0
2.819590e-01
2.163786e-01
0
6.089207e-01
5.475298e-01
5.869960e-01
5.441115e-01
0
0
0
9.344512e-02
0
0
3.230247e-01
5.899404e-01
2.899275e-01
3.586263e-01
0
4.290402e-02
0
4.672812e-01
0
0
3.694747e-02
0
0
0
0
0
0
0
1.008032e-01
0
0
0
6.712655e-02
0
1.169629e-01
0
1.782798e-01
0
0
0
9.044378e-02
0
1.847239e-01
1.284145e-02
0
4.738915e-01
0
0
1.573261e-01
0
0
0
0
0
3.770192e-01
1.423799e-01
1.963738e-01
0
2.287963e-01
3.018668e-01
4.167723e-02
0
1
6.908613e-01
5.449900e-01
6.168460e-01
8.197546e-01
5.780847e-01
0
0
0
0
0
0
0
0
0
0
0
2.135733e-01
0
0
7.730065e-02
0
0
0
0
0
0
0
0
0
4.207373e-03
2.323781e-03
4.922975e-01
5.324786e-01
0
0
3.943427e-01
5.338512e-01
3.948583e-01
3.149146e-01
6.363089e-02
0
9.977737e-02
1.851436e-01
1.016598e-01
0
2.801169e-01
0
1.447271e-01
0
1.933434e-01
5.121149e-02
1.234117e-01
0
0
3.384064e-01
0
2.705751e-01
6.413789e-01
4.624037e-01
5.124493e-01
0
0
0
0
1.698858e-01
0
0
0
2.165025e-01
4.508867e-01
2.899201e-01
0
0
0
7.728500e-02
0
0
1.046349e-01
2.853809e-01
0
9.058561e-02
0
0
0
0
0
0
7.670597e-02
0
0
0
8.299197e-02
0
2.276863e-01
0
0
0
0
3.346473e-01
0
0
6.042950e-02
0
0
0
0
0
2.992345e-01
2.473012e-01
0
0
7.662872e-02
3.063457e-01
0
4.161816e-02
6.908613e-01
1
4.553752e-01
7.302023e-01
5.832709e-01
5.889545e-01
0
0
0
5.031663e-02
0
0
0
0
0
0
0
1.725897e-01
0
0
0
0
0
0
0
0
0
8.524015e-03
0
0
1.231044e-02
1.029874e-01
3.494730e-01
4.450624e-01
0
1.780672e-02
1.816311e-01
5.568507e-01
2.613767e-01
2.574032e-01
0
0
0
0
0
0
3.667774e-01
0
6.173642e-02
0
2.221513e-01
1.338839e-01
6.320502e-02
0
0
1.927145e-01
7.454050e-02
3.457780e-01
5.701343e-01
4.131904e-01
6.212711e-01
5.896174e-02
0
0
0
3.387990e-01
0
0
0
2.513402e-01
1.561578e-01
2.261886e-01
0
2.341625e-01
1.467243e-01
9.575700e-03
0
0
1.026851e-01
1.328739e-01
0
0
5.089185e-02
0
7.546224e-02
0
1.035122e-01
0
7.066922e-02
0
1.089125e-01
0
2.092826e-01
0
1.898888e-01
0
0
0
0
0
0
0
1.944390e-02
0
3.504811e-02
0
0
0
1.867387e-01
3.548107e-02
2.558177e-01
0
3.158984e-01
1.477630e-01
2.746565e-01
2.827238e-01
5.449900e-01
4.553752e-01
1.000000e+00
4.603466e-01
6.835533e-01
4.614734e-01
0
0
0
0
0
0
0
0
0
0
0
2.285351e-01
0
0
0
1.703380e-02
2.254743e-02
0
1.183015e-01
0
3.786363e-03
1.520905e-01
1.531422e-01
0
1.345585e-01
1.641613e-01
2.440787e-01
0
0
0
3.631707e-01
3.704515e-01
1.980090e-01
7.193721e-02
2.998802e-01
2.085034e-01
0
0
0
0
4.451651e-01
2.234634e-01
2.876493e-01
0
3.170750e-01
3.496796e-01
5.160048e-01
6.875565e-02
0
3.454805e-01
0
2.443709e-01
7.260443e-02
1.462859e-01
5.295924e-01
0
0
1.658132e-01
0
3.421579e-01
0
2.617294e-01
0
2.371138e-01
0
9.273493e-02
0
8.737743e-02
5.925048e-02
0
0
0
0
2.174036e-01
2.334974e-02
1.404667e-01
0
0
0
0
0
0
1.664490e-01
0
9.536788e-02
0
1.362959e-01
1.538500e-01
1.758053e-01
0
0
0
0
1.769428e-01
0
0
7.399445e-02
0
0
0
0
0
3.110502e-01
3.059062e-01
2.303025e-02
0
0
1.357050e-01
0
0
6.168460e-01
7.302023e-01
4.603466e-01
1.000000e+00
4.819174e-01
4.357574e-01
0
0
0
0
0
0
0
0
0
6.056651e-03
0
2.635950e-01
0
1.427639e-01
0
0
0
0
0
0
1.621395e-02
4.563960e-02
0
3.949763e-02
0
1.333255e-02
3.226461e-01
3.670553e-01
0
0
1.501391e-01
3.894988e-01
2.178681e-01
3.212702e-01
0
0
0
3.858588e-02
0
2.153485e-01
3.444943e-01
2.004767e-02
1.953382e-01
1.403534e-02
2.932563e-01
2.741637e-01
3.360839e-01
2.415436e-01
0
0
0
2.610057e-01
6.238151e-01
5.478930e-01
5.963865e-01
7.245364e-03
0
0
0
4.178945e-02
0
0
0
1.734900e-01
3.191268e-01
2.560066e-01
2.115744e-01
3.321627e-01
2.869677e-01
0
0
0
1.467298e-01
2.823954e-01
0
0
2.379102e-01
0
0
0
3.447939e-01
0
2.536043e-01
0
2.992783e-01
0
1.662242e-01
0
2.457148e-01
0
0
0
0
1.903501e-01
0
0
2.715680e-01
2.616456e-02
5.180929e-02
0
0
0
2.321157e-01
0
1.538410e-01
0
3.176640e-01
2.859310e-01
3.616925e-01
2.783509e-01
8.197546e-01
5.832709e-01
6.835533e-01
4.819174e-01
1
6.246793e-01
0
0
0
0
0
0
0
0
0
0
0
3.389198e-01
0
0
0
0
0
0
0
0
0
0
2.740781e-01
0
2.640872e-01
1.574652e-01
3.235059e-01
4.105018e-01
0
0
5.215700e-01
5.996059e-01
4.511972e-01
3.434469e-01
1.183491e-01
0
0
6.727398e-02
0
6.230207e-02
1.088649e-01
0
3.701157e-01
0
0
1.744877e-01
2.055775e-01
0
5.667438e-02
5.951970e-01
7.574014e-02
4.158575e-01
4.311480e-01
2.142516e-01
4.177006e-01
0
0
0
0
4.383331e-01
0
3.113459e-02
0
6.707267e-02
1.141966e-01
2.950665e-01
0
0
0
0
0
0
0
8.179070e-02
0
2.532026e-01
0
0
1.439271e-02
0
9.947610e-02
0
6.189606e-02
0
1.085512e-01
0
3.483351e-01
0
2.627615e-01
0
0
8.698282e-02
0
1.130688e-01
1.455569e-02
1.994810e-01
0
0
3.581036e-03
0
0
0
3.207967e-01
1.045857e-01
0
0
5.117107e-01
6.390442e-01
2.156974e-01
3.139551e-01
5.780847e-01
5.889545e-01
4.614734e-01
4.357574e-01
6.246793e-01
1.000000e+00
0
0
0
0
0
0
0
0
0
0
0
1.000885e-01
0
0
0
0
0
0
0
0
0
0
0
1.719380e-01
0
1.512655e-01
3.072998e-01
3.855285e-01
0
2.860880e-01
3.593454e-01
6.799020e-01
2.770378e-01
2.648003e-01
0
0
0
0
0
3.594827e-01
0
4.034430e-02
0
8.493276e-02
0
9.395432e-02
1.324483e-01
0
8.148307e-02
3.528784e-01
8.646861e-03
3.936975e-01
1.592514e-01
2.149348e-01
3.913632e-01
2.063500e-01
0
1.660973e-01
0
3.871909e-01
5.115621e-02
5.503869e-02
0
0
0
5.355131e-01
0
0
4.165456e-02
7.921392e-02
0
0
0
0
2.072975e-01
0
0
0
0
0
0
0
0
0
0
3.905564e-02
0
0
0
0
4.240075e-01
3.084219e-01
7.399811e-02
0
4.706762e-02
0
0
0
0
0
0
0
4.420820e-01
4.742855e-01
0
2.639560e-01
2.844358e-01
1.340838e-01
0
0
0
0
0
0
0
0
1
9.596871e-01
7.547762e-01
8.259051e-01
9.363297e-01
9.614232e-01
8.692548e-01
7.165120e-01
9.231151e-02
0
0
0
5.105354e-01
4.555094e-01
9.624669e-02
2.621113e-01
2.158798e-01
7.031000e-02
4.364872e-01
0
5.829553e-01
4.068103e-01
0
0
4.942487e-02
0
0
0
0
0
0
0
0
0
4.969793e-03
8.933227e-02
3.335306e-01
1.055191e-01
5.927255e-01
0
4.072995e-01
2.161482e-01
0
0
2.405087e-01
1.432509e-02
0
0
0
0
0
0
1.617468e-01
1.064087e-01
1.321600e-01
0
5.096590e-01
1.157413e-01
0
0
0
5.659709e-02
2.474677e-01
3.265209e-01
1.814601e-01
0
1.826657e-01
1.662690e-01
0
4.904390e-01
0
0
3.947077e-01
3.288368e-01
2.136851e-01
0
0
0
0
0
0
0
0
0
0
0
0
0
0
0
2.905266e-01
1.610573e-01
4.124677e-02
0
0
0
0
0
0
0
0
0
4.474781e-01
4.702507e-01
0
3.300999e-01
2.299388e-01
7.855182e-02
0
0
0
0
0
0
0
0
9.596871e-01
1
8.192521e-01
8.803968e-01
8.819918e-01
9.167636e-01
8.298913e-01
7.352811e-01
4.925640e-02
0
0
0
5.611456e-01
4.848951e-01
0
1.749387e-01
1.915518e-01
1.161077e-02
4.593033e-01
0
6.628980e-01
4.722348e-01
0
0
1.259952e-01
6.723277e-02
0
0
0
0
0
0
0
0
8.487186e-02
7.710730e-02
2.361962e-01
7.316244e-02
5.513777e-01
0
5.277511e-01
2.791849e-01
0
0
3.549684e-01
1.796130e-01
0
0
0
0
0
0
2.211574e-01
1.402176e-01
2.097520e-01
0
4.143150e-01
3.714368e-02
0
0
0
5.602788e-02
1.885457e-01
4.235692e-01
2.398337e-01
0
2.042631e-01
2.630921e-01
0
3.604133e-01
0
0
4.024335e-01
4.470307e-01
0
0
0
1.284543e-01
0
0
0
0
0
0
0
0
0
0
0
0
0
0
0
0
1.101506e-01
0
0
0
0
1.267912e-01
0
0
1.049211e-01
1.178555e-01
0
5.078269e-01
2.511134e-01
3.926736e-02
0
0
0
0
0
0
0
0
7.547762e-01
8.192521e-01
1
9.019684e-01
5.387549e-01
7.799430e-01
5.966034e-01
4.872681e-01
0
0
0
0
3.863326e-01
2.367141e-01
0
0
2.284044e-01
2.663415e-02
3.793795e-01
0
5.449209e-01
5.005548e-01
0
0
5.294465e-01
4.631184e-01
0
0
0
0
0
0
0
0
3.563400e-01
3.320872e-01
0
0
1.084821e-01
0
4.095211e-01
3.623738e-01
0
0
2.736996e-01
3.716474e-01
0
0
0
0
0
0
0
0
1.180997e-01
0
3.938937e-01
0
0
0
3.939619e-02
4.536427e-01
1.860097e-01
5.352334e-01
2.503199e-02
1.192207e-01
0
1.956086e-01
0
9.626479e-02
0
0
2.445678e-01
3.955775e-01
6.119350e-02
0
0
0
0
0
0
5.179128e-02
0
0
0
0
0
0
0
0
0
0
0
0
0
0
0
0
0
0
0
0
2.831253e-01
2.551924e-01
0
2.667110e-01
2.668793e-01
2.013657e-01
0
0
0
5.031663e-02
0
0
0
0
8.259051e-01
8.803968e-01
9.019684e-01
1
6.755165e-01
8.072928e-01
6.511864e-01
6.343280e-01
0
0
0
0
3.647835e-01
3.018155e-01
0
1.697293e-02
2.297929e-01
8.255579e-02
3.894723e-01
0
6.311393e-01
5.652263e-01
0
0
4.137992e-01
4.472148e-01
9.167152e-02
0
0
0
0
0
8.694006e-02
4.634913e-02
2.122564e-01
2.769031e-01
7.654160e-03
0
2.468611e-01
0
3.771496e-01
2.911316e-01
0
0
3.127147e-01
3.400171e-01
0
0
0
0
0
0
2.010913e-01
1.678283e-01
1.349466e-01
0
3.952864e-01
0
0
0
0
2.754363e-01
3.184533e-01
4.489638e-01
2.903359e-01
2.510506e-01
1.470307e-01
2.413416e-01
0
2.226347e-01
0
0
4.466924e-01
4.639194e-01
3.002182e-01
1.510967e-02
0
0
0
0
0
0
0
0
0
5.656874e-02
0
0
0
0
5.996779e-01
4.542494e-01
2.861831e-01
7.210982e-02
0
0
0
0
0
0
0
0
5.454818e-01
5.330568e-01
0
1.270540e-01
2.530052e-01
1.037670e-01
0
0
0
0
0
0
0
0
9.363297e-01
8.819918e-01
5.387549e-01
6.755165e-01
1
8.913548e-01
8.915037e-01
8.129804e-01
2.163937e-01
0
6.749448e-02
0
5.455924e-01
5.333297e-01
2.937444e-01
3.545252e-01
2.067397e-01
2.550787e-02
4.059859e-01
0
5.352188e-01
2.560913e-01
0
0
0
0
1.978208e-02
0
6.118529e-02
0
0
0
1.146928e-01
0
0
0
5.230320e-01
3.267364e-01
7.417616e-01
0
3.618678e-01
2.949070e-02
0
0
2.587248e-01
0
0
0
0
0
0
0
2.901618e-01
1.517623e-01
9.836761e-02
0
4.862403e-01
1.760086e-01
0
0
0
0
2.541470e-01
1.807125e-01
3.023314e-01
0
2.233608e-01
1.055416e-01
0
6.129133e-01
1.468558e-01
5.724877e-02
4.207508e-01
2.685670e-01
9.831439e-02
0
0
0
0
0
0
0
0
0
0
0
0
0
0
0
3.229030e-01
1.983356e-01
6.309176e-04
0
9.870259e-02
0
0
0
0
9.822547e-03
0
0
3.149827e-01
3.273351e-01
0
3.394285e-01
2.824786e-01
2.071319e-02
0
0
0
0
0
0
0
0
9.614232e-01
9.167636e-01
7.799430e-01
8.072928e-01
8.913548e-01
1
8.674136e-01
6.875547e-01
1.238243e-01
0
0
0
5.072124e-01
4.974251e-01
4.060853e-02
1.124170e-01
2.237020e-01
4.042059e-02
3.421808e-01
0
4.891925e-01
3.278239e-01
0
0
1.594967e-01
5.154092e-02
0
0
1.184157e-01
0
0
0
0
0
0
3.148603e-02
2.722690e-01
1.040407e-01
4.918548e-01
0
3.235867e-01
1.037285e-01
0
0
1.420654e-01
0
0
0
0
0
0
0
1.681115e-01
9.302313e-03
9.760005e-02
0
4.660673e-01
7.072415e-02
0
0
0
1.544725e-01
2.835172e-01
3.158485e-01
1.008752e-01
0
1.378445e-01
1.272165e-01
0
4.532380e-01
7.278056e-02
1.995428e-02
3.626410e-01
2.350956e-01
3.595901e-01
6.178445e-02
0
0
0
0
0
0
0
0
0
1.854574e-02
0
0
0
0
4.592923e-01
3.823862e-01
2.274077e-01
0
0
0
0
0
0
0
0
0
4.591863e-01
3.745347e-01
0
2.739369e-01
3.238889e-01
4.801392e-02
0
0
0
0
0
0
0
0
8.692548e-01
8.298913e-01
5.966034e-01
6.511864e-01
8.915037e-01
8.674136e-01
1.000000e+00
8.436245e-01
4.460707e-01
8.458608e-02
1.901860e-01
0
6.789728e-01
5.631813e-01
2.554796e-01
2.821503e-01
3.343619e-01
1.012826e-01
5.116050e-01
0
5.301718e-01
3.735692e-01
0
0
2.081578e-02
0
0
0
6.051177e-02
0
0
0
4.979488e-02
0
0
6.345933e-02
4.833458e-01
2.964042e-01
6.198428e-01
0
3.622346e-01
1.417142e-01
0
0
1.395914e-01
0
0
0
0
0
0
0
0
0
0
0
5.330980e-01
2.996376e-01
0
0
0
6.275153e-03
1.627259e-01
1.189845e-01
4.166351e-02
0
2.078398e-01
1.907023e-01
0
5.589393e-01
1.593880e-01
8.132309e-02
2.443723e-01
1.717882e-01
1.707613e-01
0
3.755300e-02
0
0
0
8.714102e-03
0
0
0
0
0
0
0
0
0
3.158849e-01
3.588893e-01
4.337974e-01
1.065772e-01
0
0
0
0
0
0
0
0
4.549872e-01
3.004340e-01
0
1.221182e-01
2.069923e-01
1.133880e-01
0
0
0
0
0
0
0
0
7.165120e-01
7.352811e-01
4.872681e-01
6.343280e-01
8.129804e-01
6.875547e-01
8.436245e-01
1
2.510336e-01
1.695537e-01
7.756498e-02
0
5.195794e-01
4.735503e-01
1.842945e-01
1.290700e-01
7.137506e-02
0
3.724477e-01
0
3.814672e-01
1.558363e-01
0
0
5.290001e-02
0
0
0
9.992601e-02
0
0
0
3.983882e-01
8.846448e-02
0
0
5.591458e-01
4.259530e-01
5.064037e-01
0
2.541632e-01
2.047900e-03
0
0
2.277156e-01
0
0
0
0
0
0
0
1.649423e-01
6.460478e-03
0
5.300740e-02
3.155717e-01
1.042862e-01
0
0
0
0
1.941090e-01
4.356154e-02
2.814018e-01
0
2.007507e-01
1.035871e-01
0
3.847440e-01
1.605508e-02
1.664400e-01
4.116204e-01
2.602999e-01
4.686943e-01
2.925891e-01
0
1.322585e-01
0
1.914952e-01
0
0
0
2.280610e-01
2.401321e-01
1.475309e-01
0
0
0
0
2.976179e-01
1.487284e-01
6.897271e-02
0
0
0
0
0
0
0
0
0
0
0
0
9.925974e-02
0
0
0
0
0
0
0
0
0
0
9.231151e-02
4.925640e-02
0
0
2.163937e-01
1.238243e-01
4.460707e-01
2.510336e-01
1
7.174551e-01
8.533883e-01
4.116957e-01
7.053327e-01
4.901974e-01
3.556562e-01
1.504646e-01
4.169677e-01
1.612098e-01
2.049836e-01
9.641172e-02
1.701341e-01
2.251899e-02
0
0
0
0
0
0
9.765790e-02
0
0
0
0
0
0
0
2.031149e-01
1.595467e-01
2.629877e-01
1.337719e-01
0
1.181796e-01
0
7.501682e-02
0
0
2.055721e-01
2.266130e-01
0
0
0
0
0
0
0
1.743053e-01
2.526860e-01
2.479178e-01
6.205042e-02
0
0
0
0
0
0
0
8.303988e-02
2.192579e-01
5.977545e-02
3.625210e-01
4.513147e-01
1.579619e-01
0
0
1.366285e-01
2.697588e-01
3.435621e-01
0
3.318215e-02
2.126404e-01
2.714667e-01
0
1.397526e-01
2.103630e-01
5.689233e-01
0
2.179228e-01
0
2.073145e-01
0
2.937689e-03
0
1.953395e-01
0
0
0
3.356556e-01
2.602152e-01
1.883567e-01
0
0
0
0
0
1.553635e-01
0
0
0
1.534468e-01
0
0
0
0
6.056651e-03
0
0
0
0
0
0
0
0
8.458608e-02
1.695537e-01
7.174551e-01
1.000000e+00
7.463724e-01
6.918271e-01
3.865825e-01
3.908610e-01
1.541557e-01
0
4.242844e-02
0
0
1.292252e-02
0
0
3.414247e-01
2.325810e-01
0
0
0
5.702885e-02
2.639532e-01
0
2.314922e-01
9.559438e-02
3.012195e-01
1.718030e-01
0
0
1.084934e-01
3.600738e-01
0
4.367927e-01
0
0
4.185299e-01
3.865920e-01
0
0
3.888968e-01
4.361441e-01
0
0
0
0
0
0
0
2.659279e-01
0
2.219393e-03
0
0
0
0
0
0
0
0
0
1.560451e-01
0
1.009805e-01
3.995540e-01
1.973630e-01
0
0
3.956201e-01
4.355919e-01
9.278183e-02
0
0
1.874096e-01
0
0
0
1.942750e-01
3.675052e-01
1.668352e-01
0
0
0
0
3.849830e-01
2.129906e-01
2.238319e-01
0
0
1.298134e-02
7.068512e-02
0
5.345138e-02
0
0
0
1.029895e-01
1.632758e-01
1.233130e-01
2.325302e-03
0
0
0
0
0
0
0
0
0
0
0
0
0
0
6.749448e-02
0
1.901860e-01
7.756498e-02
8.533883e-01
7.463724e-01
1
6.339628e-01
5.689024e-01
3.878159e-01
3.214995e-01
2.719634e-01
3.735205e-01
1.526970e-01
1.418318e-01
6.588691e-02
1.717564e-01
0
0
0
0
0
0
0
0
0
0
0
1.531645e-02
0
0
0
1.922898e-01
2.776839e-01
3.395933e-01
1.820076e-01
4.127708e-02
4.703566e-02
1.049377e-01
1.460399e-01
0
0
3.668943e-01
5.089508e-01
0
0
0
0
0
0
0
1.305639e-01
5.851579e-02
1.154955e-01
0
0
0
0
0
0
0
0
3.227605e-02
1.603855e-01
1.665396e-01
2.626397e-01
2.702300e-01
8.996195e-02
0
0
0
3.004951e-01
2.394912e-01
0
1.556568e-01
1.737042e-01
1.394233e-01
0
1.989131e-01
1.764993e-01
5.635218e-01
0
2.243877e-01
0
2.072139e-01
0
2.298945e-01
1.263880e-01
2.797145e-02
0
0
2.133212e-01
3.711279e-01
7.002608e-02
3.821300e-01
0
9.310365e-02
7.005370e-02
1.014595e-01
6.342172e-02
1.381217e-01
0
0
0
3.002406e-01
1.036536e-01
2.135733e-01
1.725897e-01
2.285351e-01
2.635950e-01
3.389198e-01
1.000885e-01
0
0
0
0
0
0
0
0
4.116957e-01
6.918271e-01
6.339628e-01
1
1.675242e-01
2.588422e-01
2.326137e-01
7.791577e-02
0
0
0
0
0
0
2.864376e-01
1.736907e-01
0
0
8.592668e-03
1.113949e-01
1.240791e-01
0
2.124598e-01
2.336902e-01
2.680355e-01
2.285823e-02
0
0
7.403899e-03
2.359060e-01
1.581685e-01
1.845780e-01
0
0
3.465626e-01
1.664415e-01
0
0
3.485280e-01
5.556794e-01
0
3.124053e-01
0
3.274336e-01
1.774087e-01
1.233671e-01
1.856921e-01
1.933516e-01
0
1.874460e-02
0
7.737048e-02
0
0
0
0
0
0
0
0
1.060260e-01
2.861827e-01
3.633370e-01
3.502812e-04
0
0
3.791751e-01
0
0
0
0
0
0
0
0
0
0
6.388136e-02
0
0
0
0
2.941522e-01
8.604749e-02
0
0
0
0
0
0
0
0
0
0
3.161900e-01
2.850687e-01
0
1.492495e-01
0
0
0
0
0
0
0
0
0
0
5.105354e-01
5.611456e-01
3.863326e-01
3.647835e-01
5.455924e-01
5.072124e-01
6.789728e-01
5.195794e-01
7.053327e-01
3.865825e-01
5.689024e-01
1.675242e-01
1
7.960456e-01
1.850951e-01
1.335500e-01
4.097154e-01
2.803224e-02
4.497289e-01
0
5.105720e-01
3.012670e-01
0
0
0
0
0
0
0
0
0
0
0
0
1.027882e-01
0
2.123259e-01
1.429876e-01
5.536037e-01
0
4.515131e-01
4.819936e-01
0
0
3.346205e-01
1.718137e-01
1.165053e-01
0
0
0
0
0
0
9.846230e-02
1.483460e-01
1.587826e-02
3.142181e-01
1.615130e-01
0
0
0
0
0
1.119976e-01
1.118475e-01
0
2.329216e-01
5.197885e-01
7.813058e-02
4.638819e-01
1.654750e-01
0
8.899390e-03
0
3.125533e-01
0
0
0
0
0
0
0
2.452924e-01
2.200189e-02
0
8.831522e-02
0
2.043551e-02
2.223910e-02
0
2.389230e-01
0
0
0
0
0
0
0
0
3.407374e-02
0
0
2.882535e-01
3.162507e-01
0
0
0
0
0
0
0
0
0
1.427639e-01
0
0
4.555094e-01
4.848951e-01
2.367141e-01
3.018155e-01
5.333297e-01
4.974251e-01
5.631813e-01
4.735503e-01
4.901974e-01
3.908610e-01
3.878159e-01
2.588422e-01
7.960456e-01
1
1.777338e-01
1.957634e-02
1.151688e-01
0
2.189171e-01
0
3.057152e-01
1.202406e-01
0
0
0
0
0
0
5.520636e-02
0
0
0
0
0
0
0
1.684519e-01
3.144488e-01
5.322737e-01
0
4.367051e-01
1.950387e-01
0
0
4.452524e-01
5.768026e-02
6.887410e-02
6.871940e-02
0
0
0
0
2.431670e-01
2.856090e-01
1.752012e-01
5.395494e-02
0
3.840728e-02
0
0
0
0
0
1.050494e-01
2.118151e-01
0
4.206493e-01
6.110751e-01
2.311699e-01
3.843703e-01
2.878774e-01
5.246054e-02
2.418117e-01
0
4.325735e-01
2.259583e-01
0
0
0
1.597367e-02
0
1.604783e-01
0
1.544692e-01
0
2.887574e-01
0
0
0
0
6.613847e-01
4.123366e-01
1.076804e-01
2.294870e-01
0
0
0
0
0
0
0
0
2.814665e-01
1.070306e-01
0
0
1.693439e-01
1.079173e-01
0
0
7.730065e-02
0
0
0
0
0
9.624669e-02
0
0
0
2.937444e-01
4.060853e-02
2.554796e-01
1.842945e-01
3.556562e-01
1.541557e-01
3.214995e-01
2.326137e-01
1.850951e-01
1.777338e-01
1.000000e+00
5.624409e-01
5.383671e-01
4.500501e-01
3.521325e-01
7.708667e-02
2.646189e-01
1.333040e-01
0
0
0
0
5.903511e-01
4.209898e-01
0
0
7.696155e-02
1.511119e-01
1.091126e-01
5.421552e-02
0
2.076231e-01
5.441696e-01
2.018151e-01
5.657057e-01
0
0
0
0
0
8.776162e-02
0
3.170189e-02
9.744789e-03
1.261173e-01
0
0
0
4.521672e-02
1.920882e-01
0
3.443217e-01
4.699302e-01
5.790527e-01
2.616954e-01
0
2.421284e-01
0
1.799213e-01
0
4.048824e-01
0
1.825224e-01
0
2.287785e-01
6.285353e-01
5.064909e-01
1.259371e-01
1.483476e-01
0
5.050768e-01
6.224504e-01
0
0
0
0
0
1.377726e-01
0
0
0
4.545494e-01
0
0
0
0
6.530243e-01
6.485390e-01
2.667506e-01
1.271935e-01
5.868838e-02
1.382106e-01
0
0
0
0
0
1.920179e-01
6.021688e-01
7.033541e-01
0
0
3.952552e-01
4.998005e-01
0
0
0
0
1.703380e-02
0
0
0
2.621113e-01
1.749387e-01
0
1.697293e-02
3.545252e-01
1.124170e-01
2.821503e-01
1.290700e-01
1.504646e-01
0
2.719634e-01
7.791577e-02
1.335500e-01
1.957634e-02
5.624409e-01
1
4.906942e-01
5.747004e-01
5.205883e-01
3.836740e-02
5.123105e-01
4.461242e-01
0
0
0
0
4.307471e-01
0
0
0
0
1.189076e-01
9.189126e-02
0
0
3.671414e-01
3.485621e-01
0
6.318324e-01
0
2.511576e-01
1.314713e-01
0
0
2.592420e-01
0
0
9.476254e-02
0
0
0
0
0
2.210480e-01
1.515691e-01
1.566687e-01
5.375665e-01
6.185688e-01
6.567887e-02
0
1.314932e-01
0
3.249548e-01
0
9.782188e-02
0
3.100324e-02
0
2.677203e-01
5.706899e-01
0
1.994023e-01
1.924672e-02
2.384439e-01
3.482470e-01
4.244888e-02
0
2.686657e-01
0
0
0
1.905615e-01
0
0
0
3.260824e-01
0
0
0
0
2.610179e-01
0
0
0
0
0
0
0
0
0
0
0
1.597660e-01
8.153589e-02
0
0
3.323171e-01
1.347872e-01
0
0
0
0
2.254743e-02
0
0
0
2.158798e-01
1.915518e-01
2.284044e-01
2.297929e-01
2.067397e-01
2.237020e-01
3.343619e-01
7.137506e-02
4.169677e-01
4.242844e-02
3.735205e-01
0
4.097154e-01
1.151688e-01
5.383671e-01
4.906942e-01
1
8.380753e-01
6.687575e-01
1.560317e-01
7.047541e-01
6.320363e-01
0
0
6.892291e-02
2.831165e-01
4.184314e-01
0
0
0
3.235862e-02
2.504098e-03
0
3.336755e-02
2.175766e-01
5.799786e-01
0
0
3.698171e-01
0
5.492848e-02
2.231903e-01
0
0
2.037820e-02
0
1.858879e-01
0
9.996919e-02
0
0
0
0
3.391378e-02
0
1.406259e-01
6.763831e-01
4.641878e-01
3.736644e-01
0
4.092987e-01
2.303916e-01
3.245799e-01
1.038510e-01
1.779375e-01
1.507418e-01
0
1.710907e-02
2.528212e-01
4.327845e-01
1.079995e-01
2.627626e-02
0
2.363118e-01
3.943405e-01
2.513082e-01
0
3.662281e-01
0
0
0
5.157035e-01
0
0
0
5.833930e-01
0
1.082022e-01
0
0
2.421891e-01
4.501698e-02
0
0
4.799454e-02
0
0
0
0
0
0
0
1.597081e-01
1.597318e-01
0
0
3.867799e-01
3.839889e-01
0
0
0
0
0
0
0
0
7.031000e-02
1.161077e-02
2.663415e-02
8.255579e-02
2.550787e-02
4.042059e-02
1.012826e-01
0
1.612098e-01
0
1.526970e-01
0
2.803224e-02
0
4.500501e-01
5.747004e-01
8.380753e-01
1.000000e+00
5.823012e-01
4.278732e-01
5.584665e-01
6.877543e-01
0
0
0
3.232137e-01
4.711767e-01
0
0
0
1.055769e-02
9.120259e-02
0
0
1.077622e-01
6.333769e-01
0
0
2.189898e-01
0
0
1.975483e-01
0
0
0
0
1.472654e-01
0
1.784078e-01
0
0
0
0
4.300723e-02
0
2.184452e-01
5.801497e-01
5.471485e-01
4.323396e-01
0
5.501220e-01
2.081461e-01
3.506081e-01
0
1.299232e-01
3.496452e-01
1.604612e-02
0
4.383267e-01
2.922412e-01
6.547465e-02
3.529165e-02
0
2.488829e-01
3.778083e-01
1.295947e-01
0
0
0
0
0
1.349098e-01
0
0
0
3.726264e-01
0
0
0
0
3.078344e-01
1.933422e-01
0
0
0
0
0
0
0
0
0
0
4.862708e-01
3.340513e-01
0
0
4.346488e-01
2.825314e-01
0
0
0
0
1.183015e-01
0
0
0
4.364872e-01
4.593033e-01
3.793795e-01
3.894723e-01
4.059859e-01
3.421808e-01
5.116050e-01
3.724477e-01
2.049836e-01
0
1.418318e-01
0
4.497289e-01
2.189171e-01
3.521325e-01
5.205883e-01
6.687575e-01
5.823012e-01
1
0
7.168900e-01
6.484850e-01
0
0
0
9.362214e-02
3.125845e-01
0
0
0
0
0
3.488164e-02
0
2.777058e-01
4.856948e-01
6.108407e-02
0
5.955055e-01
0
2.785270e-01
4.669801e-01
0
0
2.385993e-01
2.541584e-01
0
0
0
0
0
0
0
8.046521e-02
0
1.393863e-01
6.251165e-01
5.500998e-01
0
0
1.142549e-01
0
0
1.460625e-01
1.956888e-01
1.046476e-01
0
1.072509e-01
5.745953e-02
4.477685e-01
0
0
0
4.737607e-01
2.193566e-01
1.086936e-01
0
4.614773e-01
2.256463e-01
3.227995e-01
0
7.174010e-01
0
3.725502e-01
4.775044e-02
5.034634e-01
3.202765e-01
5.660840e-01
1.569339e-02
3.311170e-01
0
0
0
0
1.491103e-01
1.878488e-01
0
1.896859e-02
3.430389e-01
2.723070e-01
4.323710e-01
4.076578e-01
0
0
0
0
0
0
2.490711e-01
3.843766e-01
0
0
0
0
0
0
0
0
0
0
0
0
0
0
9.641172e-02
1.292252e-02
6.588691e-02
0
0
0
7.708667e-02
3.836740e-02
1.560317e-01
4.278732e-01
0
1
0
1.171586e-01
1.145928e-01
6.773440e-01
0
5.951190e-02
4.513782e-02
0
0
2.228205e-01
0
0
0
0
1.050219e-01
2.258115e-01
0
0
0
1.233664e-01
0
1.705576e-01
4.006396e-03
5.635940e-01
0
3.765072e-02
4.376700e-01
4.247622e-01
3.980760e-01
0
1.937834e-01
1.805058e-01
0
0
0
2.995012e-01
0
1.101020e-01
4.197091e-01
1.364072e-01
3.423421e-01
1.854751e-01
0
0
0
8.168247e-02
5.322915e-02
2.042978e-01
5.920474e-01
0
1.680039e-01
5.920977e-02
0
0
4.792936e-01
2.319287e-03
0
0
0
0
0
1.112267e-01
0
0
0
3.491756e-01
0
0
0
0
2.846603e-01
5.317953e-03
0
7.324031e-02
0
0
0
0
0
0
0
0
4.463195e-01
5.065465e-01
0
1.281823e-01
1.904418e-01
1.788043e-01
0
0
0
0
3.786363e-03
1.621395e-02
0
0
5.829553e-01
6.628980e-01
5.449209e-01
6.311393e-01
5.352188e-01
4.891925e-01
5.301718e-01
3.814672e-01
1.701341e-01
0
1.717564e-01
0
5.105720e-01
3.057152e-01
2.646189e-01
5.123105e-01
7.047541e-01
5.584665e-01
7.168900e-01
0
1
8.127983e-01
0
0
0
1.954226e-01
3.719256e-01
0
0
0
0
0
2.375070e-02
0
1.629564e-01
4.134042e-01
2.194165e-02
0
5.724264e-01
0
5.198038e-01
3.744381e-01
0
0
4.159867e-01
2.148466e-01
0
0
0
0
0
0
8.300272e-02
3.130258e-01
1.603048e-01
0
4.922983e-01
1.961341e-01
0
0
0
2.323863e-02
3.239619e-01
4.706452e-01
4.064179e-01
4.631853e-02
1.787778e-01
3.182918e-01
2.345988e-01
3.105558e-01
0
0
2.972956e-01
6.624303e-01
5.199901e-01
1.301572e-01
0
2.168026e-01
0
0
0
3.873938e-01
0
0
0
3.804777e-01
0
4.685009e-02
0
0
6.341997e-02
0
0
1.814145e-03
0
0
0
0
0
0
0
0
4.204040e-01
4.111507e-01
0
1.005826e-01
4.037438e-01
3.749220e-01
0
0
0
8.524015e-03
1.520905e-01
4.563960e-02
0
0
4.068103e-01
4.722348e-01
5.005548e-01
5.652263e-01
2.560913e-01
3.278239e-01
3.735692e-01
1.558363e-01
2.251899e-02
0
0
0
3.012670e-01
1.202406e-01
1.333040e-01
4.461242e-01
6.320363e-01
6.877543e-01
6.484850e-01
1.171586e-01
8.127983e-01
1
0
0
6.693405e-02
4.059822e-01
3.603515e-01
0
0
0
0
3.275530e-02
0
2.912139e-04
2.487939e-01
5.807002e-01
0
0
2.664113e-01
0
4.781777e-01
5.444563e-01
0
0
3.621471e-01
3.006310e-01
8.468874e-02
0
0
0
0
0
0
1.879794e-01
2.463098e-01
2.874500e-02
4.662193e-01
3.682698e-01
0
0
1.716011e-01
3.178864e-01
1.863275e-01
3.207373e-01
1.908218e-01
2.464335e-01
2.421834e-01
4.592212e-01
3.690553e-01
2.233769e-01
0
0
1.272073e-01
5.168197e-01
0
0
6.973551e-01
9.966742e-02
6.780634e-01
4.144747e-01
8.129758e-01
0
5.793471e-01
3.643341e-01
5.927746e-01
0
4.872313e-01
1.753064e-02
6.101640e-01
4.551680e-01
0
0
0
0
2.011555e-02
1.136564e-01
8.474320e-01
7.657246e-01
7.212871e-01
4.507355e-01
4.443703e-01
5.001721e-02
0
0
3.804111e-01
1.904659e-01
0
0
7.987427e-01
5.942960e-01
0
0
1.531422e-01
0
2.740781e-01
0
0
0
0
0
0
0
0
0
0
3.414247e-01
0
2.864376e-01
0
0
0
0
0
0
0
1.145928e-01
0
0
1
6.260703e-01
3.759008e-01
2.509416e-02
0
9.482733e-02
6.112526e-01
2.638537e-01
2.996840e-01
0
1.089761e-04
1.100497e-02
9.011405e-02
0
0
4.800998e-02
0
2.228279e-01
0
0
8.637323e-01
6.188619e-01
0
0
2.301534e-01
2.783769e-01
3.932524e-01
6.542544e-01
6.729775e-01
6.606551e-01
0
0
0
0
0
0
1.459893e-01
7.174217e-01
0
7.936338e-02
0
0
0
0
0
0
0
0
9.781274e-02
0
0
0
0
1.063334e-01
2.258151e-01
2.057325e-01
5.909808e-01
5.232802e-01
3.057955e-01
2.942810e-01
3.286474e-01
5.359371e-01
3.837379e-01
1.602695e-01
6.590682e-01
4.792113e-01
4.643036e-01
5.971393e-01
0
0
0
0
1.786227e-01
3.965157e-01
4.597355e-01
4.694761e-01
6.923471e-01
3.579099e-01
5.773763e-01
3.658118e-01
0
0
7.283718e-02
0
0
0
5.255607e-01
5.031901e-01
0
0
0
3.949763e-02
0
1.719380e-01
0
0
0
0
0
0
0
0
0
2.325810e-01
0
1.736907e-01
0
0
0
0
0
0
0
6.773440e-01
0
0
6.260703e-01
1
0
0
0
1.623212e-01
2.842631e-01
5.594896e-01
9.912899e-02
3.925414e-02
0
0
0
0
0
0
0
4.682716e-01
0
0
4.973333e-01
8.483076e-01
0
0
3.579385e-01
6.058790e-01
4.172682e-01
3.653477e-01
5.762957e-01
5.996917e-01
0
0
0
2.051574e-01
0
0
2.262450e-01
5.557626e-01
7.873237e-02
0
0
0
0
0
0
0
1.106859e-01
0
1.458939e-01
2.707513e-01
0
0
0
0
1.104120e-01
3.510016e-01
0
0
3.463896e-01
0
0
0
0
0
0
0
0
2.354346e-01
0
0
0
0
6.072162e-02
0
1.557922e-01
2.936283e-01
0
8.361293e-02
0
0
0
0
8.407043e-02
4.330483e-01
1.678174e-01
0
4.099606e-01
4.881427e-01
4.207373e-03
1.231044e-02
1.345585e-01
0
2.640872e-01
0
4.942487e-02
1.259952e-01
5.294465e-01
4.137992e-01
0
1.594967e-01
2.081578e-02
5.290001e-02
0
0
0
0
0
0
0
0
6.892291e-02
0
0
0
0
6.693405e-02
3.759008e-01
0
1
8.294752e-01
0
1.012919e-02
8.420624e-02
8.241998e-02
2.480731e-01
8.125975e-02
6.649841e-02
2.313382e-01
5.241950e-01
4.142366e-01
0
0
0
0
0
1.535990e-02
2.369787e-01
1.168693e-01
0
2.671015e-01
0
0
3.851801e-01
1.965368e-01
4.475364e-01
3.197432e-02
0
0
0
0
1.568503e-01
0
3.200484e-01
3.408748e-01
3.605778e-01
6.166487e-01
3.647375e-02
2.810071e-01
0
3.134581e-01
0
0
0
0
0
0
0
6.443639e-02
0
0
0
4.073536e-01
0
0
0
1.808364e-01
0
0
0
0
0
1.285684e-01
0
1.676410e-01
0
0
0
0
1.222377e-01
0
0
0
0
0
0
0
0
0
0
1.832951e-01
2.622602e-01
2.801672e-01
1.992532e-01
4.793528e-01
2.323781e-03
1.029874e-01
1.641613e-01
1.333255e-02
1.574652e-01
1.512655e-01
0
6.723277e-02
4.631184e-01
4.472148e-01
0
5.154092e-02
0
0
0
0
0
0
0
0
0
0
2.831165e-01
3.232137e-01
9.362214e-02
5.951190e-02
1.954226e-01
4.059822e-01
2.509416e-02
0
8.294752e-01
1
1.741241e-01
7.653933e-02
0
1.245733e-01
2.327538e-01
2.708018e-01
2.602222e-02
3.040927e-01
4.512713e-01
6.039436e-01
0
0
0
0
0
1.744947e-01
0
1.744129e-01
0
3.884152e-01
0
0
3.685725e-01
0
2.677114e-01
0
0
0
0
6.104981e-02
2.264587e-01
0
3.214697e-01
1.224022e-01
4.315744e-01
5.682220e-01
2.532890e-01
2.510437e-01
0
6.282118e-01
0
0
0
0
0
0
0
2.208735e-01
3.094886e-01
1.302767e-01
0
0
0
0
0
1.395614e-01
0
0
0
2.331305e-01
0
1.242890e-01
0
0
2.188385e-01
6.514497e-03
0
4.975570e-01
0
0
0
0
0
0
0
0
4.081102e-01
1.973753e-01
0
0
3.533099e-01
4.570909e-01
0
0
4.922975e-01
3.494730e-01
2.440787e-01
3.226461e-01
3.235059e-01
3.072998e-01
0
0
0
9.167152e-02
1.978208e-02
0
0
0
0
0
0
8.592668e-03
0
0
5.903511e-01
4.307471e-01
4.184314e-01
4.711767e-01
3.125845e-01
4.513782e-02
3.719256e-01
3.603515e-01
0
0
0
1.741241e-01
1
6.364157e-01
0
0
4.347342e-01
6.738682e-01
4.156642e-01
5.366440e-01
2.347665e-01
3.723741e-01
5.342148e-02
0
2.696700e-01
0
6.120196e-02
0
0
0
3.213935e-01
3.453493e-02
4.645232e-02
0
1.187359e-01
0
0
0
3.181553e-01
4.539190e-01
2.241194e-01
2.727844e-01
3.718703e-01
3.997819e-01
6.795141e-02
0
2.566386e-01
0
1.746040e-01
0
6.519379e-01
3.752211e-01
6.869099e-02
0
1.847385e-01
3.946377e-01
1.151791e-01
0
1.197447e-01
2.663357e-01
0
0
0
0
0
0
0
3.092387e-04
1.926009e-02
0
1.541422e-01
0
9.925567e-02
2.614961e-01
0
1.188091e-01
0
0
1.880939e-01
5.841603e-01
0
0
1.927322e-01
2.179481e-01
1.108768e-03
0
0
0
3.619509e-03
0
0
0
0
2.239595e-01
0
0
5.324786e-01
4.450624e-01
0
3.670553e-01
4.105018e-01
3.855285e-01
0
0
0
0
0
0
0
0
0
5.702885e-02
0
1.113949e-01
0
0
4.209898e-01
0
0
0
0
0
0
0
9.482733e-02
1.623212e-01
1.012919e-02
7.653933e-02
6.364157e-01
1.000000e+00
0
6.683921e-02
5.338894e-01
6.217290e-01
4.243893e-01
5.596086e-01
0
0
1.815252e-01
1.699164e-01
0
1.930662e-01
0
0
9.227401e-02
1.861488e-02
0
0
5.224002e-02
3.524983e-02
2.617012e-01
2.232043e-01
2.351898e-01
2.948829e-01
4.065075e-01
2.630111e-01
0
3.796405e-01
0
2.381024e-02
1.744989e-02
2.558766e-01
5.996239e-02
0
1.544389e-01
0
5.299039e-01
2.576978e-01
1.454514e-01
0
0
0
2.188315e-01
8.920407e-02
2.588963e-01
9.610020e-03
0
0
5.764139e-01
0
6.532028e-01
4.660156e-01
6.915007e-01
0
5.061336e-01
4.218319e-01
5.175741e-01
0
2.345686e-01
0
3.464109e-01
2.819705e-01
0
0
2.383576e-01
0
3.696850e-01
2.656643e-01
6.167874e-01
6.220169e-01
6.168726e-01
3.887751e-01
5.364918e-01
2.487912e-01
0
0
3.253854e-01
2.569374e-01
0
0
4.672601e-01
1.722475e-01
0
0
0
0
0
0
0
0
0
0
6.118529e-02
1.184157e-01
6.051177e-02
9.992601e-02
9.765790e-02
2.639532e-01
0
1.240791e-01
0
5.520636e-02
0
0
0
0
0
0
0
0
6.112526e-01
2.842631e-01
8.420624e-02
0
0
0
1.000000e+00
3.958136e-01
1.787535e-01
0
1.029068e-01
0
0
0
1.003716e-01
2.820693e-01
0
6.323000e-02
0
0
3.267961e-01
1.996848e-01
0
0
0
8.493225e-02
2.664910e-01
2.934019e-01
3.252492e-01
2.976480e-01
0
0
0
0
0
0
1.349761e-01
2.766744e-01
1.139166e-01
0
0
0
0
0
0
0
0
0
4.518726e-01
2.202408e-01
0
0
0
1.322770e-01
5.490225e-02
2.998815e-02
3.844774e-01
2.091886e-01
2.583021e-01
2.909304e-01
1.756877e-01
1.596475e-01
1.099269e-01
8.660637e-02
4.501018e-01
3.636489e-01
2.720817e-01
5.482207e-01
0
0
1.918531e-01
1.032862e-01
5.484463e-01
6.354821e-01
2.056065e-01
3.060527e-01
3.178605e-01
1.486367e-01
4.481628e-01
3.386086e-01
0
0
0
0
0
9.464200e-02
2.458057e-01
3.189762e-01
0
1.780672e-02
0
0
0
2.860880e-01
0
0
0
0
0
0
0
0
0
0
0
0
0
0
0
0
0
0
0
2.228205e-01
0
0
2.638537e-01
5.594896e-01
8.241998e-02
1.245733e-01
0
6.683921e-02
3.958136e-01
1
1.103371e-01
1.570226e-01
2.531711e-02
2.401089e-01
2.366909e-02
0
0
0
0
2.146057e-01
0
0
0
3.522351e-01
0
0
0
0
3.602067e-01
1.249286e-01
4.417229e-01
2.902040e-01
0
0
0
2.650643e-02
0
0
9.308228e-02
3.292271e-01
1.869041e-01
6.314924e-04
0
0
0
1.317883e-01
0
0
0
0
1.419162e-01
3.594450e-01
0
0
0
4.931603e-02
1.614994e-01
0
0
0
2.796049e-01
0
0
0
3.605127e-01
0
6.588178e-02
0
0
0
0
0
2.136178e-01
4.489046e-01
5.349190e-03
4.022920e-03
3.324052e-01
2.336538e-01
1.508604e-01
0
0
0
0
0
2.414687e-01
0
3.129983e-01
1.767869e-01
1.824123e-01
9.503290e-02
3.943427e-01
1.816311e-01
3.631707e-01
1.501391e-01
5.215700e-01
3.593454e-01
0
0
0
0
0
0
0
0
0
2.314922e-01
0
2.124598e-01
0
0
7.696155e-02
0
3.235862e-02
1.055769e-02
0
0
0
0
2.996840e-01
9.912899e-02
2.480731e-01
2.327538e-01
4.347342e-01
5.338894e-01
1.787535e-01
1.103371e-01
1
7.139365e-01
8.169677e-01
7.164411e-01
1.729427e-01
1.166414e-01
0
0
0
0
0
0
2.688966e-01
1.269439e-01
2.132967e-02
0
3.111514e-02
2.797936e-02
2.987046e-01
1.838112e-01
0
7.175301e-02
1.538612e-01
0
0
0
1.687179e-02
8.758796e-02
8.663546e-02
2.054534e-01
2.791882e-01
6.526601e-02
5.040319e-02
0
1.400006e-01
7.863983e-02
0
0
0
0
8.219854e-02
1.446503e-01
0
5.047456e-02
3.443622e-02
2.829809e-01
0
0
0
0
0
0
0
0
1.383056e-01
0
1.555712e-01
0
0
0
0
0
7.672947e-02
4.201922e-01
0
5.782666e-02
0
0
0
0
0
0
2.874124e-01
3.255577e-02
0
0
3.756406e-01
5.328923e-01
2.093090e-02
1.047246e-01
5.338512e-01
5.568507e-01
3.704515e-01
3.894988e-01
5.996059e-01
6.799020e-01
0
0
0
0
0
0
0
0
0
9.559438e-02
0
2.336902e-01
0
0
1.511119e-01
1.189076e-01
2.504098e-03
9.120259e-02
0
0
0
3.275530e-02
0
3.925414e-02
8.125975e-02
2.708018e-01
6.738682e-01
6.217290e-01
0
1.570226e-01
7.139365e-01
1
6.808868e-01
7.343640e-01
1.926371e-01
2.055076e-01
0
0
0
6.713986e-02
0
0
0
2.411269e-02
5.704860e-02
1.084177e-02
1.117399e-01
0
2.496841e-01
1.414728e-01
0
3.088125e-02
2.179165e-01
1.617901e-01
2.534637e-01
3.294095e-01
1.079241e-01
1.669669e-01
0
1.215401e-01
1.469275e-01
0
3.696681e-03
0
2.232266e-01
3.894744e-01
0
0
0
1.541555e-01
2.211852e-02
0
0
0
0
1.458128e-01
1.086491e-01
0
0
0
1.692861e-01
0
0
0
1.890431e-01
0
0
0
0
0
0
2.196271e-02
3.946935e-01
4.231073e-01
0
0
1.359739e-01
2.287665e-02
0
0
0
0
3.540231e-01
1.001450e-01
5.212088e-02
0
3.336093e-01
2.573787e-01
0
0
3.948583e-01
2.613767e-01
1.980090e-01
2.178681e-01
4.511972e-01
2.770378e-01
0
0
0
8.694006e-02
1.146928e-01
0
4.979488e-02
3.983882e-01
0
3.012195e-01
1.531645e-02
2.680355e-01
0
0
1.091126e-01
9.189126e-02
0
0
3.488164e-02
0
2.375070e-02
0
1.089761e-04
0
6.649841e-02
2.602222e-02
4.156642e-01
4.243893e-01
1.029068e-01
2.531711e-02
8.169677e-01
6.808868e-01
1
7.298703e-01
4.605885e-02
0
1.244132e-01
1.116718e-01
3.988168e-02
0
5.670064e-02
0
4.016094e-02
0
2.795298e-01
0
0
0
0
0
0
0
3.777949e-01
5.430770e-02
7.083555e-02
4.021466e-02
1.055039e-01
3.489356e-02
0
0
0
0
1.189662e-01
0
3.032550e-01
1.095803e-02
0
0
0
2.263457e-01
2.396479e-02
2.158934e-01
6.342406e-02
1.464368e-01
1.225007e-01
6.496530e-02
0
0
0
0
2.122860e-02
0
0
0
1.655007e-01
0
0
1.355224e-01
0
1.172515e-02
0
0
2.010875e-01
4.840207e-01
0
0
1.078422e-01
2.030694e-01
0
0
0
0
7.154676e-02
0
4.839463e-03
0
1.885410e-01
1.561465e-01
0
0
3.149146e-01
2.574032e-01
7.193721e-02
3.212702e-01
3.434469e-01
2.648003e-01
0
0
0
4.634913e-02
0
0
0
8.846448e-02
0
1.718030e-01
0
2.285823e-02
0
0
5.421552e-02
0
3.336755e-02
0
0
0
0
2.912139e-04
1.100497e-02
0
2.313382e-01
3.040927e-01
5.366440e-01
5.596086e-01
0
2.401089e-01
7.164411e-01
7.343640e-01
7.298703e-01
1
2.283336e-01
2.753021e-02
0
0
0
7.319798e-02
0
0
0
5.505952e-02
1.507223e-01
0
0
0
1.710704e-01
0
3.935348e-02
0
3.752272e-01
0
6.655055e-02
2.771241e-02
1.438618e-02
0
0
0
1.263721e-01
0
5.661245e-02
0
3.250491e-01
1.642381e-01
6.747417e-02
0
0
1.787506e-02
1.449653e-01
2.086997e-01
7.273744e-02
0
7.869234e-02
0
0
1.123309e-01
0
0
3.270394e-02
7.144857e-02
0
0
2.273973e-03
0
6.039425e-02
0
0
4.560304e-02
0
0
0
7.630346e-02
1.655700e-02
0
0
0
0
0
0
0
0
0
0
2.697214e-01
1.469093e-01
0
2.332872e-01
2.917948e-01
6.363089e-02
0
2.998802e-01
0
1.183491e-01
0
4.969793e-03
8.487186e-02
3.563400e-01
2.122564e-01
0
0
0
0
0
0
0
0
1.027882e-01
0
0
0
2.175766e-01
1.077622e-01
2.777058e-01
1.050219e-01
1.629564e-01
2.487939e-01
9.011405e-02
0
5.241950e-01
4.512713e-01
2.347665e-01
0
0
2.366909e-02
1.729427e-01
1.926371e-01
4.605885e-02
2.283336e-01
1
6.144577e-01
0
0
0
0
1.074721e-01
4.435962e-01
0
0
1.497498e-01
3.840763e-01
3.658037e-02
0
3.835410e-01
1.462015e-01
1.055750e-02
0
0
0
4.649909e-02
0
4.666278e-01
1.433920e-01
3.213061e-01
4.488978e-02
4.671681e-01
4.989767e-01
0
1.528698e-01
1.787703e-02
1.220724e-01
0
0
0
1.192544e-02
0
0
0
8.311075e-03
1.627412e-01
1.129280e-03
0
3.945070e-01
0
0
0
3.238854e-01
0
0
0
1.265091e-01
0
0
0
0
0
0
0
2.807425e-03
1.028571e-01
0
0
0
0
0
0
0
0
0
0
7.906111e-02
4.276440e-01
3.986254e-01
0
1.477222e-01
0
0
2.085034e-01
0
0
0
8.933227e-02
7.710730e-02
3.320872e-01
2.769031e-01
0
3.148603e-02
6.345933e-02
0
0
0
0
0
0
0
2.076231e-01
3.671414e-01
5.799786e-01
6.333769e-01
4.856948e-01
2.258115e-01
4.134042e-01
5.807002e-01
0
0
4.142366e-01
6.039436e-01
3.723741e-01
0
0
0
1.166414e-01
2.055076e-01
0
2.753021e-02
6.144577e-01
1
0
0
0
0
0
2.793711e-01
0
0
0
1.154545e-01
0
0
4.273482e-01
0
0
0
0
0
0
7.180133e-02
6.527605e-01
4.752368e-01
6.118202e-01
0
6.885856e-01
5.739653e-01
2.012441e-01
1.046130e-01
0
2.171627e-01
0
0
0
1.226179e-01
0
0
0
2.078866e-01
1.015336e-01
1.606114e-01
1.562846e-01
0
0
2.506861e-01
7.545852e-02
0
8.694908e-02
3.182181e-01
0
1.721456e-02
0
0
0
0
6.990974e-01
7.815425e-01
5.391467e-01
2.726170e-01
0
0
0
0
0
0
0
2.243923e-02
3.647247e-01
2.430535e-01
1.975630e-02
0
1.486239e-01
1.452605e-01
0
0
9.977737e-02
0
0
0
0
0
3.335306e-01
2.361962e-01
0
7.654160e-03
5.230320e-01
2.722690e-01
4.833458e-01
5.591458e-01
2.031149e-01
1.084934e-01
1.922898e-01
7.403899e-03
2.123259e-01
1.684519e-01
5.441696e-01
3.485621e-01
0
0
6.108407e-02
0
2.194165e-02
0
0
0
0
0
5.342148e-02
1.815252e-01
1.003716e-01
0
0
0
1.244132e-01
0
0
0
1
7.486660e-01
5.701185e-01
1.794170e-02
1.010511e-01
0
0
0
8.664081e-02
0
0
0
0
0
0
0
1.406465e-01
5.872601e-02
0
3.337578e-02
2.345673e-01
3.298247e-01
0
0
0
0
2.127288e-01
0
2.283771e-01
0
3.450950e-01
0
0
3.846567e-01
1.550855e-01
2.422578e-01
4.294546e-01
0
2.753344e-02
1.842366e-01
5.710530e-01
0
1.228771e-01
3.472162e-01
3.740440e-01
0
4.702339e-01
3.459764e-01
3.200382e-01
0
7.945360e-02
0
3.932915e-01
3.298667e-02
4.761057e-01
5.044719e-01
6.084778e-01
2.329355e-01
0
0
3.009942e-01
2.370345e-01
7.085511e-02
0
0
0
2.946268e-01
1.843217e-01
2.709015e-01
1.084577e-02
0
0
0
0
1.851436e-01
0
0
3.858588e-02
6.727398e-02
0
1.055191e-01
7.316244e-02
0
0
3.267364e-01
1.040407e-01
2.964042e-01
4.259530e-01
1.595467e-01
3.600738e-01
2.776839e-01
2.359060e-01
1.429876e-01
3.144488e-01
2.018151e-01
0
0
0
0
0
0
0
4.800998e-02
0
0
0
0
1.699164e-01
2.820693e-01
0
0
0
1.116718e-01
0
0
0
7.486660e-01
1
4.183159e-01
3.323252e-01
1.442253e-01
0
2.137550e-01
0
2.434719e-02
0
0
2.078189e-01
0
4.668752e-02
0
9.398799e-02
3.449478e-01
8.439166e-02
0
0
0
0
0
0
0
0
0
0
1.475606e-01
0
4.174008e-01
1.215141e-02
0
8.103559e-02
1.884749e-01
6.011471e-02
3.768078e-01
0
4.047167e-01
2.430563e-01
0
0
0
0
0
0
0
0
0
2.730869e-01
0
0
0
0
8.173051e-01
6.045320e-01
2.477716e-01
3.276245e-02
0
0
0
0
0
0
0
0
7.257507e-01
6.837771e-01
0
0
2.300714e-01
1.411611e-01
0
0
1.016598e-01
0
0
0
0
0
5.927255e-01
5.513777e-01
1.084821e-01
2.468611e-01
7.417616e-01
4.918548e-01
6.198428e-01
5.064037e-01
2.629877e-01
0
3.395933e-01
1.581685e-01
5.536037e-01
5.322737e-01
5.657057e-01
6.318324e-01
3.698171e-01
2.189898e-01
5.955055e-01
0
5.724264e-01
2.664113e-01
0
0
0
0
2.696700e-01
0
0
0
0
0
3.988168e-02
0
0
0
5.701185e-01
4.183159e-01
1
0
4.353159e-01
1.324060e-01
0
0
3.590038e-01
0
0
0
0
0
0
0
2.605590e-01
4.298655e-01
2.038059e-01
8.455233e-03
4.171080e-01
4.240856e-01
0
0
0
0
1.206523e-01
6.896893e-02
4.177367e-01
0
2.624098e-01
1.475175e-01
1.803039e-01
6.827283e-01
1.479106e-01
0
2.412007e-01
2.962199e-01
0
2.310178e-01
2.025702e-01
6.695373e-02
7.498215e-02
3.090067e-01
2.126492e-01
5.180653e-02
3.022949e-01
3.642545e-01
3.903932e-01
1.197406e-01
4.062050e-01
3.213055e-01
3.837110e-01
4.805257e-01
0
4.515055e-02
1.586840e-01
0
0
8.498981e-02
1.314179e-01
1.704993e-01
1.491687e-01
0
0
0
0
0
0
0
0
5.669476e-02
2.635733e-01
1.821131e-01
0
0
0
2.153485e-01
6.230207e-02
3.594827e-01
0
0
0
0
0
0
0
0
1.337719e-01
4.367927e-01
1.820076e-01
1.845780e-01
0
0
0
0
0
0
0
1.233664e-01
0
0
2.228279e-01
4.682716e-01
0
0
0
1.930662e-01
6.323000e-02
2.146057e-01
0
6.713986e-02
0
7.319798e-02
0
0
1.794170e-02
3.323252e-01
0
1
0
0
2.935161e-01
5.998819e-01
0
0
3.478065e-01
2.369540e-01
1.875760e-02
1.031420e-01
2.654184e-01
3.010005e-01
0
0
0
3.496859e-01
0
0
0
1.242390e-01
0
0
0
0
0
2.701422e-01
2.900831e-01
1.131356e-02
6.129261e-02
0
2.389812e-01
1.853834e-01
0
0
3.741716e-01
7.625954e-02
6.984557e-03
0
0
0
0
0
7.099413e-03
0
0
0
0
0
1.215506e-01
0
2.168605e-01
3.549570e-03
0
1.014766e-01
0
0
0
0
0
0
0
0
5.624969e-01
5.619452e-01
2.226233e-01
3.367656e-01
1.466999e-01
0
0
0
2.801169e-01
3.667774e-01
4.451651e-01
3.444943e-01
1.088649e-01
0
4.072995e-01
5.277511e-01
4.095211e-01
3.771496e-01
3.618678e-01
3.235867e-01
3.622346e-01
2.541632e-01
0
0
4.127708e-02
0
4.515131e-01
4.367051e-01
0
2.511576e-01
5.492848e-02
0
2.785270e-01
0
5.198038e-01
4.781777e-01
0
0
0
0
6.120196e-02
0
0
0
0
0
5.670064e-02
0
1.074721e-01
0
1.010511e-01
1.442253e-01
4.353159e-01
0
1.000000e+00
3.999748e-01
0
0
6.930012e-01
2.096000e-01
9.466166e-02
0
0
0
0
0
3.318478e-01
3.155086e-01
5.884758e-01
0
5.086755e-02
4.949560e-02
0
0
0
3.770327e-02
0
5.419639e-01
1.488767e-01
0
1.823582e-01
6.114793e-01
1.720875e-01
2.187649e-01
0
0
2.355509e-01
4.532470e-01
1.755546e-01
1.375853e-03
0
1.389350e-01
0
0
0
2.937414e-01
0
0
0
2.092551e-01
8.945995e-02
1.348151e-01
0
0
0
0
0
0
0
0
0
0
0
0
0
0
2.669965e-01
2.818618e-01
0
2.833604e-03
8.127675e-02
1.252852e-01
0
1.123901e-01
0
0
2.234634e-01
2.004767e-02
0
4.034430e-02
2.161482e-01
2.791849e-01
3.623738e-01
2.911316e-01
2.949070e-02
1.037285e-01
1.417142e-01
2.047900e-03
1.181796e-01
0
4.703566e-02
0
4.819936e-01
1.950387e-01
0
1.314713e-01
2.231903e-01
1.975483e-01
4.669801e-01
1.705576e-01
3.744381e-01
5.444563e-01
0
0
1.535990e-02
1.744947e-01
0
0
0
0
0
0
0
0
4.435962e-01
2.793711e-01
0
0
1.324060e-01
0
3.999748e-01
1
0
0
2.848240e-01
6.990704e-01
2.761504e-01
0
0
0
0
0
0
2.553021e-01
2.824601e-01
2.449935e-01
2.689572e-01
1.097570e-01
0
0
0
8.892428e-02
0
2.466606e-01
2.327860e-03
2.917857e-01
1.814283e-02
5.880344e-01
3.673594e-01
1.535201e-01
0
0
0
1.426615e-01
0
0
7.793898e-01
3.625992e-02
4.509776e-01
3.093752e-01
7.118939e-01
0
5.124707e-01
2.154282e-01
5.761689e-01
0
3.887745e-01
0
6.116656e-01
3.658202e-01
0
0
3.558932e-02
0
0
0
8.200078e-01
6.817723e-01
5.051277e-01
2.869318e-01
1.594796e-01
0
0
0
4.766850e-01
2.254280e-01
0
0
5.650561e-01
3.786685e-01
1.447271e-01
6.173642e-02
2.876493e-01
1.953382e-01
3.701157e-01
0
0
0
0
0
0
0
0
0
0
4.185299e-01
1.049377e-01
3.465626e-01
0
0
0
0
0
0
0
4.006396e-03
0
0
8.637323e-01
4.973333e-01
2.369787e-01
0
0
9.227401e-02
3.267961e-01
0
2.688966e-01
0
4.016094e-02
0
0
0
0
2.137550e-01
0
2.935161e-01
0
0
1
6.052777e-01
0
5.406842e-02
4.213241e-01
4.044733e-01
6.172799e-02
4.879131e-01
4.705768e-01
5.240065e-01
0
0
0
0
0
0
0
5.100006e-01
0
0
0
1.326219e-01
0
0
0
0
0
0
0
0
0
0
0
0
2.782680e-01
3.646807e-01
3.895679e-01
4.461442e-01
3.231181e-01
1.629432e-01
2.163301e-01
3.932645e-01
3.260375e-01
8.978311e-02
3.996698e-01
3.890567e-01
3.376681e-01
5.647866e-01
0
0
0
0
2.283533e-01
3.159294e-01
4.289995e-01
4.745048e-01
5.363132e-01
3.207704e-01
3.591600e-01
1.896962e-01
0
0
1.707182e-01
0
0
0
5.739442e-01
5.723061e-01
0
0
0
1.403534e-02
0
8.493276e-02
0
0
0
0
0
0
0
0
7.501682e-02
3.865920e-01
1.460399e-01
1.664415e-01
0
0
0
0
0
0
0
5.635940e-01
0
0
6.188619e-01
8.483076e-01
1.168693e-01
1.744129e-01
0
1.861488e-02
1.996848e-01
3.522351e-01
1.269439e-01
2.411269e-02
0
5.505952e-02
0
0
0
0
0
5.998819e-01
0
0
6.052777e-01
1
0
7.261048e-02
4.856246e-01
5.343621e-01
4.043148e-01
2.149615e-01
5.632918e-01
3.368689e-01
0
0
0
2.339972e-01
0
0
1.902729e-01
3.604258e-01
3.410829e-02
0
0
0
0
5.646440e-02
0
0
4.927470e-02
0
0
2.568821e-01
0
0
3.364287e-01
0
0
0
0
0
0
0
1.304764e-01
0
0
8.844742e-02
0
0
0
0
4.978547e-02
0
0
2.246461e-01
0
0
0
0
0
2.237049e-03
0
0
4.131197e-01
4.355122e-01
0
0
0
0
0
0
1.933434e-01
2.221513e-01
3.170750e-01
2.932563e-01
0
0
2.405087e-01
3.549684e-01
2.736996e-01
3.127147e-01
2.587248e-01
1.420654e-01
1.395914e-01
2.277156e-01
0
0
0
0
3.346205e-01
4.452524e-01
8.776162e-02
2.592420e-01
2.037820e-02
0
2.385993e-01
0
4.159867e-01
3.621471e-01
0
0
0
0
3.213935e-01
0
0
0
2.132967e-02
5.704860e-02
2.795298e-01
1.507223e-01
1.497498e-01
0
8.664081e-02
2.434719e-02
3.590038e-01
0
6.930012e-01
2.848240e-01
0
0
1
3.340810e-01
4.840009e-02
3.822889e-02
0
0
0
0
3.606907e-01
5.121148e-01
3.873618e-01
0
0
7.046453e-02
0
0
0
0
0
2.045491e-01
4.963186e-01
0
3.288618e-01
5.449045e-01
1.698057e-01
1.511133e-01
0
0
3.692627e-01
2.992747e-01
0
0
0
0
0
0
0
1.549746e-01
1.628661e-01
0
0
1.268860e-01
1.788631e-01
3.426480e-01
4.214044e-02
9.557637e-02
0
0
0
0
0
0
0
0
0
0
0
0
1.618630e-02
2.562171e-02
0
0
0
3.398459e-02
1.132729e-01
2.819590e-01
5.121149e-02
1.338839e-01
3.496796e-01
2.741637e-01
1.744877e-01
9.395432e-02
1.432509e-02
1.796130e-01
3.716474e-01
3.400171e-01
0
0
0
0
0
0
0
0
1.718137e-01
5.768026e-02
0
0
0
0
2.541584e-01
3.765072e-02
2.148466e-01
3.006310e-01
0
0
2.671015e-01
3.884152e-01
3.453493e-02
0
0
0
0
1.084177e-02
0
0
3.840763e-01
1.154545e-01
0
0
0
0
2.096000e-01
6.990704e-01
5.406842e-02
7.261048e-02
3.340810e-01
1
2.390511e-01
0
0
5.080173e-02
5.990006e-02
0
0
3.675834e-01
2.083081e-01
1.856679e-01
0
0
0
8.888733e-02
0
1.174651e-01
0
2.434359e-01
1.616785e-01
4.087361e-01
4.791515e-02
3.487037e-01
9.264763e-02
0
0
0
0
2.426140e-01
7.057056e-03
4.644508e-02
1.607340e-02
1.152048e-01
2.938666e-02
0
0
8.783049e-04
1.349642e-01
1.440214e-01
2.432781e-01
4.277786e-02
3.189428e-01
1.731071e-01
2.680174e-01
1.487289e-02
0
0
0
0
0
0
3.547579e-02
0
1.355771e-01
3.062871e-02
0
0
0
0
1.591139e-01
0
0
0
2.789561e-01
2.163786e-01
1.234117e-01
6.320502e-02
5.160048e-01
3.360839e-01
2.055775e-01
1.324483e-01
0
0
0
0
0
0
0
0
2.055721e-01
3.888968e-01
3.668943e-01
3.485280e-01
1.165053e-01
6.887410e-02
3.170189e-02
0
1.858879e-01
1.472654e-01
0
4.376700e-01
0
8.468874e-02
2.301534e-01
3.579385e-01
0
0
4.645232e-02
5.224002e-02
0
0
3.111514e-02
1.117399e-01
0
0
3.658037e-02
0
0
0
0
3.478065e-01
9.466166e-02
2.761504e-01
4.213241e-01
4.856246e-01
4.840009e-02
2.390511e-01
1
4.761293e-01
0
1.328814e-01
0
2.052264e-01
0
1.109798e-01
6.651613e-02
1.722099e-01
0
1.060247e-01
0
1.776521e-01
0
6.057920e-02
0
0
0
0
1.435649e-01
3.385926e-01
4.188276e-01
0
0
0
0
0
7.028231e-02
3.283269e-01
2.527073e-01
0
4.018194e-01
4.328727e-01
6.660256e-02
0
2.986277e-01
4.232850e-01
3.306755e-01
2.353223e-01
3.148967e-01
1.883059e-01
2.618215e-01
6.347353e-02
0
4.381918e-02
1.592264e-01
0
4.517033e-02
3.065368e-01
3.879209e-01
2.676727e-01
5.670855e-01
2.935446e-01
4.575433e-01
4.052419e-01
0
1.031712e-02
2.267582e-01
0
0
0
1.203361e-01
0
0
0
6.875565e-02
2.415436e-01
0
0
0
0
0
0
0
0
0
0
2.266130e-01
4.361441e-01
5.089508e-01
5.556794e-01
0
6.871940e-02
9.744789e-03
9.476254e-02
0
0
0
4.247622e-01
0
0
2.783769e-01
6.058790e-01
0
0
0
3.524983e-02
8.493225e-02
0
2.797936e-02
0
0
0
0
0
0
2.078189e-01
0
2.369540e-01
0
0
4.044733e-01
5.343621e-01
3.822889e-02
0
4.761293e-01
1.000000e+00
0
1.228731e-01
1.062926e-01
2.627687e-01
0
4.275965e-02
0
4.409862e-02
0
0
0
1.068936e-01
0
0
0
0
0
0
1.504090e-01
1.582400e-02
2.604031e-01
0
2.006746e-02
3.258363e-01
0
0
0
0
0
4.043141e-01
2.267563e-01
3.142806e-01
1.624254e-01
2.824510e-01
0
3.096635e-01
1.030939e-01
0
7.990570e-02
1.607656e-01
0
3.146371e-01
0
0
0
1.624525e-02
4.744801e-01
3.089325e-01
2.101451e-01
2.977892e-01
4.883923e-01
1.726164e-01
4.677512e-01
3.032338e-01
0
0
0
0
0
5.943914e-03
5.460929e-01
6.089207e-01
0
0
0
0
5.667438e-02
8.148307e-02
0
0
0
0
0
0
0
0
0
0
0
0
0
0
1.261173e-01
0
9.996919e-02
1.784078e-01
0
3.980760e-01
0
0
3.932524e-01
4.172682e-01
3.851801e-01
3.685725e-01
1.187359e-01
2.617012e-01
2.664910e-01
3.602067e-01
2.987046e-01
2.496841e-01
0
1.710704e-01
3.835410e-01
4.273482e-01
0
0
0
1.875760e-02
0
0
6.172799e-02
4.043148e-01
0
0
0
0
1
4.840104e-01
5.857308e-01
2.315135e-01
0
0
0
2.222203e-01
2.445198e-01
5.851566e-02
7.945298e-01
3.992486e-01
7.373300e-01
3.748843e-01
1.086133e-01
0
0
2.338835e-01
0
0
0
0
2.213896e-01
2.191766e-01
0
0
0
0
3.901694e-01
0
5.414219e-01
3.060856e-01
5.957668e-01
0
4.851869e-01
4.079453e-01
4.075129e-01
0
4.940216e-01
0
4.674211e-01
1.374299e-01
0
8.890823e-02
0
0
3.537993e-02
1.402552e-01
4.839774e-01
2.799462e-01
5.989538e-01
1.732784e-01
4.717040e-01
9.553321e-02
0
0
5.530426e-02
0
0
0
6.748991e-01
5.475298e-01
3.384064e-01
1.927145e-01
3.454805e-01
0
5.951970e-01
3.528784e-01
0
0
0
0
0
0
0
0
0
0
0
3.124053e-01
0
0
0
0
0
0
0
0
0
0
6.542544e-01
3.653477e-01
1.965368e-01
0
0
2.232043e-01
2.934019e-01
1.249286e-01
1.838112e-01
1.414728e-01
0
0
1.462015e-01
0
0
4.668752e-02
0
1.031420e-01
0
0
4.879131e-01
2.149615e-01
0
5.080173e-02
1.328814e-01
1.228731e-01
4.840104e-01
1
5.061498e-01
7.479137e-01
0
0
0
0
0
0
2.298453e-01
7.975296e-01
1.475339e-01
1.298659e-01
0
0
0
2.157977e-02
0
0
0
0
6.613614e-02
0
0
0
0
0
3.164233e-01
3.622207e-01
5.364744e-01
5.314893e-01
4.886157e-01
1.390960e-01
4.461220e-01
3.773052e-01
4.454375e-02
0
2.006222e-01
3.775509e-01
4.054447e-01
6.945789e-01
0
0
0
0
2.684744e-01
1.953889e-01
5.475099e-01
6.934554e-01
5.296418e-01
4.948712e-01
5.192626e-01
3.067060e-01
0
0
5.383713e-02
1.114931e-01
0
0
6.044025e-01
5.869960e-01
0
7.454050e-02
0
0
7.574014e-02
8.646861e-03
0
0
0
0
0
0
0
0
0
0
0
0
0
0
0
0
0
0
0
1.937834e-01
0
0
6.729775e-01
5.762957e-01
4.475364e-01
2.677114e-01
0
2.351898e-01
3.252492e-01
4.417229e-01
0
0
0
3.935348e-02
1.055750e-02
0
0
0
0
2.654184e-01
0
0
4.705768e-01
5.632918e-01
0
5.990006e-02
0
1.062926e-01
5.857308e-01
5.061498e-01
1
5.490817e-01
0
0
0
9.391633e-02
0
0
3.786370e-01
6.973280e-01
1.288774e-01
2.594722e-01
3.156300e-02
0
0
4.764822e-02
0
0
0
0
0
1.450845e-01
2.930234e-03
0
0
0
3.817662e-01
0
6.656926e-01
3.252721e-01
4.660254e-01
0
5.966776e-01
3.578306e-01
4.553328e-01
0
5.818033e-01
1.373602e-01
6.404955e-01
3.319357e-01
0
0
0
0
0
1.959928e-01
5.764202e-01
4.187067e-01
6.704626e-01
2.968365e-01
4.946202e-01
1.940127e-01
0
0
1.582794e-01
0
0
0
6.509420e-01
5.441115e-01
2.705751e-01
3.457780e-01
2.443709e-01
2.610057e-01
4.158575e-01
3.936975e-01
0
0
0
0
0
0
0
0
0
0
0
3.274336e-01
0
0
0
0
0
0
0
1.805058e-01
0
0
6.606551e-01
5.996917e-01
3.197432e-02
0
0
2.948829e-01
2.976480e-01
2.902040e-01
7.175301e-02
3.088125e-02
0
0
0
0
0
9.398799e-02
0
3.010005e-01
0
0
5.240065e-01
3.368689e-01
0
0
2.052264e-01
2.627687e-01
2.315135e-01
7.479137e-01
5.490817e-01
1
1.297066e-01
0
7.566404e-02
0
0
0
4.117520e-02
8.247518e-01
0
7.323068e-03
0
0
0
6.874546e-02
0
0
4.167506e-02
0
2.633399e-01
0
0
0
0
0
7.615997e-02
0
0
0
0
0
3.050921e-01
0
0
0
0
0
4.064082e-02
0
1.583416e-01
0
9.164416e-02
4.520773e-01
0
0
1.798101e-01
1.435433e-01
0
0
0
0
3.334740e-01
3.059879e-01
1.404801e-01
0
0
0
0
0
6.413789e-01
5.701343e-01
7.260443e-02
6.238151e-01
4.311480e-01
1.592514e-01
1.617468e-01
2.211574e-01
0
2.010913e-01
2.901618e-01
1.681115e-01
0
1.649423e-01
0
0
0
1.774087e-01
0
2.431670e-01
4.521672e-02
0
0
0
0
0
8.300272e-02
0
0
0
0
0
3.181553e-01
4.065075e-01
0
0
1.538612e-01
2.179165e-01
3.777949e-01
3.752272e-01
0
0
1.406465e-01
3.449478e-01
2.605590e-01
0
3.318478e-01
0
0
0
3.606907e-01
0
0
0
0
0
0
1.297066e-01
1
5.967447e-01
4.965040e-01
0
0
0
0
0
0
0
1.938633e-01
2.468925e-01
5.771821e-01
7.572550e-02
2.575642e-01
1.259439e-01
2.818748e-02
1.257108e-01
4.373939e-02
0
5.126942e-01
1.993668e-01
0
0
0
0
0
0
0
1.046995e-01
6.038722e-02
0
0
2.532470e-01
0
2.130981e-01
0
0
2.677766e-01
4.704253e-02
0
1.073235e-01
0
0
0
0
0
0
0
0
4.368452e-01
5.025657e-01
0
0
0
1.959273e-01
0
0
4.624037e-01
4.131904e-01
1.462859e-01
5.478930e-01
2.142516e-01
2.149348e-01
1.064087e-01
1.402176e-01
0
1.678283e-01
1.517623e-01
9.302313e-03
0
6.460478e-03
0
0
0
1.233671e-01
9.846230e-02
2.856090e-01
1.920882e-01
2.210480e-01
3.391378e-02
4.300723e-02
8.046521e-02
0
3.130258e-01
1.879794e-01
0
0
0
0
4.539190e-01
2.630111e-01
0
0
0
1.617901e-01
5.430770e-02
0
0
0
5.872601e-02
8.439166e-02
4.298655e-01
0
3.155086e-01
2.553021e-01
0
0
5.121148e-01
3.675834e-01
1.109798e-01
4.275965e-02
0
0
0
0
5.967447e-01
1
3.840729e-01
3.349541e-01
0
0
0
0
0
0
1.956098e-01
2.837152e-01
7.316057e-01
3.602269e-01
3.029271e-01
4.015989e-01
5.712257e-01
1.669709e-01
0
0
4.883093e-01
3.683812e-01
2.003017e-01
1.736647e-01
0
0
0
0
0
0
6.310677e-02
0
0
0
2.315401e-02
0
1.312251e-01
0
1.340386e-01
0
0
5.894691e-02
0
1.233613e-01
0
0
0
0
0
1.135097e-02
5.240488e-01
5.466260e-01
4.787650e-02
0
2.585962e-01
1.673962e-01
0
0
5.124493e-01
6.212711e-01
5.295924e-01
5.963865e-01
4.177006e-01
3.913632e-01
1.321600e-01
2.097520e-01
1.180997e-01
1.349466e-01
9.836761e-02
9.760005e-02
0
0
0
0
0
1.856921e-01
1.483460e-01
1.752012e-01
0
1.515691e-01
0
0
0
0
1.603048e-01
2.463098e-01
0
0
0
0
2.241194e-01
0
0
0
0
2.534637e-01
7.083555e-02
6.655055e-02
4.649909e-02
0
0
0
2.038059e-01
0
5.884758e-01
2.824601e-01
0
0
3.873618e-01
2.083081e-01
6.651613e-02
0
0
0
0
7.566404e-02
4.965040e-01
3.840729e-01
1
0
5.930992e-02
1.061169e-01
0
0
0
2.915915e-02
0
2.468090e-01
8.319271e-02
1.895969e-01
0
4.005925e-01
2.838011e-01
3.009554e-01
0
0
0
3.569849e-02
0
1.370634e-01
0
9.165958e-02
0
2.469883e-01
0
4.120400e-01
0
2.886074e-01
0
4.551799e-01
1.301924e-01
3.758164e-01
0
4.173910e-02
2.901479e-02
1.429663e-01
0
0
0
0
0
0
0
0
0
0
5.804678e-02
9.121072e-03
0
0
0
2.822934e-01
0
9.344512e-02
0
5.896174e-02
0
7.245364e-03
0
2.063500e-01
0
0
0
0
0
0
0
5.300740e-02
1.743053e-01
2.659279e-01
1.305639e-01
1.933516e-01
1.587826e-02
5.395494e-02
3.443217e-01
1.566687e-01
1.406259e-01
2.184452e-01
1.393863e-01
2.995012e-01
0
2.874500e-02
0
2.051574e-01
0
6.104981e-02
2.727844e-01
3.796405e-01
0
2.650643e-02
0
3.294095e-01
4.021466e-02
2.771241e-02
0
7.180133e-02
3.337578e-02
0
8.455233e-03
3.496859e-01
0
2.449935e-01
0
2.339972e-01
0
1.856679e-01
1.722099e-01
4.409862e-02
2.222203e-01
0
9.391633e-02
0
0
3.349541e-01
0
1
3.939543e-02
1.296391e-01
0
0
0
0
1.633407e-01
0
2.118797e-01
4.118557e-01
7.831621e-02
1.312273e-01
3.183260e-01
1.773004e-01
1.102635e-01
2.570539e-01
9.470632e-03
0
2.950350e-01
1.177284e-01
0
1.088143e-01
0
0
0
1.103432e-01
0
0
0
7.271975e-02
0
0
0
0
4.598988e-01
3.529081e-01
0
0
1.786888e-01
0
0
0
0
0
0
0
3.683082e-01
2.033714e-01
0
0
6.248035e-01
3.766979e-01
0
0
0
0
0
0
0
0
5.096590e-01
4.143150e-01
3.938937e-01
3.952864e-01
4.862403e-01
4.660673e-01
5.330980e-01
3.155717e-01
2.526860e-01
0
5.851579e-02
0
3.142181e-01
0
4.699302e-01
5.375665e-01
6.763831e-01
5.801497e-01
6.251165e-01
0
4.922983e-01
4.662193e-01
0
0
1.568503e-01
2.264587e-01
3.718703e-01
0
0
0
1.687179e-02
1.079241e-01
1.055039e-01
1.438618e-02
4.666278e-01
6.527605e-01
2.345673e-01
0
4.171080e-01
0
5.086755e-02
2.689572e-01
0
0
0
0
0
0
2.445198e-01
0
0
0
0
0
5.930992e-02
3.939543e-02
1
6.172765e-01
3.688795e-01
0
5.766347e-01
3.099256e-01
1.682193e-01
0
5.893733e-02
2.152331e-01
0
0
0
7.187881e-01
2.126984e-01
0
0
5.353508e-02
4.358009e-01
4.595554e-01
0
0
0
0
0
1.474588e-01
0
3.172928e-02
0
2.703375e-01
1.366065e-01
0
0
0
4.365336e-01
4.695024e-01
2.871223e-02
0
0
0
0
0
0
0
0
0
4.444340e-01
2.354621e-01
0
0
6.419997e-01
3.916663e-01
0
0
0
0
1.658132e-01
0
0
1.660973e-01
1.157413e-01
3.714368e-02
0
0
1.760086e-01
7.072415e-02
2.996376e-01
1.042862e-01
2.479178e-01
2.219393e-03
1.154955e-01
1.874460e-02
1.615130e-01
3.840728e-02
5.790527e-01
6.185688e-01
4.641878e-01
5.471485e-01
5.500998e-01
1.101020e-01
1.961341e-01
3.682698e-01
0
0
0
0
3.997819e-01
2.381024e-02
0
0
8.758796e-02
1.669669e-01
3.489356e-02
0
1.433920e-01
4.752368e-01
3.298247e-01
0
4.240856e-01
0
4.949560e-02
1.097570e-01
0
0
7.046453e-02
0
1.060247e-01
0
5.851566e-02
0
0
0
0
0
1.061169e-01
1.296391e-01
6.172765e-01
1
2.711382e-01
0
4.517641e-01
1.935870e-01
0
0
0
0
7.265475e-02
0
5.821273e-02
6.036904e-01
3.318351e-01
1.695205e-01
0
0
0
0
0
5.675428e-01
2.300528e-01
1.855571e-01
0
3.638761e-01
0
2.169564e-01
0
8.299266e-02
0
4.673047e-02
0
1.726088e-01
0
0
0
2.716159e-02
4.395957e-01
1.723003e-01
2.604379e-02
1.785308e-01
4.244777e-01
3.056854e-01
4.346370e-01
4.342424e-01
0
0
9.675826e-02
1.480917e-01
4.855250e-02
0
2.642065e-01
3.230247e-01
0
0
0
0
0
0
0
0
0
0
0
0
0
0
6.205042e-02
0
0
0
0
0
2.616954e-01
6.567887e-02
3.736644e-01
4.323396e-01
0
4.197091e-01
0
0
1.459893e-01
2.262450e-01
3.200484e-01
3.214697e-01
6.795141e-02
1.744989e-02
1.349761e-01
9.308228e-02
8.663546e-02
0
0
0
3.213061e-01
6.118202e-01
0
0
0
0
0
0
0
1.902729e-01
0
0
0
0
7.945298e-01
2.298453e-01
3.786370e-01
4.117520e-02
0
0
0
0
3.688795e-01
2.711382e-01
1
2.363483e-01
8.796024e-01
6.180829e-01
2.829915e-01
0
0
0
0
0
0
0
1.461401e-01
2.267762e-01
0
0
0
0
3.733914e-01
5.116245e-02
6.976480e-01
2.003745e-01
6.104237e-01
0
5.569063e-01
2.517212e-01
1.890069e-01
0
5.055256e-01
1.497292e-02
5.926797e-01
2.842500e-01
0
0
0
0
2.086541e-02
1.377545e-01
4.951115e-01
4.210150e-01
5.975580e-01
4.073349e-01
5.265680e-01
2.138771e-01
0
0
1.446460e-01
0
0
0
6.622030e-01
5.899404e-01
1.698858e-01
3.387990e-01
3.421579e-01
4.178945e-02
4.383331e-01
3.871909e-01
0
0
0
0
0
0
0
0
0
0
0
7.737048e-02
0
0
0
0
0
0
0
1.364072e-01
0
0
7.174217e-01
5.557626e-01
3.408748e-01
1.224022e-01
0
2.558766e-01
2.766744e-01
3.292271e-01
2.054534e-01
1.215401e-01
0
0
4.488978e-02
0
0
0
0
1.242390e-01
0
0
5.100006e-01
3.604258e-01
0
8.888733e-02
1.776521e-01
1.068936e-01
3.992486e-01
7.975296e-01
6.973280e-01
8.247518e-01
0
0
0
0
0
0
2.363483e-01
1
1.233594e-01
3.883515e-01
0
0
0
0
0
0
0
0
2.379680e-02
0
0
0
2.750223e-02
0
0
4.462052e-01
6.593932e-02
0
0
3.617322e-01
0
0
0
5.201707e-02
0
0
0
7.158666e-02
0
0
0
1.534017e-01
4.559582e-01
1.521803e-01
0
0
2.297329e-01
2.530607e-02
2.765688e-01
2.428652e-01
0
0
5.851988e-02
9.759789e-02
3.933936e-01
1.920713e-01
2.031774e-01
2.899275e-01
0
0
0
0
0
5.115621e-02
0
0
3.939619e-02
0
0
0
0
0
0
0
0
0
0
0
2.421284e-01
1.314932e-01
4.092987e-01
5.501220e-01
1.142549e-01
3.423421e-01
0
1.716011e-01
0
7.873237e-02
3.605778e-01
4.315744e-01
2.566386e-01
5.996239e-02
1.139166e-01
1.869041e-01
2.791882e-01
1.469275e-01
0
1.263721e-01
4.671681e-01
6.885856e-01
0
0
0
0
0
0
0
3.410829e-02
0
0
0
0
7.373300e-01
1.475339e-01
1.288774e-01
0
0
0
0
0
5.766347e-01
4.517641e-01
8.796024e-01
1.233594e-01
1
6.625335e-01
1.854038e-01
0
0
1.762700e-01
0
0
0
8.838583e-02
2.279177e-01
1.081253e-01
0
0
0
0
0
4.736797e-01
2.395310e-01
0
1.112169e-01
2.179798e-01
0
0
0
0
0
0
0
1.304589e-02
0
0
0
0
2.354848e-01
0
0
7.631528e-03
7.339014e-02
3.432676e-01
2.301940e-01
1.806264e-01
0
0
1.837576e-01
3.888667e-01
2.941691e-01
0
2.831458e-01
3.586263e-01
0
0
2.617294e-01
0
3.113459e-02
5.503869e-02
5.659709e-02
5.602788e-02
4.536427e-01
2.754363e-01
0
1.544725e-01
6.275153e-03
0
0
0
0
0
0
0
0
0
2.303916e-01
2.081461e-01
0
1.854751e-01
2.323863e-02
3.178864e-01
7.936338e-02
0
6.166487e-01
5.682220e-01
0
0
0
6.314924e-04
6.526601e-02
0
0
0
4.989767e-01
5.739653e-01
0
0
0
0
3.770327e-02
8.892428e-02
0
0
0
1.174651e-01
6.057920e-02
0
3.748843e-01
1.298659e-01
2.594722e-01
7.323068e-03
0
0
2.915915e-02
0
3.099256e-01
1.935870e-01
6.180829e-01
3.883515e-01
6.625335e-01
1.000000e+00
9.708367e-02
1.225719e-01
0
1.016341e-01
0
0
0
0
0
0
0
0
0
0
0
1.773484e-01
0
0
0
9.424915e-02
0
0
0
2.319210e-01
0
0
0
0
1.135339e-01
2.409626e-01
1.929263e-01
1.102759e-01
3.501264e-01
1.270779e-01
0
0
0
2.166708e-02
0
2.514353e-01
1.686788e-02
1.864092e-01
0
0
1.407771e-01
3.897759e-01
0
0
0
0
0
0
0
0
2.474677e-01
1.885457e-01
1.860097e-01
3.184533e-01
2.541470e-01
2.835172e-01
1.627259e-01
1.941090e-01
0
0
0
0
0
0
1.799213e-01
3.249548e-01
3.245799e-01
3.506081e-01
0
0
3.239619e-01
1.863275e-01
0
0
3.647375e-02
2.532890e-01
1.746040e-01
1.544389e-01
0
0
5.040319e-02
3.696681e-03
1.189662e-01
5.661245e-02
0
2.012441e-01
2.127288e-01
0
1.206523e-01
0
0
0
0
0
0
0
0
0
1.086133e-01
0
3.156300e-02
0
1.938633e-01
1.956098e-01
0
1.633407e-01
1.682193e-01
0
2.829915e-01
0
1.854038e-01
9.708367e-02
1
4.246045e-02
1.759111e-01
1.806385e-01
1.164834e-01
0
2.879823e-02
9.764800e-03
0
5.388110e-01
5.320171e-01
3.011304e-01
0
0
6.905811e-02
2.109308e-01
0
0
0
0
0
0
0
0
0
0
0
0
0
0
0
7.503600e-02
0
0
5.224391e-02
2.414232e-02
0
2.339502e-01
0
0
9.965131e-03
1.317046e-01
2.686563e-01
5.059711e-01
0
0
0
4.290402e-02
2.165025e-01
2.513402e-01
2.371138e-01
1.734900e-01
6.707267e-02
0
3.265209e-01
4.235692e-01
5.352334e-01
4.489638e-01
1.807125e-01
3.158485e-01
1.189845e-01
4.356154e-02
0
0
0
0
1.119976e-01
1.050494e-01
0
0
1.038510e-01
0
1.460625e-01
0
4.706452e-01
3.207373e-01
0
0
2.810071e-01
2.510437e-01
0
0
0
0
0
0
0
0
1.528698e-01
1.046130e-01
0
0
6.896893e-02
0
5.419639e-01
2.466606e-01
1.326219e-01
0
2.045491e-01
2.434359e-01
0
0
0
0
0
0
2.468925e-01
2.837152e-01
2.468090e-01
0
0
0
0
0
0
1.225719e-01
4.246045e-02
1
1.998402e-01
7.611845e-02
0
3.646103e-01
2.409164e-01
0
0
0
2.643273e-01
6.563918e-01
1.332459e-01
0
0
0
0
0
0
1.047124e-01
0
0
0
2.508918e-01
0
2.802420e-01
0
0
2.802579e-01
0
6.728710e-05
4.871356e-01
0
0
0
0
0
0
0
0
3.156559e-01
2.045750e-01
0
0
0
6.633953e-02
0
0
4.508867e-01
1.561578e-01
0
3.191268e-01
1.141966e-01
0
1.814601e-01
2.398337e-01
2.503199e-02
2.903359e-01
3.023314e-01
1.008752e-01
4.166351e-02
2.814018e-01
0
0
0
0
1.118475e-01
2.118151e-01
4.048824e-01
9.782188e-02
1.779375e-01
1.299232e-01
1.956888e-01
0
4.064179e-01
1.908218e-01
0
0
0
0
6.519379e-01
5.299039e-01
0
0
1.400006e-01
2.232266e-01
3.032550e-01
3.250491e-01
1.787703e-02
0
2.283771e-01
1.475606e-01
4.177367e-01
0
1.488767e-01
2.327860e-03
0
0
4.963186e-01
1.616785e-01
0
0
0
0
0
0
5.771821e-01
7.316057e-01
8.319271e-02
2.118797e-01
5.893733e-02
0
0
0
0
0
1.759111e-01
1.998402e-01
1
2.709881e-01
3.237693e-01
2.246577e-01
2.506173e-01
1.832169e-01
1.325447e-02
0
5.734236e-01
4.290049e-01
0
0
0
1.128425e-01
0
0
0
2.853836e-01
0
0
0
1.174585e-01
0
2.492804e-01
0
5.545741e-02
0
0
0
0
6.659277e-02
1.315262e-02
0
0
0
0
0
0
1.181882e-01
0
0
0
3.322473e-01
5.217201e-01
1.751679e-01
4.672812e-01
2.899201e-01
2.261886e-01
9.273493e-02
2.560066e-01
2.950665e-01
5.355131e-01
0
0
1.192207e-01
2.510506e-01
0
0
0
0
0
0
0
0
0
0
0
0
1.507418e-01
3.496452e-01
1.046476e-01
8.168247e-02
4.631853e-02
2.464335e-01
0
0
3.134581e-01
6.282118e-01
3.752211e-01
2.576978e-01
0
1.317883e-01
7.863983e-02
3.894744e-01
1.095803e-02
1.642381e-01
1.220724e-01
2.171627e-01
0
0
0
2.701422e-01
0
2.917857e-01
0
5.646440e-02
0
4.087361e-01
0
0
2.338835e-01
2.157977e-02
4.764822e-02
6.874546e-02
7.572550e-02
3.602269e-01
1.895969e-01
4.118557e-01
2.152331e-01
0
0
0
1.762700e-01
1.016341e-01
1.806385e-01
7.611845e-02
2.709881e-01
1
0
0
2.205024e-01
9.665289e-02
0
0
0
1.622095e-01
3.569824e-01
7.532327e-02
0
0
0
8.893944e-02
0
3.459828e-01
2.411697e-01
1.637373e-01
0
4.896746e-01
2.887990e-02
5.356627e-01
8.301113e-02
2.518155e-01
1.171436e-01
9.464632e-02
1.373209e-01
1.153450e-01
0
0
0
0
0
0
0
0
1.696712e-01
2.215514e-01
0
0
0
0
0
0
0
0
0
2.115744e-01
0
0
1.826657e-01
2.042631e-01
0
1.470307e-01
2.233608e-01
1.378445e-01
2.078398e-01
2.007507e-01
8.303988e-02
0
3.227605e-02
0
2.329216e-01
4.206493e-01
1.825224e-01
3.100324e-02
0
1.604612e-02
0
5.322915e-02
1.787778e-01
2.421834e-01
0
0
0
0
6.869099e-02
1.454514e-01
0
0
0
0
0
6.747417e-02
0
0
3.450950e-01
4.174008e-01
2.624098e-01
2.900831e-01
1.823582e-01
1.814283e-02
0
0
3.288618e-01
4.791515e-02
1.435649e-01
1.504090e-01
0
0
0
0
2.575642e-01
3.029271e-01
0
7.831621e-02
0
7.265475e-02
0
0
0
0
1.164834e-01
0
3.237693e-01
0
1
4.063460e-01
2.904053e-01
0
9.594129e-02
2.463515e-01
5.728878e-01
0
4.506504e-01
1.285966e-02
0
1.241783e-02
0
0
0
2.065437e-01
5.846626e-02
0
0
1.294852e-01
5.189167e-02
2.457125e-01
1.986884e-01
0
0
0
0
0
0
0
0
0
0
7.796887e-03
0
0
2.464433e-01
3.189245e-01
0
1.197514e-01
0
0
0
0
0
2.341625e-01
8.737743e-02
3.321627e-01
0
0
1.662690e-01
2.630921e-01
1.956086e-01
2.413416e-01
1.055416e-01
1.272165e-01
1.907023e-01
1.035871e-01
2.192579e-01
1.560451e-01
1.603855e-01
0
5.197885e-01
6.110751e-01
0
0
1.710907e-02
0
1.072509e-01
2.042978e-01
3.182918e-01
4.592212e-01
0
0
0
0
0
0
0
0
0
0
0
0
0
0
0
1.215141e-02
1.475175e-01
1.131356e-02
6.114793e-01
5.880344e-01
0
0
5.449045e-01
3.487037e-01
3.385926e-01
1.582400e-02
0
0
0
0
1.259439e-01
4.015989e-01
4.005925e-01
1.312273e-01
0
0
0
0
0
0
0
3.646103e-01
2.246577e-01
0
4.063460e-01
1
5.829817e-01
5.782559e-02
0
0
1.606078e-01
1.080318e-01
2.713813e-01
9.843026e-02
0
2.558788e-01
0
1.318650e-01
0
5.351657e-01
0
1.078035e-01
0
4.721410e-01
0
3.729390e-01
0
0
2.557705e-01
0
0
0
0
0
0
0
0
9.540072e-02
2.436315e-03
2.354091e-01
9.155837e-02
3.089500e-01
0
0
0
0
0
3.694747e-02
0
1.467243e-01
5.925048e-02
2.869677e-01
0
4.165456e-02
0
0
0
0
0
0
0
0
5.977545e-02
0
1.665396e-01
1.060260e-01
7.813058e-02
2.311699e-01
2.287785e-01
2.677203e-01
2.528212e-01
4.383267e-01
5.745953e-02
5.920474e-01
2.345988e-01
3.690553e-01
0
1.106859e-01
0
0
1.847385e-01
0
0
0
0
0
0
0
0
0
0
0
1.803039e-01
6.129261e-02
1.720875e-01
3.673594e-01
0
4.927470e-02
1.698057e-01
9.264763e-02
4.188276e-01
2.604031e-01
0
0
0
4.167506e-02
2.818748e-02
5.712257e-01
2.838011e-01
3.183260e-01
0
5.821273e-02
0
0
0
0
2.879823e-02
2.409164e-01
2.506173e-01
2.205024e-01
2.904053e-01
5.829817e-01
1.000000e+00
7.713383e-02
1.494047e-02
0
1.079507e-01
9.309449e-02
4.128388e-01
3.536487e-01
0
0
0
0
0
0
0
0
0
2.827284e-02
0
0
0
0
6.797315e-01
4.933790e-01
3.458497e-02
0
0
1.324564e-03
0
0
0
0
0
0
6.638547e-01
4.735871e-01
0
0
5.463055e-01
2.773716e-01
0
0
7.728500e-02
9.575700e-03
0
0
0
7.921392e-02
4.904390e-01
3.604133e-01
9.626479e-02
2.226347e-01
6.129133e-01
4.532380e-01
5.589393e-01
3.847440e-01
3.625210e-01
1.009805e-01
2.626397e-01
2.861827e-01
4.638819e-01
3.843703e-01
6.285353e-01
5.706899e-01
4.327845e-01
2.922412e-01
4.477685e-01
0
3.105558e-01
2.233769e-01
0
0
0
0
3.946377e-01
0
0
0
0
1.541555e-01
2.263457e-01
1.787506e-02
1.192544e-02
1.226179e-01
3.846567e-01
8.103559e-02
6.827283e-01
0
2.187649e-01
1.535201e-01
0
0
1.511133e-01
0
0
0
0
0
0
0
1.257108e-01
1.669709e-01
3.009554e-01
1.773004e-01
7.187881e-01
6.036904e-01
0
0
8.838583e-02
0
9.764800e-03
0
1.832169e-01
9.665289e-02
0
5.782559e-02
7.713383e-02
1
5.420595e-01
2.289827e-02
0
0
3.421831e-01
1.960829e-01
0
0
1.590371e-01
1.648234e-01
1.668721e-02
6.616710e-02
1.177018e-01
2.831674e-01
5.081859e-01
9.706939e-03
2.559784e-01
1.389514e-01
7.685680e-02
7.925397e-02
2.819149e-01
5.717282e-02
1.103515e-02
0
0
5.410191e-02
1.040011e-01
1.406818e-01
2.853818e-01
0
1.609922e-01
6.520541e-02
0
0
0
0
7.507206e-02
0
1.981060e-01
0
0
0
0
0
0
0
0
0
0
0
1.468558e-01
7.278056e-02
1.593880e-01
1.605508e-02
4.513147e-01
3.995540e-01
2.702300e-01
3.633370e-01
1.654750e-01
2.878774e-01
5.064909e-01
0
1.079995e-01
6.547465e-02
0
1.680039e-01
0
0
9.781274e-02
1.458939e-01
0
0
1.151791e-01
2.188315e-01
4.518726e-01
1.419162e-01
8.219854e-02
2.211852e-02
2.396479e-02
1.449653e-01
0
0
1.550855e-01
1.884749e-01
1.479106e-01
2.389812e-01
0
0
0
0
0
0
0
2.006746e-02
2.213896e-01
6.613614e-02
0
2.633399e-01
4.373939e-02
0
0
1.102635e-01
2.126984e-01
3.318351e-01
1.461401e-01
2.379680e-02
2.279177e-01
0
0
0
1.325447e-02
0
9.594129e-02
0
1.494047e-02
5.420595e-01
1
1.158521e-01
0
0
0
1.933272e-01
0
0
1.413239e-01
1.796184e-01
0
7.844097e-02
0
2.152224e-01
0
3.363136e-01
0
1.004057e-01
0
0
0
2.919684e-01
3.774053e-01
0
4.247560e-01
4.150767e-01
0
3.400335e-02
1.986539e-01
9.683041e-02
2.598216e-01
3.675705e-01
0
0
0
0
1.344418e-02
6.440802e-02
0
0
0
0
0
0
0
0
0
0
0
0
5.724877e-02
1.995428e-02
8.132309e-02
1.664400e-01
1.579619e-01
1.973630e-01
8.996195e-02
3.502812e-04
0
5.246054e-02
1.259371e-01
1.994023e-01
2.627626e-02
3.529165e-02
0
5.920977e-02
0
0
0
2.707513e-01
0
0
0
8.920407e-02
2.202408e-01
3.594450e-01
1.446503e-01
0
2.158934e-01
2.086997e-01
0
0
2.422578e-01
6.011471e-02
0
1.853834e-01
0
0
0
2.568821e-01
0
0
0
3.258363e-01
2.191766e-01
0
1.450845e-01
0
0
0
0
2.570539e-01
0
1.695205e-01
2.267762e-01
0
1.081253e-01
0
5.388110e-01
0
0
0
2.463515e-01
0
0
2.289827e-02
1.158521e-01
1
1.750029e-01
0
0
0
0
0
0
5.072453e-02
0
7.869511e-02
6.174211e-02
0
0
1.377310e-01
0
1.432165e-01
0
0
1.545913e-01
8.411916e-02
2.066421e-01
3.549423e-01
0
0
0
7.577768e-02
0
1.097745e-01
0
0
1.121126e-01
2.028776e-01
3.949154e-02
1.110292e-01
0
5.450635e-02
0
0
1.046349e-01
1.026851e-01
0
1.467298e-01
0
0
3.947077e-01
4.024335e-01
2.445678e-01
4.466924e-01
4.207508e-01
3.626410e-01
2.443723e-01
4.116204e-01
0
0
0
0
8.899390e-03
2.418117e-01
1.483476e-01
1.924672e-02
0
0
0
0
2.972956e-01
1.272073e-01
0
0
0
0
1.197447e-01
2.588963e-01
0
0
0
0
6.342406e-02
7.273744e-02
0
0
4.294546e-01
3.768078e-01
2.412007e-01
0
2.355509e-01
0
0
0
3.692627e-01
0
0
0
0
0
2.930234e-03
0
5.126942e-01
4.883093e-01
0
9.470632e-03
0
0
0
0
0
0
5.320171e-01
2.643273e-01
5.734236e-01
0
5.728878e-01
1.606078e-01
1.079507e-01
0
0
1.750029e-01
1
4.623559e-01
4.603810e-02
0
0
0
0
0
0
0
0
0
0
1.001953e-01
0
0
0
0
9.284743e-02
0
1.366925e-01
2.931202e-01
0
0
0
0
0
0
0
0
3.543672e-01
3.694135e-01
4.462213e-02
1.603299e-01
1.510008e-01
3.346398e-01
0
0
2.853809e-01
1.328739e-01
2.174036e-01
2.823954e-01
8.179070e-02
0
3.288368e-01
4.470307e-01
3.955775e-01
4.639194e-01
2.685670e-01
2.350956e-01
1.717882e-01
2.602999e-01
0
0
0
0
0
0
0
2.384439e-01
2.363118e-01
2.488829e-01
4.737607e-01
0
6.624303e-01
5.168197e-01
0
0
6.443639e-02
2.208735e-01
2.663357e-01
9.610020e-03
0
0
5.047456e-02
0
1.464368e-01
0
8.311075e-03
2.078866e-01
0
0
2.962199e-01
0
4.532470e-01
1.426615e-01
0
0
2.992747e-01
2.426140e-01
0
0
0
0
0
0
1.993668e-01
3.683812e-01
3.569849e-02
0
5.353508e-02
0
0
0
0
0
3.011304e-01
6.563918e-01
4.290049e-01
1.622095e-01
0
1.080318e-01
9.309449e-02
0
0
0
4.623559e-01
1.000000e+00
