1
5.522533e-01
0
0
0
0
0
2.418223e-01
0
0
0
4.891016e-01
0
8.907242e-02
0
0
3.337673e-01
6.862565e-02
4.289438e-02
0
0
0
0
0
0
0
0
0
4.707963e-01
5.687718e-01
0
4.480303e-03
8.677727e-02
0
0
0
0
0
0
8.922750e-02
0
0
3.248916e-01
3.629557e-01
9.525662e-02
1.781702e-01
3.649243e-01
2.500807e-01
4.255192e-01
2.199735e-01
4.320744e-01
1.424895e-01
4.062721e-01
0
5.040042e-01
4.603274e-01
2.837115e-01
5.180792e-01
3.963653e-01
4.529661e-01
4.605597e-01
1.542670e-01
5.797839e-01
6.100318e-01
0
0
0
0
1.267196e-01
0
0
0
0
0
0
0
0
6.947079e-02
0
0
4.391081e-01
0
4.141318e-01
3.425976e-01
0
0
4.237032e-01
0
6.313045e-02
9.418630e-02
0
0
0
0
0
1.035272e-01
2.965320e-01
0
2.621087e-01
3.809103e-01
0
0
0
0
0
3.427881e-02
1.403318e-01
0
3.543029e-01
5.825202e-01
3.758175e-01
3.734141e-01
1.728016e-01
0
0
1.566382e-01
5.522533e-01
1
0
0
0
0
0
0
0
0
2.049307e-01
3.182252e-01
2.355131e-01
0
0
0
3.400915e-01
4.755446e-01
4.605148e-01
0
4.564117e-02
3.995159e-01
0
0
0
0
0
6.179194e-02
5.105081e-01
5.698228e-01
0
0
3.169636e-01
4.182589e-01
0
0
0
5.946766e-02
0
1.854609e-01
0
2.917156e-01
0
0
0
0
5.092144e-02
0
9.020141e-02
1.953793e-02
2.745794e-01
2.850996e-01
4.347225e-01
3.223790e-01
4.445711e-02
5.080888e-02
1.411158e-01
5.940227e-01
4.229729e-02
2.683607e-01
1.349944e-01
5.700225e-02
4.154511e-03
1.348942e-01
0
8.282009e-02
0
0
3.796764e-03
0
0
1.014795e-01
2.271877e-02
2.322401e-01
1.373753e-01
6.435502e-03
0
0
9.569497e-02
1.686547e-01
2.147258e-01
2.896117e-01
4.640430e-02
4.805714e-02
0
2.281293e-02
0
0
8.968526e-02
3.502258e-01
0
0
0
0
0
0
2.025930e-01
9.881222e-02
7.651585e-02
4.081311e-01
0
0
0
0
0
0
0
0
5.905242e-02
5.388625e-02
1.327882e-01
3.038783e-01
1.135196e-01
1.673101e-01
0
0
0
0
1
0
5.687808e-01
2.774395e-01
8.873418e-01
0
5.731467e-01
1.085470e-01
5.399622e-01
0
2.012770e-01
0
6.541345e-01
1.417587e-01
0
0
3.677013e-01
0
0
7.380678e-02
8.484389e-01
6.843725e-01
4.913412e-01
3.276635e-01
1.543090e-01
0
0
0
7.105317e-01
4.920177e-01
0
0
3.407488e-01
2.664793e-02
1.388705e-01
0
3.794029e-03
0
2.186043e-01
4.423837e-02
0
0
0
0
0
1.172201e-02
1.313519e-02
1.613266e-01
8.276589e-02
4.470286e-01
1.769419e-01
3.104393e-01
0
1.052788e-01
0
0
0
0
0
0
0
0
6.694246e-01
1.202588e-01
4.959016e-02
0
0
0
6.341296e-01
1.418856e-01
2.643596e-01
0
2.461906e-01
9.088073e-02
0
0
9.309551e-02
5.928962e-01
0
1.377285e-01
0
0
7.305684e-01
1.918396e-01
0
0
4.847930e-02
1.995927e-01
0
3.134302e-01
2.295046e-01
3.891925e-01
9.436031e-02
0
0
0
0
0
0
3.369005e-01
0
0
0
8.192534e-02
0
0
0
0
0
0
0
0
8.606507e-02
0
0
0
0
1
6.581511e-02
2.742649e-01
0
5.122457e-01
0
1.353598e-01
0
8.369542e-02
0
1.179710e-01
0
3.664639e-01
0
0
0
0
2.620984e-01
5.834968e-02
0
1.753123e-01
1.079834e-01
3.605653e-01
7.184192e-02
2.672790e-01
0
0
2.269623e-01
4.369007e-01
0
0
1.611587e-01
3.518585e-01
0
0
0
0
0
0
0
0
1.440067e-01
0
0
9.093605e-04
0
0
1.292437e-01
0
0
0
0
0
0
0
2.624602e-01
3.529557e-01
0
3.580045e-01
0
2.149498e-01
9.740174e-02
1.791591e-01
3.293860e-01
3.802787e-01
0
0
0
5.174959e-02
0
0
0
0
1.036885e-01
3.714854e-01
0
0
0
5.672373e-02
0
1.451440e-01
3.626362e-02
3.461781e-01
0
0
1.103134e-01
0
3.449591e-01
0
3.378783e-01
0
0
0
0
5.116404e-02
1.037013e-01
0
5.218558e-01
3.667513e-02
4.248581e-01
4.470523e-01
1.472866e-01
2.196786e-01
0
9.457267e-02
0
1.230167e-02
2.202497e-01
0
0
0
0
0
0
0
5.687808e-01
6.581511e-02
1.000000e+00
4.623877e-01
6.613851e-01
0
6.895485e-01
4.096059e-01
3.308848e-01
0
4.375206e-01
0
6.804667e-01
2.638100e-01
0
0
0
0
3.561268e-01
4.304185e-01
6.385648e-01
5.756662e-01
8.552060e-01
7.443860e-01
8.211137e-01
5.384756e-01
0
0
4.596735e-01
2.381982e-01
0
0
6.112666e-01
3.921167e-01
0
0
5.667293e-02
0
3.672844e-03
5.350070e-02
0
0
0
0
0
0
0
0
0
9.144396e-02
0
1.858727e-01
0
0
0
0
0
0
0
1.121237e-01
0
0
6.800857e-01
5.296500e-01
0
0
0
0
6.575638e-01
4.263598e-01
2.182966e-02
0
0
0
0
0
0
1.575548e-01
0
3.598504e-02
0
0
4.424801e-01
3.374744e-01
0
0
3.087040e-02
3.746044e-01
1.563882e-01
5.060874e-01
4.989660e-01
6.663317e-01
0
0
0
0
0
0
1.837405e-01
6.828221e-01
3.852833e-02
2.050771e-01
0
0
0
0
0
0
0
0
2.036484e-01
8.093524e-02
0
0
0
0
2.774395e-01
2.742649e-01
4.623877e-01
1.000000e+00
2.327149e-01
2.968083e-01
3.988087e-01
8.903368e-01
2.080615e-01
2.228724e-01
2.480222e-01
3.449027e-01
3.469335e-01
5.596463e-01
1.479128e-01
2.550588e-01
1.862550e-01
0
2.394730e-01
2.013431e-01
3.858970e-01
4.665417e-01
5.496390e-01
4.549053e-01
5.653238e-01
4.795867e-01
0
0
0
0
0
0
2.796990e-01
1.813558e-01
0
0
0
0
0
0
0
0
0
0
0
0
0
0
1.182644e-01
1.158651e-01
1.411569e-01
1.245444e-01
0
0
1.281205e-02
0
0
0
0
3.343595e-01
0
0
4.061976e-01
5.309447e-01
0
0
0
3.048048e-02
3.818212e-01
1.807495e-01
0
0
0
0
0
0
2.824931e-01
3.297675e-01
0
3.240129e-01
0
0
3.104824e-01
4.599343e-01
0
0
0
4.357384e-01
3.429316e-01
2.959537e-01
5.384036e-01
2.929809e-01
0
0
0
2.738844e-01
0
0
2.166770e-01
1.876302e-01
0
0
0
0
0
0
8.343960e-02
0
1.628403e-01
0
1.773175e-01
2.226519e-01
2.470196e-02
0
0
0
8.873418e-01
0
6.613851e-01
2.327149e-01
1.000000e+00
0
6.481393e-01
1.289497e-01
5.253986e-01
0
3.635095e-01
0
6.719846e-01
1.801456e-01
0
0
1.707152e-01
0
1.097346e-01
1.219434e-01
7.671622e-01
6.332525e-01
5.244556e-01
3.099517e-01
2.812356e-01
0
0
0
5.341024e-01
3.965199e-01
0
0
5.769361e-01
2.765582e-01
1.080830e-01
0
5.889140e-02
0
3.257523e-01
1.958202e-01
0
0
0
0
0
1.027239e-02
0
1.418219e-01
2.569229e-02
3.939184e-01
0
2.274537e-01
0
1.260312e-02
0
0
0
0
0
0
0
0
7.741065e-01
1.855130e-01
2.725557e-01
0
0
0
7.320088e-01
3.242740e-01
3.666232e-01
5.720858e-04
2.935920e-01
1.925823e-01
5.570658e-03
0
7.399830e-03
3.998817e-01
0
1.406966e-01
0
0
6.623516e-01
2.297931e-01
0
0
5.863395e-03
2.607678e-02
0
5.150220e-01
3.852221e-01
4.753693e-01
0
0
0
0
0
0
0
5.670649e-01
0
5.244245e-02
0
0
0
0
0
0
0
0
1.530288e-02
0
0
0
2.418223e-01
0
0
5.122457e-01
0
2.968083e-01
0
1
0
3.410501e-01
0
7.478248e-01
7.347783e-02
6.929155e-01
0
4.244019e-01
0
0
0
4.171536e-02
1.979692e-01
1.703626e-02
0
0
0
4.424397e-02
1.829026e-01
2.960458e-01
0
1.434337e-02
0
0
0
1.231476e-01
0
1.283173e-01
0
0
0
0
0
0
0
0
0
5.611656e-02
0
0
0
0
0
0
0
0
0
0
1.311711e-01
1.709060e-01
1.913959e-01
5.186402e-01
1.506131e-01
6.734280e-01
1.343377e-01
4.143353e-01
0
3.118519e-01
0
2.050916e-01
1.723643e-01
2.041943e-02
0
2.356583e-01
0
0
0
0
5.965983e-02
3.350835e-01
0
0
0
8.851807e-02
0
3.562639e-01
0
2.027134e-01
0
2.383001e-01
0
0
3.037992e-01
0
1.480781e-01
0
0
1.551731e-01
0
4.288076e-01
1.069358e-01
1.558242e-01
3.762234e-01
0
3.772478e-01
2.289030e-01
1.668997e-01
0
8.734922e-02
3.358131e-01
3.281470e-01
2.249527e-01
5.685044e-01
0
2.317119e-02
1.420581e-01
4.859282e-02
0
0
0
5.731467e-01
0
6.895485e-01
3.988087e-01
6.481393e-01
0
1
3.967934e-01
4.163396e-01
0
5.266729e-01
1.293913e-01
7.921751e-01
3.176907e-01
0
0
0
0
0
0
5.643106e-01
5.090657e-01
4.638680e-01
3.631280e-01
4.557581e-01
4.091178e-02
0
0
2.058681e-01
1.719829e-02
0
0
4.649825e-01
1.317398e-01
1.340454e-01
7.986141e-02
4.381984e-02
1.635837e-01
2.534508e-01
8.522373e-02
0
0
0
0
0
0
0
0
0
1.763199e-01
0
2.194233e-01
9.281967e-03
2.516996e-01
0
0
0
0
0
0
0
0
5.889017e-01
2.949187e-01
0
0
0
1.385608e-02
5.155182e-01
2.178003e-01
0
0
0
1.416478e-02
0
0
9.045586e-02
4.960913e-01
0
2.672258e-01
6.959028e-04
0
5.057651e-01
1.736633e-01
1.364744e-01
9.943002e-02
1.338572e-01
2.795531e-01
0
4.621098e-01
4.284662e-01
6.051132e-01
3.152544e-01
1.981293e-02
2.854492e-02
0
0
0
0
5.526074e-01
0
0
0
0
0
0
2.593396e-01
4.296728e-02
0
0
1.812694e-01
0
8.374266e-02
0
0
0
1.085470e-01
1.353598e-01
4.096059e-01
8.903368e-01
1.289497e-01
3.410501e-01
3.967934e-01
1
2.471729e-01
3.367059e-01
4.399015e-01
3.642915e-01
3.124928e-01
4.883020e-01
2.145121e-01
3.805798e-01
1.287162e-01
0
1.085729e-01
9.635796e-02
1.636352e-01
2.273599e-01
5.079612e-01
3.044152e-01
5.353446e-01
3.920497e-01
0
0
0
0
0
0
2.701350e-01
1.630826e-01
0
0
0
0
0
0
0
0
0
0
0
0
0
0
8.487314e-02
3.532426e-02
9.155203e-02
7.697658e-02
0
0
1.450696e-01
0
0
0
0
4.533270e-01
0
0
3.377703e-01
5.694095e-01
0
0
0
7.785042e-02
2.613983e-01
6.760519e-02
0
0
0
0
0
0
3.496936e-01
2.752440e-01
7.813409e-02
4.053817e-01
0
0
2.139502e-01
4.425635e-01
0
0
1.077868e-01
4.349167e-01
3.940182e-01
4.035168e-01
4.068513e-01
3.004338e-01
0
0
0
3.869461e-01
0
7.628584e-02
2.887766e-01
2.355478e-01
6.137679e-02
0
0
0
0
0
1.388683e-01
0
2.082016e-01
0
2.752156e-01
3.057292e-01
0
0
0
2.049307e-01
5.399622e-01
0
3.308848e-01
2.080615e-01
5.253986e-01
0
4.163396e-01
2.471729e-01
1.000000e+00
0
5.722220e-01
0
4.829056e-01
1.585788e-01
0
0
1.752756e-01
0
0
1.095922e-01
6.102608e-01
4.059464e-01
4.829303e-01
0
1.214353e-01
0
0
0
3.345808e-01
0
0
0
5.305265e-01
2.439340e-01
1.740175e-01
0
1.520554e-01
1.337184e-01
3.048503e-01
1.502972e-01
0
0
0
0
0
0
0
0
2.110508e-01
5.433221e-01
3.641576e-01
5.777939e-01
0
5.286640e-02
0
0
0
0
0
0
0
0
5.979886e-01
3.461948e-01
0
0
0
5.897525e-03
5.101127e-01
8.857037e-02
3.276053e-01
7.821524e-02
1.801648e-01
9.868343e-02
0
0
0
3.114720e-01
0
4.422932e-01
0
0
6.122586e-01
3.716735e-01
0
0
2.816616e-01
3.412686e-01
0
3.728346e-01
0
4.474728e-01
0
0
0
0
0
0
0
1.617111e-01
0
0
0
0
0
0
0
0
0
0
4.512329e-01
0
0
0
4.891016e-01
3.182252e-01
0
8.369542e-02
0
2.228724e-01
0
7.478248e-01
0
3.367059e-01
0
1.000000e+00
4.623272e-02
6.513009e-01
0
1.902683e-01
2.112318e-01
2.205305e-01
1.636768e-01
7.206386e-02
3.928590e-02
0
0
0
0
0
0
1.061200e-01
1.037190e-01
3.209016e-01
0
0
0
1.530730e-01
0
0
0
0
0
0
0
0
0
0
0
0
1.215643e-03
0
0
0
8.600713e-02
0
1.198921e-01
0
0
0
3.382167e-01
4.782909e-01
3.251535e-01
5.864354e-01
3.730104e-01
4.995833e-01
3.554348e-01
3.931370e-01
0
1.928384e-01
0
0
3.007403e-01
7.236514e-02
0
5.405770e-02
0
0
0
0
0
1.587460e-01
4.999550e-02
0
3.027088e-01
1.364233e-01
0
2.262748e-01
0
1.108668e-01
7.604995e-02
1.534580e-01
2.168149e-02
2.448159e-01
4.943673e-02
0
0
0
0
2.687338e-01
0
4.568596e-01
8.222497e-02
2.961004e-01
1.368909e-01
0
1.040094e-01
0
2.632204e-01
0
2.469929e-01
1.318005e-01
4.856392e-01
1.353871e-01
4.867646e-01
5.679334e-02
2.739387e-02
3.627963e-01
9.762015e-02
8.541225e-02
0
2.355131e-01
2.012770e-01
0
4.375206e-01
2.480222e-01
3.635095e-01
7.347783e-02
5.266729e-01
4.399015e-01
5.722220e-01
4.623272e-02
1
2.741615e-01
6.456140e-01
3.547037e-01
0
0
0
0
0
1.561029e-01
2.137705e-01
7.435955e-02
3.582665e-01
0
2.827992e-01
0
0
0
0
0
0
0
4.487677e-01
3.503637e-01
0
5.742568e-02
2.450232e-01
1.679389e-01
1.633498e-01
3.574813e-01
0
0
0
0
0
0
0
0
0
2.004157e-01
0
2.246696e-01
0
0
0
0
0
0
0
2.693018e-01
0
0
4.919878e-01
6.509928e-01
0
0
0
1.566086e-02
2.106574e-01
4.045149e-01
1.793167e-02
8.827506e-02
0
0
8.234785e-03
0
0
4.492773e-02
0
4.631089e-01
0
1.440889e-01
4.127983e-01
4.595308e-01
0
2.790411e-01
3.602025e-01
3.374427e-01
2.517676e-02
4.912803e-01
1.881036e-01
5.894167e-01
0
0
6.062903e-02
1.210715e-01
0
1.043809e-01
0
5.073567e-01
0
0
0
0
0
0
4.493629e-03
8.109045e-02
0
0
1.883902e-01
0
0
0
8.907242e-02
0
0
1.179710e-01
0
3.449027e-01
0
6.929155e-01
1.293913e-01
3.642915e-01
0
6.513009e-01
2.741615e-01
1
5.594394e-03
6.865520e-01
0
0
0
7.904223e-02
0
0
0
1.128482e-01
0
2.157814e-02
1.597536e-01
5.935442e-02
0
0
0
0
0
0
2.716603e-02
1.708735e-01
0
0
0
1.524026e-01
0
0
0
0
0
0
0
0
0
0
0
0
0
0
0
0
0
0
0
1.201901e-01
0
5.771138e-01
0
9.505653e-02
0
5.015631e-01
0
1.740751e-01
1.603283e-01
2.792420e-01
0
2.746937e-01
0
0
0
0
0
0
0
0
0
3.790822e-01
0
2.252216e-01
0
4.524606e-01
0
4.806680e-01
1.522361e-01
2.100873e-01
2.041653e-01
0
3.860719e-01
8.584419e-02
0
2.962953e-01
0
4.352037e-01
0
0
7.526162e-02
0
0
0
3.011596e-02
0
2.558163e-01
3.340478e-01
5.033592e-01
2.750979e-01
4.518459e-01
0
6.453713e-02
1.946271e-01
9.679388e-02
0
0
0
6.541345e-01
0
6.804667e-01
3.469335e-01
6.719846e-01
0
7.921751e-01
3.124928e-01
4.829056e-01
0
6.456140e-01
5.594394e-03
1
4.012198e-01
0
0
0
0
0
1.101825e-01
5.541912e-01
4.627324e-01
4.408513e-01
3.663118e-01
3.413154e-01
8.917175e-02
0
0
3.962253e-01
2.061961e-01
0
0
4.710908e-01
2.578231e-01
9.884213e-02
2.135258e-01
1.859667e-01
1.972911e-01
2.248732e-01
2.855493e-01
0
0
0
0
0
0
0
0
0
2.239376e-01
0
2.185000e-01
0
9.002147e-02
0
0
0
0
0
0
0
0
6.066867e-01
4.225608e-01
0
0
0
0
3.572770e-01
2.740821e-01
0
0
0
0
0
0
0
4.029038e-01
0
4.010035e-01
1.196679e-01
0
6.188992e-01
3.452141e-01
0
4.764466e-02
2.815527e-01
2.521162e-01
0
4.045430e-01
3.679771e-01
6.205913e-01
5.688965e-02
0
1.115868e-01
0
0
0
0
5.522795e-01
0
0
0
0
0
0
8.728157e-02
2.299519e-01
0
0
4.881049e-02
0
0
0
0
0
1.417587e-01
3.664639e-01
2.638100e-01
5.596463e-01
1.801456e-01
4.244019e-01
3.176907e-01
4.883020e-01
1.585788e-01
1.902683e-01
3.547037e-01
6.865520e-01
4.012198e-01
1
0
0
3.583346e-02
1.201281e-01
1.970825e-01
7.655251e-02
2.809731e-01
5.721785e-01
2.486528e-01
2.511546e-01
2.947012e-01
1.373210e-01
0
0
0
1.381757e-01
0
0
3.129673e-01
3.696925e-01
0
0
0
0
0
0
0
0
0
0
0
0
0
0
0
0
0
0
0
0
0
0
0
0
0
4.119761e-01
0
0
4.221788e-01
6.230048e-01
2.546487e-01
2.257854e-01
0
1.311952e-01
1.414418e-01
4.238520e-01
0
0
0
0
0
0
0
0
0
5.654988e-01
0
4.476860e-02
3.800453e-01
6.541676e-01
0
2.659303e-01
0
9.491731e-02
3.449085e-01
1.154551e-01
6.938132e-01
2.567883e-01
0
0
0
1.872237e-01
0
0
1.817236e-01
2.408746e-01
7.413531e-02
4.229493e-02
0
0
0
1.694241e-01
2.135454e-01
3.594055e-02
9.299391e-02
0
0
9.554541e-02
0
0
3.337673e-01
3.400915e-01
0
0
0
1.479128e-01
0
0
0
2.145121e-01
0
2.112318e-01
0
0
0
0
1
7.744583e-01
3.075928e-01
2.108329e-01
0
0
0
0
0
0
0
1.480590e-01
5.895248e-01
6.240416e-01
0
0
1.837393e-01
1.975011e-01
0
0
1.491745e-01
0
0
0
0
0
3.560674e-01
2.515595e-01
0
0
4.971630e-01
2.475812e-01
3.779776e-01
2.241540e-01
1.758217e-01
0
2.987165e-01
1.612494e-01
2.149729e-01
1.461243e-01
6.623998e-01
6.676899e-01
2.600778e-01
2.539959e-01
3.171489e-01
0
3.057740e-01
1.031851e-01
0
0
0
0
2.413869e-01
1.716657e-02
0
0
0
0
0
0
0
0
7.030423e-01
4.235164e-01
8.388551e-01
0
2.481343e-01
6.029476e-02
0
0
5.083009e-02
0
0
0
0
0
0
0
1.468830e-01
3.450027e-01
1.728618e-01
1.270255e-01
4.420486e-01
4.294983e-01
0
0
0
0
2.123083e-01
2.913951e-03
2.707193e-01
0
9.567480e-02
3.299529e-02
3.333681e-01
6.840240e-01
2.436717e-01
0
1.201174e-01
1.095373e-01
6.862565e-02
4.755446e-01
0
0
0
2.550588e-01
0
0
0
3.805798e-01
0
2.205305e-01
0
0
0
0
7.744583e-01
1
5.717327e-01
1.383335e-01
1.705337e-01
1.646803e-01
0
0
0
0
3.598925e-02
2.540430e-01
5.023581e-01
5.440439e-01
0
0
2.860178e-01
4.132400e-01
0
0
0
0
0
0
0
2.253115e-02
2.252021e-01
1.012098e-01
0
0
3.531232e-01
1.072141e-01
2.955332e-01
2.604423e-01
6.036933e-02
0
1.392243e-01
6.346217e-02
5.351571e-03
0
4.484284e-01
6.581761e-01
5.556319e-04
6.858252e-02
1.840699e-01
0
1.178873e-02
0
0
0
0
0
7.434449e-02
3.536438e-02
0
0
0
0
0
0
0
0
7.970287e-01
4.513315e-01
6.199374e-01
9.601861e-02
1.221747e-02
0
0
0
0
0
0
7.123251e-02
8.799302e-03
1.016262e-01
0
0
0
9.349664e-02
0
2.305072e-01
3.455851e-01
4.841227e-01
4.395352e-02
0
3.591956e-02
0
3.138779e-01
0
0
0
8.637974e-02
0
0
5.013464e-01
5.667051e-02
3.345049e-01
3.841165e-02
0
4.289438e-02
4.605148e-01
3.677013e-01
0
0
1.862550e-01
1.707152e-01
0
0
1.287162e-01
1.752756e-01
1.636768e-01
0
0
0
3.583346e-02
3.075928e-01
5.717327e-01
1
3.753852e-01
1.875227e-01
1.717613e-01
1.742205e-01
1.496925e-01
0
0
0
0
3.048973e-01
3.500834e-01
1.014585e-01
0
7.066175e-02
2.421561e-01
0
0
0
0
0
0
0
0
8.447999e-02
7.020318e-02
0
0
2.634681e-01
3.185470e-02
2.091886e-01
4.126252e-01
0
1.447522e-01
1.713447e-01
2.925441e-03
0
0
0
2.490833e-01
0
0
0
0
0
0
0
0
0
0
0
1.254888e-01
2.004478e-01
1.283143e-01
1.416180e-01
0
3.199905e-01
6.202868e-02
0
0
5.148426e-01
5.950255e-01
2.619626e-01
2.540675e-01
0
0
6.072602e-02
0
0
0
0
1.851013e-01
0
0
0
0
1.026852e-01
0
0
0
0
0
0
0
0
0
2.945421e-01
0
1.267922e-02
0
1.240979e-01
0
0
0
0
3.967380e-01
2.385591e-01
1.977049e-01
0
0
0
0
0
0
0
4.171536e-02
0
0
0
7.206386e-02
0
7.904223e-02
0
1.201281e-01
2.108329e-01
1.383335e-01
3.753852e-01
1.000000e+00
1.112879e-01
0
0
1.606123e-01
0
0
4.894839e-02
1.477576e-01
2.320907e-01
3.313416e-01
5.038931e-02
0
0
1.579936e-01
0
0
3.364826e-01
3.136316e-01
8.757299e-02
1.905309e-01
1.503883e-01
0
0
0
0
5.737249e-02
0
0
0
0
0
0
0
0
0
0
0
2.033465e-01
0
5.102015e-03
0
1.913506e-01
1.502148e-01
1.415232e-01
0
0
0
7.313268e-02
5.133047e-01
5.872354e-01
0
0
1.078043e-01
1.075299e-01
5.784971e-02
0
0
0
2.567666e-01
7.922946e-02
2.105958e-01
0
2.141032e-01
0
0
0
2.297529e-01
4.307521e-02
0
3.839943e-02
1.283963e-01
0
0
0
3.974731e-01
3.718578e-01
1.956563e-01
1.543074e-01
0
0
4.937625e-02
0
1.430643e-01
0
4.602492e-01
1.650303e-01
4.355537e-01
1.463382e-01
3.476287e-02
1.606646e-02
1.855234e-01
0
0
1.637321e-01
2.509497e-01
3.566724e-01
0
4.564117e-02
0
2.620984e-01
3.561268e-01
2.394730e-01
1.097346e-01
1.979692e-01
0
1.085729e-01
0
3.928590e-02
0
0
0
1.970825e-01
0
1.705337e-01
1.875227e-01
1.112879e-01
1
7.799591e-01
9.848605e-02
2.260830e-01
4.088019e-01
3.673477e-01
6.241300e-01
6.725000e-01
0
0
1.441626e-01
2.145413e-01
4.915913e-02
7.404558e-02
1.996694e-01
2.687538e-01
0
0
0
0
0
0
0
0
4.563561e-02
0
0
2.460603e-02
0
0
0
0
0
0
0
0
0
7.859039e-02
0
5.049099e-02
0
1.743142e-01
0
0
3.476181e-02
2.051745e-01
6.580138e-02
1.062148e-01
0
0
3.459953e-01
5.652593e-01
3.377590e-02
0
0
4.594051e-02
6.514896e-02
1.401780e-01
0
0
0
0
0
0
0
2.081352e-01
0
0
0
4.367538e-02
5.215672e-01
4.718325e-02
3.052226e-01
0
0
0
0
0
2.038458e-01
0
5.003494e-01
3.291057e-02
5.384324e-01
2.401358e-01
3.090165e-01
0
0
1.392185e-02
0
0
0
0
3.262757e-02
4.065489e-01
0
0
0
3.995159e-01
7.380678e-02
5.834968e-02
4.304185e-01
2.013431e-01
1.219434e-01
1.703626e-02
0
9.635796e-02
1.095922e-01
0
1.561029e-01
0
1.101825e-01
7.655251e-02
0
1.646803e-01
1.717613e-01
0
7.799591e-01
1
2.181716e-01
1.456264e-01
5.274553e-01
3.141146e-01
5.618963e-01
6.541567e-01
0
8.656112e-02
1.181000e-01
0
2.974375e-02
1.095984e-01
2.640270e-01
3.341943e-01
0
5.428339e-04
0
0
0
1.930608e-01
0
0
0
0
0
0
0
0
0
0
2.866056e-02
2.187298e-01
0
0
0
1.256483e-01
0
0
0
1.663393e-01
0
0
1.313305e-01
4.005334e-01
0
0
0
0
2.751801e-01
6.515106e-01
4.600074e-02
1.048907e-01
7.629997e-03
2.963102e-02
0
0
0
0
0
6.966308e-02
0
0
0
3.001754e-01
0
0
0
3.068017e-01
3.135276e-01
1.438358e-01
2.152622e-01
2.180953e-01
0
0
9.210287e-02
0
0
0
1.908421e-01
1.494952e-01
1.844526e-01
0
8.142695e-02
0
0
0
0
0
0
7.395457e-03
1.407149e-01
3.625093e-01
0
0
0
0
8.484389e-01
0
6.385648e-01
3.858970e-01
7.671622e-01
0
5.643106e-01
1.636352e-01
6.102608e-01
0
2.137705e-01
0
5.541912e-01
2.809731e-01
0
0
1.742205e-01
0
9.848605e-02
2.181716e-01
1
8.783207e-01
7.077011e-01
4.756187e-01
3.843661e-01
9.390745e-02
0
0
6.328115e-01
3.360650e-01
0
0
5.818994e-01
3.327763e-01
1.605335e-01
1.398362e-02
3.527663e-02
1.042144e-01
2.710389e-01
0
0
0
0
0
0
0
0
0
0
3.648109e-01
1.011546e-01
4.015835e-01
0
0
0
0
0
0
0
0
0
0
8.420057e-01
3.852879e-01
1.213754e-01
0
0
3.334394e-02
6.281102e-01
2.231639e-01
3.407994e-01
0
1.823600e-01
1.238346e-01
0
0
0
3.123407e-01
0
1.341501e-01
0
0
8.313029e-01
4.224214e-01
0
0
6.288689e-02
3.711403e-01
6.711690e-02
4.284180e-01
4.807982e-01
5.665037e-01
1.831134e-01
0
0
0
0
0
0
4.639590e-01
0
0
0
1.012861e-01
0
0
0
0
0
0
2.365369e-02
0
0
0
0
0
6.843725e-01
1.753123e-01
5.756662e-01
4.665417e-01
6.332525e-01
0
5.090657e-01
2.273599e-01
4.059464e-01
0
7.435955e-02
1.128482e-01
4.627324e-01
5.721785e-01
0
0
1.496925e-01
1.606123e-01
2.260830e-01
1.456264e-01
8.783207e-01
1
6.135780e-01
5.686187e-01
4.275919e-01
1.994895e-01
0
0
5.481715e-01
4.622316e-01
0
0
5.021238e-01
3.138753e-01
0
0
0
0
2.361490e-02
0
0
0
0
0
0
0
0
0
0
1.902730e-01
0
4.805547e-02
0
0
0
0
0
0
0
1.967358e-02
0
0
7.706756e-01
4.559412e-01
2.903355e-01
0
0
1.108150e-01
5.664157e-01
2.668677e-01
1.610885e-01
0
0
7.418735e-02
0
0
0
2.182696e-01
0
2.328848e-01
0
0
7.264185e-01
5.445205e-01
0
0
0
2.823651e-01
2.252278e-01
2.360165e-01
6.721312e-01
3.790270e-01
1.400327e-01
0
0
0
0
0
1.018965e-01
3.863287e-01
0
0
0
8.606223e-02
0
0
0
0
0
0
1.416847e-02
7.824577e-02
9.817825e-02
0
0
0
4.913412e-01
1.079834e-01
8.552060e-01
5.496390e-01
5.244556e-01
0
4.638680e-01
5.079612e-01
4.829303e-01
0
3.582665e-01
0
4.408513e-01
2.486528e-01
0
0
0
0
4.088019e-01
5.274553e-01
7.077011e-01
6.135780e-01
1.000000e+00
6.566000e-01
8.175425e-01
5.691025e-01
0
0
4.552065e-01
6.692012e-02
0
0
6.987986e-01
5.153566e-01
0
0
5.414848e-02
0
5.838447e-02
1.272647e-02
0
0
0
0
0
0
0
0
0
1.643378e-01
5.137157e-02
3.698676e-01
0
0
0
0
0
0
0
2.713714e-01
0
0
7.193218e-01
6.611718e-01
0
0
0
0
5.710243e-01
3.060233e-01
1.320380e-01
0
0
0
0
0
0
6.358587e-02
0
1.536410e-01
0
0
5.099971e-01
5.399119e-01
0
0
1.400554e-01
5.654978e-01
4.318271e-01
5.834657e-01
5.112661e-01
6.609288e-01
0
0
0
0
0
0
3.933994e-01
5.903914e-01
2.065532e-01
6.945751e-02
0
0
0
0
0
0
0
0
2.770857e-01
1.935716e-01
0
0
0
0
3.276635e-01
3.605653e-01
7.443860e-01
4.549053e-01
3.099517e-01
4.424397e-02
3.631280e-01
3.044152e-01
0
0
0
2.157814e-02
3.663118e-01
2.511546e-01
0
0
0
0
3.673477e-01
3.141146e-01
4.756187e-01
5.686187e-01
6.566000e-01
1.000000e+00
7.203082e-01
6.971808e-01
0
0
4.738235e-01
4.817859e-01
0
0
4.138915e-01
3.524745e-01
0
0
0
0
0
0
0
0
6.373087e-02
0
0
0
0
0
0
0
0
0
0
0
0
0
0
0
0
2.729126e-01
0
0
4.733766e-01
3.761387e-01
8.380598e-02
0
0
0
3.657630e-01
1.804651e-01
0
0
0
0
2.330339e-02
0
0
0
0
0
1.066328e-02
0
2.843287e-01
2.913260e-01
0
0
0
2.901509e-01
2.335236e-01
1.780999e-01
5.272460e-01
3.001242e-01
0
0
0
0
0
0
3.679274e-01
4.193470e-01
9.973414e-02
3.413374e-01
0
1.991394e-01
0
0
0
0
6.779938e-02
0
0
1.003492e-01
9.298705e-02
0
0
0
1.543090e-01
7.184192e-02
8.211137e-01
5.653238e-01
2.812356e-01
1.829026e-01
4.557581e-01
5.353446e-01
1.214353e-01
0
2.827992e-01
1.597536e-01
3.413154e-01
2.947012e-01
0
3.598925e-02
0
4.894839e-02
6.241300e-01
5.618963e-01
3.843661e-01
4.275919e-01
8.175425e-01
7.203082e-01
1.000000e+00
7.980536e-01
0
0
1.934173e-01
6.627610e-03
0
0
5.162490e-01
4.277595e-01
0
0
0
0
0
0
0
0
0
0
0
0
0
0
0
0
0
4.813441e-02
0
0
0
0
0
0
0
4.285731e-01
0
0
4.367636e-01
5.865099e-01
0
0
0
0
4.419443e-01
4.055719e-01
0
0
0
0
0
0
0
0
0
0
0
0
1.599968e-01
3.760076e-01
0
0
0
4.631089e-01
4.914594e-01
4.682969e-01
5.316498e-01
4.667753e-01
0
0
0
0
0
0
4.664259e-01
5.178917e-01
3.156831e-01
2.408920e-01
0
0
0
0
0
0
4.341297e-02
0
1.731186e-01
2.978421e-01
0
0
0
6.179194e-02
0
2.672790e-01
5.384756e-01
4.795867e-01
0
2.960458e-01
4.091178e-02
3.920497e-01
0
1.061200e-01
0
5.935442e-02
8.917175e-02
1.373210e-01
1.480590e-01
2.540430e-01
0
1.477576e-01
6.725000e-01
6.541567e-01
9.390745e-02
1.994895e-01
5.691025e-01
6.971808e-01
7.980536e-01
1
0
9.835401e-02
1.607509e-01
7.047851e-02
0
0
1.217443e-01
1.886868e-01
0
0
0
0
0
0
0
0
0
0
0
0
0
0
0
0
0
0
0
0
0
2.456374e-01
0
0
0
4.972983e-01
0
0
4.086954e-02
4.181675e-01
0
0
0
0
1.112361e-01
2.446195e-01
0
0
0
0
0
3.815076e-02
8.134473e-02
0
0
0
0
0
0
2.391178e-01
0
0
0
4.121306e-01
4.068213e-01
1.027595e-01
3.473701e-01
1.416425e-01
0
0
3.961385e-02
6.286328e-02
0
0
5.023810e-01
1.942481e-01
3.252060e-01
2.064304e-01
3.361145e-01
0
0
0
0
0
3.175897e-01
0
8.485905e-02
4.356736e-01
0
0
4.707963e-01
5.105081e-01
0
0
0
0
0
0
0
0
0
1.037190e-01
0
0
0
0
5.895248e-01
5.023581e-01
3.048973e-01
2.320907e-01
0
0
0
0
0
0
0
0
1
8.405057e-01
0
0
5.723604e-01
5.569168e-01
0
0
3.854623e-01
3.269524e-01
1.732419e-01
3.159101e-01
2.085239e-01
2.881839e-01
3.918169e-01
4.092688e-01
9.875978e-02
2.865614e-01
4.874364e-01
2.624012e-01
4.142193e-01
4.098984e-01
0
0
7.344369e-02
7.774499e-02
2.572276e-01
2.375053e-01
3.286174e-01
5.906261e-01
1.542652e-01
1.706007e-01
4.747220e-01
0
4.438156e-01
4.322302e-01
0
0
0
0
4.309651e-01
6.221166e-02
0
0
0
2.823622e-01
3.036050e-01
4.531985e-02
0
0
3.755694e-01
2.924764e-01
7.076690e-01
0
5.613692e-01
2.690143e-01
0
0
4.200276e-01
1.043462e-02
0
0
0
0
0
0
3.508365e-01
4.730208e-01
5.086118e-01
9.392638e-02
3.526647e-01
4.290930e-01
0
0
0
0
4.254801e-02
9.346799e-03
3.447400e-01
1.295916e-01
1.842686e-01
2.817962e-01
1.271196e-01
6.733878e-01
1.791077e-02
0
1.142483e-01
3.529311e-01
5.687718e-01
5.698228e-01
0
0
0
0
0
1.434337e-02
0
0
0
3.209016e-01
0
0
0
0
6.240416e-01
5.440439e-01
3.500834e-01
3.313416e-01
0
8.656112e-02
0
0
0
0
0
9.835401e-02
8.405057e-01
1.000000e+00
0
0
2.416766e-01
4.113929e-01
0
0
1.437612e-01
3.117907e-01
7.039477e-03
2.843306e-01
0
3.011248e-02
3.536463e-01
3.597017e-01
4.795015e-02
2.167859e-01
4.229817e-01
1.815137e-01
2.871355e-01
2.117199e-01
0
0
1.069671e-01
4.941042e-03
1.530029e-01
1.646910e-01
2.163218e-01
7.282108e-01
7.811838e-02
1.786648e-01
3.129987e-01
0
5.017115e-01
4.329516e-01
0
0
0
0
3.361073e-01
0
0
0
0
4.386791e-02
3.768051e-02
0
0
0
3.066944e-01
1.812125e-01
6.989329e-01
0
5.788359e-01
2.588270e-01
0
0
4.216183e-01
0
0
2.771892e-02
0
0
0
0
3.234279e-01
5.111326e-01
5.234724e-01
1.141202e-01
2.120071e-01
2.737632e-01
0
0
0
0
2.129918e-01
9.408568e-02
2.340487e-01
0
2.492840e-01
3.440277e-01
3.498184e-01
5.263124e-01
0
3.158149e-02
1.611626e-01
3.280532e-01
0
0
7.105317e-01
2.269623e-01
4.596735e-01
0
5.341024e-01
0
2.058681e-01
0
3.345808e-01
0
0
0
3.962253e-01
0
0
0
1.014585e-01
5.038931e-02
1.441626e-01
1.181000e-01
6.328115e-01
5.481715e-01
4.552065e-01
4.738235e-01
1.934173e-01
1.607509e-01
0
0
1
6.975759e-01
0
0
2.454790e-01
2.865577e-02
2.125617e-01
0
2.202706e-01
4.036776e-02
1.366110e-01
4.791452e-02
0
0
0
0
0
1.744882e-03
0
0
1.481618e-02
2.377384e-01
1.718748e-01
1.877997e-01
0
0
0
0
0
0
0
0
0
0
3.703162e-01
4.043153e-03
3.079509e-02
0
0
0
3.846973e-01
0
3.060555e-01
0
1.617505e-01
1.279046e-01
0
0
0
3.109984e-01
0
0
2.061025e-01
0
4.582653e-01
1.182126e-01
0
0
1.678057e-01
1.861330e-01
0
0
0
1.561660e-01
1.582905e-01
0
0
0
0
0
0
1.087741e-01
0
1.225963e-01
0
2.807102e-01
0
0
0
0
0
0
0
0
1.147450e-01
8.021054e-02
4.480303e-03
0
4.920177e-01
4.369007e-01
2.381982e-01
0
3.965199e-01
0
1.719829e-02
0
0
0
0
0
2.061961e-01
1.381757e-01
0
0
0
0
2.145413e-01
0
3.360650e-01
4.622316e-01
6.692012e-02
4.817859e-01
6.627610e-03
7.047851e-02
0
0
6.975759e-01
1
0
0
5.198733e-02
0
0
0
0
0
0
0
2.986217e-01
3.594463e-01
5.373588e-01
2.805351e-01
1.709786e-01
3.770089e-01
3.060051e-01
1.769832e-01
1.401494e-01
3.892309e-02
4.537753e-02
0
1.915263e-01
5.934479e-02
0
0
0
0
0
0
1.161193e-01
8.138933e-02
1.913240e-01
0
3.826504e-01
1.364724e-01
0
0
3.036815e-01
2.570115e-03
0
0
0
2.814766e-03
2.415686e-01
2.198830e-02
0
5.083529e-02
0
0
3.190570e-01
0
2.211539e-01
0
0
0
0
0
0
0
6.950680e-02
0
0
0
0
0
0
0
6.510920e-02
0
3.725067e-02
3.383145e-01
0
5.165964e-01
0
0
0
1.206404e-01
0
0
0
0
1.617392e-01
1.830781e-01
8.677727e-02
3.169636e-01
0
0
0
0
0
0
0
0
0
0
0
0
0
0
1.837393e-01
2.860178e-01
7.066175e-02
0
4.915913e-02
2.974375e-02
0
0
0
0
0
0
5.723604e-01
2.416766e-01
0
0
1
7.226167e-01
0
0
2.543713e-01
7.921616e-02
2.923309e-01
0
3.046844e-01
5.183271e-01
2.976818e-01
2.462178e-01
2.634201e-01
2.797995e-01
2.686476e-01
3.022153e-01
3.355165e-01
2.354714e-01
0
0
0
0
0
0
2.010972e-01
3.567527e-01
3.278102e-01
3.859456e-01
4.236421e-01
0
1.756282e-01
3.850360e-01
0
0
1.508463e-01
2.449106e-01
3.107104e-01
0
0
0
3.415897e-01
4.067348e-01
3.469895e-01
2.291616e-01
1.350763e-01
3.901706e-01
1.298162e-01
0
1.829847e-01
0
1.181658e-01
5.423882e-02
0
0
0
0
0
0
0
0
0
0
0
0
2.314073e-01
0
6.150244e-01
6.092874e-01
1.045231e-02
0
3.695550e-01
2.781804e-01
9.808844e-02
0
0
3.238877e-01
0
0
0
5.311242e-01
1.067997e-01
0
0
1.526139e-01
0
4.182589e-01
0
0
0
0
0
1.231476e-01
0
0
0
1.530730e-01
0
0
0
0
1.975011e-01
4.132400e-01
2.421561e-01
1.579936e-01
7.404558e-02
1.095984e-01
0
0
0
0
0
0
5.569168e-01
4.113929e-01
0
0
7.226167e-01
1
0
0
3.262139e-01
3.176702e-01
1.205749e-01
1.377538e-01
2.812654e-01
6.290810e-01
1.403800e-01
8.316479e-02
1.915777e-02
1.994579e-01
1.191943e-01
3.646526e-02
6.378566e-02
1.349548e-01
0
0
0
0
0
0
1.594037e-01
4.740997e-01
1.337109e-01
3.850665e-01
2.707712e-01
0
1.630603e-01
3.527134e-01
0
0
0
2.651646e-01
4.435074e-01
2.385508e-01
0
1.139695e-01
2.090810e-01
5.766874e-01
2.677212e-01
2.019162e-01
0
3.876921e-01
1.416741e-01
0
1.046118e-01
4.099123e-02
0
9.055311e-02
0
0
0
0
0
0
0
0
0
0
0
1.746799e-01
1.446944e-01
2.074655e-01
3.808399e-01
3.858513e-01
0
0
1.942048e-01
0
3.306427e-01
0
8.490075e-02
5.099233e-01
0
0
0
2.716060e-01
0
2.185754e-02
6.524680e-02
3.240192e-01
0
0
3.407488e-01
1.611587e-01
6.112666e-01
2.796990e-01
5.769361e-01
0
4.649825e-01
2.701350e-01
5.305265e-01
0
4.487677e-01
2.716603e-02
4.710908e-01
3.129673e-01
0
0
0
0
1.996694e-01
2.640270e-01
5.818994e-01
5.021238e-01
6.987986e-01
4.138915e-01
5.162490e-01
1.217443e-01
0
0
2.454790e-01
5.198733e-02
0
0
1
8.819150e-01
5.969226e-02
0
2.532429e-01
0
3.790786e-01
2.183270e-01
0
0
0
0
0
0
0
0
0
1.785555e-01
0
3.145111e-01
0
0
0
0
0
0
0
1.652839e-01
0
0
8.142843e-01
4.976816e-01
4.069193e-01
1.764347e-01
0
0
4.632446e-01
2.789245e-01
2.243485e-01
8.125154e-02
0
5.767940e-02
2.911590e-01
0
0
0
0
2.132432e-01
0
0
5.535155e-01
5.215968e-01
0
4.827155e-02
2.794475e-01
1.088192e-01
5.182783e-01
6.930463e-01
6.055354e-01
6.806492e-01
0
0
0
0
0
0
2.890765e-01
6.905882e-01
2.333248e-01
2.781282e-01
0
0
0
1.279026e-01
0
0
0
0
2.858455e-01
0
0
0
0
0
2.664793e-02
3.518585e-01
3.921167e-01
1.813558e-01
2.765582e-01
1.283173e-01
1.317398e-01
1.630826e-01
2.439340e-01
0
3.503637e-01
1.708735e-01
2.578231e-01
3.696925e-01
0
0
0
0
2.687538e-01
3.341943e-01
3.327763e-01
3.138753e-01
5.153566e-01
3.524745e-01
4.277595e-01
1.886868e-01
0
0
2.865577e-02
0
0
0
8.819150e-01
1
1.156562e-03
7.628502e-02
2.663391e-01
0
3.037641e-01
2.752223e-01
0
0
0
0
0
0
0
0
0
0
0
9.364259e-02
0
0
0
0
0
0
0
3.592941e-01
0
0
6.265519e-01
5.263788e-01
5.142998e-01
4.749578e-01
0
5.496531e-02
1.524123e-01
3.411946e-01
1.214188e-01
1.714057e-01
0
0
3.937753e-01
2.262589e-01
0
0
0
1.388558e-01
0
5.873843e-02
3.722340e-01
5.403844e-01
0
2.238232e-01
1.998015e-01
0
6.712404e-01
6.030595e-01
6.382869e-01
5.824543e-01
0
0
0
9.256557e-02
0
0
4.244751e-01
6.438225e-01
3.944303e-01
3.797326e-01
0
0
0
4.303337e-01
0
0
0
0
9.488772e-02
0
0
0
0
0
1.388705e-01
0
0
0
1.080830e-01
0
1.340454e-01
0
1.740175e-01
0
0
0
9.884213e-02
0
1.491745e-01
0
0
3.364826e-01
0
0
1.605335e-01
0
0
0
0
0
3.854623e-01
1.437612e-01
2.125617e-01
0
2.543713e-01
3.262139e-01
5.969226e-02
1.156562e-03
1
6.641301e-01
5.587968e-01
6.294330e-01
8.303540e-01
5.948267e-01
0
0
0
0
0
0
0
0
0
0
0
2.389177e-01
0
0
4.841510e-02
0
0
0
0
0
0
0
0
0
0
0
4.114555e-01
4.415110e-01
0
0
4.033735e-01
5.525309e-01
3.994822e-01
3.280186e-01
4.887961e-02
0
7.264733e-02
1.953829e-01
7.469657e-02
0
2.702311e-01
0
1.434066e-01
0
2.028501e-01
5.202423e-02
1.366189e-01
0
0
3.179888e-01
0
2.737046e-01
6.352387e-01
4.657175e-01
5.078080e-01
0
0
0
0
1.643108e-01
0
0
0
2.375090e-01
4.414463e-01
2.865877e-01
0
0
0
5.850474e-02
0
0
1.285473e-01
3.144456e-01
0
5.946766e-02
0
0
0
0
0
0
7.986141e-02
0
0
0
5.742568e-02
0
2.135258e-01
0
0
0
0
3.136316e-01
0
5.428339e-04
1.398362e-02
0
0
0
0
0
3.269524e-01
3.117907e-01
0
0
7.921616e-02
3.176702e-01
0
7.628502e-02
6.641301e-01
1
5.062076e-01
7.441152e-01
5.868427e-01
5.451799e-01
0
0
0
7.025665e-02
0
0
0
0
0
0
0
1.315843e-01
0
0
0
0
0
0
0
0
0
3.858983e-02
0
0
2.124335e-02
1.301697e-01
3.398881e-01
4.286268e-01
0
0
1.088256e-01
5.012523e-01
1.751717e-01
1.315533e-01
0
0
0
0
0
0
3.965251e-01
3.912009e-02
7.161263e-02
0
2.287025e-01
2.290651e-01
5.791537e-02
0
0
1.783351e-01
7.097324e-02
3.115843e-01
5.614623e-01
4.857077e-01
6.569015e-01
1.094658e-01
0
0
0
3.183808e-01
0
0
3.516246e-02
2.838875e-01
1.424469e-01
2.900594e-01
0
2.602955e-01
2.006933e-01
8.224585e-03
0
0
8.745246e-02
1.625051e-01
0
0
3.794029e-03
0
5.667293e-02
0
5.889140e-02
0
4.381984e-02
0
1.520554e-01
0
2.450232e-01
0
1.859667e-01
0
0
0
0
8.757299e-02
0
0
3.527663e-02
0
5.414848e-02
0
0
0
1.732419e-01
7.039477e-03
2.202706e-01
0
2.923309e-01
1.205749e-01
2.532429e-01
2.663391e-01
5.587968e-01
5.062076e-01
1
4.476557e-01
6.856698e-01
3.990348e-01
0
0
0
0
0
0
0
0
0
0
0
1.913774e-01
0
0
0
3.916593e-02
2.594633e-02
0
1.013678e-01
6.796039e-02
0
1.552997e-01
1.685767e-01
1.708050e-02
1.564919e-01
1.761319e-01
3.449753e-01
1.175705e-01
0
0
3.475761e-01
3.982819e-01
1.433841e-01
6.154220e-02
3.565989e-01
2.553609e-01
0
0
0
0
4.380955e-01
1.953919e-01
2.867748e-01
0
2.942819e-01
3.295427e-01
5.048753e-01
8.228018e-02
0
3.717411e-01
0
2.557654e-01
7.795806e-02
1.269203e-01
5.234139e-01
0
0
2.138264e-01
0
3.643681e-01
5.997505e-02
2.856682e-01
0
2.069214e-01
0
7.955781e-02
0
8.605358e-02
8.042562e-02
0
0
0
0
1.734388e-01
8.922750e-02
1.854609e-01
0
0
0
0
0
0
1.635837e-01
0
1.337184e-01
0
1.679389e-01
1.524026e-01
1.972911e-01
0
0
0
0
1.905309e-01
0
0
1.042144e-01
0
0
0
0
0
3.159101e-01
2.843306e-01
4.036776e-02
0
0
1.377538e-01
0
0
6.294330e-01
7.441152e-01
4.476557e-01
1.000000e+00
4.886452e-01
4.295226e-01
0
0
0
0
0
0
0
0
0
3.518729e-02
0
2.699927e-01
0
1.346401e-01
0
0
0
0
0
0
7.928108e-03
3.187429e-02
0
2.734875e-02
0
0
3.323257e-01
3.870182e-01
0
0
1.855220e-01
4.432696e-01
2.349857e-01
3.620403e-01
0
0
0
6.155795e-02
0
1.852686e-01
3.391125e-01
0
1.895828e-01
0
2.909670e-01
2.296814e-01
3.313975e-01
2.295545e-01
0
0
0
2.727030e-01
6.306032e-01
5.234175e-01
5.718002e-01
0
0
0
0
4.918437e-02
0
0
0
1.590105e-01
3.248752e-01
2.168041e-01
2.268600e-01
3.144692e-01
2.305825e-01
0
0
0
1.497137e-01
2.757282e-01
0
0
2.186043e-01
0
3.672844e-03
0
3.257523e-01
0
2.534508e-01
0
3.048503e-01
0
1.633498e-01
0
2.248732e-01
0
0
0
0
1.503883e-01
0
0
2.710389e-01
2.361490e-02
5.838447e-02
0
0
0
2.085239e-01
0
1.366110e-01
0
3.046844e-01
2.812654e-01
3.790786e-01
3.037641e-01
8.303540e-01
5.868427e-01
6.856698e-01
4.886452e-01
1
6.007183e-01
0
0
0
0
0
0
0
0
0
0
0
3.322996e-01
0
0
0
0
0
0
0
0
0
0
2.785465e-01
0
2.672653e-01
1.665653e-01
3.045532e-01
4.128360e-01
0
0
5.005710e-01
6.031901e-01
4.009160e-01
3.125664e-01
1.227485e-01
0
0
5.671407e-02
0
6.531753e-02
7.889800e-02
0
3.707693e-01
0
0
1.822319e-01
2.189079e-01
0
5.066287e-02
5.958039e-01
8.137770e-02
4.273436e-01
4.282383e-01
2.193052e-01
4.209121e-01
0
0
0
0
4.469369e-01
0
3.978797e-02
0
6.986221e-02
1.247791e-01
3.154935e-01
0
0
0
0
0
0
0
7.187157e-02
0
2.917156e-01
4.423837e-02
0
5.350070e-02
0
1.958202e-01
0
8.522373e-02
0
1.502972e-01
0
3.574813e-01
0
2.855493e-01
0
0
2.253115e-02
0
0
0
1.930608e-01
0
0
1.272647e-02
0
0
0
2.881839e-01
3.011248e-02
4.791452e-02
0
5.183271e-01
6.290810e-01
2.183270e-01
2.752223e-01
5.948267e-01
5.451799e-01
3.990348e-01
4.295226e-01
6.007183e-01
1
0
0
0
0
0
0
0
0
0
8.897122e-03
0
1.786918e-01
0
0
0
0
0
0
0
0
0
0
1.214058e-02
8.498432e-02
0
7.924688e-02
1.923197e-01
2.745965e-01
0
3.598129e-01
4.484173e-01
7.544252e-01
3.805126e-01
4.151315e-01
0
0
0
1.101041e-02
0
2.771327e-01
0
0
0
1.490053e-03
0
0
1.512007e-01
0
0
3.060278e-01
0
4.134263e-01
1.696161e-01
1.409254e-01
3.159150e-01
9.155656e-03
0
1.135263e-01
0
3.710750e-01
0
5.575684e-03
0
0
0
4.400942e-01
0
0
0
4.817584e-02
6.467880e-03
0
0
0
3.248916e-01
0
0
0
0
0
0
0
0
0
0
0
0
0
0
0
3.560674e-01
2.252021e-01
8.447999e-02
0
0
0
0
0
0
0
0
0
3.918169e-01
3.536463e-01
0
2.986217e-01
2.976818e-01
1.403800e-01
0
0
0
0
0
0
0
0
1
9.622772e-01
7.238778e-01
7.936161e-01
9.484805e-01
9.651392e-01
8.874948e-01
7.564066e-01
2.393221e-01
0
0
0
5.630091e-01
5.259455e-01
1.793246e-01
1.856176e-01
1.994403e-01
4.000308e-02
4.041791e-01
0
5.216127e-01
3.169154e-01
0
0
6.013999e-03
0
0
0
1.187034e-01
0
0
0
1.012134e-01
1.997457e-03
3.004474e-02
4.922976e-02
2.936710e-01
1.677443e-01
4.463540e-01
0
3.248396e-01
1.145502e-01
0
0
2.351598e-01
0
0
0
0
0
0
0
1.717962e-01
1.418091e-03
5.890776e-02
0
4.995619e-01
8.238984e-02
0
0
0
8.127973e-03
5.473186e-02
2.977496e-01
1.902187e-01
0
2.056103e-01
1.080237e-01
0
4.481550e-01
6.525933e-02
0
4.254011e-01
3.074282e-01
3.629557e-01
0
0
0
0
0
0
0
0
0
0
0
0
0
0
0
2.515595e-01
1.012098e-01
7.020318e-02
0
0
0
0
0
0
0
0
0
4.092688e-01
3.597017e-01
0
3.594463e-01
2.462178e-01
8.316479e-02
0
0
0
0
0
0
0
0
9.622772e-01
1
7.897568e-01
8.546949e-01
9.012938e-01
9.154087e-01
8.542111e-01
7.698180e-01
1.932367e-01
0
0
0
5.958512e-01
5.285205e-01
6.608234e-02
1.208677e-01
1.823752e-01
0
4.349785e-01
0
6.134089e-01
3.929019e-01
0
0
8.901016e-02
0
0
0
3.258794e-02
0
0
0
1.411855e-01
6.540979e-02
1.268779e-01
5.920089e-02
2.227421e-01
1.355683e-01
4.326989e-01
0
4.551944e-01
1.770942e-01
0
0
3.435714e-01
2.397106e-02
0
0
0
0
0
0
2.323179e-01
3.046817e-02
1.382120e-01
0
4.269623e-01
2.787455e-02
0
0
0
1.695972e-02
1.243428e-02
3.900682e-01
2.523679e-01
0
2.337209e-01
2.030390e-01
0
3.457578e-01
0
0
4.259893e-01
4.187874e-01
9.525662e-02
0
0
1.440067e-01
0
0
0
0
0
0
0
0
0
0
0
0
0
0
0
0
4.563561e-02
0
0
0
0
6.373087e-02
0
0
9.875978e-02
4.795015e-02
0
5.373588e-01
2.634201e-01
1.915777e-02
0
0
0
0
0
0
0
0
7.238778e-01
7.897568e-01
1
9.072527e-01
5.348326e-01
7.142309e-01
6.013338e-01
4.886863e-01
0
0
0
0
3.468738e-01
1.851528e-01
0
0
2.372376e-01
2.240310e-02
3.784473e-01
0
5.471982e-01
4.935506e-01
0
0
5.462292e-01
4.370138e-01
0
0
0
0
0
0
4.951536e-02
2.951052e-02
4.636814e-01
3.889446e-01
0
0
8.508901e-02
0
4.130648e-01
2.901105e-01
0
0
2.691403e-01
2.553860e-01
0
0
0
0
0
0
9.437130e-03
0
6.287057e-02
0
4.534816e-01
0
1.390481e-02
0
1.264974e-01
4.640834e-01
8.672450e-02
5.094185e-01
4.753242e-02
1.844540e-02
0
1.682242e-01
0
1.480286e-01
0
0
2.418474e-01
3.624710e-01
1.781702e-01
0
0
0
0
0
0
5.611656e-02
0
0
0
0
0
0
0
0
0
0
0
5.737249e-02
0
0
0
0
0
0
0
0
2.865614e-01
2.167859e-01
0
2.805351e-01
2.797995e-01
1.994579e-01
0
0
0
7.025665e-02
0
0
0
0
7.936161e-01
8.546949e-01
9.072527e-01
1
6.577482e-01
7.511725e-01
6.427021e-01
6.171153e-01
0
0
0
0
3.418580e-01
2.702688e-01
0
1.560357e-02
2.297635e-01
7.471519e-02
3.874943e-01
0
6.260509e-01
5.458804e-01
0
0
4.046612e-01
4.128495e-01
1.306343e-01
0
0
0
0
0
1.315186e-01
1.433125e-01
2.622299e-01
2.945322e-01
3.400264e-02
0
2.210256e-01
0
3.716398e-01
2.446003e-01
0
0
3.094201e-01
2.656244e-01
0
0
0
0
0
0
2.144701e-01
1.106404e-01
9.773886e-02
0
4.229338e-01
0
0
0
0
2.631019e-01
2.349340e-01
4.297492e-01
3.050286e-01
1.888817e-01
1.740455e-01
2.181835e-01
0
2.512220e-01
0
0
4.430340e-01
4.499166e-01
3.649243e-01
5.092144e-02
0
0
0
0
0
0
0
0
0
1.215643e-03
0
0
0
0
4.971630e-01
3.531232e-01
2.634681e-01
0
0
0
0
0
0
0
0
0
4.874364e-01
4.229817e-01
0
1.709786e-01
2.686476e-01
1.191943e-01
0
0
0
0
0
0
0
0
9.484805e-01
9.012938e-01
5.348326e-01
6.577482e-01
1.000000e+00
9.177620e-01
9.024520e-01
8.368974e-01
3.331672e-01
5.825651e-02
1.671201e-01
0
6.062027e-01
6.101068e-01
3.317280e-01
2.605136e-01
1.874089e-01
0
3.766587e-01
0
4.758012e-01
1.766725e-01
0
0
0
0
0
0
1.852093e-01
0
0
0
2.518683e-01
7.220377e-02
0
0
4.470275e-01
3.621326e-01
5.743216e-01
0
2.800093e-01
0
0
0
2.572653e-01
0
0
0
0
0
0
0
2.855254e-01
7.112858e-02
3.937360e-02
0
4.570703e-01
1.162702e-01
0
0
0
0
7.682002e-02
1.750307e-01
2.953953e-01
0
2.295907e-01
5.872746e-02
0
5.400914e-01
1.838155e-01
0
4.531964e-01
2.673323e-01
2.500807e-01
0
1.172201e-02
9.093605e-04
0
0
1.027239e-02
0
0
0
0
0
0
0
0
0
2.475812e-01
1.072141e-01
3.185470e-02
0
2.460603e-02
0
0
0
0
0
0
0
2.624012e-01
1.815137e-01
1.744882e-03
3.770089e-01
3.022153e-01
3.646526e-02
0
0
0
0
0
0
0
0
9.651392e-01
9.154087e-01
7.142309e-01
7.511725e-01
9.177620e-01
1
8.938723e-01
7.457200e-01
3.081840e-01
9.643326e-03
2.676908e-02
0
5.734300e-01
5.771497e-01
1.526421e-01
3.396201e-02
2.010576e-01
1.387466e-03
3.052852e-01
0
4.140915e-01
2.191613e-01
0
0
9.600988e-02
0
0
0
2.707707e-01
8.675545e-03
0
0
1.504650e-01
8.132739e-02
0
0
2.318326e-01
1.862063e-01
3.227639e-01
0
2.312962e-01
0
0
0
1.397027e-01
0
0
0
0
0
0
0
1.784169e-01
0
4.479998e-03
0
4.582723e-01
3.959714e-02
0
0
0
8.411681e-02
3.077279e-02
2.690019e-01
1.106466e-01
0
1.697954e-01
4.827634e-02
0
4.071343e-01
1.920423e-01
0
4.011753e-01
2.066679e-01
4.255192e-01
9.020141e-02
1.313519e-02
0
0
0
0
0
0
0
0
0
0
0
0
0
3.779776e-01
2.955332e-01
2.091886e-01
0
0
0
0
0
0
0
0
0
4.142193e-01
2.871355e-01
0
3.060051e-01
3.355165e-01
6.378566e-02
0
0
0
0
0
0
0
0
8.874948e-01
8.542111e-01
6.013338e-01
6.427021e-01
9.024520e-01
8.938723e-01
1
8.616387e-01
5.217149e-01
2.233028e-01
2.678943e-01
0
7.168695e-01
6.278759e-01
2.897774e-01
2.009911e-01
3.102896e-01
7.038633e-02
4.821321e-01
0
4.799023e-01
2.972842e-01
0
0
0
0
0
0
1.739589e-01
0
0
0
1.843784e-01
1.026796e-02
0
4.796598e-03
4.183324e-01
3.331454e-01
4.794039e-01
0
2.913750e-01
7.706405e-02
0
0
1.495324e-01
0
0
0
0
0
0
0
0
0
0
0
5.039521e-01
2.339881e-01
0
0
0
0
1.338301e-02
1.191440e-01
5.019146e-02
0
2.167213e-01
1.491532e-01
0
4.981869e-01
1.955024e-01
0
2.929263e-01
1.785586e-01
2.199735e-01
1.953793e-02
1.613266e-01
0
0
0
1.418219e-01
0
0
0
0
0
0
0
0
0
2.241540e-01
2.604423e-01
4.126252e-01
0
0
0
0
0
0
0
0
0
4.098984e-01
2.117199e-01
0
1.769832e-01
2.354714e-01
1.349548e-01
0
0
0
0
0
0
0
0
7.564066e-01
7.698180e-01
4.886863e-01
6.171153e-01
8.368974e-01
7.457200e-01
8.616387e-01
1.000000e+00
3.626998e-01
3.151670e-01
1.818976e-01
0
5.890365e-01
5.691219e-01
2.018824e-01
4.783544e-02
5.678940e-02
0
3.466391e-01
0
3.310686e-01
8.415571e-02
0
0
0
0
0
0
2.294000e-01
0
9.769422e-02
0
5.034338e-01
2.836449e-01
0
0
4.714845e-01
4.590170e-01
3.544296e-01
0
1.895076e-01
0
0
0
2.362859e-01
0
0
0
0
0
0
0
1.687586e-01
0
0
0
2.883516e-01
3.519115e-02
0
0
0
0
1.232622e-02
4.914174e-02
2.670232e-01
0
2.064256e-01
5.665586e-02
0
3.206075e-01
3.626954e-02
8.333780e-03
4.541190e-01
2.707039e-01
4.320744e-01
2.745794e-01
8.276589e-02
1.292437e-01
0
1.182644e-01
2.569229e-02
0
0
8.487314e-02
2.110508e-01
8.600713e-02
0
0
0
0
1.758217e-01
6.036933e-02
0
0
0
0
0
0
0
0
0
0
0
0
1.481618e-02
1.401494e-01
0
0
0
0
0
0
0
0
0
0
2.393221e-01
1.932367e-01
0
0
3.331672e-01
3.081840e-01
5.217149e-01
3.626998e-01
1
7.651672e-01
8.667174e-01
4.799804e-01
7.916622e-01
6.264337e-01
2.953734e-01
5.527869e-02
3.848180e-01
1.207566e-01
1.998875e-01
0
1.424100e-01
0
0
0
0
0
0
0
2.130410e-01
0
0
0
5.815080e-02
7.719428e-02
0
0
9.745727e-02
1.818313e-01
1.330945e-01
6.951997e-02
0
9.360037e-02
0
5.317584e-03
0
0
2.487778e-01
1.745539e-01
0
0
0
0
0
0
0
0
2.186498e-01
1.532020e-01
0
0
0
0
0
0
0
0
6.949287e-02
1.697992e-01
0
2.611224e-01
3.929436e-01
1.171354e-02
0
0
1.424895e-01
2.850996e-01
4.470286e-01
0
9.144396e-02
1.158651e-01
3.939184e-01
0
1.763199e-01
3.532426e-02
5.433221e-01
0
2.004157e-01
0
2.239376e-01
0
0
0
1.447522e-01
0
0
0
3.648109e-01
1.902730e-01
1.643378e-01
0
0
0
0
0
2.377384e-01
3.892309e-02
0
0
1.785555e-01
0
0
0
0
3.518729e-02
0
8.897122e-03
0
0
0
0
5.825651e-02
9.643326e-03
2.233028e-01
3.151670e-01
7.651672e-01
1
7.712133e-01
7.225496e-01
5.109659e-01
5.460262e-01
1.257651e-01
0
2.791153e-02
0
0
0
0
0
3.101342e-01
6.367361e-02
0
0
0
0
3.901086e-01
0
3.477750e-01
1.893557e-01
4.438620e-01
3.720899e-01
0
0
1.647610e-02
3.892453e-01
0
2.966316e-01
0
0
3.610322e-01
2.325255e-01
0
0
3.919202e-01
3.295547e-01
0
0
0
4.118062e-02
0
0
0
0
0
0
0
0
0
0
0
0
0
0
0
9.112969e-02
0
2.748420e-02
3.751502e-01
0
0
0
4.062721e-01
4.347225e-01
1.769419e-01
0
0
1.411569e-01
0
0
0
9.155203e-02
3.641576e-01
1.198921e-01
0
0
0
0
2.987165e-01
1.392243e-01
1.713447e-01
0
0
2.866056e-02
1.011546e-01
0
5.137157e-02
0
0
0
7.344369e-02
1.069671e-01
1.718748e-01
4.537753e-02
0
0
0
0
0
0
0
0
0
0
0
0
0
0
1.671201e-01
2.676908e-02
2.678943e-01
1.818976e-01
8.667174e-01
7.712133e-01
1
6.673350e-01
6.346830e-01
4.932862e-01
3.104961e-01
1.912168e-01
3.526375e-01
1.240814e-01
1.360003e-01
0
1.476694e-01
0
0
0
0
0
0
0
8.473832e-02
0
0
0
1.313675e-01
9.508622e-02
0
0
1.223451e-01
2.989225e-01
2.313661e-01
1.308184e-01
0
1.652760e-02
9.734955e-02
8.649988e-02
0
0
3.910971e-01
4.568660e-01
0
0
0
0
0
0
0
0
4.132277e-02
5.097116e-02
0
0
0
0
0
0
0
0
3.460222e-02
1.321290e-01
5.403289e-02
1.994712e-01
2.601656e-01
0
0
0
0
3.223790e-01
3.104393e-01
0
1.858727e-01
1.245444e-01
2.274537e-01
0
2.194233e-01
7.697658e-02
5.777939e-01
0
2.246696e-01
0
2.185000e-01
0
1.612494e-01
6.346217e-02
2.925441e-03
0
0
2.187298e-01
4.015835e-01
4.805547e-02
3.698676e-01
0
4.813441e-02
0
7.774499e-02
4.941042e-03
1.877997e-01
0
0
0
3.145111e-01
9.364259e-02
2.389177e-01
1.315843e-01
1.913774e-01
2.699927e-01
3.322996e-01
1.786918e-01
0
0
0
0
0
0
0
0
4.799804e-01
7.225496e-01
6.673350e-01
1
2.646347e-01
3.644080e-01
2.460401e-01
1.602127e-02
0
0
0
0
0
0
2.824145e-01
8.281425e-02
0
0
0
0
2.171652e-01
0
2.914850e-01
2.950646e-01
3.548565e-01
1.687100e-01
0
0
0
2.676607e-01
6.644648e-02
1.199353e-01
0
0
3.248917e-01
9.174283e-02
0
0
3.642889e-01
4.972205e-01
0
2.732468e-01
0
3.471123e-01
1.780446e-01
6.989214e-02
1.403612e-01
3.319202e-03
0
0
0
7.770332e-02
0
0
0
0
0
0
0
0
0
2.369035e-01
3.898047e-01
0
0
0
5.040042e-01
4.445711e-02
0
0
0
0
0
0
9.281967e-03
0
0
0
0
0
0
0
2.149729e-01
5.351571e-03
0
0
0
0
0
0
0
0
0
0
2.572276e-01
1.530029e-01
0
1.915263e-01
0
0
0
0
0
0
0
0
0
0
5.630091e-01
5.958512e-01
3.468738e-01
3.418580e-01
6.062027e-01
5.734300e-01
7.168695e-01
5.890365e-01
7.916622e-01
5.109659e-01
6.346830e-01
2.646347e-01
1
8.256820e-01
2.690851e-01
5.330979e-02
3.760568e-01
0
4.073793e-01
0
4.372203e-01
1.994120e-01
0
0
0
0
0
0
8.730089e-02
0
0
0
1.356352e-01
1.351701e-01
1.265505e-01
0
1.633728e-01
2.032829e-01
3.841865e-01
0
3.432784e-01
3.562558e-01
0
0
3.143239e-01
3.737125e-03
1.416597e-01
0
0
0
0
0
0
0
6.995751e-02
0
3.086713e-01
1.203932e-01
0
0
0
0
0
8.741022e-02
1.191566e-01
0
2.472986e-01
4.219017e-01
0
4.038834e-01
2.516092e-01
0
7.505281e-02
0
4.603274e-01
5.080888e-02
1.052788e-01
0
0
0
1.260312e-02
0
2.516996e-01
0
5.286640e-02
0
0
0
9.002147e-02
0
1.461243e-01
0
0
0
0
0
0
0
0
0
0
0
2.375053e-01
1.646910e-01
0
5.934479e-02
0
0
0
0
0
0
0
1.346401e-01
0
0
5.259455e-01
5.285205e-01
1.851528e-01
2.702688e-01
6.101068e-01
5.771497e-01
6.278759e-01
5.691219e-01
6.264337e-01
5.460262e-01
4.932862e-01
3.644080e-01
8.256820e-01
1.000000e+00
2.708142e-01
0
9.216662e-02
0
1.878682e-01
0
2.332319e-01
1.908640e-02
0
0
0
0
0
0
2.401217e-01
0
0
0
2.053171e-01
1.605848e-01
0
0
1.164474e-01
3.833975e-01
3.286009e-01
0
3.260344e-01
5.508804e-02
0
0
4.166690e-01
0
9.122344e-02
0
0
0
0
0
2.418965e-01
1.183012e-01
6.160640e-02
0
0
0
0
0
0
0
0
7.295710e-02
2.008491e-01
0
4.198519e-01
4.732253e-01
0
3.223912e-01
3.903187e-01
0
3.056094e-01
0
2.837115e-01
1.411158e-01
0
0
0
1.281205e-02
0
1.311711e-01
0
1.450696e-01
0
3.382167e-01
0
0
0
0
6.623998e-01
4.484284e-01
0
0
0
0
0
0
0
0
0
0
3.286174e-01
2.163218e-01
0
0
2.010972e-01
1.594037e-01
0
0
4.841510e-02
0
0
0
0
0
1.793246e-01
6.608234e-02
0
0
3.317280e-01
1.526421e-01
2.897774e-01
2.018824e-01
2.953734e-01
1.257651e-01
3.104961e-01
2.460401e-01
2.690851e-01
2.708142e-01
1
5.951741e-01
6.021086e-01
5.017016e-01
4.298252e-01
3.066008e-02
3.322922e-01
1.724547e-01
0
0
0
0
4.718448e-01
2.516972e-01
0
0
0
2.465942e-02
5.261474e-02
0
0
1.526659e-01
5.186199e-01
1.649485e-01
6.252231e-01
0
0
0
0
0
1.255458e-01
0
7.477358e-02
2.496151e-02
7.202068e-03
0
0
0
2.515862e-02
3.539298e-01
0
3.328876e-01
4.723927e-01
5.602780e-01
1.561082e-01
0
1.261664e-01
0
3.026895e-01
0
4.255319e-01
8.691782e-03
1.449822e-01
0
3.178913e-01
6.298400e-01
3.822545e-01
1.694224e-01
1.862162e-01
2.865846e-02
5.180792e-01
5.940227e-01
0
0
0
0
0
1.709060e-01
0
0
0
4.782909e-01
0
0
0
0
6.676899e-01
6.581761e-01
2.490833e-01
2.033465e-01
7.859039e-02
1.256483e-01
0
0
0
0
0
2.456374e-01
5.906261e-01
7.282108e-01
0
0
3.567527e-01
4.740997e-01
0
0
0
0
3.916593e-02
0
0
0
1.856176e-01
1.208677e-01
0
1.560357e-02
2.605136e-01
3.396201e-02
2.009911e-01
4.783544e-02
5.527869e-02
0
1.912168e-01
1.602127e-02
5.330979e-02
0
5.951741e-01
1.000000e+00
4.886011e-01
5.902605e-01
5.121857e-01
1.501014e-01
5.164360e-01
4.649233e-01
0
0
0
0
4.752968e-01
0
0
0
0
4.734882e-02
0
0
0
3.819562e-01
3.601955e-01
0
6.485946e-01
0
2.539190e-01
1.718189e-01
0
0
2.391603e-01
0
0
1.229351e-01
0
0
0
0
0
2.790391e-01
1.843076e-01
2.447802e-01
5.259769e-01
6.263493e-01
1.154178e-01
0
1.716839e-01
0
4.024980e-01
0
1.038931e-01
0
1.767843e-02
0
3.458774e-01
5.730007e-01
0
2.544840e-01
0
2.248470e-01
3.963653e-01
4.229729e-02
0
2.624602e-01
0
0
0
1.913959e-01
0
0
0
3.251535e-01
0
0
0
0
2.600778e-01
5.556319e-04
0
0
0
0
0
0
0
0
0
0
1.542652e-01
7.811838e-02
0
0
3.278102e-01
1.337109e-01
0
0
0
0
2.594633e-02
0
0
0
1.994403e-01
1.823752e-01
2.372376e-01
2.297635e-01
1.874089e-01
2.010576e-01
3.102896e-01
5.678940e-02
3.848180e-01
2.791153e-02
3.526375e-01
0
3.760568e-01
9.216662e-02
6.021086e-01
4.886011e-01
1
8.387627e-01
6.716872e-01
1.415489e-01
7.047831e-01
6.200911e-01
0
0
7.674521e-02
2.883059e-01
4.201056e-01
0
0
0
2.034473e-02
0
0
1.530473e-02
2.312957e-01
5.845933e-01
0
0
3.611628e-01
0
4.682029e-02
2.301717e-01
0
0
1.072609e-02
0
1.866366e-01
0
1.076360e-01
0
0
0
0
3.407782e-02
0
1.303862e-01
6.843997e-01
4.711594e-01
3.786928e-01
0
4.203396e-01
2.357605e-01
3.158020e-01
1.026933e-01
1.781220e-01
1.633104e-01
0
1.223267e-02
2.461169e-01
4.355303e-01
1.185566e-01
3.379440e-02
0
2.304007e-01
4.529661e-01
2.683607e-01
0
3.529557e-01
0
0
0
5.186402e-01
0
0
0
5.864354e-01
0
1.201901e-01
0
0
2.539959e-01
6.858252e-02
0
5.102015e-03
5.049099e-02
0
0
0
0
0
0
0
1.706007e-01
1.786648e-01
0
0
3.859456e-01
3.850665e-01
0
0
0
0
0
0
0
0
4.000308e-02
0
2.240310e-02
7.471519e-02
0
1.387466e-03
7.038633e-02
0
1.207566e-01
0
1.240814e-01
0
0
0
5.017016e-01
5.902605e-01
8.387627e-01
1
5.908180e-01
3.987419e-01
5.665692e-01
6.866497e-01
0
0
0
3.332308e-01
5.002428e-01
0
0
0
0
7.366633e-02
0
0
1.247481e-01
6.518915e-01
0
0
2.396307e-01
0
0
2.182849e-01
0
0
0
0
1.360218e-01
0
2.062654e-01
0
0
0
0
5.083409e-02
0
2.265285e-01
5.924205e-01
5.646090e-01
4.556589e-01
0
5.785893e-01
2.189620e-01
3.618600e-01
0
1.207998e-01
3.711459e-01
8.234756e-03
0
4.381889e-01
3.096035e-01
6.718954e-02
6.962804e-02
0
2.436830e-01
4.605597e-01
1.349944e-01
0
0
0
0
0
1.506131e-01
0
0
0
3.730104e-01
0
0
0
0
3.171489e-01
1.840699e-01
0
0
0
0
0
0
0
0
0
0
4.747220e-01
3.129987e-01
0
0
4.236421e-01
2.707712e-01
0
0
0
0
1.013678e-01
0
0
0
4.041791e-01
4.349785e-01
3.784473e-01
3.874943e-01
3.766587e-01
3.052852e-01
4.821321e-01
3.466391e-01
1.998875e-01
0
1.360003e-01
0
4.073793e-01
1.878682e-01
4.298252e-01
5.121857e-01
6.716872e-01
5.908180e-01
1
0
7.128333e-01
6.389266e-01
0
0
0
9.449094e-02
3.322772e-01
0
0
0
0
0
3.192435e-02
0
2.970862e-01
4.883745e-01
6.911421e-02
0
5.704561e-01
0
2.620274e-01
4.595165e-01
0
0
2.316103e-01
2.392743e-01
0
0
0
0
0
0
0
7.200103e-02
0
1.283169e-01
6.335073e-01
5.556502e-01
0
0
1.366489e-01
3.701944e-03
0
1.378597e-01
2.138213e-01
9.880506e-02
0
1.104315e-01
5.753956e-02
4.558192e-01
0
0
0
4.631903e-01
1.542670e-01
5.700225e-02
0
3.580045e-01
1.121237e-01
3.343595e-01
0
6.734280e-01
0
4.533270e-01
0
4.995833e-01
2.693018e-01
5.771138e-01
0
4.119761e-01
0
0
0
1.913506e-01
1.743142e-01
1.663393e-01
0
1.967358e-02
2.713714e-01
2.729126e-01
4.285731e-01
4.972983e-01
0
0
0
0
0
0
1.652839e-01
3.592941e-01
0
0
6.796039e-02
0
0
0
0
0
0
0
0
0
0
0
0
0
0
0
0
0
3.066008e-02
1.501014e-01
1.415489e-01
3.987419e-01
0
1
0
1.951650e-01
7.188071e-02
6.864679e-01
0
1.453804e-01
2.385019e-01
1.733311e-01
0
3.295505e-02
0
0
0
0
9.969247e-02
2.823644e-01
0
0
0
2.127265e-01
0
2.642464e-01
1.821140e-02
6.000467e-01
0
2.161212e-01
3.068444e-01
4.127194e-01
5.307218e-01
1.224482e-02
2.495239e-01
6.798842e-02
0
5.594033e-02
0
5.025291e-01
0
1.712112e-01
4.998150e-01
9.788385e-02
4.210733e-01
2.263330e-01
9.653540e-02
0
0
1.895243e-01
1.185384e-02
2.268339e-01
6.817474e-01
0
1.051137e-01
2.603790e-01
0
0
5.797839e-01
4.154511e-03
0
0
0
0
0
1.343377e-01
0
0
0
3.554348e-01
0
0
0
0
3.057740e-01
1.178873e-02
0
1.502148e-01
0
0
0
0
0
0
0
0
4.438156e-01
5.017115e-01
0
1.161193e-01
1.756282e-01
1.630603e-01
0
0
0
0
0
7.928108e-03
0
0
5.216127e-01
6.134089e-01
5.471982e-01
6.260509e-01
4.758012e-01
4.140915e-01
4.799023e-01
3.310686e-01
1.424100e-01
0
1.476694e-01
0
4.372203e-01
2.332319e-01
3.322922e-01
5.164360e-01
7.047831e-01
5.665692e-01
7.128333e-01
0
1
8.099343e-01
0
0
0
1.998013e-01
4.165982e-01
0
0
0
0
0
7.103313e-04
0
1.813586e-01
4.254681e-01
4.257129e-02
0
5.647842e-01
0
5.161952e-01
3.718583e-01
0
0
4.060816e-01
2.093947e-01
0
0
0
0
0
0
8.824445e-02
3.181840e-01
1.531941e-01
0
4.990946e-01
2.111252e-01
0
0
1.586587e-02
3.388375e-02
3.202797e-01
4.655844e-01
4.222458e-01
4.308028e-02
1.888131e-01
3.260733e-01
2.432238e-01
3.281797e-01
0
0
2.727245e-01
6.515796e-01
6.100318e-01
1.348942e-01
0
2.149498e-01
0
0
0
4.143353e-01
0
0
0
3.931370e-01
0
9.505653e-02
0
0
1.031851e-01
0
0
1.415232e-01
0
0
0
0
0
0
0
0
4.322302e-01
4.329516e-01
0
8.138933e-02
3.850360e-01
3.527134e-01
0
0
0
3.858983e-02
1.552997e-01
3.187429e-02
0
0
3.169154e-01
3.929019e-01
4.935506e-01
5.458804e-01
1.766725e-01
2.191613e-01
2.972842e-01
8.415571e-02
0
0
0
0
1.994120e-01
1.908640e-02
1.724547e-01
4.649233e-01
6.200911e-01
6.866497e-01
6.389266e-01
1.951650e-01
8.099343e-01
1
0
0
7.914439e-02
4.094386e-01
4.331446e-01
0
0
0
0
1.443499e-02
0
0
2.604994e-01
5.903756e-01
0
0
2.957153e-01
0
4.980133e-01
5.607512e-01
0
0
3.504205e-01
3.212612e-01
5.822969e-02
0
0
0
0
0
0
2.079214e-01
2.433135e-01
1.091891e-01
4.626760e-01
3.808577e-01
5.052549e-02
0
2.253630e-01
3.242840e-01
2.236640e-01
3.077189e-01
1.941769e-01
2.558971e-01
2.453689e-01
4.728813e-01
3.980410e-01
2.538887e-01
0
0
9.430066e-02
5.010228e-01
0
0
6.694246e-01
9.740174e-02
6.800857e-01
4.061976e-01
7.741065e-01
0
5.889017e-01
3.377703e-01
5.979886e-01
0
4.919878e-01
0
6.066867e-01
4.221788e-01
0
0
0
0
3.476181e-02
1.313305e-01
8.420057e-01
7.706756e-01
7.193218e-01
4.733766e-01
4.367636e-01
4.086954e-02
0
0
3.703162e-01
1.913240e-01
0
0
8.142843e-01
6.265519e-01
0
0
1.685767e-01
0
2.785465e-01
1.214058e-02
0
0
0
0
0
0
0
0
0
3.101342e-01
0
2.824145e-01
0
0
0
0
0
0
0
7.188071e-02
0
0
1.000000e+00
5.930396e-01
3.666422e-01
2.555028e-02
0
4.687167e-02
5.727058e-01
2.564940e-01
2.822618e-01
0
4.512151e-03
0
7.528370e-02
0
0
4.441759e-02
0
2.265565e-01
0
0
8.693118e-01
6.197055e-01
0
0
2.373099e-01
2.753777e-01
3.352777e-01
6.331297e-01
6.510467e-01
6.525289e-01
0
0
0
0
0
0
1.144767e-01
7.074677e-01
0
7.282248e-02
0
0
0
0
0
0
0
0
7.061862e-02
0
0
0
0
8.282009e-02
1.202588e-01
1.791591e-01
5.296500e-01
5.309447e-01
1.855130e-01
3.118519e-01
2.949187e-01
5.694095e-01
3.461948e-01
1.928384e-01
6.509928e-01
5.015631e-01
4.225608e-01
6.230048e-01
0
0
0
0
2.051745e-01
4.005334e-01
3.852879e-01
4.559412e-01
6.611718e-01
3.761387e-01
5.865099e-01
4.181675e-01
0
0
4.043153e-03
0
0
0
4.976816e-01
5.263788e-01
0
0
1.708050e-02
2.734875e-02
0
8.498432e-02
0
0
0
0
0
0
0
0
0
6.367361e-02
0
8.281425e-02
0
0
0
0
0
0
0
6.864679e-01
0
0
5.930396e-01
1.000000e+00
0
1.281594e-03
0
2.336101e-01
1.471201e-01
4.484729e-01
0
0
0
0
0
0
0
0
0
5.083483e-01
0
0
4.901555e-01
8.832594e-01
0
4.733992e-02
3.207105e-01
6.131380e-01
4.747455e-01
3.652324e-01
5.912629e-01
5.362089e-01
0
0
0
3.074272e-01
0
0
2.846316e-01
5.290261e-01
1.318033e-01
0
0
0
0
0
0
0
2.063023e-01
0
1.093232e-01
3.547965e-01
0
0
0
0
4.959016e-02
3.293860e-01
0
0
2.725557e-01
0
0
0
0
0
0
0
0
2.546487e-01
0
0
0
0
6.580138e-02
0
1.213754e-01
2.903355e-01
0
8.380598e-02
0
0
0
0
3.079509e-02
3.826504e-01
1.508463e-01
0
4.069193e-01
5.142998e-01
0
2.124335e-02
1.564919e-01
0
2.672653e-01
0
6.013999e-03
8.901016e-02
5.462292e-01
4.046612e-01
0
9.600988e-02
0
0
0
0
0
0
0
0
0
0
7.674521e-02
0
0
0
0
7.914439e-02
3.666422e-01
0
1.000000e+00
8.411016e-01
0
6.097447e-02
1.700162e-02
3.332084e-02
1.780078e-01
3.989708e-02
0
1.242604e-01
5.465520e-01
4.439633e-01
0
0
0
0
0
4.020629e-02
2.346777e-01
1.457806e-01
0
3.249238e-01
0
0
4.175239e-01
2.215700e-01
4.664358e-01
2.467337e-02
0
0
0
0
1.686589e-01
0
3.633426e-01
3.476348e-01
3.982286e-01
6.284462e-01
9.256770e-02
2.768574e-01
0
3.558664e-01
0
0
0
0
0
0
0
4.762716e-02
0
0
0
3.802787e-01
0
0
0
2.050916e-01
0
0
0
0
0
1.740751e-01
0
2.257854e-01
0
0
0
7.313268e-02
1.062148e-01
0
0
0
0
0
0
0
0
0
0
1.364724e-01
2.449106e-01
2.651646e-01
1.764347e-01
4.749578e-01
0
1.301697e-01
1.761319e-01
0
1.665653e-01
7.924688e-02
0
0
4.370138e-01
4.128495e-01
0
0
0
0
0
0
0
0
0
0
0
0
2.883059e-01
3.332308e-01
9.449094e-02
1.453804e-01
1.998013e-01
4.094386e-01
2.555028e-02
1.281594e-03
8.411016e-01
1
2.801943e-01
1.913826e-01
0
8.238926e-02
1.711473e-01
2.547078e-01
0
2.067867e-01
5.069150e-01
6.600315e-01
0
0
0
0
0
1.803819e-01
0
1.876558e-01
0
4.175035e-01
0
0
4.497471e-01
0
3.109272e-01
0
0
0
1.693027e-03
1.400506e-01
2.559185e-01
0
4.110633e-01
1.447503e-01
5.151370e-01
5.866331e-01
2.836810e-01
2.211817e-01
0
6.439863e-01
0
0
0
0
0
0
0
1.818074e-01
1.267196e-01
3.796764e-03
0
0
0
0
0
1.723643e-01
0
0
0
3.007403e-01
0
1.603283e-01
0
0
2.413869e-01
7.434449e-02
0
5.133047e-01
0
0
0
0
0
0
0
0
4.309651e-01
3.361073e-01
0
0
3.107104e-01
4.435074e-01
0
0
4.114555e-01
3.398881e-01
3.449753e-01
3.323257e-01
3.045532e-01
1.923197e-01
0
0
0
1.306343e-01
0
0
0
0
0
0
0
0
0
0
4.718448e-01
4.752968e-01
4.201056e-01
5.002428e-01
3.322772e-01
2.385019e-01
4.165982e-01
4.331446e-01
0
0
0
2.801943e-01
1
6.537161e-01
0
0
1.993682e-01
4.655786e-01
1.478704e-01
1.471057e-01
1.631707e-01
3.746265e-01
4.668443e-02
0
3.738671e-01
0
1.167934e-01
1.432375e-01
0
0
3.092449e-01
2.879379e-01
3.529385e-02
0
1.963883e-01
0
0
0
2.825088e-01
6.306272e-01
3.272570e-01
4.503029e-01
3.317830e-01
3.935278e-01
9.966830e-02
0
2.603309e-01
4.025567e-02
4.089607e-01
0
6.260045e-01
5.655158e-01
1.078872e-02
1.786056e-02
3.868272e-01
3.831333e-01
0
1.146668e-01
4.665532e-02
3.014843e-01
0
0
0
0
0
3.048048e-02
0
2.041943e-02
1.385608e-02
7.785042e-02
5.897525e-03
7.236514e-02
1.566086e-02
2.792420e-01
0
1.311952e-01
1.716657e-02
3.536438e-02
1.254888e-01
5.872354e-01
0
0
3.334394e-02
1.108150e-01
0
0
0
0
6.221166e-02
0
0
0
0
2.385508e-01
0
5.496531e-02
4.415110e-01
4.286268e-01
1.175705e-01
3.870182e-01
4.128360e-01
2.745965e-01
0
0
0
0
0
0
0
0
0
0
0
0
0
0
2.516972e-01
0
0
0
0
1.733311e-01
0
0
4.687167e-02
2.336101e-01
6.097447e-02
1.913826e-01
6.537161e-01
1
0
0
2.781588e-01
4.047458e-01
1.466839e-01
1.402215e-01
0
0
1.777382e-01
5.230629e-02
3.061902e-02
3.398887e-01
0
0
1.227818e-01
1.825191e-01
0
1.201746e-01
3.490986e-02
9.113886e-02
3.217882e-01
2.142837e-01
2.545437e-01
1.963313e-01
3.688812e-01
4.663317e-01
0
5.582869e-01
0
2.604961e-02
4.115157e-02
2.111364e-01
5.229236e-02
0
4.192284e-01
0
4.952003e-01
4.723373e-01
7.483983e-02
0
1.729358e-01
0
1.068500e-02
2.829434e-01
1.812518e-01
7.108599e-02
0
0
6.341296e-01
0
6.575638e-01
3.818212e-01
7.320088e-01
0
5.155182e-01
2.613983e-01
5.101127e-01
0
2.106574e-01
0
3.572770e-01
1.414418e-01
0
0
2.004478e-01
0
3.459953e-01
2.751801e-01
6.281102e-01
5.664157e-01
5.710243e-01
3.657630e-01
4.419443e-01
1.112361e-01
0
0
3.846973e-01
3.036815e-01
0
0
4.632446e-01
1.524123e-01
0
0
0
0
0
0
1.187034e-01
3.258794e-02
0
0
1.852093e-01
2.707707e-01
1.739589e-01
2.294000e-01
2.130410e-01
3.901086e-01
8.473832e-02
2.171652e-01
8.730089e-02
2.401217e-01
0
0
0
0
0
0
0
0
5.727058e-01
1.471201e-01
1.700162e-02
0
0
0
1.000000e+00
4.574231e-01
2.799225e-01
0
2.538855e-01
1.546025e-01
0
0
2.532317e-02
3.224087e-01
0
0
0
0
2.986859e-01
1.061891e-01
0
0
0
3.458492e-02
4.278034e-02
2.144339e-01
2.115931e-01
3.038034e-01
0
0
0
0
0
0
0
2.387238e-01
0
0
0
0
0
0
0
0
0
0
4.481137e-01
5.689870e-02
0
0
0
1.014795e-01
1.418856e-01
5.174959e-02
4.263598e-01
1.807495e-01
3.242740e-01
2.356583e-01
2.178003e-01
6.760519e-02
8.857037e-02
5.405770e-02
4.045149e-01
2.746937e-01
2.740821e-01
4.238520e-01
0
0
1.283143e-01
0
5.652593e-01
6.515106e-01
2.231639e-01
2.668677e-01
3.060233e-01
1.804651e-01
4.055719e-01
2.446195e-01
0
0
0
2.570115e-03
0
1.139695e-01
2.789245e-01
3.411946e-01
0
0
0
0
0
3.598129e-01
0
0
0
0
0
8.675545e-03
0
0
0
0
0
0
0
0
0
0
0
0
0
3.295505e-02
0
0
2.564940e-01
4.484729e-01
3.332084e-02
8.238926e-02
0
0
4.574231e-01
1
1.711084e-01
1.765156e-01
1.332925e-01
3.093141e-01
0
0
0
0
0
1.929533e-01
0
0
0
3.130801e-01
0
0
0
0
1.640549e-01
6.646229e-02
3.546030e-01
2.942621e-01
0
0
0
0
0
0
0
2.932841e-01
5.434943e-02
0
0
0
0
1.190466e-01
0
0
0
0
9.455352e-02
2.306462e-01
0
0
0
2.271877e-02
2.643596e-01
0
2.182966e-02
0
3.666232e-01
0
0
0
3.276053e-01
0
1.793167e-02
0
0
0
0
0
1.416180e-01
1.078043e-01
3.377590e-02
4.600074e-02
3.407994e-01
1.610885e-01
1.320380e-01
0
0
0
0
0
3.060555e-01
0
3.415897e-01
2.090810e-01
2.243485e-01
1.214188e-01
4.033735e-01
1.088256e-01
3.475761e-01
1.855220e-01
5.005710e-01
4.484173e-01
0
0
0
0
0
0
0
9.769422e-02
0
3.477750e-01
0
2.914850e-01
0
0
0
0
2.034473e-02
0
0
0
0
0
2.822618e-01
0
1.780078e-01
1.711473e-01
1.993682e-01
2.781588e-01
2.799225e-01
1.711084e-01
1
7.208041e-01
8.391266e-01
7.437562e-01
9.371972e-02
1.148721e-03
0
0
0
0
0
0
2.620654e-01
7.756333e-02
6.579930e-02
0
7.703919e-02
0
5.923216e-02
1.118347e-01
0
8.260429e-02
1.576717e-01
0
0
0
0
0
0
1.669667e-01
1.061922e-01
2.549200e-03
0
0
1.325939e-01
6.044761e-02
0
0
0
0
0
1.771138e-02
0
1.183618e-01
0
2.322401e-01
0
0
0
0
5.720858e-04
0
0
0
7.821524e-02
0
8.827506e-02
0
0
0
0
0
0
1.075299e-01
0
1.048907e-01
0
0
0
0
0
0
2.823622e-01
4.386791e-02
0
0
4.067348e-01
5.766874e-01
8.125154e-02
1.714057e-01
5.525309e-01
5.012523e-01
3.982819e-01
4.432696e-01
6.031901e-01
7.544252e-01
0
0
0
0
0
0
0
0
0
1.893557e-01
0
2.950646e-01
0
0
2.465942e-02
4.734882e-02
0
7.366633e-02
0
0
0
1.443499e-02
0
0
3.989708e-02
2.547078e-01
4.655786e-01
4.047458e-01
0
1.765156e-01
7.208041e-01
1
6.986498e-01
7.095110e-01
1.042052e-01
9.829116e-02
0
0
0
7.768794e-02
0
0
0
2.503858e-02
9.941653e-02
5.689573e-02
1.626322e-01
0
5.037803e-02
8.334558e-02
0
2.974832e-02
2.237062e-01
2.164358e-01
2.588733e-01
1.648309e-01
5.981815e-02
6.520984e-02
0
8.784901e-02
0
0
0
0
2.250848e-01
4.407953e-01
0
0
0
7.635841e-02
0
0
0
5.329182e-02
0
1.373753e-01
2.461906e-01
0
0
0
2.935920e-01
0
0
0
1.801648e-01
0
0
0
0
0
0
0
3.199905e-01
5.784971e-02
0
7.629997e-03
1.823600e-01
0
0
0
0
0
3.036050e-01
3.768051e-02
1.617505e-01
0
3.469895e-01
2.677212e-01
0
0
3.994822e-01
1.751717e-01
1.433841e-01
2.349857e-01
4.009160e-01
3.805126e-01
1.012134e-01
1.411855e-01
4.951536e-02
1.315186e-01
2.518683e-01
1.504650e-01
1.843784e-01
5.034338e-01
5.815080e-02
4.438620e-01
1.313675e-01
3.548565e-01
1.356352e-01
2.053171e-01
5.261474e-02
0
0
0
3.192435e-02
0
7.103313e-04
0
4.512151e-03
0
0
0
1.478704e-01
1.466839e-01
2.538855e-01
1.332925e-01
8.391266e-01
6.986498e-01
1.000000e+00
8.015832e-01
0
0
2.270791e-02
1.735063e-01
0
0
6.429140e-03
0
3.484339e-02
0
3.009172e-01
0
0
0
0
0
0
0
3.617820e-01
1.345853e-02
2.283995e-03
0
5.705410e-02
0
0
0
0
0
0
0
2.824548e-01
0
0
0
0
1.330969e-01
0
2.222538e-02
1.795223e-01
1.951127e-01
0
6.435502e-03
9.088073e-02
0
0
0
1.925823e-01
0
1.416478e-02
0
9.868343e-02
0
0
0
0
0
0
0
6.202868e-02
0
4.594051e-02
2.963102e-02
1.238346e-01
7.418735e-02
0
0
0
0
4.531985e-02
0
1.279046e-01
2.814766e-03
2.291616e-01
2.019162e-01
5.767940e-02
0
3.280186e-01
1.315533e-01
6.154220e-02
3.620403e-01
3.125664e-01
4.151315e-01
1.997457e-03
6.540979e-02
2.951052e-02
1.433125e-01
7.220377e-02
8.132739e-02
1.026796e-02
2.836449e-01
7.719428e-02
3.720899e-01
9.508622e-02
1.687100e-01
1.351701e-01
1.605848e-01
0
0
1.530473e-02
0
0
0
0
0
0
0
1.242604e-01
2.067867e-01
1.471057e-01
1.402215e-01
1.546025e-01
3.093141e-01
7.437562e-01
7.095110e-01
8.015832e-01
1
8.991549e-02
0
0
0
0
2.996522e-02
0
0
0
0
2.053122e-01
0
7.090594e-02
0
0
0
0
0
3.567374e-01
9.257408e-05
2.774781e-02
0
0
0
0
0
0
0
0
0
2.976944e-01
1.421941e-01
5.145000e-02
0
0
0
0
7.109334e-03
2.174294e-01
6.414373e-02
0
0
0
1.036885e-01
0
0
5.570658e-03
5.965983e-02
0
0
0
0
8.234785e-03
0
0
0
0
0
0
0
6.514896e-02
0
0
0
0
2.330339e-02
0
0
0
0
0
2.415686e-01
1.350763e-01
0
2.911590e-01
3.937753e-01
4.887961e-02
0
3.565989e-01
0
1.227485e-01
0
3.004474e-02
1.268779e-01
4.636814e-01
2.622299e-01
0
0
0
0
0
0
0
0
1.265505e-01
0
0
0
2.312957e-01
1.247481e-01
2.970862e-01
9.969247e-02
1.813586e-01
2.604994e-01
7.528370e-02
0
5.465520e-01
5.069150e-01
1.631707e-01
0
0
0
9.371972e-02
1.042052e-01
0
8.991549e-02
1
6.030020e-01
0
0
0
0
8.775030e-02
5.359618e-01
0
0
1.465954e-01
5.288982e-01
6.538789e-02
0
3.340221e-01
1.563787e-01
1.463113e-04
0
0
0
1.063395e-01
0
4.594462e-01
1.284068e-01
2.861639e-01
4.307782e-02
4.267477e-01
5.250045e-01
0
2.057067e-01
9.757661e-03
2.296114e-01
0
1.490120e-02
0
0
0
0
0
3.463101e-02
6.947079e-02
0
0
3.714854e-01
0
0
0
3.350835e-01
0
0
0
1.587460e-01
0
0
0
0
0
0
0
0
1.401780e-01
0
0
0
0
0
0
3.815076e-02
0
0
0
2.198830e-02
3.901706e-01
3.876921e-01
0
2.262589e-01
0
0
2.553609e-01
0
0
0
4.922976e-02
5.920089e-02
3.889446e-01
2.945322e-01
0
0
4.796598e-03
0
0
0
0
0
0
0
1.526659e-01
3.819562e-01
5.845933e-01
6.518915e-01
4.883745e-01
2.823644e-01
4.254681e-01
5.903756e-01
0
0
4.439633e-01
6.600315e-01
3.746265e-01
0
0
0
1.148721e-03
9.829116e-02
0
0
6.030020e-01
1
0
0
0
0
0
3.512326e-01
0
0
0
2.475415e-01
0
0
4.468642e-01
0
0
0
0
0
0
1.661269e-01
6.417561e-01
4.880012e-01
6.250146e-01
0
6.950554e-01
6.046210e-01
3.093959e-01
1.294324e-01
0
3.288814e-01
0
0
8.849191e-02
1.046468e-01
0
4.769861e-02
0
2.051140e-01
0
9.569497e-02
9.309551e-02
0
0
2.824931e-01
7.399830e-03
0
9.045586e-02
3.496936e-01
0
4.999550e-02
0
0
0
0
7.030423e-01
7.970287e-01
5.148426e-01
2.567666e-01
0
0
0
0
0
0
0
8.134473e-02
3.755694e-01
3.066944e-01
0
0
1.298162e-01
1.416741e-01
0
0
7.264733e-02
0
0
0
0
0
2.936710e-01
2.227421e-01
0
3.400264e-02
4.470275e-01
2.318326e-01
4.183324e-01
4.714845e-01
9.745727e-02
1.647610e-02
1.223451e-01
0
1.633728e-01
1.164474e-01
5.186199e-01
3.601955e-01
0
0
6.911421e-02
0
4.257129e-02
0
0
0
0
0
4.668443e-02
1.777382e-01
2.532317e-02
0
0
0
2.270791e-02
0
0
0
1
6.966720e-01
5.980440e-01
8.753197e-02
1.203684e-01
0
0
0
9.111773e-02
0
0
0
0
0
0
0
1.321376e-01
1.478659e-01
0
1.202734e-01
2.112797e-01
3.153269e-01
0
0
0
0
3.135998e-01
0
2.287798e-01
0
3.242442e-01
0
0
3.755818e-01
8.250209e-02
2.941727e-01
3.994374e-01
0
0
1.686547e-01
5.928962e-01
0
1.575548e-01
3.297675e-01
3.998817e-01
0
4.960913e-01
2.752440e-01
3.114720e-01
0
4.492773e-02
0
4.029038e-01
0
4.235164e-01
4.513315e-01
5.950255e-01
7.922946e-02
0
0
3.123407e-01
2.182696e-01
6.358587e-02
0
0
0
2.924764e-01
1.812125e-01
3.109984e-01
5.083529e-02
0
0
0
0
1.953829e-01
0
0
6.155795e-02
5.671407e-02
1.101041e-02
1.677443e-01
1.355683e-01
0
0
3.621326e-01
1.862063e-01
3.331454e-01
4.590170e-01
1.818313e-01
3.892453e-01
2.989225e-01
2.676607e-01
2.032829e-01
3.833975e-01
1.649485e-01
0
0
0
0
0
0
0
4.441759e-02
0
0
0
0
5.230629e-02
3.224087e-01
0
0
0
1.735063e-01
0
0
0
6.966720e-01
1
3.544817e-01
3.223370e-01
1.339181e-01
0
2.160067e-01
0
5.792199e-02
0
0
1.853301e-01
0
0
0
8.973854e-02
3.526259e-01
9.727578e-02
0
0
0
0
0
0
0
0
0
0
1.510635e-01
0
4.161882e-01
2.571108e-02
0
4.385701e-02
1.648970e-01
0
4.213913e-01
0
4.391081e-01
2.147258e-01
0
0
0
0
0
0
0
7.813409e-02
0
3.027088e-01
0
0
0
0
8.388551e-01
6.199374e-01
2.619626e-01
2.105958e-01
0
0
0
0
0
0
0
0
7.076690e-01
6.989329e-01
0
0
1.829847e-01
1.046118e-01
0
0
7.469657e-02
0
0
0
0
0
4.463540e-01
4.326989e-01
8.508901e-02
2.210256e-01
5.743216e-01
3.227639e-01
4.794039e-01
3.544296e-01
1.330945e-01
0
2.313661e-01
6.644648e-02
3.841865e-01
3.286009e-01
6.252231e-01
6.485946e-01
3.611628e-01
2.396307e-01
5.704561e-01
0
5.647842e-01
2.957153e-01
0
0
0
0
3.738671e-01
3.061902e-02
0
0
0
0
0
0
0
0
5.980440e-01
3.544817e-01
1
0
4.419425e-01
1.602910e-01
0
0
3.248267e-01
0
0
0
0
0
0
0
2.474731e-01
4.730088e-01
2.242648e-01
1.581436e-01
4.064150e-01
4.486560e-01
0
0
0
0
2.188537e-01
5.460471e-02
4.166667e-01
0
2.503130e-01
1.772093e-01
2.750918e-01
6.962553e-01
1.753090e-01
4.128080e-02
1.659995e-01
2.605494e-01
0
2.896117e-01
1.377285e-01
5.672373e-02
3.598504e-02
3.240129e-01
1.406966e-01
8.851807e-02
2.672258e-01
4.053817e-01
4.422932e-01
1.364233e-01
4.631089e-01
3.790822e-01
4.010035e-01
5.654988e-01
0
9.601861e-02
2.540675e-01
0
0
6.966308e-02
1.341501e-01
2.328848e-01
1.536410e-01
0
0
0
0
0
0
0
0
4.099123e-02
2.132432e-01
1.388558e-01
0
0
0
1.852686e-01
6.531753e-02
2.771327e-01
0
0
0
0
0
0
0
0
6.951997e-02
2.966316e-01
1.308184e-01
1.199353e-01
0
0
0
0
0
0
0
2.127265e-01
0
0
2.265565e-01
5.083483e-01
0
0
0
3.398887e-01
0
1.929533e-01
0
7.768794e-02
0
2.996522e-02
0
0
8.753197e-02
3.223370e-01
0
1
0
0
2.888274e-01
6.010600e-01
0
0
3.040782e-01
2.452393e-01
1.372348e-01
1.205110e-01
3.109230e-01
2.800711e-01
0
0
0
3.901885e-01
0
0
0
1.298094e-01
0
0
0
0
0
2.524573e-01
3.014328e-01
7.889526e-03
9.321001e-02
0
3.408634e-01
2.370132e-01
0
0
4.141318e-01
4.640430e-02
0
0
0
0
0
0
6.959028e-04
0
0
0
0
0
1.196679e-01
0
2.481343e-01
1.221747e-02
0
2.141032e-01
0
0
0
0
0
1.066328e-02
0
0
5.613692e-01
5.788359e-01
2.061025e-01
3.190570e-01
1.181658e-01
0
0
0
2.702311e-01
3.965251e-01
4.380955e-01
3.391125e-01
7.889800e-02
0
3.248396e-01
4.551944e-01
4.130648e-01
3.716398e-01
2.800093e-01
2.312962e-01
2.913750e-01
1.895076e-01
0
0
0
0
3.432784e-01
3.260344e-01
0
2.539190e-01
4.682029e-02
0
2.620274e-01
0
5.161952e-01
4.980133e-01
0
0
0
0
1.167934e-01
0
0
0
0
0
6.429140e-03
0
8.775030e-02
0
1.203684e-01
1.339181e-01
4.419425e-01
0
1
4.150599e-01
0
0
6.884527e-01
2.285683e-01
7.699861e-02
0
0
0
0
0
3.432081e-01
3.591309e-01
5.677774e-01
0
2.860420e-02
4.024691e-02
0
0
0
4.653648e-02
0
5.441068e-01
1.695473e-01
0
1.921952e-01
6.491769e-01
2.294020e-01
2.316900e-01
0
0
2.198652e-01
4.474029e-01
3.425976e-01
4.805714e-02
0
1.451440e-01
0
0
0
3.562639e-01
0
0
0
2.262748e-01
1.440889e-01
2.252216e-01
0
4.476860e-02
6.029476e-02
0
0
0
0
0
0
0
0
0
0
0
2.690143e-01
2.588270e-01
0
0
5.423882e-02
9.055311e-02
0
5.873843e-02
0
3.912009e-02
1.953919e-01
0
0
0
1.145502e-01
1.770942e-01
2.901105e-01
2.446003e-01
0
0
7.706405e-02
0
9.360037e-02
0
1.652760e-02
0
3.562558e-01
5.508804e-02
0
1.718189e-01
2.301717e-01
2.182849e-01
4.595165e-01
2.642464e-01
3.718583e-01
5.607512e-01
0
0
4.020629e-02
1.803819e-01
1.432375e-01
0
0
0
0
0
0
0
5.359618e-01
3.512326e-01
0
0
1.602910e-01
0
4.150599e-01
1
0
0
2.628752e-01
6.756545e-01
2.488060e-01
0
0
0
0
0
0
2.241487e-01
2.643235e-01
2.968835e-01
3.075317e-01
1.785299e-01
0
0
0
1.162170e-01
0
1.987877e-01
2.328972e-02
2.616059e-01
4.697903e-02
5.978140e-01
3.795984e-01
2.163516e-01
0
0
0
8.251983e-02
0
0
7.305684e-01
3.626362e-02
4.424801e-01
3.104824e-01
6.623516e-01
0
5.057651e-01
2.139502e-01
6.122586e-01
0
4.127983e-01
0
6.188992e-01
3.800453e-01
0
0
6.072602e-02
0
0
0
8.313029e-01
7.264185e-01
5.099971e-01
2.843287e-01
1.599968e-01
0
0
0
4.582653e-01
2.211539e-01
0
0
5.535155e-01
3.722340e-01
1.434066e-01
7.161263e-02
2.867748e-01
1.895828e-01
3.707693e-01
0
0
0
0
0
0
0
0
0
0
3.610322e-01
9.734955e-02
3.248917e-01
0
0
0
0
0
0
0
1.821140e-02
0
0
8.693118e-01
4.901555e-01
2.346777e-01
0
0
1.227818e-01
2.986859e-01
0
2.620654e-01
0
3.484339e-02
0
0
0
0
2.160067e-01
0
2.888274e-01
0
0
1
5.968689e-01
0
4.148338e-02
4.118607e-01
4.018061e-01
7.756632e-02
4.779438e-01
4.741625e-01
5.182535e-01
0
0
0
0
0
0
0
5.070492e-01
0
0
0
1.249127e-01
0
0
0
0
0
0
0
0
0
0
0
2.281293e-02
1.918396e-01
3.461781e-01
3.374744e-01
4.599343e-01
2.297931e-01
2.027134e-01
1.736633e-01
4.425635e-01
3.716735e-01
1.108668e-01
4.595308e-01
4.524606e-01
3.452141e-01
6.541676e-01
0
0
0
0
2.081352e-01
3.001754e-01
4.224214e-01
5.445205e-01
5.399119e-01
2.913260e-01
3.760076e-01
2.391178e-01
0
0
1.182126e-01
0
0
0
5.215968e-01
5.403844e-01
0
0
0
0
0
1.490053e-03
0
0
0
0
0
0
0
0
5.317584e-03
2.325255e-01
8.649988e-02
9.174283e-02
0
0
0
0
0
0
0
6.000467e-01
0
0
6.197055e-01
8.832594e-01
1.457806e-01
1.876558e-01
0
1.825191e-01
1.061891e-01
3.130801e-01
7.756333e-02
2.503858e-02
0
0
0
0
0
0
0
6.010600e-01
0
0
5.968689e-01
1.000000e+00
0
7.339591e-02
4.368253e-01
5.434905e-01
5.154661e-01
2.417325e-01
6.131455e-01
3.146454e-01
0
0
0
3.099358e-01
0
0
3.059835e-01
3.693811e-01
1.501914e-01
1.672283e-02
0
0
0
4.376184e-02
0
0
9.340450e-02
0
1.421109e-02
3.180265e-01
0
0
4.237032e-01
0
0
0
0
0
0
0
1.364744e-01
0
0
7.604995e-02
0
0
0
0
5.083009e-02
0
0
2.297529e-01
0
0
0
0
0
0
0
0
4.200276e-01
4.216183e-01
0
0
0
0
0
0
2.028501e-01
2.287025e-01
2.942819e-01
2.909670e-01
0
0
2.351598e-01
3.435714e-01
2.691403e-01
3.094201e-01
2.572653e-01
1.397027e-01
1.495324e-01
2.362859e-01
0
0
0
0
3.143239e-01
4.166690e-01
1.255458e-01
2.391603e-01
1.072609e-02
0
2.316103e-01
0
4.060816e-01
3.504205e-01
0
0
0
0
3.092449e-01
0
0
0
6.579930e-02
9.941653e-02
3.009172e-01
2.053122e-01
1.465954e-01
0
9.111773e-02
5.792199e-02
3.248267e-01
0
6.884527e-01
2.628752e-01
0
0
1
2.873251e-01
4.165972e-02
2.343723e-02
0
0
0
0
3.741285e-01
4.990651e-01
3.446361e-01
0
0
4.658459e-02
0
0
0
0
0
1.996857e-01
5.052028e-01
0
3.465726e-01
5.431880e-01
1.264059e-01
1.581831e-01
0
0
3.841993e-01
3.056648e-01
0
0
0
0
0
0
0
2.383001e-01
9.943002e-02
0
0
1.534580e-01
2.790411e-01
4.806680e-01
4.764466e-02
2.659303e-01
0
0
0
4.307521e-02
0
0
0
0
0
0
0
0
1.043462e-02
0
0
0
0
0
4.827155e-02
2.238232e-01
5.202423e-02
2.290651e-01
3.295427e-01
2.296814e-01
1.822319e-01
0
0
2.397106e-02
2.553860e-01
2.656244e-01
0
0
0
0
0
0
0
0
3.737125e-03
0
0
0
0
0
2.392743e-01
2.161212e-01
2.093947e-01
3.212612e-01
0
4.733992e-02
3.249238e-01
4.175035e-01
2.879379e-01
1.201746e-01
0
0
0
5.689573e-02
0
0
5.288982e-01
2.475415e-01
0
0
0
0
2.285683e-01
6.756545e-01
4.148338e-02
7.339591e-02
2.873251e-01
1
1.939421e-01
0
8.450946e-02
1.261870e-01
1.735732e-01
0
0
3.231819e-01
2.026242e-01
3.041038e-01
0
0
0
1.402853e-01
0
1.729665e-01
0
1.652969e-01
1.863960e-01
3.830926e-01
7.946132e-02
3.377269e-01
1.324180e-01
0
0
0
0
1.500589e-01
6.313045e-02
8.968526e-02
4.847930e-02
1.103134e-01
3.087040e-02
0
5.863395e-03
0
1.338572e-01
1.077868e-01
2.816616e-01
2.168149e-02
3.602025e-01
1.522361e-01
2.815527e-01
0
0
0
0
0
0
0
6.288689e-02
0
1.400554e-01
0
0
0
0
0
1.678057e-01
0
0
0
2.794475e-01
1.998015e-01
1.366189e-01
5.791537e-02
5.048753e-01
3.313975e-01
2.189079e-01
1.512007e-01
0
0
0
0
0
0
0
0
2.487778e-01
3.919202e-01
3.910971e-01
3.642889e-01
1.416597e-01
9.122344e-02
7.477358e-02
0
1.866366e-01
1.360218e-01
0
3.068444e-01
0
5.822969e-02
2.373099e-01
3.207105e-01
0
0
3.529385e-02
3.490986e-02
0
0
7.703919e-02
1.626322e-01
0
7.090594e-02
6.538789e-02
0
0
0
0
3.040782e-01
7.699861e-02
2.488060e-01
4.118607e-01
4.368253e-01
4.165972e-02
1.939421e-01
1
4.581504e-01
0
1.424587e-01
0
2.266414e-01
0
6.423984e-02
4.987865e-02
8.557349e-02
0
1.145795e-01
0
1.934586e-01
0
4.815441e-02
0
0
0
0
1.514006e-01
3.046869e-01
3.353545e-01
0
0
0
0
0
9.418630e-02
3.502258e-01
1.995927e-01
0
3.746044e-01
4.357384e-01
2.607678e-02
0
2.795531e-01
4.349167e-01
3.412686e-01
2.448159e-01
3.374427e-01
2.100873e-01
2.521162e-01
9.491731e-02
0
7.123251e-02
1.851013e-01
3.839943e-02
4.367538e-02
3.068017e-01
3.711403e-01
2.823651e-01
5.654978e-01
2.901509e-01
4.631089e-01
4.121306e-01
0
2.771892e-02
1.861330e-01
0
0
0
1.088192e-01
0
0
0
8.228018e-02
2.295545e-01
0
0
0
0
0
0
0
0
0
0
1.745539e-01
3.295547e-01
4.568660e-01
4.972205e-01
0
0
2.496151e-02
1.229351e-01
0
0
0
4.127194e-01
0
0
2.753777e-01
6.131380e-01
0
0
0
9.113886e-02
3.458492e-02
0
0
0
0
0
0
0
0
1.853301e-01
0
2.452393e-01
0
0
4.018061e-01
5.434905e-01
2.343723e-02
0
4.581504e-01
1
3.406827e-02
1.397278e-01
1.290505e-01
2.508466e-01
0
4.892424e-02
0
9.225678e-02
0
0
2.998476e-02
1.138325e-01
0
0
0
0
0
0
1.447988e-01
1.366015e-02
2.765191e-01
0
2.944550e-02
3.465350e-01
0
0
0
0
0
3.449591e-01
1.563882e-01
3.429316e-01
0
3.037992e-01
0
3.940182e-01
0
4.943673e-02
2.517676e-02
2.041653e-01
0
3.449085e-01
0
8.799302e-03
0
1.283963e-01
5.215672e-01
3.135276e-01
6.711690e-02
2.252278e-01
4.318271e-01
2.335236e-01
4.914594e-01
4.068213e-01
0
0
0
0
0
0
5.182783e-01
6.712404e-01
0
0
0
0
5.066287e-02
0
0
0
0
0
0
0
0
0
0
0
0
0
0
0
7.202068e-03
0
1.076360e-01
2.062654e-01
0
5.307218e-01
0
0
3.352777e-01
4.747455e-01
4.175239e-01
4.497471e-01
1.963883e-01
3.217882e-01
4.278034e-02
1.640549e-01
5.923216e-02
5.037803e-02
0
0
3.340221e-01
4.468642e-01
0
0
0
1.372348e-01
0
0
7.756632e-02
5.154661e-01
0
8.450946e-02
0
3.406827e-02
1
4.695143e-01
5.955429e-01
1.457335e-01
0
0
0
4.108195e-01
2.186254e-01
9.836176e-02
8.053120e-01
3.550719e-01
7.417053e-01
4.143988e-01
3.308079e-01
0
0
3.910842e-01
0
0
9.797681e-03
0
8.872992e-02
3.737370e-01
0
0
0
0
3.134302e-01
0
5.060874e-01
2.959537e-01
5.150220e-01
0
4.621098e-01
4.035168e-01
3.728346e-01
0
4.912803e-01
0
4.045430e-01
1.154551e-01
0
1.016262e-01
0
0
4.718325e-02
1.438358e-01
4.284180e-01
2.360165e-01
5.834657e-01
1.780999e-01
4.682969e-01
1.027595e-01
0
0
0
0
0
0
6.930463e-01
6.030595e-01
3.179888e-01
1.783351e-01
3.717411e-01
0
5.958039e-01
3.060278e-01
0
0
0
0
0
0
0
0
0
0
0
2.732468e-01
0
0
0
0
0
0
0
1.224482e-02
0
0
6.331297e-01
3.652324e-01
2.215700e-01
0
0
2.142837e-01
2.144339e-01
6.646229e-02
1.118347e-01
8.334558e-02
0
0
1.563787e-01
0
0
0
0
1.205110e-01
0
0
4.779438e-01
2.417325e-01
0
1.261870e-01
1.424587e-01
1.397278e-01
4.695143e-01
1
5.068373e-01
7.318429e-01
0
0
1.167369e-02
1.933883e-02
0
2.322115e-02
2.533543e-01
7.984272e-01
1.563096e-01
1.594126e-01
0
0
0
8.668150e-02
0
0
0
0
1.426217e-02
0
0
0
0
0
2.295046e-01
3.378783e-01
4.989660e-01
5.384036e-01
3.852221e-01
1.480781e-01
4.284662e-01
4.068513e-01
0
0
1.881036e-01
3.860719e-01
3.679771e-01
6.938132e-01
0
0
0
0
3.052226e-01
2.152622e-01
4.807982e-01
6.721312e-01
5.112661e-01
5.272460e-01
5.316498e-01
3.473701e-01
0
0
0
6.950680e-02
0
0
6.055354e-01
6.382869e-01
0
7.097324e-02
0
0
8.137770e-02
0
0
0
0
0
0
0
0
0
0
0
0
0
0
0
0
0
0
0
0
2.495239e-01
0
0
6.510467e-01
5.912629e-01
4.664358e-01
3.109272e-01
0
2.545437e-01
2.115931e-01
3.546030e-01
0
0
0
0
1.463113e-04
0
0
0
0
3.109230e-01
0
0
4.741625e-01
6.131455e-01
0
1.735732e-01
0
1.290505e-01
5.955429e-01
5.068373e-01
1
5.074194e-01
0
0
0
1.796959e-01
0
0
4.035282e-01
6.810237e-01
1.494643e-01
2.841825e-01
1.348005e-01
0
0
1.250148e-01
0
0
0
0
0
2.219233e-01
0
0
0
0
3.891925e-01
0
6.663317e-01
2.929809e-01
4.753693e-01
0
6.051132e-01
3.004338e-01
4.474728e-01
0
5.894167e-01
8.584419e-02
6.205913e-01
2.567883e-01
0
0
0
0
0
2.180953e-01
5.665037e-01
3.790270e-01
6.609288e-01
3.001242e-01
4.667753e-01
1.416425e-01
0
0
1.561660e-01
0
0
0
6.806492e-01
5.824543e-01
2.737046e-01
3.115843e-01
2.557654e-01
2.727030e-01
4.273436e-01
4.134263e-01
0
0
0
0
0
0
0
0
0
4.118062e-02
0
3.471123e-01
0
0
0
0
0
0
0
6.798842e-02
0
0
6.525289e-01
5.362089e-01
2.467337e-02
0
0
1.963313e-01
3.038034e-01
2.942621e-01
8.260429e-02
2.974832e-02
0
0
0
0
0
8.973854e-02
0
2.800711e-01
0
0
5.182535e-01
3.146454e-01
0
0
2.266414e-01
2.508466e-01
1.457335e-01
7.318429e-01
5.074194e-01
1.000000e+00
1.169591e-01
0
8.793708e-02
0
0
0
0
8.209949e-01
0
0
0
0
0
7.991121e-02
0
0
2.229647e-03
0
2.393533e-01
0
0
0
0
0
9.436031e-02
0
0
0
0
0
3.152544e-01
0
0
0
0
0
5.688965e-02
0
1.468830e-01
0
1.026852e-01
3.974731e-01
0
0
1.831134e-01
1.400327e-01
0
0
0
0
3.508365e-01
3.234279e-01
1.582905e-01
0
0
0
0
0
6.352387e-01
5.614623e-01
7.795806e-02
6.306032e-01
4.282383e-01
1.696161e-01
1.717962e-01
2.323179e-01
9.437130e-03
2.144701e-01
2.855254e-01
1.784169e-01
0
1.687586e-01
0
0
0
1.780446e-01
0
2.418965e-01
2.515862e-02
0
0
0
0
0
8.824445e-02
0
0
0
0
0
2.825088e-01
3.688812e-01
0
0
1.576717e-01
2.237062e-01
3.617820e-01
3.567374e-01
0
0
1.321376e-01
3.526259e-01
2.474731e-01
0
3.432081e-01
0
0
0
3.741285e-01
0
0
0
0
0
0
1.169591e-01
1
6.179032e-01
4.836327e-01
0
0
0
0
0
0
0
1.737769e-01
2.629023e-01
5.757291e-01
6.896524e-02
2.588142e-01
1.327041e-01
1.551489e-02
1.232748e-01
3.032668e-02
0
5.170601e-01
2.239408e-01
1.035272e-01
0
0
0
0
0
0
1.551731e-01
1.981293e-02
0
0
2.687338e-01
0
2.962953e-01
0
0
3.450027e-01
9.349664e-02
0
3.718578e-01
0
0
0
0
0
0
0
0
4.730208e-01
5.111326e-01
0
0
0
1.746799e-01
0
0
4.657175e-01
4.857077e-01
1.269203e-01
5.234175e-01
2.193052e-01
1.409254e-01
1.418091e-03
3.046817e-02
0
1.106404e-01
7.112858e-02
0
0
0
0
0
0
6.989214e-02
0
1.183012e-01
3.539298e-01
2.790391e-01
3.407782e-02
5.083409e-02
7.200103e-02
5.594033e-02
3.181840e-01
2.079214e-01
0
0
0
0
6.306272e-01
4.663317e-01
0
0
0
2.164358e-01
1.345853e-02
9.257408e-05
0
0
1.478659e-01
9.727578e-02
4.730088e-01
0
3.591309e-01
2.241487e-01
0
0
4.990651e-01
3.231819e-01
6.423984e-02
4.892424e-02
0
0
0
0
6.179032e-01
1
3.663842e-01
3.758846e-01
0
0
0
0
0
0
1.892971e-01
2.338211e-01
7.608294e-01
3.166211e-01
3.386681e-01
3.986388e-01
5.672726e-01
2.493536e-01
0
0
4.338109e-01
3.274429e-01
2.965320e-01
2.025930e-01
0
0
0
0
0
0
2.854492e-02
0
0
0
6.062903e-02
0
1.115868e-01
0
1.728618e-01
0
0
1.956563e-01
0
9.210287e-02
0
0
0
0
0
3.961385e-02
5.086118e-01
5.234724e-01
0
0
2.314073e-01
1.446944e-01
0
0
5.078080e-01
6.569015e-01
5.234139e-01
5.718002e-01
4.209121e-01
3.159150e-01
5.890776e-02
1.382120e-01
6.287057e-02
9.773886e-02
3.937360e-02
4.479998e-03
0
0
0
0
0
1.403612e-01
6.995751e-02
6.160640e-02
0
1.843076e-01
0
0
0
0
1.531941e-01
2.433135e-01
0
0
0
1.693027e-03
3.272570e-01
0
0
0
0
2.588733e-01
2.283995e-03
2.774781e-02
1.063395e-01
0
0
0
2.242648e-01
0
5.677774e-01
2.643235e-01
0
0
3.446361e-01
2.026242e-01
4.987865e-02
0
0
1.167369e-02
0
8.793708e-02
4.836327e-01
3.663842e-01
1.000000e+00
0
9.104587e-02
1.722680e-01
0
0
0
6.476629e-02
0
2.115915e-01
8.969216e-02
1.923379e-01
0
3.821259e-01
2.961953e-01
3.337448e-01
4.883752e-03
0
0
0
0
9.881222e-02
0
5.116404e-02
0
2.738844e-01
0
4.288076e-01
0
3.869461e-01
0
4.568596e-01
1.210715e-01
4.352037e-01
0
1.872237e-01
1.270255e-01
2.305072e-01
0
1.543074e-01
0
0
0
0
0
0
0
6.286328e-02
9.392638e-02
1.141202e-01
0
0
0
2.074655e-01
0
9.256557e-02
0
1.094658e-01
0
0
0
9.155656e-03
0
0
0
0
0
0
0
0
0
0
0
3.319202e-03
0
0
3.328876e-01
2.447802e-01
1.303862e-01
2.265285e-01
1.283169e-01
5.025291e-01
0
1.091891e-01
0
3.074272e-01
0
1.400506e-01
4.503029e-01
5.582869e-01
0
0
0
1.648309e-01
0
0
0
1.661269e-01
1.202734e-01
0
1.581436e-01
3.901885e-01
0
2.968835e-01
0
3.099358e-01
0
3.041038e-01
8.557349e-02
9.225678e-02
4.108195e-01
1.933883e-02
1.796959e-01
0
0
3.758846e-01
0
1.000000e+00
5.214596e-02
2.022900e-01
1.059064e-01
0
4.280451e-02
0
3.356260e-01
0
1.665162e-01
4.526393e-01
4.524692e-02
1.556271e-01
4.466578e-01
2.301253e-01
1.001167e-01
3.999016e-01
0
0
2.621087e-01
7.651585e-02
0
1.037013e-01
0
0
0
1.069358e-01
0
0
0
8.222497e-02
0
0
0
0
4.420486e-01
3.455851e-01
0
0
2.038458e-01
0
0
0
0
0
0
0
3.526647e-01
2.120071e-01
0
0
6.150244e-01
3.808399e-01
0
0
0
0
0
0
0
0
4.995619e-01
4.269623e-01
4.534816e-01
4.229338e-01
4.570703e-01
4.582723e-01
5.039521e-01
2.883516e-01
2.186498e-01
0
4.132277e-02
0
3.086713e-01
0
4.723927e-01
5.259769e-01
6.843997e-01
5.924205e-01
6.335073e-01
0
4.990946e-01
4.626760e-01
0
0
1.686589e-01
2.559185e-01
3.317830e-01
0
0
0
0
5.981815e-02
5.705410e-02
0
4.594462e-01
6.417561e-01
2.112797e-01
0
4.064150e-01
0
2.860420e-02
3.075317e-01
0
0
0
0
0
0
2.186254e-01
0
0
0
0
0
9.104587e-02
5.214596e-02
1
6.092014e-01
3.496261e-01
0
5.584333e-01
3.231451e-01
2.030919e-01
1.543447e-03
5.984217e-02
2.772115e-01
0
0
0
7.000151e-01
1.775126e-01
0
0
6.018619e-02
3.809103e-01
4.081311e-01
0
0
0
0
0
1.558242e-01
0
7.628584e-02
0
2.961004e-01
1.043809e-01
0
0
0
4.294983e-01
4.841227e-01
0
0
0
0
0
0
0
0
0
0
4.290930e-01
2.737632e-01
0
0
6.092874e-01
3.858513e-01
0
0
0
0
2.138264e-01
0
0
1.135263e-01
8.238984e-02
2.787455e-02
0
0
1.162702e-01
3.959714e-02
2.339881e-01
3.519115e-02
1.532020e-01
0
5.097116e-02
0
1.203932e-01
0
5.602780e-01
6.263493e-01
4.711594e-01
5.646090e-01
5.556502e-01
1.712112e-01
2.111252e-01
3.808577e-01
0
0
0
0
3.935278e-01
2.604961e-02
0
0
0
6.520984e-02
0
0
1.284068e-01
4.880012e-01
3.153269e-01
0
4.486560e-01
0
4.024691e-02
1.785299e-01
0
0
4.658459e-02
0
1.145795e-01
0
9.836176e-02
2.322115e-02
0
0
0
0
1.722680e-01
2.022900e-01
6.092014e-01
1
2.928769e-01
0
4.555304e-01
2.316762e-01
9.850436e-02
0
0
6.812937e-02
3.666401e-02
0
1.490022e-01
5.835106e-01
2.720614e-01
2.322801e-01
0
0
0
0
0
5.218558e-01
1.837405e-01
2.166770e-01
0
3.762234e-01
0
2.887766e-01
0
1.368909e-01
0
7.526162e-02
0
1.817236e-01
0
4.395352e-02
0
4.937625e-02
5.003494e-01
1.908421e-01
0
1.018965e-01
3.933994e-01
3.679274e-01
4.664259e-01
5.023810e-01
0
0
0
6.510920e-02
1.045231e-02
0
2.890765e-01
4.244751e-01
0
0
0
0
0
0
0
0
1.390481e-02
0
0
0
0
0
0
0
0
0
0
0
1.561082e-01
1.154178e-01
3.786928e-01
4.556589e-01
0
4.998150e-01
0
5.052549e-02
1.144767e-01
2.846316e-01
3.633426e-01
4.110633e-01
9.966830e-02
4.115157e-02
0
0
0
0
0
0
2.861639e-01
6.250146e-01
0
0
0
0
0
0
0
3.059835e-01
0
0
0
2.998476e-02
8.053120e-01
2.533543e-01
4.035282e-01
0
0
0
0
1.059064e-01
3.496261e-01
2.928769e-01
1
2.252464e-01
8.788037e-01
6.547090e-01
4.566304e-01
0
0
1.160784e-01
0
0
1.064299e-01
0
1.072323e-02
3.479008e-01
0
0
0
0
3.369005e-01
3.667513e-02
6.828221e-01
1.876302e-01
5.670649e-01
0
5.526074e-01
2.355478e-01
1.617111e-01
0
5.073567e-01
0
5.522795e-01
2.408746e-01
0
0
0
0
3.291057e-02
1.494952e-01
4.639590e-01
3.863287e-01
5.903914e-01
4.193470e-01
5.178917e-01
1.942481e-01
0
0
1.087741e-01
0
0
0
6.905882e-01
6.438225e-01
1.643108e-01
3.183808e-01
3.643681e-01
4.918437e-02
4.469369e-01
3.710750e-01
0
0
0
0
0
0
0
0
0
0
0
7.770332e-02
0
0
0
0
0
0
0
9.788385e-02
0
0
7.074677e-01
5.290261e-01
3.476348e-01
1.447503e-01
0
2.111364e-01
2.387238e-01
2.932841e-01
1.669667e-01
8.784901e-02
0
0
4.307782e-02
0
0
0
0
1.298094e-01
0
0
5.070492e-01
3.693811e-01
0
1.402853e-01
1.934586e-01
1.138325e-01
3.550719e-01
7.984272e-01
6.810237e-01
8.209949e-01
0
0
0
0
0
0
2.252464e-01
1.000000e+00
1.049746e-01
3.944549e-01
0
0
0
3.333816e-02
0
0
0
0
0
1.366404e-03
0
0
0
0
0
4.248581e-01
3.852833e-02
0
0
3.772478e-01
0
6.137679e-02
0
1.040094e-01
0
0
0
7.413531e-02
0
3.591956e-02
0
1.430643e-01
5.384324e-01
1.844526e-01
0
0
2.065532e-01
9.973414e-02
3.156831e-01
3.252060e-01
0
0
0
3.725067e-02
3.695550e-01
1.942048e-01
2.333248e-01
3.944303e-01
0
0
5.997505e-02
0
0
0
0
0
1.264974e-01
0
0
0
0
0
0
0
0
0
0
0
1.261664e-01
1.716839e-01
4.203396e-01
5.785893e-01
1.366489e-01
4.210733e-01
1.586587e-02
2.253630e-01
0
1.318033e-01
3.982286e-01
5.151370e-01
2.603309e-01
5.229236e-02
0
5.434943e-02
1.061922e-01
0
0
0
4.267477e-01
6.950554e-01
0
0
0
0
0
0
0
1.501914e-01
0
0
0
0
7.417053e-01
1.563096e-01
1.494643e-01
0
0
0
0
4.280451e-02
5.584333e-01
4.555304e-01
8.788037e-01
1.049746e-01
1
7.015433e-01
3.597050e-01
0
0
3.323360e-01
0
0
2.412603e-02
7.486692e-02
9.743582e-02
2.277253e-01
0
0
0
0
0
4.470523e-01
2.050771e-01
0
5.244245e-02
2.289030e-01
0
0
0
0
0
0
0
4.229493e-02
0
0
0
0
2.401358e-01
0
0
0
6.945751e-02
3.413374e-01
2.408920e-01
2.064304e-01
0
0
1.225963e-01
3.383145e-01
2.781804e-01
0
2.781282e-01
3.797326e-01
0
0
2.856682e-01
0
3.978797e-02
5.575684e-03
8.127973e-03
1.695972e-02
4.640834e-01
2.631019e-01
0
8.411681e-02
0
0
0
0
0
0
0
0
0
0
2.357605e-01
2.189620e-01
3.701944e-03
2.263330e-01
3.388375e-02
3.242840e-01
7.282248e-02
0
6.284462e-01
5.866331e-01
4.025567e-02
0
0
0
2.549200e-03
0
0
0
5.250045e-01
6.046210e-01
0
0
0
0
4.653648e-02
1.162170e-01
0
1.672283e-02
0
1.729665e-01
4.815441e-02
0
4.143988e-01
1.594126e-01
2.841825e-01
0
0
0
6.476629e-02
0
3.231451e-01
2.316762e-01
6.547090e-01
3.944549e-01
7.015433e-01
1
1.506002e-01
1.150658e-01
0
1.406585e-01
0
0
0
0
0
0
0
0
0
0
0
1.472866e-01
0
0
0
1.668997e-01
0
0
0
2.632204e-01
0
3.011596e-02
0
0
2.123083e-01
3.138779e-01
2.945421e-01
4.602492e-01
3.090165e-01
8.142695e-02
0
0
0
0
0
3.361145e-01
4.254801e-02
2.129918e-01
0
0
9.808844e-02
3.306427e-01
0
0
0
3.516246e-02
0
0
0
0
5.473186e-02
1.243428e-02
8.672450e-02
2.349340e-01
7.682002e-02
3.077279e-02
1.338301e-02
1.232622e-02
0
0
0
0
0
0
3.026895e-01
4.024980e-01
3.158020e-01
3.618600e-01
0
9.653540e-02
3.202797e-01
2.236640e-01
0
0
9.256770e-02
2.836810e-01
4.089607e-01
4.192284e-01
0
0
0
0
0
0
0
3.093959e-01
3.135998e-01
0
2.188537e-01
0
0
0
0
0
0
0
0
0
3.308079e-01
0
1.348005e-01
0
1.737769e-01
1.892971e-01
0
3.356260e-01
2.030919e-01
9.850436e-02
4.566304e-01
0
3.597050e-01
1.506002e-01
1.000000e+00
0
1.660238e-01
1.843681e-01
1.175987e-01
0
1.327713e-01
1.023812e-01
0
6.109507e-01
3.777768e-01
2.183215e-01
3.427881e-02
0
8.192534e-02
2.196786e-01
0
0
0
0
0
0
0
0
0
0
0
0
2.913951e-03
0
0
1.650303e-01
0
0
1.012861e-01
8.606223e-02
0
1.991394e-01
0
0
9.346799e-03
9.408568e-02
2.807102e-01
5.165964e-01
0
0
0
0
2.375090e-01
2.838875e-01
2.069214e-01
1.590105e-01
6.986221e-02
0
2.977496e-01
3.900682e-01
5.094185e-01
4.297492e-01
1.750307e-01
2.690019e-01
1.191440e-01
4.914174e-02
0
0
0
0
8.741022e-02
7.295710e-02
0
0
1.026933e-01
0
1.378597e-01
0
4.655844e-01
3.077189e-01
0
0
2.768574e-01
2.211817e-01
0
0
0
0
0
0
0
0
2.057067e-01
1.294324e-01
0
0
5.460471e-02
0
5.441068e-01
1.987877e-01
1.249127e-01
0
1.996857e-01
1.652969e-01
0
0
0
0
0
0
2.629023e-01
2.338211e-01
2.115915e-01
0
1.543447e-03
0
0
0
0
1.150658e-01
0
1
2.150783e-01
8.430599e-03
0
3.478944e-01
1.846825e-01
0
0
0
2.589860e-01
6.455083e-01
1.403318e-01
0
0
0
0
0
0
8.734922e-02
0
0
0
2.469929e-01
0
2.558163e-01
0
0
2.707193e-01
0
1.267922e-02
4.355537e-01
0
0
0
0
0
0
0
0
3.447400e-01
2.340487e-01
0
0
0
8.490075e-02
0
0
4.414463e-01
1.424469e-01
0
3.248752e-01
1.247791e-01
0
1.902187e-01
2.523679e-01
4.753242e-02
3.050286e-01
2.953953e-01
1.106466e-01
5.019146e-02
2.670232e-01
0
0
0
0
1.191566e-01
2.008491e-01
4.255319e-01
1.038931e-01
1.781220e-01
1.207998e-01
2.138213e-01
0
4.222458e-01
1.941769e-01
0
0
0
0
6.260045e-01
4.952003e-01
0
0
1.325939e-01
2.250848e-01
2.824548e-01
2.976944e-01
9.757661e-03
0
2.287798e-01
1.510635e-01
4.166667e-01
0
1.695473e-01
2.328972e-02
0
0
5.052028e-01
1.863960e-01
0
0
0
0
0
0
5.757291e-01
7.608294e-01
8.969216e-02
1.665162e-01
5.984217e-02
0
0
0
0
0
1.660238e-01
2.150783e-01
1
2.769985e-01
3.204004e-01
2.208620e-01
2.278857e-01
1.900784e-01
0
0
5.664418e-01
4.594601e-01
0
0
0
9.457267e-02
0
0
0
3.358131e-01
0
0
0
1.318005e-01
0
3.340478e-01
0
1.694241e-01
0
0
0
1.463382e-01
1.392185e-02
0
0
0
0
0
0
0
1.295916e-01
0
0
0
3.238877e-01
5.099233e-01
1.279026e-01
4.303337e-01
2.865877e-01
2.900594e-01
7.955781e-02
2.168041e-01
3.154935e-01
4.400942e-01
0
0
1.844540e-02
1.888817e-01
0
0
0
0
0
0
0
0
0
0
8.691782e-03
0
1.633104e-01
3.711459e-01
9.880506e-02
1.895243e-01
4.308028e-02
2.558971e-01
0
0
3.558664e-01
6.439863e-01
5.655158e-01
4.723373e-01
0
1.190466e-01
6.044761e-02
4.407953e-01
0
1.421941e-01
2.296114e-01
3.288814e-01
0
0
0
2.524573e-01
0
2.616059e-01
0
4.376184e-02
0
3.830926e-01
0
0
3.910842e-01
8.668150e-02
1.250148e-01
7.991121e-02
6.896524e-02
3.166211e-01
1.923379e-01
4.526393e-01
2.772115e-01
6.812937e-02
1.160784e-01
3.333816e-02
3.323360e-01
1.406585e-01
1.843681e-01
8.430599e-03
2.769985e-01
1
0
0
2.301600e-01
1.755722e-01
6.780640e-02
0
0
9.310209e-02
3.543029e-01
5.905242e-02
0
0
0
8.343960e-02
0
3.281470e-01
2.593396e-01
1.388683e-01
0
4.856392e-01
4.493629e-03
5.033592e-01
8.728157e-02
2.135454e-01
9.567480e-02
8.637974e-02
1.240979e-01
3.476287e-02
0
0
0
0
0
0
0
0
1.842686e-01
2.492840e-01
0
0
0
0
0
0
0
0
0
2.268600e-01
0
0
2.056103e-01
2.337209e-01
0
1.740455e-01
2.295907e-01
1.697954e-01
2.167213e-01
2.064256e-01
6.949287e-02
0
3.460222e-02
0
2.472986e-01
4.198519e-01
1.449822e-01
1.767843e-02
0
8.234756e-03
0
1.185384e-02
1.888131e-01
2.453689e-01
0
0
0
0
1.078872e-02
7.483983e-02
0
0
0
0
0
5.145000e-02
0
0
3.242442e-01
4.161882e-01
2.503130e-01
3.014328e-01
1.921952e-01
4.697903e-02
0
0
3.465726e-01
7.946132e-02
1.514006e-01
1.447988e-01
0
0
0
0
2.588142e-01
3.386681e-01
0
4.524692e-02
0
3.666401e-02
0
0
0
0
1.175987e-01
0
3.204004e-01
0
1
4.204339e-01
2.762190e-01
0
5.305004e-02
2.243286e-01
5.811169e-01
2.473159e-02
5.825202e-01
5.388625e-02
0
1.230167e-02
0
0
0
2.249527e-01
4.296728e-02
0
0
1.353871e-01
8.109045e-02
2.750979e-01
2.299519e-01
3.594055e-02
3.299529e-02
0
0
1.606646e-02
0
0
0
0
0
0
0
0
2.817962e-01
3.440277e-01
0
1.206404e-01
0
0
0
0
0
2.602955e-01
8.605358e-02
3.144692e-01
0
0
1.080237e-01
2.030390e-01
1.682242e-01
2.181835e-01
5.872746e-02
4.827634e-02
1.491532e-01
5.665586e-02
1.697992e-01
9.112969e-02
1.321290e-01
0
4.219017e-01
4.732253e-01
0
0
1.223267e-02
0
1.104315e-01
2.268339e-01
3.260733e-01
4.728813e-01
0
0
0
0
1.786056e-02
0
0
0
0
0
0
0
1.490120e-02
0
0
2.571108e-02
1.772093e-01
7.889526e-03
6.491769e-01
5.978140e-01
0
0
5.431880e-01
3.377269e-01
3.046869e-01
1.366015e-02
0
0
0
0
1.327041e-01
3.986388e-01
3.821259e-01
1.556271e-01
0
0
0
0
0
0
0
3.478944e-01
2.208620e-01
0
4.204339e-01
1.000000e+00
5.606216e-01
1.034593e-01
6.127456e-03
0
1.421554e-01
1.010991e-01
3.758175e-01
1.327882e-01
0
2.202497e-01
0
1.628403e-01
0
5.685044e-01
0
2.082016e-01
0
4.867646e-01
0
4.518459e-01
0
9.299391e-02
3.333681e-01
0
0
1.855234e-01
0
0
0
0
0
6.779938e-02
4.341297e-02
3.175897e-01
1.271196e-01
3.498184e-01
0
0
0
0
0
0
0
2.006933e-01
8.042562e-02
2.305825e-01
0
0
0
0
0
0
0
0
0
0
0
0
5.403289e-02
0
0
0
3.178913e-01
3.458774e-01
2.461169e-01
4.381889e-01
5.753956e-02
6.817474e-01
2.432238e-01
3.980410e-01
0
2.063023e-01
0
0
3.868272e-01
1.729358e-01
0
0
0
0
0
0
0
8.849191e-02
0
0
2.750918e-01
9.321001e-02
2.294020e-01
3.795984e-01
0
9.340450e-02
1.264059e-01
1.324180e-01
3.353545e-01
2.765191e-01
9.797681e-03
0
0
2.229647e-03
1.551489e-02
5.672726e-01
2.961953e-01
4.466578e-01
0
1.490022e-01
1.064299e-01
0
2.412603e-02
0
1.327713e-01
1.846825e-01
2.278857e-01
2.301600e-01
2.762190e-01
5.606216e-01
1
1.601564e-01
8.388015e-02
0
2.929316e-03
4.040277e-02
3.734141e-01
3.038783e-01
0
0
0
0
0
0
0
0
0
5.679334e-02
0
0
0
0
6.840240e-01
5.013464e-01
0
0
0
7.395457e-03
0
0
0
0
0
0
6.733878e-01
5.263124e-01
0
0
5.311242e-01
2.716060e-01
0
0
5.850474e-02
8.224585e-03
0
0
0
4.817584e-02
4.481550e-01
3.457578e-01
1.480286e-01
2.512220e-01
5.400914e-01
4.071343e-01
4.981869e-01
3.206075e-01
2.611224e-01
2.748420e-02
1.994712e-01
2.369035e-01
4.038834e-01
3.223912e-01
6.298400e-01
5.730007e-01
4.355303e-01
3.096035e-01
4.558192e-01
0
3.281797e-01
2.538887e-01
0
0
0
0
3.831333e-01
0
0
0
0
7.635841e-02
1.330969e-01
0
0
1.046468e-01
3.755818e-01
4.385701e-02
6.962553e-01
0
2.316900e-01
2.163516e-01
0
0
1.581831e-01
0
0
0
0
0
0
0
1.232748e-01
2.493536e-01
3.337448e-01
2.301253e-01
7.000151e-01
5.835106e-01
0
0
7.486692e-02
0
1.023812e-01
0
1.900784e-01
1.755722e-01
0
1.034593e-01
1.601564e-01
1
5.383797e-01
7.117094e-02
0
0
1.728016e-01
1.135196e-01
0
0
2.036484e-01
1.773175e-01
1.530288e-02
2.317119e-02
1.812694e-01
2.752156e-01
4.512329e-01
2.739387e-02
1.883902e-01
6.453713e-02
4.881049e-02
0
2.436717e-01
5.667051e-02
0
0
3.262757e-02
1.407149e-01
2.365369e-02
1.416847e-02
2.770857e-01
0
1.731186e-01
8.485905e-02
1.791077e-02
0
0
0
1.067997e-01
0
2.858455e-01
9.488772e-02
0
0
0
0
0
6.467880e-03
6.525933e-02
0
0
0
1.838155e-01
1.920423e-01
1.955024e-01
3.626954e-02
3.929436e-01
3.751502e-01
2.601656e-01
3.898047e-01
2.516092e-01
3.903187e-01
3.822545e-01
0
1.185566e-01
6.718954e-02
0
1.051137e-01
0
0
7.061862e-02
1.093232e-01
0
0
0
1.068500e-02
4.481137e-01
9.455352e-02
0
0
0
0
0
0
8.250209e-02
1.648970e-01
1.753090e-01
3.408634e-01
0
0
0
1.421109e-02
0
0
0
2.944550e-02
8.872992e-02
1.426217e-02
0
2.393533e-01
3.032668e-02
0
4.883752e-03
1.001167e-01
1.775126e-01
2.720614e-01
1.072323e-02
0
9.743582e-02
0
0
0
0
6.780640e-02
5.305004e-02
6.127456e-03
8.388015e-02
5.383797e-01
1
1.519477e-01
0
0
0
1.673101e-01
0
0
8.093524e-02
2.226519e-01
0
1.420581e-01
0
3.057292e-01
0
3.627963e-01
0
1.946271e-01
0
9.554541e-02
0
3.345049e-01
3.967380e-01
1.637321e-01
4.065489e-01
3.625093e-01
0
7.824577e-02
1.935716e-01
1.003492e-01
2.978421e-01
4.356736e-01
0
3.158149e-02
0
0
0
2.185754e-02
0
0
0
0
0
0
0
0
0
0
0
0
0
0
0
8.333780e-03
1.171354e-02
0
0
0
0
0
1.694224e-01
2.544840e-01
3.379440e-02
6.962804e-02
0
2.603790e-01
0
0
0
3.547965e-01
0
0
1.146668e-01
2.829434e-01
5.689870e-02
2.306462e-01
1.771138e-02
0
2.222538e-02
7.109334e-03
0
4.769861e-02
2.941727e-01
0
4.128080e-02
2.370132e-01
0
0
0
3.180265e-01
0
0
0
3.465350e-01
3.737370e-01
0
2.219233e-01
0
0
0
0
3.999016e-01
0
2.322801e-01
3.479008e-01
1.366404e-03
2.277253e-01
0
6.109507e-01
0
0
0
2.243286e-01
0
0
7.117094e-02
1.519477e-01
1
6.826919e-02
0
0
0
8.606507e-02
0
0
2.470196e-02
0
4.859282e-02
8.374266e-02
0
0
9.762015e-02
0
9.679388e-02
0
0
1.201174e-01
3.841165e-02
2.385591e-01
2.509497e-01
0
0
0
9.817825e-02
0
9.298705e-02
0
0
1.142483e-01
1.611626e-01
1.147450e-01
1.617392e-01
0
6.524680e-02
0
0
1.285473e-01
8.745246e-02
0
1.497137e-01
0
0
4.254011e-01
4.259893e-01
2.418474e-01
4.430340e-01
4.531964e-01
4.011753e-01
2.929263e-01
4.541190e-01
0
0
0
0
7.505281e-02
3.056094e-01
1.862162e-01
0
0
0
0
0
2.727245e-01
9.430066e-02
0
0
0
0
4.665532e-02
1.812518e-01
0
0
0
0
1.795223e-01
2.174294e-01
0
0
3.994374e-01
4.213913e-01
1.659995e-01
0
2.198652e-01
0
0
0
3.841993e-01
0
0
0
0
0
0
0
5.170601e-01
4.338109e-01
0
0
0
0
0
0
0
0
3.777768e-01
2.589860e-01
5.664418e-01
0
5.811169e-01
1.421554e-01
2.929316e-03
0
0
6.826919e-02
1.000000e+00
4.721369e-01
1.566382e-01
0
0
0
0
0
0
0
0
0
0
8.541225e-02
0
0
0
0
1.095373e-01
0
1.977049e-01
3.566724e-01
0
0
0
0
0
0
0
0
3.529311e-01
3.280532e-01
8.021054e-02
1.830781e-01
1.526139e-01
3.240192e-01
0
0
3.144456e-01
1.625051e-01
1.734388e-01
2.757282e-01
7.187157e-02
0
3.074282e-01
4.187874e-01
3.624710e-01
4.499166e-01
2.673323e-01
2.066679e-01
1.785586e-01
2.707039e-01
0
0
0
0
0
0
2.865846e-02
2.248470e-01
2.304007e-01
2.436830e-01
4.631903e-01
0
6.515796e-01
5.010228e-01
0
0
4.762716e-02
1.818074e-01
3.014843e-01
7.108599e-02
0
0
1.183618e-01
5.329182e-02
1.951127e-01
6.414373e-02
3.463101e-02
2.051140e-01
0
0
2.605494e-01
0
4.474029e-01
8.251983e-02
0
0
3.056648e-01
1.500589e-01
0
0
0
0
0
0
2.239408e-01
3.274429e-01
0
0
6.018619e-02
0
0
0
0
0
2.183215e-01
6.455083e-01
4.594601e-01
9.310209e-02
2.473159e-02
1.010991e-01
4.040277e-02
0
0
0
4.721369e-01
1
