1
5.636287e-01
0
0
0
0
0
2.791257e-01
0
0
0
5.065982e-01
0
1.363485e-01
0
0
3.253826e-01
7.157916e-02
7.773337e-02
3.964377e-02
0
0
0
0
0
0
0
0
4.669937e-01
5.645447e-01
0
3.717120e-02
8.661450e-02
0
0
0
0
0
0
9.982856e-02
0
0
2.438021e-01
2.836542e-01
7.030690e-02
1.485869e-01
2.651362e-01
1.491860e-01
3.300869e-01
1.365902e-01
2.912546e-01
7.560341e-02
3.467376e-01
0
3.810504e-01
3.003044e-01
2.717730e-01
5.342964e-01
3.630337e-01
4.556336e-01
4.818224e-01
1.639994e-01
5.923439e-01
5.737889e-01
0
0
0
0
1.107296e-01
0
0
0
0
0
0
0
0
5.148595e-02
0
3.282648e-03
4.328525e-01
0
3.725435e-01
3.281159e-01
0
0
4.098007e-01
0
7.266408e-02
9.349502e-02
0
0
0
0
0
1.161586e-01
2.382348e-01
0
2.169593e-01
2.921124e-01
0
0
0
0
0
3.654019e-02
1.258965e-01
0
3.746794e-01
5.858467e-01
3.966189e-01
3.599514e-01
1.579648e-01
0
0
1.748596e-01
5.636287e-01
1
0
0
0
0
0
5.685608e-02
0
3.173388e-02
2.590550e-01
3.504740e-01
2.218537e-01
0
5.606261e-02
0
3.736726e-01
4.663596e-01
4.687882e-01
7.360432e-02
6.305419e-02
3.939208e-01
0
0
0
0
0
1.045421e-01
4.907295e-01
5.421564e-01
5.489786e-02
0
2.984506e-01
4.086701e-01
0
0
2.487391e-03
1.007182e-01
0
2.146223e-01
0
3.094665e-01
0
0
0
0
0
0
0
0
1.337819e-01
1.565018e-01
3.402758e-01
2.348355e-01
0
0
1.721774e-01
5.876058e-01
0
2.676646e-01
7.186959e-02
1.332500e-01
0
1.564176e-01
0
1.451641e-01
0
0
2.499904e-02
0
0
1.378960e-01
1.427398e-02
2.398511e-01
9.662031e-02
1.496122e-02
0
0
1.296235e-01
2.297871e-01
1.916898e-01
4.253066e-01
6.304820e-02
7.760757e-02
0
1.075047e-01
0
0
1.101174e-01
3.442411e-01
0
0
0
0
0
0
1.008946e-01
1.096915e-01
0
2.722965e-01
0
0
0
0
0
0
0
0
9.301223e-02
8.726620e-02
1.965216e-01
2.753522e-01
1.348792e-01
9.153891e-02
0
0
0
0
1
0
5.520822e-01
2.166000e-01
8.716451e-01
0
5.633649e-01
6.859068e-02
5.301323e-01
0
2.128771e-01
0
5.741348e-01
4.113683e-02
0
0
3.030073e-01
0
0
8.465868e-02
8.404592e-01
6.219679e-01
4.779193e-01
2.833048e-01
1.366021e-01
0
0
0
6.379237e-01
4.580800e-01
0
0
3.105413e-01
1.889103e-02
1.355493e-01
0
3.328846e-02
0
2.378533e-01
4.280942e-02
0
0
0
0
1.755979e-02
4.657769e-02
5.316275e-02
1.747953e-01
9.368726e-02
3.684310e-01
1.775317e-01
3.193151e-01
1.809912e-02
1.179238e-01
0
0
0
0
0
0
0
0
6.651783e-01
8.163759e-02
5.216812e-02
0
0
0
6.240574e-01
1.315448e-01
2.838209e-01
0
2.917964e-01
1.030764e-01
0
0
7.980769e-02
5.755326e-01
0
5.538781e-02
0
0
7.137783e-01
1.386328e-01
0
0
4.200411e-02
1.955847e-01
0
3.149238e-01
1.962974e-01
3.639289e-01
8.298610e-02
0
0
0
0
0
0
3.203210e-01
0
0
0
7.416188e-02
0
0
0
0
0
0
0
0
5.509140e-02
0
0
0
0
1
1.327373e-01
2.913213e-01
0
5.136455e-01
0
1.640565e-01
0
1.495819e-01
0
1.344581e-01
1.097280e-01
4.072037e-01
0
0
0
9.385131e-02
3.399626e-01
1.898719e-01
0
2.010504e-01
1.151123e-01
4.780730e-01
1.695671e-01
4.089922e-01
0
0
3.052330e-01
4.754546e-01
1.249671e-01
8.765046e-02
0
1.190419e-01
0
0
1.215310e-02
0
0
0
0
0
1.708898e-01
0
0
0
0
0
0
0
0
0
0
0
0
1.146997e-01
2.111947e-01
3.347085e-01
1.102494e-01
4.433280e-01
1.308721e-01
4.345686e-01
1.760826e-02
1.475709e-01
1.792733e-01
2.600994e-01
0
0
0
7.635728e-02
0
0
0
0
8.711950e-02
4.892565e-01
0
0
0
1.027828e-01
1.259170e-01
4.003319e-01
0
3.305633e-01
0
6.191623e-02
6.895618e-02
0
3.459256e-01
0
2.588750e-01
0
0
0
0
7.764871e-02
7.627325e-02
0
4.739954e-01
0
4.072233e-01
3.257532e-01
4.582368e-02
1.802948e-01
0
0
0
4.022252e-02
2.153020e-01
0
0
0
9.758684e-03
1.509182e-01
0
0
5.520822e-01
1.327373e-01
1.000000e+00
5.092419e-01
5.871029e-01
0
6.917439e-01
4.241644e-01
3.337078e-01
0
4.178034e-01
0
6.903742e-01
3.379748e-01
0
0
0
0
3.877817e-01
4.703478e-01
6.632399e-01
6.341987e-01
8.604366e-01
7.439484e-01
8.270735e-01
5.566991e-01
0
0
4.914369e-01
2.725543e-01
0
0
4.512771e-01
2.772617e-01
0
3.532880e-03
1.380888e-01
0
1.354564e-03
6.725113e-02
0
0
0
0
0
0
0
0
0
0
0
1.023034e-01
0
0
0
0
0
0
0
1.670255e-01
0
0
6.562906e-01
5.358135e-01
0
0
0
0
5.836559e-01
4.427677e-01
1.895280e-02
0
0
0
0
0
0
1.705991e-01
0
1.095178e-01
0
0
4.494509e-01
3.650639e-01
0
0
2.815352e-02
3.493993e-01
1.644627e-01
3.697700e-01
5.157553e-01
5.238881e-01
0
0
0
0
0
0
1.747227e-01
4.948167e-01
4.200650e-02
1.414384e-01
0
0
0
0
0
0
0
0
1.590542e-01
2.704921e-02
0
0
0
0
2.166000e-01
2.913213e-01
5.092419e-01
1.000000e+00
1.120921e-01
2.971416e-01
4.097144e-01
8.978157e-01
1.561757e-01
2.820195e-01
2.335004e-01
3.449570e-01
4.292087e-01
5.667719e-01
2.742210e-01
4.359991e-01
3.461416e-01
1.848308e-01
3.222179e-01
3.362561e-01
3.508382e-01
4.689600e-01
5.469998e-01
5.559075e-01
6.324013e-01
5.980770e-01
0
3.722369e-02
6.769796e-02
0
0
0
3.551830e-02
0
0
0
0
0
0
0
0
0
0
0
0
0
0
0
0
0
0
2.343069e-03
0
0
5.786153e-02
5.339655e-02
0
0
0
4.184101e-01
0
0
3.295686e-01
5.028674e-01
0
0
0
3.385698e-02
2.413113e-01
1.935977e-01
0
0
0
0
0
0
3.415327e-01
2.962779e-01
1.006755e-01
3.424109e-01
0
1.212714e-01
2.749334e-01
4.474570e-01
0
1.453409e-02
0
4.041706e-01
3.490360e-01
1.324321e-01
4.693186e-01
5.730561e-02
0
5.039633e-02
0
3.003824e-01
0
0
1.763336e-01
0
0
0
0
0
0
0
0
0
1.611173e-01
0
3.706435e-02
2.054758e-01
2.857538e-02
0
0
0
8.716451e-01
0
5.871029e-01
1.120921e-01
1.000000e+00
0
6.004640e-01
3.977726e-02
4.944721e-01
0
3.749629e-01
0
4.982356e-01
0
0
0
2.993712e-02
0
6.149420e-02
9.200793e-02
7.155932e-01
4.832868e-01
4.750791e-01
1.784838e-01
1.990746e-01
0
0
0
3.899910e-01
3.110167e-01
0
0
6.016495e-01
3.242747e-01
8.330955e-02
0
0
0
3.377392e-01
1.835521e-01
3.133149e-02
2.441378e-02
7.660191e-04
0
5.814547e-02
1.686140e-01
1.115896e-01
2.551136e-01
1.794626e-01
4.440721e-01
7.519599e-02
3.061632e-01
9.632182e-02
1.694907e-01
0
0
0
0
0
0
0
0
7.608364e-01
1.222475e-01
3.121021e-01
0
0
0
7.496886e-01
2.893711e-01
3.859663e-01
2.628445e-03
3.381397e-01
2.263163e-01
6.443396e-02
0
0
3.536512e-01
0
0
0
0
6.117432e-01
1.389588e-01
0
0
1.204181e-02
3.235081e-02
0
5.583863e-01
3.516305e-01
5.174496e-01
0
0
0
0
0
0
0
5.940929e-01
0
1.080563e-01
0
0
0
0
0
0
0
0
4.541445e-02
0
0
0
2.791257e-01
5.685608e-02
0
5.136455e-01
0
2.971416e-01
0
1
0
3.545018e-01
0
7.755416e-01
6.357047e-02
6.931021e-01
0
4.253055e-01
7.259122e-02
8.995873e-02
0
1.792493e-01
2.531386e-01
1.073164e-01
0
0
0
1.359807e-01
2.364327e-01
3.813222e-01
9.752138e-03
2.083602e-01
0
0
0
1.951900e-01
0
0
0
0
0
0
0
0
0
0
1.269305e-02
4.381010e-02
0
0
0
0
0
0
0
0
0
0
1.654071e-01
3.651791e-01
1.702404e-01
5.125872e-01
2.941248e-01
6.803709e-01
2.362076e-01
5.317437e-01
0
2.934554e-01
0
1.352178e-01
2.755336e-01
2.542242e-02
0
2.404881e-01
0
0
0
0
5.227626e-02
4.212380e-01
0
0
5.867684e-02
1.036576e-01
0
4.922080e-01
0
1.922724e-01
1.607446e-01
3.759616e-01
0
0
3.098404e-01
0
8.799705e-02
0
0
2.242883e-01
0
4.425183e-01
9.897246e-02
9.646965e-02
3.495825e-01
0
3.693841e-01
1.643239e-01
1.176618e-01
0
0
2.409824e-01
2.687473e-01
2.414596e-01
5.644534e-01
2.159997e-02
0
1.355603e-01
4.988145e-02
4.575181e-02
0
0
5.633649e-01
0
6.917439e-01
4.097144e-01
6.004640e-01
0
1.000000e+00
3.970647e-01
4.171477e-01
0
5.205939e-01
1.407383e-01
7.613287e-01
3.228229e-01
0
0
3.990441e-02
0
0
3.582477e-03
5.758612e-01
5.264076e-01
4.690359e-01
3.702019e-01
4.634581e-01
7.632141e-02
0
0
2.198396e-01
3.303905e-02
0
0
3.669268e-01
7.462057e-02
1.449039e-01
1.142791e-01
1.022359e-01
1.708074e-01
2.570947e-01
9.004493e-02
0
0
0
0
0
0
0
0
0
7.013516e-02
0
1.719258e-01
0
1.318955e-01
0
0
0
0
0
0
0
0
5.784783e-01
2.938826e-01
0
0
0
2.545893e-02
4.725965e-01
2.246073e-01
0
0
0
9.134457e-03
0
0
1.068784e-01
5.002350e-01
0
2.764009e-01
7.613100e-02
0
5.072304e-01
1.758294e-01
2.034836e-01
1.397770e-01
1.278209e-01
2.683973e-01
0
3.812305e-01
4.351588e-01
5.113434e-01
3.057588e-01
4.372775e-02
0
0
0
0
0
4.386866e-01
0
0
0
0
0
0
2.443039e-01
4.926607e-02
0
0
1.563511e-01
0
9.227662e-02
0
0
3.173388e-02
6.859068e-02
1.640565e-01
4.241644e-01
8.978157e-01
3.977726e-02
3.545018e-01
3.970647e-01
1.000000e+00
2.228050e-01
3.703520e-01
4.136104e-01
3.842586e-01
3.616384e-01
5.147583e-01
2.902229e-01
4.789071e-01
2.345606e-01
9.643004e-02
1.570711e-01
1.665830e-01
1.453284e-01
2.538231e-01
4.997998e-01
3.676442e-01
5.624008e-01
4.605807e-01
0
0
0
0
0
0
1.057722e-01
4.037225e-02
0
0
0
0
0
0
0
0
0
0
0
0
0
0
0
0
0
0
0
0
1.654829e-01
9.536873e-02
0
0
0
4.998767e-01
0
0
2.916095e-01
5.684112e-01
0
0
0
1.127604e-01
1.593298e-01
6.874940e-02
0
0
0
0
0
0
3.890470e-01
2.627567e-01
1.921680e-01
4.360239e-01
0
1.581510e-01
2.037939e-01
4.564370e-01
0
8.989929e-02
7.611610e-02
4.114687e-01
4.088186e-01
2.632641e-01
3.794679e-01
1.384420e-01
0
1.353816e-02
0
4.177147e-01
0
5.982997e-03
2.625819e-01
8.882972e-02
5.683673e-02
0
0
0
0
0
9.291472e-02
0
2.337341e-01
0
1.940221e-01
2.955990e-01
0
0
0
2.590550e-01
5.301323e-01
0
3.337078e-01
1.561757e-01
4.944721e-01
0
4.171477e-01
2.228050e-01
1
0
5.861310e-01
0
4.575799e-01
8.136408e-02
0
0
1.892698e-01
0
0
1.671448e-01
5.887307e-01
3.448221e-01
4.712866e-01
0
1.266888e-01
0
0
0
3.091696e-01
0
0
0
4.400500e-01
1.894404e-01
1.593683e-01
0
2.483718e-01
1.291356e-01
3.346027e-01
1.496465e-01
0
0
0
0
0
0
0
0
1.236794e-01
3.812061e-01
3.106342e-01
5.429648e-01
0
1.919145e-02
0
0
0
0
0
0
0
0
5.804218e-01
3.158744e-01
0
0
0
0
4.712243e-01
8.124820e-02
3.337880e-01
9.021744e-02
2.217529e-01
8.072101e-02
0
0
0
2.847749e-01
0
3.807546e-01
0
0
6.012522e-01
3.406379e-01
0
0
2.666410e-01
3.418576e-01
0
3.343531e-01
0
3.667376e-01
0
0
1.083374e-02
0
0
0
0
1.206897e-01
0
0
0
0
0
0
0
0
0
0
4.090227e-01
0
0
0
5.065982e-01
3.504740e-01
0
1.495819e-01
0
2.820195e-01
0
7.755416e-01
0
3.703520e-01
0
1.000000e+00
3.097649e-02
7.005736e-01
0
2.841269e-01
2.800747e-01
2.843168e-01
2.422215e-01
2.058165e-01
7.274323e-02
3.144913e-02
0
0
0
0
2.324095e-02
1.834986e-01
1.989132e-01
4.060842e-01
0
0
0
1.797950e-01
0
0
0
0
0
0
0
0
0
0
0
0
0
0
0
0
0
0
7.704658e-03
0
0
0
3.791885e-01
5.784389e-01
2.700615e-01
5.682609e-01
4.321529e-01
5.291956e-01
3.945733e-01
4.546850e-01
0
2.126202e-01
0
0
3.652652e-01
1.366256e-01
0
7.204244e-02
0
0
0
0
0
1.880395e-01
9.901117e-02
0
3.623535e-01
2.129104e-01
0
3.151933e-01
0
1.450244e-01
1.911336e-01
2.233026e-01
1.184020e-02
2.229843e-01
7.665928e-02
0
0
0
0
3.139478e-01
0
4.602715e-01
3.287392e-02
1.872753e-01
1.280017e-01
0
1.084815e-01
0
2.037588e-01
0
1.976706e-01
7.643318e-02
4.644219e-01
1.627491e-01
5.091292e-01
1.044578e-01
0
3.081693e-01
1.327986e-01
1.637317e-01
0
2.218537e-01
2.128771e-01
0
4.178034e-01
2.335004e-01
3.749629e-01
6.357047e-02
5.205939e-01
4.136104e-01
5.861310e-01
3.097649e-02
1
2.605612e-01
5.718849e-01
3.046839e-01
0
0
0
0
0
1.411113e-01
2.198335e-01
5.858898e-02
3.548360e-01
0
2.541594e-01
0
0
0
0
0
0
0
4.438081e-01
3.573264e-01
0
2.707366e-02
2.046179e-01
1.594430e-01
1.642303e-01
3.558247e-01
0
0
0
0
0
0
0
0
1.337903e-02
2.064043e-01
0
2.343165e-01
0
3.166728e-02
0
0
0
0
0
2.001670e-01
0
0
5.064289e-01
6.530907e-01
0
0
0
0
2.294893e-01
3.983068e-01
2.520397e-02
8.525978e-02
0
0
1.539698e-02
0
0
4.599151e-02
0
4.273333e-01
0
8.089921e-02
4.197955e-01
4.578217e-01
0
2.405540e-01
3.679273e-01
3.396831e-01
1.400857e-02
4.728269e-01
2.048942e-01
5.830351e-01
0
0
7.795726e-02
9.723611e-02
0
1.176727e-01
0
4.782311e-01
0
0
0
0
0
0
1.488290e-02
6.790752e-02
0
0
2.095051e-01
0
0
0
1.363485e-01
0
0
1.344581e-01
0
3.449570e-01
0
6.931021e-01
1.407383e-01
3.842586e-01
0
7.005736e-01
2.605612e-01
1.000000e+00
1.086549e-01
6.815508e-01
0
0
2.286112e-03
2.595706e-01
6.442041e-02
6.480864e-02
0
1.086674e-01
0
1.512730e-01
2.373096e-01
2.082421e-01
0
1.409748e-01
0
0
0
0
0
0
0
3.536183e-02
0
1.737747e-01
0
0
0
0
0
0
0
0
0
0
0
0
0
0
0
0
0
8.130561e-03
0
1.124024e-01
1.606945e-02
6.283520e-01
1.068159e-01
3.083435e-01
0
4.764118e-01
0
7.974328e-02
3.015719e-01
2.807695e-01
0
2.836999e-01
0
0
0
0
0
5.905391e-03
0
0
4.658530e-03
3.935372e-01
5.071608e-02
4.489158e-01
0
4.432943e-01
2.675138e-01
6.723828e-01
1.081305e-01
1.835332e-01
2.128109e-01
0
3.127562e-01
0
0
3.888513e-01
0
4.596511e-01
0
0
3.531720e-02
0
0
0
0
0
1.104986e-01
2.042272e-01
4.224565e-01
2.973536e-01
4.496936e-01
0
0
1.880750e-01
9.746318e-02
3.055944e-02
0
5.606261e-02
5.741348e-01
1.097280e-01
6.903742e-01
4.292087e-01
4.982356e-01
0
7.613287e-01
3.616384e-01
4.575799e-01
0
5.718849e-01
1.086549e-01
1
5.358778e-01
0
0
1.595668e-01
1.517317e-01
0
1.848516e-01
5.573796e-01
5.632031e-01
4.473101e-01
4.705039e-01
4.114759e-01
2.380578e-01
2.516904e-02
1.799279e-02
4.763854e-01
2.696863e-01
0
0
1.975003e-01
5.200270e-02
1.371232e-01
3.370745e-01
3.580164e-01
2.258076e-01
2.020375e-01
2.812576e-01
0
0
0
0
0
0
0
0
0
0
0
4.263172e-02
0
0
0
0
0
0
0
1.529075e-01
0
0
5.275896e-01
4.252363e-01
0
0
0
0
2.151679e-01
2.907807e-01
0
0
0
0
0
0
0
3.992128e-01
0
5.033894e-01
3.665983e-01
2.222909e-01
5.934380e-01
3.807780e-01
1.960530e-01
1.893914e-01
2.436331e-01
2.019599e-01
0
1.768425e-01
3.496673e-01
3.522548e-01
2.994117e-02
0
0
0
0
0
0
2.599003e-01
0
0
0
0
0
0
3.773989e-02
2.618398e-01
0
0
0
0
0
0
0
0
4.113683e-02
4.072037e-01
3.379748e-01
5.667719e-01
0
4.253055e-01
3.228229e-01
5.147583e-01
8.136408e-02
2.841269e-01
3.046839e-01
6.815508e-01
5.358778e-01
1
0
4.900740e-02
3.262405e-01
4.522954e-01
3.150568e-01
2.683810e-01
2.239666e-01
5.864811e-01
2.428666e-01
4.479868e-01
4.151274e-01
3.789850e-01
0
6.848734e-02
8.706064e-02
2.152898e-01
0
0
0
3.124289e-02
0
7.902892e-02
5.647297e-02
0
0
0
0
0
0
0
0
0
0
0
0
0
0
0
0
0
0
0
0
0
0
5.635108e-01
0
1.750719e-01
2.842099e-01
5.618290e-01
3.798827e-02
5.543287e-02
0
1.669983e-01
0
4.218788e-01
0
0
0
0
0
0
0
0
0
6.021751e-01
1.951492e-01
4.494523e-01
3.161846e-01
6.215619e-01
5.437576e-02
5.567467e-01
0
4.201507e-02
3.521774e-01
0
5.597007e-01
0
0
0
0
2.417034e-01
0
0
1.137335e-01
0
5.667781e-02
0
0
0
0
0
6.820909e-02
8.740066e-02
1.130701e-01
0
0
5.499581e-02
0
6.102479e-02
3.253826e-01
3.736726e-01
0
0
0
2.742210e-01
0
7.259122e-02
0
2.902229e-01
0
2.800747e-01
0
0
0
0
1.000000e+00
8.196574e-01
4.375306e-01
3.993976e-01
1.459171e-02
0
0
0
0
0
0
2.823083e-01
6.895615e-01
7.368383e-01
5.708086e-02
0
2.666949e-01
2.299756e-01
0
0
1.662243e-01
5.257583e-02
0
0
0
0
9.867149e-02
2.743181e-02
0
0
1.862046e-01
0
1.179149e-01
0
0
0
9.103476e-02
0
0
0
6.477966e-01
7.629560e-01
1.544291e-01
2.299759e-01
3.486908e-01
9.744920e-02
3.445018e-01
2.650192e-01
0
0
0
0
3.235339e-01
1.112943e-01
0
0
0
0
0
0
0
0
7.136330e-01
4.411987e-01
8.771282e-01
1.104288e-01
4.240980e-01
2.483021e-01
0
0
1.993392e-01
0
0
0
0
0
0
0
1.263604e-01
4.205234e-01
5.926686e-03
1.751365e-01
2.997591e-01
1.991522e-01
0
0
0
0
1.424698e-01
0
1.692894e-01
0
7.364675e-02
8.924848e-02
3.954448e-01
7.048053e-01
1.485774e-01
0
1.851453e-01
2.446187e-01
7.157916e-02
4.663596e-01
0
0
0
4.359991e-01
0
8.995873e-02
0
4.789071e-01
0
2.843168e-01
0
0
0
4.900740e-02
8.196574e-01
1
6.275374e-01
3.324932e-01
2.115157e-01
1.693123e-01
0
0
9.310525e-03
0
1.173554e-01
3.389946e-01
5.247053e-01
5.689696e-01
0
0
2.809601e-01
3.993151e-01
0
0
4.949984e-02
0
0
0
0
3.996800e-02
1.510895e-02
0
0
0
1.125500e-01
0
7.883146e-02
3.873976e-02
0
0
1.918230e-03
0
0
0
4.835431e-01
6.678261e-01
0
6.184595e-02
1.154940e-01
4.053203e-02
0
2.356826e-02
0
0
0
0
1.411129e-01
1.925175e-01
0
0
0
0
0
0
0
0
8.393563e-01
5.294252e-01
6.217242e-01
3.204822e-01
1.178605e-01
7.638058e-02
0
0
0
0
0
5.796487e-02
7.940480e-02
0
0
0
0
1.728858e-01
0
2.748331e-01
2.023415e-01
2.606839e-01
6.006552e-02
0
6.205849e-02
0
2.524233e-01
0
0
0
1.205458e-01
0
1.073579e-01
4.835808e-01
5.336465e-02
2.336197e-01
1.403179e-01
6.045996e-03
7.773337e-02
4.687882e-01
3.030073e-01
0
0
3.461416e-01
2.993712e-02
0
3.990441e-02
2.345606e-01
1.892698e-01
2.422215e-01
0
2.286112e-03
1.595668e-01
3.262405e-01
4.375306e-01
6.275374e-01
1
5.825708e-01
2.446591e-01
2.223151e-01
2.312672e-01
3.529418e-01
3.276259e-02
0
2.131488e-02
1.614481e-01
4.428616e-01
4.929585e-01
2.609702e-01
1.027083e-01
1.691761e-01
2.600891e-01
0
0
3.565517e-02
1.393057e-02
0
2.368263e-03
0
0
0
0
0
0
0
0
0
4.710037e-02
0
0
0
0
0
0
5.480191e-02
3.581900e-01
0
0
0
0
4.323601e-03
3.863925e-02
0
2.199113e-02
0
0
4.328354e-02
2.749870e-01
5.873138e-02
1.654938e-01
9.361232e-02
7.754454e-03
2.402822e-01
7.965108e-03
0
0
5.544811e-01
5.904673e-01
3.379888e-01
4.502087e-01
1.932315e-01
0
1.001259e-01
9.764018e-02
1.103966e-01
0
0
1.332618e-01
0
0
0
0
8.022462e-02
4.744304e-02
0
6.869515e-02
0
0
0
0
0
0
1.604843e-01
0
0
0
9.301189e-02
0
0
4.801707e-02
0
2.443275e-01
3.133858e-01
3.409893e-01
3.964377e-02
7.360432e-02
0
9.385131e-02
0
1.848308e-01
0
1.792493e-01
0
9.643004e-02
0
2.058165e-01
0
2.595706e-01
1.517317e-01
4.522954e-01
3.993976e-01
3.324932e-01
5.825708e-01
1
2.330641e-01
6.516170e-02
5.300446e-02
3.617101e-01
0
2.082827e-01
2.159479e-01
3.928261e-01
4.916420e-01
5.983010e-01
2.743250e-01
1.368713e-01
1.736656e-01
2.120382e-01
0
0
2.897414e-01
4.487651e-01
3.635981e-01
2.145579e-01
8.953414e-02
0
0
0
0
0
0
0
0
0
0
0
0
0
0
0
2.914315e-02
4.053887e-01
0
0
0
4.487666e-01
2.363511e-01
4.444565e-01
0
7.464681e-02
0
0
5.851562e-01
5.943534e-01
0
0
1.353335e-02
1.082910e-01
0
0
0
5.310747e-02
3.236103e-01
1.077115e-01
3.575459e-01
2.659615e-01
5.938218e-01
2.717513e-01
4.489394e-02
1.054457e-01
4.974459e-01
2.938506e-01
0
0
1.860372e-01
0
1.484174e-03
0
2.566568e-01
4.717104e-01
0
2.270096e-01
0
0
9.885844e-03
0
1.173275e-01
0
2.245738e-01
9.429261e-02
1.429254e-01
0
0
1.173349e-01
2.768951e-01
7.093289e-02
0
2.762224e-02
2.966614e-01
5.247758e-01
0
6.305419e-02
0
3.399626e-01
3.877817e-01
3.222179e-01
6.149420e-02
2.531386e-01
0
1.570711e-01
0
7.274323e-02
0
6.442041e-02
0
3.150568e-01
1.459171e-02
2.115157e-01
2.446591e-01
2.330641e-01
1
7.903363e-01
1.461236e-01
3.383408e-01
4.428269e-01
4.173415e-01
6.550829e-01
6.829185e-01
0
5.731766e-03
2.111975e-01
2.555021e-01
8.630765e-02
8.511521e-02
9.159281e-02
1.684232e-01
0
0
0
0
0
0
0
0
0
0
0
0
0
0
0
0
0
0
0
0
0
1.262336e-01
0
4.395177e-02
0
2.457847e-01
0
0
3.130972e-02
2.392692e-01
1.053517e-02
6.340733e-02
0
0
2.962456e-01
5.826406e-01
3.574247e-02
0
0
4.644615e-02
4.845506e-02
1.637014e-01
4.036000e-03
0
0
2.703263e-02
0
0
0
2.498301e-01
0
0
0
2.343665e-02
5.453120e-01
0
3.426684e-01
0
0
0
0
0
1.469621e-01
0
5.038117e-01
0
5.508134e-01
1.799933e-01
2.316498e-01
0
0
0
0
0
0
0
2.804924e-02
3.266324e-01
0
0
0
3.939208e-01
8.465868e-02
1.898719e-01
4.703478e-01
3.362561e-01
9.200793e-02
1.073164e-01
3.582477e-03
1.665830e-01
1.671448e-01
3.144913e-02
1.411113e-01
6.480864e-02
1.848516e-01
2.683810e-01
0
1.693123e-01
2.223151e-01
6.516170e-02
7.903363e-01
1
3.093708e-01
3.179852e-01
5.872794e-01
3.691630e-01
6.041943e-01
6.639147e-01
0
8.188610e-02
2.066290e-01
4.633133e-02
1.128249e-02
9.580069e-02
1.846405e-01
2.613339e-01
0
7.008467e-02
0
0
0
2.131301e-01
0
0
0
0
0
0
0
0
0
0
0
1.244669e-01
0
0
0
1.040954e-01
0
0
0
2.491358e-01
0
0
1.561302e-01
4.746990e-01
0
0
0
0
2.548976e-01
6.903041e-01
4.484143e-02
1.225574e-01
0
4.317284e-02
0
0
0
0
0
2.190090e-01
0
0
0
3.894131e-01
0
0
0
2.938611e-01
3.580905e-01
4.932231e-02
3.028826e-01
1.696243e-01
0
0
0
0
0
0
2.125030e-01
4.934346e-02
2.107930e-01
0
1.627368e-02
0
0
0
0
0
0
0
1.715422e-01
2.659453e-01
0
0
0
0
8.404592e-01
0
6.632399e-01
3.508382e-01
7.155932e-01
0
5.758612e-01
1.453284e-01
5.887307e-01
0
2.198335e-01
0
5.573796e-01
2.239666e-01
0
0
2.312672e-01
5.300446e-02
1.461236e-01
3.093708e-01
1
8.457785e-01
7.092466e-01
4.967968e-01
4.112184e-01
1.518822e-01
0
0
6.236300e-01
3.433771e-01
0
0
4.379873e-01
2.283890e-01
1.565519e-01
6.870389e-02
1.840337e-01
1.071666e-01
3.044992e-01
0
0
0
0
0
0
0
0
0
0
1.762053e-01
3.016148e-02
3.497281e-01
0
0
0
0
0
0
0
0
0
0
8.190540e-01
3.499625e-01
6.356151e-02
0
0
0
5.673393e-01
2.316181e-01
3.511939e-01
0
2.374721e-01
1.073398e-01
0
0
0
2.840925e-01
0
9.469456e-02
0
0
8.248764e-01
3.936828e-01
0
0
3.947829e-02
3.627529e-01
4.796751e-02
3.507642e-01
4.388724e-01
4.348592e-01
1.552656e-01
0
0
0
0
0
0
3.475663e-01
0
0
0
8.528763e-02
0
0
0
0
0
0
0
0
0
0
0
0
6.219679e-01
2.010504e-01
6.341987e-01
4.689600e-01
4.832868e-01
0
5.264076e-01
2.538231e-01
3.448221e-01
0
5.858898e-02
1.086674e-01
5.632031e-01
5.864811e-01
0
0
3.529418e-01
3.617101e-01
3.383408e-01
3.179852e-01
8.457785e-01
1
6.106509e-01
6.868356e-01
5.176543e-01
3.751053e-01
0
0
6.124417e-01
5.114144e-01
0
0
2.008595e-01
7.758526e-02
0
6.889560e-02
1.273099e-01
0
5.511716e-02
0
0
0
0
0
0
0
0
0
0
0
0
0
0
0
0
0
0
0
0
1.614342e-01
0
0
6.847142e-01
4.203104e-01
1.370855e-01
0
0
9.725739e-02
3.987108e-01
2.847261e-01
1.409231e-01
0
2.845125e-02
1.679881e-03
0
0
0
1.757856e-01
0
2.621800e-01
1.337682e-01
0
6.971947e-01
5.366395e-01
4.035337e-02
4.007464e-02
0
2.500941e-01
2.317881e-01
5.286761e-02
5.943735e-01
9.682127e-02
8.386960e-02
0
0
0
0
0
5.183629e-02
1.337819e-01
0
0
0
5.352862e-02
0
0
0
0
0
0
0
6.993370e-02
9.967953e-02
1.102257e-02
0
0
4.779193e-01
1.151123e-01
8.604366e-01
5.469998e-01
4.750791e-01
0
4.690359e-01
4.997998e-01
4.712866e-01
0
3.548360e-01
0
4.473101e-01
2.428666e-01
0
9.310525e-03
3.276259e-02
0
4.428269e-01
5.872794e-01
7.092466e-01
6.106509e-01
1
6.486281e-01
8.181073e-01
5.739990e-01
0
0
4.563814e-01
8.314103e-02
0
0
5.604648e-01
4.179177e-01
0
0
1.470350e-01
0
6.993089e-02
1.867220e-02
0
0
0
0
0
0
0
0
0
3.795492e-02
0
3.077814e-01
0
0
0
0
0
0
0
2.706085e-01
0
0
6.988783e-01
6.522275e-01
0
0
0
0
5.151001e-01
3.139176e-01
1.300831e-01
0
0
0
0
0
0
5.044478e-02
0
1.564095e-01
0
0
5.052029e-01
5.401208e-01
0
0
1.274677e-01
5.535874e-01
4.233891e-01
4.831634e-01
5.037177e-01
5.411115e-01
0
0
0
0
0
0
3.802344e-01
4.590167e-01
2.009973e-01
3.589987e-02
0
0
0
0
0
0
0
0
2.255203e-01
1.796931e-01
0
0
0
0
2.833048e-01
4.780730e-01
7.439484e-01
5.559075e-01
1.784838e-01
1.359807e-01
3.702019e-01
3.676442e-01
0
0
0
1.512730e-01
4.705039e-01
4.479868e-01
0
0
0
2.082827e-01
4.173415e-01
3.691630e-01
4.967968e-01
6.868356e-01
6.486281e-01
1
7.433326e-01
7.477013e-01
0
0
5.544139e-01
5.272610e-01
0
0
1.638228e-01
1.503271e-01
0
5.008765e-02
1.249462e-01
0
0
0
0
0
5.720717e-04
0
0
0
0
0
0
0
0
0
0
0
0
0
0
0
0
4.028849e-01
0
0
4.120476e-01
4.003669e-01
0
0
0
0
2.271395e-01
2.101791e-01
0
0
0
0
0
0
0
0
0
0
2.531898e-01
6.362269e-02
3.002800e-01
3.630760e-01
1.787042e-01
0
0
2.416747e-01
2.650994e-01
0
5.315444e-01
8.810545e-02
0
0
0
0
0
0
3.301320e-01
1.482156e-01
1.039495e-01
1.992793e-01
0
1.668773e-01
0
0
0
5.064257e-02
1.438885e-01
0
0
1.603436e-02
1.629005e-01
0
0
0
1.366021e-01
1.695671e-01
8.270735e-01
6.324013e-01
1.990746e-01
2.364327e-01
4.634581e-01
5.624008e-01
1.266888e-01
2.324095e-02
2.541594e-01
2.373096e-01
4.114759e-01
4.151274e-01
0
1.173554e-01
2.131488e-02
2.159479e-01
6.550829e-01
6.041943e-01
4.112184e-01
5.176543e-01
8.181073e-01
7.433326e-01
1
8.122257e-01
0
0
2.725143e-01
7.034345e-02
0
0
3.260581e-01
2.784882e-01
0
0
7.473869e-02
0
0
0
0
0
0
0
0
0
0
0
0
0
0
0
0
0
0
0
0
0
0
4.792857e-01
0
0
4.045282e-01
6.002479e-01
0
0
0
3.150733e-03
3.479100e-01
4.204140e-01
0
0
0
0
0
0
6.414593e-03
0
0
8.931804e-02
0
0
1.766600e-01
4.236935e-01
4.831789e-02
0
0
4.270280e-01
4.989229e-01
2.947239e-01
5.490742e-01
3.021095e-01
0
0
0
0
0
0
4.437734e-01
3.087917e-01
3.116953e-01
1.529343e-01
0
0
0
0
0
0
8.905321e-02
0
1.110964e-01
2.259495e-01
0
0
0
1.045421e-01
0
4.089922e-01
5.566991e-01
5.980770e-01
0
3.813222e-01
7.632141e-02
4.605807e-01
0
1.834986e-01
0
2.082421e-01
2.380578e-01
3.789850e-01
2.823083e-01
3.389946e-01
1.614481e-01
3.928261e-01
6.829185e-01
6.639147e-01
1.518822e-01
3.751053e-01
5.739990e-01
7.477013e-01
8.122257e-01
1.000000e+00
0
2.552009e-01
2.914794e-01
1.627670e-01
0
0
0
1.339383e-02
0
1.233531e-01
0
0
0
0
0
0
0
0
0
0
0
0
0
0
0
0
0
0
3.933845e-02
3.389997e-01
0
0
0
6.000882e-01
0
2.011321e-02
1.946204e-02
4.555968e-01
0
0
8.271405e-03
3.372955e-02
7.937675e-04
2.661739e-01
0
0
0
0
0
5.190667e-02
1.652304e-01
0
7.295089e-03
1.148247e-01
1.398370e-01
4.277818e-02
0
3.286190e-01
7.225483e-02
0
0
3.528371e-01
4.347743e-01
0
3.742657e-01
0
0
5.538759e-02
0
1.227453e-01
0
0
4.586439e-01
0
3.160392e-01
7.934880e-02
2.273079e-01
0
0
0
0
0
3.876168e-01
3.561276e-02
1.754929e-02
3.098022e-01
2.827688e-02
0
4.669937e-01
4.907295e-01
0
0
0
0
0
9.752138e-03
0
0
0
1.989132e-01
0
0
2.516904e-02
0
6.895615e-01
5.247053e-01
4.428616e-01
4.916420e-01
0
0
0
0
0
0
0
0
1
8.533476e-01
0
0
5.560262e-01
5.288316e-01
0
0
4.522084e-01
4.296925e-01
1.979132e-01
3.737430e-01
1.470925e-01
3.051027e-01
8.249219e-02
1.054971e-01
0
1.378817e-01
1.475987e-01
0
1.060579e-01
8.804526e-02
0
0
0
0
0
0
3.772237e-01
5.780642e-01
6.498977e-03
1.575809e-01
3.832982e-01
0
4.083671e-01
5.131376e-01
0
0
0
0
5.006336e-01
2.864213e-01
0
0
0
2.803709e-01
1.930829e-01
1.587308e-02
0
0
4.591213e-01
4.011822e-01
6.982174e-01
2.748149e-01
6.114693e-01
3.757266e-01
0
0
4.600157e-01
5.696508e-02
0
0
0
0
0
0
3.631023e-01
5.546654e-01
2.487734e-01
1.646259e-01
1.495362e-01
1.312683e-01
0
0
0
0
0
6.895861e-03
3.325183e-01
1.099657e-01
2.320318e-01
3.631910e-01
2.849203e-01
6.360455e-01
1.844010e-02
0
2.574133e-01
4.446827e-01
5.645447e-01
5.421564e-01
0
0
0
3.722369e-02
0
2.083602e-01
0
0
0
4.060842e-01
0
1.409748e-01
1.799279e-02
6.848734e-02
7.368383e-01
5.689696e-01
4.929585e-01
5.983010e-01
5.731766e-03
8.188610e-02
0
0
0
0
0
2.552009e-01
8.533476e-01
1
7.273925e-03
0
2.301865e-01
3.793746e-01
0
0
2.267195e-01
4.344533e-01
5.152083e-02
3.461705e-01
0
5.479362e-02
2.184519e-02
3.508742e-02
0
5.935526e-02
6.657989e-02
0
0
0
0
0
0
0
0
0
2.848621e-01
7.223869e-01
0
1.610338e-01
2.067766e-01
1.822251e-01
4.612984e-01
5.270829e-01
0
0
0
0
4.349255e-01
1.974519e-01
0
0
0
5.301188e-02
0
0
0
0
4.086398e-01
2.932342e-01
6.927511e-01
1.899360e-01
6.461313e-01
3.838843e-01
0
0
4.807794e-01
4.455458e-02
0
4.475084e-03
0
0
0
0
3.320779e-01
5.965782e-01
2.368149e-01
1.957966e-01
2.578754e-03
0
0
0
0
0
1.146719e-01
8.463284e-02
2.229078e-01
0
2.914149e-01
4.293432e-01
5.067529e-01
4.937590e-01
0
0
3.108717e-01
4.306300e-01
0
5.489786e-02
6.379237e-01
3.052330e-01
4.914369e-01
6.769796e-02
3.899910e-01
0
2.198396e-01
0
3.091696e-01
0
0
0
4.763854e-01
8.706064e-02
5.708086e-02
0
2.609702e-01
2.743250e-01
2.111975e-01
2.066290e-01
6.236300e-01
6.124417e-01
4.563814e-01
5.544139e-01
2.725143e-01
2.914794e-01
0
7.273925e-03
1
7.140420e-01
1.272185e-01
0
2.041203e-02
0
2.316253e-01
1.066418e-01
3.999494e-01
7.443943e-02
1.306811e-01
6.073835e-02
0
0
0
0
0
0
0
0
0
0
0
3.561293e-02
0
0
0
0
0
0
0
0
0
0
3.058401e-01
1.587312e-02
0
0
0
0
2.483820e-01
0
2.712435e-01
0
1.584268e-01
7.966861e-02
0
0
5.539689e-02
3.043257e-01
0
4.467486e-02
4.334776e-01
0
4.401170e-01
1.518171e-01
2.013318e-01
0
1.366342e-01
1.470624e-01
0
0
0
0
1.222901e-01
0
0
0
0
0
0
0
0
1.922411e-02
0
2.413222e-01
0
0
0
0
0
0
0
0
1.542835e-01
2.274207e-01
3.717120e-02
0
4.580800e-01
4.754546e-01
2.725543e-01
0
3.110167e-01
0
3.303905e-02
0
0
0
0
0
2.696863e-01
2.152898e-01
0
0
1.027083e-01
1.368713e-01
2.555021e-01
4.633133e-02
3.433771e-01
5.114144e-01
8.314103e-02
5.272610e-01
7.034345e-02
1.627670e-01
0
0
7.140420e-01
1
0
0
0
0
0
0
6.232922e-02
0
0
0
1.497347e-01
2.169197e-01
5.287678e-01
2.392226e-01
2.639289e-02
1.364629e-01
1.552984e-01
2.258674e-02
0
0
0
0
4.255225e-02
0
0
0
0
0
0
0
1.764889e-01
2.048209e-01
1.565847e-01
0
2.862407e-01
7.449949e-02
0
0
2.200251e-01
2.486395e-02
0
0
0
0
2.153973e-01
6.944256e-02
0
5.196901e-02
0
0
4.457418e-01
1.311809e-01
2.161793e-01
0
1.442793e-01
0
0
0
0
0
4.902033e-02
0
0
0
0
0
0
0
4.979623e-02
0
3.792756e-02
2.589576e-01
0
4.878393e-01
0
0
0
1.418329e-01
0
0
0
0
1.865001e-01
2.691438e-01
8.661450e-02
2.984506e-01
0
1.249671e-01
0
0
0
0
0
0
0
0
0
0
0
0
2.666949e-01
2.809601e-01
1.691761e-01
1.736656e-01
8.630765e-02
1.128249e-02
0
0
0
0
0
0
5.560262e-01
2.301865e-01
1.272185e-01
0
1
7.184472e-01
0
0
3.260625e-01
1.469104e-01
2.635143e-01
0
2.665753e-01
5.567816e-01
1.020384e-01
5.693254e-02
1.409743e-01
1.776913e-01
6.975836e-02
6.557293e-02
1.377041e-01
4.466963e-02
0
0
0
0
0
0
2.412265e-01
3.024998e-01
2.227331e-01
3.927445e-01
3.383856e-01
0
1.263080e-01
4.129618e-01
0
0
1.000654e-01
2.273826e-01
3.398670e-01
1.334337e-01
0
4.947481e-02
3.261990e-01
4.201720e-01
2.749690e-01
2.349474e-01
4.589615e-02
3.464772e-01
1.899627e-01
1.652144e-02
1.444804e-01
2.050301e-01
1.418298e-01
1.084614e-01
0
0
0
0
0
0
2.694304e-03
0
0
0
0
0
6.973608e-02
0
4.763745e-01
3.875467e-01
4.037308e-02
0
4.142014e-01
2.022078e-01
4.462610e-02
0
0
3.451944e-01
0
0
0
4.886743e-01
1.396707e-01
0
0
2.110306e-01
0
4.086701e-01
0
8.765046e-02
0
0
0
1.951900e-01
0
0
0
1.797950e-01
0
0
0
0
2.299756e-01
3.993151e-01
2.600891e-01
2.120382e-01
8.511521e-02
9.580069e-02
0
0
0
0
0
0
5.288316e-01
3.793746e-01
0
0
7.184472e-01
1
0
0
3.699960e-01
3.398009e-01
9.845606e-02
1.626123e-01
2.611160e-01
6.478126e-01
4.777913e-02
0
0
1.469852e-01
2.797229e-02
0
0
4.168815e-02
0
0
0
0
0
0
1.930669e-01
4.590852e-01
7.798962e-02
3.856072e-01
2.274735e-01
0
1.353005e-01
3.425410e-01
0
0
0
2.522502e-01
4.442447e-01
3.270487e-01
0
1.477069e-01
2.068762e-01
5.873517e-01
2.384478e-01
2.145239e-01
0
3.743718e-01
1.685271e-01
0
7.615038e-02
1.609960e-01
0
1.032785e-01
0
0
0
0
0
0
2.452189e-02
0
0
0
1.695284e-03
1.919896e-01
5.884559e-02
2.055064e-01
3.093284e-01
2.680971e-01
0
0
2.140116e-01
0
2.839019e-01
0
1.046605e-01
5.144140e-01
0
0
9.733390e-03
2.427737e-01
0
0
1.262638e-01
3.302593e-01
0
0
3.105413e-01
0
4.512771e-01
3.551830e-02
6.016495e-01
0
3.669268e-01
1.057722e-01
4.400500e-01
0
4.438081e-01
0
1.975003e-01
0
0
0
0
0
9.159281e-02
1.846405e-01
4.379873e-01
2.008595e-01
5.604648e-01
1.638228e-01
3.260581e-01
0
0
0
2.041203e-02
0
0
0
1
8.963006e-01
0
0
1.208404e-01
0
3.815635e-01
1.702996e-01
0
0
0
0
0
5.400939e-02
0
0
2.592084e-01
3.931098e-01
1.104403e-01
4.458695e-01
9.651906e-02
1.402569e-01
0
0
0
0
0
0
0
0
7.502236e-01
3.615784e-01
4.703810e-01
2.300044e-01
0
0
4.995592e-01
1.841721e-01
2.408285e-01
5.446710e-02
0
8.852326e-02
3.742510e-01
0
0
0
0
0
0
0
4.368987e-01
3.280393e-01
0
0
2.496413e-01
1.215627e-01
3.879875e-01
7.704131e-01
4.965412e-01
7.311281e-01
0
0
1.576486e-01
0
0
3.694105e-02
2.573786e-01
7.648666e-01
1.867484e-01
3.642102e-01
0
0
0
1.720232e-01
0
0
0
0
3.191959e-01
0
0
0
0
0
1.889103e-02
1.190419e-01
2.772617e-01
0
3.242747e-01
0
7.462057e-02
4.037225e-02
1.894404e-01
0
3.573264e-01
0
5.200270e-02
3.124289e-02
0
0
0
0
1.684232e-01
2.613339e-01
2.283890e-01
7.758526e-02
4.179177e-01
1.503271e-01
2.784882e-01
1.339383e-02
0
0
0
0
0
0
8.963006e-01
1
0
0
1.594371e-01
0
3.145215e-01
2.297840e-01
0
0
0
0
0
0
0
0
8.982197e-02
1.530064e-01
0
2.323672e-01
0
0
0
0
0
0
0
1.131642e-01
0
0
5.947008e-01
4.211708e-01
5.617231e-01
4.987529e-01
0
0
2.103750e-01
2.530435e-01
1.427694e-01
1.407327e-01
0
0
4.667033e-01
2.305148e-01
0
0
0
0
0
0
2.895778e-01
3.833780e-01
0
1.162798e-01
1.802319e-01
0
5.621543e-01
6.819397e-01
5.574853e-01
6.372379e-01
0
0
1.553789e-01
3.893519e-02
5.566917e-02
2.842529e-02
3.937209e-01
7.121487e-01
3.491138e-01
4.477359e-01
0
0
0
4.505223e-01
0
0
0
0
1.416558e-01
0
0
0
0
2.487391e-03
1.355493e-01
0
0
0
8.330955e-02
0
1.449039e-01
0
1.593683e-01
0
0
0
1.371232e-01
0
1.662243e-01
4.949984e-02
3.565517e-02
2.897414e-01
0
0
1.565519e-01
0
0
0
0
0
4.522084e-01
2.267195e-01
2.316253e-01
0
3.260625e-01
3.699960e-01
0
0
1.000000e+00
6.588594e-01
6.354153e-01
6.334060e-01
8.476960e-01
6.029907e-01
0
0
0
0
0
0
0
0
0
0
0
1.911199e-01
0
0
3.527294e-02
3.301051e-02
0
0
0
0
0
0
0
0
0
0
4.161514e-01
4.158767e-01
0
0
3.968712e-01
5.634180e-01
4.171911e-01
3.122029e-01
2.632618e-02
0
7.303105e-02
1.920403e-01
1.192482e-01
0
3.220389e-01
0
1.433689e-01
0
2.712188e-01
1.160021e-01
1.289164e-01
0
0
2.439720e-01
0
1.926166e-01
6.245797e-01
4.742757e-01
4.454966e-01
0
0
0
0
8.809578e-02
0
0
0
2.317353e-01
3.868031e-01
2.471558e-01
0
0
0
8.760587e-02
0
0
1.313890e-01
3.499229e-01
0
1.007182e-01
0
0
3.532880e-03
0
0
0
1.142791e-01
0
0
0
2.707366e-02
3.536183e-02
3.370745e-01
7.902892e-02
5.257583e-02
0
1.393057e-02
4.487651e-01
0
7.008467e-02
6.870389e-02
6.889560e-02
0
5.008765e-02
0
1.233531e-01
4.296925e-01
4.344533e-01
1.066418e-01
0
1.469104e-01
3.398009e-01
0
0
6.588594e-01
1
5.894671e-01
7.430480e-01
5.408943e-01
5.323848e-01
0
0
0
0
0
0
0
0
0
0
0
0
0
0
0
7.347537e-02
0
0
0
6.536779e-02
0
1.894468e-01
0
2.272914e-02
0
6.308724e-02
3.955943e-01
4.994526e-01
0
1.959736e-02
6.855828e-02
4.845448e-01
1.223900e-01
8.224029e-02
0
0
0
0
0
1.685775e-01
5.129708e-01
2.065365e-01
1.167500e-01
0
3.340890e-01
3.200165e-01
4.985244e-02
0
0
1.768244e-03
1.107101e-01
1.383843e-01
5.272291e-01
5.401953e-01
4.400388e-01
1.493495e-01
0
0
0
1.002459e-01
0
0
0
2.615368e-01
6.351361e-02
2.219783e-01
0
2.972197e-01
2.737482e-01
2.859246e-02
0
0
1.583749e-01
2.775900e-01
0
0
3.328846e-02
1.215310e-02
1.380888e-01
0
0
0
1.022359e-01
0
2.483718e-01
0
2.046179e-01
0
3.580164e-01
5.647297e-02
0
0
0
3.635981e-01
0
0
1.840337e-01
1.273099e-01
1.470350e-01
1.249462e-01
7.473869e-02
0
1.979132e-01
5.152083e-02
3.999494e-01
6.232922e-02
2.635143e-01
9.845606e-02
1.208404e-01
1.594371e-01
6.354153e-01
5.894671e-01
1
5.112168e-01
6.316828e-01
4.266517e-01
0
0
0
0
0
0
0
0
0
0
0
9.255418e-03
0
0
0
0
0
0
0
2.770978e-01
0
2.522056e-01
2.082889e-01
1.547065e-01
7.012992e-02
1.326877e-01
4.036317e-01
3.318501e-01
0
0
3.074492e-01
4.013562e-01
3.726222e-02
4.379743e-02
2.364224e-01
1.941486e-01
0
0
0
1.200282e-01
4.822205e-01
2.912465e-01
4.028773e-01
1.764780e-01
3.144209e-01
3.497258e-01
5.342397e-01
6.763249e-02
5.851646e-02
1.601755e-01
0
1.520465e-01
1.039581e-01
2.247537e-01
2.847592e-01
0
0
0
0
1.459983e-01
9.928583e-02
1.710925e-01
0
2.081941e-01
0
7.806476e-02
0
1.718162e-01
2.391703e-01
0
0
0
0
2.725024e-01
9.982856e-02
2.146223e-01
0
0
0
0
0
0
1.708074e-01
0
1.291356e-01
0
1.594430e-01
1.737747e-01
2.258076e-01
0
0
0
2.368263e-03
2.145579e-01
0
0
1.071666e-01
0
0
0
0
0
3.737430e-01
3.461705e-01
7.443943e-02
0
0
1.626123e-01
0
0
6.334060e-01
7.430480e-01
5.112168e-01
1
4.895502e-01
4.293939e-01
0
0
0
0
0
0
0
0
0
0
0
2.058337e-01
0
2.503372e-02
0
0
0
0
0
0
3.969786e-02
9.627206e-02
0
3.130901e-02
0
0
3.604011e-01
4.049384e-01
0
0
1.752081e-01
4.473365e-01
2.354329e-01
3.350818e-01
0
0
0
6.304990e-02
8.552348e-03
2.152914e-01
3.797008e-01
6.466706e-02
1.927568e-01
0
3.547584e-01
2.789153e-01
3.213085e-01
2.200956e-01
0
0
0
1.907400e-01
6.201831e-01
5.328534e-01
4.893987e-01
0
0
0
0
0
0
0
0
1.517288e-01
2.869336e-01
1.818308e-01
2.120070e-01
3.227356e-01
2.417256e-01
0
0
0
1.618965e-01
3.073038e-01
0
0
2.378533e-01
0
1.354564e-03
0
3.377392e-01
0
2.570947e-01
0
3.346027e-01
0
1.642303e-01
0
2.020375e-01
0
0
0
0
8.953414e-02
0
0
3.044992e-01
5.511716e-02
6.993089e-02
0
0
0
1.470925e-01
0
1.306811e-01
0
2.665753e-01
2.611160e-01
3.815635e-01
3.145215e-01
8.476960e-01
5.408943e-01
6.316828e-01
4.895502e-01
1
6.049718e-01
0
0
0
0
0
0
0
0
0
3.000850e-02
0
3.191924e-01
0
0
0
0
0
0
0
0
0
0
3.044181e-01
0
2.760977e-01
1.806906e-01
2.674396e-01
4.386419e-01
0
0
5.047800e-01
5.998573e-01
3.930096e-01
3.256422e-01
1.188800e-01
0
0
7.754420e-02
0
8.573074e-02
5.281248e-03
0
3.967901e-01
0
0
1.352288e-01
2.349551e-01
0
5.423027e-02
5.564564e-01
1.207520e-01
4.385388e-01
4.441499e-01
1.931338e-01
3.918321e-01
0
0
0
0
4.160370e-01
0
4.610421e-02
0
7.471125e-02
1.611591e-01
3.416061e-01
0
0
0
0
0
0
0
3.931902e-02
0
3.094665e-01
4.280942e-02
0
6.725113e-02
0
1.835521e-01
0
9.004493e-02
0
1.496465e-01
0
3.558247e-01
0
2.812576e-01
0
0
3.996800e-02
0
0
0
2.131301e-01
0
0
1.867220e-02
0
0
0
3.051027e-01
5.479362e-02
6.073835e-02
0
5.567816e-01
6.478126e-01
1.702996e-01
2.297840e-01
6.029907e-01
5.323848e-01
4.266517e-01
4.293939e-01
6.049718e-01
1
0
0
0
0
0
0
0
0
0
0
0
1.523586e-01
0
0
0
0
0
0
0
0
0
0
4.576470e-03
7.832043e-02
0
6.390721e-02
1.945692e-01
2.709433e-01
0
3.672543e-01
4.507863e-01
7.608900e-01
3.952453e-01
4.138322e-01
0
0
0
1.045679e-02
0
2.767703e-01
0
7.278021e-03
0
0
1.193372e-02
0
1.519258e-01
0
0
2.574012e-01
0
3.595877e-01
1.631300e-01
1.412582e-01
2.742217e-01
0
0
8.727101e-02
0
3.000330e-01
0
0
0
0
0
4.143089e-01
0
0
0
5.937914e-02
0
0
0
0
2.438021e-01
0
0
0
0
0
3.133149e-02
0
0
0
0
0
0
0
0
0
9.867149e-02
1.510895e-02
0
0
0
0
0
0
0
0
0
0
8.249219e-02
2.184519e-02
0
1.497347e-01
1.020384e-01
4.777913e-02
0
0
0
0
0
0
0
0
1.000000e+00
9.706242e-01
6.917317e-01
7.701323e-01
9.617879e-01
9.647830e-01
9.138474e-01
8.209925e-01
4.933605e-01
2.518004e-01
2.191638e-01
0
6.773120e-01
6.693225e-01
1.082942e-01
0
2.639418e-01
4.567930e-02
2.948289e-01
0
3.663619e-01
0
0
0
1.477938e-01
3.286858e-02
0
0
2.442359e-01
0
0
0
1.152899e-01
7.339022e-02
9.951754e-02
0
1.445342e-01
1.242831e-01
2.320944e-01
0
0
0
0
0
0
0
0
0
0
0
0
0
1.771560e-01
0
2.240742e-01
0
5.399559e-01
2.554526e-01
0
0
0
1.296637e-01
1.263925e-01
2.820483e-01
2.948634e-01
1.402614e-02
2.352289e-01
2.063213e-02
0
2.967221e-01
1.764138e-01
0
2.953689e-01
4.127794e-02
2.836542e-01
0
0
0
0
0
2.441378e-02
0
0
0
0
0
0
0
0
0
2.743181e-02
0
0
0
0
0
0
0
0
0
0
0
1.054971e-01
3.508742e-02
0
2.169197e-01
5.693254e-02
0
0
0
0
0
0
0
0
0
9.706242e-01
1
7.537777e-01
8.287666e-01
9.247389e-01
9.269168e-01
8.863637e-01
8.271559e-01
4.508006e-01
2.273251e-01
1.945687e-01
0
6.932332e-01
6.611263e-01
1.087321e-02
0
2.428357e-01
0
3.220992e-01
0
4.559317e-01
6.050682e-02
0
0
2.139016e-01
9.869789e-02
0
0
1.688893e-01
0
0
0
1.452444e-01
1.276448e-01
1.783452e-01
0
9.411088e-02
1.067570e-01
2.261003e-01
0
7.217193e-03
0
0
0
3.208102e-02
0
0
0
0
0
0
0
2.364614e-01
0
2.768517e-01
0
4.713327e-01
1.942161e-01
0
0
0
1.304481e-01
8.642467e-02
3.698836e-01
3.554648e-01
0
2.692824e-01
1.122753e-01
0
2.051329e-01
5.434542e-02
0
3.140431e-01
1.452982e-01
7.030690e-02
0
0
1.708898e-01
0
0
7.660191e-04
1.269305e-02
0
0
0
0
0
0
0
0
0
0
0
0
0
0
0
0
0
5.720717e-04
0
0
0
0
0
5.287678e-01
1.409743e-01
0
0
0
0
0
0
0
0
0
6.917317e-01
7.537777e-01
1
9.121748e-01
5.238696e-01
6.517466e-01
5.854650e-01
4.912293e-01
8.721475e-02
0
0
0
3.503000e-01
2.372202e-01
0
0
2.348657e-01
2.665856e-02
2.877848e-01
0
4.802433e-01
3.292537e-01
0
0
6.005952e-01
4.936981e-01
0
0
6.705043e-02
0
0
0
9.117516e-03
6.189992e-02
4.728144e-01
3.360053e-01
0
0
0
0
1.798240e-01
1.182485e-01
0
0
9.882758e-02
1.336914e-01
0
0
0
0
0
0
4.325111e-02
0
8.159148e-02
0
4.411326e-01
0
4.498206e-02
0
1.456174e-01
4.960285e-01
1.150986e-01
5.398212e-01
1.487289e-01
1.015992e-01
2.143666e-02
1.709583e-01
0
5.562184e-02
0
0
2.700422e-01
2.537709e-01
1.485869e-01
0
0
0
0
0
0
4.381010e-02
0
0
0
0
0
0
0
0
0
0
0
0
0
0
0
0
0
0
0
0
1.378817e-01
5.935526e-02
0
2.392226e-01
1.776913e-01
1.469852e-01
0
0
0
0
0
0
0
0
7.701323e-01
8.287666e-01
9.121748e-01
1
6.484182e-01
6.997998e-01
6.415656e-01
6.167683e-01
8.571248e-02
0
0
0
3.788016e-01
3.328700e-01
0
0
2.478310e-01
7.907457e-02
3.334594e-01
0
5.668890e-01
3.577804e-01
0
0
4.529254e-01
4.561704e-01
3.887135e-02
0
0
0
0
0
1.158561e-01
1.682746e-01
2.739090e-01
2.471547e-01
0
0
1.264677e-01
0
1.385090e-01
6.931934e-02
0
0
1.442927e-01
1.523198e-01
0
0
0
0
0
0
2.361274e-01
4.229426e-02
1.497826e-01
0
4.342214e-01
1.819792e-02
0
0
0
3.017355e-01
2.683080e-01
4.415374e-01
3.818509e-01
2.582291e-01
2.221072e-01
1.947463e-01
0
1.810793e-01
0
0
4.269003e-01
3.163582e-01
2.651362e-01
0
1.755979e-02
0
0
0
5.814547e-02
0
0
0
0
0
0
0
0
0
1.862046e-01
1.125500e-01
0
0
0
0
0
0
0
0
0
0
1.475987e-01
6.657989e-02
0
2.639289e-02
6.975836e-02
2.797229e-02
0
0
0
0
0
0
0
0
9.617879e-01
9.247389e-01
5.238696e-01
6.484182e-01
1
9.405223e-01
9.269004e-01
8.831325e-01
5.702048e-01
3.909435e-01
3.666085e-01
1.435681e-01
7.191536e-01
7.380015e-01
2.243296e-01
3.176707e-02
2.614530e-01
8.125869e-03
2.683892e-01
0
3.169541e-01
0
0
0
6.206988e-03
0
0
0
3.010374e-01
0
0
0
2.477405e-01
1.305685e-01
0
0
2.542323e-01
2.786328e-01
3.302439e-01
0
0
0
0
0
0
0
0
0
0
0
0
0
2.683215e-01
0
2.267343e-01
0
5.067517e-01
3.003656e-01
0
0
0
0
1.550322e-01
1.725179e-01
3.783551e-01
0
2.476860e-01
0
0
3.680795e-01
2.734890e-01
1.073509e-02
2.955052e-01
0
1.491860e-01
0
4.657769e-02
0
0
0
1.686140e-01
0
0
0
0
0
0
0
0
0
0
0
0
0
0
0
0
0
0
0
0
0
0
0
0
1.364629e-01
6.557293e-02
0
5.400939e-02
0
0
0
0
0
0
0
9.647830e-01
9.269168e-01
6.517466e-01
6.997998e-01
9.405223e-01
1
9.166212e-01
8.308660e-01
5.976504e-01
4.158424e-01
2.962913e-01
9.402859e-02
7.193466e-01
7.513682e-01
5.868788e-02
0
2.884616e-01
1.412034e-02
1.901861e-01
0
2.284105e-01
0
0
0
2.485087e-01
8.727747e-02
0
0
3.684116e-01
0
0
0
1.675420e-01
1.381133e-01
1.063375e-01
0
4.321168e-02
9.093467e-02
8.358709e-02
0
0
0
0
0
0
0
0
0
0
0
0
3.896774e-02
1.627143e-01
0
2.452157e-01
0
5.155284e-01
2.992412e-01
0
5.810076e-02
0
2.244739e-01
1.308922e-01
2.325659e-01
2.291910e-01
1.146719e-02
1.778690e-01
0
0
2.275870e-01
2.830540e-01
0
1.917203e-01
0
3.300869e-01
0
5.316275e-02
0
0
0
1.115896e-01
0
0
0
0
0
0
0
0
0
1.179149e-01
7.883146e-02
0
0
0
0
0
0
0
0
0
0
1.060579e-01
0
0
1.552984e-01
1.377041e-01
0
0
0
0
0
0
0
0
0
9.138474e-01
8.863637e-01
5.854650e-01
6.415656e-01
9.269004e-01
9.166212e-01
1
8.983458e-01
6.786486e-01
4.834118e-01
4.327101e-01
9.599398e-02
7.892187e-01
7.372690e-01
2.040482e-01
0
3.612681e-01
7.233535e-02
3.725587e-01
0
3.319930e-01
0
0
0
1.242751e-01
0
0
0
2.871382e-01
0
0
0
1.855795e-01
7.348873e-02
1.985900e-02
0
2.535959e-01
2.700306e-01
2.670867e-01
0
0
0
0
0
0
0
0
0
0
0
0
0
2.646824e-02
0
1.108252e-01
0
5.453463e-01
3.808351e-01
0
0
0
9.077412e-02
9.810082e-02
1.276588e-01
1.705800e-01
0
2.450394e-01
5.870951e-02
0
3.470289e-01
2.903293e-01
2.980091e-02
1.785424e-01
0
1.365902e-01
0
1.747953e-01
0
0
0
2.551136e-01
0
0
0
0
0
0
0
0
0
0
3.873976e-02
4.710037e-02
0
0
0
0
0
0
0
0
0
8.804526e-02
0
0
2.258674e-02
4.466963e-02
4.168815e-02
0
0
0
0
0
0
0
0
8.209925e-01
8.271559e-01
4.912293e-01
6.167683e-01
8.831325e-01
8.308660e-01
8.983458e-01
1
5.892954e-01
5.625954e-01
3.790277e-01
1.596333e-01
7.098003e-01
7.168086e-01
1.032058e-01
0
1.604983e-01
0
2.497211e-01
0
1.952935e-01
0
0
0
1.494540e-01
0
0
0
3.301683e-01
0
1.163621e-01
0
4.596432e-01
2.936209e-01
1.754373e-02
0
2.703595e-01
3.502433e-01
1.501122e-01
0
0
0
0
0
0
0
0
0
0
0
0
0
1.659588e-01
0
5.283134e-02
0
3.723535e-01
2.503914e-01
0
0
0
0
1.141569e-01
6.674493e-02
3.484056e-01
0
2.214522e-01
0
0
1.829014e-01
1.414666e-01
1.014570e-01
2.829418e-01
0
2.912546e-01
1.337819e-01
9.368726e-02
0
0
0
1.794626e-01
0
0
0
1.236794e-01
0
1.337903e-02
0
0
0
0
0
0
0
0
0
0
0
0
0
0
0
0
0
0
0
0
0
2.592084e-01
8.982197e-02
0
0
0
0
0
0
4.933605e-01
4.508006e-01
8.721475e-02
8.571248e-02
5.702048e-01
5.976504e-01
6.786486e-01
5.892954e-01
1
8.599193e-01
8.777165e-01
5.922238e-01
8.755523e-01
7.843931e-01
1.599403e-01
0
4.410661e-01
1.057080e-01
1.471678e-01
0
4.011559e-02
0
0
0
2.115143e-02
0
0
0
3.165173e-01
0
0
0
1.191081e-01
1.335171e-01
6.408008e-02
0
0
6.390786e-02
0
0
0
0
0
0
0
0
2.060440e-01
1.686927e-01
0
7.264848e-02
0
6.324955e-02
0
0
1.275484e-01
0
3.544568e-01
4.015168e-01
0
3.496502e-02
0
0
0
0
0
0
7.559217e-02
1.838905e-02
0
1.325706e-01
4.085178e-01
1.277654e-01
0
0
7.560341e-02
1.565018e-01
3.684310e-01
0
0
0
4.440721e-01
0
7.013516e-02
0
3.812061e-01
0
2.064043e-01
0
0
0
0
0
0
0
0
0
1.762053e-01
0
3.795492e-02
0
0
0
0
0
0
0
0
0
3.931098e-01
1.530064e-01
0
0
0
0
3.000850e-02
0
2.518004e-01
2.273251e-01
0
0
3.909435e-01
4.158424e-01
4.834118e-01
5.625954e-01
8.599193e-01
1
8.146121e-01
7.733566e-01
7.011066e-01
7.415857e-01
3.422949e-02
0
1.815975e-01
0
0
0
0
0
2.659655e-01
0
1.385898e-02
0
0
0
4.394415e-01
0
3.207536e-01
1.161053e-01
4.301208e-01
3.462216e-01
0
0
0
2.193053e-01
0
0
0
0
2.058574e-01
1.422625e-03
0
0
3.126587e-01
2.924530e-01
0
2.241219e-01
0
2.712279e-01
0
0
9.280586e-02
0
5.544996e-02
2.484275e-01
0
2.416760e-01
0
0
0
0
0
0
0
0
0
0
3.921343e-01
1.371952e-01
0
0
3.467376e-01
3.402758e-01
1.775317e-01
0
0
0
7.519599e-02
0
0
0
3.106342e-01
7.704658e-03
0
0
0
0
9.103476e-02
1.918230e-03
0
0
0
0
3.016148e-02
0
0
0
0
0
0
0
0
0
0
0
1.104403e-01
0
0
0
0
0
0
0
2.191638e-01
1.945687e-01
0
0
3.666085e-01
2.962913e-01
4.327101e-01
3.790277e-01
8.777165e-01
8.146121e-01
1
7.263651e-01
7.277098e-01
6.214013e-01
2.524714e-01
7.237586e-02
4.147095e-01
1.202696e-01
1.185396e-01
0
8.603061e-02
0
0
0
0
0
0
0
1.807152e-01
0
2.209284e-02
0
1.708455e-01
1.369783e-01
0
0
1.718453e-02
2.226471e-01
1.140574e-01
0
0
0
4.033736e-02
0
0
0
3.644788e-01
4.336314e-01
0
0
0
0
0
0
7.613451e-02
0
1.657077e-01
2.430967e-01
0
0
0
0
0
0
1.105864e-02
0
4.661363e-02
4.603914e-02
0
1.409918e-01
3.166351e-01
5.612623e-02
0
0
0
2.348355e-01
3.193151e-01
0
1.023034e-01
2.343069e-03
3.061632e-01
0
1.719258e-01
0
5.429648e-01
0
2.343165e-01
0
4.263172e-02
0
0
0
0
0
0
1.244669e-01
3.497281e-01
0
3.077814e-01
0
0
0
0
0
3.561293e-02
0
0
0
4.458695e-01
2.323672e-01
1.911199e-01
0
9.255418e-03
2.058337e-01
3.191924e-01
1.523586e-01
0
0
0
0
1.435681e-01
9.402859e-02
9.599398e-02
1.596333e-01
5.922238e-01
7.733566e-01
7.263651e-01
1
4.104304e-01
5.017067e-01
1.945770e-01
0
4.571477e-02
0
0
0
0
0
2.996436e-01
3.787962e-02
0
0
0
0
3.014627e-01
0
2.984069e-01
2.507627e-01
3.567896e-01
2.057036e-01
0
0
0
2.277841e-01
0
0
0
0
2.849926e-01
1.391876e-02
0
0
3.578962e-01
4.819327e-01
0
3.879231e-01
0
4.703632e-01
1.833049e-01
0
2.589533e-01
0
0
1.260034e-01
0
2.435415e-01
0
0
0
0
1.256620e-02
0
0
0
0
1.530329e-01
4.517102e-01
0
0
0
3.810504e-01
0
1.809912e-02
0
0
0
9.632182e-02
0
0
0
0
0
0
0
0
0
0
0
0
0
0
0
0
0
0
0
0
0
0
0
0
4.255225e-02
0
0
9.651906e-02
0
0
0
0
0
0
0
6.773120e-01
6.932332e-01
3.503000e-01
3.788016e-01
7.191536e-01
7.193466e-01
7.892187e-01
7.098003e-01
8.755523e-01
7.011066e-01
7.277098e-01
4.104304e-01
1
8.811711e-01
1.727101e-01
0
4.146830e-01
8.649869e-03
2.787539e-01
0
2.698264e-01
0
0
0
3.651766e-02
0
0
0
2.283568e-01
0
0
0
1.447575e-01
1.892433e-01
1.867748e-01
0
1.683327e-02
1.461360e-01
1.520830e-01
0
0
0
0
0
0
0
1.514391e-01
0
0
0
0
0
2.807052e-02
0
2.495065e-01
0
3.768877e-01
3.018905e-01
0
0
0
0
0
9.835555e-02
2.386034e-01
0
2.688197e-01
2.708808e-01
0
2.344293e-01
3.426799e-01
0
0
0
3.003044e-01
0
1.179238e-01
0
0
0
1.694907e-01
0
1.318955e-01
0
1.919145e-02
0
3.166728e-02
0
0
0
0
0
0
0
0
0
0
0
0
0
0
0
0
0
0
0
0
0
1.402569e-01
0
0
0
0
2.503372e-02
0
0
6.693225e-01
6.611263e-01
2.372202e-01
3.328700e-01
7.380015e-01
7.513682e-01
7.372690e-01
7.168086e-01
7.843931e-01
7.415857e-01
6.214013e-01
5.017067e-01
8.811711e-01
1
1.365808e-01
0
2.098439e-01
0
9.167831e-02
0
8.472810e-02
0
0
0
0
0
0
0
3.412102e-01
0
0
0
2.043189e-01
1.880205e-01
0
0
0
2.386004e-01
8.765884e-02
0
0
0
0
0
2.002574e-03
0
9.008684e-02
3.913518e-02
0
0
0
2.061238e-01
2.096872e-01
0
2.945716e-01
0
1.332051e-01
2.687133e-01
0
1.126969e-01
0
0
0
8.337897e-02
2.952670e-01
0
3.708456e-01
2.601631e-01
0
1.569679e-01
4.304701e-01
1.287330e-02
1.092297e-01
0
2.717730e-01
1.721774e-01
0
0
0
5.786153e-02
0
1.654071e-01
0
1.654829e-01
0
3.791885e-01
0
0
0
0
6.477966e-01
4.835431e-01
5.480191e-02
2.914315e-02
0
0
0
0
0
0
0
3.933845e-02
3.772237e-01
2.848621e-01
0
0
2.412265e-01
1.930669e-01
0
0
3.527294e-02
0
0
0
0
0
1.082942e-01
1.087321e-02
0
0
2.243296e-01
5.868788e-02
2.040482e-01
1.032058e-01
1.599403e-01
3.422949e-02
2.524714e-01
1.945770e-01
1.727101e-01
1.365808e-01
1
6.655359e-01
5.811278e-01
5.162774e-01
4.909878e-01
6.334241e-02
3.709296e-01
2.135730e-01
0
0
0
0
4.543552e-01
2.317750e-01
0
0
0
2.251113e-02
3.587984e-02
0
0
1.457712e-01
5.135390e-01
1.881592e-01
6.618703e-01
0
2.475055e-02
7.800903e-03
0
0
1.439214e-01
0
7.659795e-02
2.712382e-02
8.221717e-03
0
0
0
2.050250e-02
3.791670e-01
0
3.282406e-01
4.343265e-01
4.590284e-01
1.543662e-01
0
1.261965e-01
0
3.048319e-01
0
3.869306e-01
0
1.492218e-01
0
3.448415e-01
6.554154e-01
3.390841e-01
1.574870e-01
2.107386e-01
8.310056e-02
5.342964e-01
5.876058e-01
0
1.146997e-01
0
5.339655e-02
0
3.651791e-01
0
9.536873e-02
0
5.784389e-01
0
8.130561e-03
0
0
7.629560e-01
6.678261e-01
3.581900e-01
4.053887e-01
1.262336e-01
1.040954e-01
0
0
0
0
0
3.389997e-01
5.780642e-01
7.223869e-01
0
0
3.024998e-01
4.590852e-01
0
0
3.301051e-02
7.347537e-02
0
0
0
0
0
0
0
0
3.176707e-02
0
0
0
0
0
7.237586e-02
0
0
0
6.655359e-01
1
3.771531e-01
6.207881e-01
4.101456e-01
3.302641e-01
4.814935e-01
5.011961e-01
0
0
0
0
5.187889e-01
1.789911e-01
0
0
0
4.242686e-02
0
0
0
3.195279e-01
4.460104e-01
4.266569e-02
6.331012e-01
1.081826e-02
2.630870e-01
2.201334e-01
0
0
2.037300e-01
0
0
1.240780e-01
1.876986e-02
0
0
0
0
3.625191e-01
2.469783e-03
3.085663e-01
3.623609e-01
3.783434e-01
1.605198e-01
0
2.234229e-01
0
3.712762e-01
0
1.489490e-01
0
1.017316e-01
7.640632e-02
5.244460e-01
5.262462e-01
0
1.391978e-01
1.192973e-01
2.932791e-01
3.630337e-01
0
0
2.111947e-01
0
0
0
1.702404e-01
0
0
0
2.700615e-01
0
0
0
0
1.544291e-01
0
0
0
0
0
0
0
0
0
0
0
6.498977e-03
0
0
0
2.227331e-01
7.798962e-02
0
0
0
0
0
0
0
0
2.639418e-01
2.428357e-01
2.348657e-01
2.478310e-01
2.614530e-01
2.884616e-01
3.612681e-01
1.604983e-01
4.410661e-01
1.815975e-01
4.147095e-01
4.571477e-02
4.146830e-01
2.098439e-01
5.811278e-01
3.771531e-01
1.000000e+00
8.313047e-01
6.402417e-01
3.958779e-02
6.426959e-01
4.136511e-01
0
0
1.447852e-01
3.356536e-01
3.128882e-01
0
0
0
2.805704e-02
0
0
4.128331e-02
2.481960e-01
5.410486e-01
0
0
2.657392e-01
0
0
4.820146e-02
0
0
0
0
2.031825e-01
0
9.357469e-02
0
0
0
0
0
0
1.032251e-01
6.955398e-01
4.976928e-01
3.933165e-01
0
4.180185e-01
2.803820e-01
3.504238e-01
1.174854e-01
2.578352e-01
2.349497e-01
0
0
2.275054e-01
3.726624e-01
1.938338e-01
5.693498e-02
0
1.068527e-01
4.556336e-01
2.676646e-01
0
3.347085e-01
0
0
0
5.125872e-01
0
0
0
5.682609e-01
0
1.124024e-01
0
0
2.299759e-01
6.184595e-02
0
0
4.395177e-02
0
0
0
0
0
0
0
1.575809e-01
1.610338e-01
0
0
3.927445e-01
3.856072e-01
0
0
0
0
0
0
0
0
4.567930e-02
0
2.665856e-02
7.907457e-02
8.125869e-03
1.412034e-02
7.233535e-02
0
1.057080e-01
0
1.202696e-01
0
8.649869e-03
0
5.162774e-01
6.207881e-01
8.313047e-01
1.000000e+00
6.466813e-01
3.406144e-01
5.789726e-01
6.058253e-01
0
0
0
3.314833e-01
4.768539e-01
0
0
0
0
7.301168e-02
0
0
1.315874e-01
6.722982e-01
0
0
2.376966e-01
0
0
1.801855e-01
0
0
0
0
1.366755e-01
0
2.014258e-01
0
0
0
0
4.213016e-02
0
2.142713e-01
5.956272e-01
5.360931e-01
4.581260e-01
0
5.793447e-01
2.171151e-01
3.538601e-01
0
1.269888e-01
3.723743e-01
8.643439e-03
0
4.277556e-01
3.216241e-01
7.344812e-02
7.141808e-02
0
2.170077e-01
4.818224e-01
7.186959e-02
0
1.102494e-01
0
0
0
2.941248e-01
0
0
0
4.321529e-01
0
1.606945e-02
0
0
3.486908e-01
1.154940e-01
0
0
0
0
0
0
0
0
0
0
3.832982e-01
2.067766e-01
0
0
3.383856e-01
2.274735e-01
0
0
0
0
0
0
0
0
2.948289e-01
3.220992e-01
2.877848e-01
3.334594e-01
2.683892e-01
1.901861e-01
3.725587e-01
2.497211e-01
1.471678e-01
0
1.185396e-01
0
2.787539e-01
9.167831e-02
4.909878e-01
4.101456e-01
6.402417e-01
6.466813e-01
1
1.796783e-02
6.906289e-01
5.826337e-01
0
0
0
1.238951e-01
3.180892e-01
0
0
0
0
0
0
0
2.503835e-01
4.463824e-01
1.017319e-01
0
5.156240e-01
0
1.449044e-01
3.847660e-01
0
0
1.135902e-01
1.646907e-01
2.951422e-02
0
0
0
0
0
0
8.812650e-02
0
1.543827e-01
5.605989e-01
4.256740e-01
2.099030e-02
0
1.847673e-01
0
0
1.660646e-01
3.219873e-01
1.772254e-01
3.071603e-02
1.652008e-01
1.710243e-01
3.864830e-01
3.029965e-02
0
0
4.554542e-01
1.639994e-01
1.332500e-01
0
4.433280e-01
1.670255e-01
4.184101e-01
0
6.803709e-01
0
4.998767e-01
0
5.291956e-01
2.001670e-01
6.283520e-01
1.529075e-01
5.635108e-01
9.744920e-02
4.053203e-02
0
4.487666e-01
2.457847e-01
2.491358e-01
0
1.614342e-01
2.706085e-01
4.028849e-01
4.792857e-01
6.000882e-01
0
1.822251e-01
0
0
0
0
0
1.131642e-01
0
6.536779e-02
2.770978e-01
0
0
0
0
0
0
0
0
0
0
0
0
0
0
0
0
0
6.334241e-02
3.302641e-01
3.958779e-02
3.406144e-01
1.796783e-02
1.000000e+00
6.230014e-03
3.954155e-01
1.487584e-02
6.614302e-01
0
3.286094e-02
3.752764e-01
2.723567e-01
0
5.485333e-02
0
0
0
0
1.550906e-02
3.016131e-01
0
0
1.921889e-02
3.594411e-01
1.841121e-01
4.729720e-01
3.913291e-02
6.234812e-01
1.626404e-01
3.743560e-01
2.359585e-01
3.393559e-01
5.311898e-01
0
2.220980e-01
0
0
1.985915e-01
0
5.251635e-01
0
0
4.197540e-01
0
3.782141e-01
8.214710e-02
3.092141e-02
0
0
6.992916e-02
0
2.727804e-01
6.915893e-01
0
0
1.896775e-01
0
0
5.923439e-01
0
0
1.308721e-01
0
0
0
2.362076e-01
0
0
0
3.945733e-01
0
1.068159e-01
0
0
3.445018e-01
0
4.323601e-03
2.363511e-01
0
0
0
0
0
0
0
0
4.083671e-01
4.612984e-01
0
1.764889e-01
1.263080e-01
1.353005e-01
0
0
0
0
0
3.969786e-02
0
0
3.663619e-01
4.559317e-01
4.802433e-01
5.668890e-01
3.169541e-01
2.284105e-01
3.319930e-01
1.952935e-01
4.011559e-02
0
8.603061e-02
0
2.698264e-01
8.472810e-02
3.709296e-01
4.814935e-01
6.426959e-01
5.789726e-01
6.906289e-01
6.230014e-03
1.000000e+00
7.624130e-01
0
0
0
1.968753e-01
4.267757e-01
0
0
0
0
0
0
0
1.293620e-01
3.959236e-01
8.206606e-02
0
5.408733e-01
0
4.510095e-01
3.492864e-01
0
0
3.713708e-01
1.850259e-01
0
0
0
0
0
0
1.134907e-01
3.462510e-01
5.342070e-02
1.538998e-02
4.098021e-01
8.157848e-02
0
0
4.067781e-02
0
2.925831e-01
4.825514e-01
4.722444e-01
6.678699e-02
2.471947e-01
3.730909e-01
3.317100e-01
2.882879e-01
0
0
3.584686e-01
6.452771e-01
5.737889e-01
1.564176e-01
0
4.345686e-01
0
0
0
5.317437e-01
0
0
0
4.546850e-01
0
3.083435e-01
0
1.750719e-01
2.650192e-01
2.356826e-02
3.863925e-02
4.444565e-01
0
0
0
0
0
0
0
2.011321e-02
5.131376e-01
5.270829e-01
0
2.048209e-01
4.129618e-01
3.425410e-01
0
0
0
1.894468e-01
2.522056e-01
9.627206e-02
0
0
0
6.050682e-02
3.292537e-01
3.577804e-01
0
0
0
0
0
0
0
0
0
0
2.135730e-01
5.011961e-01
4.136511e-01
6.058253e-01
5.826337e-01
3.954155e-01
7.624130e-01
1.000000e+00
0
0
0
2.840913e-01
5.032128e-01
5.710527e-02
0
0
0
3.496669e-02
0
0
1.253596e-01
5.334639e-01
0
0
3.293727e-01
5.524262e-02
6.148822e-01
6.549018e-01
0
0
4.564473e-01
3.909548e-01
5.814607e-02
0
0
0
0
0
0
3.133226e-01
0
1.652098e-01
2.399245e-01
6.543168e-02
5.387026e-02
0
2.315001e-01
1.539420e-01
1.052699e-01
2.636383e-01
1.177023e-01
1.679690e-01
2.357108e-01
5.048063e-01
4.907652e-01
2.452889e-01
0
0
2.145946e-01
5.859471e-01
0
0
6.651783e-01
1.760826e-02
6.562906e-01
3.295686e-01
7.608364e-01
0
5.784783e-01
2.916095e-01
5.804218e-01
0
5.064289e-01
0
5.275896e-01
2.842099e-01
0
0
0
0
3.130972e-02
1.561302e-01
8.190540e-01
6.847142e-01
6.988783e-01
4.120476e-01
4.045282e-01
1.946204e-02
0
0
3.058401e-01
1.565847e-01
0
0
7.502236e-01
5.947008e-01
0
0
2.082889e-01
0
3.044181e-01
4.576470e-03
0
0
0
0
0
0
0
0
0
2.659655e-01
0
2.996436e-01
0
0
0
0
0
0
0
1.487584e-02
0
0
1
5.613153e-01
3.642595e-01
2.439235e-02
0
0
5.591384e-01
2.375186e-01
2.931466e-01
0
4.265726e-02
0
1.096298e-01
0
0
4.346624e-03
0
1.282741e-01
0
0
8.572538e-01
5.764310e-01
0
1.434564e-02
2.258560e-01
2.787246e-01
3.082343e-01
6.150802e-01
6.348442e-01
6.083630e-01
0
0
0
0
0
0
1.013523e-01
6.576462e-01
0
9.058303e-02
0
0
0
0
0
0
0
0
4.722662e-02
0
0
0
0
1.451641e-01
8.163759e-02
1.475709e-01
5.358135e-01
5.028674e-01
1.222475e-01
2.934554e-01
2.938826e-01
5.684112e-01
3.158744e-01
2.126202e-01
6.530907e-01
4.764118e-01
4.252363e-01
5.618290e-01
0
0
2.199113e-02
7.464681e-02
2.392692e-01
4.746990e-01
3.499625e-01
4.203104e-01
6.522275e-01
4.003669e-01
6.002479e-01
4.555968e-01
0
0
1.587312e-02
0
0
0
3.615784e-01
4.211708e-01
0
2.272914e-02
1.547065e-01
3.130901e-02
0
7.832043e-02
0
0
0
0
0
0
0
0
0
0
0
3.787962e-02
0
0
0
0
0
0
0
6.614302e-01
0
0
5.613153e-01
1.000000e+00
0
0
0
2.240478e-01
7.576188e-02
4.368963e-01
0
0
0
0
0
0
0
0
0
4.726820e-01
0
0
4.726742e-01
8.807646e-01
0
1.533724e-01
2.933166e-01
6.114463e-01
4.797624e-01
2.902255e-01
5.619350e-01
4.031698e-01
0
0
0
3.328340e-01
0
0
2.642705e-01
4.084926e-01
1.222421e-01
0
0
0
0
0
0
0
1.995943e-01
0
3.925313e-02
3.833344e-01
0
0
0
0
5.216812e-02
1.792733e-01
0
0
3.121021e-01
0
0
0
0
0
0
0
0
3.798827e-02
0
0
0
0
1.053517e-02
0
6.356151e-02
1.370855e-01
0
0
0
0
0
0
0
2.862407e-01
1.000654e-01
0
4.703810e-01
5.617231e-01
0
0
7.012992e-02
0
2.760977e-01
0
1.477938e-01
2.139016e-01
6.005952e-01
4.529254e-01
6.206988e-03
2.485087e-01
1.242751e-01
1.494540e-01
2.115143e-02
1.385898e-02
0
0
3.651766e-02
0
0
0
1.447852e-01
0
0
0
0
0
3.642595e-01
0
1
8.463877e-01
0
0
7.276688e-02
0
1.874917e-01
2.017214e-02
1.586461e-02
1.346029e-01
5.855866e-01
4.350923e-01
0
0
0
0
0
0
1.942515e-01
6.389869e-02
0
2.356752e-01
0
0
3.570466e-01
3.132138e-01
4.356710e-01
1.236552e-01
0
0
1.673466e-02
0
2.505236e-01
0
3.504115e-01
4.255216e-01
3.705353e-01
6.578841e-01
1.448383e-01
2.765435e-01
0
3.869886e-01
0
0
0
0
0
0
0
0
0
0
0
2.600994e-01
0
0
0
1.352178e-01
0
0
0
0
0
7.974328e-02
0
5.543287e-02
0
0
0
0
6.340733e-02
0
0
0
0
0
0
0
0
0
0
7.449949e-02
2.273826e-01
2.522502e-01
2.300044e-01
4.987529e-01
0
6.308724e-02
1.326877e-01
0
1.806906e-01
6.390721e-02
3.286858e-02
9.869789e-02
4.936981e-01
4.561704e-01
0
8.727747e-02
0
0
0
0
0
0
0
0
0
0
3.356536e-01
3.314833e-01
1.238951e-01
3.286094e-02
1.968753e-01
2.840913e-01
2.439235e-02
0
8.463877e-01
1
2.226466e-01
1.225194e-01
0
4.774692e-02
1.830594e-01
2.407197e-01
0
2.108150e-01
5.519447e-01
6.788782e-01
0
0
0
0
0
7.044756e-02
0
1.187694e-01
0
3.618984e-01
0
0
4.073581e-01
6.524266e-02
2.826178e-01
0
0
0
8.903668e-02
1.098670e-01
3.238269e-01
6.864002e-02
4.029956e-01
2.169621e-01
4.973097e-01
6.108900e-01
3.079971e-01
2.219652e-01
0
6.546118e-01
0
0
0
0
0
1.740378e-02
0
9.647753e-02
1.107296e-01
2.499904e-02
0
0
0
0
0
2.755336e-01
0
0
0
3.652652e-01
0
3.015719e-01
0
0
3.235339e-01
1.411129e-01
4.328354e-02
5.851562e-01
0
0
0
0
0
0
0
8.271405e-03
5.006336e-01
4.349255e-01
0
0
3.398670e-01
4.442447e-01
0
0
4.161514e-01
3.955943e-01
4.036317e-01
3.604011e-01
2.674396e-01
1.945692e-01
0
0
0
3.887135e-02
0
0
0
0
0
0
0
0
0
0
4.543552e-01
5.187889e-01
3.128882e-01
4.768539e-01
3.180892e-01
3.752764e-01
4.267757e-01
5.032128e-01
0
0
0
2.226466e-01
1.000000e+00
7.451121e-01
0
0
1.422477e-01
4.388612e-01
6.998340e-02
8.255876e-02
6.161159e-02
3.418217e-01
1.073773e-01
0
4.121674e-01
8.469421e-02
2.524906e-01
2.647085e-01
0
0
3.624963e-01
3.582181e-01
2.946115e-02
0
2.520121e-01
0
0
0
2.770065e-01
6.806007e-01
1.617228e-01
4.904591e-01
1.939209e-01
1.787267e-01
9.823423e-02
0
2.661757e-01
0
3.660891e-01
0
5.576772e-01
5.216628e-01
2.421881e-02
8.178385e-02
4.800553e-01
3.831391e-01
0
6.353823e-02
1.252358e-01
3.845865e-01
0
0
0
0
0
3.385698e-02
0
2.542242e-02
2.545893e-02
1.127604e-01
0
1.366256e-01
0
2.807695e-01
0
1.669983e-01
1.112943e-01
1.925175e-01
2.749870e-01
5.943534e-01
0
0
0
9.725739e-02
0
0
3.150733e-03
3.372955e-02
2.864213e-01
1.974519e-01
0
0
1.334337e-01
3.270487e-01
0
0
4.158767e-01
4.994526e-01
3.318501e-01
4.049384e-01
4.386419e-01
2.709433e-01
0
0
0
0
0
0
0
0
0
0
0
0
0
0
2.317750e-01
1.789911e-01
0
0
0
2.723567e-01
0
5.710527e-02
0
2.240478e-01
0
1.225194e-01
7.451121e-01
1.000000e+00
0
0
2.374787e-01
4.103841e-01
1.517666e-01
5.080238e-02
0
3.559593e-03
2.188947e-01
2.275708e-02
1.932419e-01
3.737186e-01
6.337354e-02
0
1.102601e-01
2.007381e-01
1.517824e-01
3.057361e-01
0
8.309105e-02
3.403043e-01
8.180355e-02
1.973897e-01
3.296520e-03
3.391535e-01
5.541633e-01
0
6.080395e-01
0
0
3.408620e-03
4.781809e-02
3.692140e-02
0
4.126937e-01
0
3.647951e-01
3.898681e-01
6.942107e-03
0
1.999022e-01
9.144031e-02
0
3.194501e-01
1.776780e-01
2.127593e-01
0
0
6.240574e-01
0
5.836559e-01
2.413113e-01
7.496886e-01
0
4.725965e-01
1.593298e-01
4.712243e-01
0
2.294893e-01
0
2.151679e-01
0
0
0
5.873138e-02
0
2.962456e-01
2.548976e-01
5.673393e-01
3.987108e-01
5.151001e-01
2.271395e-01
3.479100e-01
7.937675e-04
0
0
2.483820e-01
2.200251e-01
0
0
4.995592e-01
2.103750e-01
0
0
0
0
0
0
2.442359e-01
1.688893e-01
6.705043e-02
0
3.010374e-01
3.684116e-01
2.871382e-01
3.301683e-01
3.165173e-01
4.394415e-01
1.807152e-01
3.014627e-01
2.283568e-01
3.412102e-01
0
0
0
0
0
0
0
0
5.591384e-01
7.576188e-02
7.276688e-02
0
0
0
1
4.145282e-01
3.015256e-01
0
3.059947e-01
1.841458e-01
0
0
0
2.694479e-01
0
0
0
0
2.481304e-01
8.476993e-03
0
0
0
4.188719e-02
0
2.980013e-01
1.614534e-01
3.567365e-01
0
0
0
0
0
0
0
3.163854e-01
0
0
0
0
0
0
0
0
0
0
4.593065e-01
1.003552e-01
0
0
0
1.378960e-01
1.315448e-01
7.635728e-02
4.427677e-01
1.935977e-01
2.893711e-01
2.404881e-01
2.246073e-01
6.874940e-02
8.124820e-02
7.204244e-02
3.983068e-01
2.836999e-01
2.907807e-01
4.218788e-01
0
0
1.654938e-01
0
5.826406e-01
6.903041e-01
2.316181e-01
2.847261e-01
3.139176e-01
2.101791e-01
4.204140e-01
2.661739e-01
0
0
0
2.486395e-02
4.947481e-02
1.477069e-01
1.841721e-01
2.530435e-01
0
1.959736e-02
0
0
0
3.672543e-01
0
0
0
0
0
0
0
0
0
0
0
0
0
0
0
0
0
0
0
5.485333e-02
0
0
2.375186e-01
4.368963e-01
0
4.774692e-02
0
0
4.145282e-01
1.000000e+00
1.777514e-01
1.988693e-01
1.561869e-01
3.085580e-01
0
0
0
0
0
2.052849e-01
0
0
0
3.099244e-01
0
0
0
0
1.552414e-01
1.446354e-02
3.504348e-01
2.124943e-01
0
0
0
0
0
0
0
1.967169e-01
5.284427e-02
0
0
0
0
6.750451e-02
0
0
0
0
5.787477e-02
1.859923e-01
0
0
0
1.427398e-02
2.838209e-01
0
1.895280e-02
0
3.859663e-01
0
0
0
3.337880e-01
0
2.520397e-02
0
0
0
0
0
9.361232e-02
1.353335e-02
3.574247e-02
4.484143e-02
3.511939e-01
1.409231e-01
1.300831e-01
0
0
0
0
0
2.712435e-01
0
3.261990e-01
2.068762e-01
2.408285e-01
1.427694e-01
3.968712e-01
6.855828e-02
3.074492e-01
1.752081e-01
5.047800e-01
4.507863e-01
0
0
0
0
0
0
0
1.163621e-01
0
3.207536e-01
2.209284e-02
2.984069e-01
0
0
0
0
2.805704e-02
0
0
0
0
0
2.931466e-01
0
1.874917e-01
1.830594e-01
1.422477e-01
2.374787e-01
3.015256e-01
1.777514e-01
1.000000e+00
7.150922e-01
8.523852e-01
7.498828e-01
9.157499e-02
0
0
0
0
0
0
0
2.688631e-01
7.216748e-02
1.725792e-02
0
8.808378e-02
0
3.755689e-02
1.262407e-01
0
1.128371e-01
1.599552e-01
0
0
0
0
0
0
1.748632e-01
1.032005e-01
1.309577e-02
0
0
1.412871e-01
7.375378e-02
0
0
0
0
3.541566e-03
9.968373e-03
0
8.406753e-02
0
2.398511e-01
0
0
0
0
2.628445e-03
0
0
0
9.021744e-02
0
8.525978e-02
0
0
0
0
0
7.754454e-03
1.082910e-01
0
1.225574e-01
0
0
0
0
0
0
2.803709e-01
5.301188e-02
0
0
4.201720e-01
5.873517e-01
5.446710e-02
1.407327e-01
5.634180e-01
4.845448e-01
4.013562e-01
4.473365e-01
5.998573e-01
7.608900e-01
0
0
0
0
0
0
0
0
0
1.161053e-01
0
2.507627e-01
0
0
2.251113e-02
4.242686e-02
0
7.301168e-02
0
0
0
3.496669e-02
0
0
2.017214e-02
2.407197e-01
4.388612e-01
4.103841e-01
0
1.988693e-01
7.150922e-01
1
6.980642e-01
7.050520e-01
7.888449e-02
9.388679e-02
0
0
0
1.248549e-01
0
0
0
5.227319e-02
1.050244e-01
6.355553e-02
1.718113e-01
0
4.925785e-02
4.476377e-02
0
1.294508e-02
2.233809e-01
2.145258e-01
2.057277e-01
1.412445e-01
2.805235e-02
1.199820e-02
0
4.395211e-02
0
0
0
0
2.126804e-01
4.274651e-01
0
0
0
5.830960e-02
0
0
0
7.332977e-02
0
9.662031e-02
2.917964e-01
0
0
0
3.381397e-01
0
0
0
2.217529e-01
0
0
0
0
0
0
0
2.402822e-01
0
0
0
2.374721e-01
2.845125e-02
0
0
0
0
1.930829e-01
0
1.584268e-01
0
2.749690e-01
2.384478e-01
0
0
4.171911e-01
1.223900e-01
3.726222e-02
2.354329e-01
3.930096e-01
3.952453e-01
1.152899e-01
1.452444e-01
9.117516e-03
1.158561e-01
2.477405e-01
1.675420e-01
1.855795e-01
4.596432e-01
1.191081e-01
4.301208e-01
1.708455e-01
3.567896e-01
1.447575e-01
2.043189e-01
3.587984e-02
0
0
0
0
0
0
0
4.265726e-02
0
1.586461e-02
0
6.998340e-02
1.517666e-01
3.059947e-01
1.561869e-01
8.523852e-01
6.980642e-01
1.000000e+00
8.352674e-01
0
0
0
2.144318e-01
0
0
0
0
7.092886e-02
0
1.829611e-01
0
0
0
0
0
0
0
3.863296e-01
0
2.010716e-03
0
2.863068e-02
0
0
0
0
0
0
0
3.377646e-01
0
0
0
0
4.935544e-02
3.372653e-02
0
2.050437e-01
1.353700e-01
0
1.496122e-02
1.030764e-01
0
0
0
2.263163e-01
0
9.134457e-03
0
8.072101e-02
0
0
0
0
0
0
0
7.965108e-03
0
4.644615e-02
4.317284e-02
1.073398e-01
1.679881e-03
0
0
0
0
1.587308e-02
0
7.966861e-02
0
2.349474e-01
2.145239e-01
8.852326e-02
0
3.122029e-01
8.224029e-02
4.379743e-02
3.350818e-01
3.256422e-01
4.138322e-01
7.339022e-02
1.276448e-01
6.189992e-02
1.682746e-01
1.305685e-01
1.381133e-01
7.348873e-02
2.936209e-01
1.335171e-01
3.462216e-01
1.369783e-01
2.057036e-01
1.892433e-01
1.880205e-01
0
0
4.128331e-02
0
0
0
0
0
0
0
1.346029e-01
2.108150e-01
8.255876e-02
5.080238e-02
1.841458e-01
3.085580e-01
7.498828e-01
7.050520e-01
8.352674e-01
1
1.078912e-01
0
0
0
0
0
0
0
0
0
1.749332e-01
0
7.830105e-02
0
0
0
0
0
3.429134e-01
0
6.753322e-02
0
0
0
0
0
0
0
0
0
2.863215e-01
1.327310e-01
3.924866e-02
0
0
0
0
1.789909e-03
1.837476e-01
3.015233e-02
0
0
0
8.711950e-02
0
0
6.443396e-02
5.227626e-02
0
0
0
0
1.539698e-02
0
0
0
0
0
0
0
4.845506e-02
0
0
0
0
0
0
0
0
0
0
2.153973e-01
4.589615e-02
0
3.742510e-01
4.667033e-01
2.632618e-02
0
2.364224e-01
0
1.188800e-01
0
9.951754e-02
1.783452e-01
4.728144e-01
2.739090e-01
0
1.063375e-01
1.985900e-02
1.754373e-02
6.408008e-02
0
0
0
1.867748e-01
0
0
0
2.481960e-01
1.315874e-01
2.503835e-01
1.550906e-02
1.293620e-01
1.253596e-01
1.096298e-01
0
5.855866e-01
5.519447e-01
6.161159e-02
0
0
0
9.157499e-02
7.888449e-02
0
1.078912e-01
1.000000e+00
5.647680e-01
0
0
0
0
0
3.495245e-01
0
0
0
4.383332e-01
8.423237e-02
0
3.175811e-01
2.073853e-01
4.021483e-02
0
0
0
1.541821e-01
0
4.648663e-01
1.530738e-01
3.030843e-01
1.211688e-01
4.294921e-01
5.490555e-01
0
2.252254e-01
6.145338e-02
2.991469e-01
0
0
0
0
0
0
0
0
5.148595e-02
0
0
4.892565e-01
0
0
0
4.212380e-01
0
0
0
1.880395e-01
0
5.905391e-03
0
0
0
0
0
5.310747e-02
1.637014e-01
0
0
0
0
0
0
5.190667e-02
0
0
0
6.944256e-02
3.464772e-01
3.743718e-01
0
2.305148e-01
0
0
1.941486e-01
0
0
0
0
0
3.360053e-01
2.471547e-01
0
0
0
0
0
0
0
0
0
0
1.457712e-01
3.195279e-01
5.410486e-01
6.722982e-01
4.463824e-01
3.016131e-01
3.959236e-01
5.334639e-01
0
0
4.350923e-01
6.788782e-01
3.418217e-01
3.559593e-03
0
0
0
9.388679e-02
0
0
5.647680e-01
1.000000e+00
0
0
0
0
0
3.010943e-01
0
1.239454e-02
0
2.129933e-01
1.275895e-02
0
4.823470e-01
0
0
0
0
0
0
1.662040e-01
5.752152e-01
3.708270e-01
6.679955e-01
0
7.344481e-01
5.751157e-01
3.005417e-01
1.424719e-01
0
3.715143e-01
0
0
1.491608e-01
3.036598e-02
0
0
0
2.024120e-01
0
1.296235e-01
7.980769e-02
0
0
3.415327e-01
0
0
1.068784e-01
3.890470e-01
0
9.901117e-02
0
0
0
0
7.136330e-01
8.393563e-01
5.544811e-01
3.236103e-01
4.036000e-03
0
0
0
0
0
6.414593e-03
1.652304e-01
4.591213e-01
4.086398e-01
5.539689e-02
0
1.899627e-01
1.685271e-01
0
0
7.303105e-02
0
0
0
0
0
1.445342e-01
9.411088e-02
0
0
2.542323e-01
4.321168e-02
2.535959e-01
2.703595e-01
0
0
1.718453e-02
0
1.683327e-02
0
5.135390e-01
4.460104e-01
0
0
1.017319e-01
0
8.206606e-02
0
0
0
0
0
1.073773e-01
2.188947e-01
0
0
0
0
0
0
0
0
1.000000e+00
7.100986e-01
6.556298e-01
1.795934e-01
2.399946e-01
0
0
0
1.749130e-01
0
0
0
0
0
0
0
1.221658e-01
2.088852e-01
0
1.616651e-01
1.494361e-01
1.976301e-01
0
0
0
0
2.894216e-01
0
1.688890e-01
0
3.105865e-01
0
0
4.169392e-01
2.408435e-02
2.721839e-01
4.233571e-01
6.209014e-02
3.282648e-03
2.297871e-01
5.755326e-01
0
1.705991e-01
2.962779e-01
3.536512e-01
0
5.002350e-01
2.627567e-01
2.847749e-01
0
4.599151e-02
0
3.992128e-01
0
4.411987e-01
5.294252e-01
5.904673e-01
1.077115e-01
0
0
2.840925e-01
1.757856e-01
5.044478e-02
0
0
0
4.011822e-01
2.932342e-01
3.043257e-01
5.196901e-02
1.652144e-02
0
0
0
1.920403e-01
0
0
6.304990e-02
7.754420e-02
1.045679e-02
1.242831e-01
1.067570e-01
0
0
2.786328e-01
9.093467e-02
2.700306e-01
3.502433e-01
6.390786e-02
2.193053e-01
2.226471e-01
2.277841e-01
1.461360e-01
2.386004e-01
1.881592e-01
4.266569e-02
0
0
0
0
0
0
4.346624e-03
0
0
0
0
2.275708e-02
2.694479e-01
0
0
0
2.144318e-01
0
0
0
7.100986e-01
1
4.480030e-01
2.810197e-01
2.464956e-01
0
1.886195e-01
0
1.846607e-01
0
0
1.766280e-01
0
0
0
2.909801e-03
3.352376e-01
1.263037e-01
0
0
0
0
0
0
0
0
0
0
8.691384e-02
0
3.802284e-01
2.354702e-02
0
1.267555e-01
1.060614e-01
9.327310e-03
4.077637e-01
5.800109e-02
4.328525e-01
1.916898e-01
0
0
0
1.006755e-01
0
5.867684e-02
0
1.921680e-01
0
3.623535e-01
0
4.658530e-03
0
0
8.771282e-01
6.217242e-01
3.379888e-01
3.575459e-01
0
0
0
0
0
0
0
7.295089e-03
6.982174e-01
6.927511e-01
0
0
1.444804e-01
7.615038e-02
0
0
1.192482e-01
0
0
8.552348e-03
0
0
2.320944e-01
2.261003e-01
0
1.264677e-01
3.302439e-01
8.358709e-02
2.670867e-01
1.501122e-01
0
0
1.140574e-01
0
1.520830e-01
8.765884e-02
6.618703e-01
6.331012e-01
2.657392e-01
2.376966e-01
5.156240e-01
1.921889e-02
5.408733e-01
3.293727e-01
0
0
0
0
4.121674e-01
1.932419e-01
0
0
0
0
0
0
0
0
6.556298e-01
4.480030e-01
1
3.567549e-02
4.383412e-01
2.069245e-01
0
0
3.116646e-01
0
0
0
0
0
0
0
2.742790e-01
5.281689e-01
8.039030e-02
2.200122e-01
2.725930e-01
2.524198e-01
0
0
0
0
1.934655e-01
6.217461e-02
4.421282e-01
0
3.094314e-01
2.445848e-01
4.008971e-01
6.790096e-01
1.981670e-01
0
2.673687e-01
3.073676e-01
0
4.253066e-01
5.538781e-02
1.027828e-01
1.095178e-01
3.424109e-01
0
1.036576e-01
2.764009e-01
4.360239e-01
3.807546e-01
2.129104e-01
4.273333e-01
3.935372e-01
5.033894e-01
6.021751e-01
1.104288e-01
3.204822e-01
4.502087e-01
2.659615e-01
2.703263e-02
2.190090e-01
9.469456e-02
2.621800e-01
1.564095e-01
0
8.931804e-02
1.148247e-01
2.748149e-01
1.899360e-01
4.467486e-02
0
2.050301e-01
1.609960e-01
0
0
0
1.685775e-01
1.200282e-01
2.152914e-01
8.573074e-02
2.767703e-01
0
0
0
0
0
0
0
0
0
0
0
0
0
0
0
1.081826e-02
0
0
0
3.594411e-01
0
5.524262e-02
1.282741e-01
4.726820e-01
0
0
8.469421e-02
3.737186e-01
0
2.052849e-01
0
1.248549e-01
0
0
0
0
1.795934e-01
2.810197e-01
3.567549e-02
1
8.169307e-02
2.776088e-01
2.417517e-01
5.819460e-01
0
2.116999e-01
2.430352e-01
1.977475e-01
1.575598e-01
0
2.119494e-01
0
0
6.353122e-02
0
4.212168e-01
0
0
0
0
0
0
0
0
0
7.419342e-02
1.863730e-01
5.059625e-02
1.066255e-01
7.364704e-02
1.733241e-01
1.970891e-01
0
0
3.725435e-01
6.304820e-02
0
1.259170e-01
0
0
0
0
7.613100e-02
0
0
0
0
5.071608e-02
3.665983e-01
1.951492e-01
4.240980e-01
1.178605e-01
1.932315e-01
5.938218e-01
0
0
0
1.337682e-01
0
2.531898e-01
0
1.398370e-01
6.114693e-01
6.461313e-01
4.334776e-01
4.457418e-01
1.418298e-01
0
0
0
3.220389e-01
5.129708e-01
4.822205e-01
3.797008e-01
5.281248e-03
0
0
7.217193e-03
1.798240e-01
1.385090e-01
0
0
0
0
0
0
0
0
0
0
2.475055e-02
2.630870e-01
0
0
1.449044e-01
1.841121e-01
4.510095e-01
6.148822e-01
0
0
0
0
2.524906e-01
6.337354e-02
0
0
0
0
0
0
0
0
2.399946e-01
2.464956e-01
4.383412e-01
8.169307e-02
1
5.647065e-01
2.214264e-03
0
7.228151e-01
3.092830e-01
7.904289e-02
0
0
0
0
0
3.088065e-01
4.694619e-01
1.690471e-01
0
0
0
0
0
0
0
0
4.574240e-01
9.385341e-02
0
2.048487e-01
6.707264e-01
3.991427e-01
1.896221e-01
0
0
3.697802e-01
5.615076e-01
3.281159e-01
7.760757e-02
0
4.003319e-01
0
1.212714e-01
0
4.922080e-01
0
1.581510e-01
0
3.151933e-01
8.089921e-02
4.489158e-01
2.222909e-01
4.494523e-01
2.483021e-01
7.638058e-02
0
2.717513e-01
0
0
0
0
0
6.362269e-02
0
4.277818e-02
3.757266e-01
3.838843e-01
0
1.311809e-01
1.084614e-01
1.032785e-01
0
0
0
2.065365e-01
2.912465e-01
6.466706e-02
0
7.278021e-03
0
0
1.182485e-01
6.931934e-02
0
0
0
0
0
0
0
0
0
0
7.800903e-03
2.201334e-01
4.820146e-02
1.801855e-01
3.847660e-01
4.729720e-01
3.492864e-01
6.549018e-01
0
0
0
7.044756e-02
2.647085e-01
0
0
0
0
0
0
0
3.495245e-01
3.010943e-01
0
0
2.069245e-01
2.776088e-01
5.647065e-01
1
0
8.755039e-02
3.869290e-01
6.959435e-01
2.257074e-01
0
1.983240e-02
0
0
0
0
3.369075e-01
0
3.291245e-01
7.410948e-02
0
0
0
0
0
0
1.605603e-01
0
1.629496e-01
5.702132e-02
6.131608e-01
4.839430e-01
2.034718e-01
0
0
0
2.537832e-01
0
0
7.137783e-01
0
4.494509e-01
2.749334e-01
6.117432e-01
0
5.072304e-01
2.037939e-01
6.012522e-01
0
4.197955e-01
0
5.934380e-01
3.161846e-01
0
0
1.001259e-01
4.489394e-02
0
0
8.248764e-01
6.971947e-01
5.052029e-01
3.002800e-01
1.766600e-01
0
0
0
4.401170e-01
2.161793e-01
0
0
4.368987e-01
2.895778e-01
1.433689e-01
1.167500e-01
4.028773e-01
1.927568e-01
3.967901e-01
0
0
0
0
0
0
0
0
0
0
2.058574e-01
4.033736e-02
2.849926e-01
0
0
0
0
0
0
0
3.913291e-02
0
0
8.572538e-01
4.726742e-01
1.942515e-01
0
0
1.102601e-01
2.481304e-01
0
2.688631e-01
0
7.092886e-02
0
0
0
0
1.886195e-01
0
2.417517e-01
2.214264e-03
0
1
5.750848e-01
0
1.182877e-01
3.970737e-01
3.969665e-01
7.229644e-02
4.156196e-01
4.441788e-01
4.158802e-01
0
0
0
0
0
0
0
4.121802e-01
0
0
0
1.132866e-01
0
0
0
0
0
0
0
0
0
0
0
1.075047e-01
1.386328e-01
3.305633e-01
3.650639e-01
4.474570e-01
1.389588e-01
1.922724e-01
1.758294e-01
4.564370e-01
3.406379e-01
1.450244e-01
4.578217e-01
4.432943e-01
3.807780e-01
6.215619e-01
0
0
9.764018e-02
1.054457e-01
2.498301e-01
3.894131e-01
3.936828e-01
5.366395e-01
5.401208e-01
3.630760e-01
4.236935e-01
3.286190e-01
0
0
1.518171e-01
0
0
0
3.280393e-01
3.833780e-01
0
0
1.764780e-01
0
0
0
0
0
0
0
0
0
0
0
0
1.422625e-03
0
1.391876e-02
0
0
0
0
0
0
0
6.234812e-01
0
0
5.764310e-01
8.807646e-01
6.389869e-02
1.187694e-01
0
2.007381e-01
8.476993e-03
3.099244e-01
7.216748e-02
5.227319e-02
0
0
0
1.239454e-02
0
0
0
5.819460e-01
0
8.755039e-02
5.750848e-01
1
0
2.172729e-01
4.072836e-01
5.302686e-01
5.295274e-01
1.411863e-01
5.723914e-01
1.469658e-01
0
0
0
3.414246e-01
0
0
2.819476e-01
2.212190e-01
1.435536e-01
0
0
0
0
0
0
0
8.913422e-02
0
0
3.240710e-01
0
0
4.098007e-01
0
0
0
0
0
0
1.607446e-01
2.034836e-01
0
0
1.911336e-01
0
2.675138e-01
1.960530e-01
5.437576e-02
1.993392e-01
0
1.103966e-01
4.974459e-01
0
0
0
4.035337e-02
0
1.787042e-01
4.831789e-02
7.225483e-02
4.600157e-01
4.807794e-01
2.013318e-01
1.442793e-01
0
0
0
0
2.712188e-01
3.340890e-01
3.144209e-01
3.547584e-01
0
1.193372e-02
0
3.208102e-02
9.882758e-02
1.442927e-01
0
0
0
0
0
0
0
0
0
2.002574e-03
1.439214e-01
2.037300e-01
0
0
1.135902e-01
1.626404e-01
3.713708e-01
4.564473e-01
0
0
0
0
3.624963e-01
1.517824e-01
0
0
1.725792e-02
1.050244e-01
1.829611e-01
1.749332e-01
0
0
1.749130e-01
1.846607e-01
3.116646e-01
0
7.228151e-01
3.869290e-01
0
0
1
3.317890e-01
6.915201e-02
5.948028e-03
0
0
0
0
3.871260e-01
5.866331e-01
8.231797e-02
0
0
0
0
0
0
0
0
1.949235e-01
4.711097e-01
0
4.001582e-01
6.130049e-01
2.912151e-01
8.723047e-02
0
0
5.348431e-01
4.231722e-01
0
0
0
6.191623e-02
0
1.453409e-02
0
3.759616e-01
1.397770e-01
8.989929e-02
0
2.233026e-01
2.405540e-01
6.723828e-01
1.893914e-01
5.567467e-01
0
0
0
2.938506e-01
0
0
0
4.007464e-02
0
0
0
0
5.696508e-02
4.455458e-02
0
0
0
0
0
1.162798e-01
1.160021e-01
3.200165e-01
3.497258e-01
2.789153e-01
1.352288e-01
0
0
0
1.336914e-01
1.523198e-01
0
0
0
0
0
0
0
0
0
0
0
0
0
0
1.646907e-01
3.743560e-01
1.850259e-01
3.909548e-01
1.434564e-02
1.533724e-01
2.356752e-01
3.618984e-01
3.582181e-01
3.057361e-01
0
0
0
6.355553e-02
0
0
4.383332e-01
2.129933e-01
0
0
0
2.116999e-01
3.092830e-01
6.959435e-01
1.182877e-01
2.172729e-01
3.317890e-01
1
2.063133e-01
0
1.621688e-01
0
2.845475e-01
0
0
3.945202e-01
2.024195e-02
3.497627e-01
0
0
0
0
0
7.893704e-02
0
1.590160e-01
1.854221e-01
3.602069e-01
1.168845e-01
4.021750e-01
2.557114e-01
0
0
0
0
2.348568e-01
7.266408e-02
1.101174e-01
4.200411e-02
6.895618e-02
2.815352e-02
0
1.204181e-02
0
1.278209e-01
7.611610e-02
2.666410e-01
1.184020e-02
3.679273e-01
1.081305e-01
2.436331e-01
0
0
0
0
0
0
0
3.947829e-02
0
1.274677e-01
0
0
0
0
0
1.366342e-01
0
0
0
2.496413e-01
1.802319e-01
1.289164e-01
4.985244e-02
5.342397e-01
3.213085e-01
2.349551e-01
1.519258e-01
0
0
0
0
0
0
0
0
2.060440e-01
3.126587e-01
3.644788e-01
3.578962e-01
1.514391e-01
9.008684e-02
7.659795e-02
0
2.031825e-01
1.366755e-01
2.951422e-02
2.359585e-01
0
5.814607e-02
2.258560e-01
2.933166e-01
0
0
2.946115e-02
0
0
0
8.808378e-02
1.718113e-01
0
7.830105e-02
8.423237e-02
1.275895e-02
0
0
0
2.430352e-01
7.904289e-02
2.257074e-01
3.970737e-01
4.072836e-01
6.915201e-02
2.063133e-01
1
4.554866e-01
0
1.447095e-01
0
2.047589e-01
0
4.987946e-02
6.847506e-02
5.949286e-02
0
1.379764e-01
0
1.798625e-01
0
5.216853e-02
0
0
0
0
1.328901e-01
2.833555e-01
2.959942e-01
0
0
0
0
0
9.349502e-02
3.442411e-01
1.955847e-01
0
3.493993e-01
4.041706e-01
3.235081e-02
0
2.683973e-01
4.114687e-01
3.418576e-01
2.229843e-01
3.396831e-01
1.835332e-01
2.019599e-01
4.201507e-02
0
5.796487e-02
1.332618e-01
0
2.343665e-02
2.938611e-01
3.627529e-01
2.500941e-01
5.535874e-01
2.416747e-01
4.270280e-01
3.528371e-01
0
4.475084e-03
1.470624e-01
0
0
0
1.215627e-01
0
0
0
6.763249e-02
2.200956e-01
0
0
0
0
0
0
0
0
0
0
1.686927e-01
2.924530e-01
4.336314e-01
4.819327e-01
0
3.913518e-02
2.712382e-02
1.240780e-01
0
0
0
3.393559e-01
0
0
2.787246e-01
6.114463e-01
0
0
0
8.309105e-02
4.188719e-02
0
0
0
0
0
0
0
0
1.766280e-01
0
1.977475e-01
0
0
3.969665e-01
5.302686e-01
5.948028e-03
0
4.554866e-01
1
2.920912e-02
1.549170e-01
1.239466e-01
2.533258e-01
0
3.201217e-02
3.628927e-03
8.997850e-02
0
0
2.977844e-02
1.309297e-01
0
0
0
0
0
0
1.471336e-01
7.426671e-03
2.610679e-01
0
4.386733e-02
3.588766e-01
0
0
0
0
0
3.459256e-01
1.644627e-01
3.490360e-01
0
3.098404e-01
0
4.088186e-01
0
7.665928e-02
1.400857e-02
2.128109e-01
0
3.521774e-01
0
7.940480e-02
0
1.860372e-01
5.453120e-01
3.580905e-01
4.796751e-02
2.317881e-01
4.233891e-01
2.650994e-01
4.989229e-01
4.347743e-01
0
0
0
0
2.694304e-03
2.452189e-02
3.879875e-01
5.621543e-01
0
0
5.851646e-02
0
5.423027e-02
0
0
0
0
0
0
0
0
0
0
0
0
0
0
0
8.221717e-03
1.876986e-02
9.357469e-02
2.014258e-01
0
5.311898e-01
0
0
3.082343e-01
4.797624e-01
3.570466e-01
4.073581e-01
2.520121e-01
3.403043e-01
0
1.552414e-01
3.755689e-02
4.925785e-02
0
0
3.175811e-01
4.823470e-01
0
0
0
1.575598e-01
0
1.983240e-02
7.229644e-02
5.295274e-01
0
1.621688e-01
0
2.920912e-02
1
3.677142e-01
5.937108e-01
5.174255e-02
0
0
0
4.348224e-01
2.018495e-01
5.901875e-02
7.865943e-01
2.451248e-01
7.325796e-01
3.679352e-01
3.190281e-01
0
0
3.502500e-01
0
0
3.363117e-02
0
3.775863e-02
3.803621e-01
0
0
0
0
3.149238e-01
0
3.697700e-01
1.324321e-01
5.583863e-01
0
3.812305e-01
2.632641e-01
3.343531e-01
0
4.728269e-01
0
1.768425e-01
0
0
0
0
0
0
4.932231e-02
3.507642e-01
5.286761e-02
4.831634e-01
0
2.947239e-01
0
0
0
0
0
0
0
7.704131e-01
6.819397e-01
2.439720e-01
1.768244e-03
1.601755e-01
0
5.564564e-01
2.574012e-01
0
0
0
0
0
0
0
0
7.264848e-02
2.241219e-01
0
3.879231e-01
0
0
0
0
0
0
0
0
0
0
6.150802e-01
2.902255e-01
3.132138e-01
6.524266e-02
0
8.180355e-02
2.980013e-01
1.446354e-02
1.262407e-01
4.476377e-02
0
0
2.073853e-01
0
0
0
0
0
0
0
4.156196e-01
1.411863e-01
0
0
1.447095e-01
1.549170e-01
3.677142e-01
1
4.745593e-01
8.005778e-01
0
0
1.717953e-01
0
0
1.936877e-01
2.428188e-01
8.388218e-01
1.301200e-01
2.474202e-01
0
0
0
1.721521e-01
0
0
0
0
9.838349e-02
0
0
0
0
0
1.962974e-01
2.588750e-01
5.157553e-01
4.693186e-01
3.516305e-01
8.799705e-02
4.351588e-01
3.794679e-01
0
0
2.048942e-01
3.127562e-01
3.496673e-01
5.597007e-01
0
0
0
1.484174e-03
3.426684e-01
3.028826e-01
4.388724e-01
5.943735e-01
5.037177e-01
5.315444e-01
5.490742e-01
3.742657e-01
0
0
0
4.902033e-02
0
0
4.965412e-01
5.574853e-01
0
1.107101e-01
0
0
1.207520e-01
0
0
0
0
0
0
0
0
0
0
0
0
0
0
0
0
0
0
0
0
2.220980e-01
0
0
6.348442e-01
5.619350e-01
4.356710e-01
2.826178e-01
0
1.973897e-01
1.614534e-01
3.504348e-01
0
0
0
0
4.021483e-02
0
0
0
0
2.119494e-01
0
0
4.441788e-01
5.723914e-01
0
2.845475e-01
0
1.239466e-01
5.937108e-01
4.745593e-01
1
4.079138e-01
0
0
0
1.806372e-01
0
0
3.936965e-01
5.989915e-01
1.366483e-01
2.809877e-01
1.223032e-01
0
0
5.371718e-02
0
0
0
0
0
2.713891e-01
0
0
0
0
3.639289e-01
0
5.238881e-01
5.730561e-02
5.174496e-01
0
5.113434e-01
1.384420e-01
3.667376e-01
0
5.830351e-01
0
3.522548e-01
0
0
0
0
0
0
1.696243e-01
4.348592e-01
9.682127e-02
5.411115e-01
8.810545e-02
3.021095e-01
0
0
0
0
0
0
0
7.311281e-01
6.372379e-01
1.926166e-01
1.383843e-01
1.520465e-01
1.907400e-01
4.385388e-01
3.595877e-01
0
0
0
0
0
3.896774e-02
0
0
6.324955e-02
2.712279e-01
0
4.703632e-01
0
2.061238e-01
0
0
0
0
0
0
0
0
6.083630e-01
4.031698e-01
1.236552e-01
0
0
3.296520e-03
3.567365e-01
2.124943e-01
1.128371e-01
1.294508e-02
0
0
0
0
0
2.909801e-03
0
0
0
0
4.158802e-01
1.469658e-01
0
0
2.047589e-01
2.533258e-01
5.174255e-02
8.005778e-01
4.079138e-01
1.000000e+00
1.027603e-01
0
2.656858e-01
0
0
4.893076e-02
0
8.645942e-01
0
1.077444e-01
0
0
0
1.173661e-01
0
0
0
0
2.594328e-01
0
0
0
0
0
8.298610e-02
0
0
0
0
0
3.057588e-01
0
0
0
0
0
2.994117e-02
0
1.263604e-01
0
8.022462e-02
2.566568e-01
0
0
1.552656e-01
8.386960e-02
0
0
0
0
3.631023e-01
3.320779e-01
1.222901e-01
0
0
1.695284e-03
0
0
6.245797e-01
5.272291e-01
1.039581e-01
6.201831e-01
4.441499e-01
1.631300e-01
1.771560e-01
2.364614e-01
4.325111e-02
2.361274e-01
2.683215e-01
1.627143e-01
2.646824e-02
1.659588e-01
0
0
0
1.833049e-01
2.807052e-02
2.096872e-01
2.050250e-02
0
0
0
0
0
1.134907e-01
0
0
0
0
0
2.770065e-01
3.391535e-01
0
0
1.599552e-01
2.233809e-01
3.863296e-01
3.429134e-01
0
0
1.221658e-01
3.352376e-01
2.742790e-01
0
3.088065e-01
0
0
0
3.871260e-01
0
0
0
0
0
0
1.027603e-01
1.000000e+00
5.858490e-01
4.801950e-01
0
0
0
0
0
0
0
1.806731e-01
2.622323e-01
5.683209e-01
5.873681e-02
2.462998e-01
1.209801e-01
0
1.578376e-01
1.530977e-02
0
4.918171e-01
2.046712e-01
1.161586e-01
0
0
0
0
5.039633e-02
0
2.242883e-01
4.372775e-02
1.353816e-02
0
3.139478e-01
0
3.888513e-01
0
0
4.205234e-01
1.728858e-01
4.744304e-02
4.717104e-01
0
0
0
0
0
0
0
5.538759e-02
5.546654e-01
5.965782e-01
0
0
0
1.919896e-01
0
0
4.742757e-01
5.401953e-01
2.247537e-01
5.328534e-01
1.931338e-01
1.412582e-01
0
0
0
4.229426e-02
0
0
0
0
0
0
0
0
0
0
3.791670e-01
3.625191e-01
0
4.213016e-02
8.812650e-02
1.985915e-01
3.462510e-01
3.133226e-01
0
0
0
0
6.806007e-01
5.541633e-01
0
0
0
2.145258e-01
0
0
0
0
2.088852e-01
1.263037e-01
5.281689e-01
6.353122e-02
4.694619e-01
3.369075e-01
0
0
5.866331e-01
3.945202e-01
4.987946e-02
3.201217e-02
0
0
0
0
5.858490e-01
1.000000e+00
2.110012e-01
4.066260e-01
0
0
0
0
0
0
1.357018e-01
2.144970e-01
6.815535e-01
2.536722e-01
3.189367e-01
4.291980e-01
6.123311e-01
2.903948e-01
0
0
4.725073e-01
3.990450e-01
2.382348e-01
1.008946e-01
0
0
0
0
0
0
0
0
1.083374e-02
0
7.795726e-02
0
0
0
5.926686e-03
0
0
0
0
0
0
0
0
0
0
0
2.487734e-01
2.368149e-01
0
0
6.973608e-02
5.884559e-02
1.576486e-01
1.553789e-01
4.454966e-01
4.400388e-01
2.847592e-01
4.893987e-01
3.918321e-01
2.742217e-01
2.240742e-01
2.768517e-01
8.159148e-02
1.497826e-01
2.267343e-01
2.452157e-01
1.108252e-01
5.283134e-02
1.275484e-01
9.280586e-02
7.613451e-02
2.589533e-01
2.495065e-01
2.945716e-01
0
2.469783e-03
0
0
0
0
5.342070e-02
0
0
0
1.673466e-02
8.903668e-02
1.617228e-01
0
0
0
0
2.057277e-01
2.010716e-03
6.753322e-02
1.541821e-01
0
0
0
8.039030e-02
0
1.690471e-01
0
0
0
8.231797e-02
2.024195e-02
6.847506e-02
3.628927e-03
0
1.717953e-01
0
2.656858e-01
4.801950e-01
2.110012e-01
1
0
1.587927e-01
2.942068e-01
0
1.719301e-01
0
1.594276e-01
0
2.190897e-01
2.036251e-01
2.850844e-01
3.754531e-02
3.076258e-01
2.254171e-01
2.323754e-01
1.162060e-01
0
0
0
0
1.096915e-01
0
7.764871e-02
0
3.003824e-01
0
4.425183e-01
0
4.177147e-01
0
4.602715e-01
9.723611e-02
4.596511e-01
0
2.417034e-01
1.751365e-01
2.748331e-01
6.869515e-02
2.270096e-01
0
0
0
0
0
0
0
1.227453e-01
1.646259e-01
1.957966e-01
0
0
0
2.055064e-01
0
3.893519e-02
0
1.493495e-01
0
0
0
0
0
0
0
0
0
0
0
0
0
0
0
0
0
0
3.282406e-01
3.085663e-01
1.032251e-01
2.142713e-01
1.543827e-01
5.251635e-01
1.538998e-02
1.652098e-01
0
3.328340e-01
0
1.098670e-01
4.904591e-01
6.080395e-01
0
0
0
1.412445e-01
0
0
0
1.662040e-01
1.616651e-01
0
2.200122e-01
4.212168e-01
0
3.291245e-01
0
3.414246e-01
0
3.497627e-01
5.949286e-02
8.997850e-02
4.348224e-01
0
1.806372e-01
0
0
4.066260e-01
0
1
1.817882e-02
1.383427e-01
9.502089e-02
0
4.456421e-02
0
3.351650e-01
0
1.359558e-01
4.224749e-01
3.731501e-02
1.895082e-01
4.842307e-01
2.782310e-01
7.097703e-02
4.045137e-01
0
0
2.169593e-01
0
0
7.627325e-02
0
0
0
9.897246e-02
0
0
0
3.287392e-02
0
0
0
0
2.997591e-01
2.023415e-01
0
0
1.469621e-01
0
0
0
0
0
0
0
1.495362e-01
2.578754e-03
0
0
4.763745e-01
3.093284e-01
0
5.566917e-02
0
0
0
0
0
0
5.399559e-01
4.713327e-01
4.411326e-01
4.342214e-01
5.067517e-01
5.155284e-01
5.453463e-01
3.723535e-01
3.544568e-01
5.544996e-02
1.657077e-01
0
3.768877e-01
1.332051e-01
4.343265e-01
3.623609e-01
6.955398e-01
5.956272e-01
5.605989e-01
0
4.098021e-01
2.399245e-01
0
0
2.505236e-01
3.238269e-01
1.939209e-01
0
0
0
0
2.805235e-02
2.863068e-02
0
4.648663e-01
5.752152e-01
1.494361e-01
0
2.725930e-01
0
0
7.410948e-02
0
0
0
0
0
0
2.018495e-01
0
0
0
0
0
1.587927e-01
1.817882e-02
1
6.216196e-01
3.762024e-01
0
5.620520e-01
3.736153e-01
2.551652e-01
2.468623e-02
1.630793e-01
3.761078e-01
0
0
0
6.065580e-01
2.737322e-01
2.551695e-03
0
0
2.921124e-01
2.722965e-01
0
0
0
0
0
9.646965e-02
0
5.982997e-03
0
1.872753e-01
1.176727e-01
0
0
0
1.991522e-01
2.606839e-01
0
0
0
0
0
0
0
0
0
0
1.312683e-01
0
0
0
3.875467e-01
2.680971e-01
3.694105e-02
2.842529e-02
0
0
0
0
0
8.727101e-02
2.554526e-01
1.942161e-01
0
1.819792e-02
3.003656e-01
2.992412e-01
3.808351e-01
2.503914e-01
4.015168e-01
2.484275e-01
2.430967e-01
1.260034e-01
3.018905e-01
2.687133e-01
4.590284e-01
3.783434e-01
4.976928e-01
5.360931e-01
4.256740e-01
0
8.157848e-02
6.543168e-02
0
0
0
6.864002e-02
1.787267e-01
0
0
0
0
1.199820e-02
0
0
1.530738e-01
3.708270e-01
1.976301e-01
0
2.524198e-01
0
0
0
0
0
0
0
1.379764e-01
0
5.901875e-02
1.936877e-01
0
4.893076e-02
0
0
2.942068e-01
1.383427e-01
6.216196e-01
1.000000e+00
3.029573e-01
9.422497e-02
4.241570e-01
3.173591e-01
1.929861e-01
0
5.517800e-02
2.034966e-01
1.130356e-01
0
1.028566e-01
4.287343e-01
3.804182e-01
2.741587e-01
0
0
0
0
0
4.739954e-01
1.747227e-01
1.763336e-01
0
3.495825e-01
0
2.625819e-01
0
1.280017e-01
0
3.531720e-02
0
1.137335e-01
0
6.006552e-02
0
9.885844e-03
5.038117e-01
2.125030e-01
0
5.183629e-02
3.802344e-01
3.301320e-01
4.437734e-01
4.586439e-01
0
0
0
4.979623e-02
4.037308e-02
0
2.573786e-01
3.937209e-01
0
0
0
0
0
0
0
0
4.498206e-02
0
0
0
0
0
0
0
0
0
0
0
1.543662e-01
1.605198e-01
3.933165e-01
4.581260e-01
2.099030e-02
4.197540e-01
0
5.387026e-02
1.013523e-01
2.642705e-01
3.504115e-01
4.029956e-01
9.823423e-02
3.408620e-03
0
0
0
0
0
0
3.030843e-01
6.679955e-01
0
0
0
0
0
0
0
2.819476e-01
0
0
0
2.977844e-02
7.865943e-01
2.428188e-01
3.936965e-01
0
0
0
0
9.502089e-02
3.762024e-01
3.029573e-01
1.000000e+00
2.065022e-01
8.768730e-01
6.414766e-01
4.508733e-01
0
0
1.020013e-01
0
0
8.071064e-02
0
0
3.621182e-01
0
0
0
0
3.203210e-01
0
4.948167e-01
0
5.940929e-01
0
4.386866e-01
8.882972e-02
1.206897e-01
0
4.782311e-01
0
2.599003e-01
0
0
0
0
0
0
4.934346e-02
3.475663e-01
1.337819e-01
4.590167e-01
1.482156e-01
3.087917e-01
0
0
0
0
0
0
0
7.648666e-01
7.121487e-01
8.809578e-02
1.002459e-01
1.459983e-01
0
4.160370e-01
3.000330e-01
0
0
0
0
0
5.810076e-02
0
0
3.496502e-02
2.416760e-01
0
2.435415e-01
0
1.126969e-01
0
0
0
0
0
0
0
0
6.576462e-01
4.084926e-01
4.255216e-01
2.169621e-01
0
4.781809e-02
3.163854e-01
1.967169e-01
1.748632e-01
4.395211e-02
0
0
1.211688e-01
0
0
0
0
0
0
0
4.121802e-01
2.212190e-01
0
0
1.798625e-01
1.309297e-01
2.451248e-01
8.388218e-01
5.989915e-01
8.645942e-01
0
0
1.719301e-01
0
0
9.422497e-02
2.065022e-01
1
7.516581e-02
4.584760e-01
0
0
0
1.238523e-01
0
0
0
0
5.810524e-02
1.016223e-01
0
0
0
0
0
4.072233e-01
4.200650e-02
0
0
3.693841e-01
0
5.683673e-02
0
1.084815e-01
0
0
0
5.667781e-02
0
6.205849e-02
0
1.173275e-01
5.508134e-01
2.107930e-01
0
0
2.009973e-01
1.039495e-01
3.116953e-01
3.160392e-01
0
0
0
3.792756e-02
4.142014e-01
2.140116e-01
1.867484e-01
3.491138e-01
0
0
9.928583e-02
0
0
0
0
0
1.456174e-01
0
0
0
0
0
0
0
0
0
0
0
1.261965e-01
2.234229e-01
4.180185e-01
5.793447e-01
1.847673e-01
3.782141e-01
4.067781e-02
2.315001e-01
0
1.222421e-01
3.705353e-01
4.973097e-01
2.661757e-01
3.692140e-02
0
5.284427e-02
1.032005e-01
0
0
0
4.294921e-01
7.344481e-01
0
0
0
0
0
0
0
1.435536e-01
0
0
0
0
7.325796e-01
1.301200e-01
1.366483e-01
0
0
0
0
4.456421e-02
5.620520e-01
4.241570e-01
8.768730e-01
7.516581e-02
1.000000e+00
6.713855e-01
3.485178e-01
0
0
3.136517e-01
0
0
1.725721e-02
1.023848e-01
7.328253e-02
2.316474e-01
0
0
0
0
0
3.257532e-01
1.414384e-01
0
1.080563e-01
1.643239e-01
0
0
0
0
0
0
0
0
0
0
0
0
1.799933e-01
0
0
0
3.589987e-02
1.992793e-01
1.529343e-01
7.934880e-02
0
0
1.922411e-02
2.589576e-01
2.022078e-01
0
3.642102e-01
4.477359e-01
0
0
1.710925e-01
0
4.610421e-02
0
1.296637e-01
1.304481e-01
4.960285e-01
3.017355e-01
0
2.244739e-01
9.077412e-02
0
0
0
0
0
0
0
0
0
2.803820e-01
2.171151e-01
0
8.214710e-02
0
1.539420e-01
9.058303e-02
0
6.578841e-01
6.108900e-01
0
0
0
0
1.309577e-02
0
0
0
5.490555e-01
5.751157e-01
0
0
0
0
0
0
0
0
0
7.893704e-02
5.216853e-02
0
3.679352e-01
2.474202e-01
2.809877e-01
1.077444e-01
0
0
1.594276e-01
0
3.736153e-01
3.173591e-01
6.414766e-01
4.584760e-01
6.713855e-01
1
2.011112e-01
1.249619e-01
0
1.951605e-01
0
0
0
0
0
5.506327e-02
0
0
0
0
0
4.582368e-02
0
0
0
1.176618e-01
0
0
0
2.037588e-01
0
0
0
0
1.424698e-01
2.524233e-01
1.604843e-01
2.245738e-01
2.316498e-01
1.627368e-02
0
0
0
0
0
2.273079e-01
0
1.146719e-01
0
0
4.462610e-02
2.839019e-01
0
0
0
0
0
0
0
0
1.263925e-01
8.642467e-02
1.150986e-01
2.683080e-01
1.550322e-01
1.308922e-01
9.810082e-02
1.141569e-01
0
0
0
0
0
0
3.048319e-01
3.712762e-01
3.504238e-01
3.538601e-01
0
3.092141e-02
2.925831e-01
1.052699e-01
0
0
1.448383e-01
3.079971e-01
3.660891e-01
4.126937e-01
0
0
0
0
0
0
0
3.005417e-01
2.894216e-01
0
1.934655e-01
0
0
0
0
0
0
0
0
0
3.190281e-01
0
1.223032e-01
0
1.806731e-01
1.357018e-01
0
3.351650e-01
2.551652e-01
1.929861e-01
4.508733e-01
0
3.485178e-01
2.011112e-01
1.000000e+00
0
2.233147e-01
2.245049e-01
1.299035e-01
0
1.134002e-01
1.092315e-01
0
6.458817e-01
3.267662e-01
1.146816e-01
3.654019e-02
0
7.416188e-02
1.802948e-01
0
0
0
0
0
0
0
0
0
0
0
0
0
0
0
9.429261e-02
0
0
8.528763e-02
5.352862e-02
0
1.668773e-01
0
0
6.895861e-03
8.463284e-02
2.413222e-01
4.878393e-01
0
0
0
0
2.317353e-01
2.615368e-01
2.081941e-01
1.517288e-01
7.471125e-02
0
2.820483e-01
3.698836e-01
5.398212e-01
4.415374e-01
1.725179e-01
2.325659e-01
1.276588e-01
6.674493e-02
0
0
0
0
9.835555e-02
8.337897e-02
0
0
1.174854e-01
0
1.660646e-01
0
4.825514e-01
2.636383e-01
0
0
2.765435e-01
2.219652e-01
0
0
0
0
0
0
0
0
2.252254e-01
1.424719e-01
0
0
6.217461e-02
0
4.574240e-01
1.605603e-01
1.132866e-01
0
1.949235e-01
1.590160e-01
0
0
0
0
0
0
2.622323e-01
2.144970e-01
2.190897e-01
0
2.468623e-02
0
0
0
0
1.249619e-01
0
1
2.219569e-01
9.697377e-03
0
3.385927e-01
1.702596e-01
0
0
0
2.423029e-01
5.832518e-01
1.258965e-01
0
0
0
0
0
0
0
0
0
0
1.976706e-01
0
1.104986e-01
0
0
1.692894e-01
0
0
1.429254e-01
0
0
0
0
0
0
0
0
3.325183e-01
2.229078e-01
0
0
0
1.046605e-01
0
0
3.868031e-01
6.351361e-02
0
2.869336e-01
1.611591e-01
0
2.948634e-01
3.554648e-01
1.487289e-01
3.818509e-01
3.783551e-01
2.291910e-01
1.705800e-01
3.484056e-01
0
0
1.105864e-02
1.256620e-02
2.386034e-01
2.952670e-01
3.869306e-01
1.489490e-01
2.578352e-01
1.269888e-01
3.219873e-01
0
4.722444e-01
1.177023e-01
0
0
0
0
5.576772e-01
3.647951e-01
0
0
1.412871e-01
2.126804e-01
3.377646e-01
2.863215e-01
6.145338e-02
0
1.688890e-01
8.691384e-02
4.421282e-01
0
9.385341e-02
0
0
0
4.711097e-01
1.854221e-01
0
0
0
0
0
0
5.683209e-01
6.815535e-01
2.036251e-01
1.359558e-01
1.630793e-01
5.517800e-02
0
0
0
0
2.233147e-01
2.219569e-01
1
2.863729e-01
2.963552e-01
1.727797e-01
1.453366e-01
2.352828e-01
0
0
4.829844e-01
3.736252e-01
0
0
0
0
0
0
0
2.409824e-01
0
0
0
7.643318e-02
0
2.042272e-01
0
0
0
0
0
0
0
0
0
0
0
0
0
0
1.099657e-01
0
0
0
3.451944e-01
5.144140e-01
1.720232e-01
4.505223e-01
2.471558e-01
2.219783e-01
7.806476e-02
1.818308e-01
3.416061e-01
4.143089e-01
1.402614e-02
0
1.015992e-01
2.582291e-01
0
1.146719e-02
0
0
0
0
0
0
0
0
0
0
2.349497e-01
3.723743e-01
1.772254e-01
6.992916e-02
6.678699e-02
1.679690e-01
0
0
3.869886e-01
6.546118e-01
5.216628e-01
3.898681e-01
0
6.750451e-02
7.375378e-02
4.274651e-01
0
1.327310e-01
2.991469e-01
3.715143e-01
0
0
0
7.419342e-02
0
1.629496e-01
0
0
0
3.602069e-01
0
0
3.502500e-01
1.721521e-01
5.371718e-02
1.173661e-01
5.873681e-02
2.536722e-01
2.850844e-01
4.224749e-01
3.761078e-01
2.034966e-01
1.020013e-01
1.238523e-01
3.136517e-01
1.951605e-01
2.245049e-01
9.697377e-03
2.863729e-01
1.000000e+00
0
0
1.576528e-01
2.285717e-01
7.448574e-02
0
0
2.314386e-02
3.746794e-01
9.301223e-02
0
0
0
0
0
2.687473e-01
2.443039e-01
9.291472e-02
0
4.644219e-01
1.488290e-02
4.224565e-01
3.773989e-02
6.820909e-02
7.364675e-02
1.205458e-01
9.301189e-02
0
0
0
0
0
0
0
0
0
2.320318e-01
2.914149e-01
0
0
0
0
0
0
0
0
0
2.120070e-01
0
0
2.352289e-01
2.692824e-01
2.143666e-02
2.221072e-01
2.476860e-01
1.778690e-01
2.450394e-01
2.214522e-01
7.559217e-02
0
4.661363e-02
0
2.688197e-01
3.708456e-01
1.492218e-01
1.017316e-01
0
8.643439e-03
3.071603e-02
0
2.471947e-01
2.357108e-01
0
0
0
0
2.421881e-02
6.942107e-03
0
0
0
0
0
3.924866e-02
0
0
3.105865e-01
3.802284e-01
3.094314e-01
1.863730e-01
2.048487e-01
5.702132e-02
0
0
4.001582e-01
1.168845e-01
1.328901e-01
1.471336e-01
0
0
0
0
2.462998e-01
3.189367e-01
3.754531e-02
3.731501e-02
0
1.130356e-01
0
0
0
0
1.299035e-01
0
2.963552e-01
0
1
4.012793e-01
2.254831e-01
0
2.162059e-02
2.753957e-01
5.392053e-01
2.082854e-02
5.858467e-01
8.726620e-02
0
4.022252e-02
0
0
0
2.414596e-01
4.926607e-02
0
0
1.627491e-01
6.790752e-02
2.973536e-01
2.618398e-01
8.740066e-02
8.924848e-02
0
0
1.173349e-01
0
0
0
0
0
5.064257e-02
0
0
3.631910e-01
4.293432e-01
0
1.418329e-01
0
0
0
0
0
2.972197e-01
1.718162e-01
3.227356e-01
0
0
2.063213e-02
1.122753e-01
1.709583e-01
1.947463e-01
0
0
5.870951e-02
0
1.838905e-02
0
4.603914e-02
0
2.708808e-01
2.601631e-01
0
7.640632e-02
0
0
1.652008e-01
2.727804e-01
3.730909e-01
5.048063e-01
0
0
0
0
8.178385e-02
0
0
0
0
0
0
0
0
0
0
2.354702e-02
2.445848e-01
5.059625e-02
6.707264e-01
6.131608e-01
0
0
6.130049e-01
4.021750e-01
2.833555e-01
7.426671e-03
0
0
0
0
1.209801e-01
4.291980e-01
3.076258e-01
1.895082e-01
0
0
0
0
0
0
0
3.385927e-01
1.727797e-01
0
4.012793e-01
1.000000e+00
5.772519e-01
1.574104e-01
0
0
1.524659e-01
1.586641e-01
3.966189e-01
1.965216e-01
0
2.153020e-01
0
1.611173e-01
0
5.644534e-01
0
2.337341e-01
0
5.091292e-01
0
4.496936e-01
0
1.130701e-01
3.954448e-01
1.073579e-01
0
2.768951e-01
0
0
0
0
0
1.438885e-01
8.905321e-02
3.876168e-01
2.849203e-01
5.067529e-01
0
0
0
9.733390e-03
0
0
0
2.737482e-01
2.391703e-01
2.417256e-01
0
0
0
0
0
0
0
0
0
0
0
0
0
0
0
0
3.448415e-01
5.244460e-01
2.275054e-01
4.277556e-01
1.710243e-01
6.915893e-01
3.317100e-01
4.907652e-01
0
1.995943e-01
0
0
4.800553e-01
1.999022e-01
0
0
0
0
0
0
0
1.491608e-01
0
0
4.008971e-01
1.066255e-01
3.991427e-01
4.839430e-01
0
8.913422e-02
2.912151e-01
2.557114e-01
2.959942e-01
2.610679e-01
3.363117e-02
0
0
0
0
6.123311e-01
2.254171e-01
4.842307e-01
0
1.028566e-01
8.071064e-02
0
1.725721e-02
0
1.134002e-01
1.702596e-01
1.453366e-01
1.576528e-01
2.254831e-01
5.772519e-01
1
2.739594e-01
5.821156e-03
0
1.397319e-03
1.367931e-01
3.599514e-01
2.753522e-01
0
0
0
0
0
2.159997e-02
0
0
0
1.044578e-01
0
0
0
0
7.048053e-01
4.835808e-01
4.801707e-02
7.093289e-02
0
0
0
0
0
0
0
3.561276e-02
6.360455e-01
4.937590e-01
0
0
4.886743e-01
2.427737e-01
0
0
8.760587e-02
2.859246e-02
0
0
0
5.937914e-02
2.967221e-01
2.051329e-01
5.562184e-02
1.810793e-01
3.680795e-01
2.275870e-01
3.470289e-01
1.829014e-01
1.325706e-01
0
1.409918e-01
1.530329e-01
2.344293e-01
1.569679e-01
6.554154e-01
5.262462e-01
3.726624e-01
3.216241e-01
3.864830e-01
0
2.882879e-01
2.452889e-01
0
0
0
0
3.831391e-01
9.144031e-02
0
0
0
5.830960e-02
4.935544e-02
0
0
3.036598e-02
4.169392e-01
1.267555e-01
6.790096e-01
7.364704e-02
1.896221e-01
2.034718e-01
0
0
8.723047e-02
0
0
0
0
0
0
0
1.578376e-01
2.903948e-01
2.323754e-01
2.782310e-01
6.065580e-01
4.287343e-01
0
0
1.023848e-01
0
1.092315e-01
0
2.352828e-01
2.285717e-01
0
1.574104e-01
2.739594e-01
1.000000e+00
6.006763e-01
2.021646e-02
0
0
1.579648e-01
1.348792e-01
0
0
1.590542e-01
3.706435e-02
4.541445e-02
0
1.563511e-01
1.940221e-01
4.090227e-01
0
2.095051e-01
0
0
0
1.485774e-01
5.336465e-02
0
0
2.804924e-02
1.715422e-01
0
0
2.255203e-01
0
1.110964e-01
1.754929e-02
1.844010e-02
0
0
0
1.396707e-01
0
3.191959e-01
1.416558e-01
0
0
0
0
0
0
1.764138e-01
5.434542e-02
0
0
2.734890e-01
2.830540e-01
2.903293e-01
1.414666e-01
4.085178e-01
3.921343e-01
3.166351e-01
4.517102e-01
3.426799e-01
4.304701e-01
3.390841e-01
0
1.938338e-01
7.344812e-02
3.029965e-02
0
0
0
4.722662e-02
3.925313e-02
0
0
0
0
4.593065e-01
5.787477e-02
3.541566e-03
0
3.372653e-02
0
0
0
2.408435e-02
1.060614e-01
1.981670e-01
1.733241e-01
0
0
0
0
0
0
0
4.386733e-02
3.775863e-02
9.838349e-02
0
2.594328e-01
1.530977e-02
0
1.162060e-01
7.097703e-02
2.737322e-01
3.804182e-01
0
5.810524e-02
7.328253e-02
0
0
0
0
7.448574e-02
2.162059e-02
0
5.821156e-03
6.006763e-01
1
2.408673e-01
0
0
0
9.153891e-02
0
0
2.704921e-02
2.054758e-01
0
1.355603e-01
0
2.955990e-01
0
3.081693e-01
0
1.880750e-01
0
5.499581e-02
0
2.336197e-01
2.443275e-01
2.762224e-02
3.266324e-01
2.659453e-01
0
6.993370e-02
1.796931e-01
1.603436e-02
2.259495e-01
3.098022e-01
0
0
0
0
0
0
0
0
0
0
0
0
0
0
0
0
0
0
1.073509e-02
0
2.980091e-02
1.014570e-01
1.277654e-01
1.371952e-01
5.612623e-02
0
0
1.287330e-02
1.574870e-01
1.391978e-01
5.693498e-02
7.141808e-02
0
1.896775e-01
0
0
0
3.833344e-01
0
1.740378e-02
6.353823e-02
3.194501e-01
1.003552e-01
1.859923e-01
9.968373e-03
0
0
1.789909e-03
0
0
2.721839e-01
9.327310e-03
0
1.970891e-01
0
0
0
3.240710e-01
0
0
0
3.588766e-01
3.803621e-01
0
2.713891e-01
0
0
0
0
4.045137e-01
2.551695e-03
2.741587e-01
3.621182e-01
1.016223e-01
2.316474e-01
5.506327e-02
6.458817e-01
0
0
0
2.753957e-01
0
0
2.021646e-02
2.408673e-01
1
5.719579e-02
0
0
0
5.509140e-02
9.758684e-03
0
2.857538e-02
0
4.988145e-02
9.227662e-02
0
0
1.327986e-01
0
9.746318e-02
0
0
1.851453e-01
1.403179e-01
3.133858e-01
2.966614e-01
0
0
0
9.967953e-02
0
1.629005e-01
0
2.827688e-02
2.574133e-01
3.108717e-01
1.542835e-01
1.865001e-01
0
1.262638e-01
0
0
1.313890e-01
1.583749e-01
0
1.618965e-01
0
0
2.953689e-01
3.140431e-01
2.700422e-01
4.269003e-01
2.955052e-01
1.917203e-01
1.785424e-01
2.829418e-01
0
0
0
0
0
1.092297e-01
2.107386e-01
1.192973e-01
0
0
0
0
3.584686e-01
2.145946e-01
0
0
0
0
1.252358e-01
1.776780e-01
0
0
0
0
2.050437e-01
1.837476e-01
0
0
4.233571e-01
4.077637e-01
2.673687e-01
0
3.697802e-01
0
0
0
5.348431e-01
0
0
0
0
0
0
0
4.918171e-01
4.725073e-01
0
0
0
0
0
0
0
0
3.267662e-01
2.423029e-01
4.829844e-01
0
5.392053e-01
1.524659e-01
1.397319e-03
0
0
5.719579e-02
1
5.348075e-01
1.748596e-01
0
0
1.509182e-01
0
0
0
4.575181e-02
0
0
0
1.637317e-01
0
3.055944e-02
0
6.102479e-02
2.446187e-01
6.045996e-03
3.409893e-01
5.247758e-01
0
0
0
1.102257e-02
0
0
0
0
4.446827e-01
4.306300e-01
2.274207e-01
2.691438e-01
2.110306e-01
3.302593e-01
0
0
3.499229e-01
2.775900e-01
2.725024e-01
3.073038e-01
3.931902e-02
0
4.127794e-02
1.452982e-01
2.537709e-01
3.163582e-01
0
0
0
0
0
0
0
0
0
0
8.310056e-02
2.932791e-01
1.068527e-01
2.170077e-01
4.554542e-01
0
6.452771e-01
5.859471e-01
0
0
0
9.647753e-02
3.845865e-01
2.127593e-01
0
0
8.406753e-02
7.332977e-02
1.353700e-01
3.015233e-02
0
2.024120e-01
6.209014e-02
5.800109e-02
3.073676e-01
0
5.615076e-01
2.537832e-01
0
0
4.231722e-01
2.348568e-01
0
0
0
0
0
0
2.046712e-01
3.990450e-01
0
0
0
0
0
0
0
0
1.146816e-01
5.832518e-01
3.736252e-01
2.314386e-02
2.082854e-02
1.586641e-01
1.367931e-01
0
0
0
5.348075e-01
1
