1
7.742968e-01
0
1.776219e-01
0
0
0
2.875728e-01
0
0
8.726056e-03
5.019636e-01
4.177235e-02
2.462989e-01
0
9.733371e-02
3.125625e-01
1.475605e-01
2.543010e-01
1.256198e-01
2.023586e-02
1.041033e-01
0
0
0
0
0
4.922650e-02
4.335975e-01
5.326699e-01
0
1.498251e-01
1.244984e-01
1.045067e-01
0
0
0
0
0
4.398874e-02
0
0
1.822962e-01
2.346481e-01
0
7.396703e-02
1.974329e-01
8.169151e-03
2.409874e-01
0
2.316416e-01
0
2.790920e-01
0
3.059991e-01
1.769018e-02
3.373885e-01
5.689697e-01
8.959720e-02
3.414822e-01
3.843450e-01
7.377609e-02
5.466804e-01
6.231965e-01
0
0
0
0
0
0
0
1.145821e-02
0
0
2.160932e-02
6.215319e-02
0
1.558324e-01
0
1.323672e-02
3.034152e-01
2.832117e-01
3.579209e-01
4.431845e-01
0
0
5.132290e-01
1.068405e-02
1.013138e-01
7.374456e-03
0
0
0
0
0
0
9.436451e-02
0
9.811034e-02
2.130199e-02
0
0
0
0
0
0
0
0
2.537202e-01
5.090300e-01
2.572389e-01
2.593214e-01
8.107862e-02
0
3.772921e-02
2.382530e-01
7.742968e-01
1.000000e+00
0
5.467272e-02
0
2.521568e-02
0
2.111857e-01
0
0
1.545040e-01
4.392052e-01
2.450543e-01
1.186714e-01
8.740555e-02
5.771276e-02
4.107758e-01
4.399858e-01
4.468318e-01
2.487582e-01
1.305802e-01
3.589821e-01
0
0
0
0
3.216764e-02
1.978678e-01
5.539739e-01
5.982505e-01
2.030655e-02
0
3.204674e-01
4.140578e-01
0
0
1.973434e-02
1.734407e-01
2.625976e-02
1.605244e-01
0
2.548932e-01
0
0
0
0
0
0
0
0
4.034425e-03
0
1.335810e-01
5.786961e-03
0
0
4.013165e-01
7.170342e-01
0
2.531406e-01
1.708412e-01
1.298101e-01
1.489941e-01
4.179190e-01
0
0
0
0
5.161062e-02
0
0
1.782784e-01
0
2.318640e-01
1.800731e-01
9.709650e-02
0
9.517619e-02
6.077858e-02
1.259641e-01
2.320484e-01
4.761373e-01
2.424421e-01
3.129535e-01
0
1.563106e-02
4.275123e-01
0
1.106925e-01
1.665700e-01
0
0
0
0
0
2.078293e-02
8.279259e-02
0
0
1.242815e-01
0
0
0
0
0
0
0
0
9.143420e-02
2.349527e-01
2.113567e-01
3.063609e-01
8.210546e-02
0
0
1.324451e-01
0
0
1.000000e+00
0
5.601677e-01
1.416807e-01
8.569840e-01
0
6.129239e-01
2.207007e-02
4.670398e-01
0
1.759122e-01
0
5.296824e-01
0
0
0
1.896764e-01
0
0
0
8.005380e-01
5.580902e-01
4.307945e-01
3.274494e-01
1.782231e-01
0
0
0
6.116912e-01
4.406209e-01
0
0
2.579994e-01
0
2.086305e-01
0
1.366648e-01
0
2.439746e-01
3.741373e-03
1.817702e-02
5.011763e-02
3.851557e-03
0
7.425755e-02
9.255465e-02
8.391490e-02
2.177043e-01
3.148088e-02
2.905238e-01
7.315636e-02
2.700446e-01
5.849334e-02
1.773921e-01
0
0
0
0
0
0
0
0
6.379781e-01
0
3.377189e-02
0
0
0
6.370304e-01
6.137981e-02
3.361698e-01
0
3.487013e-01
1.120448e-01
0
0
1.147538e-01
5.488672e-01
0
0
1.054821e-01
0
6.723836e-01
0
1.260317e-01
0
9.893024e-03
1.411407e-01
0
2.838564e-01
1.102459e-01
3.215369e-01
1.715913e-01
0
0
0
0
0
0
3.108269e-01
0
0
0
1.629227e-01
0
0
0
0
0
0
0
0
1.407547e-01
9.605284e-04
1.776219e-01
5.467272e-02
0
1.000000e+00
1.958981e-01
3.127643e-01
0
5.947857e-01
0
9.527377e-02
0
2.259169e-01
0
2.156490e-01
1.263288e-01
4.490123e-01
8.081932e-02
4.994849e-02
2.763836e-02
2.390663e-01
3.837439e-01
2.215948e-01
0
2.267553e-01
1.028557e-01
5.228272e-01
2.560514e-01
4.651448e-01
0
3.580370e-02
2.869297e-01
4.890507e-01
2.037335e-01
1.498634e-01
0
0
0
0
8.335869e-02
0
0
0
0
0
2.129527e-01
1.505515e-02
0
0
0
0
0
0
0
0
0
0
1.673008e-01
2.672953e-01
1.198653e-01
3.282598e-01
2.119721e-01
4.238118e-01
2.654523e-01
5.983529e-01
0
3.669038e-02
7.177232e-02
1.873166e-01
0
0
0
1.311386e-01
0
0
0
0
8.464947e-02
6.113864e-01
0
0
0
1.394319e-01
2.701449e-01
5.270391e-01
0
2.623978e-01
1.707441e-01
1.708302e-01
4.340419e-02
0
2.227596e-01
0
2.276679e-01
0
0
0
0
0
9.753745e-02
0
4.862301e-01
0
4.316535e-01
2.530580e-01
0
1.622011e-01
0
0
0
9.689795e-02
1.934275e-01
0
0
0
8.780775e-02
2.548619e-01
0
0
5.601677e-01
1.958981e-01
1
5.341552e-01
5.976105e-01
0
6.880955e-01
3.772749e-01
3.359233e-01
0
4.341621e-01
4.144634e-02
7.098035e-01
3.962831e-01
0
0
6.227796e-02
5.558362e-02
4.271920e-01
5.295492e-01
6.996099e-01
6.684413e-01
8.692280e-01
7.568076e-01
8.441935e-01
5.796841e-01
0
0
4.912333e-01
3.000824e-01
0
0
3.080482e-01
1.119565e-01
0
3.971491e-02
1.493095e-01
0
0
6.831514e-02
0
0
0
0
0
0
0
0
0
0
0
3.183879e-02
0
0
0
0
0
0
0
1.423751e-01
0
0
6.119389e-01
4.790647e-01
0
0
0
0
5.844142e-01
4.765594e-01
2.209524e-02
0
0
0
0
0
0
1.543875e-01
0
1.984675e-01
2.015650e-02
0
4.327975e-01
3.847271e-01
1.427909e-01
0
2.518738e-02
2.812897e-01
8.191031e-02
2.292061e-01
5.294795e-01
3.953898e-01
0
0
0
0
0
0
1.910074e-01
3.257704e-01
5.444052e-02
7.081036e-02
0
0
0
0
0
0
0
0
1.253941e-01
0
0
0
0
2.521568e-02
1.416807e-01
3.127643e-01
5.341552e-01
1
6.990920e-02
3.738171e-01
4.205666e-01
8.467366e-01
1.072166e-01
3.374865e-01
2.316459e-01
4.006011e-01
4.317596e-01
5.753359e-01
3.335906e-01
4.638483e-01
3.670651e-01
2.884306e-01
3.443812e-01
3.451511e-01
3.340526e-01
4.716108e-01
5.336680e-01
5.945196e-01
6.812251e-01
6.330403e-01
0
1.190022e-01
5.449162e-02
0
0
0
0
0
0
0
0
0
0
0
0
0
0
0
0
0
0
0
0
0
0
0
0
0
1.935668e-01
1.589688e-01
0
0
0
4.243733e-01
0
0
2.556377e-01
4.277033e-01
0
0
0
2.794929e-02
2.345310e-01
2.179928e-01
0
0
0
0
0
0
3.446261e-01
2.656842e-01
1.629422e-01
3.415109e-01
4.838857e-02
2.266114e-01
2.055867e-01
4.076828e-01
1.913759e-01
1.001367e-01
0
3.266063e-01
2.711234e-01
1.228293e-02
4.448861e-01
0
0
9.842353e-02
0
1.738409e-01
0
0
1.938781e-01
0
0
0
0
0
0
0
0
0
1.653860e-01
0
7.860698e-03
9.858143e-02
9.136078e-02
0
0
0
8.569840e-01
0
5.976105e-01
6.990920e-02
1
0
6.274155e-01
0
4.480806e-01
0
3.697538e-01
0
4.676402e-01
0
0
0
0
0
3.634492e-02
7.646372e-03
6.884786e-01
4.489533e-01
4.456899e-01
2.116187e-01
2.443711e-01
0
0
0
3.464175e-01
2.994638e-01
0
0
5.122032e-01
2.193589e-01
1.148217e-01
0
4.655924e-02
0
3.204741e-01
1.572494e-01
8.289406e-02
9.391160e-02
9.242589e-02
0
1.019695e-01
1.836210e-01
1.313639e-01
2.601943e-01
1.361290e-01
3.380263e-01
0
2.372044e-01
1.305263e-01
1.632374e-01
0
0
0
0
0
0
0
0
7.290172e-01
4.617995e-02
2.897386e-01
0
0
0
7.607970e-01
2.600400e-01
4.050242e-01
7.625672e-03
3.858830e-01
2.450571e-01
1.520857e-01
0
0
3.014057e-01
0
0
0
0
5.657581e-01
3.490069e-02
0
0
0
0
0
4.743980e-01
3.212432e-01
4.462463e-01
5.844682e-03
0
0
0
0
0
0
5.165328e-01
0
1.690901e-01
0
0
0
0
0
0
0
0
4.980158e-02
0
0
0
2.875728e-01
2.111857e-01
0
5.947857e-01
0
3.738171e-01
0
1
0
3.706611e-01
0
7.865188e-01
1.050505e-01
6.938114e-01
0
5.107423e-01
1.022665e-01
1.743863e-01
3.536051e-02
1.940407e-01
3.270443e-01
2.539621e-01
0
0
0
1.412187e-01
2.469076e-01
4.096461e-01
3.508617e-02
2.400216e-01
0
0
4.868624e-02
2.734768e-01
0
0
0
0
0
0
0
0
0
0
0
0
0
0
0
0
0
0
0
0
0
0
1.684853e-01
3.994495e-01
9.264210e-02
4.945696e-01
2.719983e-01
6.521755e-01
2.086126e-01
5.216915e-01
0
3.227749e-01
0
1.030905e-01
1.992346e-01
0
0
3.204985e-01
0
0
0
0
0
4.266807e-01
0
0
2.309143e-02
2.719153e-01
0
4.899169e-01
0
3.036919e-01
1.090385e-01
3.483125e-01
0
0
2.785084e-01
0
1.366171e-01
0
0
1.408573e-01
0
3.305279e-01
5.846786e-02
1.159985e-02
3.546476e-01
0
3.545816e-01
4.485806e-02
5.660992e-02
0
0
1.766761e-01
2.129907e-01
1.736818e-01
5.086226e-01
0
0
9.900175e-02
1.955426e-02
5.707368e-02
0
0
6.129239e-01
0
6.880955e-01
4.205666e-01
6.274155e-01
0
1
3.878356e-01
4.473354e-01
0
5.298007e-01
1.404789e-01
7.724889e-01
3.267722e-01
0
0
7.893629e-02
0
0
3.868894e-02
6.107995e-01
5.374542e-01
4.882918e-01
3.715214e-01
4.671655e-01
9.056599e-02
0
0
2.246861e-01
3.974557e-02
0
0
3.073752e-01
2.149696e-02
1.437948e-01
1.310145e-01
1.115175e-01
1.636012e-01
2.546429e-01
9.849119e-02
0
0
0
0
0
0
0
0
0
4.256542e-02
0
1.666844e-01
0
8.892122e-02
0
0
0
0
0
0
0
0
5.787945e-01
2.823076e-01
0
0
0
1.372134e-02
4.773212e-01
2.429565e-01
0
0
2.120434e-02
3.162644e-02
0
0
1.132941e-01
5.099301e-01
0
3.127254e-01
9.480044e-02
0
5.283165e-01
1.877304e-01
2.675140e-01
1.458272e-01
1.203690e-01
2.547390e-01
0
3.220852e-01
4.425875e-01
4.556380e-01
2.908023e-01
2.605358e-02
0
0
0
0
0
3.574953e-01
0
0
0
0
0
0
2.206717e-01
3.878360e-02
0
0
1.480914e-01
0
9.312794e-02
0
0
0
2.207007e-02
9.527377e-02
3.772749e-01
8.467366e-01
0
3.706611e-01
3.878356e-01
1
1.910820e-01
3.621090e-01
3.732508e-01
3.568645e-01
3.163521e-01
4.197956e-01
2.945363e-01
4.570128e-01
1.729879e-01
9.297722e-02
1.048369e-01
1.023128e-01
8.617412e-02
1.877307e-01
4.681379e-01
3.528892e-01
5.341825e-01
4.305722e-01
0
0
0
0
0
0
1.180785e-01
7.333809e-02
0
0
0
0
0
0
0
0
0
0
0
0
0
0
0
0
0
0
0
0
1.678112e-01
8.289065e-02
0
0
0
5.294800e-01
0
0
2.768583e-01
5.666096e-01
0
0
0
1.557687e-01
1.299617e-01
2.334036e-02
0
0
0
0
0
0
4.157797e-01
2.523704e-01
2.455303e-01
3.263106e-01
0
1.195059e-01
1.771236e-01
4.346360e-01
0
9.946632e-02
6.023324e-02
4.135052e-01
4.240159e-01
2.728595e-01
3.369506e-01
1.459567e-01
0
8.577329e-02
0
4.294333e-01
0
7.057882e-02
2.509157e-01
1.177081e-01
6.650204e-02
0
0
0
0
0
1.217061e-01
0
2.762713e-01
1.596166e-02
2.021977e-01
3.040055e-01
0
0
8.726056e-03
1.545040e-01
4.670398e-01
0
3.359233e-01
1.072166e-01
4.480806e-01
0
4.473354e-01
1.910820e-01
1.000000e+00
0
5.774642e-01
0
4.248144e-01
2.116819e-02
0
0
9.884653e-02
0
0
6.082654e-02
5.409772e-01
2.929835e-01
4.351329e-01
0
1.679087e-01
0
2.396171e-02
0
2.677817e-01
0
0
0
3.781844e-01
1.247429e-01
2.105449e-01
0
3.351345e-01
1.298561e-01
3.308569e-01
1.231945e-01
0
0
0
0
0
0
0
0
6.608152e-02
2.886751e-01
2.286070e-01
4.903252e-01
2.345904e-02
4.308083e-02
0
0
0
0
0
1.836026e-02
0
0
5.457601e-01
2.601420e-01
0
0
0
0
4.681036e-01
3.488283e-02
3.614290e-01
9.998125e-02
2.535949e-01
8.971174e-02
3.417066e-02
0
0
2.356500e-01
0
2.611189e-01
0
0
5.598561e-01
2.552730e-01
5.504758e-02
0
2.626467e-01
2.944165e-01
0
2.811880e-01
0
3.161952e-01
0
0
6.521331e-02
0
0
0
0
9.574468e-02
0
0
0
0
0
0
0
0
0
3.760863e-02
4.277604e-01
0
0
0
5.019636e-01
4.392052e-01
0
2.259169e-01
0
3.374865e-01
0
7.865188e-01
0
3.621090e-01
0
1.000000e+00
5.938551e-02
7.147007e-01
0
3.603234e-01
3.024858e-01
3.340472e-01
3.335945e-01
2.391426e-01
1.351310e-01
1.229849e-01
0
0
0
0
5.425379e-02
2.155455e-01
2.256789e-01
4.303353e-01
0
0
0
2.320718e-01
0
0
0
0
0
0
0
0
0
0
0
0
0
0
0
0
0
0
1.390063e-03
0
0
0
4.021204e-01
6.024315e-01
1.886368e-01
5.459326e-01
4.337976e-01
5.034876e-01
4.057632e-01
4.758304e-01
0
2.098186e-01
0
0
3.245591e-01
9.525844e-02
0
1.348275e-01
0
0
0
0
0
2.100831e-01
8.812211e-02
0
3.497180e-01
3.366052e-01
0
3.423940e-01
0
2.080207e-01
2.327641e-01
2.289762e-01
1.677242e-02
2.046737e-01
3.762057e-02
0
0
0
0
2.739543e-01
0
3.260831e-01
0
9.706340e-02
1.348866e-01
0
1.025239e-01
0
1.261803e-01
0
1.118199e-01
1.820839e-02
4.259013e-01
1.346877e-01
4.694330e-01
8.884877e-02
0
2.313739e-01
1.365493e-01
1.914839e-01
4.177235e-02
2.450543e-01
1.759122e-01
0
4.341621e-01
2.316459e-01
3.697538e-01
1.050505e-01
5.298007e-01
3.732508e-01
5.774642e-01
5.938551e-02
1
3.044413e-01
5.692972e-01
3.170610e-01
0
0
0
0
0
1.308253e-01
2.152983e-01
7.032795e-02
3.483982e-01
0
2.902680e-01
0
0
0
0
0
0
0
3.462331e-01
2.304669e-01
0
5.001664e-02
2.187552e-01
1.385158e-01
1.339133e-01
3.370274e-01
0
0
0
0
0
0
0
0
0
1.102131e-01
0
1.673741e-01
0
0
0
0
0
0
0
1.917943e-01
0
0
4.737764e-01
6.077400e-01
0
0
0
0
2.382095e-01
3.966332e-01
1.686141e-02
8.304491e-02
0
0
2.789814e-02
0
0
7.773876e-03
0
4.452583e-01
0
1.511995e-01
3.939114e-01
4.615081e-01
3.923594e-02
3.072222e-01
3.661483e-01
2.810869e-01
0
3.668917e-01
2.078140e-01
4.944870e-01
0
0
8.019929e-02
1.116627e-02
0
8.277205e-02
0
3.717282e-01
0
0
0
0
0
0
9.343435e-03
1.182165e-01
0
0
1.984182e-01
0
0
0
2.462989e-01
1.186714e-01
0
2.156490e-01
4.144634e-02
4.006011e-01
0
6.938114e-01
1.404789e-01
3.568645e-01
0
7.147007e-01
3.044413e-01
1.000000e+00
1.595175e-01
7.400552e-01
0
0
1.294634e-01
3.085035e-01
1.440523e-01
1.892299e-01
0
1.817226e-01
0
1.693739e-01
2.723280e-01
2.516323e-01
0
1.962769e-01
0
0
0
0
0
0
0
6.562920e-02
0
1.493132e-01
0
0
0
0
0
0
0
0
0
0
0
0
0
0
0
0
0
1.051066e-01
0
8.581750e-02
1.748782e-02
5.752318e-01
1.228237e-01
3.634278e-01
0
4.477519e-01
0
2.807272e-02
2.416866e-01
2.191463e-01
0
3.560002e-01
0
0
0
0
0
8.166215e-02
0
0
0
5.452378e-01
7.740749e-02
4.966864e-01
0
5.163109e-01
3.611138e-01
6.851290e-01
1.013986e-01
1.468889e-01
1.371688e-01
0
3.436204e-01
0
0
3.162180e-01
0
2.837495e-01
0
0
5.065906e-02
0
0
0
0
0
0
1.014400e-01
3.483520e-01
2.633132e-01
3.765954e-01
0
0
1.096408e-01
9.660306e-02
7.372683e-02
0
8.740555e-02
5.296824e-01
1.263288e-01
7.098035e-01
4.317596e-01
4.676402e-01
0
7.724889e-01
3.163521e-01
4.248144e-01
0
5.692972e-01
1.595175e-01
1
5.348981e-01
0
2.765370e-02
1.783935e-01
2.552570e-01
8.343958e-03
1.867048e-01
5.447019e-01
5.588908e-01
4.331305e-01
5.087668e-01
4.660740e-01
2.822496e-01
1.164276e-01
1.021711e-01
4.613224e-01
2.770888e-01
0
0
6.441357e-02
0
1.648610e-01
4.022582e-01
4.304709e-01
2.116837e-01
1.839882e-01
2.776635e-01
0
0
0
0
0
0
0
0
0
0
0
0
0
0
0
0
0
0
0
1.599922e-01
0
0
4.589819e-01
3.497446e-01
0
0
0
0
2.091035e-01
3.095023e-01
0
0
0
0
0
0
5.148961e-03
3.704226e-01
0
4.951512e-01
4.895349e-01
3.172463e-01
5.406440e-01
3.267963e-01
4.773219e-01
2.758400e-01
2.214890e-01
1.297428e-01
0
5.994838e-02
3.169232e-01
2.272444e-01
3.465093e-02
2.742252e-02
0
0
0
0
0
1.304684e-01
0
0
0
0
0
0
2.015100e-02
3.302145e-01
0
0
0
0
0
0
9.733371e-02
5.771276e-02
0
4.490123e-01
3.962831e-01
5.753359e-01
0
5.107423e-01
3.267722e-01
4.197956e-01
2.116819e-02
3.603234e-01
3.170610e-01
7.400552e-01
5.348981e-01
1
0
1.132812e-01
3.845738e-01
5.875061e-01
3.670074e-01
3.066356e-01
2.105035e-01
5.977364e-01
2.277448e-01
4.963776e-01
4.971484e-01
4.439912e-01
3.345988e-02
1.915749e-01
6.588501e-02
2.404889e-01
0
0
0
0
0
1.683168e-01
1.302431e-01
0
0
0
0
0
0
0
0
0
0
0
0
0
0
0
0
0
0
1.215192e-02
0
0
0
5.291457e-01
0
3.792099e-01
1.643857e-01
4.239556e-01
0
0
0
1.263825e-01
0
4.630702e-01
0
0
0
0
0
1.567996e-01
0
0
0
6.389523e-01
3.511647e-01
5.918961e-01
2.043267e-01
5.563362e-01
4.280262e-01
6.686801e-01
0
0
2.098044e-01
0
5.192935e-01
0
0
2.002039e-02
0
3.323789e-02
0
0
1.441877e-01
0
9.419459e-02
0
0
0
0
0
1.635801e-02
1.486783e-01
8.279855e-02
0
0
0
6.622441e-02
1.808624e-01
3.125625e-01
4.107758e-01
0
8.081932e-02
0
3.335906e-01
0
1.022665e-01
0
2.945363e-01
0
3.024858e-01
0
0
0
0
1
8.418410e-01
5.008873e-01
4.211271e-01
7.010993e-02
4.574104e-02
0
0
0
0
1.805116e-02
3.090536e-01
6.927233e-01
7.401650e-01
1.077100e-01
0
2.781104e-01
2.598324e-01
0
0
1.597473e-01
5.875736e-02
0
0
0
0
6.233509e-02
0
0
0
1.426959e-01
0
7.526340e-02
0
0
0
7.379401e-02
0
0
0
6.385187e-01
7.506497e-01
9.435027e-02
2.207564e-01
3.413812e-01
9.834543e-02
3.550872e-01
2.925357e-01
0
0
0
0
2.928511e-01
7.966278e-02
0
0
0
0
0
0
0
0
6.894147e-01
4.696848e-01
8.753755e-01
2.205452e-01
4.458452e-01
2.734114e-01
0
0
2.375134e-01
0
0
0
0
0
0
0
1.069003e-01
4.170822e-01
0
9.719187e-02
2.506069e-01
1.047491e-01
0
0
0
0
8.616346e-02
0
1.183550e-01
0
6.848859e-02
7.973090e-02
3.883998e-01
6.878211e-01
1.130612e-01
0
2.047529e-01
2.714887e-01
1.475605e-01
4.399858e-01
0
4.994849e-02
0
4.638483e-01
0
1.743863e-01
0
4.570128e-01
0
3.340472e-01
0
0
2.765370e-02
1.132812e-01
8.418410e-01
1
6.282156e-01
4.039586e-01
2.373228e-01
1.540932e-01
0
0
0
0
1.770100e-01
3.773618e-01
5.589981e-01
6.002595e-01
0
0
2.894778e-01
4.020854e-01
0
0
6.754924e-02
2.712174e-02
0
0
0
2.660841e-02
1.671058e-02
0
0
0
9.976672e-02
0
4.719425e-02
0
0
0
0
0
0
0
5.517820e-01
7.003244e-01
0
7.054112e-02
1.596376e-01
6.425655e-02
6.225862e-02
1.324705e-01
0
0
0
0
1.791422e-01
1.821959e-01
0
0
0
0
0
0
0
0
8.224393e-01
5.154390e-01
6.667948e-01
3.499196e-01
2.030085e-01
1.624272e-01
0
0
1.307619e-01
0
0
1.390452e-03
2.700736e-02
0
0
0
0
2.342825e-01
0
1.715435e-01
1.888586e-01
1.901829e-01
8.071449e-02
0
9.053415e-02
0
1.785184e-01
0
0
0
1.462496e-01
0
1.406139e-01
5.004111e-01
2.263190e-02
1.313808e-01
2.141336e-01
7.308679e-02
2.543010e-01
4.468318e-01
1.896764e-01
2.763836e-02
6.227796e-02
3.670651e-01
0
3.536051e-02
7.893629e-02
1.729879e-01
9.884653e-02
3.335945e-01
0
1.294634e-01
1.783935e-01
3.845738e-01
5.008873e-01
6.282156e-01
1
7.255683e-01
2.804893e-01
1.902681e-01
1.955108e-01
3.740809e-01
0
3.374746e-02
1.276624e-01
2.350600e-01
5.415660e-01
5.833903e-01
2.512839e-01
1.368135e-01
2.175470e-01
2.812905e-01
0
0
7.713536e-02
9.329911e-02
0
0
0
0
0
0
0
0
0
0
0
0
0
0
0
0
0
0
2.208139e-01
4.704872e-01
0
0
1.024213e-01
1.879514e-02
1.633323e-01
2.505578e-01
0
0
0
0
1.417001e-01
2.679078e-01
5.013697e-02
1.939276e-01
1.043560e-01
4.505255e-02
3.044421e-01
7.449666e-02
0
0
5.416906e-01
5.433674e-01
4.229790e-01
4.465551e-01
3.695783e-01
8.725029e-02
0
0
5.104226e-01
0
0
2.153783e-02
0
0
0
0
1.085608e-01
1.483266e-01
0
0
0
0
0
0
0
0
2.995915e-02
0
1.169178e-02
0
1.102695e-01
0
0
9.083185e-02
0
7.800182e-02
4.368100e-01
4.602016e-01
1.256198e-01
2.487582e-01
0
2.390663e-01
5.558362e-02
2.884306e-01
0
1.940407e-01
0
9.297722e-02
0
2.391426e-01
0
3.085035e-01
2.552570e-01
5.875061e-01
4.211271e-01
4.039586e-01
7.255683e-01
1.000000e+00
3.336607e-01
2.230554e-01
1.683487e-01
4.774026e-01
2.882961e-02
2.427413e-01
2.570711e-01
4.357450e-01
5.121611e-01
6.206575e-01
3.468868e-01
2.098733e-01
2.246277e-01
2.960006e-01
0
0
2.564481e-01
4.539782e-01
3.381970e-01
1.971894e-01
7.506366e-02
3.313354e-02
0
0
0
0
0
0
0
0
0
0
0
0
0
0
5.152294e-02
4.394493e-01
0
0
0
4.028466e-01
2.250890e-01
4.801239e-01
0
7.761902e-02
0
0
4.867806e-01
4.994628e-01
0
8.168664e-02
1.374441e-02
1.416665e-01
2.964555e-02
0
0
8.781199e-02
2.887801e-01
1.524410e-01
3.106042e-01
4.855942e-01
6.018830e-01
3.300050e-01
9.879357e-02
2.164473e-01
5.567590e-01
2.939861e-01
0
0
1.142002e-01
0
7.245389e-02
0
1.819289e-01
3.865468e-01
0
6.809550e-02
0
0
2.527197e-02
0
1.032226e-01
0
1.019909e-01
2.248241e-02
0
0
0
5.784171e-02
2.045183e-01
2.228175e-02
0
0
2.964107e-01
5.498301e-01
2.023586e-02
1.305802e-01
0
3.837439e-01
4.271920e-01
3.443812e-01
3.634492e-02
3.270443e-01
0
1.048369e-01
0
1.351310e-01
0
1.440523e-01
8.343958e-03
3.670074e-01
7.010993e-02
2.373228e-01
2.804893e-01
3.336607e-01
1
8.185764e-01
1.464365e-01
3.665926e-01
4.342891e-01
4.599942e-01
7.014368e-01
7.115052e-01
0
8.308244e-02
2.050099e-01
2.808411e-01
1.366489e-01
1.269449e-01
0
0
0
0
0
0
0
0
0
0
2.723329e-02
0
0
0
0
0
0
0
0
0
0
0
0
2.302209e-01
0
4.364412e-02
0
2.374211e-01
0
6.456856e-02
0
1.585163e-01
0
2.016972e-02
0
0
2.957027e-01
6.023347e-01
4.579760e-02
3.059747e-02
1.877832e-02
1.067312e-01
4.062428e-02
2.655985e-01
0
0
0
7.263791e-02
0
1.420460e-02
0
2.146060e-01
4.411590e-02
0
0
0
4.266482e-01
0
3.347986e-01
0
0
0
0
0
1.494935e-01
0
5.142401e-01
0
5.677012e-01
1.307137e-01
1.060430e-01
0
0
0
0
0
0
0
0
1.872657e-01
0
0
1.041033e-01
3.589821e-01
0
2.215948e-01
5.295492e-01
3.451511e-01
7.646372e-03
2.539621e-01
3.868894e-02
1.023128e-01
6.082654e-02
1.229849e-01
1.308253e-01
1.892299e-01
1.867048e-01
3.066356e-01
4.574104e-02
1.540932e-01
1.902681e-01
2.230554e-01
8.185764e-01
1
2.610368e-01
3.243648e-01
5.651966e-01
4.637180e-01
7.169501e-01
7.411629e-01
0
1.764308e-01
1.816421e-01
6.773082e-02
5.334094e-02
1.053296e-01
2.164624e-02
6.890825e-02
0
1.536840e-01
0
0
0
1.909511e-01
0
0
0
0
0
0
0
0
0
0
0
0
0
0
0
2.263107e-01
0
0
0
2.957538e-01
0
0
4.561376e-02
3.793763e-01
0
0
0
0
2.498034e-01
7.110249e-01
5.666511e-02
1.582088e-01
3.330233e-02
1.034266e-01
0
7.810740e-02
0
0
0
1.718265e-01
0
0
0
3.059394e-01
6.522772e-02
0
0
1.841858e-01
2.657961e-01
0
2.768448e-01
2.599422e-02
0
0
0
0
0
0
2.528657e-01
0
2.778072e-01
0
0
0
0
0
0
0
0
3.529947e-02
1.380248e-01
1.151736e-01
0
0
0
0
8.005380e-01
0
6.996099e-01
3.340526e-01
6.884786e-01
0
6.107995e-01
8.617412e-02
5.409772e-01
0
2.152983e-01
0
5.447019e-01
2.105035e-01
0
0
1.955108e-01
1.683487e-01
1.464365e-01
2.610368e-01
1
8.409659e-01
6.960971e-01
5.607977e-01
4.894025e-01
1.978785e-01
0
0
5.991284e-01
3.479198e-01
0
0
3.013346e-01
7.293700e-02
2.001633e-01
1.383729e-01
2.715619e-01
9.147186e-02
2.825121e-01
0
0
0
0
0
0
0
0
0
0
2.163303e-02
0
2.506774e-01
0
0
0
0
0
0
0
0
0
0
7.658225e-01
2.595484e-01
5.543434e-03
0
0
0
5.755490e-01
2.267167e-01
3.834270e-01
0
3.140883e-01
1.535539e-01
0
0
0
2.267507e-01
0
1.466324e-02
7.166867e-02
0
7.789499e-01
3.072826e-01
1.954486e-01
0
1.616840e-02
2.786695e-01
0
2.286227e-01
4.080291e-01
3.177451e-01
1.932764e-01
0
0
0
0
0
0
2.339671e-01
0
0
0
1.268751e-01
0
0
0
0
0
0
0
0
3.212507e-02
1.050879e-02
0
0
5.580902e-01
2.267553e-01
6.684413e-01
4.716108e-01
4.489533e-01
0
5.374542e-01
1.877307e-01
2.929835e-01
0
7.032795e-02
1.817226e-01
5.588908e-01
5.977364e-01
0
0
3.740809e-01
4.774026e-01
3.665926e-01
3.243648e-01
8.409659e-01
1
5.955829e-01
7.323656e-01
5.872296e-01
4.274253e-01
0
0
5.843880e-01
5.219736e-01
0
0
3.328967e-02
0
0
1.409135e-01
1.934969e-01
0
2.166021e-02
0
0
0
0
0
0
0
0
0
0
0
0
0
0
0
0
0
0
0
0
1.576866e-01
0
0
5.990965e-01
3.179838e-01
5.360494e-02
0
0
8.015408e-02
3.996120e-01
3.098110e-01
1.630813e-01
0
1.210185e-01
6.948355e-02
0
0
0
1.241592e-01
0
2.644796e-01
2.689572e-01
4.075943e-03
6.270034e-01
4.838928e-01
3.634727e-01
1.492910e-01
0
1.498836e-01
1.317581e-01
0
5.700110e-01
0
8.170284e-02
0
0
0
0
0
8.009021e-02
0
0
0
0
5.569333e-02
0
0
0
0
0
0
0
0
1.765466e-01
1.070210e-01
0
0
4.307945e-01
1.028557e-01
8.692280e-01
5.336680e-01
4.456899e-01
0
4.882918e-01
4.681379e-01
4.351329e-01
0
3.483982e-01
0
4.331305e-01
2.277448e-01
0
0
0
2.882961e-02
4.342891e-01
5.651966e-01
6.960971e-01
5.955829e-01
1
6.883395e-01
8.609367e-01
5.975681e-01
0
0
4.338685e-01
7.967020e-02
0
0
4.597466e-01
2.959114e-01
0
0
2.030115e-01
0
5.013119e-02
0
0
0
0
0
0
0
0
0
0
0
0
2.380844e-01
0
0
0
0
0
0
0
2.920487e-01
0
0
6.619780e-01
6.064036e-01
0
0
0
0
5.134600e-01
3.033116e-01
1.419610e-01
0
0
0
0
0
0
4.241218e-03
0
1.005401e-01
0
0
4.623080e-01
5.136052e-01
0
0
1.160461e-01
4.993386e-01
3.697270e-01
3.875860e-01
4.881352e-01
4.578158e-01
0
0
0
0
0
0
4.014942e-01
3.684598e-01
2.369211e-01
6.532770e-02
0
0
0
0
0
0
0
0
2.183959e-01
1.145272e-01
0
0
0
0
3.274494e-01
5.228272e-01
7.568076e-01
5.945196e-01
2.116187e-01
1.412187e-01
3.715214e-01
3.528892e-01
0
0
0
1.693739e-01
5.087668e-01
4.963776e-01
0
0
3.374746e-02
2.427413e-01
4.599942e-01
4.637180e-01
5.607977e-01
7.323656e-01
6.883395e-01
1.000000e+00
7.505187e-01
7.594318e-01
0
0
5.802193e-01
5.504097e-01
0
0
8.772001e-02
5.122446e-02
0
7.051321e-02
1.235139e-01
0
0
0
0
0
0
0
0
0
0
0
0
0
0
0
0
0
0
0
0
0
0
3.737542e-01
0
0
4.071085e-01
3.873465e-01
0
0
0
0
2.428127e-01
2.617773e-01
0
0
0
0
0
0
0
0
0
6.126525e-02
2.752342e-01
1.146087e-01
3.217514e-01
4.252340e-01
2.386074e-01
0
0
2.182287e-01
2.117623e-01
0
5.609889e-01
2.637472e-02
0
0
0
0
0
0
3.357451e-01
5.396241e-02
1.002218e-01
1.161893e-01
0
1.247038e-01
0
0
0
2.101374e-02
9.850303e-02
0
0
0
1.648699e-01
0
0
3.216764e-02
1.782231e-01
2.560514e-01
8.441935e-01
6.812251e-01
2.443711e-01
2.469076e-01
4.671655e-01
5.341825e-01
1.679087e-01
5.425379e-02
2.902680e-01
2.723280e-01
4.660740e-01
4.971484e-01
1.805116e-02
1.770100e-01
1.276624e-01
2.570711e-01
7.014368e-01
7.169501e-01
4.894025e-01
5.872296e-01
8.609367e-01
7.505187e-01
1
8.233008e-01
0
0
3.054457e-01
1.178684e-01
0
0
2.196876e-01
1.380750e-01
0
8.329497e-03
6.118299e-02
0
0
0
0
0
0
0
0
0
0
0
0
0
0
0
0
0
0
1.783307e-02
0
0
0
4.362565e-01
0
0
3.967919e-01
5.797533e-01
0
0
0
0
3.676202e-01
4.782101e-01
0
0
0
0
0
0
0
0
0
2.381916e-01
0
0
1.990937e-01
5.082506e-01
1.006693e-01
0
0
3.856493e-01
4.075554e-01
1.814730e-01
5.930630e-01
2.134542e-01
0
0
0
0
0
0
4.486599e-01
1.724878e-01
3.038419e-01
4.904051e-02
0
0
0
0
0
0
3.385691e-02
0
7.763582e-02
1.385761e-01
0
0
4.922650e-02
1.978678e-01
0
4.651448e-01
5.796841e-01
6.330403e-01
0
4.096461e-01
9.056599e-02
4.305722e-01
0
2.155455e-01
0
2.516323e-01
2.822496e-01
4.439912e-01
3.090536e-01
3.773618e-01
2.350600e-01
4.357450e-01
7.115052e-01
7.411629e-01
1.978785e-01
4.274253e-01
5.975681e-01
7.594318e-01
8.233008e-01
1
0
2.922512e-01
3.144143e-01
1.990938e-01
0
0
0
0
0
1.484523e-01
0
0
0
0
0
0
0
0
0
0
0
0
0
0
0
0
0
0
1.002194e-01
3.886495e-01
0
0
0
5.707432e-01
0
9.834105e-02
0
4.244797e-01
0
0
0
0
1.802537e-02
3.146581e-01
0
0
0
0
0
1.061815e-01
1.473660e-01
0
2.491205e-03
2.171598e-01
1.830498e-01
1.200532e-01
0
3.737274e-01
1.731654e-01
0
0
3.055525e-01
3.527854e-01
0
3.991195e-01
0
0
2.563509e-02
0
1.192880e-02
0
0
4.617472e-01
0
3.163317e-01
5.550989e-03
1.312186e-01
0
0
0
0
0
3.528763e-01
3.165597e-02
0
2.101465e-01
5.282171e-02
0
4.335975e-01
5.539739e-01
0
0
0
0
0
3.508617e-02
0
0
2.396171e-02
2.256789e-01
0
0
1.164276e-01
3.345988e-02
6.927233e-01
5.589981e-01
5.415660e-01
5.121611e-01
0
0
0
0
0
0
0
0
1
8.574851e-01
6.548409e-02
0
5.714611e-01
5.712149e-01
0
0
4.388139e-01
4.323204e-01
1.859145e-01
3.738796e-01
1.406794e-01
3.291669e-01
2.721181e-02
5.136056e-02
0
8.138426e-02
8.602055e-02
0
4.971646e-02
5.984331e-03
0
0
0
0
0
0
3.495218e-01
5.646691e-01
0
1.426094e-01
3.594764e-01
0
4.046915e-01
5.265827e-01
0
0
0
0
4.504952e-01
2.395257e-01
0
0
0
2.900775e-01
1.916461e-01
4.935931e-02
0
0
4.328997e-01
4.472375e-01
6.739639e-01
4.374365e-01
6.267427e-01
3.938784e-01
0
0
5.008815e-01
6.172720e-02
0
0
0
0
0
0
3.295869e-01
5.339050e-01
1.740248e-01
7.488806e-02
7.493685e-02
1.125635e-02
0
0
0
0
0
0
2.515429e-01
6.855934e-02
2.174437e-01
3.446353e-01
2.619176e-01
5.962556e-01
0
0
2.703049e-01
4.686072e-01
5.326699e-01
5.982505e-01
0
3.580370e-02
0
1.190022e-01
0
2.400216e-01
0
0
0
4.303353e-01
0
1.962769e-01
1.021711e-01
1.915749e-01
7.401650e-01
6.002595e-01
5.833903e-01
6.206575e-01
8.308244e-02
1.764308e-01
0
0
0
0
0
2.922512e-01
8.574851e-01
1.000000e+00
7.317460e-02
7.852631e-04
2.557766e-01
4.227924e-01
0
0
2.149953e-01
4.408619e-01
4.811961e-02
3.398806e-01
0
7.701774e-02
0
0
0
9.233002e-03
9.897874e-03
0
0
0
0
0
0
0
0
0
2.765356e-01
7.148000e-01
0
1.465388e-01
1.882623e-01
1.757433e-01
4.703503e-01
5.508197e-01
0
0
0
0
3.904631e-01
1.517356e-01
0
0
0
7.215707e-02
0
0
0
0
3.815280e-01
3.274814e-01
6.720006e-01
3.360521e-01
6.694444e-01
4.097695e-01
0
0
5.544594e-01
5.899523e-02
0
0
0
0
0
0
2.961557e-01
5.778242e-01
1.625838e-01
9.230114e-02
0
0
0
0
0
0
3.738987e-02
5.007246e-02
1.399405e-01
0
2.703478e-01
4.169761e-01
4.800563e-01
4.561358e-01
0
0
3.271747e-01
4.583219e-01
0
2.030655e-02
6.116912e-01
2.869297e-01
4.912333e-01
5.449162e-02
3.464175e-01
0
2.246861e-01
0
2.677817e-01
0
0
0
4.613224e-01
6.588501e-02
1.077100e-01
0
2.512839e-01
3.468868e-01
2.050099e-01
1.816421e-01
5.991284e-01
5.843880e-01
4.338685e-01
5.802193e-01
3.054457e-01
3.144143e-01
6.548409e-02
7.317460e-02
1.000000e+00
7.072759e-01
1.693054e-01
0
0
0
2.702590e-01
1.595629e-01
4.800583e-01
7.552179e-02
1.293910e-01
5.770443e-02
0
0
0
0
0
0
0
0
0
0
0
0
0
0
0
0
0
0
0
1.821461e-02
0
8.452723e-02
2.489354e-01
0
0
0
0
0
2.280874e-01
0
3.068962e-01
0
2.026605e-01
1.102069e-01
0
0
8.132031e-02
2.869486e-01
0
0
5.419149e-01
0
3.932728e-01
7.350424e-02
4.225833e-01
0
1.140287e-01
1.036776e-01
0
0
0
0
1.489395e-01
0
0
0
0
0
0
0
1.265584e-03
3.334636e-02
0
2.624365e-01
0
0
0
1.663572e-02
0
0
0
0
2.031352e-01
2.780035e-01
1.498251e-01
0
4.406209e-01
4.890507e-01
3.000824e-01
0
2.994638e-01
0
3.974557e-02
0
0
0
0
0
2.770888e-01
2.404889e-01
0
0
1.368135e-01
2.098733e-01
2.808411e-01
6.773082e-02
3.479198e-01
5.219736e-01
7.967020e-02
5.504097e-01
1.178684e-01
1.990938e-01
0
7.852631e-04
7.072759e-01
1
3.986249e-02
0
0
0
0
0
9.863718e-02
0
0
0
1.527258e-01
2.328995e-01
5.694745e-01
2.755296e-01
2.838152e-02
9.179039e-02
1.425508e-01
0
0
0
0
0
4.016985e-02
0
0
0
0
0
0
0
2.522541e-01
2.968317e-01
1.049079e-01
0
2.256087e-01
3.852267e-02
0
0
2.222032e-01
5.586623e-02
0
0
2.039448e-02
2.679375e-02
2.184439e-01
1.492854e-01
0
3.121468e-02
0
0
5.255116e-01
2.093948e-01
1.725701e-01
0
3.343773e-01
0
0
0
0
0
3.386257e-02
0
0
0
0
0
0
0
6.525244e-02
0
5.586524e-02
2.206872e-01
0
4.810477e-01
0
0
0
1.749782e-01
0
0
0
0
2.263806e-01
3.189617e-01
1.244984e-01
3.204674e-01
0
2.037335e-01
0
0
0
4.868624e-02
0
0
0
0
0
0
0
0
2.781104e-01
2.894778e-01
2.175470e-01
2.246277e-01
1.366489e-01
5.334094e-02
0
0
0
0
0
0
5.714611e-01
2.557766e-01
1.693054e-01
3.986249e-02
1
7.325454e-01
0
0
3.272001e-01
1.643217e-01
2.765955e-01
1.105721e-04
2.499484e-01
5.608736e-01
7.105809e-02
3.396515e-02
1.333166e-01
1.707278e-01
2.978483e-02
6.245973e-03
9.122852e-02
0
0
0
0
0
0
0
2.534731e-01
3.119972e-01
1.598610e-01
3.867620e-01
3.509274e-01
0
1.547543e-01
4.619834e-01
0
0
6.702725e-02
2.125206e-01
3.349223e-01
1.062424e-01
0
9.791455e-02
3.171340e-01
4.252096e-01
2.788690e-01
2.596462e-01
3.088414e-03
3.561602e-01
1.687229e-01
2.872095e-02
1.363665e-01
2.935082e-01
1.864100e-01
1.640440e-01
0
0
5.140340e-02
0
0
0
0
0
0
0
0
0
2.478246e-02
0
4.359579e-01
2.825124e-01
5.201634e-02
0
4.207362e-01
1.571731e-01
0
0
0
2.935790e-01
0
0
0
4.703571e-01
9.921238e-02
0
5.211057e-03
2.540598e-01
1.045067e-01
4.140578e-01
0
1.498634e-01
0
0
0
2.734768e-01
0
0
0
2.320718e-01
0
0
0
0
2.598324e-01
4.020854e-01
2.812905e-01
2.960006e-01
1.269449e-01
1.053296e-01
0
0
0
0
0
0
5.712149e-01
4.227924e-01
0
0
7.325454e-01
1
0
0
3.821601e-01
3.766651e-01
1.371468e-01
1.513806e-01
2.317084e-01
6.355028e-01
4.067596e-02
6.049177e-03
0
1.829624e-01
9.532244e-03
0
0
0
0
0
0
0
0
0
2.727412e-01
5.076519e-01
2.348247e-02
3.854229e-01
2.794812e-01
0
2.159734e-01
4.477538e-01
0
0
0
2.253350e-01
4.863127e-01
3.012985e-01
0
1.814661e-01
2.045430e-01
5.968354e-01
2.685722e-01
2.516592e-01
0
4.301665e-01
1.490196e-01
0
9.963806e-02
2.036442e-01
6.443305e-02
1.995101e-01
0
0
9.330254e-02
5.246495e-02
0
0
0
0
0
0
4.256247e-03
2.327823e-01
3.187933e-02
8.725063e-02
2.948612e-01
1.803520e-01
0
0
2.373597e-01
0
1.813978e-01
0
1.240924e-01
4.327373e-01
0
0
2.080367e-02
2.517771e-01
0
0
1.910793e-01
3.942822e-01
0
0
2.579994e-01
0
3.080482e-01
0
5.122032e-01
0
3.073752e-01
1.180785e-01
3.781844e-01
0
3.462331e-01
0
6.441357e-02
0
0
0
0
0
0
2.164624e-02
3.013346e-01
3.328967e-02
4.597466e-01
8.772001e-02
2.196876e-01
0
0
0
0
0
0
0
1
9.052850e-01
2.652540e-02
0
1.413556e-01
0
3.878704e-01
1.360640e-01
0
0
0
0
0
1.600081e-01
0
1.613898e-03
2.828598e-01
4.783314e-01
1.418716e-01
4.973361e-01
1.349395e-01
3.026598e-01
0
0
3.885398e-02
0
0
0
0
0
7.247005e-01
3.611626e-01
4.994670e-01
2.563433e-01
0
0
4.198549e-01
4.417521e-02
2.432613e-01
2.815967e-02
0
5.677741e-03
5.028094e-01
0
0
0
0
0
0
0
3.940724e-01
2.337137e-01
0
0
2.118961e-01
1.618079e-01
4.434425e-01
8.065980e-01
3.874769e-01
7.573051e-01
0
0
2.496212e-01
3.229091e-02
5.111217e-02
2.135697e-01
2.108206e-01
8.062549e-01
1.779672e-01
4.910802e-01
0
0
0
2.549841e-01
0
0
0
0
3.538667e-01
9.409945e-02
0
0
0
0
0
0
1.119565e-01
0
2.193589e-01
0
2.149696e-02
7.333809e-02
1.247429e-01
0
2.304669e-01
0
0
0
0
0
0
0
0
6.890825e-02
7.293700e-02
0
2.959114e-01
5.122446e-02
1.380750e-01
0
0
0
0
0
0
0
9.052850e-01
1.000000e+00
0
0
1.748043e-01
0
3.267617e-01
1.862117e-01
0
0
3.248517e-02
0
0
8.304986e-02
0
0
1.277018e-01
3.018007e-01
0
3.176903e-01
0
1.571467e-01
0
0
1.550912e-01
0
0
1.526413e-01
0
0
5.592527e-01
4.193174e-01
5.722965e-01
4.927882e-01
0
4.324187e-02
1.256812e-01
7.834630e-02
1.518044e-01
1.038201e-01
0
0
5.814322e-01
9.008101e-02
0
0
0
0
0
0
2.452783e-01
2.715482e-01
0
4.040993e-02
1.344704e-01
6.234526e-02
6.094604e-01
7.386883e-01
4.050993e-01
6.756990e-01
0
0
2.484095e-01
2.606969e-01
1.391490e-01
2.350607e-01
3.066937e-01
7.680158e-01
3.071686e-01
5.668899e-01
3.910223e-02
6.624720e-02
0
5.104892e-01
0
0
0
0
1.878625e-01
1.189204e-01
0
0
0
1.973434e-02
2.086305e-01
0
0
0
1.148217e-01
0
1.437948e-01
0
2.105449e-01
0
0
0
1.648610e-01
0
1.597473e-01
6.754924e-02
7.713536e-02
2.564481e-01
0
0
2.001633e-01
0
0
0
0
0
4.388139e-01
2.149953e-01
2.702590e-01
0
3.272001e-01
3.821601e-01
2.652540e-02
0
1.000000e+00
6.472440e-01
6.301972e-01
6.440244e-01
8.627335e-01
6.270317e-01
0
0
0
0
0
0
0
0
0
0
0
2.289370e-01
0
0
0
0
0
0
0
0
0
0
0
0
0
0
4.084233e-01
4.089284e-01
0
0
4.034539e-01
5.697736e-01
3.998228e-01
3.020454e-01
0
0
8.037244e-02
2.342534e-01
9.893497e-02
1.419991e-02
2.920553e-01
0
2.036535e-01
0
1.953100e-01
7.356759e-02
1.365109e-01
0
0
2.514740e-01
0
2.131410e-01
6.170850e-01
4.688637e-01
4.205440e-01
0
0
0
0
9.426397e-02
0
0
0
2.129752e-01
3.677962e-01
2.485522e-01
0
0
0
6.241123e-02
0
0
1.033111e-01
3.232651e-01
0
1.734407e-01
0
0
3.971491e-02
0
0
0
1.310145e-01
0
0
0
5.001664e-02
6.562920e-02
4.022582e-01
1.683168e-01
5.875736e-02
2.712174e-02
9.329911e-02
4.539782e-01
0
1.536840e-01
1.383729e-01
1.409135e-01
0
7.051321e-02
8.329497e-03
1.484523e-01
4.323204e-01
4.408619e-01
1.595629e-01
0
1.643217e-01
3.766651e-01
0
0
6.472440e-01
1
5.803804e-01
7.396524e-01
5.351369e-01
5.535773e-01
0
0
0
0
0
0
0
0
0
0
0
0
0
0
0
7.343413e-02
0
0
0
5.500777e-02
0
1.972114e-01
0
4.287734e-02
0
5.189358e-02
3.522871e-01
4.601594e-01
0
7.630933e-02
6.296083e-02
4.922906e-01
1.258791e-01
1.045469e-01
0
0
0
1.111478e-02
0
2.936546e-01
5.167527e-01
2.192246e-01
1.704955e-01
1.657750e-02
3.453023e-01
3.192684e-01
6.472770e-02
0
0
0
1.604789e-01
1.128504e-01
4.992459e-01
5.189566e-01
3.848296e-01
8.209064e-02
0
0
0
4.148577e-02
0
0
0
2.327359e-01
0
1.859143e-01
0
2.760545e-01
2.495159e-01
0
0
0
1.586313e-01
2.903479e-01
0
2.625976e-02
1.366648e-01
8.335869e-02
1.493095e-01
0
4.655924e-02
0
1.115175e-01
0
3.351345e-01
0
2.187552e-01
0
4.304709e-01
1.302431e-01
0
0
0
3.381970e-01
0
0
2.715619e-01
1.934969e-01
2.030115e-01
1.235139e-01
6.118299e-02
0
1.859145e-01
4.811961e-02
4.800583e-01
9.863718e-02
2.765955e-01
1.371468e-01
1.413556e-01
1.748043e-01
6.301972e-01
5.803804e-01
1
5.305809e-01
6.554302e-01
4.674947e-01
0
0
0
0
0
0
0
0
0
0
0
4.535778e-02
0
0
0
0
0
0
0
2.753783e-01
0
1.974772e-01
2.665530e-01
2.192249e-01
7.077106e-02
1.327546e-01
3.604572e-01
3.112073e-01
0
0
3.134130e-01
4.172013e-01
1.605910e-02
4.972420e-02
1.622118e-01
1.334228e-01
0
0
0
2.414280e-01
4.519254e-01
2.441003e-01
5.188038e-01
3.048342e-01
2.086437e-01
3.056568e-01
5.604559e-01
1.126285e-01
8.168143e-02
1.604557e-01
1.101897e-02
1.716654e-01
7.381071e-02
1.839856e-01
2.295593e-01
0
0
0
0
1.259669e-01
7.557595e-02
1.034478e-01
0
1.711766e-01
0
7.440321e-02
0
1.082154e-01
2.156756e-01
0
0
0
0
2.565363e-01
4.398874e-02
1.605244e-01
0
0
0
0
0
0
1.636012e-01
0
1.298561e-01
0
1.385158e-01
1.493132e-01
2.116837e-01
0
0
0
0
1.971894e-01
0
0
9.147186e-02
0
0
0
0
0
3.738796e-01
3.398806e-01
7.552179e-02
0
1.105721e-04
1.513806e-01
0
0
6.440244e-01
7.396524e-01
5.305809e-01
1
4.985091e-01
4.328340e-01
0
0
0
0
0
0
0
0
0
0
0
2.245725e-01
0
4.993728e-02
0
0
0
0
0
0
3.876831e-02
6.991862e-02
0
4.202917e-02
0
0
4.156392e-01
4.204048e-01
0
0
1.876626e-01
4.530302e-01
2.222447e-01
3.163409e-01
0
0
0
7.326270e-02
2.488633e-02
1.747276e-01
3.839058e-01
3.032267e-02
2.029730e-01
0
3.762928e-01
2.682487e-01
3.144798e-01
2.349553e-01
0
0
0
1.987456e-01
6.357175e-01
5.799189e-01
4.931113e-01
3.371027e-02
0
0
0
1.041142e-02
0
0
0
1.585775e-01
3.390559e-01
1.882460e-01
2.229291e-01
3.345889e-01
2.573442e-01
0
0
0
1.543172e-01
2.877334e-01
0
0
2.439746e-01
0
0
0
3.204741e-01
0
2.546429e-01
0
3.308569e-01
0
1.339133e-01
0
1.839882e-01
0
0
0
0
7.506366e-02
0
0
2.825121e-01
2.166021e-02
5.013119e-02
0
0
0
1.406794e-01
0
1.293910e-01
0
2.499484e-01
2.317084e-01
3.878704e-01
3.267617e-01
8.627335e-01
5.351369e-01
6.554302e-01
4.985091e-01
1.000000e+00
6.009387e-01
0
0
0
0
0
0
0
0
0
5.149713e-02
0
3.273428e-01
0
0
0
0
0
0
0
0
0
0
3.109308e-01
0
2.840624e-01
1.919963e-01
3.324149e-01
4.612522e-01
0
0
5.094633e-01
5.925347e-01
3.628167e-01
2.982272e-01
1.555344e-01
0
0
8.210316e-02
0
2.035768e-02
9.086341e-03
0
4.150821e-01
0
0
1.322937e-01
2.313628e-01
0
8.657696e-02
5.416440e-01
1.010488e-01
4.433305e-01
4.730685e-01
2.488549e-01
4.047476e-01
0
0
0
0
4.108684e-01
0
8.705564e-02
0
9.699796e-02
2.337067e-01
3.556636e-01
0
0
0
0
0
0
0
2.742987e-02
0
2.548932e-01
3.741373e-03
0
6.831514e-02
0
1.572494e-01
0
9.849119e-02
0
1.231945e-01
0
3.370274e-01
0
2.776635e-01
0
0
2.660841e-02
0
3.313354e-02
0
1.909511e-01
0
0
0
0
0
0
3.291669e-01
7.701774e-02
5.770443e-02
0
5.608736e-01
6.355028e-01
1.360640e-01
1.862117e-01
6.270317e-01
5.535773e-01
4.674947e-01
4.328340e-01
6.009387e-01
1
0
0
0
0
0
0
0
0
0
0
0
1.200356e-01
0
0
0
0
0
0
0
0
0
0
0
5.884579e-02
0
6.018245e-02
2.595370e-01
2.841342e-01
0
3.549267e-01
4.613487e-01
7.711262e-01
3.985807e-01
4.138480e-01
0
0
0
0
0
2.437406e-01
0
3.097402e-02
0
0
1.005107e-01
3.290823e-02
1.472853e-01
0
0
2.153422e-01
0
3.217355e-01
1.861993e-01
1.983087e-01
2.795839e-01
0
0
8.472464e-02
0
2.549317e-01
0
1.079144e-02
0
0
1.664613e-02
3.920349e-01
0
0
0
7.495794e-02
0
0
0
0
1.822962e-01
0
1.817702e-02
0
0
0
8.289406e-02
0
0
0
0
0
0
0
0
0
6.233509e-02
1.671058e-02
0
0
0
0
0
0
0
0
0
0
2.721181e-02
0
0
1.527258e-01
7.105809e-02
4.067596e-02
0
0
0
0
0
0
0
0
1.000000e+00
9.706930e-01
6.883320e-01
7.737491e-01
9.633821e-01
9.485160e-01
9.203288e-01
8.125443e-01
5.458353e-01
2.965085e-01
2.876811e-01
0
6.841292e-01
6.224172e-01
5.831766e-02
0
2.273660e-01
2.244098e-02
2.449559e-01
0
3.159296e-01
0
0
0
1.757665e-01
4.931406e-02
0
0
2.651136e-01
0
0
0
9.228261e-02
5.094248e-02
6.565962e-02
0
1.212133e-01
1.367681e-01
1.845555e-01
0
0
0
0
0
0
0
0
0
0
0
0
0
1.527534e-01
0
2.177450e-01
0
5.333598e-01
2.373355e-01
0
0
0
1.125455e-01
1.497857e-01
2.710358e-01
2.548250e-01
4.057887e-02
2.243060e-01
0
0
2.741763e-01
1.907795e-01
0
2.640368e-01
0
2.346481e-01
0
5.011763e-02
0
0
0
9.391160e-02
0
0
0
0
0
0
0
0
0
0
0
0
0
0
0
0
0
0
0
0
0
5.136056e-02
0
0
2.328995e-01
3.396515e-02
6.049177e-03
0
0
0
0
0
0
0
0
9.706930e-01
1
7.410187e-01
8.249190e-01
9.278629e-01
9.056024e-01
8.956103e-01
8.134175e-01
5.119385e-01
2.697263e-01
2.722560e-01
0
7.011879e-01
5.967723e-01
0
0
1.864909e-01
0
2.628359e-01
0
4.026735e-01
0
0
0
2.356750e-01
1.097135e-01
0
0
2.008839e-01
0
0
0
1.308634e-01
1.134835e-01
1.226393e-01
0
6.545607e-02
1.274583e-01
1.662031e-01
0
0
0
0
0
0
0
0
0
0
0
0
0
1.980536e-01
0
2.567724e-01
0
4.549401e-01
1.574466e-01
0
0
0
8.734671e-02
9.990677e-02
3.480345e-01
2.837952e-01
1.166864e-02
2.468048e-01
6.519458e-02
0
1.709964e-01
6.588162e-02
0
2.803538e-01
1.055567e-01
0
0
3.851557e-03
2.129527e-01
0
0
9.242589e-02
0
0
0
0
0
0
0
0
0
0
0
0
0
2.723329e-02
0
0
0
0
0
0
0
0
0
0
5.694745e-01
1.333166e-01
0
0
3.248517e-02
0
0
0
0
0
0
6.883320e-01
7.410187e-01
1
9.022813e-01
5.230000e-01
6.543126e-01
6.096535e-01
5.065992e-01
1.694601e-01
0
0
0
3.524111e-01
2.209187e-01
0
0
2.018039e-01
0
2.113463e-01
0
4.040480e-01
2.158890e-01
0
0
6.490432e-01
5.258774e-01
0
0
9.766642e-02
0
0
0
0
4.674194e-02
4.161319e-01
2.721742e-01
0
0
0
0
7.390937e-02
4.171677e-02
0
0
0
4.159365e-02
0
0
0
0
0
0
0
0
4.325408e-02
0
4.250776e-01
0
3.453810e-02
0
1.122283e-01
4.461247e-01
1.480277e-01
5.189099e-01
1.350398e-02
1.250843e-01
0
8.135810e-02
0
0
0
0
2.103109e-01
1.986776e-01
7.396703e-02
0
0
1.505515e-02
0
0
0
0
0
0
0
0
0
0
0
0
0
0
0
0
0
0
0
0
0
0
0
0
8.138426e-02
9.233002e-03
0
2.755296e-01
1.707278e-01
1.829624e-01
0
0
0
0
0
0
0
0
7.737491e-01
8.249190e-01
9.022813e-01
1
6.556628e-01
7.003831e-01
6.690317e-01
6.296333e-01
1.692061e-01
0
0
0
3.848157e-01
3.010297e-01
0
0
1.995334e-01
4.493170e-02
2.559407e-01
0
4.991384e-01
2.529254e-01
0
0
4.959881e-01
4.866158e-01
0
0
0
0
0
0
9.734290e-02
1.598685e-01
1.911239e-01
1.898394e-01
0
0
4.479086e-02
0
2.846749e-02
5.341886e-03
0
0
0
6.703852e-02
0
0
0
0
0
0
1.880129e-01
0
1.100312e-01
0
4.128627e-01
0
0
0
0
2.347144e-01
2.914033e-01
4.121679e-01
2.664262e-01
2.789145e-01
1.932490e-01
1.084210e-01
0
1.311930e-01
0
0
3.813275e-01
2.674838e-01
1.974329e-01
0
7.425755e-02
0
0
0
1.019695e-01
0
0
0
0
0
0
0
0
0
1.426959e-01
9.976672e-02
0
0
0
0
0
0
0
0
0
0
8.602055e-02
9.897874e-03
0
2.838152e-02
2.978483e-02
9.532244e-03
0
0
0
0
0
0
0
0
9.633821e-01
9.278629e-01
5.230000e-01
6.556628e-01
1.000000e+00
9.274004e-01
9.294135e-01
8.702286e-01
6.134870e-01
4.202551e-01
4.270508e-01
1.713023e-01
7.244677e-01
6.895002e-01
1.729946e-01
0
2.294663e-01
0
2.197961e-01
0
2.700414e-01
0
0
0
4.205775e-02
0
0
0
3.175967e-01
0
0
0
2.152829e-01
1.012274e-01
0
0
2.253134e-01
2.836313e-01
2.867057e-01
0
0
0
0
0
0
0
0
0
0
0
0
0
2.527801e-01
0
2.271016e-01
0
4.978974e-01
2.829273e-01
0
0
0
0
1.805288e-01
1.712963e-01
3.668581e-01
0
2.470587e-01
0
0
3.445142e-01
2.865038e-01
4.648850e-02
2.716933e-01
0
8.169151e-03
0
9.255465e-02
0
0
0
1.836210e-01
0
0
0
0
0
0
0
0
0
0
0
0
0
0
0
0
0
0
0
0
0
0
0
0
9.179039e-02
6.245973e-03
0
1.600081e-01
8.304986e-02
0
0
0
0
0
0
9.485160e-01
9.056024e-01
6.543126e-01
7.003831e-01
9.274004e-01
1
9.132229e-01
8.457549e-01
6.441948e-01
5.032683e-01
3.741227e-01
1.692464e-01
7.154394e-01
7.619799e-01
0
0
3.190880e-01
1.069323e-02
1.439790e-01
0
1.579637e-01
0
0
0
2.998139e-01
1.226271e-01
0
0
3.502923e-01
0
0
0
1.055165e-01
7.185255e-02
1.331664e-01
0
4.405555e-02
9.386450e-02
5.505560e-02
0
0
0
0
0
0
0
0
0
0
9.039600e-02
0
1.354767e-01
1.714964e-01
0
2.758983e-01
0
5.245694e-01
3.532122e-01
0
1.660168e-01
0
2.722915e-01
2.134760e-01
2.446386e-01
2.660944e-01
8.949155e-02
1.933874e-01
0
0
2.145236e-01
3.106344e-01
9.357519e-02
1.376957e-01
0
2.409874e-01
0
8.391490e-02
0
0
0
1.313639e-01
0
0
0
0
0
0
0
0
0
7.526340e-02
4.719425e-02
0
0
0
0
0
0
0
0
0
0
4.971646e-02
0
0
1.425508e-01
9.122852e-02
0
0
0
0
0
0
0
0
0
9.203288e-01
8.956103e-01
6.096535e-01
6.690317e-01
9.294135e-01
9.132229e-01
1
8.907069e-01
7.061197e-01
5.025946e-01
4.758272e-01
1.176044e-01
7.927521e-01
7.086924e-01
1.545997e-01
0
3.485232e-01
6.335456e-02
3.482978e-01
0
3.039105e-01
0
0
0
1.602651e-01
0
0
0
2.904556e-01
0
0
0
1.464727e-01
3.864385e-02
2.763143e-02
0
2.321599e-01
2.645220e-01
2.415239e-01
0
0
0
0
0
0
0
0
0
0
0
0
0
3.126677e-02
0
1.288779e-01
0
5.489895e-01
3.817979e-01
0
0
0
1.213229e-01
1.371539e-01
1.443255e-01
1.924844e-01
0
2.611210e-01
6.149594e-02
0
3.335252e-01
3.047555e-01
6.789169e-02
1.639424e-01
0
0
0
2.177043e-01
0
0
0
2.601943e-01
0
0
0
0
0
0
0
0
0
0
0
0
0
0
0
0
0
0
0
0
0
5.984331e-03
0
0
0
0
0
1.613898e-03
0
0
0
0
0
0
0
8.125443e-01
8.134175e-01
5.065992e-01
6.296333e-01
8.702286e-01
8.457549e-01
8.907069e-01
1
6.218015e-01
6.258563e-01
4.397746e-01
2.161706e-01
7.025986e-01
7.362331e-01
0
0
2.087956e-01
0
2.083550e-01
0
1.344300e-01
0
0
0
2.112025e-01
6.282168e-03
0
0
3.095269e-01
0
8.963793e-02
0
3.740972e-01
2.152180e-01
5.517941e-02
0
2.582916e-01
3.441272e-01
1.234780e-01
0
0
0
0
0
0
0
0
0
0
4.639173e-02
0
0
1.886512e-01
0
9.462433e-02
0
3.762102e-01
3.042763e-01
0
7.369461e-02
0
1.580501e-02
2.007201e-01
9.769551e-02
4.203685e-01
2.620391e-03
2.546947e-01
0
0
1.583724e-01
1.714993e-01
1.829954e-01
2.425642e-01
0
2.316416e-01
4.034425e-03
3.148088e-02
0
0
0
1.361290e-01
0
0
0
6.608152e-02
0
0
0
0
0
0
0
0
0
0
0
0
0
0
0
0
0
0
0
0
0
0
0
2.828598e-01
1.277018e-01
0
0
0
0
0
0
5.458353e-01
5.119385e-01
1.694601e-01
1.692061e-01
6.134870e-01
6.441948e-01
7.061197e-01
6.218015e-01
1
8.259714e-01
8.770055e-01
5.760259e-01
9.070853e-01
8.008213e-01
1.670308e-01
0
4.730596e-01
1.217611e-01
1.825952e-01
0
7.238621e-02
0
0
0
5.825343e-02
0
0
0
2.995141e-01
0
0
0
8.682514e-02
9.059546e-02
1.608513e-01
0
0
1.226899e-02
0
0
0
0
0
0
0
0
2.059009e-01
1.554889e-01
0
1.085983e-01
0
9.556381e-02
0
0
1.954600e-01
0
4.068243e-01
4.600494e-01
0
1.006456e-01
0
7.860687e-02
0
0
8.855647e-02
0
1.263882e-01
9.417316e-02
0
1.606948e-01
4.343460e-01
1.545376e-01
0
0
0
0
2.905238e-01
0
0
0
3.380263e-01
0
4.256542e-02
0
2.886751e-01
0
1.102131e-01
0
0
0
0
0
0
0
0
0
2.163303e-02
0
0
0
0
0
0
0
0
0
0
0
4.783314e-01
3.018007e-01
0
0
0
0
5.149713e-02
0
2.965085e-01
2.697263e-01
0
0
4.202551e-01
5.032683e-01
5.025946e-01
6.258563e-01
8.259714e-01
1
7.936337e-01
7.754823e-01
6.990372e-01
8.375223e-01
0
0
3.282056e-01
0
0
0
0
0
2.543736e-01
0
9.421527e-02
0
0
0
3.568308e-01
0
3.030461e-01
6.073889e-02
3.222428e-01
2.290518e-01
1.012385e-01
0
0
1.634199e-01
0
0
0
0
1.526858e-01
0
0
0
2.812670e-01
3.119835e-01
0
3.370882e-01
0
3.567734e-01
5.173490e-02
0
2.070990e-01
7.522746e-02
1.333609e-01
4.081954e-01
0
3.822404e-01
0
5.467928e-02
0
0
2.368997e-01
0
7.751276e-02
4.579247e-02
0
1.820941e-02
4.221364e-01
2.412699e-01
0
0
2.790920e-01
1.335810e-01
7.315636e-02
0
0
0
0
0
0
0
2.286070e-01
1.390063e-03
0
0
0
0
7.379401e-02
0
0
0
0
0
0
0
0
0
0
0
0
0
0
0
0
0
1.418716e-01
0
0
0
0
0
0
0
2.876811e-01
2.722560e-01
0
0
4.270508e-01
3.741227e-01
4.758272e-01
4.397746e-01
8.770055e-01
7.936337e-01
1.000000e+00
7.197896e-01
7.829501e-01
6.997563e-01
2.858053e-01
4.818977e-02
5.053589e-01
1.627392e-01
2.033723e-01
0
1.655886e-01
0
0
0
0
0
0
0
1.461474e-01
0
2.102101e-02
0
1.425910e-01
9.418613e-02
1.705344e-02
0
3.218140e-02
1.655452e-01
1.922703e-01
0
0
0
0
0
0
0
3.633551e-01
4.241337e-01
0
1.792012e-02
0
0
0
0
1.717299e-01
0
2.456346e-01
3.546450e-01
0
0
0
0
0
0
2.367107e-01
0
1.230387e-01
1.619923e-01
3.194288e-02
2.046245e-01
3.540514e-01
8.827698e-02
0
0
0
5.786961e-03
2.700446e-01
0
3.183879e-02
0
2.372044e-01
0
1.666844e-01
0
4.903252e-01
0
1.673741e-01
0
0
0
0
0
0
0
0
0
2.506774e-01
0
2.380844e-01
0
0
0
0
0
0
0
0
0
4.973361e-01
3.176903e-01
2.289370e-01
0
4.535778e-02
2.245725e-01
3.273428e-01
1.200356e-01
0
0
0
0
1.713023e-01
1.692464e-01
1.176044e-01
2.161706e-01
5.760259e-01
7.754823e-01
7.197896e-01
1
4.262048e-01
5.846296e-01
1.475142e-01
0
1.577674e-01
0
0
0
0
0
2.950905e-01
4.099148e-02
0
0
0
0
2.557983e-01
0
2.936041e-01
2.120330e-01
2.903711e-01
1.407173e-01
0
0
0
1.931822e-01
0
0
0
0
2.572147e-01
0
0
0
3.521044e-01
4.927203e-01
0
4.391207e-01
0
5.169853e-01
2.673451e-01
6.998458e-02
3.384237e-01
6.958152e-02
0
2.336078e-01
0
3.318838e-01
0
0
0
0
2.126062e-01
0
0
0
4.910173e-03
1.793642e-01
4.747143e-01
2.004487e-02
0
0
3.059991e-01
0
5.849334e-02
0
0
0
1.305263e-01
0
0
0
2.345904e-02
0
0
0
0
0
0
0
0
0
0
0
0
0
0
0
0
0
0
0
0
4.016985e-02
0
0
1.349395e-01
0
0
0
0
0
0
0
6.841292e-01
7.011879e-01
3.524111e-01
3.848157e-01
7.244677e-01
7.154394e-01
7.927521e-01
7.025986e-01
9.070853e-01
6.990372e-01
7.829501e-01
4.262048e-01
1
8.196059e-01
1.330577e-01
0
3.770248e-01
0
2.412518e-01
0
2.328744e-01
0
0
0
6.899932e-02
0
0
0
2.418295e-01
0
0
0
1.160826e-01
1.583543e-01
1.792914e-01
0
0
1.421846e-01
1.127431e-01
0
0
0
0
0
0
0
1.673367e-01
0
0
0
0
0
1.826330e-02
0
2.551252e-01
0
3.717159e-01
2.897501e-01
0
0
0
1.225796e-03
0
1.024366e-01
2.328896e-01
0
2.708505e-01
2.721722e-01
0
2.131369e-01
3.538956e-01
0
0
0
1.769018e-02
0
1.773921e-01
0
0
0
1.632374e-01
0
8.892122e-02
0
4.308083e-02
0
0
0
0
0
0
0
0
0
0
0
0
0
0
0
0
0
0
0
0
0
0
0
3.026598e-01
1.571467e-01
0
0
0
4.993728e-02
0
0
6.224172e-01
5.967723e-01
2.209187e-01
3.010297e-01
6.895002e-01
7.619799e-01
7.086924e-01
7.362331e-01
8.008213e-01
8.375223e-01
6.997563e-01
5.846296e-01
8.196059e-01
1
0
0
2.994936e-01
0
2.760526e-02
0
0
0
0
0
2.726560e-02
0
0
0
2.854153e-01
0
0
0
8.817106e-02
7.411744e-02
0
0
0
2.420643e-01
5.829111e-02
0
0
0
0
0
0
0
8.835536e-02
1.347442e-01
0
1.771457e-01
0
3.413081e-01
2.306040e-01
0
3.298297e-01
0
1.452908e-01
3.670212e-01
0
2.821047e-01
0
2.646158e-02
2.862929e-02
1.092213e-01
3.634231e-01
0
3.876608e-01
2.163697e-01
0
1.276032e-01
4.433624e-01
1.701861e-01
2.434437e-02
0
3.373885e-01
4.013165e-01
0
1.673008e-01
0
1.935668e-01
0
1.684853e-01
0
1.678112e-01
0
4.021204e-01
0
0
0
0
6.385187e-01
5.517820e-01
2.208139e-01
5.152294e-02
0
0
0
0
0
0
0
1.002194e-01
3.495218e-01
2.765356e-01
0
0
2.534731e-01
2.727412e-01
0
0
0
0
0
0
0
0
5.831766e-02
0
0
0
1.729946e-01
0
1.545997e-01
0
1.670308e-01
0
2.858053e-01
1.475142e-01
1.330577e-01
0
1.000000e+00
6.768466e-01
3.857832e-01
4.634906e-01
4.086738e-01
5.770923e-03
3.238337e-01
2.456624e-01
0
0
0
0
2.592782e-01
1.187441e-01
0
0
0
0
4.933979e-02
0
0
1.666305e-01
4.397157e-01
2.351366e-01
5.691521e-01
2.500530e-01
0
9.332269e-02
0
0
9.275977e-02
0
1.267140e-01
1.037682e-02
0
0
0
0
0
2.409217e-01
0
1.248348e-01
3.292609e-01
2.474011e-01
1.832272e-01
0
1.089485e-01
0
1.984141e-01
0
1.825070e-01
0
9.641140e-02
0
2.697750e-01
5.772864e-01
2.931765e-01
5.438320e-02
2.159973e-01
1.173930e-01
5.689697e-01
7.170342e-01
0
2.672953e-01
0
1.589688e-01
0
3.994495e-01
0
8.289065e-02
0
6.024315e-01
0
1.051066e-01
0
1.215192e-02
7.506497e-01
7.003244e-01
4.704872e-01
4.394493e-01
2.302209e-01
2.263107e-01
0
0
0
0
1.783307e-02
3.886495e-01
5.646691e-01
7.148000e-01
0
0
3.119972e-01
5.076519e-01
0
0
0
7.343413e-02
0
0
0
0
0
0
0
0
0
0
0
0
0
0
4.818977e-02
0
0
0
6.768466e-01
1
2.183060e-01
5.755483e-01
3.653869e-01
2.947692e-01
4.817709e-01
5.512346e-01
0
0
0
0
3.985147e-01
9.194501e-02
0
0
0
2.975075e-02
0
0
0
3.479687e-01
3.769418e-01
6.287686e-02
5.702074e-01
2.440818e-01
2.714913e-01
3.019571e-01
0
0
2.604950e-01
0
0
8.524654e-02
0
0
0
0
0
2.846660e-01
0
1.192968e-01
2.743497e-01
1.930773e-01
1.851513e-01
0
2.195649e-01
0
2.507305e-01
0
6.387042e-03
0
6.966609e-02
5.605183e-02
4.772375e-01
4.605156e-01
0
2.203749e-02
1.485850e-01
3.378239e-01
8.959720e-02
0
0
1.198653e-01
0
0
0
9.264210e-02
0
0
0
1.886368e-01
0
0
0
0
9.435027e-02
0
0
0
0
0
0
0
0
0
0
0
0
0
0
0
1.598610e-01
2.348247e-02
3.885398e-02
1.550912e-01
0
0
0
0
0
0
2.273660e-01
1.864909e-01
2.018039e-01
1.995334e-01
2.294663e-01
3.190880e-01
3.485232e-01
2.087956e-01
4.730596e-01
3.282056e-01
5.053589e-01
1.577674e-01
3.770248e-01
2.994936e-01
3.857832e-01
2.183060e-01
1
8.025374e-01
5.817640e-01
6.276788e-02
5.399825e-01
2.114057e-01
0
0
2.066992e-01
3.614322e-01
3.311284e-01
0
0
0
3.026058e-02
0
0
0
2.634474e-01
3.598093e-01
0
0
2.398311e-01
0
0
0
0
0
0
0
1.985161e-01
0
1.974218e-01
0
0
0
0
0
1.111798e-02
2.505687e-01
6.702054e-01
5.398980e-01
3.340097e-01
0
3.683933e-01
3.233680e-01
4.288065e-01
1.244724e-01
2.986480e-01
3.137163e-01
2.755611e-02
0
2.466069e-01
3.355103e-01
2.095417e-01
1.720282e-01
0
7.438214e-03
3.414822e-01
2.531406e-01
0
3.282598e-01
0
0
0
4.945696e-01
0
0
0
5.459326e-01
0
8.581750e-02
0
0
2.207564e-01
7.054112e-02
0
0
4.364412e-02
0
0
0
0
0
0
0
1.426094e-01
1.465388e-01
0
0
3.867620e-01
3.854229e-01
0
0
0
0
0
0
0
0
2.244098e-02
0
0
4.493170e-02
0
1.069323e-02
6.335456e-02
0
1.217611e-01
0
1.627392e-01
0
0
0
4.634906e-01
5.755483e-01
8.025374e-01
1.000000e+00
6.511626e-01
3.425439e-01
5.656905e-01
5.342694e-01
0
0
0
3.361629e-01
4.882770e-01
0
0
0
0
7.623662e-02
0
0
1.136993e-01
6.123405e-01
0
0
2.297093e-01
0
0
1.255554e-01
0
0
0
0
1.409822e-01
0
2.237565e-01
0
0
0
0
2.871606e-02
0
2.244815e-01
5.939197e-01
5.163774e-01
4.448527e-01
0
5.684474e-01
2.038670e-01
3.528267e-01
0
1.079354e-01
3.753306e-01
7.416475e-03
0
4.275035e-01
3.163301e-01
7.170673e-02
9.375980e-02
0
1.890522e-01
3.843450e-01
1.708412e-01
0
2.119721e-01
0
0
0
2.719983e-01
0
0
0
4.337976e-01
0
1.748782e-02
0
0
3.413812e-01
1.596376e-01
1.024213e-01
0
0
0
0
0
0
0
0
0
3.594764e-01
1.882623e-01
0
0
3.509274e-01
2.794812e-01
0
0
0
0
0
0
0
0
2.449559e-01
2.628359e-01
2.113463e-01
2.559407e-01
2.197961e-01
1.439790e-01
3.482978e-01
2.083550e-01
1.825952e-01
0
2.033723e-01
0
2.412518e-01
2.760526e-02
4.086738e-01
3.653869e-01
5.817640e-01
6.511626e-01
1
0
6.571533e-01
5.224329e-01
0
0
0
1.346449e-01
2.178498e-01
0
0
0
0
0
0
0
1.501607e-01
3.896408e-01
8.558005e-02
0
4.730789e-01
0
7.614636e-02
3.436726e-01
0
0
0
1.074484e-01
6.155537e-02
0
0
0
0
0
0
0
0
1.260619e-01
5.145531e-01
3.384069e-01
1.576606e-02
0
1.612578e-01
0
0
1.220858e-01
2.046960e-01
1.820006e-01
7.361040e-03
8.804995e-02
1.338729e-01
3.310835e-01
7.887458e-03
0
0
4.445853e-01
7.377609e-02
1.298101e-01
0
4.238118e-01
1.423751e-01
4.243733e-01
0
6.521755e-01
0
5.294800e-01
1.836026e-02
5.034876e-01
1.917943e-01
5.752318e-01
1.599922e-01
5.291457e-01
9.834543e-02
6.425655e-02
1.879514e-02
4.028466e-01
2.374211e-01
2.957538e-01
0
1.576866e-01
2.920487e-01
3.737542e-01
4.362565e-01
5.707432e-01
0
1.757433e-01
1.821461e-02
0
0
0
0
1.526413e-01
0
5.500777e-02
2.753783e-01
0
0
0
0
0
0
0
0
0
0
0
0
0
0
0
0
0
5.770923e-03
2.947692e-01
6.276788e-02
3.425439e-01
0
1
0
3.194855e-01
4.446840e-02
7.116625e-01
0
3.205528e-02
3.897491e-01
2.795116e-01
0
6.054674e-02
0
0
0
0
0
2.458784e-01
0
0
1.242824e-02
3.773942e-01
1.501973e-01
3.853788e-01
8.113549e-02
7.231724e-01
6.173534e-02
3.248633e-01
2.332697e-01
3.812828e-01
5.504251e-01
0
2.253128e-01
0
0
1.884929e-01
0
5.125139e-01
0
0
4.012123e-01
0
3.612459e-01
6.066822e-02
5.325892e-02
0
0
7.874207e-02
0
2.343197e-01
6.871137e-01
0
0
2.182530e-01
0
0
5.466804e-01
1.489941e-01
0
2.654523e-01
0
0
0
2.086126e-01
0
0
0
4.057632e-01
0
1.228237e-01
0
0
3.550872e-01
6.225862e-02
1.633323e-01
2.250890e-01
0
0
0
0
0
0
0
0
4.046915e-01
4.703503e-01
0
2.522541e-01
1.547543e-01
2.159734e-01
0
0
0
0
0
3.876831e-02
0
0
3.159296e-01
4.026735e-01
4.040480e-01
4.991384e-01
2.700414e-01
1.579637e-01
3.039105e-01
1.344300e-01
7.238621e-02
0
1.655886e-01
0
2.328744e-01
0
3.238337e-01
4.817709e-01
5.399825e-01
5.656905e-01
6.571533e-01
0
1.000000e+00
7.328624e-01
0
0
0
1.902160e-01
3.020302e-01
0
0
0
0
0
0
8.350692e-03
0
3.743373e-01
5.812106e-02
0
4.922601e-01
0
4.111863e-01
3.464472e-01
0
0
2.636633e-01
1.346387e-01
0
0
0
0
0
0
3.999981e-02
2.406714e-01
0
0
3.477112e-01
0
0
0
8.089704e-03
0
2.447062e-01
4.327153e-01
3.174578e-01
3.196172e-02
2.045679e-01
3.018744e-01
2.719626e-01
2.303827e-01
0
0
3.357794e-01
6.551769e-01
6.231965e-01
4.179190e-01
0
5.983529e-01
0
0
0
5.216915e-01
0
0
0
4.758304e-01
0
3.634278e-01
0
3.792099e-01
2.925357e-01
1.324705e-01
2.505578e-01
4.801239e-01
6.456856e-02
0
0
0
0
0
0
9.834105e-02
5.265827e-01
5.508197e-01
8.452723e-02
2.968317e-01
4.619834e-01
4.477538e-01
0
0
0
1.972114e-01
1.974772e-01
6.991862e-02
0
0
0
0
2.158890e-01
2.529254e-01
0
0
0
0
0
0
0
0
0
0
2.456624e-01
5.512346e-01
2.114057e-01
5.342694e-01
5.224329e-01
3.194855e-01
7.328624e-01
1
0
0
0
2.218538e-01
3.290046e-01
0
0
0
0
6.865099e-02
0
0
0
5.596231e-01
0
0
2.491302e-01
3.679596e-01
6.007859e-01
6.963140e-01
0
0
4.859874e-01
3.800659e-01
7.983980e-02
0
0
0
0
0
0
1.615466e-01
0
0
1.420729e-01
0
7.593671e-02
0
2.057198e-01
0
0
1.585955e-01
0
4.641067e-02
1.411398e-01
4.227549e-01
3.737753e-01
1.827956e-01
0
0
2.051248e-01
6.094103e-01
0
0
6.379781e-01
0
6.119389e-01
2.556377e-01
7.290172e-01
0
5.787945e-01
2.768583e-01
5.457601e-01
0
4.737764e-01
0
4.589819e-01
1.643857e-01
0
0
0
0
0
4.561376e-02
7.658225e-01
5.990965e-01
6.619780e-01
4.071085e-01
3.967919e-01
0
0
0
2.489354e-01
1.049079e-01
0
0
7.247005e-01
5.592527e-01
0
0
2.665530e-01
0
3.109308e-01
0
0
0
0
0
0
0
0
0
0
2.543736e-01
0
2.950905e-01
0
0
0
0
0
0
0
4.446840e-02
0
0
1.000000e+00
5.399227e-01
3.735570e-01
3.193212e-02
0
3.329598e-02
5.400263e-01
1.662125e-01
3.174504e-01
0
4.731158e-02
0
2.273075e-01
0
0
0
0
0
0
0
8.470361e-01
5.255062e-01
0
5.296189e-02
2.081419e-01
2.631526e-01
3.185271e-01
6.042212e-01
5.901077e-01
5.953291e-01
0
0
0
0
0
0
9.956021e-02
6.490683e-01
0
1.890373e-01
0
0
0
0
0
0
0
0
7.264802e-02
9.692948e-03
0
0
0
0
0
3.669038e-02
4.790647e-01
4.277033e-01
4.617995e-02
3.227749e-01
2.823076e-01
5.666096e-01
2.601420e-01
2.098186e-01
6.077400e-01
4.477519e-01
3.497446e-01
4.239556e-01
0
0
0
7.761902e-02
1.585163e-01
3.793763e-01
2.595484e-01
3.179838e-01
6.064036e-01
3.873465e-01
5.797533e-01
4.244797e-01
0
0
0
0
0
0
3.611626e-01
4.193174e-01
0
4.287734e-02
2.192249e-01
4.202917e-02
0
5.884579e-02
0
0
0
0
0
0
0
0
0
0
0
4.099148e-02
0
0
0
0
0
0
0
7.116625e-01
0
0
5.399227e-01
1
0
0
3.490907e-02
2.902694e-01
3.767757e-02
3.603183e-01
0
0
0
0
0
0
0
0
0
2.968269e-01
0
0
4.309581e-01
8.626827e-01
0
1.854485e-01
2.725130e-01
6.106463e-01
5.023795e-01
3.095661e-01
5.009037e-01
4.017932e-01
0
0
0
3.778217e-01
0
1.601134e-03
2.571776e-01
4.271208e-01
1.450096e-01
6.850902e-02
0
0
0
0
0
0
2.645308e-01
0
6.227942e-02
4.039900e-01
0
0
0
0
3.377189e-02
7.177232e-02
0
0
2.897386e-01
0
0
0
0
0
0
0
0
0
0
0
0
0
0
0
5.543434e-03
5.360494e-02
0
0
0
0
0
0
0
2.256087e-01
6.702725e-02
0
4.994670e-01
5.722965e-01
0
0
7.077106e-02
0
2.840624e-01
0
1.757665e-01
2.356750e-01
6.490432e-01
4.959881e-01
4.205775e-02
2.998139e-01
1.602651e-01
2.112025e-01
5.825343e-02
9.421527e-02
0
0
6.899932e-02
2.726560e-02
0
0
2.066992e-01
0
0
0
0
0
3.735570e-01
0
1.000000e+00
8.476301e-01
0
8.282068e-03
5.318038e-02
0
1.905544e-01
3.656133e-03
0
8.771424e-02
6.614412e-01
3.825811e-01
0
0
0
0
0
0
1.849225e-01
1.983494e-02
0
2.062619e-01
0
0
3.807768e-01
3.625098e-01
3.948995e-01
1.730898e-01
0
0
7.157661e-02
0
3.015428e-01
6.470071e-02
3.271968e-01
4.636572e-01
3.628583e-01
7.152239e-01
2.043799e-01
3.026091e-01
0
4.177627e-01
0
0
0
0
0
4.044222e-02
0
0
0
0
0
1.873166e-01
0
0
0
1.030905e-01
0
0
0
0
0
2.807272e-02
0
0
0
0
0
0
2.016972e-02
0
0
0
0
0
0
0
0
0
0
3.852267e-02
2.125206e-01
2.253350e-01
2.563433e-01
4.927882e-01
0
5.189358e-02
1.327546e-01
0
1.919963e-01
6.018245e-02
4.931406e-02
1.097135e-01
5.258774e-01
4.866158e-01
0
1.226271e-01
0
6.282168e-03
0
0
0
0
0
0
0
0
3.614322e-01
3.361629e-01
1.346449e-01
3.205528e-02
1.902160e-01
2.218538e-01
3.193212e-02
0
8.476301e-01
1
2.632641e-01
1.447578e-01
0
9.275477e-03
1.923240e-01
2.360328e-01
0
1.818623e-01
6.041817e-01
6.391336e-01
0
0
0
0
0
1.429422e-02
0
1.024464e-01
0
3.382724e-01
0
0
4.191496e-01
1.128416e-01
2.591063e-01
0
0
0
1.197340e-01
1.541324e-01
3.654400e-01
1.307196e-01
3.882055e-01
2.478991e-01
4.927437e-01
6.406050e-01
3.316874e-01
2.318104e-01
0
6.556386e-01
0
0
0
0
0
7.292351e-02
0
5.886292e-02
0
5.161062e-02
0
0
0
0
0
1.992346e-01
0
0
0
3.245591e-01
0
2.416866e-01
0
0
2.928511e-01
1.791422e-01
1.417001e-01
4.867806e-01
0
0
0
0
0
0
0
0
4.504952e-01
3.904631e-01
0
0
3.349223e-01
4.863127e-01
0
0
4.084233e-01
3.522871e-01
3.604572e-01
4.156392e-01
3.324149e-01
2.595370e-01
0
0
0
0
0
0
0
0
0
0
0
0
0
0
2.592782e-01
3.985147e-01
3.311284e-01
4.882770e-01
2.178498e-01
3.897491e-01
3.020302e-01
3.290046e-01
0
3.490907e-02
0
2.632641e-01
1
7.699444e-01
0
0
1.456476e-01
4.531284e-01
0
4.782069e-02
0
1.882644e-01
1.244567e-01
0
3.557312e-01
2.231139e-01
1.247377e-01
1.165459e-01
0
7.762701e-02
2.836554e-02
2.364645e-01
5.999837e-02
2.037392e-02
3.508587e-01
0
0
0
2.562248e-01
6.595176e-01
1.085150e-01
5.572515e-01
1.200918e-01
1.540484e-01
6.877397e-02
0
2.252587e-01
0
4.351500e-01
0
4.868207e-01
5.945001e-01
1.614371e-02
0
4.775454e-01
3.153382e-01
0
1.490297e-01
3.168154e-02
3.116415e-01
0
0
0
0
0
2.794929e-02
0
0
1.372134e-02
1.557687e-01
0
9.525844e-02
0
2.191463e-01
0
1.263825e-01
7.966278e-02
1.821959e-01
2.679078e-01
4.994628e-01
0
0
0
8.015408e-02
0
0
0
0
2.395257e-01
1.517356e-01
0
0
1.062424e-01
3.012985e-01
0
4.324187e-02
4.089284e-01
4.601594e-01
3.112073e-01
4.204048e-01
4.612522e-01
2.841342e-01
0
0
0
0
0
0
0
0
0
0
0
0
0
0
1.187441e-01
9.194501e-02
0
0
0
2.795116e-01
0
0
3.329598e-02
2.902694e-01
8.282068e-03
1.447578e-01
7.699444e-01
1
0
0
2.374465e-01
3.936226e-01
9.878288e-02
1.256651e-02
0
0
2.334254e-01
6.403637e-02
1.739166e-01
3.621395e-01
0
0
1.769767e-01
2.707106e-01
0
2.375137e-01
0
1.465361e-01
3.885530e-01
1.589270e-01
2.063419e-01
8.241387e-02
3.439701e-01
5.652052e-01
0
6.207036e-01
0
0
0
1.211892e-01
1.338762e-02
0
4.471250e-01
0
3.820016e-01
4.258137e-01
2.129086e-02
0
2.064191e-01
6.277505e-02
0
3.672582e-01
1.294310e-01
1.503862e-01
0
0
6.370304e-01
0
5.844142e-01
2.345310e-01
7.607970e-01
0
4.773212e-01
1.299617e-01
4.681036e-01
0
2.382095e-01
0
2.091035e-01
0
0
0
5.013697e-02
0
2.957027e-01
2.498034e-01
5.755490e-01
3.996120e-01
5.134600e-01
2.428127e-01
3.676202e-01
1.802537e-02
0
0
2.280874e-01
2.222032e-01
0
0
4.198549e-01
1.256812e-01
0
0
0
0
0
0
2.651136e-01
2.008839e-01
9.766642e-02
0
3.175967e-01
3.502923e-01
2.904556e-01
3.095269e-01
2.995141e-01
3.568308e-01
1.461474e-01
2.557983e-01
2.418295e-01
2.854153e-01
0
0
0
0
0
0
0
0
5.400263e-01
3.767757e-02
5.318038e-02
0
0
0
1.000000e+00
4.070868e-01
2.946434e-01
0
3.300676e-01
1.956399e-01
0
0
0
2.405088e-01
0
0
0
0
2.245333e-01
0
0
0
0
2.156410e-03
0
2.292264e-01
1.621558e-01
2.984845e-01
0
0
0
0
0
0
0
2.467139e-01
0
0
0
0
0
0
0
0
0
0
4.506064e-01
5.950308e-02
0
0
1.145821e-02
1.782784e-01
6.137981e-02
1.311386e-01
4.765594e-01
2.179928e-01
2.600400e-01
3.204985e-01
2.429565e-01
2.334036e-02
3.488283e-02
1.348275e-01
3.966332e-01
3.560002e-01
3.095023e-01
4.630702e-01
0
0
1.939276e-01
8.168664e-02
6.023347e-01
7.110249e-01
2.267167e-01
3.098110e-01
3.033116e-01
2.617773e-01
4.782101e-01
3.146581e-01
0
0
0
5.586623e-02
9.791455e-02
1.814661e-01
4.417521e-02
7.834630e-02
0
7.630933e-02
0
0
0
3.549267e-01
0
0
0
0
0
0
0
0
0
0
0
0
0
0
0
0
0
0
0
6.054674e-02
0
0
1.662125e-01
3.603183e-01
0
9.275477e-03
0
0
4.070868e-01
1
1.864600e-01
2.313080e-01
2.138900e-01
3.536505e-01
0
0
0
0
0
2.356370e-01
0
3.779264e-02
0
2.772421e-01
1.621437e-01
8.901755e-02
0
0
7.415923e-02
0
3.403976e-01
8.703441e-02
0
0
0
0
0
0
0
5.533933e-02
8.160001e-02
0
0
0
0
0
0
0
0
0
2.065251e-02
6.204286e-02
3.013005e-02
0
0
0
3.361698e-01
0
2.209524e-02
0
4.050242e-01
0
0
0
3.614290e-01
0
1.686141e-02
0
0
0
0
0
1.043560e-01
1.374441e-02
4.579760e-02
5.666511e-02
3.834270e-01
1.630813e-01
1.419610e-01
0
0
0
0
0
3.068962e-01
0
3.171340e-01
2.045430e-01
2.432613e-01
1.518044e-01
4.034539e-01
6.296083e-02
3.134130e-01
1.876626e-01
5.094633e-01
4.613487e-01
0
0
0
0
0
0
0
8.963793e-02
0
3.030461e-01
2.102101e-02
2.936041e-01
0
0
0
0
3.026058e-02
0
0
0
0
0
3.174504e-01
0
1.905544e-01
1.923240e-01
1.456476e-01
2.374465e-01
2.946434e-01
1.864600e-01
1.000000e+00
7.102132e-01
8.243080e-01
7.318816e-01
7.642948e-02
0
0
0
0
0
0
0
3.166804e-01
1.160753e-01
0
0
9.983222e-02
1.028380e-02
5.214565e-02
1.205393e-01
0
1.232410e-01
1.676691e-01
0
0
0
0
0
0
1.629770e-01
1.005581e-01
1.017060e-02
0
0
1.488168e-01
8.399277e-02
0
0
0
0
0
0
0
8.513590e-02
0
2.318640e-01
0
0
0
0
7.625672e-03
0
0
0
9.998125e-02
0
8.304491e-02
0
0
0
0
0
4.505255e-02
1.416665e-01
3.059747e-02
1.582088e-01
0
0
0
0
0
0
2.900775e-01
7.215707e-02
0
0
4.252096e-01
5.968354e-01
2.815967e-02
1.038201e-01
5.697736e-01
4.922906e-01
4.172013e-01
4.530302e-01
5.925347e-01
7.711262e-01
0
0
0
0
0
0
0
0
0
6.073889e-02
0
2.120330e-01
0
0
0
2.975075e-02
0
7.623662e-02
0
0
0
6.865099e-02
0
0
3.656133e-03
2.360328e-01
4.531284e-01
3.936226e-01
0
2.313080e-01
7.102132e-01
1
6.811872e-01
7.044976e-01
4.478193e-02
8.117332e-02
0
0
0
1.886874e-01
0
1.607370e-02
1.879553e-02
9.684286e-02
1.409879e-01
8.404114e-02
1.845109e-01
0
4.044647e-02
2.686221e-03
0
0
2.231651e-01
2.372695e-01
1.658293e-01
9.610630e-02
0
0
0
3.162863e-05
0
0
0
0
2.077510e-01
3.952410e-01
0
0
0
1.847191e-02
0
0
0
1.033706e-01
2.160932e-02
1.800731e-01
3.487013e-01
0
0
0
3.858830e-01
0
2.120434e-02
0
2.535949e-01
0
0
0
0
0
0
0
3.044421e-01
2.964555e-02
1.877832e-02
3.330233e-02
3.140883e-01
1.210185e-01
0
0
0
0
1.916461e-01
0
2.026605e-01
2.039448e-02
2.788690e-01
2.685722e-01
0
0
3.998228e-01
1.258791e-01
1.605910e-02
2.222447e-01
3.628167e-01
3.985807e-01
9.228261e-02
1.308634e-01
0
9.734290e-02
2.152829e-01
1.055165e-01
1.464727e-01
3.740972e-01
8.682514e-02
3.222428e-01
1.425910e-01
2.903711e-01
1.160826e-01
8.817106e-02
4.933979e-02
0
0
0
0
0
0
0
4.731158e-02
0
0
0
0
9.878288e-02
3.300676e-01
2.138900e-01
8.243080e-01
6.811872e-01
1
8.458848e-01
0
0
0
2.237563e-01
0
1.566637e-02
0
0
1.043319e-01
0
2.564996e-01
0
0
0
0
0
0
0
3.580088e-01
0
0
0
0
0
0
0
0
0
0
0
2.855606e-01
0
0
0
0
0
0
0
2.387128e-01
1.762574e-01
6.215319e-02
9.709650e-02
1.120448e-01
0
0
0
2.450571e-01
0
3.162644e-02
0
8.971174e-02
0
0
0
0
0
0
0
7.449666e-02
0
1.067312e-01
1.034266e-01
1.535539e-01
6.948355e-02
0
0
0
0
4.935931e-02
0
1.102069e-01
2.679375e-02
2.596462e-01
2.516592e-01
5.677741e-03
0
3.020454e-01
1.045469e-01
4.972420e-02
3.163409e-01
2.982272e-01
4.138480e-01
5.094248e-02
1.134835e-01
4.674194e-02
1.598685e-01
1.012274e-01
7.185255e-02
3.864385e-02
2.152180e-01
9.059546e-02
2.290518e-01
9.418613e-02
1.407173e-01
1.583543e-01
7.411744e-02
0
0
0
0
0
0
8.350692e-03
0
0
0
8.771424e-02
1.818623e-01
4.782069e-02
1.256651e-02
1.956399e-01
3.536505e-01
7.318816e-01
7.044976e-01
8.458848e-01
1.000000e+00
5.736853e-02
0
0
0
0
6.107287e-02
0
0
0
0
2.889789e-01
0
8.481957e-02
0
0
0
0
0
3.128398e-01
0
2.010558e-02
0
0
0
0
0
0
0
0
0
2.433360e-01
6.938720e-02
1.862248e-02
0
0
0
0
0
2.146191e-01
8.206582e-02
0
0
0
8.464947e-02
0
0
1.520857e-01
0
0
0
3.417066e-02
0
2.789814e-02
0
0
0
0
0
0
0
4.062428e-02
0
0
0
0
0
0
0
0
0
0
2.184439e-01
3.088414e-03
0
5.028094e-01
5.814322e-01
0
0
1.622118e-01
0
1.555344e-01
0
6.565962e-02
1.226393e-01
4.161319e-01
1.911239e-01
0
1.331664e-01
2.763143e-02
5.517941e-02
1.608513e-01
1.012385e-01
1.705344e-02
0
1.792914e-01
0
0
0
2.634474e-01
1.136993e-01
1.501607e-01
0
0
0
2.273075e-01
0
6.614412e-01
6.041817e-01
0
0
0
0
7.642948e-02
4.478193e-02
0
5.736853e-02
1.000000e+00
4.393608e-01
0
0
0
0
0
1.965608e-01
7.850869e-02
9.963530e-02
0
3.311933e-01
1.117037e-01
0
3.888856e-01
3.205797e-01
9.952903e-02
2.129528e-04
0
0
1.390021e-01
0
4.455735e-01
1.679396e-01
2.853511e-01
2.207647e-01
3.983048e-01
5.399054e-01
0
1.995715e-01
0
3.721656e-01
0
0
0
0
0
0
0
0
1.558324e-01
9.517619e-02
0
6.113864e-01
0
0
0
4.266807e-01
0
0
0
2.100831e-01
0
8.166215e-02
0
1.567996e-01
0
0
0
8.781199e-02
2.655985e-01
7.810740e-02
0
0
0
0
0
1.061815e-01
0
0
0
1.492854e-01
3.561602e-01
4.301665e-01
0
9.008101e-02
0
0
1.334228e-01
0
0
0
0
0
2.721742e-01
1.898394e-01
0
0
0
0
0
0
0
0
0
0
1.666305e-01
3.479687e-01
3.598093e-01
6.123405e-01
3.896408e-01
2.458784e-01
3.743373e-01
5.596231e-01
0
0
3.825811e-01
6.391336e-01
1.882644e-01
0
0
0
0
8.117332e-02
0
0
4.393608e-01
1
0
0
0
0
0
3.646905e-01
0
1.378194e-01
0
2.289565e-01
4.486173e-02
0
3.660979e-01
0
9.232667e-02
0
0
0
0
0
4.947475e-01
1.923579e-01
6.766840e-01
0
7.134494e-01
4.340213e-01
1.879029e-01
8.601036e-02
0
2.862823e-01
0
0
7.941780e-02
0
0
0
0
2.351218e-01
0
6.077858e-02
1.147538e-01
0
0
3.446261e-01
0
0
1.132941e-01
4.157797e-01
0
8.812211e-02
0
0
5.148961e-03
0
6.894147e-01
8.224393e-01
5.416906e-01
2.887801e-01
0
0
0
0
0
0
0
1.473660e-01
4.328997e-01
3.815280e-01
8.132031e-02
0
1.687229e-01
1.490196e-01
0
0
8.037244e-02
0
0
0
0
0
1.212133e-01
6.545607e-02
0
0
2.253134e-01
4.405555e-02
2.321599e-01
2.582916e-01
0
0
3.218140e-02
0
0
0
4.397157e-01
3.769418e-01
0
0
8.558005e-02
0
5.812106e-02
0
0
0
0
0
1.244567e-01
2.334254e-01
0
0
0
0
0
0
0
0
1
7.414310e-01
6.652934e-01
1.694039e-01
2.240196e-01
0
0
0
1.202002e-01
0
0
1.640791e-02
0
0
0
0
1.400777e-01
2.428102e-01
0
1.939067e-01
1.276128e-01
1.936152e-01
0
0
0
0
3.009011e-01
0
2.020665e-01
0
3.403644e-01
0
0
4.005068e-01
1.847211e-02
2.740273e-01
4.198347e-01
4.346408e-02
1.323672e-02
1.259641e-01
5.488672e-01
0
1.543875e-01
2.656842e-01
3.014057e-01
0
5.099301e-01
2.523704e-01
2.356500e-01
0
7.773876e-03
0
3.704226e-01
0
4.696848e-01
5.154390e-01
5.433674e-01
1.524410e-01
0
0
2.267507e-01
1.241592e-01
4.241218e-03
0
0
0
4.472375e-01
3.274814e-01
2.869486e-01
3.121468e-02
2.872095e-02
0
0
0
2.342534e-01
1.111478e-02
0
7.326270e-02
8.210316e-02
0
1.367681e-01
1.274583e-01
0
0
2.836313e-01
9.386450e-02
2.645220e-01
3.441272e-01
1.226899e-02
1.634199e-01
1.655452e-01
1.931822e-01
1.421846e-01
2.420643e-01
2.351366e-01
6.287686e-02
0
0
0
0
0
0
0
0
0
0
0
6.403637e-02
2.405088e-01
0
0
0
2.237563e-01
0
0
0
7.414310e-01
1
5.340101e-01
1.760028e-01
3.281817e-01
0
1.362294e-01
0
3.541969e-01
0
0
1.530440e-01
0
0
0
0
3.871677e-01
2.310033e-01
0
0
0
0
0
0
0
0
0
0
2.112781e-01
0
4.195228e-01
8.462518e-02
0
1.774618e-01
1.000563e-01
0
4.588227e-01
8.809783e-02
3.034152e-01
2.320484e-01
0
0
0
1.629422e-01
0
2.309143e-02
0
2.455303e-01
0
3.497180e-01
0
0
0
0
8.753755e-01
6.667948e-01
4.229790e-01
3.106042e-01
0
0
0
0
0
0
0
2.491205e-03
6.739639e-01
6.720006e-01
0
0
1.363665e-01
9.963806e-02
0
0
9.893497e-02
0
0
2.488633e-02
0
0
1.845555e-01
1.662031e-01
0
4.479086e-02
2.867057e-01
5.505560e-02
2.415239e-01
1.234780e-01
0
0
1.922703e-01
0
1.127431e-01
5.829111e-02
5.691521e-01
5.702074e-01
2.398311e-01
2.297093e-01
4.730789e-01
1.242824e-02
4.922601e-01
2.491302e-01
0
0
0
0
3.557312e-01
1.739166e-01
0
0
0
0
0
0
0
0
6.652934e-01
5.340101e-01
1
1.591133e-01
3.867317e-01
1.459351e-01
0
0
1.607098e-01
0
0
0
0
0
0
0
2.550590e-01
5.064282e-01
3.118110e-02
2.202775e-01
2.164103e-01
1.955501e-01
0
0
0
0
2.056134e-01
2.929941e-02
3.864329e-01
0
3.158588e-01
1.889279e-01
3.948948e-01
6.532232e-01
1.873647e-01
0
2.367143e-01
2.788877e-01
2.832117e-01
4.761373e-01
0
1.394319e-01
1.984675e-01
3.415109e-01
0
2.719153e-01
3.127254e-01
3.263106e-01
2.611189e-01
3.366052e-01
4.452583e-01
5.452378e-01
4.951512e-01
6.389523e-01
2.205452e-01
3.499196e-01
4.465551e-01
4.855942e-01
7.263791e-02
1.718265e-01
1.466324e-02
2.644796e-01
1.005401e-01
6.126525e-02
2.381916e-01
2.171598e-01
4.374365e-01
3.360521e-01
0
0
2.935082e-01
2.036442e-01
0
0
1.419991e-02
2.936546e-01
2.414280e-01
1.747276e-01
2.035768e-02
2.437406e-01
0
0
0
0
0
0
0
0
0
0
0
0
0
0
2.500530e-01
2.440818e-01
0
0
0
3.773942e-01
0
3.679596e-01
0
2.968269e-01
0
0
2.231139e-01
3.621395e-01
0
2.356370e-01
0
1.886874e-01
1.566637e-02
6.107287e-02
0
0
1.694039e-01
1.760028e-01
1.591133e-01
1.000000e+00
3.272067e-01
5.238123e-01
5.356287e-02
4.504952e-01
4.798394e-01
4.378731e-01
2.150432e-01
2.007509e-02
0
0
1.542912e-01
0
0
1.697364e-01
0
1.716293e-01
0
0
0
0
0
0
0
0
0
0
1.755832e-01
2.169511e-01
1.315149e-01
2.018452e-01
1.361523e-01
0
0
1.804918e-03
3.579209e-01
2.424421e-01
1.054821e-01
2.701449e-01
2.015650e-02
4.838857e-02
0
0
9.480044e-02
0
0
0
0
7.740749e-02
4.895349e-01
3.511647e-01
4.458452e-01
2.030085e-01
3.695783e-01
6.018830e-01
0
0
7.166867e-02
2.689572e-01
0
2.752342e-01
0
1.830498e-01
6.267427e-01
6.694444e-01
5.419149e-01
5.255116e-01
1.864100e-01
6.443305e-02
0
0
2.920553e-01
5.167527e-01
4.519254e-01
3.839058e-01
9.086341e-03
0
0
0
7.390937e-02
2.846749e-02
0
0
0
0
0
0
0
0
0
0
0
2.714913e-01
0
0
7.614636e-02
1.501973e-01
4.111863e-01
6.007859e-01
0
0
0
0
1.247377e-01
0
0
0
0
0
0
0
0
0
2.240196e-01
3.281817e-01
3.867317e-01
3.272067e-01
1
5.657060e-01
1.025862e-01
0
7.145304e-01
2.752272e-01
1.035053e-01
0
0
0
0
0
2.396547e-01
3.793080e-01
6.860080e-02
0
0
0
0
0
0
0
0
3.907135e-01
0
0
1.518496e-01
6.186261e-01
3.348180e-01
1.276521e-01
0
0
3.511023e-01
5.758404e-01
4.431845e-01
3.129535e-01
0
5.270391e-01
0
2.266114e-01
0
4.899169e-01
0
1.195059e-01
0
3.423940e-01
1.511995e-01
4.966864e-01
3.172463e-01
5.918961e-01
2.734114e-01
1.624272e-01
8.725029e-02
3.300050e-01
1.420460e-02
0
0
4.075943e-03
0
1.146087e-01
0
1.200532e-01
3.938784e-01
4.097695e-01
0
2.093948e-01
1.640440e-01
1.995101e-01
0
0
0
2.192246e-01
2.441003e-01
3.032267e-02
0
3.097402e-02
0
0
4.171677e-02
5.341886e-03
0
0
0
0
0
0
0
0
0
0
9.332269e-02
3.019571e-01
0
1.255554e-01
3.436726e-01
3.853788e-01
3.464472e-01
6.963140e-01
0
0
0
1.429422e-02
1.165459e-01
0
0
3.779264e-02
0
1.607370e-02
0
0
1.965608e-01
3.646905e-01
0
0
1.459351e-01
5.238123e-01
5.657060e-01
1
0
1.842894e-01
4.918233e-01
6.947637e-01
2.280635e-01
0
0
0
0
0
0
2.077001e-01
0
8.100549e-02
2.684809e-03
0
0
0
0
0
0
7.631874e-02
0
3.349483e-02
0
5.556685e-01
3.700355e-01
1.609828e-01
0
0
0
3.037200e-01
0
0
6.723836e-01
0
4.327975e-01
2.055867e-01
5.657581e-01
0
5.283165e-01
1.771236e-01
5.598561e-01
0
3.939114e-01
0
5.406440e-01
2.043267e-01
0
0
0
9.879357e-02
0
0
7.789499e-01
6.270034e-01
4.623080e-01
3.217514e-01
1.990937e-01
0
0
0
3.932728e-01
1.725701e-01
0
0
3.940724e-01
2.452783e-01
2.036535e-01
1.704955e-01
5.188038e-01
2.029730e-01
4.150821e-01
0
0
0
0
0
0
0
0
0
0
1.526858e-01
0
2.572147e-01
0
0
0
0
0
0
0
8.113549e-02
0
0
8.470361e-01
4.309581e-01
1.849225e-01
0
0
1.769767e-01
2.245333e-01
0
3.166804e-01
1.879553e-02
1.043319e-01
0
7.850869e-02
0
0
1.362294e-01
0
5.356287e-02
1.025862e-01
0
1
4.990762e-01
5.774665e-02
2.031192e-01
3.883972e-01
3.702271e-01
7.369586e-02
3.934989e-01
3.823252e-01
3.805174e-01
7.859519e-03
0
0
0
0
0
0
4.007715e-01
0
0
0
1.828251e-01
0
0
0
0
0
0
0
0
0
2.033138e-02
0
1.563106e-02
0
2.623978e-01
3.847271e-01
4.076828e-01
3.490069e-02
3.036919e-01
1.877304e-01
4.346360e-01
2.552730e-01
2.080207e-01
4.615081e-01
5.163109e-01
3.267963e-01
5.563362e-01
0
0
0
2.164473e-01
2.146060e-01
3.059394e-01
3.072826e-01
4.838928e-01
5.136052e-01
4.252340e-01
5.082506e-01
3.737274e-01
0
0
7.350424e-02
0
0
0
2.337137e-01
2.715482e-01
0
1.657750e-02
3.048342e-01
0
0
0
0
0
0
0
0
0
0
0
0
0
0
0
0
0
0
0
0
0
0
7.231724e-01
0
0
5.255062e-01
8.626827e-01
1.983494e-02
1.024464e-01
7.762701e-02
2.707106e-01
0
2.772421e-01
1.160753e-01
9.684286e-02
0
0
9.963530e-02
1.378194e-01
0
0
0
4.504952e-01
0
1.842894e-01
4.990762e-01
1
6.088139e-02
3.667755e-01
4.078062e-01
4.898639e-01
5.171441e-01
7.289481e-02
5.338521e-01
5.548435e-02
0
0
0
3.079973e-01
0
0
3.254532e-01
1.702629e-01
2.126315e-01
5.461024e-02
0
0
0
0
0
2.832868e-02
1.582564e-01
0
0
2.861951e-01
0
0
5.132290e-01
4.275123e-01
1.260317e-01
1.707441e-01
1.427909e-01
1.913759e-01
0
1.090385e-01
2.675140e-01
0
5.504758e-02
2.327641e-01
3.923594e-02
3.611138e-01
4.773219e-01
4.280262e-01
2.375134e-01
1.307619e-01
5.104226e-01
5.567590e-01
4.411590e-02
6.522772e-02
1.954486e-01
3.634727e-01
0
2.386074e-01
1.006693e-01
1.731654e-01
5.008815e-01
5.544594e-01
4.225833e-01
3.343773e-01
5.140340e-02
9.330254e-02
0
0
1.953100e-01
3.453023e-01
2.086437e-01
3.762928e-01
0
1.005107e-01
0
0
0
0
0
0
0
0
0
0
0
0
0
0
9.275977e-02
2.604950e-01
0
0
0
6.173534e-02
2.636633e-01
4.859874e-01
0
0
0
0
2.836554e-02
0
0
1.621437e-01
0
1.409879e-01
2.564996e-01
2.889789e-01
0
0
1.202002e-01
3.541969e-01
1.607098e-01
4.798394e-01
7.145304e-01
4.918233e-01
5.774665e-02
6.088139e-02
1.000000e+00
2.815139e-01
1.415610e-01
3.930483e-02
0
0
0
0
2.451176e-01
3.622616e-01
0
0
0
0
0
0
0
0
0
3.331319e-02
5.785330e-02
0
3.079739e-01
5.054432e-01
1.327103e-01
0
0
0
5.404894e-01
4.930700e-01
1.068405e-02
0
0
1.708302e-01
0
1.001367e-01
0
3.483125e-01
1.458272e-01
9.946632e-02
0
2.289762e-01
3.072222e-01
6.851290e-01
2.758400e-01
6.686801e-01
0
0
0
2.939861e-01
0
0
0
1.492910e-01
0
0
0
0
6.172720e-02
5.899523e-02
0
0
0
5.246495e-02
0
4.040993e-02
7.356759e-02
3.192684e-01
3.056568e-01
2.682487e-01
1.322937e-01
3.290823e-02
0
0
4.159365e-02
6.703852e-02
0
0
0
0
0
0
0
0
0
0
0
0
0
0
1.074484e-01
3.248633e-01
1.346387e-01
3.800659e-01
5.296189e-02
1.854485e-01
2.062619e-01
3.382724e-01
2.364645e-01
2.375137e-01
0
8.901755e-02
0
8.404114e-02
0
0
3.311933e-01
2.289565e-01
0
0
0
4.378731e-01
2.752272e-01
6.947637e-01
2.031192e-01
3.667755e-01
2.815139e-01
1
2.268337e-01
0
1.175103e-01
0
3.720731e-01
0
0
2.822585e-01
0
2.224243e-01
0
0
0
0
0
0
0
8.286322e-02
0
2.959080e-01
4.670699e-02
3.389085e-01
1.743092e-01
0
0
0
0
2.399705e-01
1.013138e-01
1.106925e-01
9.893024e-03
4.340419e-02
2.518738e-02
0
0
0
1.203690e-01
6.023324e-02
2.626467e-01
1.677242e-02
3.661483e-01
1.013986e-01
2.214890e-01
0
0
0
0
0
0
0
1.616840e-02
0
1.160461e-01
0
0
0
0
0
1.140287e-01
0
0
0
2.118961e-01
1.344704e-01
1.365109e-01
6.472770e-02
5.604559e-01
3.144798e-01
2.313628e-01
1.472853e-01
0
0
0
0
0
0
0
0
2.059009e-01
2.812670e-01
3.633551e-01
3.521044e-01
1.673367e-01
8.835536e-02
1.267140e-01
0
1.985161e-01
1.409822e-01
6.155537e-02
2.332697e-01
0
7.983980e-02
2.081419e-01
2.725130e-01
0
0
5.999837e-02
0
0
0
9.983222e-02
1.845109e-01
0
8.481957e-02
1.117037e-01
4.486173e-02
0
0
0
2.150432e-01
1.035053e-01
2.280635e-01
3.883972e-01
4.078062e-01
1.415610e-01
2.268337e-01
1
4.384358e-01
0
1.221360e-01
0
1.745778e-01
0
6.303775e-02
8.334963e-02
4.415552e-02
0
1.544942e-01
0
1.513425e-01
0
5.966786e-02
0
0
0
0
1.261045e-01
3.164138e-01
3.004556e-01
0
0
0
0
0
7.374456e-03
1.665700e-01
1.411407e-01
0
2.812897e-01
3.266063e-01
0
0
2.547390e-01
4.135052e-01
2.944165e-01
2.046737e-01
2.810869e-01
1.468889e-01
1.297428e-01
0
0
1.390452e-03
2.153783e-02
0
0
1.841858e-01
2.786695e-01
1.498836e-01
4.993386e-01
2.182287e-01
3.856493e-01
3.055525e-01
0
0
1.036776e-01
0
0
0
1.618079e-01
6.234526e-02
0
0
1.126285e-01
2.349553e-01
0
0
0
0
0
0
0
0
0
0
1.554889e-01
3.119835e-01
4.241337e-01
4.927203e-01
0
1.347442e-01
1.037682e-02
8.524654e-02
0
0
0
3.812828e-01
0
0
2.631526e-01
6.106463e-01
0
0
2.037392e-02
1.465361e-01
2.156410e-03
0
1.028380e-02
0
0
0
0
0
1.640791e-02
1.530440e-01
0
2.007509e-02
0
0
3.702271e-01
4.898639e-01
3.930483e-02
0
4.384358e-01
1
8.055396e-02
2.023997e-01
5.887832e-02
2.802301e-01
5.161851e-02
1.364457e-01
6.654479e-02
1.790559e-01
0
8.353774e-02
1.448881e-02
1.941314e-01
0
0
4.420840e-02
0
0
0
1.986400e-01
6.060810e-02
3.279845e-01
0
6.560208e-02
3.856289e-01
0
0
0
0
0
2.227596e-01
8.191031e-02
2.711234e-01
0
2.785084e-01
0
4.240159e-01
0
3.762057e-02
0
1.371688e-01
0
2.098044e-01
0
2.700736e-02
0
1.142002e-01
4.266482e-01
2.657961e-01
0
1.317581e-01
3.697270e-01
2.117623e-01
4.075554e-01
3.527854e-01
0
0
0
0
0
0
4.434425e-01
6.094604e-01
0
0
8.168143e-02
0
8.657696e-02
0
0
0
0
0
0
0
0
0
0
0
0
0
0
0
0
0
1.974218e-01
2.237565e-01
0
5.504251e-01
0
0
3.185271e-01
5.023795e-01
3.807768e-01
4.191496e-01
3.508587e-01
3.885530e-01
0
7.415923e-02
5.214565e-02
4.044647e-02
0
0
3.888856e-01
3.660979e-01
0
0
0
0
0
0
7.369586e-02
5.171441e-01
0
1.175103e-01
0
8.055396e-02
1
4.260602e-01
5.291514e-01
1.287210e-01
0
0
0
5.068640e-01
2.278671e-01
1.584787e-01
7.202669e-01
3.216440e-01
6.989142e-01
4.423152e-01
3.736651e-01
0
0
3.968242e-01
0
0
8.759726e-02
0
5.953232e-02
4.260031e-01
0
0
0
0
2.838564e-01
0
2.292061e-01
1.228293e-02
4.743980e-01
0
3.220852e-01
2.728595e-01
2.811880e-01
0
3.668917e-01
0
5.994838e-02
0
0
0
0
0
0
0
2.286227e-01
0
3.875860e-01
0
1.814730e-01
0
0
0
0
0
0
0
8.065980e-01
7.386883e-01
2.514740e-01
0
1.604557e-01
0
5.416440e-01
2.153422e-01
0
0
0
0
0
9.039600e-02
0
4.639173e-02
1.085983e-01
3.370882e-01
1.792012e-02
4.391207e-01
0
1.771457e-01
0
0
0
0
0
0
0
0
6.042212e-01
3.095661e-01
3.625098e-01
1.128416e-01
0
1.589270e-01
2.292264e-01
0
1.205393e-01
2.686221e-03
0
0
3.205797e-01
0
0
0
0
0
0
0
3.934989e-01
7.289481e-02
0
0
1.221360e-01
2.023997e-01
4.260602e-01
1
3.801240e-01
8.267018e-01
0
0
2.511056e-01
1.507367e-01
1.499652e-02
3.347808e-01
1.918175e-01
8.688410e-01
1.172918e-01
3.766226e-01
2.336409e-02
0
0
2.684699e-01
0
0
0
0
1.436014e-01
1.118984e-01
0
0
0
0
1.102459e-01
2.276679e-01
5.294795e-01
4.448861e-01
3.212432e-01
1.366171e-01
4.425875e-01
3.369506e-01
0
0
2.078140e-01
3.436204e-01
3.169232e-01
5.192935e-01
0
0
0
7.245389e-02
3.347986e-01
2.768448e-01
4.080291e-01
5.700110e-01
4.881352e-01
5.609889e-01
5.930630e-01
3.991195e-01
0
0
0
3.386257e-02
0
0
3.874769e-01
4.050993e-01
0
1.604789e-01
1.101897e-02
0
1.010488e-01
0
0
0
0
0
0
0
0
0
0
0
0
0
0
0
0
0
0
0
0
2.253128e-01
0
0
5.901077e-01
5.009037e-01
3.948995e-01
2.591063e-01
0
2.063419e-01
1.621558e-01
3.403976e-01
0
0
0
0
9.952903e-02
9.232667e-02
0
0
0
1.542912e-01
0
0
3.823252e-01
5.338521e-01
0
3.720731e-01
0
5.887832e-02
5.291514e-01
3.801240e-01
1.000000e+00
3.174809e-01
0
0
0
1.046450e-01
0
0
4.190616e-01
4.927777e-01
1.703557e-01
3.039664e-01
6.685296e-02
0
0
2.931334e-04
0
0
0
0
0
2.165639e-01
0
0
0
0
3.215369e-01
0
3.953898e-01
0
4.462463e-01
0
4.556380e-01
1.459567e-01
3.161952e-01
0
4.944870e-01
0
2.272444e-01
0
0
0
0
0
0
2.599422e-02
3.177451e-01
0
4.578158e-01
2.637472e-02
2.134542e-01
0
0
0
0
0
0
0
7.573051e-01
6.756990e-01
2.131410e-01
1.128504e-01
1.716654e-01
1.987456e-01
4.433305e-01
3.217355e-01
0
0
0
0
0
1.354767e-01
0
0
9.556381e-02
3.567734e-01
0
5.169853e-01
0
3.413081e-01
0
0
0
0
0
0
0
0
5.953291e-01
4.017932e-01
1.730898e-01
0
0
8.241387e-02
2.984845e-01
8.703441e-02
1.232410e-01
0
0
0
2.129528e-04
0
0
0
0
0
0
0
3.805174e-01
5.548435e-02
0
0
1.745778e-01
2.802301e-01
1.287210e-01
8.267018e-01
3.174809e-01
1
1.647898e-01
0
3.454898e-01
1.172950e-02
0
2.062491e-01
0
8.838882e-01
0
2.363885e-01
0
0
0
1.937554e-01
0
0
0
0
2.972730e-01
5.245973e-02
0
0
0
0
1.715913e-01
0
0
0
5.844682e-03
0
2.908023e-01
0
0
0
0
0
3.465093e-02
0
1.069003e-01
0
1.085608e-01
1.819289e-01
0
0
1.932764e-01
8.170284e-02
0
0
0
0
3.295869e-01
2.961557e-01
1.489395e-01
0
0
4.256247e-03
0
0
6.170850e-01
4.992459e-01
7.381071e-02
6.357175e-01
4.730685e-01
1.861993e-01
1.527534e-01
1.980536e-01
0
1.880129e-01
2.527801e-01
1.714964e-01
3.126677e-02
1.886512e-01
0
5.173490e-02
0
2.673451e-01
1.826330e-02
2.306040e-01
0
0
0
0
0
0
3.999981e-02
0
0
0
0
0
2.562248e-01
3.439701e-01
0
0
1.676691e-01
2.231651e-01
3.580088e-01
3.128398e-01
0
0
1.400777e-01
3.871677e-01
2.550590e-01
0
2.396547e-01
0
7.859519e-03
0
2.451176e-01
0
0
5.161851e-02
0
0
0
1.647898e-01
1.000000e+00
5.732640e-01
4.724631e-01
0
0
0
0
2.579775e-02
0
0
2.214988e-01
2.418076e-01
5.672766e-01
9.116984e-02
2.393614e-01
5.844086e-02
0
1.435396e-01
2.799187e-02
0
4.421598e-01
1.456286e-01
0
2.078293e-02
0
0
0
9.842353e-02
0
1.408573e-01
2.605358e-02
8.577329e-02
0
2.739543e-01
0
3.162180e-01
2.742252e-02
2.002039e-02
4.170822e-01
2.342825e-01
1.483266e-01
3.865468e-01
0
0
0
0
0
0
0
2.563509e-02
5.339050e-01
5.778242e-01
0
0
0
2.327823e-01
0
0
4.688637e-01
5.189566e-01
1.839856e-01
5.799189e-01
2.488549e-01
1.983087e-01
0
0
0
0
0
0
0
0
0
0
0
6.998458e-02
0
0
2.409217e-01
2.846660e-01
0
2.871606e-02
0
1.884929e-01
2.406714e-01
1.615466e-01
0
0
0
0
6.595176e-01
5.652052e-01
0
0
0
2.372695e-01
0
0
0
0
2.428102e-01
2.310033e-01
5.064282e-01
1.697364e-01
3.793080e-01
2.077001e-01
0
0
3.622616e-01
2.822585e-01
6.303775e-02
1.364457e-01
0
0
0
0
5.732640e-01
1
1.690761e-01
4.563809e-01
0
0
0
0
0
0
1.861541e-01
1.616951e-01
6.285897e-01
2.880091e-01
3.051584e-01
3.352082e-01
5.979829e-01
2.580863e-01
0
0
4.020181e-01
3.329704e-01
9.436451e-02
8.279259e-02
0
0
0
0
0
0
0
0
6.521331e-02
0
8.019929e-02
0
0
0
0
0
0
0
0
0
0
0
0
0
0
0
1.740248e-01
1.625838e-01
0
0
2.478246e-02
3.187933e-02
2.496212e-01
2.484095e-01
4.205440e-01
3.848296e-01
2.295593e-01
4.931113e-01
4.047476e-01
2.795839e-01
2.177450e-01
2.567724e-01
4.325408e-02
1.100312e-01
2.271016e-01
2.758983e-01
1.288779e-01
9.462433e-02
1.954600e-01
2.070990e-01
1.717299e-01
3.384237e-01
2.551252e-01
3.298297e-01
0
0
1.111798e-02
0
0
0
0
0
0
0
7.157661e-02
1.197340e-01
1.085150e-01
0
0
0
0
1.658293e-01
0
2.010558e-02
1.390021e-01
0
0
0
3.118110e-02
0
6.860080e-02
0
0
0
0
0
8.334963e-02
6.654479e-02
0
2.511056e-01
0
3.454898e-01
4.724631e-01
1.690761e-01
1
0
1.469800e-01
3.155573e-01
0
2.454539e-01
0
1.698455e-01
1.016204e-03
2.136253e-01
1.817774e-01
3.366459e-01
4.165025e-02
2.697592e-01
2.166794e-01
2.021818e-01
1.411407e-01
0
0
0
0
0
0
0
0
1.738409e-01
0
3.305279e-01
0
4.294333e-01
0
3.260831e-01
1.116627e-02
2.837495e-01
0
3.323789e-02
9.719187e-02
1.715435e-01
0
6.809550e-02
0
0
0
0
0
0
0
1.192880e-02
7.488806e-02
9.230114e-02
0
0
0
8.725063e-02
3.229091e-02
2.606969e-01
0
8.209064e-02
0
3.371027e-02
0
0
0
0
0
0
0
0
0
0
0
7.522746e-02
0
6.958152e-02
0
0
1.248348e-01
1.192968e-01
2.505687e-01
2.244815e-01
1.260619e-01
5.125139e-01
0
0
0
3.778217e-01
0
1.541324e-01
5.572515e-01
6.207036e-01
0
0
0
9.610630e-02
0
0
0
0
1.939067e-01
0
2.202775e-01
1.716293e-01
0
8.100549e-02
0
3.079973e-01
0
2.224243e-01
4.415552e-02
1.790559e-01
5.068640e-01
1.507367e-01
1.046450e-01
1.172950e-02
0
4.563809e-01
0
1
5.239763e-02
2.768495e-01
3.821728e-02
1.158587e-01
1.963874e-02
0
4.325384e-01
0
2.685238e-01
4.891008e-01
1.011145e-01
1.629762e-01
5.011521e-01
2.572756e-01
1.083980e-01
4.903196e-01
0
0
9.811034e-02
0
0
9.753745e-02
0
0
0
5.846786e-02
0
0
0
0
0
0
0
0
2.506069e-01
1.888586e-01
0
0
1.494935e-01
0
0
0
0
0
0
0
7.493685e-02
0
0
0
4.359579e-01
2.948612e-01
5.111217e-02
1.391490e-01
0
0
0
0
0
0
5.333598e-01
4.549401e-01
4.250776e-01
4.128627e-01
4.978974e-01
5.245694e-01
5.489895e-01
3.762102e-01
4.068243e-01
1.333609e-01
2.456346e-01
0
3.717159e-01
1.452908e-01
3.292609e-01
2.743497e-01
6.702054e-01
5.939197e-01
5.145531e-01
0
3.477112e-01
1.420729e-01
0
0
3.015428e-01
3.654400e-01
1.200918e-01
0
0
0
0
0
0
0
4.455735e-01
4.947475e-01
1.276128e-01
0
2.164103e-01
0
0
2.684809e-03
0
0
0
0
0
0
2.278671e-01
1.499652e-02
0
0
0
0
1.469800e-01
5.239763e-02
1
5.917001e-01
3.758603e-01
0
5.565645e-01
3.770408e-01
2.964408e-01
1.939792e-02
1.224464e-01
4.278863e-01
0
0
0
5.737478e-01
2.850360e-01
4.578892e-02
0
0
2.130199e-02
1.242815e-01
0
0
0
0
0
1.159985e-02
0
7.057882e-02
0
9.706340e-02
8.277205e-02
0
0
0
1.047491e-01
1.901829e-01
0
0
0
0
0
0
0
0
0
0
1.125635e-02
0
0
0
2.825124e-01
1.803520e-01
2.135697e-01
2.350607e-01
0
0
0
0
0
8.472464e-02
2.373355e-01
1.574466e-01
0
0
2.829273e-01
3.532122e-01
3.817979e-01
3.042763e-01
4.600494e-01
4.081954e-01
3.546450e-01
2.336078e-01
2.897501e-01
3.670212e-01
2.474011e-01
1.930773e-01
5.398980e-01
5.163774e-01
3.384069e-01
0
0
0
0
1.601134e-03
6.470071e-02
1.307196e-01
1.540484e-01
0
0
0
0
0
0
0
1.679396e-01
1.923579e-01
1.936152e-01
0
1.955501e-01
0
0
0
0
0
0
0
1.544942e-01
8.353774e-02
1.584787e-01
3.347808e-01
0
2.062491e-01
0
0
3.155573e-01
2.768495e-01
5.917001e-01
1.000000e+00
2.566840e-01
2.534091e-01
3.766392e-01
3.782747e-01
3.129661e-01
0
8.588237e-02
3.151340e-01
1.576041e-01
0
1.312106e-01
3.659263e-01
3.996460e-01
3.815226e-01
0
0
0
0
0
4.862301e-01
1.910074e-01
1.938781e-01
0
3.546476e-01
0
2.509157e-01
0
1.348866e-01
0
5.065906e-02
0
1.441877e-01
0
8.071449e-02
0
2.527197e-02
5.142401e-01
2.528657e-01
0
8.009021e-02
4.014942e-01
3.357451e-01
4.486599e-01
4.617472e-01
0
0
0
6.525244e-02
5.201634e-02
0
2.108206e-01
3.066937e-01
0
0
0
0
0
0
0
0
3.453810e-02
0
0
0
0
0
0
0
0
0
0
0
1.832272e-01
1.851513e-01
3.340097e-01
4.448527e-01
1.576606e-02
4.012123e-01
0
7.593671e-02
9.956021e-02
2.571776e-01
3.271968e-01
3.882055e-01
6.877397e-02
0
0
0
0
0
0
0
2.853511e-01
6.766840e-01
0
0
0
0
0
0
0
3.254532e-01
0
0
0
1.448881e-02
7.202669e-01
1.918175e-01
4.190616e-01
0
0
0
0
3.821728e-02
3.758603e-01
2.566840e-01
1
1.506797e-01
8.788938e-01
6.035621e-01
3.929458e-01
0
0
7.282727e-02
0
0
5.970557e-02
0
0
3.167390e-01
0
0
0
0
3.108269e-01
0
3.257704e-01
0
5.165328e-01
0
3.574953e-01
1.177081e-01
9.574468e-02
0
3.717282e-01
0
1.304684e-01
0
0
0
0
0
0
0
2.339671e-01
0
3.684598e-01
5.396241e-02
1.724878e-01
0
0
0
0
0
0
0
8.062549e-01
7.680158e-01
9.426397e-02
4.148577e-02
1.259669e-01
1.041142e-02
4.108684e-01
2.549317e-01
0
0
0
0
0
1.660168e-01
0
7.369461e-02
1.006456e-01
3.822404e-01
0
3.318838e-01
0
2.821047e-01
0
0
0
0
0
0
0
0
6.490683e-01
4.271208e-01
4.636572e-01
2.478991e-01
0
1.211892e-01
2.467139e-01
5.533933e-02
1.629770e-01
3.162863e-05
0
0
2.207647e-01
0
0
0
0
0
0
0
4.007715e-01
1.702629e-01
0
0
1.513425e-01
1.941314e-01
3.216440e-01
8.688410e-01
4.927777e-01
8.838882e-01
2.579775e-02
0
2.454539e-01
1.158587e-01
0
2.534091e-01
1.506797e-01
1
5.453749e-02
5.475380e-01
9.268282e-02
0
0
2.275276e-01
0
0
0
0
1.143020e-01
2.429871e-01
0
0
0
0
0
4.316535e-01
5.444052e-02
0
0
3.545816e-01
0
6.650204e-02
0
1.025239e-01
0
0
0
9.419459e-02
0
9.053415e-02
0
1.032226e-01
5.677012e-01
2.778072e-01
0
0
2.369211e-01
1.002218e-01
3.038419e-01
3.163317e-01
0
0
1.265584e-03
5.586524e-02
4.207362e-01
2.373597e-01
1.779672e-01
3.071686e-01
0
0
7.557595e-02
0
0
0
0
0
1.122283e-01
0
0
0
0
0
0
0
0
0
0
0
1.089485e-01
2.195649e-01
3.683933e-01
5.684474e-01
1.612578e-01
3.612459e-01
8.089704e-03
2.057198e-01
0
1.450096e-01
3.628583e-01
4.927437e-01
2.252587e-01
1.338762e-02
0
8.160001e-02
1.005581e-01
0
0
0
3.983048e-01
7.134494e-01
0
0
0
0
0
0
0
2.126315e-01
0
0
0
0
6.989142e-01
1.172918e-01
1.703557e-01
0
0
0
0
1.963874e-02
5.565645e-01
3.766392e-01
8.788938e-01
5.453749e-02
1
6.275633e-01
3.190801e-01
0
0
2.932013e-01
0
0
0
8.599242e-02
6.735688e-02
2.195560e-01
0
0
0
0
0
2.530580e-01
7.081036e-02
0
1.690901e-01
4.485806e-02
0
0
0
0
0
0
0
0
0
0
0
0
1.307137e-01
0
0
0
6.532770e-02
1.161893e-01
4.904051e-02
5.550989e-03
0
0
3.334636e-02
2.206872e-01
1.571731e-01
0
4.910802e-01
5.668899e-01
0
0
1.034478e-01
0
8.705564e-02
1.079144e-02
1.125455e-01
8.734671e-02
4.461247e-01
2.347144e-01
0
2.722915e-01
1.213229e-01
1.580501e-02
7.860687e-02
5.467928e-02
0
0
1.225796e-03
2.646158e-02
0
0
3.233680e-01
2.038670e-01
0
6.066822e-02
0
0
1.890373e-01
6.850902e-02
7.152239e-01
6.406050e-01
0
0
0
0
1.017060e-02
0
0
0
5.399054e-01
4.340213e-01
0
0
0
0
0
0
0
5.461024e-02
0
0
5.966786e-02
0
4.423152e-01
3.766226e-01
3.039664e-01
2.363885e-01
0
0
1.698455e-01
0
3.770408e-01
3.782747e-01
6.035621e-01
5.475380e-01
6.275633e-01
1
3.019009e-01
9.916042e-02
0
2.698892e-01
0
0
0
0
0
1.940918e-01
0
0
0
0
0
0
0
0
0
5.660992e-02
0
0
0
1.261803e-01
0
0
0
0
8.616346e-02
1.785184e-01
2.995915e-02
1.019909e-01
1.060430e-01
0
0
0
0
0
0
1.312186e-01
0
3.738987e-02
0
0
0
1.813978e-01
0
3.910223e-02
0
0
0
0
0
0
1.497857e-01
9.990677e-02
1.480277e-01
2.914033e-01
1.805288e-01
2.134760e-01
1.371539e-01
2.007201e-01
0
0
0
0
0
2.862929e-02
1.984141e-01
2.507305e-01
4.288065e-01
3.528267e-01
0
5.325892e-02
2.447062e-01
0
0
0
2.043799e-01
3.316874e-01
4.351500e-01
4.471250e-01
0
0
0
0
0
0
0
1.879029e-01
3.009011e-01
0
2.056134e-01
0
0
0
0
0
0
0
0
4.420840e-02
3.736651e-01
2.336409e-02
6.685296e-02
0
2.214988e-01
1.861541e-01
1.016204e-03
4.325384e-01
2.964408e-01
3.129661e-01
3.929458e-01
9.268282e-02
3.190801e-01
3.019009e-01
1
3.437558e-02
3.473540e-01
3.016201e-01
1.688198e-01
0
1.558062e-01
1.282376e-01
0
6.957673e-01
2.676677e-01
2.240809e-02
0
0
1.629227e-01
1.622011e-01
0
0
0
0
0
0
0
0
0
0
0
0
0
0
0
2.248241e-02
0
0
1.268751e-01
5.569333e-02
0
1.247038e-01
0
0
0
5.007246e-02
2.624365e-01
4.810477e-01
0
0
0
6.624720e-02
2.129752e-01
2.327359e-01
1.711766e-01
1.585775e-01
9.699796e-02
0
2.710358e-01
3.480345e-01
5.189099e-01
4.121679e-01
1.712963e-01
2.446386e-01
1.443255e-01
9.769551e-02
0
0
0
0
1.024366e-01
1.092213e-01
0
0
1.244724e-01
0
1.220858e-01
0
4.327153e-01
1.585955e-01
0
0
3.026091e-01
2.318104e-01
0
0
0
0
0
0
0
0
1.995715e-01
8.601036e-02
0
0
2.929941e-02
0
3.907135e-01
7.631874e-02
1.828251e-01
0
3.331319e-02
8.286322e-02
0
0
0
0
0
0
2.418076e-01
1.616951e-01
2.136253e-01
0
1.939792e-02
0
0
0
0
9.916042e-02
3.437558e-02
1
1.709123e-01
3.462523e-02
0
2.904499e-01
1.398995e-01
0
0
0
1.859888e-01
5.231249e-01
0
0
0
0
0
0
0
0
0
0
0
1.118199e-01
0
0
0
0
1.183550e-01
0
1.169178e-02
0
0
0
0
0
0
0
0
0
2.515429e-01
1.399405e-01
0
0
0
1.240924e-01
0
0
3.677962e-01
0
0
3.390559e-01
2.337067e-01
1.664613e-02
2.548250e-01
2.837952e-01
1.350398e-02
2.664262e-01
3.668581e-01
2.660944e-01
1.924844e-01
4.203685e-01
8.855647e-02
2.368997e-01
2.367107e-01
2.126062e-01
2.328896e-01
3.634231e-01
1.825070e-01
6.387042e-03
2.986480e-01
1.079354e-01
2.046960e-01
0
3.174578e-01
0
0
0
0
0
4.868207e-01
3.820016e-01
0
0
1.488168e-01
2.077510e-01
2.855606e-01
2.433360e-01
0
0
2.020665e-01
2.112781e-01
3.864329e-01
0
0
0
0
0
5.785330e-02
0
0
0
0
0
0
0
5.672766e-01
6.285897e-01
1.817774e-01
2.685238e-01
1.224464e-01
8.588237e-02
0
0
0
0
3.473540e-01
1.709123e-01
1.000000e+00
3.857919e-01
2.920591e-01
1.386516e-02
9.277589e-02
1.794024e-01
0
9.610555e-02
3.808360e-01
2.574513e-01
0
0
0
0
0
0
0
1.766761e-01
0
0
0
1.820839e-02
0
1.014400e-01
0
0
0
0
0
0
0
0
0
0
0
0
0
0
6.855934e-02
0
0
0
2.935790e-01
4.327373e-01
2.549841e-01
5.104892e-01
2.485522e-01
1.859143e-01
7.440321e-02
1.882460e-01
3.556636e-01
3.920349e-01
4.057887e-02
1.166864e-02
1.250843e-01
2.789145e-01
0
8.949155e-02
0
2.620391e-03
0
0
0
0
0
0
0
0
3.137163e-01
3.753306e-01
1.820006e-01
7.874207e-02
3.196172e-02
4.641067e-02
0
0
4.177627e-01
6.556386e-01
5.945001e-01
4.258137e-01
0
0
8.399277e-02
3.952410e-01
0
6.938720e-02
3.721656e-01
2.862823e-01
0
0
0
0
0
3.349483e-02
0
0
0
2.959080e-01
0
0
3.968242e-01
2.684699e-01
2.931334e-04
1.937554e-01
9.116984e-02
2.880091e-01
3.366459e-01
4.891008e-01
4.278863e-01
3.151340e-01
7.282727e-02
2.275276e-01
2.932013e-01
2.698892e-01
3.016201e-01
3.462523e-02
3.857919e-01
1.000000e+00
0
0
1.802162e-01
2.672599e-01
1.170197e-01
6.691814e-02
0
0
2.537202e-01
9.143420e-02
0
0
0
0
0
2.129907e-01
2.206717e-01
1.217061e-01
0
4.259013e-01
9.343435e-03
3.483520e-01
2.015100e-02
1.635801e-02
6.848859e-02
1.462496e-01
1.102695e-01
0
0
0
0
0
0
0
0
0
2.174437e-01
2.703478e-01
0
0
0
0
0
0
0
0
0
2.229291e-01
0
0
2.243060e-01
2.468048e-01
0
1.932490e-01
2.470587e-01
1.933874e-01
2.611210e-01
2.546947e-01
1.263882e-01
7.751276e-02
1.230387e-01
0
2.708505e-01
3.876608e-01
9.641140e-02
6.966609e-02
2.755611e-02
7.416475e-03
7.361040e-03
0
2.045679e-01
1.411398e-01
0
0
0
0
1.614371e-02
2.129086e-02
0
0
0
0
0
1.862248e-02
0
0
3.403644e-01
4.195228e-01
3.158588e-01
1.755832e-01
1.518496e-01
0
0
0
3.079739e-01
4.670699e-02
1.261045e-01
1.986400e-01
0
0
0
0
2.393614e-01
3.051584e-01
4.165025e-02
1.011145e-01
0
1.576041e-01
0
0
0
0
1.688198e-01
0
2.920591e-01
0
1
3.687591e-01
2.096097e-01
1.750626e-03
4.003347e-02
3.325166e-01
4.952376e-01
0
5.090300e-01
2.349527e-01
0
9.689795e-02
0
0
0
1.736818e-01
3.878360e-02
0
0
1.346877e-01
1.182165e-01
2.633132e-01
3.302145e-01
1.486783e-01
7.973090e-02
0
0
5.784171e-02
0
0
0
0
0
2.101374e-02
0
0
3.446353e-01
4.169761e-01
1.663572e-02
1.749782e-01
0
0
0
0
0
2.760545e-01
1.082154e-01
3.345889e-01
0
0
0
6.519458e-02
8.135810e-02
1.084210e-01
0
0
6.149594e-02
0
9.417316e-02
4.579247e-02
1.619923e-01
0
2.721722e-01
2.163697e-01
0
5.605183e-02
0
0
8.804995e-02
2.343197e-01
3.018744e-01
4.227549e-01
0
0
0
0
0
0
0
0
0
0
0
0
0
0
0
8.462518e-02
1.889279e-01
2.169511e-01
6.186261e-01
5.556685e-01
0
2.832868e-02
5.054432e-01
3.389085e-01
3.164138e-01
6.060810e-02
0
0
0
0
5.844086e-02
3.352082e-01
2.697592e-01
1.629762e-01
0
0
0
0
0
0
0
2.904499e-01
1.386516e-02
0
3.687591e-01
1
5.386835e-01
1.266615e-01
0
0
8.845419e-02
1.169918e-01
2.572389e-01
2.113567e-01
0
1.934275e-01
0
1.653860e-01
0
5.086226e-01
0
2.762713e-01
0
4.694330e-01
0
3.765954e-01
0
8.279855e-02
3.883998e-01
1.406139e-01
0
2.045183e-01
0
0
0
0
0
9.850303e-02
3.385691e-02
3.528763e-01
2.619176e-01
4.800563e-01
0
0
0
2.080367e-02
0
0
0
2.495159e-01
2.156756e-01
2.573442e-01
0
0
0
0
0
0
0
0
0
0
0
0
3.194288e-02
4.910173e-03
0
0
2.697750e-01
4.772375e-01
2.466069e-01
4.275035e-01
1.338729e-01
6.871137e-01
2.719626e-01
3.737753e-01
0
2.645308e-01
0
0
4.775454e-01
2.064191e-01
0
0
0
0
0
0
0
7.941780e-02
0
0
3.948948e-01
1.315149e-01
3.348180e-01
3.700355e-01
0
1.582564e-01
1.327103e-01
1.743092e-01
3.004556e-01
3.279845e-01
8.759726e-02
0
0
0
0
5.979829e-01
2.166794e-01
5.011521e-01
0
1.312106e-01
5.970557e-02
0
0
0
1.558062e-01
1.398995e-01
9.277589e-02
1.802162e-01
2.096097e-01
5.386835e-01
1
2.793950e-01
1.992969e-02
6.314743e-03
0
7.801734e-02
2.593214e-01
3.063609e-01
0
0
0
0
0
0
0
1.596166e-02
3.760863e-02
8.884877e-02
0
0
0
0
6.878211e-01
5.004111e-01
9.083185e-02
2.228175e-02
0
3.529947e-02
0
0
0
0
0
3.165597e-02
5.962556e-01
4.561358e-01
0
0
4.703571e-01
2.517771e-01
0
0
6.241123e-02
0
0
0
0
7.495794e-02
2.741763e-01
1.709964e-01
0
1.311930e-01
3.445142e-01
2.145236e-01
3.335252e-01
1.583724e-01
1.606948e-01
1.820941e-02
2.046245e-01
1.793642e-01
2.131369e-01
1.276032e-01
5.772864e-01
4.605156e-01
3.355103e-01
3.163301e-01
3.310835e-01
0
2.303827e-01
1.827956e-01
0
0
0
0
3.153382e-01
6.277505e-02
0
0
0
1.847191e-02
0
0
0
0
4.005068e-01
1.774618e-01
6.532232e-01
2.018452e-01
1.276521e-01
1.609828e-01
0
0
0
0
0
0
0
0
0
0
1.435396e-01
2.580863e-01
2.021818e-01
2.572756e-01
5.737478e-01
3.659263e-01
0
0
8.599242e-02
0
1.282376e-01
0
1.794024e-01
2.672599e-01
1.750626e-03
1.266615e-01
2.793950e-01
1
6.112874e-01
2.637851e-02
0
0
8.107862e-02
8.210546e-02
0
0
1.253941e-01
7.860698e-03
4.980158e-02
0
1.480914e-01
2.021977e-01
4.277604e-01
0
1.984182e-01
0
0
0
1.130612e-01
2.263190e-02
0
0
0
1.380248e-01
0
0
2.183959e-01
0
7.763582e-02
0
0
0
0
0
9.921238e-02
0
3.538667e-01
1.878625e-01
0
0
0
0
0
0
1.907795e-01
6.588162e-02
0
0
2.865038e-01
3.106344e-01
3.047555e-01
1.714993e-01
4.343460e-01
4.221364e-01
3.540514e-01
4.747143e-01
3.538956e-01
4.433624e-01
2.931765e-01
0
2.095417e-01
7.170673e-02
7.887458e-03
0
0
0
7.264802e-02
6.227942e-02
0
0
0
0
4.506064e-01
2.065251e-02
0
0
0
0
0
0
1.847211e-02
1.000563e-01
1.873647e-01
1.361523e-01
0
0
0
0
0
0
0
6.560208e-02
5.953232e-02
1.436014e-01
0
2.972730e-01
2.799187e-02
0
1.411407e-01
1.083980e-01
2.850360e-01
3.996460e-01
0
1.143020e-01
6.735688e-02
0
0
0
0
1.170197e-01
4.003347e-02
0
1.992969e-02
6.112874e-01
1
2.723067e-01
0
0
0
0
0
0
0
9.858143e-02
0
9.900175e-02
0
3.040055e-01
0
2.313739e-01
0
1.096408e-01
0
0
0
1.313808e-01
7.800182e-02
0
1.872657e-01
1.151736e-01
0
0
1.145272e-01
0
1.385761e-01
2.101465e-01
0
0
0
0
0
0
9.409945e-02
1.189204e-01
0
0
0
0
0
0
0
0
0
0
4.648850e-02
9.357519e-02
6.789169e-02
1.829954e-01
1.545376e-01
2.412699e-01
8.827698e-02
2.004487e-02
0
1.701861e-01
5.438320e-02
2.203749e-02
1.720282e-01
9.375980e-02
0
2.182530e-01
0
0
9.692948e-03
4.039900e-01
4.044222e-02
7.292351e-02
1.490297e-01
3.672582e-01
5.950308e-02
6.204286e-02
0
0
0
0
0
0
2.740273e-01
0
0
0
0
0
0
2.861951e-01
0
0
0
3.856289e-01
4.260031e-01
1.118984e-01
2.165639e-01
5.245973e-02
0
0
0
4.903196e-01
4.578892e-02
3.815226e-01
3.167390e-01
2.429871e-01
2.195560e-01
1.940918e-01
6.957673e-01
0
9.610555e-02
6.691814e-02
3.325166e-01
0
6.314743e-03
2.637851e-02
2.723067e-01
1.000000e+00
3.414379e-02
0
3.772921e-02
0
1.407547e-01
8.780775e-02
0
9.136078e-02
0
1.955426e-02
9.312794e-02
0
0
1.365493e-01
0
9.660306e-02
0
6.622441e-02
2.047529e-01
2.141336e-01
4.368100e-01
2.964107e-01
0
0
3.212507e-02
1.765466e-01
0
1.648699e-01
0
5.282171e-02
2.703049e-01
3.271747e-01
2.031352e-01
2.263806e-01
5.211057e-03
1.910793e-01
0
0
1.033111e-01
1.586313e-01
0
1.543172e-01
0
0
2.640368e-01
2.803538e-01
2.103109e-01
3.813275e-01
2.716933e-01
1.376957e-01
1.639424e-01
2.425642e-01
0
0
0
0
0
2.434437e-02
2.159973e-01
1.485850e-01
0
0
0
0
3.357794e-01
2.051248e-01
0
0
0
0
3.168154e-02
1.294310e-01
0
3.013005e-02
0
0
2.387128e-01
2.146191e-01
0
0
4.198347e-01
4.588227e-01
2.367143e-01
0
3.511023e-01
0
0
0
5.404894e-01
0
0
0
0
0
0
0
4.421598e-01
4.020181e-01
0
0
0
0
0
0
0
0
2.676677e-01
1.859888e-01
3.808360e-01
0
4.952376e-01
8.845419e-02
0
0
0
3.414379e-02
1.000000e+00
5.350943e-01
2.382530e-01
1.324451e-01
9.605284e-04
2.548619e-01
0
0
0
5.707368e-02
0
0
0
1.914839e-01
0
7.372683e-02
0
1.808624e-01
2.714887e-01
7.308679e-02
4.602016e-01
5.498301e-01
0
0
1.050879e-02
1.070210e-01
0
0
0
0
4.686072e-01
4.583219e-01
2.780035e-01
3.189617e-01
2.540598e-01
3.942822e-01
0
0
3.232651e-01
2.903479e-01
2.565363e-01
2.877334e-01
2.742987e-02
0
0
1.055567e-01
1.986776e-01
2.674838e-01
0
0
0
0
0
0
0
0
0
0
1.173930e-01
3.378239e-01
7.438214e-03
1.890522e-01
4.445853e-01
0
6.551769e-01
6.094103e-01
0
0
0
5.886292e-02
3.116415e-01
1.503862e-01
0
0
8.513590e-02
1.033706e-01
1.762574e-01
8.206582e-02
0
2.351218e-01
4.346408e-02
8.809783e-02
2.788877e-01
1.804918e-03
5.758404e-01
3.037200e-01
2.033138e-02
0
4.930700e-01
2.399705e-01
0
0
0
0
0
0
1.456286e-01
3.329704e-01
0
0
0
0
0
0
0
0
2.240809e-02
5.231249e-01
2.574513e-01
0
0
1.169918e-01
7.801734e-02
0
0
0
5.350943e-01
1.000000e+00
