1
7.975064e-01
0
2.333808e-01
0
0
0
2.981255e-01
0
0
2.769002e-02
5.474329e-01
3.635163e-02
2.563515e-01
0
9.195909e-02
3.906641e-01
2.245060e-01
3.526240e-01
1.280839e-01
0
2.020378e-01
0
0
0
0
0
3.046729e-02
4.381630e-01
5.378794e-01
0
9.276123e-02
6.759880e-02
6.241746e-02
0
0
0
1.657937e-02
0
1.326809e-01
0
0
4.553223e-02
1.049106e-01
0
0
7.305594e-02
0
9.214327e-02
0
1.424992e-01
0
3.009702e-01
0
1.810532e-01
0
4.837956e-01
6.535867e-01
2.360130e-01
3.983821e-01
4.683550e-01
9.269738e-02
5.249235e-01
5.816970e-01
0
0
0
0
0
0
0
8.949112e-02
0
0
1.678848e-02
7.321961e-02
0
1.281426e-01
2.133258e-02
9.761986e-02
3.543635e-01
2.867127e-01
3.488375e-01
3.764345e-01
0
0
5.408615e-01
2.962707e-02
1.288860e-01
1.673987e-01
0
0
0
0
0
5.005802e-02
2.287729e-02
0
8.204363e-02
1.356437e-02
0
0
0
0
0
0
0
0
1.768187e-01
4.374833e-01
2.819684e-01
2.754439e-01
8.629458e-02
0
0
2.554864e-01
7.975064e-01
1
0
9.430147e-02
5.921430e-03
0
0
2.856496e-01
0
0
1.106620e-01
4.481103e-01
2.819510e-01
2.261748e-01
1.540213e-01
1.576510e-01
3.859316e-01
3.962700e-01
3.996133e-01
2.983757e-01
1.212021e-01
3.223218e-01
0
0
0
0
5.815265e-02
1.931356e-01
5.541710e-01
5.990152e-01
4.945258e-02
0
3.157246e-01
3.801473e-01
0
0
3.634228e-02
2.074995e-01
9.071751e-02
2.121812e-01
0
2.620701e-01
0
0
0
0
0
0
0
0
0
0
2.476791e-02
0
0
0
4.041020e-01
7.070746e-01
0
2.407983e-01
1.723747e-01
1.492893e-01
1.978736e-01
5.352612e-01
0
0
0
0
4.918797e-02
0
0
2.158252e-01
0
1.873063e-01
1.237456e-01
1.076758e-01
0
1.210058e-01
4.004868e-02
1.069839e-01
2.162977e-01
5.108920e-01
3.539697e-01
3.996707e-01
0
4.031293e-03
6.155745e-01
2.249314e-03
1.529862e-01
1.294851e-01
0
0
0
0
0
5.139621e-02
1.400041e-01
0
0
8.656277e-02
0
0
0
0
0
0
0
0
1.870218e-01
3.474716e-01
2.606482e-01
2.657408e-01
3.882197e-02
0
0
1.835295e-01
0
0
1
0
5.533553e-01
1.456203e-01
8.500809e-01
0
6.451252e-01
2.672580e-02
4.640415e-01
0
1.652540e-01
0
5.526580e-01
0
0
0
1.606100e-01
0
0
0
7.989016e-01
5.587552e-01
4.272326e-01
3.413837e-01
1.774213e-01
0
0
0
6.122775e-01
4.694774e-01
0
0
2.574016e-01
0
2.099808e-01
0
1.363413e-01
0
2.393908e-01
0
2.541894e-02
5.535224e-02
2.108440e-02
0
7.739548e-02
9.548195e-02
8.252447e-02
2.127999e-01
2.936182e-02
3.056396e-01
7.620218e-02
3.086976e-01
6.311459e-02
1.887837e-01
0
0
0
0
0
0
0
0
6.140850e-01
0
3.432957e-02
0
0
0
6.222027e-01
4.104724e-02
3.322552e-01
0
3.483482e-01
1.047150e-01
0
0
1.171931e-01
5.240587e-01
0
0
1.187246e-01
0
6.718826e-01
0
1.511994e-01
0
1.401409e-02
1.200896e-01
0
2.833656e-01
1.052230e-01
3.208848e-01
1.846813e-01
0
0
0
0
0
0
3.117683e-01
0
0
0
1.825238e-01
0
0
0
0
0
0
0
0
1.668849e-01
8.380308e-03
2.333808e-01
9.430147e-02
0
1
1.120625e-01
3.687739e-01
0
6.042398e-01
0
1.510211e-01
0
2.978695e-01
0
2.087846e-01
8.213969e-02
4.204978e-01
1.809687e-01
1.318467e-01
1.262735e-01
2.369967e-01
3.362972e-01
2.850850e-01
0
1.652066e-01
8.341109e-02
4.569901e-01
2.100476e-01
4.433480e-01
0
9.066103e-02
2.925348e-01
4.405314e-01
1.682647e-01
1.364112e-01
0
0
0
0
1.184024e-01
0
0
0
0
0
3.410300e-02
0
0
0
0
0
0
0
0
0
0
0
2.939389e-01
3.661142e-01
2.461675e-01
3.976342e-01
3.029342e-01
4.420788e-01
2.804145e-01
5.809088e-01
0
5.496096e-02
0
1.256690e-01
0
0
0
1.542651e-01
0
0
0
0
2.111675e-02
5.522309e-01
0
0
0
1.258755e-01
2.677328e-01
4.768731e-01
0
2.534343e-01
1.701602e-01
1.518125e-01
6.038104e-02
0
2.776269e-01
0
1.584298e-01
0
0
0
0
1.642660e-02
9.886748e-02
0
4.790175e-01
0
3.627499e-01
1.707441e-01
0
1.182291e-01
0
0
0
4.673665e-02
2.339195e-01
0
0
0
6.195384e-02
2.756745e-01
0
5.921430e-03
5.533553e-01
1.120625e-01
1
5.501567e-01
5.915360e-01
0
6.719893e-01
3.780332e-01
3.544699e-01
0
4.300730e-01
0
6.826980e-01
3.553316e-01
0
9.644014e-03
6.661998e-03
1.300146e-02
4.379643e-01
4.966575e-01
7.092463e-01
6.674346e-01
9.012439e-01
7.620210e-01
8.446930e-01
5.901270e-01
0
0
4.140309e-01
2.669876e-01
0
0
3.438778e-01
1.325779e-01
0
0
4.645959e-02
0
0
3.591825e-02
0
0
0
0
0
0
0
0
0
0
0
1.122944e-01
0
0
0
0
0
0
0
8.859917e-02
0
0
6.393780e-01
4.499913e-01
0
0
0
0
6.215191e-01
4.004232e-01
1.754803e-02
0
0
0
0
0
0
9.145745e-02
0
1.861691e-01
0
0
4.308197e-01
3.791657e-01
8.898917e-02
0
0
1.964564e-01
6.182131e-02
2.277607e-01
5.332013e-01
3.738983e-01
0
0
0
0
0
0
1.846184e-01
3.074791e-01
7.912096e-02
3.511133e-02
0
0
0
0
0
0
0
0
1.849345e-01
1.967834e-02
0
0
0
0
1.456203e-01
3.687739e-01
5.501567e-01
1
8.756423e-02
4.391245e-01
5.029850e-01
8.429353e-01
8.613526e-02
3.498785e-01
2.517975e-01
4.867529e-01
5.266340e-01
6.952031e-01
3.080328e-01
4.420632e-01
3.689755e-01
3.335598e-01
3.496867e-01
3.548938e-01
3.279079e-01
4.926905e-01
5.104206e-01
6.195382e-01
6.968144e-01
6.312902e-01
0
1.377439e-01
1.115082e-01
6.112615e-02
0
0
0
0
0
0
0
0
0
0
0
0
0
0
0
0
0
0
0
0
0
0
0
0
1.355985e-01
1.281038e-01
0
0
0
4.543403e-01
0
0
2.122605e-01
4.409662e-01
0
0
0
1.897542e-02
2.027095e-01
2.738548e-01
0
0
0
0
0
0
3.335059e-01
2.750944e-01
1.489268e-01
3.642941e-01
1.296827e-01
2.618773e-01
2.072493e-01
4.178506e-01
2.811270e-01
2.070999e-01
0
3.157445e-01
2.611099e-01
0
4.668025e-01
0
0
1.264732e-01
0
1.297648e-01
0
0
2.037244e-01
0
0
0
0
0
0
0
3.737147e-02
0
1.899060e-01
0
0
3.423175e-02
1.119441e-01
0
0
0
8.500809e-01
0
5.915360e-01
8.756423e-02
1
0
6.416243e-01
7.849715e-04
4.580900e-01
0
3.684220e-01
0
4.594572e-01
0
0
0
0
0
2.812601e-02
0
6.944603e-01
4.421423e-01
4.575213e-01
2.168071e-01
2.474039e-01
0
0
0
3.119768e-01
2.900561e-01
0
0
5.069492e-01
2.129954e-01
9.675401e-02
0
1.048224e-02
0
3.007097e-01
1.392024e-01
1.060338e-01
1.121053e-01
9.191176e-02
0
1.354718e-01
1.960868e-01
1.518660e-01
2.788401e-01
1.778271e-01
3.798436e-01
1.576384e-02
3.100079e-01
1.611317e-01
1.839257e-01
0
0
0
0
0
0
0
0
7.070054e-01
3.141360e-02
2.795940e-01
0
0
0
7.678781e-01
2.288500e-01
4.032425e-01
0
4.206136e-01
2.351763e-01
1.582854e-01
0
0
2.722095e-01
0
0
0
0
5.575859e-01
2.678637e-02
0
0
0
0
0
4.753739e-01
3.169605e-01
4.367030e-01
0
0
0
0
0
0
0
5.052653e-01
0
1.554640e-01
0
0
0
0
0
0
0
0
7.876979e-02
0
0
0
2.981255e-01
2.856496e-01
0
6.042398e-01
0
4.391245e-01
0
1
0
4.285370e-01
0
8.123291e-01
7.445086e-02
6.776755e-01
0
4.769004e-01
1.983054e-01
2.818112e-01
1.331313e-01
1.803683e-01
3.107433e-01
3.378193e-01
0
0
0
7.985832e-02
2.101557e-01
4.090727e-01
7.289536e-02
2.796117e-01
0
0
3.173166e-02
2.883658e-01
0
0
0
0
0
0
0
0
0
0
0
0
0
0
0
0
0
0
0
0
0
0
2.942260e-01
5.079838e-01
1.931385e-01
5.471813e-01
3.389608e-01
6.601616e-01
2.054946e-01
4.909548e-01
0
3.445070e-01
0
4.205223e-02
2.445306e-01
3.620178e-02
0
3.342077e-01
0
0
0
0
0
3.911885e-01
0
0
9.290585e-02
2.651092e-01
0
4.371214e-01
0
3.115343e-01
5.058268e-02
3.030745e-01
0
4.617744e-02
3.420177e-01
0
8.150108e-02
0
0
1.829445e-01
0
4.425072e-01
8.154845e-02
3.664582e-02
3.558828e-01
0
3.088924e-01
0
2.181807e-02
0
0
1.517245e-01
1.444128e-01
1.023517e-01
5.216948e-01
5.717203e-02
0
1.061961e-01
0
5.528591e-02
0
0
6.451252e-01
0
6.719893e-01
5.029850e-01
6.416243e-01
0
1
4.518767e-01
5.217260e-01
0
5.277721e-01
6.302241e-02
7.529158e-01
2.552864e-01
0
6.020692e-02
1.205022e-01
0
0
8.555202e-02
6.616621e-01
5.253829e-01
5.469441e-01
3.432931e-01
4.635019e-01
1.050675e-01
0
0
1.701000e-01
0
0
0
3.160380e-01
2.381725e-02
1.232465e-01
9.142698e-02
3.323749e-02
1.068612e-01
2.452244e-01
8.393896e-02
0
0
0
0
0
0
0
0
0
1.580802e-01
0
3.822889e-01
3.022120e-03
1.255243e-01
0
0
0
0
0
0
0
0
5.908985e-01
2.920270e-01
0
0
0
4.592870e-02
5.197494e-01
2.092996e-01
3.856573e-03
0
1.053207e-01
1.835858e-02
0
0
1.600843e-01
5.190019e-01
0
3.122859e-01
0
0
5.459885e-01
1.983855e-01
1.905142e-01
2.973869e-02
9.982535e-02
2.898497e-01
0
3.739020e-01
4.228994e-01
4.716981e-01
2.645471e-01
2.494639e-03
0
0
0
0
0
3.493411e-01
0
0
0
0
0
0
1.304417e-01
0
0
0
2.330585e-01
0
5.196902e-02
0
0
0
2.672580e-02
1.510211e-01
3.780332e-01
8.429353e-01
7.849715e-04
4.285370e-01
4.518767e-01
1
1.770104e-01
3.765266e-01
3.825420e-01
4.258690e-01
3.908926e-01
5.087964e-01
2.784153e-01
4.444055e-01
1.903238e-01
1.295089e-01
1.015199e-01
1.145589e-01
7.629178e-02
1.964242e-01
4.414844e-01
3.614133e-01
5.359531e-01
4.217321e-01
0
3.637062e-03
0
0
0
0
8.656617e-02
5.778299e-02
0
0
0
0
0
0
0
0
0
0
0
0
0
0
0
0
0
0
0
0
1.150569e-01
5.870774e-02
0
0
0
5.590969e-01
0
0
2.292171e-01
5.816652e-01
0
0
0
1.564125e-01
9.338752e-02
7.464915e-02
0
0
0
0
0
0
4.125329e-01
2.711604e-01
2.414197e-01
3.389969e-01
0
1.369557e-01
1.787733e-01
4.418693e-01
0
1.879817e-01
8.149153e-02
4.090580e-01
4.247393e-01
2.676940e-01
3.444848e-01
1.566263e-01
0
1.240461e-01
0
4.139573e-01
0
3.157786e-02
2.549982e-01
1.342146e-01
5.606444e-02
0
0
0
0
0
1.852712e-01
0
3.009042e-01
0
1.575454e-01
2.440573e-01
0
0
2.769002e-02
1.106620e-01
4.640415e-01
0
3.544699e-01
8.613526e-02
4.580900e-01
0
5.217260e-01
1.770104e-01
1
0
5.954904e-01
0
4.935062e-01
7.526286e-02
0
0
6.471846e-02
6.136308e-03
0
2.385422e-02
5.350491e-01
3.107820e-01
4.189256e-01
0
1.824484e-01
0
2.111690e-02
0
2.972960e-01
0
0
0
3.665484e-01
1.181440e-01
2.211014e-01
0
3.760759e-01
1.565941e-01
3.379294e-01
1.279032e-01
0
0
0
0
0
0
0
0
1.238188e-02
2.480448e-01
1.799967e-01
4.841090e-01
1.074636e-02
3.155304e-02
0
0
0
0
0
3.494842e-02
0
0
5.150909e-01
2.575635e-01
0
0
0
0
4.499369e-01
4.807270e-02
3.399973e-01
7.300961e-02
2.185368e-01
9.427902e-02
7.175225e-02
0
0
2.206075e-01
0
2.672121e-01
3.194282e-02
0
5.625419e-01
2.526761e-01
1.347101e-01
1.348322e-02
2.857294e-01
2.522271e-01
0
2.630117e-01
0
3.171156e-01
2.014921e-02
0
9.883586e-02
0
0
0
0
1.039430e-01
0
0
0
0
0
0
0
1.302189e-02
0
0
4.076865e-01
0
0
0
5.474329e-01
4.481103e-01
0
2.978695e-01
0
3.498785e-01
0
8.123291e-01
0
3.765266e-01
0
1
4.286096e-02
7.439758e-01
0
3.872399e-01
3.485271e-01
3.651897e-01
4.133973e-01
2.616380e-01
9.964539e-02
1.931321e-01
0
0
0
0
2.152444e-02
1.862126e-01
2.694726e-01
4.686587e-01
0
0
0
1.945786e-01
0
0
0
0
0
2.438204e-02
0
0
0
0
0
0
0
0
0
0
0
0
0
0
0
0
4.444187e-01
6.416569e-01
3.022155e-01
5.877188e-01
4.923589e-01
5.245377e-01
4.216035e-01
4.953790e-01
0
2.267722e-01
0
0
3.688375e-01
1.445845e-01
0
2.042831e-01
0
0
0
0
0
1.544059e-01
1.518528e-01
0
3.902963e-01
3.301211e-01
3.282617e-02
3.052450e-01
0
2.013172e-01
2.775980e-01
2.842559e-01
4.820073e-02
3.080206e-01
8.336998e-02
0
0
0
0
3.497511e-01
0
3.604335e-01
0
6.304815e-02
1.383655e-01
0
4.480997e-02
0
0
0
1.166036e-01
0
4.308580e-01
1.178545e-01
4.951404e-01
5.345752e-02
0
1.375829e-01
1.131964e-01
2.309160e-01
3.635163e-02
2.819510e-01
1.652540e-01
0
4.300730e-01
2.517975e-01
3.684220e-01
7.445086e-02
5.277721e-01
3.825420e-01
5.954904e-01
4.286096e-02
1.000000e+00
2.905881e-01
5.585095e-01
3.037125e-01
0
0
0
0
0
1.274949e-01
2.218064e-01
6.237103e-02
3.654684e-01
0
2.931393e-01
0
0
0
0
0
0
0
3.445689e-01
2.192438e-01
0
1.564535e-02
1.655421e-01
9.279388e-02
1.107679e-01
3.172192e-01
0
0
0
0
0
0
0
0
4.107765e-02
1.466585e-01
0
2.411027e-01
0
7.112433e-03
0
0
0
0
0
1.604139e-01
0
0
4.643909e-01
5.885013e-01
0
0
0
0
2.605423e-01
3.655949e-01
1.392593e-02
7.166661e-02
0
0
2.164386e-02
0
0
0
0
4.462946e-01
0
1.535597e-01
3.834846e-01
4.588257e-01
2.524732e-02
2.941558e-01
3.571598e-01
2.458064e-01
0
3.653169e-01
2.058598e-01
4.792884e-01
0
0
7.505237e-02
1.362046e-02
0
1.102727e-01
0
3.545273e-01
0
0
0
0
0
0
0
1.087821e-01
0
0
2.400088e-01
0
0
0
2.563515e-01
2.261748e-01
0
2.087846e-01
0
4.867529e-01
0
6.776755e-01
6.302241e-02
4.258690e-01
0
7.439758e-01
2.905881e-01
1.000000e+00
9.097004e-02
7.208520e-01
6.567655e-03
6.671057e-02
2.218154e-01
2.864913e-01
1.426845e-01
2.851032e-01
0
1.408596e-01
1.652910e-02
1.089681e-01
2.481216e-01
2.655372e-01
2.153919e-02
2.277208e-01
0
0
0
0
0
0
0
6.465983e-02
0
1.332320e-01
0
0
0
0
0
0
0
0
0
0
0
0
0
0
0
0
1.368049e-01
2.263114e-01
0
1.382820e-01
8.237425e-02
5.748762e-01
1.050824e-01
3.104211e-01
0
4.749803e-01
0
0
2.669084e-01
2.739223e-01
0
3.630660e-01
0
0
0
0
0
7.028806e-02
0
0
5.511975e-02
5.621165e-01
0
4.527953e-01
0
5.450639e-01
2.995016e-01
6.541529e-01
8.942054e-02
2.377828e-01
1.984755e-01
0
3.046950e-01
0
0
3.158760e-01
0
4.017027e-01
0
0
5.562713e-02
0
0
0
0
0
0
8.233990e-02
2.645064e-01
1.849032e-01
3.768523e-01
0
0
1.534934e-01
3.767243e-02
5.108168e-02
0
1.540213e-01
5.526580e-01
8.213969e-02
6.826980e-01
5.266340e-01
4.594572e-01
0
7.529158e-01
3.908926e-01
4.935062e-01
0
5.585095e-01
9.097004e-02
1
4.800988e-01
6.259076e-02
1.363918e-01
2.222202e-01
2.245085e-01
0
2.294835e-01
5.883770e-01
5.408771e-01
4.833796e-01
4.895628e-01
4.577158e-01
3.021930e-01
1.271153e-01
1.109368e-01
4.239099e-01
1.872876e-01
0
0
6.434621e-02
0
1.620289e-01
3.735240e-01
3.757058e-01
1.695691e-01
1.735928e-01
2.707646e-01
0
0
0
0
0
0
0
0
0
0
0
1.402086e-01
0
0
0
0
0
0
0
1.467094e-01
0
0
4.624361e-01
3.656923e-01
0
0
0
0
2.322904e-01
2.721736e-01
0
1.637112e-02
5.773634e-03
0
0
0
6.650229e-02
3.944158e-01
0
4.910583e-01
4.394529e-01
2.794387e-01
5.574032e-01
3.386822e-01
4.399126e-01
1.846730e-01
2.136739e-01
1.844069e-01
0
1.027473e-01
2.794913e-01
2.376907e-01
2.825309e-03
3.878296e-02
0
0
0
0
0
1.104100e-01
0
0
0
0
0
0
0
2.792021e-01
0
0
4.285365e-03
0
0
0
9.195909e-02
1.576510e-01
0
4.204978e-01
3.553316e-01
6.952031e-01
0
4.769004e-01
2.552864e-01
5.087964e-01
7.526286e-02
3.872399e-01
3.037125e-01
7.208520e-01
4.800988e-01
1.000000e+00
1.121874e-01
2.555161e-01
4.551789e-01
5.750034e-01
3.741634e-01
3.854421e-01
2.444672e-01
5.800057e-01
2.758878e-01
4.675478e-01
4.935175e-01
4.784694e-01
4.433162e-02
2.089811e-01
0
1.342420e-01
0
0
0
0
0
1.390782e-01
5.553571e-02
0
0
0
0
0
0
0
0
0
0
0
0
0
0
0
0
0
0
1.367447e-01
0
0
0
5.236088e-01
0
3.159853e-01
1.607913e-01
4.460784e-01
0
0
1.876603e-02
1.835292e-01
0
4.458183e-01
0
0
0
0
0
1.637762e-01
6.520915e-03
0
0
6.602229e-01
2.733837e-01
5.704871e-01
2.017332e-01
5.898884e-01
3.778417e-01
6.247619e-01
0
8.970114e-04
2.695860e-01
0
4.936143e-01
0
0
1.824539e-02
0
1.480483e-01
0
0
1.534956e-01
0
7.016559e-02
0
0
0
0
0
0
6.327421e-02
7.561178e-02
0
0
0
1.958450e-02
1.556320e-01
3.906641e-01
3.859316e-01
0
1.809687e-01
0
3.080328e-01
0
1.983054e-01
0
2.784153e-01
0
3.485271e-01
0
6.567655e-03
6.259076e-02
1.121874e-01
1
8.341079e-01
5.292870e-01
4.950078e-01
6.424955e-02
6.562137e-02
0
0
0
0
2.195950e-02
2.960056e-01
7.297129e-01
7.804481e-01
2.042627e-01
5.108666e-02
2.908786e-01
2.243944e-01
0
0
2.170426e-01
1.527294e-01
7.269712e-02
3.114827e-02
0
0
0
0
0
0
2.086137e-02
0
0
0
0
0
0
0
0
0
5.979389e-01
7.381432e-01
1.442848e-01
2.538641e-01
3.664237e-01
1.548244e-01
4.089045e-01
4.067024e-01
0
0
0
0
3.185660e-01
8.056128e-02
0
0
0
0
0
0
0
0
6.928872e-01
5.031212e-01
8.791544e-01
2.508758e-01
5.991636e-01
3.168128e-01
0
0
3.708521e-01
0
0
1.304513e-02
0
0
0
0
1.383175e-01
4.712061e-01
0
4.260907e-02
1.717747e-01
3.773073e-02
0
0
0
0
0
0
1.107494e-01
0
1.688069e-01
1.481349e-01
4.388249e-01
6.211450e-01
3.314049e-02
0
2.346756e-01
3.382276e-01
2.245060e-01
3.962700e-01
0
1.318467e-01
9.644014e-03
4.420632e-01
0
2.818112e-01
6.020692e-02
4.444055e-01
0
3.651897e-01
0
6.671057e-02
1.363918e-01
2.555161e-01
8.341079e-01
1
6.190000e-01
4.920567e-01
2.409658e-01
1.317619e-01
0
0
0
3.379039e-03
2.049135e-01
3.789207e-01
5.918773e-01
6.356289e-01
2.914668e-02
0
3.088233e-01
3.743615e-01
0
0
1.132542e-01
1.007209e-01
0
0
0
5.343296e-02
0
0
0
0
1.190740e-02
0
0
0
0
0
0
0
0
0
5.022845e-01
6.745690e-01
0
7.877435e-02
1.661831e-01
1.138868e-01
1.171492e-01
2.590919e-01
0
0
0
0
1.963661e-01
1.709415e-01
0
0
0
0
0
0
0
0
8.266208e-01
5.297251e-01
6.680924e-01
3.899252e-01
3.598883e-01
2.389598e-01
0
0
2.967632e-01
0
0
0
0
0
0
0
0
2.889585e-01
0
8.953726e-02
1.151705e-01
1.300678e-01
9.689322e-02
0
9.629355e-02
0
5.743320e-02
0
0
0
2.894011e-01
0
1.955845e-01
4.281035e-01
0
2.926572e-02
2.831107e-01
1.404724e-01
3.526240e-01
3.996133e-01
1.606100e-01
1.262735e-01
6.661998e-03
3.689755e-01
0
1.331313e-01
1.205022e-01
1.903238e-01
6.471846e-02
4.133973e-01
0
2.218154e-01
2.222202e-01
4.551789e-01
5.292870e-01
6.190000e-01
1.000000e+00
7.598264e-01
2.198369e-01
2.088954e-01
1.593164e-01
3.274445e-01
0
1.613170e-02
1.002208e-01
1.992790e-01
5.697577e-01
6.164959e-01
3.215551e-01
1.743781e-01
1.810948e-01
2.179409e-01
0
0
1.646240e-01
1.938916e-01
4.009792e-02
1.271291e-01
0
0
0
0
0
0
0
0
0
0
0
0
0
0
0
0
2.342767e-01
4.875645e-01
0
0
1.975959e-01
9.188969e-02
2.222978e-01
3.184578e-01
0
0
0
0
2.240569e-01
3.124095e-01
0
2.617380e-01
1.010843e-01
7.608131e-02
2.105703e-01
8.893252e-02
0
0
5.801500e-01
5.853990e-01
4.661327e-01
4.313379e-01
4.817454e-01
9.716215e-02
0
0
6.466618e-01
6.133495e-02
0
1.292083e-01
0
0
0
0
1.262123e-01
2.831613e-01
0
0
0
0
0
0
0
0
0
0
6.832105e-02
0
1.742592e-01
0
0
1.926855e-02
0
0
4.586261e-01
5.236771e-01
1.280839e-01
2.983757e-01
0
2.369967e-01
1.300146e-02
3.335598e-01
0
1.803683e-01
0
1.295089e-01
6.136308e-03
2.616380e-01
0
2.864913e-01
2.245085e-01
5.750034e-01
4.950078e-01
4.920567e-01
7.598264e-01
1
3.223582e-01
2.697010e-01
1.776942e-01
4.494822e-01
3.514753e-02
2.070169e-01
2.341784e-01
4.372207e-01
5.271344e-01
6.330995e-01
3.376314e-01
1.641999e-01
2.136696e-01
3.081783e-01
0
0
2.657463e-01
4.507005e-01
3.258346e-01
1.958261e-01
7.783991e-02
3.390723e-02
0
0
0
0
0
0
0
0
0
0
0
0
0
0
1.354463e-01
5.136907e-01
0
4.452937e-03
6.605943e-03
4.037745e-01
2.219826e-01
4.619542e-01
0
8.788810e-02
0
0
5.056760e-01
5.356159e-01
0
8.026288e-02
4.799062e-02
1.828224e-01
5.737194e-02
0
0
6.985637e-02
3.342935e-01
1.834259e-01
3.563843e-01
4.785067e-01
5.960497e-01
2.966473e-01
9.325438e-02
2.194247e-01
5.507314e-01
2.639695e-01
0
3.952675e-02
1.530417e-01
0
3.607453e-02
0
1.648403e-01
3.941239e-01
0
1.389104e-01
0
0
2.403919e-02
0
7.625628e-02
0
8.731766e-02
0
0
0
0
8.488430e-03
2.114653e-01
7.022264e-02
0
0
2.763624e-01
5.480781e-01
0
1.212021e-01
0
3.362972e-01
4.379643e-01
3.496867e-01
2.812601e-02
3.107433e-01
0
1.015199e-01
0
9.964539e-02
0
1.426845e-01
0
3.741634e-01
6.424955e-02
2.409658e-01
2.198369e-01
3.223582e-01
1
7.796327e-01
1.443570e-01
3.720838e-01
4.454528e-01
4.820905e-01
7.111401e-01
7.168068e-01
0
5.252909e-02
1.692631e-01
2.889039e-01
1.301160e-01
1.293369e-01
0
1.047235e-03
0
0
0
0
0
0
0
0
7.540655e-02
0
0
0
0
0
0
0
0
0
0
0
0
2.234123e-01
0
1.035820e-02
0
2.124847e-01
0
5.859369e-02
0
1.391065e-01
0
2.139935e-02
0
0
3.126293e-01
5.581048e-01
2.682785e-02
0
3.656302e-02
9.369230e-02
6.460579e-02
2.840845e-01
0
0
0
6.470321e-02
0
3.302588e-02
0
2.065848e-01
5.384564e-02
0
0
0
3.999690e-01
0
3.439535e-01
0
0
0
0
0
1.762247e-01
0
5.119970e-01
0
5.777322e-01
1.424868e-01
1.480439e-01
0
0
0
0
0
0
1.715732e-02
1.206876e-02
2.128880e-01
0
0
2.020378e-01
3.223218e-01
0
2.850850e-01
4.966575e-01
3.548938e-01
0
3.378193e-01
8.555202e-02
1.145589e-01
2.385422e-02
1.931321e-01
1.274949e-01
2.851032e-01
2.294835e-01
3.854421e-01
6.562137e-02
1.317619e-01
2.088954e-01
2.697010e-01
7.796327e-01
1
2.335904e-01
3.038611e-01
5.149291e-01
4.712571e-01
7.103803e-01
7.233131e-01
0
2.127060e-01
2.316042e-01
1.069258e-01
2.378092e-02
5.536317e-02
0
2.246851e-02
0
2.210855e-01
2.700719e-02
1.628653e-02
0
2.036372e-01
0
0
0
0
0
0
0
0
0
0
0
0
0
0
0
2.420297e-01
0
7.444849e-05
0
3.431800e-01
0
1.087088e-02
0
3.826946e-01
0
0
0
0
1.896333e-01
7.561718e-01
3.744655e-02
1.595452e-01
0
1.125193e-01
0
6.208970e-02
0
0
0
1.753848e-01
0
3.081634e-02
0
2.929578e-01
1.985933e-01
0
0
2.311325e-01
2.661575e-01
0
2.574343e-01
2.867409e-02
0
0
0
0
0
0
2.665006e-01
0
2.458579e-01
0
0
0
0
0
0
0
7.568470e-02
0
9.271294e-02
1.747710e-02
0
0
0
0
7.989016e-01
0
7.092463e-01
3.279079e-01
6.944603e-01
0
6.616621e-01
7.629178e-02
5.350491e-01
0
2.218064e-01
0
5.883770e-01
2.444672e-01
0
0
1.593164e-01
1.776942e-01
1.443570e-01
2.335904e-01
1
8.534139e-01
6.920562e-01
5.844532e-01
4.992746e-01
1.972881e-01
0
0
6.035180e-01
3.953746e-01
0
0
2.987184e-01
7.268644e-02
1.927788e-01
1.305748e-01
2.749345e-01
8.918702e-02
2.777080e-01
0
0
0
0
0
0
0
0
0
0
0
0
2.484675e-01
0
0
0
0
0
0
0
0
0
0
7.363878e-01
2.517245e-01
2.337444e-02
0
0
0
5.667487e-01
2.205482e-01
3.685739e-01
0
3.071955e-01
1.522702e-01
0
0
0
2.023571e-01
0
1.422746e-02
9.578523e-02
0
7.779904e-01
3.040782e-01
2.434736e-01
0
2.270390e-02
2.322443e-01
0
2.158239e-01
4.202724e-01
3.129704e-01
2.054708e-01
0
0
0
0
0
0
2.362803e-01
0
0
0
1.475282e-01
0
0
0
0
0
0
0
0
5.547979e-02
1.843648e-02
0
0
5.587552e-01
1.652066e-01
6.674346e-01
4.926905e-01
4.421423e-01
0
5.253829e-01
1.964242e-01
3.107820e-01
0
6.237103e-02
1.408596e-01
5.408771e-01
5.800057e-01
0
0
3.274445e-01
4.494822e-01
3.720838e-01
3.038611e-01
8.534139e-01
1
6.236989e-01
7.381956e-01
5.879013e-01
4.375486e-01
0
0
5.343556e-01
5.129648e-01
0
0
6.667391e-02
0
0
8.124669e-02
1.208339e-01
0
0
0
0
0
0
0
0
0
0
0
0
0
0
0
0
0
0
0
0
0
0
1.240409e-01
0
0
6.145931e-01
3.035713e-01
5.854631e-02
0
0
7.296195e-02
4.256569e-01
2.540525e-01
1.669424e-01
0
1.706120e-01
5.322942e-02
0
0
0
8.674865e-02
0
2.488408e-01
2.206151e-01
0
6.292854e-01
4.818428e-01
3.340733e-01
9.342692e-02
0
1.027613e-01
1.259510e-01
0
5.685701e-01
0
7.095472e-02
0
0
0
0
0
7.282615e-02
0
0
0
0
5.288034e-02
0
0
0
0
0
0
0
1.350221e-02
1.768398e-01
7.399196e-02
0
0
4.272326e-01
8.341109e-02
9.012439e-01
5.104206e-01
4.575213e-01
0
5.469441e-01
4.414844e-01
4.189256e-01
0
3.654684e-01
1.652910e-02
4.833796e-01
2.758878e-01
0
0
0
3.514753e-02
4.454528e-01
5.149291e-01
6.920562e-01
6.236989e-01
1
7.298336e-01
8.814981e-01
6.001160e-01
0
0
4.300060e-01
1.298033e-01
0
0
4.726483e-01
3.032228e-01
0
0
1.912073e-01
0
3.925959e-02
0
0
0
0
0
0
0
0
0
0
0
0
2.006331e-01
0
0
0
0
0
0
0
2.761231e-01
0
0
6.606969e-01
5.889249e-01
0
0
0
0
5.180812e-01
2.850910e-01
1.088953e-01
0
0
0
0
0
0
0
0
1.032184e-01
0
0
4.656033e-01
5.111272e-01
0
0
1.160181e-01
3.903280e-01
3.272409e-01
3.628074e-01
5.204246e-01
4.464031e-01
0
0
0
0
0
0
3.996236e-01
3.750211e-01
2.617928e-01
1.321800e-01
0
0
0
0
0
0
0
0
2.090760e-01
1.163596e-01
0
0
0
0
3.413837e-01
4.569901e-01
7.620210e-01
6.195382e-01
2.168071e-01
7.985832e-02
3.432931e-01
3.614133e-01
0
0
0
1.089681e-01
4.895628e-01
4.675478e-01
0
3.379039e-03
1.613170e-02
2.070169e-01
4.820905e-01
4.712571e-01
5.844532e-01
7.381956e-01
7.298336e-01
1
7.526029e-01
7.758686e-01
0
0
5.302718e-01
5.413935e-01
0
0
1.230098e-01
7.432728e-02
0
1.092153e-02
4.017883e-02
0
0
0
0
0
0
0
0
0
0
0
0
0
0
0
0
0
0
0
0
0
0
3.293212e-01
0
0
4.423051e-01
3.789071e-01
0
0
0
0
2.822925e-01
2.148804e-01
0
0
0
0
0
1.302772e-02
0
0
0
5.504628e-02
2.096073e-01
9.285028e-02
3.327029e-01
4.333295e-01
1.677519e-01
0
0
1.707467e-01
2.119945e-01
0
5.652597e-01
1.986075e-02
0
0
0
0
0
0
3.290520e-01
4.613648e-02
1.150221e-01
7.718355e-02
0
1.082180e-01
0
0
0
0
5.377006e-02
0
0
4.102439e-02
1.424964e-01
0
0
5.815265e-02
1.774213e-01
2.100476e-01
8.446930e-01
6.968144e-01
2.474039e-01
2.101557e-01
4.635019e-01
5.359531e-01
1.824484e-01
2.152444e-02
2.931393e-01
2.481216e-01
4.577158e-01
4.935175e-01
2.195950e-02
2.049135e-01
1.002208e-01
2.341784e-01
7.111401e-01
7.103803e-01
4.992746e-01
5.879013e-01
8.814981e-01
7.526029e-01
1
8.292835e-01
0
0
2.635249e-01
9.775808e-02
0
0
2.355448e-01
1.432576e-01
0
0
4.431113e-03
0
0
0
0
0
0
0
0
0
0
0
0
0
0
0
0
0
0
2.851026e-02
0
0
0
3.977171e-01
0
0
4.085182e-01
5.630131e-01
0
0
0
0
3.913476e-01
4.412615e-01
0
0
0
0
0
0
0
0
0
2.371215e-01
0
0
1.989455e-01
5.085438e-01
7.072102e-02
0
0
3.255435e-01
3.922901e-01
1.814742e-01
5.966481e-01
2.023138e-01
0
0
0
0
0
0
4.459960e-01
1.624967e-01
3.131128e-01
2.688509e-02
0
0
0
0
0
0
8.595186e-03
0
1.133868e-01
1.809587e-01
0
0
3.046729e-02
1.931356e-01
0
4.433480e-01
5.901270e-01
6.312902e-01
0
4.090727e-01
1.050675e-01
4.217321e-01
0
1.862126e-01
0
2.655372e-01
3.021930e-01
4.784694e-01
2.960056e-01
3.789207e-01
1.992790e-01
4.372207e-01
7.168068e-01
7.233131e-01
1.972881e-01
4.375486e-01
6.001160e-01
7.758686e-01
8.292835e-01
1
0
2.704127e-01
3.063624e-01
2.251846e-01
0
0
0
0
0
1.293290e-01
0
0
0
0
0
0
0
0
0
0
0
0
0
0
0
0
0
0
9.288271e-02
3.754507e-01
0
0
0
5.523157e-01
0
1.094939e-01
1.125209e-02
4.145254e-01
0
0
0
0
2.760746e-02
3.017551e-01
0
0
0
0
0
1.157045e-01
1.265102e-01
0
0
2.180024e-01
1.924095e-01
1.362341e-01
0
3.729289e-01
1.930940e-01
0
0
2.516220e-01
3.329092e-01
0
4.112787e-01
0
0
4.143047e-03
0
0
0
0
4.596125e-01
0
3.242061e-01
2.487569e-02
1.395702e-01
0
0
0
0
0
3.449025e-01
3.060669e-02
0
2.156788e-01
6.418811e-02
0
4.381630e-01
5.541710e-01
0
0
0
0
0
7.289536e-02
0
0
2.111690e-02
2.694726e-01
0
2.153919e-02
1.271153e-01
4.433162e-02
7.297129e-01
5.918773e-01
5.697577e-01
5.271344e-01
0
0
0
0
0
0
0
0
1
8.627711e-01
1.022826e-01
0
5.497949e-01
5.451225e-01
0
0
4.671986e-01
4.646626e-01
2.407791e-01
4.174804e-01
1.586951e-01
3.401229e-01
0
0
0
1.100565e-05
9.648711e-03
0
0
0
0
0
0
0
0
0
3.869163e-01
5.938210e-01
3.364978e-02
1.903765e-01
3.958914e-01
0
4.226166e-01
5.531227e-01
0
0
0
0
4.813037e-01
2.714144e-01
0
0
0
3.175585e-01
1.602885e-01
5.705291e-02
0
0
4.642336e-01
4.753254e-01
6.991869e-01
4.248399e-01
6.797851e-01
3.779846e-01
0
0
5.518301e-01
9.554780e-02
0
0
0
0
0
0
3.293807e-01
5.687473e-01
1.445193e-01
1.116786e-01
4.604380e-02
0
0
0
0
0
0
0
2.761359e-01
4.499216e-02
2.354294e-01
3.492246e-01
2.946333e-01
5.968827e-01
0
0
2.687819e-01
4.924908e-01
5.378794e-01
5.990152e-01
0
9.066103e-02
0
1.377439e-01
0
2.796117e-01
0
3.637062e-03
0
4.686587e-01
0
2.277208e-01
1.109368e-01
2.089811e-01
7.804481e-01
6.356289e-01
6.164959e-01
6.330995e-01
5.252909e-02
2.127060e-01
0
0
0
0
0
2.704127e-01
8.627711e-01
1
1.127875e-01
0
2.338728e-01
3.928288e-01
0
0
2.590344e-01
4.786976e-01
1.151197e-01
3.934368e-01
0
9.405556e-02
0
0
0
0
0
0
0
0
0
0
0
0
0
0
3.176804e-01
7.483996e-01
0
2.026740e-01
2.471525e-01
2.104999e-01
4.882935e-01
5.760571e-01
0
0
0
0
4.286948e-01
1.913594e-01
0
0
0
1.101399e-01
0
0
0
0
4.203757e-01
3.690125e-01
7.004857e-01
3.254016e-01
7.232339e-01
3.895784e-01
0
0
6.103975e-01
9.642403e-02
0
8.168105e-02
0
0
0
0
2.928172e-01
6.162457e-01
1.273311e-01
1.326842e-01
0
0
0
0
0
0
0
3.565830e-02
1.643039e-01
0
2.866543e-01
4.193362e-01
5.110809e-01
4.480932e-01
0
0
3.222826e-01
4.845828e-01
0
4.945258e-02
6.122775e-01
2.925348e-01
4.140309e-01
1.115082e-01
3.119768e-01
0
1.701000e-01
0
2.972960e-01
0
0
0
4.239099e-01
0
2.042627e-01
2.914668e-02
3.215551e-01
3.376314e-01
1.692631e-01
2.316042e-01
6.035180e-01
5.343556e-01
4.300060e-01
5.302718e-01
2.635249e-01
3.063624e-01
1.022826e-01
1.127875e-01
1
6.710879e-01
1.458781e-01
0
0
0
3.049861e-01
1.784102e-01
4.829447e-01
1.018592e-01
1.389548e-01
6.161208e-02
0
0
0
0
0
0
0
0
0
0
0
1.101607e-01
0
0
0
5.674689e-02
0
0
0
4.263335e-02
0
3.551140e-02
1.946995e-01
0
0
0
0
0
1.956696e-01
0
3.580379e-01
5.896313e-02
2.242636e-01
1.047634e-01
0
0
1.608793e-01
3.418604e-01
0
0
5.337506e-01
0
3.827975e-01
6.870212e-02
4.021371e-01
0
1.169256e-01
2.014325e-01
0
0
0
0
1.348184e-01
0
0
0
0
0
0
0
0
0
0
2.298429e-01
0
0
0
0
0
0
0
0
1.811941e-01
2.867398e-01
9.276123e-02
0
4.694774e-01
4.405314e-01
2.669876e-01
6.112615e-02
2.900561e-01
0
0
0
0
0
0
0
1.872876e-01
1.342420e-01
5.108666e-02
0
1.743781e-01
1.641999e-01
2.889039e-01
1.069258e-01
3.953746e-01
5.129648e-01
1.298033e-01
5.413935e-01
9.775808e-02
2.251846e-01
0
0
6.710879e-01
1.000000e+00
1.993787e-02
0
0
0
0
0
0
0
0
0
1.750014e-01
2.213982e-01
4.825019e-01
2.240985e-01
1.020385e-01
1.149732e-01
2.025049e-01
7.911262e-02
3.571075e-02
0
2.896217e-02
0
9.696693e-02
0
0
0
0
0
0
0
2.331285e-01
2.160838e-01
1.299244e-01
0
1.699367e-01
0
0
0
2.699726e-01
0
6.849981e-03
0
1.219988e-01
4.478509e-03
1.761990e-01
1.602039e-01
2.431746e-02
3.808281e-02
0
0
4.560087e-01
1.614280e-01
1.767638e-01
0
2.554260e-01
0
0
0
0
0
0
0
0
0
0
0
4.041889e-02
0
6.240394e-02
0
4.138276e-02
1.000653e-01
0
4.674183e-01
0
0
0
9.479617e-02
0
0
0
0
2.023123e-01
2.917613e-01
6.759880e-02
3.157246e-01
0
1.682647e-01
0
0
0
3.173166e-02
0
0
0
0
0
0
0
0
2.908786e-01
3.088233e-01
1.810948e-01
2.136696e-01
1.301160e-01
2.378092e-02
0
0
0
0
0
0
5.497949e-01
2.338728e-01
1.458781e-01
1.993787e-02
1.000000e+00
7.427977e-01
0
0
3.072421e-01
1.299981e-01
2.432034e-01
0
2.364110e-01
5.479344e-01
9.389876e-02
5.145263e-02
1.482320e-01
1.850407e-01
6.240234e-02
3.230736e-02
1.156095e-01
1.875990e-02
0
0
0
0
0
0
2.927769e-01
3.142904e-01
1.217637e-01
3.568865e-01
3.196783e-01
0
1.497303e-01
4.648566e-01
0
0
6.940344e-02
2.089415e-01
3.261531e-01
1.072801e-01
0
6.105457e-02
3.165747e-01
4.107134e-01
3.001078e-01
2.483744e-01
1.460974e-02
3.547026e-01
1.652933e-01
1.125050e-02
1.394387e-01
2.758695e-01
1.736117e-01
1.672866e-01
0
0
4.147748e-02
0
0
0
0
0
0
0
0
0
2.155898e-02
0
4.624250e-01
3.040759e-01
4.476072e-02
0
4.220086e-01
1.580557e-01
2.587371e-02
0
0
3.085383e-01
0
0
0
5.251641e-01
1.172434e-01
0
1.754727e-02
2.443119e-01
6.241746e-02
3.801473e-01
0
1.364112e-01
0
0
0
2.883658e-01
0
0
0
1.945786e-01
0
0
0
0
2.243944e-01
3.743615e-01
2.179409e-01
3.081783e-01
1.293369e-01
5.536317e-02
0
0
0
0
0
0
5.451225e-01
3.928288e-01
0
0
7.427977e-01
1.000000e+00
0
0
3.633601e-01
3.515729e-01
1.382744e-01
1.366307e-01
2.259687e-01
6.318633e-01
6.904860e-02
4.308286e-02
4.912628e-02
2.313098e-01
2.617065e-02
0
0
0
0
0
0
0
0
0
2.408435e-01
4.659416e-01
0
3.385120e-01
2.294988e-01
0
2.230657e-01
4.965258e-01
0
0
0
2.599204e-01
4.586814e-01
2.765484e-01
0
1.657891e-01
1.792539e-01
5.590126e-01
2.543293e-01
2.489316e-01
0
4.330498e-01
1.154433e-01
0
7.173570e-02
1.985143e-01
9.432576e-02
2.350409e-01
0
0
1.354641e-01
9.735834e-02
0
0
0
0
0
0
2.406655e-02
2.084589e-01
6.606072e-02
4.977001e-02
2.882640e-01
1.722964e-01
0
0
2.541965e-01
0
1.876303e-01
0
1.435806e-01
4.467673e-01
1.982172e-02
0
2.375358e-02
2.388574e-01
0
0
2.287419e-01
3.996753e-01
0
0
2.574016e-01
0
3.438778e-01
0
5.069492e-01
0
3.160380e-01
8.656617e-02
3.665484e-01
0
3.445689e-01
0
6.434621e-02
0
0
0
0
0
0
0
2.987184e-01
6.667391e-02
4.726483e-01
1.230098e-01
2.355448e-01
0
0
0
0
0
0
0
1
9.013990e-01
0
0
6.851783e-02
0
3.519327e-01
1.119429e-01
2.591170e-03
0
8.638405e-02
0
0
2.280623e-01
4.990042e-03
1.010687e-01
3.453647e-01
5.112876e-01
1.629142e-01
5.457322e-01
1.971782e-01
3.271541e-01
0
0
0
0
0
0
0
0
7.454645e-01
3.299873e-01
5.427870e-01
2.792350e-01
0
0
4.407658e-01
0
2.143084e-01
0
0
0
5.339252e-01
0
0
0
0
0
0
0
3.981073e-01
2.260900e-01
0
0
1.793068e-01
4.138175e-02
3.894441e-01
7.693210e-01
4.106221e-01
7.191658e-01
0
0
2.819176e-01
0
7.584962e-02
2.267850e-01
1.915074e-01
7.874431e-01
2.109895e-01
5.490803e-01
0
0
0
2.817473e-01
0
0
0
0
3.653286e-01
1.497736e-01
0
0
0
0
0
0
1.325779e-01
0
2.129954e-01
0
2.381725e-02
5.778299e-02
1.181440e-01
0
2.192438e-01
0
0
0
0
0
0
0
1.047235e-03
2.246851e-02
7.268644e-02
0
3.032228e-01
7.432728e-02
1.432576e-01
0
0
0
0
0
0
0
9.013990e-01
1
0
0
1.379692e-01
0
3.124204e-01
1.743111e-01
0
0
1.060193e-01
0
0
1.233451e-01
0
0
1.592693e-01
3.300713e-01
0
3.553438e-01
0
1.774397e-01
0
0
7.412583e-02
0
0
1.366863e-01
0
0
5.732932e-01
4.047750e-01
5.948542e-01
5.093509e-01
0
2.057896e-02
1.358603e-01
3.669861e-02
1.415133e-01
7.792539e-02
0
0
6.056401e-01
8.634270e-02
0
0
0
0
0
0
2.568323e-01
2.647988e-01
0
2.391644e-02
1.144253e-01
0
5.806776e-01
7.245867e-01
4.125737e-01
6.594540e-01
0
0
2.638094e-01
2.557275e-01
1.454735e-01
2.408776e-01
2.822815e-01
7.642732e-01
3.178475e-01
6.272603e-01
1.026054e-01
9.102077e-02
0
5.252236e-01
0
0
0
0
1.871936e-01
1.514109e-01
0
0
0
3.634228e-02
2.099808e-01
0
0
0
9.675401e-02
0
1.232465e-01
0
2.211014e-01
0
0
0
1.620289e-01
0
2.170426e-01
1.132542e-01
1.646240e-01
2.657463e-01
0
0
1.927788e-01
0
0
0
0
0
4.671986e-01
2.590344e-01
3.049861e-01
0
3.072421e-01
3.633601e-01
0
0
1
6.705348e-01
6.643186e-01
6.699279e-01
8.634984e-01
6.320684e-01
0
0
0
0
0
0
0
0
0
0
0
3.076314e-01
0
0
6.083240e-03
5.239432e-02
0
0
0
0
0
0
0
0
0
0
4.504682e-01
4.470478e-01
0
0
4.342952e-01
6.109306e-01
3.753725e-01
3.043428e-01
0
0
1.417019e-01
2.955423e-01
1.544493e-01
6.563176e-03
3.156019e-01
0
1.918053e-01
0
1.935180e-01
7.538959e-02
1.474346e-01
3.671810e-02
0
2.760656e-01
0
2.268839e-01
5.982405e-01
5.141982e-01
3.600912e-01
0
0
0
0
9.388617e-02
0
0
0
1.811488e-01
3.781076e-01
2.108795e-01
0
0
0
5.320012e-02
0
0
7.738418e-02
3.416318e-01
1.657937e-02
2.074995e-01
0
0
0
0
0
0
9.142698e-02
0
0
0
1.564535e-02
6.465983e-02
3.735240e-01
1.390782e-01
1.527294e-01
1.007209e-01
1.938916e-01
4.507005e-01
0
2.210855e-01
1.305748e-01
8.124669e-02
0
1.092153e-02
0
1.293290e-01
4.646626e-01
4.786976e-01
1.784102e-01
0
1.299981e-01
3.515729e-01
0
0
6.705348e-01
1.000000e+00
6.069082e-01
7.597795e-01
5.364510e-01
5.510592e-01
0
0
0
0
0
0
0
0
0
0
0
4.923010e-02
0
0
0
1.666672e-01
0
0
0
9.242615e-02
0
1.778216e-01
0
6.430824e-02
0
0
4.108644e-01
5.142279e-01
0
1.117976e-01
1.048610e-01
5.417855e-01
1.160723e-01
1.075902e-01
0
0
0
9.718994e-02
4.052010e-02
2.757542e-01
5.274560e-01
1.689494e-01
1.448254e-01
1.310514e-02
3.559284e-01
3.207031e-01
8.391511e-02
1.043200e-01
0
0
9.206074e-02
1.247240e-01
4.700428e-01
5.760923e-01
3.050358e-01
1.738529e-01
0
0
0
2.760029e-02
0
0
0
1.867413e-01
8.223756e-03
1.425300e-01
0
2.318722e-01
2.888799e-01
6.302353e-03
0
0
1.309925e-01
3.129620e-01
0
9.071751e-02
1.363413e-01
1.184024e-01
4.645959e-02
0
1.048224e-02
0
3.323749e-02
0
3.760759e-01
0
1.655421e-01
0
3.757058e-01
5.553571e-02
7.269712e-02
0
4.009792e-02
3.258346e-01
0
2.700719e-02
2.749345e-01
1.208339e-01
1.912073e-01
4.017883e-02
4.431113e-03
0
2.407791e-01
1.151197e-01
4.829447e-01
0
2.432034e-01
1.382744e-01
6.851783e-02
1.379692e-01
6.643186e-01
6.069082e-01
1.000000e+00
5.586088e-01
6.643578e-01
4.749552e-01
0
0
0
0
0
0
0
0
0
0
0
2.181716e-01
0
0
0
6.453583e-02
5.597052e-02
9.166209e-02
3.399614e-02
3.024601e-01
0
1.407366e-01
1.750232e-01
2.457360e-01
0
4.898999e-02
4.354076e-01
3.950497e-01
0
0
3.818380e-01
5.038816e-01
3.684496e-02
5.130984e-02
7.013098e-02
7.647659e-02
0
5.514914e-03
0
2.187285e-01
4.284519e-01
1.629715e-01
4.947469e-01
3.015040e-01
1.598198e-01
2.501762e-01
5.600098e-01
2.673671e-01
1.694422e-01
2.157370e-01
0
1.901022e-01
4.433246e-02
2.746307e-01
1.249037e-01
7.341840e-02
0
0
0
1.078150e-01
5.172365e-03
0
0
1.076083e-01
0
3.789769e-02
0
1.862763e-02
2.489887e-01
0
0
0
0
2.685507e-01
1.326809e-01
2.121812e-01
0
0
0
0
0
0
1.068612e-01
0
1.565941e-01
2.438204e-02
9.279388e-02
1.332320e-01
1.695691e-01
0
3.114827e-02
0
1.271291e-01
1.958261e-01
0
1.628653e-02
8.918702e-02
0
0
0
0
0
4.174804e-01
3.934368e-01
1.018592e-01
0
0
1.366307e-01
0
0
6.699279e-01
7.597795e-01
5.586088e-01
1.000000e+00
5.037497e-01
4.365010e-01
0
0
0
0
0
0
0
0
0
9.678892e-03
6.628933e-04
3.688145e-01
0
1.974902e-02
0
5.566176e-02
0
0
0
0
5.733869e-02
3.500766e-02
0
7.216987e-02
0
0
4.769177e-01
4.845611e-01
0
7.308821e-04
2.422004e-01
5.218955e-01
2.158860e-01
3.129109e-01
0
0
0
1.738041e-01
1.227240e-01
1.590491e-01
3.788134e-01
0
1.761549e-01
0
3.594451e-01
2.434193e-01
3.196860e-01
3.748022e-01
0
0
0
2.118671e-01
5.896117e-01
6.356145e-01
3.875559e-01
1.506832e-01
0
0
0
0
0
0
0
9.715280e-02
3.586867e-01
1.353525e-01
1.629108e-01
2.637619e-01
2.917990e-01
0
0
0
1.068618e-01
3.058099e-01
0
0
2.393908e-01
0
0
0
3.007097e-01
0
2.452244e-01
0
3.379294e-01
0
1.107679e-01
0
1.735928e-01
0
0
0
0
7.783991e-02
0
0
2.777080e-01
0
3.925959e-02
0
0
0
1.586951e-01
0
1.389548e-01
0
2.364110e-01
2.259687e-01
3.519327e-01
3.124204e-01
8.634984e-01
5.364510e-01
6.643578e-01
5.037497e-01
1
6.023573e-01
0
0
0
0
0
0
0
0
0
6.675766e-02
0
4.182920e-01
0
0
0
0
0
0
0
0
0
0
2.668771e-01
0
2.405843e-01
1.704728e-01
3.633681e-01
4.893753e-01
0
0
5.290527e-01
6.120146e-01
3.623028e-01
2.956912e-01
1.377589e-01
0
0
1.142289e-01
0
5.347975e-03
1.185847e-02
0
4.062801e-01
0
0
1.336721e-01
2.382194e-01
0
1.144030e-01
5.578800e-01
7.040632e-02
4.482195e-01
4.737375e-01
2.861973e-01
3.753136e-01
8.364663e-03
0
0
0
4.063161e-01
0
5.978605e-02
0
8.895411e-02
2.697107e-01
3.439496e-01
0
0
0
0
0
0
0
4.197482e-02
0
2.620701e-01
0
0
3.591825e-02
0
1.392024e-01
0
8.393896e-02
0
1.279032e-01
0
3.172192e-01
0
2.707646e-01
0
0
5.343296e-02
0
3.390723e-02
0
2.036372e-01
0
0
0
0
0
0
3.401229e-01
9.405556e-02
6.161208e-02
0
5.479344e-01
6.318633e-01
1.119429e-01
1.743111e-01
6.320684e-01
5.510592e-01
4.749552e-01
4.365010e-01
6.023573e-01
1
0
0
0
0
0
0
0
0
0
0
0
1.764517e-01
0
0
0
5.775366e-03
0
0
0
0
0
0
0
6.498595e-02
0
3.749806e-02
2.875885e-01
3.119619e-01
0
3.527398e-01
4.787553e-01
7.860208e-01
4.040154e-01
4.115430e-01
0
0
0
2.934582e-02
0
2.304856e-01
0
1.488802e-02
0
0
1.071817e-01
2.549294e-02
1.545380e-01
0
0
2.290703e-01
0
3.257616e-01
1.852270e-01
2.316271e-01
2.537483e-01
3.722103e-02
0
9.023679e-02
0
2.494471e-01
0
0
0
0
4.538197e-02
3.815364e-01
0
0
0
9.295239e-02
0
0
0
0
4.553223e-02
0
2.541894e-02
0
0
0
1.060338e-01
0
0
0
0
0
0
0
0
0
0
0
0
0
0
0
0
0
0
0
0
0
0
0
0
1.750014e-01
9.389876e-02
6.904860e-02
2.591170e-03
0
0
0
0
0
0
0
1
9.774542e-01
7.599406e-01
8.193308e-01
9.766996e-01
9.538740e-01
9.365172e-01
8.496195e-01
6.236763e-01
3.187377e-01
3.175977e-01
0
7.219245e-01
6.232449e-01
7.432398e-03
0
1.827843e-02
0
9.870720e-02
0
2.527515e-01
0
0
0
2.549664e-01
8.530268e-02
0
0
3.172661e-01
0
0
0
1.393821e-01
3.389352e-02
1.112157e-01
1.504110e-02
2.031344e-02
1.780586e-02
8.618542e-02
0
0
0
0
0
0
0
0
0
0
0
0
0
1.409045e-01
0
2.665916e-01
0
5.509370e-01
2.516466e-01
0
0
0
1.586457e-01
2.682018e-01
2.806931e-01
2.068886e-01
7.816874e-02
2.219893e-01
3.442079e-03
0
2.995693e-01
2.165755e-01
4.835686e-02
2.623413e-01
0
1.049106e-01
0
5.535224e-02
0
0
0
1.121053e-01
0
0
0
0
0
0
0
0
0
0
0
0
0
0
0
0
0
0
0
0
0
0
0
0
2.213982e-01
5.145263e-02
4.308286e-02
0
0
0
0
0
0
0
0
9.774542e-01
1.000000e+00
7.704349e-01
8.410387e-01
9.611759e-01
9.182982e-01
9.263551e-01
8.653880e-01
6.221267e-01
3.273263e-01
3.515463e-01
0
7.474915e-01
6.118934e-01
0
0
1.340382e-02
0
1.411296e-01
0
3.339977e-01
0
0
0
2.851876e-01
1.194562e-01
0
0
2.649352e-01
0
0
0
2.012430e-01
9.209039e-02
1.411949e-01
2.244929e-02
0
2.442557e-02
9.328149e-02
0
0
0
0
0
0
0
0
0
0
0
0
0
1.708703e-01
0
2.820244e-01
0
5.014646e-01
1.938927e-01
0
0
0
8.795142e-02
2.279630e-01
3.367966e-01
2.403731e-01
4.441456e-02
2.084489e-01
5.367738e-02
0
2.344480e-01
1.204272e-01
0
2.636528e-01
3.417204e-02
0
0
2.108440e-02
3.410300e-02
0
0
9.191176e-02
0
0
0
0
0
0
0
0
0
0
0
0
0
7.540655e-02
0
0
0
0
0
0
0
0
0
0
4.825019e-01
1.482320e-01
4.912628e-02
8.638405e-02
1.060193e-01
0
0
0
0
0
0
7.599406e-01
7.704349e-01
1
9.180047e-01
6.605634e-01
7.324995e-01
7.317882e-01
6.857023e-01
3.952202e-01
1.201715e-01
3.004517e-02
0
4.819858e-01
2.967984e-01
0
0
0
0
5.597901e-02
0
2.898956e-01
9.693652e-02
1.984081e-02
0
6.596729e-01
4.819146e-01
0
0
2.001761e-01
0
0
0
1.169558e-01
7.572897e-03
4.047139e-01
3.022468e-01
0
0
0
0
0
1.781439e-02
0
0
0
0
0
0
0
0
2.187934e-02
0
0
0
5.030048e-02
0
5.164741e-01
1.309421e-02
1.154097e-02
0
1.646402e-01
3.874301e-01
3.752344e-01
4.809755e-01
0
1.793422e-01
0
1.721829e-02
0
1.331051e-01
0
5.585130e-02
1.735185e-01
7.280408e-02
0
0
0
0
0
0
0
0
0
0
0
0
0
0
0
0
0
0
0
0
0
0
0
0
0
0
0
0
1.100565e-05
0
0
2.240985e-01
1.850407e-01
2.313098e-01
0
0
0
0
0
0
0
0
8.193308e-01
8.410387e-01
9.180047e-01
1
7.499234e-01
7.566155e-01
7.585350e-01
7.554922e-01
3.536590e-01
9.348509e-02
4.170437e-03
0
4.893336e-01
3.530643e-01
0
0
0
0
1.020511e-01
0
3.918369e-01
1.636478e-01
0
0
5.267008e-01
4.620158e-01
0
0
4.444164e-02
0
0
0
2.011516e-01
1.215571e-01
2.006842e-01
2.273270e-01
0
0
0
0
0
0
0
0
0
0
0
0
0
0
0
0
1.527836e-01
0
1.276547e-01
0
4.823535e-01
4.483363e-02
0
0
9.816317e-03
2.066210e-01
4.603436e-01
3.874501e-01
2.152847e-01
3.106915e-01
1.204945e-01
6.598071e-02
0
2.294596e-01
0
1.217083e-01
3.436442e-01
1.532946e-01
7.305594e-02
0
7.739548e-02
0
0
0
1.354718e-01
0
0
0
0
0
0
0
0
0
2.086137e-02
1.190740e-02
0
0
0
0
0
0
0
0
0
0
9.648711e-03
0
0
1.020385e-01
6.240234e-02
2.617065e-02
0
0
0
0
0
0
0
0
9.766996e-01
9.611759e-01
6.605634e-01
7.499234e-01
1
9.424014e-01
9.383883e-01
8.820364e-01
6.498742e-01
3.956108e-01
4.005802e-01
8.320817e-02
7.524998e-01
6.777495e-01
6.475602e-02
0
1.673345e-03
0
6.229914e-02
0
2.248391e-01
0
0
0
1.602325e-01
0
0
0
3.590068e-01
0
0
0
2.255282e-01
8.839322e-02
1.807362e-02
0
9.477219e-02
1.420500e-01
1.598972e-01
0
0
0
0
0
0
0
0
0
0
0
0
0
2.533514e-01
0
3.084790e-01
0
4.935823e-01
2.724963e-01
0
0
0
6.593155e-02
2.721474e-01
2.098489e-01
3.145907e-01
2.597843e-02
2.961129e-01
5.591045e-03
0
3.246551e-01
2.796703e-01
1.001821e-01
2.927520e-01
0
0
0
9.548195e-02
0
0
0
1.960868e-01
0
0
0
0
0
0
0
0
0
0
0
0
0
0
0
0
0
0
0
0
0
0
0
0
1.149732e-01
3.230736e-02
0
2.280623e-01
1.233451e-01
0
0
0
0
0
0
9.538740e-01
9.182982e-01
7.324995e-01
7.566155e-01
9.424014e-01
1
9.283331e-01
8.778512e-01
7.108832e-01
5.251641e-01
4.052551e-01
1.599768e-01
7.466260e-01
7.581559e-01
0
0
1.044717e-01
0
1.276118e-02
0
1.092263e-01
0
0
0
3.691960e-01
1.555646e-01
0
0
3.900436e-01
0
0
0
1.447844e-01
5.290113e-02
1.787076e-01
0
0
0
0
0
0
0
0
0
0
0
0
0
0
5.987991e-02
0
1.068402e-01
1.650115e-01
0
3.202461e-01
0
5.402401e-01
3.610812e-01
0
1.602383e-01
0
3.245112e-01
3.213653e-01
2.620687e-01
2.286092e-01
1.265244e-01
2.005236e-01
0
0
2.356975e-01
3.266654e-01
1.681638e-01
1.472113e-01
0
9.214327e-02
0
8.252447e-02
0
0
0
1.518660e-01
0
0
0
0
0
0
0
0
0
0
0
0
0
0
0
0
0
0
0
0
0
0
0
0
2.025049e-01
1.156095e-01
0
4.990042e-03
0
0
0
0
0
0
0
9.365172e-01
9.263551e-01
7.317882e-01
7.585350e-01
9.383883e-01
9.283331e-01
1
9.051501e-01
7.421215e-01
4.858644e-01
4.621450e-01
3.999874e-02
8.144272e-01
7.005023e-01
5.723352e-02
0
1.051813e-01
0
1.784296e-01
0
2.558215e-01
0
0
0
2.632828e-01
4.594452e-02
0
0
3.303986e-01
0
0
0
1.606243e-01
2.378265e-02
1.034443e-01
0
1.076218e-01
1.252756e-01
1.261090e-01
0
0
0
0
0
0
0
0
0
0
0
0
0
4.514754e-02
0
2.060784e-01
0
5.451301e-01
3.714761e-01
0
0
0
2.152981e-01
2.441669e-01
1.863636e-01
1.600486e-01
0
3.060065e-01
1.174516e-01
0
3.221901e-01
3.000870e-01
1.259166e-01
1.929704e-01
0
0
0
2.127999e-01
0
0
0
2.788401e-01
0
0
0
0
0
0
0
0
0
0
0
0
0
0
0
0
0
0
0
0
0
0
0
0
7.911262e-02
1.875990e-02
0
1.010687e-01
0
0
0
0
0
0
0
8.496195e-01
8.653880e-01
6.857023e-01
7.554922e-01
8.820364e-01
8.778512e-01
9.051501e-01
1
6.440513e-01
5.834497e-01
3.848379e-01
9.822977e-02
7.315332e-01
7.209974e-01
0
0
0
0
2.548740e-02
0
9.690553e-02
0
0
0
3.394851e-01
9.129656e-02
0
0
3.450699e-01
0
1.646946e-02
0
3.592573e-01
1.904784e-01
1.523899e-01
0
1.061858e-01
1.817741e-01
0
0
0
0
0
0
0
0
0
0
0
0
0
0
2.074410e-01
0
1.959685e-01
0
3.632046e-01
2.830472e-01
0
8.902083e-02
0
1.514524e-01
3.054818e-01
1.615094e-01
3.729532e-01
5.807148e-02
3.330696e-01
4.409605e-02
0
1.158214e-01
1.519298e-01
2.276335e-01
2.808966e-01
0
1.424992e-01
0
2.936182e-02
0
0
0
1.778271e-01
0
0
0
1.238188e-02
0
4.107765e-02
0
0
0
0
0
0
0
0
0
0
0
0
0
0
0
0
0
0
3.571075e-02
0
0
3.453647e-01
1.592693e-01
0
0
0
0
0
0
6.236763e-01
6.221267e-01
3.952202e-01
3.536590e-01
6.498742e-01
7.108832e-01
7.421215e-01
6.440513e-01
1
7.807006e-01
8.367309e-01
4.573748e-01
9.390179e-01
8.103524e-01
0
0
2.331569e-01
0
3.815362e-02
0
7.161515e-02
0
4.970535e-02
0
2.022006e-01
3.169425e-02
0
0
3.322898e-01
0
0
0
4.777708e-02
9.121085e-02
2.754918e-01
0
0
0
0
0
0
0
0
0
0
0
2.043112e-01
0
0
4.078946e-02
0
7.343219e-02
0
0
3.228085e-01
0
3.860104e-01
4.331805e-01
0
1.244477e-01
0
2.611996e-01
3.253458e-02
3.698135e-02
6.670637e-02
0
2.583974e-01
2.194921e-01
0
8.277341e-02
3.999831e-01
1.558149e-01
0
0
0
0
3.056396e-01
0
0
0
3.798436e-01
0
1.580802e-01
0
2.480448e-01
0
1.466585e-01
0
0
0
0
0
0
0
0
0
0
0
0
0
0
0
0
0
0
0
0
0
5.112876e-01
3.300713e-01
0
0
0
9.678892e-03
6.675766e-02
0
3.187377e-01
3.273263e-01
1.201715e-01
9.348509e-02
3.956108e-01
5.251641e-01
4.858644e-01
5.834497e-01
7.807006e-01
1
7.607383e-01
7.356259e-01
6.933674e-01
8.652731e-01
0
0
2.311406e-01
0
0
0
0
0
2.701059e-01
0
1.922986e-01
0
0
0
3.504178e-01
0
2.602283e-01
0
2.580782e-01
2.529842e-01
1.997205e-01
0
0
1.262735e-01
0
0
0
0
1.723300e-01
0
0
0
3.212194e-01
2.097398e-01
0
3.085325e-01
0
3.749849e-01
1.104304e-01
0
3.119718e-01
0
7.160030e-02
3.772704e-01
0
4.369625e-01
0
2.303947e-01
0
5.269695e-03
2.663678e-01
0
2.352387e-01
1.694646e-01
0
0
3.729903e-01
1.925697e-01
0
0
3.009702e-01
2.476791e-02
7.620218e-02
0
0
0
1.576384e-02
0
0
0
1.799967e-01
0
0
0
0
0
0
0
0
0
0
0
0
0
0
0
0
0
0
0
0
2.896217e-02
0
0
1.629142e-01
0
0
0
0
6.628933e-04
0
0
3.175977e-01
3.515463e-01
3.004517e-02
4.170437e-03
4.005802e-01
4.052551e-01
4.621450e-01
3.848379e-01
8.367309e-01
7.607383e-01
1
6.341975e-01
8.006915e-01
7.349518e-01
1.159132e-01
0
4.111633e-01
1.170049e-01
1.436368e-01
0
2.283112e-01
0
0
0
0
0
0
0
1.305853e-01
0
0
0
4.211662e-02
1.244510e-01
1.260274e-01
0
0
1.317234e-01
1.214296e-01
0
0
0
0
0
0
0
4.390833e-01
3.279801e-01
0
0
0
0
4.454105e-02
0
3.106369e-01
0
1.790377e-01
3.133952e-01
0
0
0
0
0
7.626127e-02
2.647043e-01
0
3.306535e-01
3.410356e-01
6.004166e-02
6.977483e-02
2.913873e-01
2.952986e-03
0
0
0
0
3.086976e-01
0
1.122944e-01
0
3.100079e-01
0
3.822889e-01
0
4.841090e-01
0
2.411027e-01
0
1.402086e-01
0
0
0
0
0
0
0
2.484675e-01
0
2.006331e-01
0
0
0
0
0
1.101607e-01
0
0
0
5.457322e-01
3.553438e-01
3.076314e-01
4.923010e-02
2.181716e-01
3.688145e-01
4.182920e-01
1.764517e-01
0
0
0
0
8.320817e-02
1.599768e-01
3.999874e-02
9.822977e-02
4.573748e-01
7.356259e-01
6.341975e-01
1
3.953485e-01
6.137270e-01
0
0
1.148758e-01
0
0
0
0
0
2.929983e-01
4.984925e-02
0
0
0
0
2.291605e-01
0
2.584069e-01
1.705296e-01
1.789255e-01
1.928282e-01
0
0
0
1.994160e-01
0
0
0
0
3.055983e-01
0
0
0
4.645369e-01
4.494355e-01
0
4.413988e-01
0
6.051052e-01
3.942652e-01
1.311361e-01
5.202147e-01
0
0
1.594468e-01
0
4.345561e-01
0
0
0
4.815506e-02
2.602798e-01
0
2.749641e-02
1.435594e-01
6.039457e-02
0
4.142187e-01
0
0
0
1.810532e-01
0
6.311459e-02
0
0
0
1.611317e-01
0
3.022120e-03
0
1.074636e-02
0
0
0
0
0
0
0
0
0
0
0
0
0
0
0
0
0
0
0
0
9.696693e-02
0
0
1.971782e-01
0
0
0
0
0
0
0
7.219245e-01
7.474915e-01
4.819858e-01
4.893336e-01
7.524998e-01
7.466260e-01
8.144272e-01
7.315332e-01
9.390179e-01
6.933674e-01
8.006915e-01
3.953485e-01
1.000000e+00
8.046108e-01
5.199653e-02
0
1.507253e-01
0
1.008001e-01
0
1.907378e-01
0
0
0
1.676908e-01
0
0
0
2.883622e-01
0
0
0
1.385598e-01
1.443917e-01
2.322450e-01
0
0
2.792744e-02
1.159313e-02
0
0
0
0
0
0
0
1.334437e-01
0
0
0
0
0
2.317410e-02
0
3.223649e-01
0
3.809246e-01
2.863813e-01
0
0
0
7.991453e-02
0
1.321445e-01
1.846025e-01
0
3.031761e-01
3.151693e-01
0
2.083582e-01
3.552967e-01
0
0
0
0
0
1.887837e-01
0
0
0
1.839257e-01
0
1.255243e-01
0
3.155304e-02
0
7.112433e-03
0
0
0
0
0
0
0
0
0
0
0
0
0
0
0
0
0
0
0
0
0
3.271541e-01
1.774397e-01
0
0
0
1.974902e-02
0
0
6.232449e-01
6.118934e-01
2.967984e-01
3.530643e-01
6.777495e-01
7.581559e-01
7.005023e-01
7.209974e-01
8.103524e-01
8.652731e-01
7.349518e-01
6.137270e-01
8.046108e-01
1.000000e+00
0
0
1.879663e-01
0
0
0
0
0
3.970633e-02
0
8.665251e-02
0
0
0
2.974645e-01
0
0
0
8.187667e-02
7.530521e-02
1.338014e-02
0
0
1.897829e-01
5.485959e-03
0
0
0
0
0
0
0
7.793812e-02
5.166464e-02
0
1.592565e-01
0
3.353188e-01
2.457581e-01
0
3.765100e-01
0
1.379526e-01
3.605424e-01
0
2.962695e-01
0
9.209794e-02
6.422375e-02
1.363319e-01
3.476885e-01
0
4.508914e-01
2.572595e-01
0
1.012000e-01
4.359235e-01
1.828859e-01
3.833450e-02
0
4.837956e-01
4.041020e-01
0
2.939389e-01
0
1.355985e-01
0
2.942260e-01
0
1.150569e-01
0
4.444187e-01
0
1.368049e-01
0
0
5.979389e-01
5.022845e-01
2.342767e-01
1.354463e-01
0
0
0
0
0
0
0
9.288271e-02
3.869163e-01
3.176804e-01
0
0
2.927769e-01
2.408435e-01
0
0
6.083240e-03
0
0
0
0
0
7.432398e-03
0
0
0
6.475602e-02
0
5.723352e-02
0
0
0
1.159132e-01
0
5.199653e-02
0
1
6.608830e-01
3.662860e-01
4.782584e-01
4.194671e-01
4.569840e-02
4.000830e-01
4.250442e-01
0
0
0
0
2.428886e-01
7.718223e-02
0
0
0
0
0
0
0
1.882703e-01
4.149604e-01
2.484703e-01
5.456176e-01
3.368035e-01
1.403935e-01
1.840337e-01
0
0
2.802801e-01
0
1.849530e-01
0
0
0
0
0
0
2.606971e-01
0
0
2.532181e-01
1.739139e-01
2.282185e-01
0
1.285351e-01
0
3.545999e-02
0
1.469166e-01
0
2.435070e-01
0
3.165299e-01
4.924365e-01
2.180659e-01
0
2.695683e-01
1.912819e-01
6.535867e-01
7.070746e-01
0
3.661142e-01
0
1.281038e-01
0
5.079838e-01
0
5.870774e-02
0
6.416569e-01
0
2.263114e-01
0
1.367447e-01
7.381432e-01
6.745690e-01
4.875645e-01
5.136907e-01
2.234123e-01
2.420297e-01
0
0
0
0
2.851026e-02
3.754507e-01
5.938210e-01
7.483996e-01
5.674689e-02
0
3.142904e-01
4.659416e-01
0
0
5.239432e-02
1.666672e-01
6.453583e-02
5.566176e-02
0
5.775366e-03
0
0
0
0
0
0
0
0
0
0
0
0
0
0
6.608830e-01
1
2.507578e-01
5.947038e-01
3.945493e-01
3.449850e-01
5.439945e-01
6.902939e-01
0
0
0
0
4.145558e-01
8.938700e-02
0
0
0
2.337442e-02
0
0
0
3.383353e-01
3.762521e-01
9.608488e-02
5.668802e-01
2.831070e-01
4.179274e-01
3.620831e-01
0
0
4.271581e-01
0
0
1.155082e-01
0
0
0
0
0
3.412805e-01
0
4.435856e-02
1.987561e-01
1.278870e-01
2.088188e-01
0
2.073215e-01
0
8.549896e-02
0
4.429188e-03
0
1.715083e-01
1.381185e-01
5.350006e-01
3.795808e-01
0
0
1.856531e-01
4.101098e-01
2.360130e-01
0
0
2.461675e-01
0
0
0
1.931385e-01
0
0
0
3.022155e-01
0
0
0
0
1.442848e-01
0
0
0
0
0
0
0
0
0
0
0
3.364978e-02
0
0
0
1.217637e-01
0
0
7.412583e-02
0
0
5.597052e-02
0
0
0
1.827843e-02
1.340382e-02
0
0
1.673345e-03
1.044717e-01
1.051813e-01
0
2.331569e-01
2.311406e-01
4.111633e-01
1.148758e-01
1.507253e-01
1.879663e-01
3.662860e-01
2.507578e-01
1.000000e+00
8.160049e-01
6.315859e-01
1.511795e-01
5.454220e-01
2.565429e-01
0
0
9.139898e-02
3.129771e-01
4.012164e-01
0
0
0
6.040579e-02
3.668324e-02
0
4.302379e-03
1.878824e-01
2.418806e-01
7.890754e-02
0
2.937572e-01
0
0
0
0
0
0
0
2.316652e-01
1.271272e-01
2.404087e-01
0
0
0
0
1.637678e-01
0
2.810636e-01
5.138270e-01
4.245241e-01
3.055661e-01
0
2.494479e-01
3.075881e-01
1.405800e-01
9.204539e-02
2.973643e-01
2.150867e-01
6.954648e-02
0
3.072469e-01
2.248102e-01
1.128641e-01
1.163130e-02
0
9.486346e-02
3.983821e-01
2.407983e-01
0
3.976342e-01
0
0
0
5.471813e-01
0
0
0
5.877188e-01
0
1.382820e-01
0
0
2.538641e-01
7.877435e-02
0
4.452937e-03
1.035820e-02
7.444849e-05
0
0
0
0
0
0
1.903765e-01
2.026740e-01
0
0
3.568865e-01
3.385120e-01
0
0
0
0
9.166209e-02
0
0
0
0
0
0
0
0
0
0
0
0
0
1.170049e-01
0
0
0
4.782584e-01
5.947038e-01
8.160049e-01
1
6.813373e-01
3.835518e-01
5.831066e-01
5.716001e-01
0
0
0
3.179487e-01
5.258592e-01
3.878258e-02
0
0
7.216141e-03
1.233955e-01
0
0
7.849758e-02
5.291628e-01
0
0
2.709375e-01
0
0
1.072785e-01
0
0
0
0
1.702037e-01
3.504696e-02
2.540632e-01
0
0
0
0
1.392421e-01
0
2.531460e-01
5.188688e-01
4.615690e-01
4.302900e-01
0
4.893736e-01
2.074235e-01
1.770785e-01
0
1.220234e-01
3.160076e-01
3.436950e-02
0
4.645268e-01
2.635266e-01
2.153286e-02
0
0
2.367983e-01
4.683550e-01
1.723747e-01
0
3.029342e-01
0
0
0
3.389608e-01
0
0
0
4.923589e-01
0
8.237425e-02
0
0
3.664237e-01
1.661831e-01
1.975959e-01
6.605943e-03
0
0
0
0
0
0
0
0
3.958914e-01
2.471525e-01
0
0
3.196783e-01
2.294988e-01
0
0
0
0
3.399614e-02
0
0
0
9.870720e-02
1.411296e-01
5.597901e-02
1.020511e-01
6.229914e-02
1.276118e-02
1.784296e-01
2.548740e-02
3.815362e-02
0
1.436368e-01
0
1.008001e-01
0
4.194671e-01
3.945493e-01
6.315859e-01
6.813373e-01
1
5.807638e-02
6.696762e-01
5.673931e-01
0
0
0
1.244659e-01
2.678420e-01
0
0
0
0
0
0
0
1.066055e-01
3.222926e-01
1.397291e-01
5.181911e-02
4.952732e-01
1.456630e-02
1.590598e-01
3.215772e-01
0
0
0
1.974572e-01
9.925786e-02
0
0
0
0
0
0
1.094345e-01
0
1.392544e-01
4.309223e-01
2.784273e-01
2.959236e-02
0
1.024037e-01
0
0
9.720519e-02
2.028279e-01
1.196916e-01
3.443756e-02
9.366433e-02
1.837135e-01
2.665974e-01
0
0
0
4.824652e-01
9.269738e-02
1.492893e-01
0
4.420788e-01
8.859917e-02
4.543403e-01
0
6.601616e-01
0
5.590969e-01
3.494842e-02
5.245377e-01
1.604139e-01
5.748762e-01
1.467094e-01
5.236088e-01
1.548244e-01
1.138868e-01
9.188969e-02
4.037745e-01
2.124847e-01
3.431800e-01
0
1.240409e-01
2.761231e-01
3.293212e-01
3.977171e-01
5.523157e-01
0
2.104999e-01
4.263335e-02
0
0
0
0
1.366863e-01
0
9.242615e-02
3.024601e-01
0
0
0
0
0
0
0
0
0
0
0
0
0
0
0
0
0
4.569840e-02
3.449850e-01
1.511795e-01
3.835518e-01
5.807638e-02
1
0
3.074141e-01
0
7.206649e-01
0
0
4.265730e-01
3.198354e-01
0
8.233227e-02
0
0
0
0
0
1.985321e-01
0
0
6.439793e-02
3.582220e-01
1.536773e-01
3.429156e-01
7.699811e-02
7.158331e-01
3.845747e-02
3.243449e-01
2.359579e-01
4.354591e-01
5.885376e-01
0
1.798444e-01
0
0
2.405907e-01
0
5.886611e-01
0
0
3.880967e-01
0
3.134376e-01
1.117091e-02
4.460341e-06
0
0
5.906279e-02
0
1.999074e-01
6.974481e-01
0
0
1.937224e-01
0
0
5.249235e-01
1.978736e-01
0
2.804145e-01
0
0
0
2.054946e-01
0
0
0
4.216035e-01
0
1.050824e-01
0
0
4.089045e-01
1.171492e-01
2.222978e-01
2.219826e-01
0
0
0
0
0
0
0
0
4.226166e-01
4.882935e-01
0
2.331285e-01
1.497303e-01
2.230657e-01
0
0
0
0
0
5.733869e-02
0
0
2.527515e-01
3.339977e-01
2.898956e-01
3.918369e-01
2.248391e-01
1.092263e-01
2.558215e-01
9.690553e-02
7.161515e-02
0
2.283112e-01
0
1.907378e-01
0
4.000830e-01
5.439945e-01
5.454220e-01
5.831066e-01
6.696762e-01
0
1
7.402736e-01
0
0
0
1.640287e-01
3.157514e-01
0
0
0
0
0
0
1.417952e-02
0
3.497937e-01
9.609650e-02
0
5.232330e-01
0
4.103850e-01
3.163295e-01
0
0
2.455315e-01
1.105839e-01
0
0
0
0
0
0
2.237183e-02
2.498655e-01
0
0
3.583378e-01
0
0
0
0
0
1.974127e-01
4.038997e-01
3.161791e-01
1.187247e-02
1.730843e-01
2.711363e-01
2.736289e-01
2.661937e-01
0
0
3.098142e-01
6.547365e-01
5.816970e-01
5.352612e-01
0
5.809088e-01
0
0
0
4.909548e-01
0
0
0
4.953790e-01
0
3.104211e-01
0
3.159853e-01
4.067024e-01
2.590919e-01
3.184578e-01
4.619542e-01
5.859369e-02
1.087088e-02
0
0
0
0
0
1.094939e-01
5.531227e-01
5.760571e-01
3.551140e-02
2.160838e-01
4.648566e-01
4.965258e-01
0
0
0
1.778216e-01
1.407366e-01
3.500766e-02
0
0
0
0
9.693652e-02
1.636478e-01
0
0
0
0
0
0
0
0
0
0
4.250442e-01
6.902939e-01
2.565429e-01
5.716001e-01
5.673931e-01
3.074141e-01
7.402736e-01
1
0
0
0
1.631139e-01
3.513441e-01
0
0
0
0
1.234783e-01
0
0
0
5.664665e-01
1.067337e-02
0
3.158680e-01
3.722493e-01
5.577136e-01
6.735925e-01
0
0
4.386383e-01
3.027166e-01
6.367737e-02
0
0
0
0
0
0
1.568178e-01
0
5.966337e-02
2.111721e-01
0
7.872413e-02
0
1.849230e-01
0
2.784870e-03
1.082360e-01
0
3.795846e-02
3.851750e-02
3.672195e-01
3.742934e-01
3.092546e-01
0
0
1.652338e-01
6.032136e-01
0
0
6.140850e-01
0
6.393780e-01
2.122605e-01
7.070054e-01
0
5.908985e-01
2.292171e-01
5.150909e-01
0
4.643909e-01
0
4.624361e-01
1.607913e-01
0
0
0
0
0
0
7.363878e-01
6.145931e-01
6.606969e-01
4.423051e-01
4.085182e-01
1.125209e-02
0
0
1.946995e-01
1.299244e-01
0
0
7.454645e-01
5.732932e-01
0
0
1.750232e-01
0
2.668771e-01
0
0
0
1.984081e-02
0
0
0
0
0
4.970535e-02
2.701059e-01
0
2.929983e-01
0
3.970633e-02
0
0
0
0
0
0
0
0
1
4.878762e-01
4.340345e-01
6.640653e-02
0
0
5.540644e-01
8.831413e-02
2.698799e-01
0
6.966730e-02
0
2.787762e-01
0
0
0
0
0
0
0
8.249614e-01
4.987001e-01
0
3.496756e-02
1.716211e-01
1.003717e-01
2.513192e-01
5.554326e-01
6.079039e-01
5.502312e-01
0
0
0
0
0
0
8.135969e-02
6.264834e-01
1.876609e-02
2.489146e-01
0
2.869513e-02
0
0
0
0
0
0
8.541903e-02
7.421490e-02
0
0
0
0
0
5.496096e-02
4.499913e-01
4.409662e-01
3.141360e-02
3.445070e-01
2.920270e-01
5.816652e-01
2.575635e-01
2.267722e-01
5.885013e-01
4.749803e-01
3.656923e-01
4.460784e-01
0
0
0
8.788810e-02
1.391065e-01
3.826946e-01
2.517245e-01
3.035713e-01
5.889249e-01
3.789071e-01
5.630131e-01
4.145254e-01
0
0
0
0
0
0
3.299873e-01
4.047750e-01
0
6.430824e-02
2.457360e-01
7.216987e-02
0
6.498595e-02
0
0
0
0
0
0
0
0
0
0
0
4.984925e-02
0
0
0
0
0
0
0
7.206649e-01
0
0
4.878762e-01
1
0
0
6.927510e-02
3.097547e-01
1.260576e-02
3.645217e-01
4.458387e-03
0
0
0
0
0
0
0
0
2.832306e-01
0
0
4.242883e-01
8.567100e-01
0
2.151353e-01
2.817181e-01
5.966880e-01
5.142307e-01
3.171224e-01
4.792886e-01
4.061105e-01
0
0
0
4.118291e-01
0
0
2.511703e-01
4.274745e-01
1.250236e-01
6.717156e-02
0
0
0
0
0
0
2.876562e-01
0
4.962655e-02
3.769717e-01
0
0
0
0
3.432957e-02
0
0
0
2.795940e-01
0
0
0
0
0
0
0
0
0
0
0
0
0
0
0
2.337444e-02
5.854631e-02
0
0
0
0
0
0
0
1.699367e-01
6.940344e-02
0
5.427870e-01
5.948542e-01
0
0
0
0
2.405843e-01
0
2.549664e-01
2.851876e-01
6.596729e-01
5.267008e-01
1.602325e-01
3.691960e-01
2.632828e-01
3.394851e-01
2.022006e-01
1.922986e-01
0
0
1.676908e-01
8.665251e-02
0
0
9.139898e-02
0
0
0
0
0
4.340345e-01
0
1
8.336086e-01
0
0
1.137091e-01
0
1.929220e-01
0
7.385444e-02
6.101988e-02
6.666055e-01
4.028669e-01
0
0
0
0
0
0
1.917028e-01
1.677149e-02
0
1.040936e-01
0
0
3.608700e-01
3.679204e-01
3.971032e-01
1.549289e-01
0
0
6.526068e-02
2.263545e-02
3.787720e-01
1.243696e-01
3.110766e-01
4.442625e-01
3.836610e-01
7.085479e-01
3.317195e-01
2.969785e-01
0
4.468969e-01
0
0
0
0
0
1.447377e-01
0
0
0
0
0
1.256690e-01
0
0
0
4.205223e-02
0
0
0
0
0
0
0
0
0
0
0
0
2.139935e-02
0
0
0
0
0
0
0
0
0
0
0
2.089415e-01
2.599204e-01
2.792350e-01
5.093509e-01
0
0
4.898999e-02
0
1.704728e-01
3.749806e-02
8.530268e-02
1.194562e-01
4.819146e-01
4.620158e-01
0
1.555646e-01
4.594452e-02
9.129656e-02
3.169425e-02
0
0
0
0
0
0
0
3.129771e-01
3.179487e-01
1.244659e-01
0
1.640287e-01
1.631139e-01
6.640653e-02
0
8.336086e-01
1
2.502050e-01
1.580106e-01
0
0
2.198308e-01
2.484671e-01
3.395152e-02
1.676877e-01
5.988871e-01
6.516309e-01
0
0
0
0
0
0
0
1.027933e-01
0
2.664340e-01
0
0
4.397415e-01
1.367372e-01
2.448302e-01
0
0
0
8.834818e-02
2.180314e-01
4.407877e-01
1.869844e-01
3.884072e-01
2.349600e-01
4.982880e-01
6.209112e-01
3.984096e-01
2.140983e-01
4.594262e-04
6.781535e-01
0
0
0
0
0
1.464383e-01
0
1.947493e-02
0
4.918797e-02
0
0
0
0
0
2.445306e-01
0
0
0
3.688375e-01
0
2.669084e-01
0
1.876603e-02
3.185660e-01
1.963661e-01
2.240569e-01
5.056760e-01
0
0
0
0
0
0
0
0
4.813037e-01
4.286948e-01
0
0
3.261531e-01
4.586814e-01
0
0
4.504682e-01
4.108644e-01
4.354076e-01
4.769177e-01
3.633681e-01
2.875885e-01
0
0
0
0
0
0
0
0
0
0
0
0
0
0
2.428886e-01
4.145558e-01
4.012164e-01
5.258592e-01
2.678420e-01
4.265730e-01
3.157514e-01
3.513441e-01
0
6.927510e-02
0
2.502050e-01
1.000000e+00
7.797433e-01
0
0
1.766084e-01
4.950667e-01
0
6.570216e-02
0
1.236669e-01
1.680929e-01
0
3.835561e-01
2.137082e-01
1.779991e-01
8.115906e-02
0
8.246026e-02
3.729222e-02
2.832145e-01
7.697631e-02
1.200136e-01
3.885106e-01
0
0
0
2.578963e-01
6.890187e-01
7.091971e-02
5.986875e-01
6.618179e-02
1.181274e-01
6.231415e-02
0
1.724693e-01
0
2.870761e-01
0
4.775666e-01
5.389883e-01
3.251822e-02
0
4.942339e-01
2.684486e-01
0
8.027517e-02
1.004457e-02
3.389090e-01
0
0
0
0
0
1.897542e-02
0
3.620178e-02
4.592870e-02
1.564125e-01
0
1.445845e-01
0
2.739223e-01
0
1.835292e-01
8.056128e-02
1.709415e-01
3.124095e-01
5.356159e-01
0
0
0
7.296195e-02
0
0
0
0
2.714144e-01
1.913594e-01
0
0
1.072801e-01
2.765484e-01
0
2.057896e-02
4.470478e-01
5.142279e-01
3.950497e-01
4.845611e-01
4.893753e-01
3.119619e-01
0
0
0
0
0
0
0
0
0
0
0
0
0
0
7.718223e-02
8.938700e-02
0
3.878258e-02
0
3.198354e-01
0
0
0
3.097547e-01
0
1.580106e-01
7.797433e-01
1.000000e+00
0
0
2.463183e-01
4.172607e-01
4.183957e-02
3.182841e-02
0
0
2.522066e-01
1.164956e-01
1.893305e-01
3.653622e-01
6.555774e-02
0
1.737958e-01
2.728914e-01
2.875925e-02
3.266636e-01
1.877067e-02
1.983285e-01
4.043406e-01
1.626400e-01
1.919155e-01
9.874457e-02
3.569819e-01
5.963285e-01
0
6.292591e-01
0
0
0
1.354587e-01
0
0
3.088887e-01
0
3.839721e-01
3.902821e-01
6.514985e-02
0
2.373645e-01
0
0
2.900879e-01
1.296880e-01
1.902586e-01
0
0
6.222027e-01
0
6.215191e-01
2.027095e-01
7.678781e-01
0
5.197494e-01
9.338752e-02
4.499369e-01
0
2.605423e-01
0
2.322904e-01
0
0
0
0
0
3.126293e-01
1.896333e-01
5.667487e-01
4.256569e-01
5.180812e-01
2.822925e-01
3.913476e-01
2.760746e-02
0
0
1.956696e-01
2.699726e-01
0
0
4.407658e-01
1.358603e-01
0
0
0
0
0
0
3.172661e-01
2.649352e-01
2.001761e-01
4.444164e-02
3.590068e-01
3.900436e-01
3.303986e-01
3.450699e-01
3.322898e-01
3.504178e-01
1.305853e-01
2.291605e-01
2.883622e-01
2.974645e-01
0
0
0
0
0
0
0
0
5.540644e-01
1.260576e-02
1.137091e-01
0
0
0
1
3.667133e-01
2.522853e-01
0
3.400393e-01
1.855321e-01
4.122637e-02
0
0
1.593898e-01
0
0
0
0
2.241592e-01
0
0
0
0
0
0
1.949198e-01
2.020489e-01
2.744927e-01
0
0
0
0
0
0
0
2.429153e-01
1.520746e-02
4.875042e-02
0
0
0
0
0
0
0
0
4.568218e-01
8.399392e-02
0
0
8.949112e-02
2.158252e-01
4.104724e-02
1.542651e-01
4.004232e-01
2.738548e-01
2.288500e-01
3.342077e-01
2.092996e-01
7.464915e-02
4.807270e-02
2.042831e-01
3.655949e-01
3.630660e-01
2.721736e-01
4.458183e-01
0
0
2.617380e-01
8.026288e-02
5.581048e-01
7.561718e-01
2.205482e-01
2.540525e-01
2.850910e-01
2.148804e-01
4.412615e-01
3.017551e-01
0
0
0
0
6.105457e-02
1.657891e-01
0
3.669861e-02
0
1.117976e-01
0
7.308821e-04
0
3.527398e-01
0
0
0
0
0
0
0
0
0
0
0
0
0
0
0
0
0
0
0
8.233227e-02
0
0
8.831413e-02
3.645217e-01
0
0
0
0
3.667133e-01
1
2.154941e-01
2.750883e-01
2.222825e-01
3.497545e-01
0
0
0
0
0
2.255374e-01
0
6.097099e-03
0
2.673732e-01
1.815973e-01
7.454454e-02
0
0
1.171328e-01
0
2.810591e-01
9.120360e-02
0
0
0
0
0
0
0
3.321217e-02
3.419262e-02
0
0
0
0
0
0
0
0
0
3.952003e-02
3.212695e-02
1.670222e-02
0
0
0
3.322552e-01
0
1.754803e-02
0
4.032425e-01
0
3.856573e-03
0
3.399973e-01
0
1.392593e-02
0
0
0
0
0
1.010843e-01
4.799062e-02
2.682785e-02
3.744655e-02
3.685739e-01
1.669424e-01
1.088953e-01
0
0
0
0
0
3.580379e-01
6.849981e-03
3.165747e-01
1.792539e-01
2.143084e-01
1.415133e-01
4.342952e-01
1.048610e-01
3.818380e-01
2.422004e-01
5.290527e-01
4.787553e-01
0
0
0
0
0
0
0
1.646946e-02
0
2.602283e-01
0
2.584069e-01
0
0
0
0
6.040579e-02
7.216141e-03
0
0
0
0
2.698799e-01
4.458387e-03
1.929220e-01
2.198308e-01
1.766084e-01
2.463183e-01
2.522853e-01
2.154941e-01
1.000000e+00
7.055584e-01
7.889160e-01
7.455782e-01
1.010023e-01
0
0
2.317695e-03
0
0
0
0
3.142222e-01
1.104869e-01
5.387977e-02
0
1.255239e-01
2.379590e-02
5.046741e-02
1.104036e-01
0
1.310355e-01
1.964997e-01
0
0
0
0
0
0
1.759125e-01
8.940836e-02
6.488477e-02
0
0
1.828600e-01
7.808567e-02
0
0
0
0
0
0
0
1.260254e-01
0
1.873063e-01
0
0
0
0
0
0
0
0
7.300961e-02
0
7.166661e-02
0
1.637112e-02
0
0
0
7.608131e-02
1.828224e-01
0
1.595452e-01
0
0
0
0
0
0
3.175585e-01
1.101399e-01
5.896313e-02
0
4.107134e-01
5.590126e-01
0
7.792539e-02
6.109306e-01
5.417855e-01
5.038816e-01
5.218955e-01
6.120146e-01
7.860208e-01
0
0
0
0
0
0
0
0
0
0
0
1.705296e-01
0
0
0
2.337442e-02
3.668324e-02
1.233955e-01
0
0
0
1.234783e-01
0
0
0
2.484671e-01
4.950667e-01
4.172607e-01
0
2.750883e-01
7.055584e-01
1.000000e+00
6.210462e-01
7.111820e-01
5.145588e-02
4.694756e-02
0
0
0
1.826315e-01
1.165411e-02
2.863183e-02
7.661354e-03
8.884062e-02
2.322094e-01
1.812249e-01
2.176332e-01
0
5.513587e-02
0
0
5.237272e-03
2.467743e-01
3.191753e-01
1.622818e-01
1.024012e-01
0
0
0
9.089257e-03
0
0
0
0
2.502746e-01
3.692767e-01
0
0
0
0
0
0
0
1.572663e-01
1.678848e-02
1.237456e-01
3.483482e-01
0
0
0
4.206136e-01
0
1.053207e-01
0
2.185368e-01
0
0
0
5.773634e-03
0
0
0
2.105703e-01
5.737194e-02
3.656302e-02
0
3.071955e-01
1.706120e-01
0
0
0
0
1.602885e-01
0
2.242636e-01
1.219988e-01
3.001078e-01
2.543293e-01
0
0
3.753725e-01
1.160723e-01
3.684496e-02
2.158860e-01
3.623028e-01
4.040154e-01
1.393821e-01
2.012430e-01
1.169558e-01
2.011516e-01
2.255282e-01
1.447844e-01
1.606243e-01
3.592573e-01
4.777708e-02
2.580782e-01
4.211662e-02
1.789255e-01
1.385598e-01
8.187667e-02
0
0
0
0
0
0
0
0
6.966730e-02
0
7.385444e-02
3.395152e-02
0
4.183957e-02
3.400393e-01
2.222825e-01
7.889160e-01
6.210462e-01
1
8.704801e-01
0
0
0
1.604077e-01
0
3.427099e-02
0
0
1.092527e-01
0
3.733793e-01
0
0
0
0
0
0
0
3.978667e-01
0
2.890307e-02
0
0
0
0
0
0
0
0
0
2.996768e-01
0
0
0
0
0
0
0
3.029090e-01
1.938424e-01
7.321961e-02
1.076758e-01
1.047150e-01
0
0
0
2.351763e-01
0
1.835858e-02
0
9.427902e-02
0
0
0
0
0
0
0
8.893252e-02
0
9.369230e-02
1.125193e-01
1.522702e-01
5.322942e-02
0
0
0
0
5.705291e-02
0
1.047634e-01
4.478509e-03
2.483744e-01
2.489316e-01
0
0
3.043428e-01
1.075902e-01
5.130984e-02
3.129109e-01
2.956912e-01
4.115430e-01
3.389352e-02
9.209039e-02
7.572897e-03
1.215571e-01
8.839322e-02
5.290113e-02
2.378265e-02
1.904784e-01
9.121085e-02
2.529842e-01
1.244510e-01
1.928282e-01
1.443917e-01
7.530521e-02
0
0
4.302379e-03
0
0
0
1.417952e-02
0
0
0
6.101988e-02
1.676877e-01
6.570216e-02
3.182841e-02
1.855321e-01
3.497545e-01
7.455782e-01
7.111820e-01
8.704801e-01
1
4.568507e-02
0
0
0
0
5.617571e-02
0
0
0
0
3.103673e-01
0
8.996011e-02
0
0
0
0
0
3.093494e-01
0
1.753740e-03
0
0
0
0
0
0
0
0
0
2.725180e-01
6.332044e-02
3.919426e-03
0
0
0
0
0
2.184521e-01
8.801208e-02
0
0
0
2.111675e-02
0
0
1.582854e-01
0
0
0
7.175225e-02
0
2.164386e-02
0
0
0
0
0
0
0
6.460579e-02
0
0
0
0
0
0
0
0
0
0
1.761990e-01
1.460974e-02
0
5.339252e-01
6.056401e-01
0
0
7.013098e-02
0
1.377589e-01
0
1.112157e-01
1.411949e-01
4.047139e-01
2.006842e-01
1.807362e-02
1.787076e-01
1.034443e-01
1.523899e-01
2.754918e-01
1.997205e-01
1.260274e-01
0
2.322450e-01
1.338014e-02
0
0
1.878824e-01
7.849758e-02
1.066055e-01
0
0
0
2.787762e-01
0
6.666055e-01
5.988871e-01
0
0
4.122637e-02
0
1.010023e-01
5.145588e-02
0
4.568507e-02
1
4.480116e-01
0
0
0
0
0
1.665992e-01
9.360766e-02
1.088703e-01
0
2.500540e-01
7.498624e-02
0
3.986012e-01
3.460118e-01
1.004726e-01
0
0
0
1.230300e-01
9.343702e-03
5.137414e-01
2.181775e-01
2.776142e-01
2.164121e-01
4.121108e-01
5.275955e-01
0
1.793977e-01
0
3.910877e-01
0
0
0
0
0
0
0
0
1.281426e-01
1.210058e-01
0
5.522309e-01
0
0
0
3.911885e-01
0
0
0
1.544059e-01
0
7.028806e-02
0
1.637762e-01
0
0
0
6.985637e-02
2.840845e-01
6.208970e-02
0
0
0
1.302772e-02
0
1.157045e-01
0
0
0
1.602039e-01
3.547026e-01
4.330498e-01
0
8.634270e-02
0
0
7.647659e-02
0
0
0
1.504110e-02
2.244929e-02
3.022468e-01
2.273270e-01
0
0
0
0
0
0
0
0
0
0
1.882703e-01
3.383353e-01
2.418806e-01
5.291628e-01
3.222926e-01
1.985321e-01
3.497937e-01
5.664665e-01
0
0
4.028669e-01
6.516309e-01
1.236669e-01
0
0
0
0
4.694756e-02
0
0
4.480116e-01
1.000000e+00
0
0
0
2.164625e-03
0
3.834201e-01
0
1.383883e-01
0
2.288292e-01
3.185387e-02
0
3.211554e-01
0
1.182271e-01
0
0
0
0
0
5.199141e-01
2.064770e-01
6.698936e-01
0
7.179062e-01
4.643487e-01
2.195917e-01
8.386978e-02
0
2.843428e-01
0
0
4.580127e-02
0
0
0
0
2.036194e-01
2.133258e-02
4.004868e-02
1.171931e-01
0
0
3.335059e-01
0
0
1.600843e-01
4.125329e-01
0
1.518528e-01
0
0
6.650229e-02
6.520915e-03
6.928872e-01
8.266208e-01
5.801500e-01
3.342935e-01
0
0
0
0
0
0
0
1.265102e-01
4.642336e-01
4.203757e-01
1.608793e-01
2.431746e-02
1.652933e-01
1.154433e-01
0
0
1.417019e-01
0
0
0
0
0
2.031344e-02
0
0
0
9.477219e-02
0
1.076218e-01
1.061858e-01
0
0
0
0
0
0
4.149604e-01
3.762521e-01
7.890754e-02
0
1.397291e-01
0
9.609650e-02
1.067337e-02
0
0
0
0
1.680929e-01
2.522066e-01
0
0
0
0
0
0
0
0
1
7.631976e-01
6.725847e-01
1.810710e-01
3.207533e-01
0
0
0
1.980683e-01
0
0
9.114756e-02
0
0
0
0
1.556009e-01
3.112136e-01
0
1.882725e-01
5.890644e-02
1.417736e-01
0
0
0
0
1.453933e-01
0
2.010311e-01
0
4.108845e-01
0
4.072701e-02
3.331631e-01
0
1.766687e-01
4.258233e-01
9.661347e-02
9.761986e-02
1.069839e-01
5.240587e-01
0
9.145745e-02
2.750944e-01
2.722095e-01
0
5.190019e-01
2.711604e-01
2.206075e-01
0
0
0
3.944158e-01
0
5.031212e-01
5.297251e-01
5.853990e-01
1.834259e-01
0
0
2.023571e-01
8.674865e-02
0
0
0
0
4.753254e-01
3.690125e-01
3.418604e-01
3.808281e-02
1.125050e-02
0
0
0
2.955423e-01
9.718994e-02
5.514914e-03
1.738041e-01
1.142289e-01
2.934582e-02
1.780586e-02
2.442557e-02
0
0
1.420500e-01
0
1.252756e-01
1.817741e-01
0
1.262735e-01
1.317234e-01
1.994160e-01
2.792744e-02
1.897829e-01
2.484703e-01
9.608488e-02
0
0
5.181911e-02
0
0
0
0
0
0
0
0
1.164956e-01
1.593898e-01
0
2.317695e-03
0
1.604077e-01
0
0
0
7.631976e-01
1
5.663151e-01
1.629573e-01
3.946969e-01
0
1.180584e-01
0
4.111176e-01
0
0
2.460729e-01
0
0
0
0
3.837263e-01
3.274303e-01
0
0
0
0
0
0
0
0
0
0
2.374231e-01
0
4.525379e-01
8.433247e-02
0
1.310668e-01
5.280172e-02
0
4.484149e-01
1.387186e-01
3.543635e-01
2.162977e-01
0
0
0
1.489268e-01
0
9.290585e-02
0
2.414197e-01
0
3.902963e-01
0
5.511975e-02
0
0
8.791544e-01
6.680924e-01
4.661327e-01
3.563843e-01
0
0
0
0
0
0
0
0
6.991869e-01
7.004857e-01
0
0
1.394387e-01
7.173570e-02
0
0
1.544493e-01
4.052010e-02
0
1.227240e-01
0
0
8.618542e-02
9.328149e-02
0
0
1.598972e-01
0
1.261090e-01
0
0
0
1.214296e-01
0
1.159313e-02
5.485959e-03
5.456176e-01
5.668802e-01
2.937572e-01
2.709375e-01
4.952732e-01
6.439793e-02
5.232330e-01
3.158680e-01
0
0
0
0
3.835561e-01
1.893305e-01
0
0
0
0
0
0
0
0
6.725847e-01
5.663151e-01
1.000000e+00
1.726680e-01
4.874194e-01
1.498509e-01
0
0
2.320249e-01
0
0
5.922142e-02
0
0
0
0
2.717013e-01
5.469157e-01
3.188114e-02
2.126202e-01
1.504950e-01
1.459808e-01
0
0
0
0
6.976201e-02
3.098694e-02
3.834377e-01
0
3.876550e-01
2.197351e-01
4.274612e-01
6.005011e-01
1.277177e-01
0
2.402973e-01
3.246734e-01
2.867127e-01
5.108920e-01
0
1.258755e-01
1.861691e-01
3.642941e-01
0
2.651092e-01
3.122859e-01
3.389969e-01
2.672121e-01
3.301211e-01
4.462946e-01
5.621165e-01
4.910583e-01
6.602229e-01
2.508758e-01
3.899252e-01
4.313379e-01
4.785067e-01
6.470321e-02
1.753848e-01
1.422746e-02
2.488408e-01
1.032184e-01
5.504628e-02
2.371215e-01
2.180024e-01
4.248399e-01
3.254016e-01
0
0
2.758695e-01
1.985143e-01
0
0
6.563176e-03
2.757542e-01
2.187285e-01
1.590491e-01
5.347975e-03
2.304856e-01
0
0
0
0
0
0
0
0
0
0
0
0
0
0
3.368035e-01
2.831070e-01
0
0
1.456630e-02
3.582220e-01
0
3.722493e-01
0
2.832306e-01
0
0
2.137082e-01
3.653622e-01
0
2.255374e-01
0
1.826315e-01
3.427099e-02
5.617571e-02
0
2.164625e-03
1.810710e-01
1.629573e-01
1.726680e-01
1.000000e+00
3.231956e-01
5.350274e-01
3.767541e-02
4.452421e-01
5.230052e-01
4.655658e-01
2.192816e-01
2.943703e-02
0
0
1.453432e-01
0
0
1.577433e-01
0
1.769345e-01
0
0
0
0
0
0
0
0
0
0
1.592937e-01
2.221129e-01
1.380276e-01
2.488540e-01
1.618472e-01
0
0
1.173531e-03
3.488375e-01
3.539697e-01
1.187246e-01
2.677328e-01
0
1.296827e-01
0
0
0
0
3.194282e-02
3.282617e-02
0
0
4.394529e-01
2.733837e-01
5.991636e-01
3.598883e-01
4.817454e-01
5.960497e-01
0
0
9.578523e-02
2.206151e-01
0
2.096073e-01
0
1.924095e-01
6.797851e-01
7.232339e-01
5.337506e-01
4.560087e-01
1.736117e-01
9.432576e-02
0
0
3.156019e-01
5.274560e-01
4.284519e-01
3.788134e-01
1.185847e-02
0
0
0
0
0
0
0
0
0
0
0
0
0
0
0
1.403935e-01
4.179274e-01
0
0
1.590598e-01
1.536773e-01
4.103850e-01
5.577136e-01
0
0
0
0
1.779991e-01
6.555774e-02
0
0
0
1.165411e-02
0
0
0
0
3.207533e-01
3.946969e-01
4.874194e-01
3.231956e-01
1
5.121424e-01
9.915822e-02
0
6.797253e-01
1.742535e-01
9.250554e-02
8.633551e-03
0
0
0
0
2.082574e-01
4.107114e-01
0
0
0
0
0
0
0
0
0
3.412947e-01
0
0
4.026591e-02
5.607599e-01
3.478628e-01
2.457288e-01
0
0
3.083165e-01
5.798994e-01
3.764345e-01
3.996707e-01
0
4.768731e-01
0
2.618773e-01
0
4.371214e-01
0
1.369557e-01
0
3.052450e-01
1.535597e-01
4.527953e-01
2.794387e-01
5.704871e-01
3.168128e-01
2.389598e-01
9.716215e-02
2.966473e-01
3.302588e-02
3.081634e-02
0
0
0
9.285028e-02
0
1.362341e-01
3.779846e-01
3.895784e-01
0
1.614280e-01
1.672866e-01
2.350409e-01
0
0
0
1.689494e-01
1.629715e-01
0
0
1.488802e-02
0
0
1.781439e-02
0
0
0
0
0
0
0
0
0
0
0
1.840337e-01
3.620831e-01
0
1.072785e-01
3.215772e-01
3.429156e-01
3.163295e-01
6.735925e-01
0
0
0
0
8.115906e-02
0
0
6.097099e-03
0
2.863183e-02
0
0
1.665992e-01
3.834201e-01
0
0
1.498509e-01
5.350274e-01
5.121424e-01
1
0
1.952518e-01
4.437868e-01
6.665496e-01
2.037800e-01
0
0
0
0
0
0
1.334207e-01
0
1.140929e-01
6.075365e-02
0
0
0
0
0
0
4.060694e-02
0
3.629529e-02
0
5.300534e-01
3.320540e-01
2.553915e-01
0
0
0
2.621838e-01
0
0
6.718826e-01
0
4.308197e-01
2.072493e-01
5.575859e-01
0
5.459885e-01
1.787733e-01
5.625419e-01
0
3.834846e-01
0
5.574032e-01
2.017332e-01
0
0
0
9.325438e-02
0
0
7.779904e-01
6.292854e-01
4.656033e-01
3.327029e-01
1.989455e-01
0
0
0
3.827975e-01
1.767638e-01
0
0
3.981073e-01
2.568323e-01
1.918053e-01
1.448254e-01
4.947469e-01
1.761549e-01
4.062801e-01
0
0
0
0
0
0
0
0
0
0
1.723300e-01
0
3.055983e-01
0
0
0
0
0
0
0
7.699811e-02
0
0
8.249614e-01
4.242883e-01
1.917028e-01
0
0
1.737958e-01
2.241592e-01
0
3.142222e-01
7.661354e-03
1.092527e-01
0
9.360766e-02
0
0
1.180584e-01
0
3.767541e-02
9.915822e-02
0
1
4.942500e-01
5.359515e-02
2.097555e-01
3.825008e-01
3.195580e-01
7.008513e-02
3.943544e-01
3.809920e-01
3.773256e-01
1.541320e-02
0
0
0
0
0
0
4.013690e-01
0
0
0
1.976507e-01
0
0
0
0
0
0
0
0
0
1.510669e-02
0
4.031293e-03
0
2.534343e-01
3.791657e-01
4.178506e-01
2.678637e-02
3.115343e-01
1.983855e-01
4.418693e-01
2.526761e-01
2.013172e-01
4.588257e-01
5.450639e-01
3.386822e-01
5.898884e-01
0
0
0
2.194247e-01
2.065848e-01
2.929578e-01
3.040782e-01
4.818428e-01
5.111272e-01
4.333295e-01
5.085438e-01
3.729289e-01
0
0
6.870212e-02
0
0
0
2.260900e-01
2.647988e-01
0
1.310514e-02
3.015040e-01
0
0
0
0
0
0
0
0
0
0
0
0
0
0
0
0
0
0
0
0
0
0
7.158331e-01
0
0
4.987001e-01
8.567100e-01
1.677149e-02
1.027933e-01
8.246026e-02
2.728914e-01
0
2.673732e-01
1.104869e-01
8.884062e-02
0
0
1.088703e-01
1.383883e-01
0
0
0
4.452421e-01
0
1.952518e-01
4.942500e-01
1.000000e+00
8.200215e-02
4.091613e-01
4.134467e-01
4.511613e-01
5.103959e-01
6.913185e-02
5.314588e-01
5.246762e-02
0
0
0
3.162541e-01
0
0
3.253472e-01
1.671028e-01
2.098083e-01
5.960416e-02
0
0
0
0
0
3.986020e-02
1.690652e-01
0
0
2.814867e-01
0
0
5.408615e-01
6.155745e-01
1.511994e-01
1.701602e-01
8.898917e-02
2.811270e-01
0
5.058268e-02
1.905142e-01
0
1.347101e-01
2.775980e-01
2.524732e-02
2.995016e-01
4.399126e-01
3.778417e-01
3.708521e-01
2.967632e-01
6.466618e-01
5.507314e-01
5.384564e-02
1.985933e-01
2.434736e-01
3.340733e-01
0
1.677519e-01
7.072102e-02
1.930940e-01
5.518301e-01
6.103975e-01
4.021371e-01
2.554260e-01
4.147748e-02
1.354641e-01
0
0
1.935180e-01
3.559284e-01
1.598198e-01
3.594451e-01
0
1.071817e-01
0
0
0
0
0
0
0
0
0
0
0
0
0
0
2.802801e-01
4.271581e-01
0
0
0
3.845747e-02
2.455315e-01
4.386383e-01
0
0
0
0
3.729222e-02
2.875925e-02
0
1.815973e-01
5.387977e-02
2.322094e-01
3.733793e-01
3.103673e-01
0
0
1.980683e-01
4.111176e-01
2.320249e-01
5.230052e-01
6.797253e-01
4.437868e-01
5.359515e-02
8.200215e-02
1
1.745992e-01
1.271400e-01
1.554726e-01
0
0
0
0
1.963331e-01
3.438589e-01
0
0
0
0
0
0
0
0
0
0
1.741421e-02
0
1.892304e-01
4.313140e-01
1.082727e-01
3.800198e-02
0
0
4.925805e-01
4.839283e-01
2.962707e-02
2.249314e-03
0
1.518125e-01
0
2.070999e-01
0
3.030745e-01
2.973869e-02
1.879817e-01
1.348322e-02
2.842559e-01
2.941558e-01
6.541529e-01
1.846730e-01
6.247619e-01
0
0
6.133495e-02
2.639695e-01
0
0
0
9.342692e-02
0
0
0
0
9.554780e-02
9.642403e-02
0
0
0
9.735834e-02
0
2.391644e-02
7.538959e-02
3.207031e-01
2.501762e-01
2.434193e-01
1.336721e-01
2.549294e-02
0
0
0
0
0
0
0
0
0
0
0
0
0
0
0
0
0
0
1.974572e-01
3.243449e-01
1.105839e-01
3.027166e-01
3.496756e-02
2.151353e-01
1.040936e-01
2.664340e-01
2.832145e-01
3.266636e-01
0
7.454454e-02
0
1.812249e-01
0
0
2.500540e-01
2.288292e-01
0
0
0
4.655658e-01
1.742535e-01
6.665496e-01
2.097555e-01
4.091613e-01
1.745992e-01
1.000000e+00
2.203142e-01
0
2.081336e-01
0
3.296798e-01
0
0
2.949449e-01
0
4.002504e-01
0
0
0
0
0
0
0
0
0
2.956449e-01
0
2.389528e-01
1.688953e-01
0
0
0
0
2.187016e-01
1.288860e-01
1.529862e-01
1.401409e-02
6.038104e-02
0
0
0
0
9.982535e-02
8.149153e-02
2.857294e-01
4.820073e-02
3.571598e-01
8.942054e-02
2.136739e-01
0
0
0
0
0
0
0
2.270390e-02
0
1.160181e-01
0
0
0
0
0
1.169256e-01
0
0
0
1.793068e-01
1.144253e-01
1.474346e-01
8.391511e-02
5.600098e-01
3.196860e-01
2.382194e-01
1.545380e-01
0
0
0
0
0
0
0
0
2.043112e-01
3.212194e-01
4.390833e-01
4.645369e-01
1.334437e-01
7.793812e-02
1.849530e-01
0
2.316652e-01
1.702037e-01
9.925786e-02
2.359579e-01
0
6.367737e-02
1.716211e-01
2.817181e-01
0
0
7.697631e-02
1.877067e-02
0
0
1.255239e-01
2.176332e-01
0
8.996011e-02
7.498624e-02
3.185387e-02
0
0
0
2.192816e-01
9.250554e-02
2.037800e-01
3.825008e-01
4.134467e-01
1.271400e-01
2.203142e-01
1.000000e+00
4.630229e-01
0
1.406451e-01
0
1.801365e-01
0
7.980504e-02
5.230740e-02
8.195388e-02
0
1.627530e-01
0
1.456110e-01
0
1.647007e-02
0
0
0
0
9.583271e-02
2.951128e-01
3.030468e-01
0
0
0
0
0
1.673987e-01
1.294851e-01
1.200896e-01
0
1.964564e-01
3.157445e-01
0
4.617744e-02
2.898497e-01
4.090580e-01
2.522271e-01
3.080206e-01
2.458064e-01
2.377828e-01
1.844069e-01
8.970114e-04
1.304513e-02
0
1.292083e-01
3.952675e-02
0
2.311325e-01
2.322443e-01
1.027613e-01
3.903280e-01
1.707467e-01
3.255435e-01
2.516220e-01
0
8.168105e-02
2.014325e-01
0
0
0
4.138175e-02
0
3.671810e-02
1.043200e-01
2.673671e-01
3.748022e-01
0
0
0
0
0
0
0
0
0
0
0
2.097398e-01
3.279801e-01
4.494355e-01
0
5.166464e-02
0
1.155082e-01
1.271272e-01
3.504696e-02
0
4.354591e-01
0
0
1.003717e-01
5.966880e-01
0
0
1.200136e-01
1.983285e-01
0
0
2.379590e-02
0
0
0
0
0
9.114756e-02
2.460729e-01
5.922142e-02
2.943703e-02
8.633551e-03
0
3.195580e-01
4.511613e-01
1.554726e-01
0
4.630229e-01
1.000000e+00
1.184816e-01
1.947966e-01
1.190990e-02
2.829732e-01
6.723541e-02
2.824565e-01
3.310414e-02
1.940370e-01
0
1.385679e-02
2.608763e-02
1.895287e-01
0
0
0
0
1.880593e-02
0
2.558991e-01
8.685455e-02
3.916467e-01
0
0
2.143685e-01
0
0
0
0
0
2.776269e-01
6.182131e-02
2.611099e-01
0
3.420177e-01
0
4.247393e-01
0
8.336998e-02
0
1.984755e-01
0
2.695860e-01
0
0
0
1.530417e-01
3.999690e-01
2.661575e-01
0
1.259510e-01
3.272409e-01
2.119945e-01
3.922901e-01
3.329092e-01
0
0
0
0
0
0
3.894441e-01
5.806776e-01
0
0
1.694422e-01
0
1.144030e-01
0
0
0
0
0
0
0
0
0
0
0
0
0
0
0
0
0
2.404087e-01
2.540632e-01
0
5.885376e-01
0
0
2.513192e-01
5.142307e-01
3.608700e-01
4.397415e-01
3.885106e-01
4.043406e-01
0
1.171328e-01
5.046741e-02
5.513587e-02
0
0
3.986012e-01
3.211554e-01
0
0
0
0
0
0
7.008513e-02
5.103959e-01
0
2.081336e-01
0
1.184816e-01
1
4.232049e-01
5.120835e-01
1.421041e-01
0
0
0
5.168392e-01
1.723520e-01
1.188154e-01
7.085407e-01
3.344434e-01
6.612612e-01
5.163669e-01
2.571165e-01
0
0
3.760391e-01
0
0
1.324975e-01
0
4.039455e-03
3.495479e-01
0
0
0
0
2.833656e-01
0
2.277607e-01
0
4.753739e-01
0
3.739020e-01
2.676940e-01
2.630117e-01
0
3.653169e-01
0
1.027473e-01
0
0
0
0
0
0
0
2.158239e-01
0
3.628074e-01
0
1.814742e-01
0
0
0
0
0
0
0
7.693210e-01
7.245867e-01
2.760656e-01
0
2.157370e-01
0
5.578800e-01
2.290703e-01
0
0
0
0
0
5.987991e-02
0
0
4.078946e-02
3.085325e-01
0
4.413988e-01
0
1.592565e-01
0
0
0
0
0
0
0
0
5.554326e-01
3.171224e-01
3.679204e-01
1.367372e-01
0
1.626400e-01
1.949198e-01
0
1.104036e-01
0
0
0
3.460118e-01
0
0
0
0
0
0
0
3.943544e-01
6.913185e-02
0
0
1.406451e-01
1.947966e-01
4.232049e-01
1.000000e+00
3.830527e-01
8.347736e-01
1.829163e-02
0
2.684007e-01
1.399032e-01
0
3.110073e-01
1.890427e-01
8.863531e-01
1.095993e-01
4.562718e-01
0
0
0
2.642248e-01
0
0
0
0
1.049710e-01
6.578944e-02
0
0
0
0
1.052230e-01
1.584298e-01
5.332013e-01
4.668025e-01
3.169605e-01
8.150108e-02
4.228994e-01
3.444848e-01
0
0
2.058598e-01
3.046950e-01
2.794913e-01
4.936143e-01
0
0
0
3.607453e-02
3.439535e-01
2.574343e-01
4.202724e-01
5.685701e-01
5.204246e-01
5.652597e-01
5.966481e-01
4.112787e-01
0
0
0
0
0
0
4.106221e-01
4.125737e-01
0
9.206074e-02
0
0
7.040632e-02
0
0
0
2.187934e-02
0
0
0
0
0
0
0
0
0
0
0
0
0
0
0
0
1.798444e-01
0
0
6.079039e-01
4.792886e-01
3.971032e-01
2.448302e-01
0
1.919155e-01
2.020489e-01
2.810591e-01
0
0
0
0
1.004726e-01
1.182271e-01
0
0
0
1.453432e-01
0
0
3.809920e-01
5.314588e-01
0
3.296798e-01
0
1.190990e-02
5.120835e-01
3.830527e-01
1
3.020261e-01
0
0
0
1.182227e-01
0
0
4.143949e-01
4.771541e-01
1.859935e-01
2.836357e-01
1.497674e-01
0
0
2.037948e-02
0
0
0
0
0
2.809238e-01
0
0
0
0
3.208848e-01
0
3.738983e-01
0
4.367030e-01
0
4.716981e-01
1.566263e-01
3.171156e-01
0
4.792884e-01
0
2.376907e-01
0
0
0
0
0
0
2.867409e-02
3.129704e-01
0
4.464031e-01
1.986075e-02
2.023138e-01
0
0
0
0
0
0
0
7.191658e-01
6.594540e-01
2.268839e-01
1.247240e-01
1.901022e-01
2.118671e-01
4.482195e-01
3.257616e-01
0
0
0
0
0
1.068402e-01
0
0
7.343219e-02
3.749849e-01
0
6.051052e-01
0
3.353188e-01
0
0
0
0
0
0
0
0
5.502312e-01
4.061105e-01
1.549289e-01
0
0
9.874457e-02
2.744927e-01
9.120360e-02
1.310355e-01
5.237272e-03
0
0
0
0
0
0
0
0
0
0
3.773256e-01
5.246762e-02
0
0
1.801365e-01
2.829732e-01
1.421041e-01
8.347736e-01
3.020261e-01
1
1.712433e-01
0
3.352457e-01
3.493434e-02
0
2.034619e-01
0
8.849179e-01
0
2.489780e-01
0
0
0
1.890733e-01
0
0
0
0
2.922694e-01
3.725459e-02
0
0
0
0
1.846813e-01
0
0
0
0
0
2.645471e-01
0
2.014921e-02
0
0
0
2.825309e-03
0
1.383175e-01
0
1.262123e-01
1.648403e-01
0
0
2.054708e-01
7.095472e-02
0
0
0
0
3.293807e-01
2.928172e-01
1.348184e-01
0
0
2.406655e-02
0
0
5.982405e-01
4.700428e-01
4.433246e-02
5.896117e-01
4.737375e-01
1.852270e-01
1.409045e-01
1.708703e-01
0
1.527836e-01
2.533514e-01
1.650115e-01
4.514754e-02
2.074410e-01
0
1.104304e-01
4.454105e-02
3.942652e-01
2.317410e-02
2.457581e-01
0
0
0
0
0
0
2.237183e-02
0
0
0
0
0
2.578963e-01
3.569819e-01
0
0
1.964997e-01
2.467743e-01
3.978667e-01
3.093494e-01
0
0
1.556009e-01
3.837263e-01
2.717013e-01
0
2.082574e-01
0
1.541320e-02
0
1.963331e-01
0
0
6.723541e-02
0
1.829163e-02
0
1.712433e-01
1.000000e+00
5.358312e-01
4.499004e-01
0
0
0
0
2.425549e-02
0
0
2.401607e-01
2.278798e-01
5.850729e-01
9.659291e-02
2.144203e-01
1.718984e-02
0
1.885569e-01
5.213400e-02
1.713555e-02
4.305377e-01
1.266953e-01
5.005802e-02
5.139621e-02
0
0
0
1.264732e-01
0
1.829445e-01
2.494639e-03
1.240461e-01
0
3.497511e-01
0
3.158760e-01
3.878296e-02
1.824539e-02
4.712061e-01
2.889585e-01
2.831613e-01
3.941239e-01
0
0
0
0
0
0
0
4.143047e-03
5.687473e-01
6.162457e-01
0
0
0
2.084589e-01
0
0
5.141982e-01
5.760923e-01
2.746307e-01
6.356145e-01
2.861973e-01
2.316271e-01
0
0
0
0
0
0
0
0
0
0
0
1.311361e-01
0
0
2.606971e-01
3.412805e-01
1.637678e-01
1.392421e-01
1.094345e-01
2.405907e-01
2.498655e-01
1.568178e-01
0
0
0
0
6.890187e-01
5.963285e-01
0
0
0
3.191753e-01
0
0
0
0
3.112136e-01
3.274303e-01
5.469157e-01
1.577433e-01
4.107114e-01
1.334207e-01
0
0
3.438589e-01
2.949449e-01
7.980504e-02
2.824565e-01
0
0
0
0
5.358312e-01
1
8.967398e-02
5.305183e-01
0
0
0
0
0
0
2.739999e-02
1.090175e-01
5.952199e-01
2.202008e-01
2.852115e-01
2.729084e-01
6.000007e-01
2.187670e-01
0
0
3.378587e-01
3.536646e-01
2.287729e-02
1.400041e-01
0
0
0
0
0
0
0
0
9.883586e-02
0
7.505237e-02
0
0
0
0
0
0
0
0
0
0
0
0
0
0
0
1.445193e-01
1.273311e-01
0
0
2.155898e-02
6.606072e-02
2.819176e-01
2.638094e-01
3.600912e-01
3.050358e-01
1.249037e-01
3.875559e-01
3.753136e-01
2.537483e-01
2.665916e-01
2.820244e-01
5.030048e-02
1.276547e-01
3.084790e-01
3.202461e-01
2.060784e-01
1.959685e-01
3.228085e-01
3.119718e-01
3.106369e-01
5.202147e-01
3.223649e-01
3.765100e-01
0
0
0
0
0
0
0
0
0
0
6.526068e-02
8.834818e-02
7.091971e-02
0
0
0
0
1.622818e-01
2.890307e-02
1.753740e-03
1.230300e-01
0
0
0
3.188114e-02
0
0
0
0
0
0
0
5.230740e-02
3.310414e-02
0
2.684007e-01
0
3.352457e-01
4.499004e-01
8.967398e-02
1.000000e+00
0
2.213803e-01
3.786245e-01
0
2.287615e-01
0
1.091272e-01
1.040260e-01
1.933785e-01
1.858616e-01
3.549362e-01
0
2.323225e-01
1.764519e-01
3.137730e-01
2.161496e-01
0
0
0
0
0
0
1.642660e-02
0
1.297648e-01
0
4.425072e-01
0
4.139573e-01
0
3.604335e-01
1.362046e-02
4.017027e-01
0
1.480483e-01
4.260907e-02
8.953726e-02
0
1.389104e-01
0
0
0
0
0
0
0
0
1.116786e-01
1.326842e-01
0
0
0
4.977001e-02
0
2.557275e-01
0
1.738529e-01
7.341840e-02
1.506832e-01
8.364663e-03
3.722103e-02
0
0
0
0
0
0
0
0
0
0
0
0
0
0
0
4.435856e-02
2.810636e-01
2.531460e-01
1.392544e-01
5.886611e-01
0
5.966337e-02
0
4.118291e-01
2.263545e-02
2.180314e-01
5.986875e-01
6.292591e-01
0
0
0
1.024012e-01
0
0
9.343702e-03
0
1.882725e-01
0
2.126202e-01
1.769345e-01
0
1.140929e-01
0
3.162541e-01
0
4.002504e-01
8.195388e-02
1.940370e-01
5.168392e-01
1.399032e-01
1.182227e-01
3.493434e-02
0
5.305183e-01
0
1
0
2.076804e-01
3.298999e-02
1.557361e-01
4.286778e-03
9.114295e-02
2.855384e-01
0
2.835969e-01
4.792176e-01
2.388746e-01
2.479967e-01
5.602432e-01
1.288580e-01
6.192244e-03
3.884230e-01
0
0
8.204363e-02
0
0
9.886748e-02
0
0
0
8.154845e-02
0
0
0
0
0
0
0
0
1.717747e-01
1.151705e-01
0
0
1.762247e-01
0
0
0
0
0
0
0
4.604380e-02
0
0
4.041889e-02
4.624250e-01
2.882640e-01
7.584962e-02
1.454735e-01
0
0
0
0
0
0
5.509370e-01
5.014646e-01
5.164741e-01
4.823535e-01
4.935823e-01
5.402401e-01
5.451301e-01
3.632046e-01
3.860104e-01
7.160030e-02
1.790377e-01
0
3.809246e-01
1.379526e-01
2.532181e-01
1.987561e-01
5.138270e-01
5.188688e-01
4.309223e-01
0
3.583378e-01
2.111721e-01
0
0
3.787720e-01
4.407877e-01
6.618179e-02
0
0
0
0
0
0
0
5.137414e-01
5.199141e-01
5.890644e-02
0
1.504950e-01
0
0
6.075365e-02
0
0
0
0
0
0
1.723520e-01
0
0
0
0
0
2.213803e-01
0
1
5.784950e-01
3.852183e-01
0
5.946005e-01
5.160540e-01
2.854148e-01
6.043440e-02
1.056915e-01
4.398083e-01
0
0
0
5.518789e-01
2.601113e-01
2.924052e-02
0
0
1.356437e-02
8.656277e-02
0
0
0
0
0
3.664582e-02
0
3.157786e-02
0
6.304815e-02
1.102727e-01
0
0
0
3.773073e-02
1.300678e-01
0
0
0
0
0
0
0
0
0
0
0
0
0
0
3.040759e-01
1.722964e-01
2.267850e-01
2.408776e-01
0
0
0
0
0
9.023679e-02
2.516466e-01
1.938927e-01
1.309421e-02
4.483363e-02
2.724963e-01
3.610812e-01
3.714761e-01
2.830472e-01
4.331805e-01
3.772704e-01
3.133952e-01
1.594468e-01
2.863813e-01
3.605424e-01
1.739139e-01
1.278870e-01
4.245241e-01
4.615690e-01
2.784273e-01
0
0
0
0
0
1.243696e-01
1.869844e-01
1.181274e-01
0
0
0
0
0
0
0
2.181775e-01
2.064770e-01
1.417736e-01
0
1.459808e-01
0
0
0
0
0
0
0
1.627530e-01
1.385679e-02
1.188154e-01
3.110073e-01
0
2.034619e-01
0
0
3.786245e-01
2.076804e-01
5.784950e-01
1.000000e+00
2.618217e-01
2.724961e-01
4.038048e-01
5.022095e-01
2.905948e-01
0
7.319359e-02
3.242153e-01
2.374788e-01
0
1.267554e-01
3.316796e-01
3.778056e-01
3.639527e-01
0
0
0
0
0
4.790175e-01
1.846184e-01
2.037244e-01
0
3.558828e-01
0
2.549982e-01
0
1.383655e-01
0
5.562713e-02
0
1.534956e-01
0
9.689322e-02
0
2.403919e-02
5.119970e-01
2.665006e-01
0
7.282615e-02
3.996236e-01
3.290520e-01
4.459960e-01
4.596125e-01
0
0
0
6.240394e-02
4.476072e-02
0
1.915074e-01
2.822815e-01
0
0
0
0
0
0
0
0
1.154097e-02
0
0
0
0
0
0
0
0
0
0
0
2.282185e-01
2.088188e-01
3.055661e-01
4.302900e-01
2.959236e-02
3.880967e-01
0
7.872413e-02
8.135969e-02
2.511703e-01
3.110766e-01
3.884072e-01
6.231415e-02
0
0
0
0
0
0
0
2.776142e-01
6.698936e-01
0
0
0
0
0
0
0
3.253472e-01
0
0
0
2.608763e-02
7.085407e-01
1.890427e-01
4.143949e-01
0
0
0
0
3.298999e-02
3.852183e-01
2.618217e-01
1.000000e+00
1.425460e-01
8.605655e-01
6.330738e-01
3.489702e-01
0
0
6.139162e-02
0
0
6.127315e-02
0
0
3.084585e-01
0
0
0
0
3.117683e-01
0
3.074791e-01
0
5.052653e-01
0
3.493411e-01
1.342146e-01
1.039430e-01
0
3.545273e-01
0
1.104100e-01
0
0
0
0
0
0
0
2.362803e-01
0
3.750211e-01
4.613648e-02
1.624967e-01
0
0
0
0
0
0
0
7.874431e-01
7.642732e-01
9.388617e-02
2.760029e-02
1.078150e-01
0
4.063161e-01
2.494471e-01
0
0
0
0
0
1.602383e-01
0
8.902083e-02
1.244477e-01
4.369625e-01
0
4.345561e-01
0
2.962695e-01
0
0
0
0
0
0
0
0
6.264834e-01
4.274745e-01
4.442625e-01
2.349600e-01
0
1.354587e-01
2.429153e-01
3.321217e-02
1.759125e-01
9.089257e-03
0
0
2.164121e-01
0
0
0
0
0
0
0
4.013690e-01
1.671028e-01
0
0
1.456110e-01
1.895287e-01
3.344434e-01
8.863531e-01
4.771541e-01
8.849179e-01
2.425549e-02
0
2.287615e-01
1.557361e-01
0
2.724961e-01
1.425460e-01
1.000000e+00
4.718587e-02
5.620278e-01
1.085111e-01
0
0
2.337416e-01
0
0
0
0
1.307060e-01
2.599767e-01
0
0
0
0
0
3.627499e-01
7.912096e-02
0
0
3.088924e-01
0
5.606444e-02
0
4.480997e-02
0
0
0
7.016559e-02
0
9.629355e-02
0
7.625628e-02
5.777322e-01
2.458579e-01
0
0
2.617928e-01
1.150221e-01
3.131128e-01
3.242061e-01
0
0
0
4.138276e-02
4.220086e-01
2.541965e-01
2.109895e-01
3.178475e-01
0
0
5.172365e-03
0
0
0
0
0
1.646402e-01
9.816317e-03
0
0
0
0
0
0
0
0
0
0
1.285351e-01
2.073215e-01
2.494479e-01
4.893736e-01
1.024037e-01
3.134376e-01
0
1.849230e-01
1.876609e-02
1.250236e-01
3.836610e-01
4.982880e-01
1.724693e-01
0
1.520746e-02
3.419262e-02
8.940836e-02
0
0
0
4.121108e-01
7.179062e-01
0
0
0
0
0
0
0
2.098083e-01
0
0
0
0
6.612612e-01
1.095993e-01
1.859935e-01
0
0
0
0
4.286778e-03
5.946005e-01
4.038048e-01
8.605655e-01
4.718587e-02
1
6.600820e-01
3.733912e-01
0
0
3.080080e-01
0
0
0
1.309318e-01
1.013729e-01
2.705476e-01
0
0
0
0
0
1.707441e-01
3.511133e-02
0
1.554640e-01
0
0
0
0
0
0
0
0
0
0
0
0
0
1.424868e-01
0
0
0
1.321800e-01
7.718355e-02
2.688509e-02
2.487569e-02
0
0
0
1.000653e-01
1.580557e-01
0
5.490803e-01
6.272603e-01
0
0
0
0
5.978605e-02
0
1.586457e-01
8.795142e-02
3.874301e-01
2.066210e-01
6.593155e-02
3.245112e-01
2.152981e-01
1.514524e-01
2.611996e-01
2.303947e-01
0
0
7.991453e-02
9.209794e-02
0
0
3.075881e-01
2.074235e-01
0
1.117091e-02
0
0
2.489146e-01
6.717156e-02
7.085479e-01
6.209112e-01
0
0
4.875042e-02
0
6.488477e-02
0
0
0
5.275955e-01
4.643487e-01
0
0
0
0
0
0
0
5.960416e-02
0
0
1.647007e-02
0
5.163669e-01
4.562718e-01
2.836357e-01
2.489780e-01
0
0
1.091272e-01
9.114295e-02
5.160540e-01
5.022095e-01
6.330738e-01
5.620278e-01
6.600820e-01
1
4.367004e-01
5.317470e-02
0
3.090867e-01
0
0
0
0
9.867512e-02
3.325180e-01
0
0
0
0
0
0
0
0
0
2.181807e-02
0
0
0
0
0
0
0
0
0
5.743320e-02
0
8.731766e-02
1.480439e-01
0
0
0
0
0
0
1.395702e-01
0
0
0
0
2.587371e-02
1.876303e-01
0
1.026054e-01
0
0
0
0
0
0
2.682018e-01
2.279630e-01
3.752344e-01
4.603436e-01
2.721474e-01
3.213653e-01
2.441669e-01
3.054818e-01
3.253458e-02
0
0
0
0
6.422375e-02
3.545999e-02
8.549896e-02
1.405800e-01
1.770785e-01
0
4.460341e-06
1.974127e-01
2.784870e-03
0
0
3.317195e-01
3.984096e-01
2.870761e-01
3.088887e-01
0
0
0
0
0
0
0
2.195917e-01
1.453933e-01
0
6.976201e-02
0
0
0
0
0
0
0
0
0
2.571165e-01
0
1.497674e-01
0
2.401607e-01
2.739999e-02
1.040260e-01
2.855384e-01
2.854148e-01
2.905948e-01
3.489702e-01
1.085111e-01
3.733912e-01
4.367004e-01
1
1.039527e-01
3.034545e-01
3.368194e-01
2.482175e-01
0
8.361249e-02
8.467976e-02
0
7.039430e-01
3.039135e-01
0
0
0
1.825238e-01
1.182291e-01
0
0
0
0
0
0
0
0
0
0
0
0
0
0
0
0
0
0
1.475282e-01
5.288034e-02
0
1.082180e-01
0
0
0
3.565830e-02
2.298429e-01
4.674183e-01
0
0
0
9.102077e-02
1.811488e-01
1.867413e-01
1.076083e-01
9.715280e-02
8.895411e-02
0
2.806931e-01
3.367966e-01
4.809755e-01
3.874501e-01
2.098489e-01
2.620687e-01
1.863636e-01
1.615094e-01
3.698135e-02
5.269695e-03
7.626127e-02
4.815506e-02
1.321445e-01
1.363319e-01
0
0
9.204539e-02
0
9.720519e-02
0
4.038997e-01
1.082360e-01
2.869513e-02
0
2.969785e-01
2.140983e-01
0
0
0
0
0
0
0
0
1.793977e-01
8.386978e-02
0
0
3.098694e-02
0
3.412947e-01
4.060694e-02
1.976507e-01
0
0
0
0
0
0
0
0
0
2.278798e-01
1.090175e-01
1.933785e-01
0
6.043440e-02
0
0
0
0
5.317470e-02
1.039527e-01
1
1.557113e-01
4.801928e-02
0
2.518946e-01
1.034747e-01
0
0
0
1.589733e-01
4.877284e-01
0
0
0
0
0
0
0
0
0
0
0
1.166036e-01
0
0
0
0
1.107494e-01
0
6.832105e-02
0
0
0
0
0
0
0
0
0
2.761359e-01
1.643039e-01
0
0
0
1.435806e-01
0
0
3.781076e-01
8.223756e-03
0
3.586867e-01
2.697107e-01
4.538197e-02
2.068886e-01
2.403731e-01
0
2.152847e-01
3.145907e-01
2.286092e-01
1.600486e-01
3.729532e-01
6.670637e-02
2.663678e-01
2.647043e-01
2.602798e-01
1.846025e-01
3.476885e-01
1.469166e-01
4.429188e-03
2.973643e-01
1.220234e-01
2.028279e-01
0
3.161791e-01
0
0
0
0
4.594262e-04
4.775666e-01
3.839721e-01
0
0
1.828600e-01
2.502746e-01
2.996768e-01
2.725180e-01
0
0
2.010311e-01
2.374231e-01
3.834377e-01
0
0
0
0
0
1.741421e-02
0
0
1.880593e-02
0
0
0
0
5.850729e-01
5.952199e-01
1.858616e-01
2.835969e-01
1.056915e-01
7.319359e-02
0
0
0
0
3.034545e-01
1.557113e-01
1
3.771115e-01
3.132897e-01
0
6.849349e-02
1.615237e-01
0
9.196802e-02
3.596545e-01
2.594975e-01
0
0
0
0
0
0
0
1.517245e-01
0
0
0
0
0
8.233990e-02
0
0
0
0
0
0
0
0
0
0
0
0
0
0
4.499216e-02
0
0
0
3.085383e-01
4.467673e-01
2.817473e-01
5.252236e-01
2.108795e-01
1.425300e-01
3.789769e-02
1.353525e-01
3.439496e-01
3.815364e-01
7.816874e-02
4.441456e-02
1.793422e-01
3.106915e-01
2.597843e-02
1.265244e-01
0
5.807148e-02
0
0
0
0
0
0
0
0
2.150867e-01
3.160076e-01
1.196916e-01
5.906279e-02
1.187247e-02
3.795846e-02
0
0
4.468969e-01
6.781535e-01
5.389883e-01
3.902821e-01
0
0
7.808567e-02
3.692767e-01
0
6.332044e-02
3.910877e-01
2.843428e-01
0
0
0
0
0
3.629529e-02
0
0
0
2.956449e-01
0
0
3.760391e-01
2.642248e-01
2.037948e-02
1.890733e-01
9.659291e-02
2.202008e-01
3.549362e-01
4.792176e-01
4.398083e-01
3.242153e-01
6.139162e-02
2.337416e-01
3.080080e-01
3.090867e-01
3.368194e-01
4.801928e-02
3.771115e-01
1
0
0
1.488117e-01
2.806546e-01
1.236216e-01
1.023282e-01
0
0
1.768187e-01
1.870218e-01
0
0
0
3.737147e-02
0
1.444128e-01
1.304417e-01
1.852712e-01
0
4.308580e-01
0
2.645064e-01
0
0
1.688069e-01
2.894011e-01
1.742592e-01
0
0
0
0
0
0
0
0
0
2.354294e-01
2.866543e-01
0
0
0
1.982172e-02
0
0
0
0
0
1.629108e-01
0
0
2.219893e-01
2.084489e-01
0
1.204945e-01
2.961129e-01
2.005236e-01
3.060065e-01
3.330696e-01
2.583974e-01
2.352387e-01
3.306535e-01
2.749641e-02
3.031761e-01
4.508914e-01
2.435070e-01
1.715083e-01
6.954648e-02
3.436950e-02
3.443756e-02
0
1.730843e-01
3.851750e-02
0
0
0
0
3.251822e-02
6.514985e-02
0
0
0
0
0
3.919426e-03
0
0
4.108845e-01
4.525379e-01
3.876550e-01
1.592937e-01
4.026591e-02
0
0
0
1.892304e-01
0
9.583271e-02
2.558991e-01
0
0
0
0
2.144203e-01
2.852115e-01
0
2.388746e-01
0
2.374788e-01
0
0
0
0
2.482175e-01
0
3.132897e-01
0
1
2.907973e-01
1.874867e-01
1.239532e-01
1.242701e-01
4.427259e-01
4.730431e-01
0
4.374833e-01
3.474716e-01
0
4.673665e-02
0
0
0
1.023517e-01
0
0
1.302189e-02
1.178545e-01
1.087821e-01
1.849032e-01
2.792021e-01
6.327421e-02
1.481349e-01
0
0
8.488430e-03
0
0
0
0
0
0
0
0
3.492246e-01
4.193362e-01
0
9.479617e-02
0
0
0
0
0
2.318722e-01
1.862763e-02
2.637619e-01
0
0
3.442079e-03
5.367738e-02
1.721829e-02
6.598071e-02
5.591045e-03
0
1.174516e-01
4.409605e-02
2.194921e-01
1.694646e-01
3.410356e-01
1.435594e-01
3.151693e-01
2.572595e-01
0
1.381185e-01
0
0
9.366433e-02
1.999074e-01
2.711363e-01
3.672195e-01
0
0
0
0
0
0
0
0
0
0
0
0
0
0
0
8.433247e-02
2.197351e-01
2.221129e-01
5.607599e-01
5.300534e-01
0
3.986020e-02
4.313140e-01
2.389528e-01
2.951128e-01
8.685455e-02
0
0
0
0
1.718984e-02
2.729084e-01
2.323225e-01
2.479967e-01
0
0
0
0
0
0
0
2.518946e-01
0
0
2.907973e-01
1
5.148778e-01
2.478706e-01
3.481466e-02
0
3.279909e-02
6.750580e-02
2.819684e-01
2.606482e-01
0
2.339195e-01
0
1.899060e-01
0
5.216948e-01
0
3.009042e-01
0
4.951404e-01
0
3.768523e-01
0
7.561178e-02
4.388249e-01
1.955845e-01
0
2.114653e-01
0
7.568470e-02
0
0
0
5.377006e-02
8.595186e-03
3.449025e-01
2.946333e-01
5.110809e-01
0
0
0
2.375358e-02
0
0
0
2.888799e-01
2.489887e-01
2.917990e-01
0
0
0
0
0
0
0
0
0
0
0
0
6.004166e-02
6.039457e-02
0
0
3.165299e-01
5.350006e-01
3.072469e-01
4.645268e-01
1.837135e-01
6.974481e-01
2.736289e-01
3.742934e-01
0
2.876562e-01
0
0
4.942339e-01
2.373645e-01
0
0
0
0
0
0
0
4.580127e-02
4.072701e-02
0
4.274612e-01
1.380276e-01
3.478628e-01
3.320540e-01
0
1.690652e-01
1.082727e-01
1.688953e-01
3.030468e-01
3.916467e-01
1.324975e-01
0
0
0
0
6.000007e-01
1.764519e-01
5.602432e-01
0
1.267554e-01
6.127315e-02
0
0
0
8.361249e-02
1.034747e-01
6.849349e-02
1.488117e-01
1.874867e-01
5.148778e-01
1
2.923251e-01
1.626074e-02
0
0
8.737880e-02
2.754439e-01
2.657408e-01
0
0
0
0
0
5.717203e-02
0
0
0
5.345752e-02
0
0
0
0
6.211450e-01
4.281035e-01
1.926855e-02
7.022264e-02
1.715732e-02
0
0
0
0
0
0
3.060669e-02
5.968827e-01
4.480932e-01
0
0
5.251641e-01
2.388574e-01
0
0
5.320012e-02
6.302353e-03
0
0
0
9.295239e-02
2.995693e-01
2.344480e-01
1.331051e-01
2.294596e-01
3.246551e-01
2.356975e-01
3.221901e-01
1.158214e-01
8.277341e-02
0
6.977483e-02
0
2.083582e-01
1.012000e-01
4.924365e-01
3.795808e-01
2.248102e-01
2.635266e-01
2.665974e-01
0
2.661937e-01
3.092546e-01
0
0
0
0
2.684486e-01
0
0
0
0
0
0
0
0
0
3.331631e-01
1.310668e-01
6.005011e-01
2.488540e-01
2.457288e-01
2.553915e-01
0
0
3.800198e-02
0
0
0
0
0
0
0
1.885569e-01
2.187670e-01
3.137730e-01
1.288580e-01
5.518789e-01
3.316796e-01
0
0
1.309318e-01
0
8.467976e-02
0
1.615237e-01
2.806546e-01
1.239532e-01
2.478706e-01
2.923251e-01
1.000000e+00
5.886965e-01
0
0
0
8.629458e-02
3.882197e-02
0
0
1.849345e-01
0
7.876979e-02
0
2.330585e-01
1.575454e-01
4.076865e-01
0
2.400088e-01
0
4.285365e-03
0
3.314049e-02
0
0
0
1.206876e-02
9.271294e-02
0
0
2.090760e-01
0
1.133868e-01
0
0
0
0
0
1.172434e-01
0
3.653286e-01
1.871936e-01
0
0
0
0
0
0
2.165755e-01
1.204272e-01
0
0
2.796703e-01
3.266654e-01
3.000870e-01
1.519298e-01
3.999831e-01
3.729903e-01
2.913873e-01
4.142187e-01
3.552967e-01
4.359235e-01
2.180659e-01
0
1.128641e-01
2.153286e-02
0
0
0
0
8.541903e-02
4.962655e-02
0
0
0
0
4.568218e-01
3.952003e-02
0
0
0
0
0
0
0
5.280172e-02
1.277177e-01
1.618472e-01
0
0
0
0
0
0
0
0
4.039455e-03
1.049710e-01
0
2.922694e-01
5.213400e-02
0
2.161496e-01
6.192244e-03
2.601113e-01
3.778056e-01
0
1.307060e-01
1.013729e-01
9.867512e-02
0
0
0
1.236216e-01
1.242701e-01
3.481466e-02
1.626074e-02
5.886965e-01
1
2.452883e-01
0
0
0
0
0
0
1.967834e-02
3.423175e-02
0
1.061961e-01
0
2.440573e-01
0
1.375829e-01
0
1.534934e-01
0
0
0
2.926572e-02
0
0
2.128880e-01
1.747710e-02
0
1.350221e-02
1.163596e-01
4.102439e-02
1.809587e-01
2.156788e-01
0
0
0
0
0
0
1.497736e-01
1.514109e-01
0
0
0
0
0
0
4.835686e-02
0
5.585130e-02
1.217083e-01
1.001821e-01
1.681638e-01
1.259166e-01
2.276335e-01
1.558149e-01
1.925697e-01
2.952986e-03
0
0
1.828859e-01
0
0
1.163130e-02
0
0
1.937224e-01
0
0
7.421490e-02
3.769717e-01
1.447377e-01
1.464383e-01
8.027517e-02
2.900879e-01
8.399392e-02
3.212695e-02
0
0
0
0
0
0
1.766687e-01
0
0
0
0
0
0
2.814867e-01
0
0
0
2.143685e-01
3.495479e-01
6.578944e-02
2.809238e-01
3.725459e-02
1.713555e-02
0
0
3.884230e-01
2.924052e-02
3.639527e-01
3.084585e-01
2.599767e-01
2.705476e-01
3.325180e-01
7.039430e-01
0
9.196802e-02
1.023282e-01
4.427259e-01
0
0
0
2.452883e-01
1
8.879575e-02
0
0
0
1.668849e-01
6.195384e-02
0
1.119441e-01
0
0
5.196902e-02
0
0
1.131964e-01
0
3.767243e-02
0
1.958450e-02
2.346756e-01
2.831107e-01
4.586261e-01
2.763624e-01
0
0
5.547979e-02
1.768398e-01
0
1.424964e-01
0
6.418811e-02
2.687819e-01
3.222826e-01
1.811941e-01
2.023123e-01
1.754727e-02
2.287419e-01
0
0
7.738418e-02
1.309925e-01
0
1.068618e-01
0
0
2.623413e-01
2.636528e-01
1.735185e-01
3.436442e-01
2.927520e-01
1.472113e-01
1.929704e-01
2.808966e-01
0
0
0
0
0
3.833450e-02
2.695683e-01
1.856531e-01
0
0
0
0
3.098142e-01
1.652338e-01
0
0
0
0
1.004457e-02
1.296880e-01
0
1.670222e-02
0
0
3.029090e-01
2.184521e-01
0
0
4.258233e-01
4.484149e-01
2.402973e-01
0
3.083165e-01
0
0
0
4.925805e-01
0
0
0
0
0
0
0
4.305377e-01
3.378587e-01
0
0
0
0
0
0
0
0
3.039135e-01
1.589733e-01
3.596545e-01
0
4.730431e-01
3.279909e-02
0
0
0
8.879575e-02
1
5.078586e-01
2.554864e-01
1.835295e-01
8.380308e-03
2.756745e-01
0
0
0
5.528591e-02
0
0
0
2.309160e-01
0
5.108168e-02
0
1.556320e-01
3.382276e-01
1.404724e-01
5.236771e-01
5.480781e-01
0
0
1.843648e-02
7.399196e-02
0
0
0
0
4.924908e-01
4.845828e-01
2.867398e-01
2.917613e-01
2.443119e-01
3.996753e-01
0
0
3.416318e-01
3.129620e-01
2.685507e-01
3.058099e-01
4.197482e-02
0
0
3.417204e-02
7.280408e-02
1.532946e-01
0
0
0
0
0
0
0
0
0
0
1.912819e-01
4.101098e-01
9.486346e-02
2.367983e-01
4.824652e-01
0
6.547365e-01
6.032136e-01
0
0
0
1.947493e-02
3.389090e-01
1.902586e-01
0
0
1.260254e-01
1.572663e-01
1.938424e-01
8.801208e-02
0
2.036194e-01
9.661347e-02
1.387186e-01
3.246734e-01
1.173531e-03
5.798994e-01
2.621838e-01
1.510669e-02
0
4.839283e-01
2.187016e-01
0
0
0
0
0
0
1.266953e-01
3.536646e-01
0
0
0
0
0
0
0
0
0
4.877284e-01
2.594975e-01
0
0
6.750580e-02
8.737880e-02
0
0
0
5.078586e-01
1
