1
7.752643e-01
0
4.425113e-01
0
6.427387e-02
1.092813e-02
5.097161e-01
0
1.254080e-01
2.847766e-01
7.110453e-01
3.245314e-01
4.182398e-01
0
2.592657e-01
4.277001e-01
2.521250e-01
5.124591e-01
1.946623e-01
1.189475e-01
5.082758e-01
0
0
0
0
0
3.898373e-02
4.162609e-01
5.108097e-01
0
3.128954e-02
0
0
0
0
0
5.390476e-02
0
1.513685e-02
0
0
0
0
0
0
0
0
0
0
0
0
2.150337e-01
0
0
0
7.283270e-01
7.497010e-01
5.439634e-01
5.473072e-01
7.040027e-01
2.288694e-01
4.540018e-01
4.235749e-01
0
0
0
0
0
0
4.804103e-02
4.020358e-01
0
6.672854e-02
1.770516e-01
3.275006e-02
0
1.483505e-01
1.047390e-01
0
2.552283e-01
2.739855e-01
2.076018e-01
2.338842e-01
0
0
4.342428e-01
1.510710e-01
1.196707e-01
4.646863e-01
0
0
0
0
0
0
0
0
1.887917e-01
0
1.734148e-01
0
0
0
0
0
0
0
0
2.812127e-01
3.887543e-01
4.433085e-01
3.571241e-01
0
0
2.236469e-01
7.752643e-01
1
0
2.581446e-01
0
4.769567e-02
0
4.397850e-01
0
2.535329e-02
2.286996e-01
6.193685e-01
3.943124e-01
3.515238e-01
1.470916e-01
2.379124e-01
4.668312e-01
4.255896e-01
5.138147e-01
3.332292e-01
1.711592e-01
4.916901e-01
0
0
0
0
3.978099e-02
1.815486e-01
5.852130e-01
6.498933e-01
0
0
1.247700e-01
1.699013e-01
0
0
0
2.062266e-01
2.636020e-02
1.597758e-01
0
2.378143e-01
0
0
0
0
0
0
0
0
0
0
5.712657e-02
0
0
0
5.940167e-01
7.958415e-01
1.330763e-01
3.999468e-01
4.024030e-01
2.285149e-01
2.885279e-01
5.391979e-01
0
0
0
0
4.380591e-02
0
0
3.760672e-01
0
2.152278e-01
1.988303e-01
9.164931e-02
0
1.430042e-01
9.696047e-02
6.408080e-02
2.514407e-01
5.127580e-01
3.190184e-01
3.698807e-01
0
2.505046e-02
6.424036e-01
7.154293e-02
1.711023e-01
3.202105e-01
0
0
0
0
0
6.495567e-02
4.100364e-02
0
3.130859e-02
4.428122e-02
0
0
0
0
0
0
0
0
1.844745e-02
3.510724e-01
3.831145e-01
3.871343e-01
1.955456e-01
0
0
2.234129e-01
0
0
1
0
5.436419e-01
1.677098e-01
7.899536e-01
0
6.112664e-01
0
3.578435e-01
0
3.861322e-02
0
5.030492e-01
0
0
0
8.460304e-02
0
0
0
7.949357e-01
5.549085e-01
4.195250e-01
3.585975e-01
1.302877e-01
0
0
0
6.161999e-01
4.448636e-01
0
0
2.594253e-01
1.616971e-02
2.474376e-01
0
1.157772e-01
0
2.107389e-01
0
8.980341e-02
1.121169e-01
1.099950e-01
0
1.487582e-01
1.502820e-01
1.565152e-01
2.937670e-01
1.150208e-01
3.723836e-01
1.835070e-01
3.583065e-01
1.499615e-01
2.620014e-01
0
0
0
0
0
0
0
0
5.975413e-01
0
9.015587e-03
0
0
0
5.799145e-01
0
3.161091e-01
0
3.125094e-01
1.087174e-01
0
0
1.317144e-01
5.756477e-01
0
0
1.215100e-01
0
6.846116e-01
0
1.761934e-01
0
3.944650e-02
6.145124e-02
0
2.477489e-01
5.799916e-02
2.925582e-01
2.399929e-01
0
0
0
0
0
0
2.622115e-01
0
0
0
2.729181e-01
0
0
0
0
0
0
0
0
2.901194e-01
4.820350e-02
4.425113e-01
2.581446e-01
0
1
3.781370e-02
3.785945e-01
0
6.759433e-01
0
2.261271e-01
0
4.486067e-01
0
3.114443e-01
1.034118e-01
4.789778e-01
2.610623e-01
1.820386e-01
2.667510e-01
2.746404e-01
3.891225e-01
4.572348e-01
0
3.485206e-02
0
2.225397e-01
2.051149e-01
4.274582e-01
5.826439e-02
1.807536e-01
1.946815e-01
4.011652e-01
3.536689e-02
0
0
0
0
2.429401e-02
7.430561e-02
0
0
0
0
0
0
0
0
0
0
0
0
0
0
0
0
0
4.606781e-01
4.952614e-01
4.008967e-01
5.006057e-01
4.551739e-01
4.786215e-01
3.397718e-01
5.825718e-01
0
3.135606e-02
0
8.138739e-02
0
0
0
3.212181e-01
0
0
0
0
0
5.434559e-01
3.693145e-02
0
0
1.748429e-01
2.490833e-01
4.487387e-01
0
2.602952e-01
2.202596e-01
2.038246e-01
7.331983e-02
5.409537e-02
3.313057e-01
0
1.258175e-01
0
0
0
0
0
1.547307e-01
0
5.473737e-01
0
3.695020e-01
1.712624e-01
0
0
0
0
0
5.138205e-02
3.237313e-01
9.118086e-02
0
0
0
2.956725e-01
0
0
5.436419e-01
3.781370e-02
1
6.276253e-01
4.157502e-01
0
6.211662e-01
3.681260e-01
2.054987e-01
0
2.390274e-01
0
6.114033e-01
2.418439e-01
0
0
0
0
3.155028e-01
2.319408e-01
7.004194e-01
6.751607e-01
8.959589e-01
7.917968e-01
8.165336e-01
5.659330e-01
0
0
4.367752e-01
2.364633e-01
0
0
3.215023e-01
1.426331e-01
0
0
2.961802e-03
0
0
0
0
0
0
0
0
0
0
0
4.293561e-02
6.944217e-03
0
1.917363e-01
0
0
0
0
0
0
0
9.259853e-02
0
0
6.256538e-01
4.279345e-01
0
0
0
0
5.234759e-01
1.392848e-01
0
0
0
0
0
0
0
1.636771e-01
0
8.234913e-02
0
0
4.844492e-01
3.698054e-01
1.782515e-01
0
1.156216e-01
1.692022e-01
0
1.311720e-01
4.731011e-01
2.932690e-01
0
0
0
0
0
0
5.078382e-02
1.898383e-01
0
0
0
0
0
0
0
0
0
0
0
1.628156e-02
1.148840e-01
0
6.427387e-02
4.769567e-02
1.677098e-01
3.785945e-01
6.276253e-01
1.000000e+00
1.652808e-01
4.173171e-01
5.605089e-01
8.327518e-01
1.310772e-01
3.320174e-01
3.141906e-01
4.930034e-01
6.193978e-01
7.432971e-01
2.944053e-01
4.439624e-01
3.727053e-01
3.388546e-01
3.976202e-01
4.235545e-01
3.491579e-01
4.882052e-01
5.268596e-01
5.546672e-01
7.600246e-01
6.560600e-01
0
1.330862e-01
1.212099e-01
9.767217e-02
0
0
0
0
0
0
0
0
0
0
0
0
0
0
0
0
0
0
0
0
0
0
0
0
1.275894e-01
1.391352e-01
0
0
0
4.653233e-01
0
0
1.885909e-01
4.670178e-01
0
0
0
2.405893e-02
2.392085e-01
3.552712e-01
0
0
0
0
0
0
3.215305e-01
2.482984e-01
1.155355e-01
4.125625e-01
1.471884e-01
2.760784e-01
2.039916e-01
4.561266e-01
2.911184e-01
2.536306e-01
0
3.235112e-01
2.867909e-01
2.074222e-02
5.219989e-01
0
0
8.486869e-02
0
8.479039e-02
0
0
2.369813e-01
0
0
0
0
0
0
0
0
0
1.823412e-01
0
0
2.004604e-02
5.856117e-02
0
1.092813e-02
0
7.899536e-01
0
4.157502e-01
1.652808e-01
1
0
5.942910e-01
8.293035e-02
4.526222e-01
0
3.294450e-01
0
3.688437e-01
0
0
0
2.548918e-02
0
0
0
6.116838e-01
2.968277e-01
2.785767e-01
5.873384e-02
1.282830e-01
0
0
0
2.401760e-01
2.449509e-01
0
0
3.353884e-01
2.331808e-02
0
0
0
0
2.090928e-01
4.169834e-03
3.904401e-02
6.290295e-02
0
0
1.057726e-01
1.099351e-01
9.559151e-02
2.126617e-01
2.498916e-01
4.631766e-01
2.852855e-01
3.935503e-01
2.495320e-01
2.506896e-01
0
0
0
0
0
0
0
0
4.875435e-01
0
8.647267e-02
0
0
0
7.552251e-01
1.271668e-01
3.883154e-01
0
4.683199e-01
2.513821e-01
5.891262e-02
0
1.988762e-02
3.197781e-01
0
0
0
0
5.051174e-01
1.576979e-02
7.222630e-02
0
1.474087e-01
1.509510e-01
0
3.694205e-01
1.832138e-01
2.986381e-01
0
0
0
0
0
0
0
3.896207e-01
0
4.263611e-03
0
0
0
0
0
0
0
0
4.485490e-02
0
1.233934e-02
0
5.097161e-01
4.397850e-01
0
6.759433e-01
0
4.173171e-01
0
1
0
4.796333e-01
0
8.515678e-01
2.821920e-01
7.219781e-01
0
5.825775e-01
2.541067e-01
3.178497e-01
2.811003e-01
2.256142e-01
4.127742e-01
5.734553e-01
0
0
0
0
2.504644e-01
4.162681e-01
1.408325e-01
3.341682e-01
0
0
0
9.743685e-02
0
0
0
0
0
0
0
2.362337e-02
0
0
0
0
0
0
0
0
0
0
0
0
0
0
4.375944e-01
5.994878e-01
3.364917e-01
6.097208e-01
4.798063e-01
6.794002e-01
1.934772e-01
4.867110e-01
0
3.225719e-01
0
3.321006e-02
1.685357e-01
1.030253e-01
0
5.683894e-01
0
0
0
0
0
4.184761e-01
2.568237e-03
0
4.788542e-02
3.404997e-01
0
4.112698e-01
0
3.382448e-01
7.390571e-02
3.612808e-01
0
2.143678e-01
4.251072e-01
0
9.848507e-02
0
0
7.736548e-02
0
2.941391e-01
1.472827e-01
1.314301e-02
4.729706e-01
0
3.642161e-01
1.650665e-02
0
0
0
5.558752e-02
0
6.889736e-02
5.492505e-01
2.049389e-01
1.286574e-01
7.964274e-02
0
4.855452e-02
0
0
6.112664e-01
0
6.211662e-01
5.605089e-01
5.942910e-01
0
1
4.785212e-01
4.771990e-01
0
4.645128e-01
1.242403e-01
7.327114e-01
2.169443e-01
0
6.276645e-02
1.191345e-01
0
0
0
6.229030e-01
4.644493e-01
4.778543e-01
2.806325e-01
4.206751e-01
6.717045e-02
0
0
1.366051e-01
0
0
0
2.462503e-01
0
9.181804e-02
3.058898e-02
0
1.163673e-01
1.970664e-01
5.666757e-03
0
0
0
0
0
0
0
0
3.331460e-03
2.111733e-01
1.148223e-01
4.402853e-01
7.067772e-02
1.827444e-01
0
0
0
0
0
0
0
0
4.919461e-01
2.559466e-01
0
0
0
5.050740e-02
4.866877e-01
1.068707e-01
0
0
1.037250e-01
1.914926e-02
0
0
2.002717e-01
5.599048e-01
0
2.725373e-01
1.650277e-02
0
5.284796e-01
1.872457e-01
2.693574e-01
4.903128e-02
1.836368e-01
3.269405e-01
0
3.160598e-01
3.663793e-01
4.106345e-01
2.726956e-01
1.373166e-01
0
0
0
0
0
2.787178e-01
0
0
0
0
1.176033e-02
0
2.202049e-01
3.581914e-02
0
0
1.811215e-01
0
1.467351e-01
0
1.254080e-01
2.535329e-02
0
2.261271e-01
3.681260e-01
8.327518e-01
8.293035e-02
4.796333e-01
4.785212e-01
1
2.601284e-01
4.487536e-01
4.724051e-01
4.794464e-01
4.421303e-01
5.643561e-01
3.171557e-01
4.589108e-01
2.590922e-01
1.574027e-01
1.476070e-01
2.292966e-01
4.262446e-02
1.210667e-01
3.759946e-01
2.223070e-01
5.538858e-01
4.237870e-01
0
5.852177e-02
0
0
0
0
1.497729e-02
0
0
0
0
0
0
0
0
0
0
0
0
0
0
0
0
0
0
0
0
0
2.246643e-01
1.673871e-01
0
0
1.126634e-01
5.862322e-01
0
0
1.153051e-01
5.585308e-01
0
0
0
1.872294e-01
1.404429e-01
1.845340e-01
0
0
0
0
0
0
4.175934e-01
2.181366e-01
2.378923e-01
3.709324e-01
0
1.499309e-01
1.175441e-01
4.562963e-01
0
2.351025e-01
1.059653e-01
4.664926e-01
4.655255e-01
2.629456e-01
3.411272e-01
1.332606e-01
0
9.318611e-02
0
3.490506e-01
0
1.565120e-02
3.171118e-01
1.453445e-01
8.023035e-02
0
0
0
0
0
9.140298e-02
0
3.527789e-01
3.467407e-02
2.437571e-01
2.268359e-01
0
0
2.847766e-01
2.286996e-01
3.578435e-01
0
2.054987e-01
1.310772e-01
4.526222e-01
0
4.771990e-01
2.601284e-01
1
3.002582e-02
6.174901e-01
8.164192e-02
4.524866e-01
1.135909e-01
5.677920e-02
0
1.728960e-01
4.833774e-02
0
6.459726e-02
4.203955e-01
1.528709e-01
2.509282e-01
0
1.144199e-01
0
1.016789e-01
0
2.011839e-01
0
0
0
1.929103e-01
0
6.500126e-02
0
3.040905e-01
1.392737e-01
2.702143e-01
6.083417e-02
0
0
0
0
0
0
0
0
0
2.384546e-01
3.375178e-01
4.938999e-01
7.817645e-03
2.327622e-02
9.696291e-02
0
2.015065e-02
0
1.970273e-01
1.271167e-01
0
0
2.772971e-01
1.923441e-01
0
0
0
2.734228e-02
4.359687e-01
6.473379e-02
3.189852e-01
8.859563e-02
2.621688e-01
8.815323e-02
0
0
0
1.947663e-01
5.235209e-02
2.558742e-01
6.130295e-02
1.839825e-02
4.462902e-01
2.544955e-01
2.350743e-01
8.603596e-02
3.877368e-01
4.044997e-01
0
1.710743e-01
0
1.974775e-01
0
0
1.257064e-03
0
0
0
0
6.481853e-03
0
0
0
0
7.348972e-03
0
0
1.002127e-01
0
8.516448e-02
4.442359e-01
0
0
0
7.110453e-01
6.193685e-01
0
4.486067e-01
0
3.320174e-01
0
8.515678e-01
0
4.487536e-01
3.002582e-02
1
3.377453e-01
7.744204e-01
0
5.499104e-01
3.947604e-01
4.177062e-01
5.624450e-01
3.187432e-01
2.826211e-01
5.648482e-01
0
0
0
0
1.206904e-01
2.408221e-01
3.318522e-01
5.071620e-01
0
0
0
0
0
0
0
0
0
0
0
0
0
0
0
0
0
0
0
0
0
0
0
0
0
0
5.769849e-01
7.258360e-01
4.317939e-01
6.417434e-01
6.179462e-01
5.568798e-01
3.375727e-01
4.636334e-01
0
2.317292e-01
0
0
2.472352e-01
2.242746e-01
0
5.683775e-01
0
1.416591e-02
0
0
0
2.212331e-01
1.621434e-01
0
2.940348e-01
4.430468e-01
1.771419e-02
2.561753e-01
0
2.454189e-01
2.567469e-01
3.347258e-01
0
4.450740e-01
2.387549e-01
0
0
0
0
1.653328e-01
0
1.635185e-01
5.657999e-02
4.714842e-02
3.367170e-01
0
1.666999e-01
0
0
0
0
0
1.030049e-01
2.573778e-02
4.860440e-01
2.588090e-01
2.115735e-01
1.127488e-01
0
1.714692e-01
3.245314e-01
3.943124e-01
3.861322e-02
0
2.390274e-01
3.141906e-01
3.294450e-01
2.821920e-01
4.645128e-01
4.724051e-01
6.174901e-01
3.377453e-01
1
4.584543e-01
4.922443e-01
3.261342e-01
0
0
2.882914e-02
0
0
1.499675e-01
8.867151e-02
0
1.637476e-01
0
2.032078e-01
0
0
0
0
0
0
0
1.408750e-01
0
0
0
7.887411e-02
7.809760e-02
2.265281e-02
2.302206e-01
0
0
0
0
0
0
0
0
4.006204e-02
1.520286e-01
1.343881e-01
2.713922e-01
0
9.984662e-03
1.036807e-01
1.269583e-02
0
0
1.415159e-01
2.638258e-01
0
0
1.958253e-01
5.066661e-01
0
0
0
3.583351e-02
2.279497e-01
3.654951e-01
0
9.206888e-02
1.276830e-02
0
0
0
0
0
0
4.237755e-01
0
2.128582e-01
2.635484e-01
4.553208e-01
1.565560e-01
3.736299e-01
4.874968e-01
4.339794e-01
0
2.481429e-01
7.799090e-02
3.328907e-01
0
0
0
3.426640e-02
0
6.216477e-02
0
2.331342e-01
0
0
0
0
0
0
0
2.281437e-01
1.696175e-01
0
2.816133e-01
0
0
0
4.182398e-01
3.515238e-01
0
3.114443e-01
0
4.930034e-01
0
7.219781e-01
1.242403e-01
4.794464e-01
8.164192e-02
7.744204e-01
4.584543e-01
1
1.733697e-01
8.019964e-01
7.696990e-02
1.284036e-01
3.383560e-01
3.311764e-01
2.672500e-01
5.207045e-01
0
5.805140e-02
0
0
3.086159e-01
3.048450e-01
8.987575e-02
2.835114e-01
0
0
0
0
0
0
0
1.142013e-01
0
8.150411e-02
0
0
0
0
0
0
0
0
0
0
0
0
0
0
0
0
2.838731e-01
3.366223e-01
3.938084e-02
2.225003e-01
2.348646e-01
5.971599e-01
6.532206e-02
3.018100e-01
0
4.639010e-01
0
0
2.153890e-01
3.272397e-01
0
5.966820e-01
0
3.770938e-02
0
0
0
1.147326e-01
0
0
2.281794e-02
6.206106e-01
0
4.177507e-01
0
5.516118e-01
2.910743e-01
6.640598e-01
4.297659e-02
3.294929e-01
3.000720e-01
0
3.321004e-01
0
0
2.325069e-01
0
2.940607e-01
0
0
1.894208e-01
0
1.624629e-03
0
0
0
0
1.751530e-02
6.534602e-02
1.294912e-01
4.004692e-01
5.368394e-02
1.467160e-01
1.466925e-01
0
2.281941e-02
0
1.470916e-01
5.030492e-01
1.034118e-01
6.114033e-01
6.193978e-01
3.688437e-01
0
7.327114e-01
4.421303e-01
4.524866e-01
0
4.922443e-01
1.733697e-01
1.000000e+00
4.461288e-01
1.490077e-01
1.540181e-01
2.302303e-01
2.458217e-01
0
1.187497e-01
5.373016e-01
4.670600e-01
3.934855e-01
4.096828e-01
4.055238e-01
2.756808e-01
1.757083e-01
1.899137e-01
3.884292e-01
1.379661e-01
0
0
0
0
1.167359e-01
3.154932e-01
3.329116e-01
1.783767e-01
1.076844e-01
1.940049e-01
0
0
0
0
0
0
0
0
0
0
0
2.077450e-01
0
0
0
0
0
0
0
1.957476e-01
0
0
3.496704e-01
3.249565e-01
0
0
0
0
1.681019e-01
1.569082e-01
0
2.047757e-02
1.033894e-02
0
0
0
1.232852e-01
4.521548e-01
3.751243e-03
4.546324e-01
4.915146e-01
3.469101e-01
5.383931e-01
3.304449e-01
5.624252e-01
2.109671e-01
3.239394e-01
2.510640e-01
0
0
1.882405e-01
1.324276e-01
1.247413e-02
2.234014e-01
0
0
0
0
0
0
0
0
0
0
0
0
7.331772e-03
4.204594e-01
1.274153e-01
0
0
0
7.619937e-02
0
2.592657e-01
2.379124e-01
0
4.789778e-01
2.418439e-01
7.432971e-01
0
5.825775e-01
2.169443e-01
5.643561e-01
1.135909e-01
5.499104e-01
3.261342e-01
8.019964e-01
4.461288e-01
1
2.122177e-01
2.904833e-01
5.064199e-01
6.013369e-01
3.712822e-01
4.144531e-01
1.573410e-01
4.407227e-01
1.473397e-01
2.930902e-01
4.539889e-01
4.591545e-01
1.138526e-01
3.007110e-01
0
9.423410e-02
0
0
0
0
0
1.005169e-01
0
0
0
0
0
0
0
0
0
0
0
0
0
0
0
0
0
0
1.570253e-01
2.811014e-01
0
0
1.622442e-01
5.783503e-01
5.599093e-02
3.759462e-01
0
3.933572e-01
0
0
6.305587e-02
2.237647e-01
0
4.695025e-01
0
0
0
0
0
1.668122e-01
5.997642e-02
0
6.036360e-02
6.471231e-01
2.866053e-01
6.038715e-01
1.177338e-01
5.826432e-01
4.587128e-01
6.671732e-01
0
1.413153e-01
2.834358e-01
0
4.244918e-01
0
0
1.065734e-01
0
1.601606e-01
0
0
1.884676e-01
0
3.540547e-02
0
0
0
0
0
0
1.293264e-01
2.211785e-01
0
0
0
2.664249e-02
2.380903e-01
4.277001e-01
4.668312e-01
0
2.610623e-01
0
2.944053e-01
0
2.541067e-01
0
3.171557e-01
5.677920e-02
3.947604e-01
0
7.696990e-02
1.490077e-01
2.122177e-01
1
8.460542e-01
5.743149e-01
5.152484e-01
1.353485e-01
2.272430e-01
0
0
0
0
6.042751e-02
3.167895e-01
7.421458e-01
7.893011e-01
1.793509e-01
9.150856e-02
2.396091e-01
1.090762e-01
0
0
1.113898e-01
2.033591e-01
8.481525e-02
2.202003e-02
0
0
0
0
0
0
0
0
0
0
0
0
0
0
0
0
5.966956e-01
7.375161e-01
2.199898e-01
3.035762e-01
4.207259e-01
1.987576e-01
4.238962e-01
4.247755e-01
0
0
0
0
2.669075e-01
1.132066e-01
0
0
0
0
0
0
0
0
6.850860e-01
4.381784e-01
8.657015e-01
3.191865e-01
6.149555e-01
3.258104e-01
0
0
3.827126e-01
0
0
1.141651e-01
0
0
0
0
4.849646e-02
4.249241e-01
0
0
2.022226e-01
2.181449e-02
7.123334e-02
0
2.136412e-02
0
0
0
0
0
4.585318e-02
1.341744e-01
4.593786e-01
6.669131e-01
1.443931e-01
0
1.202643e-01
3.390985e-01
2.521250e-01
4.255896e-01
0
1.820386e-01
0
4.439624e-01
0
3.178497e-01
6.276645e-02
4.589108e-01
0
4.177062e-01
0
1.284036e-01
1.540181e-01
2.904833e-01
8.460542e-01
1
6.179940e-01
4.992056e-01
2.476746e-01
1.718325e-01
0
0
0
0
1.974974e-01
3.719216e-01
6.011192e-01
6.530276e-01
1.131508e-02
0
2.395644e-01
2.868563e-01
0
0
5.602524e-02
1.109644e-01
0
0
0
4.165970e-02
0
0
0
0
0
0
0
0
0
0
0
0
0
0
5.009563e-01
6.655308e-01
0
1.408330e-01
2.288143e-01
1.507314e-01
1.772239e-01
2.972356e-01
0
0
0
0
1.913190e-01
1.838261e-01
0
9.060185e-03
0
0
0
0
0
4.912119e-04
8.327952e-01
5.052270e-01
7.067200e-01
4.141652e-01
3.861587e-01
2.670227e-01
0
0
3.420874e-01
9.021162e-03
0
7.422993e-02
2.356395e-03
0
0
0
0
3.253643e-01
0
6.549978e-02
1.209903e-01
1.071092e-01
1.262226e-01
0
8.571143e-02
0
3.793691e-03
0
0
0
2.646875e-01
0
2.511022e-01
4.326005e-01
0
9.471339e-03
2.634291e-01
1.789085e-01
5.124591e-01
5.138147e-01
8.460304e-02
2.667510e-01
0
3.727053e-01
2.548918e-02
2.811003e-01
1.191345e-01
2.590922e-01
1.728960e-01
5.624450e-01
2.882914e-02
3.383560e-01
2.302303e-01
5.064199e-01
5.743149e-01
6.179940e-01
1
7.447634e-01
2.503404e-01
3.612456e-01
8.604653e-02
1.734739e-01
0
0
8.047795e-02
1.838768e-01
5.904514e-01
6.549948e-01
2.231341e-01
1.552676e-01
2.276977e-02
4.669503e-02
0
0
1.078279e-03
2.059397e-01
3.300633e-03
1.066411e-01
0
0
0
0
0
0
0
0
0
0
0
0
0
0
0
0
4.207737e-01
6.025426e-01
7.622654e-02
1.423400e-01
3.864903e-01
1.710509e-01
3.088681e-01
3.536580e-01
0
0
0
0
1.983173e-01
3.473417e-01
1.378531e-02
3.964310e-01
1.009292e-01
9.758764e-02
2.564275e-01
7.631359e-02
0
0
5.747874e-01
5.006597e-01
4.786233e-01
4.544959e-01
4.616453e-01
1.095890e-01
0
2.207734e-02
6.845795e-01
1.414482e-01
0
3.018843e-01
0
0
0
0
5.518007e-03
2.939211e-01
0
0
0
0
0
0
0
0
0
0
4.015393e-02
0
3.968097e-02
0
4.193039e-02
1.342265e-01
0
0
3.429965e-01
5.530024e-01
1.946623e-01
3.332292e-01
0
2.746404e-01
0
3.388546e-01
0
2.256142e-01
0
1.574027e-01
4.833774e-02
3.187432e-01
0
3.311764e-01
2.458217e-01
6.013369e-01
5.152484e-01
4.992056e-01
7.447634e-01
1
3.426481e-01
3.171741e-01
1.531986e-01
3.914221e-01
0
1.281106e-01
2.333256e-01
4.354718e-01
5.393162e-01
6.498204e-01
3.096718e-01
1.720118e-01
1.525649e-01
2.297128e-01
0
0
1.918168e-01
4.621654e-01
3.184254e-01
1.960177e-01
6.640848e-02
2.739902e-02
0
0
0
0
0
0
0
0
0
0
0
0
0
0
1.967652e-01
5.213798e-01
0
6.788265e-02
9.464953e-02
4.289789e-01
2.850364e-01
4.927436e-01
0
7.818599e-02
0
0
5.096699e-01
5.443756e-01
0
1.262098e-01
4.447247e-02
1.854267e-01
7.613826e-02
0
0
8.281189e-02
3.425901e-01
1.619426e-01
3.788716e-01
4.991647e-01
6.136315e-01
3.161474e-01
6.144275e-02
2.365416e-01
5.886205e-01
3.078662e-01
0
1.109750e-01
1.695523e-01
0
2.125289e-02
0
1.166211e-01
4.359308e-01
0
1.157749e-01
0
0
5.924759e-02
0
7.372149e-02
0
3.622000e-02
0
0
0
0
2.946126e-02
2.626506e-01
1.021542e-01
0
0
2.518351e-01
5.923037e-01
1.189475e-01
1.711592e-01
0
3.891225e-01
3.155028e-01
3.976202e-01
0
4.127742e-01
0
1.476070e-01
0
2.826211e-01
0
2.672500e-01
0
3.712822e-01
1.353485e-01
2.476746e-01
2.503404e-01
3.426481e-01
1.000000e+00
7.148645e-01
5.682493e-02
2.824850e-01
3.257869e-01
3.772474e-01
6.736214e-01
7.021224e-01
0
1.290306e-01
1.308831e-01
2.842649e-01
0
5.226327e-02
0
0
0
0
0
0
0
0
0
0
0
0
0
0
0
0
0
0
0
0
0
0
9.666399e-02
3.352540e-01
0
1.487789e-01
0
2.883173e-01
4.017181e-02
1.564740e-01
0
8.781545e-02
0
0
0
0
2.407437e-01
4.882949e-01
0
0
3.115924e-02
9.520608e-02
2.158111e-02
2.861433e-01
3.796067e-03
0
0
2.706612e-02
0
1.107190e-01
0
2.246943e-01
1.737755e-01
0
0
3.437599e-02
3.710580e-01
0
2.631532e-01
0
0
0
0
0
1.773590e-01
0
4.997310e-01
0
5.302458e-01
5.613723e-02
1.473088e-01
0
0
0
0
0
0
8.303077e-03
0
1.945828e-01
7.962954e-02
0
5.082758e-01
4.916901e-01
0
4.572348e-01
2.319408e-01
4.235545e-01
0
5.734553e-01
0
2.292966e-01
6.459726e-02
5.648482e-01
1.499675e-01
5.207045e-01
1.187497e-01
4.144531e-01
2.272430e-01
1.718325e-01
3.612456e-01
3.171741e-01
7.148645e-01
1.000000e+00
7.166201e-02
8.097137e-02
2.509354e-01
1.981667e-01
5.922178e-01
6.538446e-01
5.080101e-02
3.789452e-01
1.155826e-01
5.177742e-02
0
0
0
0
0
1.649502e-01
0
3.679933e-02
0
6.672911e-02
0
0
0
0
0
0
0
0
0
0
0
0
0
0
2.938505e-01
5.295728e-01
1.467301e-01
2.959770e-01
3.575313e-02
4.782728e-01
9.376603e-03
1.605040e-01
0
2.923667e-01
0
0
4.751457e-02
0
1.107959e-01
7.471028e-01
0
1.646844e-01
5.273875e-03
1.047074e-01
0
6.565893e-02
0
0
0
1.629194e-01
3.834107e-02
1.229713e-01
0
3.145087e-01
4.048955e-01
4.441783e-02
0
5.062519e-01
2.464348e-01
0
9.352162e-02
0
0
1.432279e-01
0
0
0
0
3.066837e-01
0
1.245840e-01
0
0
0
0
0
0
0
3.718878e-01
6.653490e-02
1.179057e-01
0
0
0
0
0
7.949357e-01
0
7.004194e-01
3.491579e-01
6.116838e-01
0
6.229030e-01
4.262446e-02
4.203955e-01
0
8.867151e-02
0
5.373016e-01
1.573410e-01
0
0
8.604653e-02
1.531986e-01
5.682493e-02
7.166201e-02
1
8.448289e-01
6.817011e-01
5.829623e-01
4.603607e-01
1.626441e-01
0
0
6.133887e-01
3.724795e-01
0
0
2.875526e-01
9.357465e-02
2.374653e-01
8.207094e-02
2.633692e-01
1.163997e-01
2.424645e-01
0
0
0
0
0
0
0
0
0
0
5.804809e-02
0
2.916761e-01
0
0
0
0
0
0
0
0
0
0
7.041216e-01
2.329114e-01
0
0
0
0
5.059777e-01
6.532029e-02
3.425505e-01
0
2.608779e-01
1.556765e-01
0
0
0
2.535411e-01
0
0
1.065886e-01
0
7.938456e-01
2.834350e-01
2.878559e-01
0
7.135779e-02
1.770816e-01
0
1.720352e-01
3.869074e-01
2.806348e-01
2.580891e-01
0
0
0
0
0
0
1.773037e-01
0
0
0
2.475983e-01
0
0
0
0
0
0
0
0
1.794379e-01
7.130161e-02
0
0
5.549085e-01
3.485206e-02
6.751607e-01
4.882052e-01
2.968277e-01
0
4.644493e-01
1.210667e-01
1.528709e-01
0
0
5.805140e-02
4.670600e-01
4.407227e-01
0
0
1.734739e-01
3.914221e-01
2.824850e-01
8.097137e-02
8.448289e-01
1
6.391596e-01
7.619311e-01
5.459222e-01
4.004765e-01
0
0
5.494490e-01
4.782395e-01
0
0
1.154706e-01
1.913106e-02
4.127751e-02
2.224946e-02
1.142101e-01
0
0
0
0
0
1.566577e-01
1.585340e-03
0
0
0
0
0
0
0
0
0
0
0
0
0
0
0
6.649358e-02
0
0
6.397640e-01
2.861740e-01
7.409006e-02
0
0
2.091870e-02
3.335128e-01
4.947009e-02
1.324562e-01
0
9.842886e-02
5.574689e-02
0
0
0
1.444458e-01
0
1.652701e-01
2.166112e-01
2.139690e-03
6.568424e-01
4.334455e-01
3.300901e-01
4.111570e-02
0
0
3.521747e-02
0
5.430733e-01
0
1.624035e-01
0
0
0
0
0
0
0
0
0
0
1.781215e-01
0
0
0
0
0
0
0
2.405642e-02
3.244552e-01
9.903317e-02
0
0
4.195250e-01
0
8.959589e-01
5.268596e-01
2.785767e-01
0
4.778543e-01
3.759946e-01
2.509282e-01
0
1.637476e-01
0
3.934855e-01
1.473397e-01
0
0
0
0
3.257869e-01
2.509354e-01
6.817011e-01
6.391596e-01
1
7.604586e-01
8.377942e-01
5.563892e-01
0
0
4.570010e-01
9.838329e-02
0
0
4.777009e-01
3.441390e-01
0
0
1.808002e-01
0
0
0
0
0
0
0
0
0
0
0
0
0
0
2.545798e-01
0
0
0
0
0
0
0
2.430868e-01
0
0
6.666392e-01
5.707262e-01
0
0
0
0
4.006459e-01
3.339703e-02
5.324335e-02
0
0
0
0
0
0
2.205014e-02
0
9.562169e-03
0
0
5.157711e-01
4.867613e-01
0
0
2.043703e-01
2.829340e-01
2.172507e-01
3.088280e-01
4.753917e-01
4.050968e-01
0
0
0
0
0
0
2.563181e-01
3.015376e-01
1.662175e-01
2.649604e-02
0
0
0
0
0
0
0
0
1.893409e-02
1.153646e-01
0
0
0
0
3.585975e-01
2.225397e-01
7.917968e-01
5.546672e-01
5.873384e-02
0
2.806325e-01
2.223070e-01
0
0
0
0
4.096828e-01
2.930902e-01
0
0
0
1.281106e-01
3.772474e-01
1.981667e-01
5.829623e-01
7.619311e-01
7.604586e-01
1
6.952157e-01
7.012309e-01
0
0
5.461576e-01
4.909136e-01
0
0
2.222628e-01
2.236344e-01
0
0
5.814701e-02
0
0
0
0
0
2.442815e-01
4.025822e-02
0
0
0
0
0
0
0
0
0
0
0
0
0
0
0
2.094133e-01
0
0
5.322518e-01
3.597336e-01
1.286385e-02
0
0
0
1.779729e-01
0
0
0
0
0
1.392152e-02
0
0
0
0
0
1.851581e-01
7.904437e-02
3.893563e-01
3.584501e-01
1.129461e-01
0
0
0
1.026387e-01
0
5.433442e-01
4.346133e-02
0
0
0
0
0
0
1.554208e-01
2.362072e-02
6.481495e-02
2.729622e-02
1.072382e-01
2.365355e-01
0
0
0
0
0
0
0
5.725899e-02
2.784119e-01
0
0
3.978099e-02
1.302877e-01
2.051149e-01
8.165336e-01
7.600246e-01
1.282830e-01
2.504644e-01
4.206751e-01
5.538858e-01
1.144199e-01
1.206904e-01
2.032078e-01
3.086159e-01
4.055238e-01
4.539889e-01
6.042751e-02
1.974974e-01
8.047795e-02
2.333256e-01
6.736214e-01
5.922178e-01
4.603607e-01
5.459222e-01
8.377942e-01
6.952157e-01
1.000000e+00
8.268054e-01
0
0
2.501680e-01
7.038970e-02
0
0
1.689082e-01
8.905378e-02
0
0
0
0
0
0
0
0
0
0
0
0
0
0
0
0
0
0
0
0
6.170786e-04
7.436797e-02
0
0
0
4.378170e-01
0
0
3.313065e-01
5.472698e-01
0
0
0
0
3.220315e-01
3.195952e-01
0
0
0
0
0
0
0
0
0
1.904260e-01
0
3.019085e-02
1.972807e-01
5.231330e-01
1.546900e-01
0
0
3.571635e-01
3.463888e-01
1.050545e-01
5.572456e-01
1.184334e-01
0
0
0
0
0
0
3.945527e-01
6.819862e-02
2.459685e-01
0
0
0
0
0
0
0
1.233813e-01
0
2.305160e-02
1.750847e-01
0
0
3.898373e-02
1.815486e-01
0
4.274582e-01
5.659330e-01
6.560600e-01
0
4.162681e-01
6.717045e-02
4.237870e-01
0
2.408221e-01
0
3.048450e-01
2.756808e-01
4.591545e-01
3.167895e-01
3.719216e-01
1.838768e-01
4.354718e-01
7.021224e-01
6.538446e-01
1.626441e-01
4.004765e-01
5.563892e-01
7.012309e-01
8.268054e-01
1.000000e+00
0
2.925486e-01
2.980542e-01
2.239607e-01
0
0
0
0
0
1.003152e-01
0
0
0
0
0
0
0
0
0
0
0
0
0
0
0
0
0
0
1.203786e-01
3.713458e-01
0
4.526905e-04
0
5.752717e-01
0
1.565750e-01
0
3.999933e-01
0
0
0
0
0
2.328050e-01
0
0
0
0
0
1.062581e-01
1.369981e-01
0
3.109185e-02
1.971619e-01
2.266140e-01
1.798345e-01
0
3.840331e-01
2.532759e-01
0
0
2.744074e-01
3.022226e-01
0
3.836860e-01
0
0
8.600407e-02
0
2.229662e-02
0
0
4.263748e-01
0
2.859077e-01
0
1.494182e-01
0
0
0
0
3.788481e-02
4.321120e-01
2.399266e-03
0
2.049905e-01
1.248645e-01
0
4.162609e-01
5.852130e-01
0
5.826439e-02
0
0
0
1.408325e-01
0
0
1.016789e-01
3.318522e-01
0
8.987575e-02
1.757083e-01
1.138526e-01
7.421458e-01
6.011192e-01
5.904514e-01
5.393162e-01
0
5.080101e-02
0
0
0
0
0
0
1
8.702780e-01
7.294725e-02
0
4.822077e-01
4.241423e-01
0
0
3.480844e-01
4.885016e-01
2.363846e-01
4.044147e-01
1.612581e-01
3.669180e-01
0
0
0
0
0
0
0
0
0
0
0
0
0
0
4.210016e-01
6.045903e-01
1.230230e-01
2.481460e-01
4.361193e-01
2.977636e-02
4.778746e-01
5.758142e-01
0
0
0
0
4.589704e-01
2.929165e-01
0
0
0
3.229661e-01
1.923799e-01
5.276541e-02
0
0
4.654185e-01
4.263185e-01
7.075813e-01
4.631328e-01
6.917844e-01
3.913085e-01
0
0
5.742312e-01
1.466390e-01
0
0
0
0
0
0
2.485505e-01
5.797575e-01
1.098541e-01
5.444072e-02
7.379650e-02
0
0
0
0
0
0
0
2.564572e-01
1.251179e-03
1.540814e-01
3.654134e-01
3.347382e-01
6.268399e-01
3.125322e-02
0
1.990343e-01
5.156266e-01
5.108097e-01
6.498933e-01
0
1.807536e-01
0
1.330862e-01
0
3.341682e-01
0
5.852177e-02
0
5.071620e-01
0
2.835114e-01
1.899137e-01
3.007110e-01
7.893011e-01
6.530276e-01
6.549948e-01
6.498204e-01
1.290306e-01
3.789452e-01
0
0
0
0
0
2.925486e-01
8.702780e-01
1.000000e+00
8.102076e-02
2.247448e-02
1.820061e-01
2.678139e-01
0
0
1.428887e-01
5.241313e-01
1.178491e-01
3.710737e-01
0
1.407132e-01
0
0
0
0
0
0
0
0
0
0
0
0
0
0
3.756481e-01
7.466472e-01
8.220181e-02
2.592508e-01
3.266660e-01
2.499858e-01
5.085588e-01
5.853344e-01
0
0
0
0
3.824035e-01
2.256499e-01
0
1.610434e-01
0
1.272941e-01
0
0
0
0
4.192624e-01
3.092659e-01
6.828319e-01
3.876453e-01
7.235869e-01
3.875242e-01
0
0
6.176437e-01
1.474978e-01
0
1.752408e-01
0
0
0
0
1.945628e-01
5.863182e-01
9.786550e-02
4.689635e-02
0
0
0
0
0
0
0
0
5.110228e-02
0
1.538300e-01
4.089935e-01
5.339810e-01
5.114155e-01
0
0
2.077330e-01
4.836079e-01
0
0
6.161999e-01
1.946815e-01
4.367752e-01
1.212099e-01
2.401760e-01
0
1.366051e-01
0
2.011839e-01
0
0
0
3.884292e-01
0
1.793509e-01
1.131508e-02
2.231341e-01
3.096718e-01
1.308831e-01
1.155826e-01
6.133887e-01
5.494490e-01
4.570010e-01
5.461576e-01
2.501680e-01
2.980542e-01
7.294725e-02
8.102076e-02
1.000000e+00
6.500516e-01
1.864016e-01
0
0
0
3.466384e-01
1.483956e-01
4.779737e-01
1.084695e-01
1.302215e-01
3.687203e-02
0
0
0
0
0
0
0
0
0
0
8.152214e-03
1.410149e-01
0
0
0
0
0
0
0
2.203779e-03
0
1.932946e-02
2.348281e-01
0
0
0
0
0
1.567556e-01
0
3.506498e-01
5.240944e-02
1.854916e-01
1.071820e-01
0
0
1.623686e-01
3.821816e-01
1.290520e-02
0
5.213900e-01
0
4.008843e-01
3.697744e-02
3.957608e-01
0
1.089948e-01
1.008037e-01
0
0
0
0
1.913855e-01
1.961864e-02
0
0
0
0
0
0
0
0
0
2.956244e-01
0
0
0
0
0
0
0
0
2.692449e-01
2.985034e-01
3.128954e-02
0
4.448636e-01
4.011652e-01
2.364633e-01
9.767217e-02
2.449509e-01
0
0
0
0
0
0
0
1.379661e-01
9.423410e-02
9.150856e-02
0
1.552676e-01
1.720118e-01
2.842649e-01
5.177742e-02
3.724795e-01
4.782395e-01
9.838329e-02
4.909136e-01
7.038970e-02
2.239607e-01
0
2.247448e-02
6.500516e-01
1.000000e+00
0
0
0
0
0
0
0
0
0
0
1.915234e-01
2.305882e-01
4.014215e-01
2.132544e-01
1.354980e-01
1.294818e-01
2.235611e-01
1.127094e-01
8.426223e-02
0
1.064402e-01
0
1.429456e-01
0
0
0
0
0
0
0
3.352466e-01
2.313997e-01
9.812977e-02
0
1.280881e-01
0
0
0
2.635120e-01
0
7.221185e-03
0
1.322790e-01
7.346488e-03
1.591946e-01
1.458611e-01
5.646649e-02
6.400875e-02
0
0
4.611221e-01
1.691136e-01
1.575437e-01
0
2.802742e-01
0
0
0
0
0
0
0
0
0
0
0
5.621565e-02
0
3.710931e-02
0
2.012192e-02
4.306405e-02
0
5.029120e-01
0
0
0
1.257958e-01
0
0
0
0
2.723128e-01
3.389287e-01
0
1.247700e-01
0
3.536689e-02
0
0
0
0
0
0
0
0
0
0
0
0
2.396091e-01
2.395644e-01
2.276977e-02
1.525649e-01
0
0
0
0
0
0
0
0
4.822077e-01
1.820061e-01
1.864016e-01
0
1
7.957573e-01
0
0
4.022900e-01
4.984236e-02
2.436946e-01
2.377077e-02
1.819457e-01
4.679153e-01
2.021457e-01
1.606495e-01
3.077107e-01
3.400541e-01
1.750508e-01
1.352335e-01
2.435009e-01
1.935848e-01
0
0
0
0
0
0
1.094282e-01
1.564950e-01
2.087530e-02
2.780541e-01
1.341663e-01
0
2.938972e-01
5.016102e-01
0
0
6.468811e-02
1.930414e-01
4.145687e-01
3.752109e-02
0
0
2.528125e-01
3.578095e-01
2.019723e-01
2.506055e-01
1.175859e-01
2.989849e-01
1.488902e-01
7.031187e-02
2.201793e-01
1.781842e-01
2.099303e-01
2.197496e-01
0
0
7.746583e-02
0
0
0
0
0
0
0
6.110450e-02
7.928036e-02
2.711810e-02
0
3.788046e-01
2.954019e-01
0
0
3.234326e-01
6.115822e-02
1.631011e-01
0
1.535851e-01
3.541085e-01
1.111729e-01
0
0
3.416115e-01
0
0
2.153755e-01
3.265946e-01
0
1.699013e-01
0
0
0
0
0
9.743685e-02
0
0
0
0
0
0
0
0
1.090762e-01
2.868563e-01
4.669503e-02
2.297128e-01
5.226327e-02
0
0
0
0
0
0
0
4.241423e-01
2.678139e-01
0
0
7.957573e-01
1
0
0
4.556513e-01
3.243487e-01
1.774871e-01
1.740182e-01
2.246086e-01
6.099396e-01
1.705929e-01
1.428102e-01
2.468026e-01
3.694414e-01
1.176863e-01
4.909270e-02
9.044960e-02
1.427440e-01
0
0
0
0
0
0
0
2.065022e-01
0
1.659342e-01
0
0
2.037344e-01
4.526988e-01
0
0
3.924969e-02
2.882137e-01
4.547273e-01
1.894837e-01
0
0
1.376288e-01
4.833603e-01
1.515850e-01
2.371978e-01
6.637744e-02
3.773976e-01
5.999525e-02
0
4.820548e-02
1.467899e-01
1.026219e-01
2.338173e-01
0
0
9.485376e-02
6.442839e-02
0
0
0
0
0
0
1.124445e-01
2.438308e-01
1.166109e-01
1.033309e-01
1.936344e-01
1.741744e-01
0
0
2.137263e-01
0
2.678295e-01
0
2.140896e-01
4.789761e-01
1.602841e-01
0
0
6.672193e-02
0
0
3.212384e-01
3.787236e-01
0
0
2.594253e-01
0
3.215023e-01
0
3.353884e-01
0
2.462503e-01
1.497729e-02
1.929103e-01
0
1.408750e-01
0
0
0
0
0
0
0
0
0
2.875526e-01
1.154706e-01
4.777009e-01
2.222628e-01
1.689082e-01
0
0
0
0
0
0
0
1
9.074731e-01
8.523918e-02
0
6.652017e-02
0
3.116676e-01
3.483423e-02
1.166768e-01
5.384597e-02
2.595812e-01
9.988827e-02
1.057425e-01
3.190342e-01
1.383893e-01
2.630706e-01
4.652719e-01
5.919125e-01
2.982471e-01
5.798409e-01
3.304378e-01
4.294332e-01
0
0
0
0
0
0
0
0
7.638649e-01
3.050110e-01
5.517699e-01
2.652399e-01
0
0
3.176978e-01
0
1.620122e-01
0
0
0
5.977018e-01
0
0
0
0
0
0
0
4.508887e-01
1.882115e-01
0
0
2.434271e-01
0
2.747935e-01
7.321454e-01
3.698954e-01
6.902792e-01
4.012622e-02
0
2.909276e-01
1.001881e-01
8.663941e-03
2.252562e-01
4.250509e-02
7.460736e-01
1.302606e-01
4.891893e-01
1.216476e-01
1.346578e-01
7.192516e-02
3.248372e-01
0
0
0
0
1.639142e-01
1.541228e-01
0
0
0
0
1.616971e-02
0
1.426331e-01
0
2.331808e-02
0
0
0
0
0
0
0
0
0
0
0
0
0
0
0
9.357465e-02
1.913106e-02
3.441390e-01
2.236344e-01
8.905378e-02
0
0
0
0
0
0
0
9.074731e-01
1
1.281871e-01
0
1.477205e-01
0
2.759917e-01
1.109398e-01
6.734298e-02
0
3.313646e-01
1.920022e-01
0
2.501155e-01
4.300805e-02
1.697393e-01
2.785257e-01
3.978244e-01
5.197853e-02
3.677753e-01
1.246779e-01
2.755741e-01
0
0
0
0
0
4.902331e-02
0
0
6.370843e-01
3.760838e-01
6.191516e-01
4.887460e-01
2.982730e-02
0
6.680506e-03
0
8.789007e-02
2.342764e-02
0
0
6.657434e-01
2.713920e-02
0
0
0
0
0
0
3.296184e-01
2.099850e-01
0
0
1.405999e-01
0
4.277561e-01
6.769082e-01
3.805055e-01
6.323124e-01
0
0
2.887881e-01
3.467468e-01
5.401370e-02
2.380821e-01
9.931624e-02
7.107950e-01
2.372350e-01
5.575012e-01
2.450879e-01
2.442100e-01
7.332425e-02
5.526084e-01
0
0
0
0
0
1.537835e-01
0
0
0
0
2.474376e-01
0
0
0
0
0
9.181804e-02
0
6.500126e-02
0
0
0
1.167359e-01
0
1.113898e-01
5.602524e-02
1.078279e-03
1.918168e-01
0
0
2.374653e-01
4.127751e-02
0
0
0
0
3.480844e-01
1.428887e-01
3.466384e-01
0
4.022900e-01
4.556513e-01
8.523918e-02
1.281871e-01
1
6.149447e-01
6.509268e-01
6.500691e-01
8.289347e-01
6.039746e-01
0
0
0
1.850493e-02
0
0
0
2.260075e-02
0
0
0
3.093199e-01
0
0
0
0
0
0
0
0
0
0
7.330158e-02
0
0
0
4.533940e-01
3.491022e-01
0
0
3.913047e-01
5.408808e-01
2.663831e-01
2.853515e-01
5.260151e-02
0
1.006806e-01
3.306842e-01
1.479725e-01
0
2.762359e-01
0
2.567351e-01
0
1.351448e-01
0
1.114820e-01
0
0
2.883603e-01
0
2.676222e-01
6.398235e-01
5.699875e-01
3.978648e-01
7.432228e-03
0
0
0
9.929661e-02
0
0
0
2.744200e-01
5.089707e-01
2.657741e-01
0
0
0
0
0
0
1.785014e-01
2.963806e-01
5.390476e-02
2.062266e-01
0
2.429401e-02
0
0
0
0
3.058898e-02
0
0
0
0
1.142013e-01
3.154932e-01
1.005169e-01
2.033591e-01
1.109644e-01
2.059397e-01
4.621654e-01
0
1.649502e-01
8.207094e-02
2.224946e-02
0
0
0
1.003152e-01
4.885016e-01
5.241313e-01
1.483956e-01
0
4.984236e-02
3.243487e-01
0
0
6.149447e-01
1.000000e+00
5.859719e-01
7.901069e-01
5.059237e-01
5.201776e-01
0
0
0
0
0
0
0
0
0
0
0
8.185456e-02
0
0
2.412640e-02
2.171436e-01
0
0
0
1.167695e-01
6.290797e-02
2.246513e-01
0
3.048381e-02
0
0
4.873784e-01
5.283032e-01
0
4.393921e-02
8.501146e-02
5.578536e-01
1.118556e-01
1.092717e-01
0
0
2.437648e-02
1.343722e-01
1.286809e-01
2.504295e-01
5.491854e-01
1.941001e-01
1.154325e-01
0
4.402230e-01
3.471602e-01
1.420071e-01
1.551226e-01
0
0
2.399407e-02
6.000056e-02
4.662535e-01
7.794638e-01
2.708005e-01
2.412746e-01
0
0
0
0
0
0
0
2.289805e-01
1.762696e-01
1.251277e-01
0
3.194034e-01
4.029006e-01
1.856416e-03
0
0
2.059324e-01
4.014628e-01
0
2.636020e-02
1.157772e-01
7.430561e-02
2.961802e-03
0
0
0
0
0
3.040905e-01
0
7.887411e-02
0
3.329116e-01
0
8.481525e-02
0
3.300633e-03
3.184254e-01
0
0
2.633692e-01
1.142101e-01
1.808002e-01
5.814701e-02
0
0
2.363846e-01
1.178491e-01
4.779737e-01
0
2.436946e-01
1.774871e-01
6.652017e-02
1.477205e-01
6.509268e-01
5.859719e-01
1
5.694012e-01
6.636143e-01
4.639075e-01
0
0
0
0
0
0
0
0
0
0
0
2.586829e-01
0
0
0
3.342797e-02
3.721077e-02
8.290334e-02
0
2.853032e-01
0
1.470246e-01
1.687266e-01
2.316417e-01
0
2.525617e-02
5.045772e-01
3.860996e-01
0
0
3.820116e-01
5.147601e-01
2.016232e-02
5.450410e-02
7.767469e-02
5.162971e-02
0
4.538768e-02
0
1.773324e-01
4.290499e-01
1.667830e-01
4.932996e-01
2.771334e-01
1.799092e-01
2.238096e-01
6.094391e-01
2.143129e-01
1.357504e-01
1.900092e-01
0
1.677393e-01
8.414907e-02
3.965114e-01
1.248742e-01
1.407293e-01
0
0
0
5.959499e-02
0
0
0
1.625838e-01
0
5.526773e-02
0
4.774498e-02
2.897231e-01
0
0
0
0
3.085168e-01
1.513685e-02
1.597758e-01
0
0
0
0
0
0
1.163673e-01
0
1.392737e-01
0
7.809760e-02
8.150411e-02
1.783767e-01
0
2.202003e-02
0
1.066411e-01
1.960177e-01
0
3.679933e-02
1.163997e-01
0
0
0
0
0
4.044147e-01
3.710737e-01
1.084695e-01
0
2.377077e-02
1.740182e-01
0
0
6.500691e-01
7.901069e-01
5.694012e-01
1
5.382914e-01
4.854252e-01
0
0
0
0
0
0
0
0
0
8.754126e-03
0
3.840105e-01
0
1.573893e-02
0
8.913040e-03
0
0
0
0
1.217493e-02
1.970337e-03
0
8.634005e-02
0
0
4.968338e-01
4.833684e-01
0
2.249196e-02
2.672962e-01
5.441901e-01
2.153084e-01
3.169924e-01
0
0
0
1.974297e-01
1.277902e-01
1.618429e-01
3.535616e-01
0
1.759421e-01
0
3.405291e-01
2.020207e-01
2.836872e-01
2.928279e-01
0
0
0
2.557423e-01
5.942818e-01
7.029966e-01
4.153189e-01
1.682666e-01
0
0
0
1.568594e-02
0
0
0
9.120950e-02
4.376307e-01
1.523528e-01
1.486871e-01
2.413359e-01
2.648904e-01
0
0
0
1.076803e-01
2.859273e-01
0
0
2.107389e-01
0
0
0
2.090928e-01
0
1.970664e-01
0
2.702143e-01
0
2.265281e-02
0
1.076844e-01
0
0
0
0
6.640848e-02
0
0
2.424645e-01
0
0
0
0
0
1.612581e-01
0
1.302215e-01
0
1.819457e-01
2.246086e-01
3.116676e-01
2.759917e-01
8.289347e-01
5.059237e-01
6.636143e-01
5.382914e-01
1
5.735119e-01
0
0
0
0
0
0
0
0
0
1.174459e-01
0
4.642895e-01
0
0
0
0
0
0
0
0
0
0
2.219200e-01
0
1.921907e-01
1.407011e-01
4.387840e-01
4.819417e-01
0
0
5.140901e-01
6.134085e-01
3.409851e-01
3.033389e-01
1.442472e-01
0
0
1.419009e-01
0
0
3.549480e-02
0
4.112199e-01
0
0
1.547179e-01
3.333817e-01
6.153214e-03
6.107096e-02
5.293923e-01
6.242725e-03
4.074428e-01
4.942316e-01
4.428933e-01
3.543499e-01
7.182817e-02
0
0
0
3.616259e-01
0
0
0
1.639936e-01
5.150780e-01
3.462339e-01
0
0
0
0
0
0
0
1.130064e-01
0
2.378143e-01
0
0
0
0
4.169834e-03
2.362337e-02
5.666757e-03
0
6.083417e-02
0
2.302206e-01
0
1.940049e-01
0
0
4.165970e-02
0
2.739902e-02
0
6.672911e-02
0
0
0
0
0
0
3.669180e-01
1.407132e-01
3.687203e-02
0
4.679153e-01
6.099396e-01
3.483423e-02
1.109398e-01
6.039746e-01
5.201776e-01
4.639075e-01
4.854252e-01
5.735119e-01
1
0
0
0
0
0
0
0
0
0
0
0
2.248301e-01
0
0
3.888985e-02
6.404397e-02
0
4.747633e-02
0
0
0
1.911816e-02
0
1.767311e-02
0
0
3.833151e-01
3.161448e-01
0
2.258224e-01
4.618655e-01
8.113985e-01
3.957369e-01
4.318509e-01
0
0
0
5.839231e-02
0
1.843226e-01
2.192401e-02
7.122379e-02
0
0
2.002695e-01
6.405979e-02
2.806922e-01
0
0
1.532302e-01
0
2.489995e-01
2.030058e-01
4.297049e-01
2.127072e-01
1.156875e-01
0
6.532456e-02
0
1.614136e-01
0
0
0
0
2.856961e-01
3.789798e-01
0
0
7.426638e-02
5.545324e-02
0
0
4.843301e-02
9.391103e-02
0
0
8.980341e-02
0
0
0
3.904401e-02
0
0
0
0
0
0
0
0
0
0
0
0
0
0
0
0
0
0
0
0
0
0
0
0
1.915234e-01
2.021457e-01
1.705929e-01
1.166768e-01
6.734298e-02
0
0
0
0
0
0
1
9.803113e-01
7.728888e-01
8.302549e-01
9.799607e-01
9.593143e-01
9.440083e-01
8.659768e-01
6.539420e-01
3.444711e-01
3.105695e-01
0
7.531705e-01
6.436324e-01
0
0
0
0
0
0
2.021852e-01
0
0
0
3.478992e-01
1.255425e-01
0
0
2.625957e-01
0
0
0
5.980229e-02
3.472442e-02
2.166085e-01
0
0
4.214907e-02
4.936943e-02
0
0
0
0
0
0
0
0
0
0
0
0
0
2.137618e-01
0
3.130482e-01
0
4.553770e-01
2.597801e-01
0
0
0
1.759047e-01
3.366260e-01
3.537189e-01
2.514435e-01
1.385478e-01
3.216985e-01
0
0
1.478317e-01
7.977352e-02
5.831546e-02
3.289097e-01
0
0
0
1.121169e-01
0
0
0
6.290295e-02
0
0
0
0
0
0
0
0
0
0
0
0
0
0
0
0
0
0
0
0
0
0
0
0
2.305882e-01
1.606495e-01
1.428102e-01
5.384597e-02
0
0
0
0
0
0
0
9.803113e-01
1.000000e+00
7.659557e-01
8.363992e-01
9.685247e-01
9.274196e-01
9.332083e-01
8.721326e-01
6.489084e-01
3.487492e-01
3.405880e-01
0
7.717565e-01
6.294342e-01
0
0
0
0
0
0
2.866316e-01
0
0
0
3.718002e-01
1.553795e-01
0
0
2.312713e-01
0
0
0
1.324315e-01
9.102646e-02
2.273196e-01
0
0
4.960826e-02
6.129728e-02
0
0
0
0
0
0
0
0
0
0
0
0
0
2.349806e-01
0
3.285132e-01
0
4.262183e-01
2.093873e-01
0
0
0
1.044653e-01
2.917046e-01
3.924878e-01
2.869539e-01
1.026774e-01
2.871936e-01
2.918997e-02
0
1.137629e-01
1.596477e-02
1.134175e-02
3.189535e-01
0
0
0
1.099950e-01
0
0
0
0
0
0
0
0
0
0
0
0
0
0
0
0
0
0
0
0
1.566577e-01
0
2.442815e-01
0
0
0
0
0
4.014215e-01
3.077107e-01
2.468026e-01
2.595812e-01
3.313646e-01
0
0
0
0
0
0
7.728888e-01
7.659557e-01
1
9.432347e-01
6.876473e-01
7.550310e-01
7.663191e-01
7.667064e-01
4.538548e-01
1.901613e-01
1.862624e-02
0
5.237134e-01
3.526638e-01
0
0
0
0
0
0
1.771115e-01
1.088970e-02
2.735941e-01
0
6.851015e-01
4.425353e-01
0
0
5.793692e-02
0
0
0
0
1.245316e-02
5.041851e-01
1.807612e-01
0
0
0
0
0
1.435557e-03
0
0
0
0
0
0
0
0
6.076329e-02
0
1.367822e-01
0
1.422049e-01
0
3.024733e-01
5.132646e-02
0
0
1.015770e-01
3.128569e-01
4.778019e-01
5.562020e-01
7.575661e-02
2.605018e-01
1.304903e-01
1.986295e-03
0
0
0
7.397091e-02
3.082400e-01
8.993198e-03
0
0
0
0
0
0
0
0
0
0
0
0
0
0
0
0
0
0
0
0
0
0
0
1.585340e-03
0
4.025822e-02
0
0
0
0
0
2.132544e-01
3.400541e-01
3.694414e-01
9.988827e-02
1.920022e-01
1.850493e-02
0
0
0
0
0
8.302549e-01
8.363992e-01
9.432347e-01
1
7.648610e-01
7.839392e-01
7.911395e-01
8.108381e-01
4.084798e-01
1.519269e-01
0
0
5.236783e-01
3.895686e-01
0
0
0
0
0
0
2.706786e-01
7.216119e-02
7.264872e-02
0
6.059853e-01
4.559231e-01
0
0
0
0
0
0
6.099682e-02
1.078663e-01
3.404637e-01
1.454447e-01
0
0
0
0
0
0
0
0
0
0
0
0
0
0
1.143983e-03
0
2.669398e-01
0
2.061556e-01
0
3.125290e-01
7.678131e-02
0
0
0
1.948230e-01
5.322185e-01
4.689657e-01
2.675453e-01
3.652654e-01
2.790110e-01
3.183181e-02
0
0
0
1.290279e-01
4.253785e-01
7.402632e-02
0
0
1.487582e-01
0
0
0
1.057726e-01
0
0
0
0
0
0
0
0
0
0
0
0
0
0
0
0
0
0
0
0
0
0
0
0
1.354980e-01
1.750508e-01
1.176863e-01
1.057425e-01
0
0
0
0
0
0
0
9.799607e-01
9.685247e-01
6.876473e-01
7.648610e-01
1
9.508639e-01
9.425542e-01
8.841807e-01
6.694687e-01
4.095528e-01
3.829238e-01
7.148286e-02
7.757130e-01
6.902986e-01
0
0
0
0
0
0
1.565443e-01
0
0
0
2.688772e-01
2.227327e-02
0
0
3.278692e-01
0
0
0
1.504918e-01
8.696996e-02
1.280296e-01
0
3.947280e-02
1.491980e-01
1.068109e-01
0
0
0
0
0
0
0
0
0
0
0
0
1.970879e-03
3.065559e-01
0
3.587665e-01
0
4.141990e-01
2.833374e-01
0
0
0
1.069535e-01
3.244903e-01
2.707903e-01
3.369573e-01
8.442791e-02
3.714552e-01
0
0
1.867136e-01
1.647802e-01
1.065631e-01
3.359489e-01
0
0
0
1.502820e-01
0
0
0
1.099351e-01
0
0
0
0
0
0
0
0
0
0
0
0
0
0
0
0
0
0
0
0
0
0
0
0
1.294818e-01
1.352335e-01
4.909270e-02
3.190342e-01
2.501155e-01
0
0
0
0
0
0
9.593143e-01
9.274196e-01
7.550310e-01
7.839392e-01
9.508639e-01
1
9.393977e-01
8.964745e-01
7.453651e-01
5.470686e-01
4.231934e-01
1.600981e-01
7.867980e-01
7.787480e-01
0
0
0
0
0
0
6.785661e-02
0
7.507923e-02
0
4.473357e-01
1.859532e-01
0
0
3.198852e-01
0
0
0
6.148384e-02
5.262346e-02
2.798905e-01
0
0
1.424523e-02
0
0
0
0
0
0
0
0
0
0
0
8.381194e-02
0
1.474822e-01
2.393556e-01
0
3.574357e-01
0
4.414248e-01
3.606700e-01
0
1.788505e-01
0
3.302555e-01
3.940252e-01
3.464088e-01
3.034302e-01
1.834890e-01
3.172992e-01
0
0
8.405786e-02
1.677431e-01
1.715459e-01
2.314809e-01
0
0
0
1.565152e-01
0
0
0
9.559151e-02
0
0
0
0
0
0
0
0
0
0
0
0
0
0
0
0
0
0
0
0
0
0
0
0
2.235611e-01
2.435009e-01
9.044960e-02
1.383893e-01
4.300805e-02
0
0
0
0
0
0
9.440083e-01
9.332083e-01
7.663191e-01
7.911395e-01
9.425542e-01
9.393977e-01
1
9.155598e-01
7.575930e-01
4.966193e-01
4.393950e-01
3.601023e-02
8.311247e-01
7.088465e-01
0
0
0
0
0
0
1.775802e-01
0
8.641837e-03
0
3.740017e-01
9.749873e-02
0
0
2.800035e-01
0
0
0
7.523651e-02
2.530046e-02
2.212447e-01
0
4.725107e-02
1.397918e-01
7.309710e-02
0
0
0
0
0
0
0
0
0
0
0
0
0
1.313314e-01
0
2.650878e-01
0
4.424660e-01
3.756012e-01
0
0
0
2.461072e-01
3.174225e-01
2.617510e-01
1.694344e-01
4.132088e-02
3.962328e-01
8.852638e-02
0
1.597660e-01
1.542434e-01
1.341480e-01
2.528893e-01
0
0
0
2.937670e-01
0
0
0
2.126617e-01
0
0
0
0
0
0
0
0
0
0
0
0
0
0
0
0
0
0
0
0
0
0
0
0
1.127094e-01
1.935848e-01
1.427440e-01
2.630706e-01
1.697393e-01
2.260075e-02
0
0
0
0
0
8.659768e-01
8.721326e-01
7.667064e-01
8.108381e-01
8.841807e-01
8.964745e-01
9.155598e-01
1
6.539525e-01
5.739637e-01
3.209128e-01
8.665776e-02
7.364572e-01
7.123908e-01
0
0
0
0
0
0
0
0
1.939674e-01
0
4.706560e-01
1.522382e-01
0
0
2.833321e-01
0
4.311264e-03
0
2.362609e-01
1.758949e-01
2.920438e-01
0
2.942444e-02
1.851605e-01
0
0
0
0
0
0
0
0
0
0
0
6.015039e-02
0
5.263336e-02
2.903630e-01
0
2.687916e-01
0
2.528934e-01
2.943174e-01
0
1.519209e-01
0
1.948341e-01
3.873935e-01
2.440135e-01
3.806941e-01
1.434118e-01
4.243149e-01
0
0
0
0
2.310829e-01
3.335598e-01
0
0
0
1.150208e-01
0
4.293561e-02
0
2.498916e-01
0
3.331460e-03
0
0
0
4.006204e-02
0
0
0
0
0
0
0
0
0
0
0
0
0
0
0
0
0
0
8.426223e-02
0
0
4.652719e-01
2.785257e-01
0
0
0
0
0
0
6.539420e-01
6.489084e-01
4.538548e-01
4.084798e-01
6.694687e-01
7.453651e-01
7.575930e-01
6.539525e-01
1
7.775883e-01
8.205660e-01
4.393450e-01
9.404011e-01
8.095735e-01
0
0
3.491375e-02
0
0
0
0
0
1.982832e-01
0
3.400074e-01
9.864140e-02
0
0
3.841700e-01
0
0
0
1.839876e-02
9.355225e-02
3.508666e-01
0
0
0
0
0
0
0
0
0
0
0
1.501490e-01
0
0
1.289148e-01
0
1.785198e-01
0
0
3.941576e-01
0
3.579251e-01
4.688256e-01
0
2.327820e-01
0
3.710024e-01
6.789547e-02
4.081991e-02
0
0
2.592363e-01
1.537271e-01
0
2.543652e-02
3.735349e-01
1.766228e-01
0
0
0
0
3.723836e-01
0
6.944217e-03
0
4.631766e-01
0
2.111733e-01
0
2.384546e-01
0
1.520286e-01
0
0
0
0
0
0
0
0
0
5.804809e-02
0
0
0
0
0
0
0
0
0
0
0
5.919125e-01
3.978244e-01
0
0
0
8.754126e-03
1.174459e-01
0
3.444711e-01
3.487492e-01
1.901613e-01
1.519269e-01
4.095528e-01
5.470686e-01
4.966193e-01
5.739637e-01
7.775883e-01
1
7.645617e-01
7.297752e-01
6.899889e-01
8.633484e-01
0
0
8.499955e-02
0
0
0
0
0
3.598553e-01
0
2.932494e-01
3.201380e-02
0
0
4.011918e-01
0
2.816512e-01
0
2.386313e-01
2.558356e-01
2.497876e-01
0
0
1.172384e-01
0
0
0
0
2.150296e-01
0
0
0
2.910073e-01
9.447069e-02
0
3.884900e-01
0
4.693676e-01
1.340489e-01
0
3.646311e-01
0
5.532233e-02
4.048515e-01
0
5.455043e-01
0
3.162237e-01
0
1.348948e-03
2.159735e-01
0
2.276850e-01
1.185563e-01
0
0
3.619732e-01
2.083997e-01
0
0
2.150337e-01
5.712657e-02
1.835070e-01
0
0
0
2.852855e-01
0
1.148223e-01
0
3.375178e-01
0
1.343881e-01
0
0
0
0
0
0
0
0
0
0
0
0
0
0
0
0
0
8.152214e-03
1.064402e-01
0
0
2.982471e-01
5.197853e-02
0
0
0
0
0
0
3.105695e-01
3.405880e-01
1.862624e-02
0
3.829238e-01
4.231934e-01
4.393950e-01
3.209128e-01
8.205660e-01
7.645617e-01
1
6.595188e-01
7.690328e-01
7.225681e-01
1.730205e-02
0
2.964502e-01
1.478456e-02
6.022509e-02
0
1.076239e-02
0
2.021701e-02
0
0
0
0
0
3.375433e-01
0
1.326271e-02
0
9.935082e-02
1.411209e-01
1.458575e-01
0
0
8.009051e-02
0
0
0
0
0
0
0
0
3.727655e-01
2.618662e-01
0
9.679097e-02
0
1.495324e-01
5.499242e-03
0
4.218583e-01
0
2.442127e-01
4.013953e-01
0
1.163842e-01
0
1.646629e-01
0
0
0
0
1.722413e-01
2.287350e-01
0
1.606311e-01
4.891679e-01
3.237957e-02
0
0
0
0
3.583065e-01
0
1.917363e-01
0
3.935503e-01
0
4.402853e-01
0
4.938999e-01
0
2.713922e-01
0
2.077450e-01
0
0
0
0
0
0
0
2.916761e-01
0
2.545798e-01
0
0
0
0
0
1.410149e-01
0
0
0
5.798409e-01
3.677753e-01
3.093199e-01
8.185456e-02
2.586829e-01
3.840105e-01
4.642895e-01
2.248301e-01
0
0
0
0
7.148286e-02
1.600981e-01
3.601023e-02
8.665776e-02
4.393450e-01
7.297752e-01
6.595188e-01
1.000000e+00
3.816700e-01
6.034564e-01
0
0
5.057092e-02
0
0
0
0
0
3.271873e-01
7.755066e-02
0
0
0
0
2.643572e-01
0
2.695038e-01
1.616066e-01
1.685513e-01
1.944032e-01
1.876161e-03
0
0
1.804523e-01
0
0
0
0
3.294651e-01
0
0
0
4.937101e-01
3.796657e-01
0
5.101640e-01
0
6.864608e-01
3.832849e-01
7.609559e-02
5.491014e-01
0
0
1.672671e-01
0
5.290050e-01
0
2.666924e-02
0
3.476865e-02
2.193494e-01
0
7.071742e-03
1.242309e-01
1.098946e-03
0
4.181319e-01
0
0
0
0
0
1.499615e-01
0
0
0
2.495320e-01
0
7.067772e-02
0
7.817645e-03
0
0
0
0
0
0
0
0
0
0
0
0
0
0
0
0
0
0
0
0
1.429456e-01
0
0
3.304378e-01
1.246779e-01
0
0
0
0
0
0
7.531705e-01
7.717565e-01
5.237134e-01
5.236783e-01
7.757130e-01
7.867980e-01
8.311247e-01
7.364572e-01
9.404011e-01
6.899889e-01
7.690328e-01
3.816700e-01
1
8.041645e-01
0
0
0
0
0
0
4.125336e-02
0
1.087511e-01
0
3.110378e-01
3.083695e-02
0
0
3.599089e-01
0
0
0
1.200960e-01
1.488557e-01
3.055167e-01
0
0
1.594495e-02
0
0
0
0
0
0
0
0
5.047332e-02
0
0
1.192392e-02
0
5.366536e-02
6.339643e-02
0
4.012118e-01
0
3.668258e-01
3.309806e-01
0
6.081460e-02
0
1.835582e-01
5.869990e-03
1.222299e-01
6.840444e-02
0
2.874983e-01
2.395366e-01
0
1.663024e-01
3.519371e-01
2.687768e-02
0
0
0
0
2.620014e-01
0
0
0
2.506896e-01
0
1.827444e-01
0
2.327622e-02
0
9.984662e-03
0
0
0
0
0
0
0
0
0
0
0
0
0
0
0
0
0
0
0
0
0
4.294332e-01
2.755741e-01
0
0
0
1.573893e-02
0
0
6.436324e-01
6.294342e-01
3.526638e-01
3.895686e-01
6.902986e-01
7.787480e-01
7.088465e-01
7.123908e-01
8.095735e-01
8.633484e-01
7.225681e-01
6.034564e-01
8.041645e-01
1
0
0
2.088487e-02
0
0
0
0
0
1.655543e-01
0
2.013683e-01
0
0
0
3.472616e-01
0
0
0
6.100337e-02
7.757234e-02
8.605061e-02
0
0
1.785096e-01
0
0
0
0
0
0
0
0
1.848553e-02
0
0
2.397480e-01
0
4.359562e-01
2.725678e-01
0
4.367477e-01
0
1.197312e-01
3.930667e-01
0
4.016431e-01
0
1.768255e-01
9.444930e-02
1.351268e-01
3.059244e-01
1.737202e-02
4.497526e-01
2.014864e-01
0
5.896105e-02
4.177872e-01
2.036609e-01
1.230160e-02
0
7.283270e-01
5.940167e-01
0
4.606781e-01
0
1.275894e-01
0
4.375944e-01
0
2.246643e-01
9.696291e-02
5.769849e-01
1.036807e-01
2.838731e-01
0
1.570253e-01
5.966956e-01
5.009563e-01
4.207737e-01
1.967652e-01
9.666399e-02
2.938505e-01
0
0
0
0
6.170786e-04
1.203786e-01
4.210016e-01
3.756481e-01
0
0
1.094282e-01
0
0
0
0
2.412640e-02
0
0
0
3.888985e-02
0
0
0
0
0
0
0
0
0
0
1.730205e-02
0
0
0
1
7.561131e-01
5.295394e-01
5.699977e-01
6.019280e-01
1.531743e-01
3.558437e-01
4.024992e-01
0
0
0
0
1.216824e-01
1.622048e-01
0
1.079417e-01
0
2.004902e-02
7.203906e-02
0
0
2.362300e-01
3.791883e-01
1.115384e-01
4.283263e-01
4.178906e-01
1.289178e-01
1.573285e-01
0
0
2.867906e-01
9.579606e-03
1.718039e-01
2.520100e-01
2.673215e-02
0
0
0
0
1.014614e-01
0
0
3.059206e-01
1.119821e-01
3.984079e-01
0
1.957429e-01
0
0
0
0
0
0
0
3.531435e-01
6.033007e-01
4.427645e-01
0
0
1.661635e-01
7.497010e-01
7.958415e-01
0
4.952614e-01
0
1.391352e-01
0
5.994878e-01
0
1.673871e-01
0
7.258360e-01
1.269583e-02
3.366223e-01
0
2.811014e-01
7.375161e-01
6.655308e-01
6.025426e-01
5.213798e-01
3.352540e-01
5.295728e-01
0
0
0
0
7.436797e-02
3.713458e-01
6.045903e-01
7.466472e-01
0
0
1.564950e-01
2.065022e-01
0
0
0
2.171436e-01
3.342797e-02
8.913040e-03
0
6.404397e-02
0
0
0
0
0
0
0
0
0
0
0
0
0
0
7.561131e-01
1.000000e+00
4.223160e-01
6.606182e-01
5.578302e-01
3.916884e-01
5.223398e-01
6.404901e-01
0
0
0
0
3.103143e-01
1.686361e-01
0
2.262511e-01
0
7.331521e-02
0
0
0
3.573776e-01
3.683303e-01
1.291192e-02
4.931339e-01
3.552181e-01
3.642925e-01
3.108727e-01
0
0
4.210486e-01
6.895151e-02
0
3.075239e-01
5.363885e-02
0
0
0
0
2.274581e-01
0
0
2.628800e-01
8.650877e-02
3.601534e-01
0
2.601441e-01
0
0
0
0
0
0
9.160975e-02
5.599121e-01
5.097837e-01
8.200872e-02
0
0
3.719112e-01
5.439634e-01
1.330763e-01
0
4.008967e-01
0
0
0
3.364917e-01
0
0
2.015065e-02
4.317939e-01
0
3.938084e-02
0
0
2.199898e-01
0
7.622654e-02
0
0
1.467301e-01
0
0
0
0
0
0
1.230230e-01
8.220181e-02
0
0
2.087530e-02
0
0
0
0
0
3.721077e-02
0
0
0
0
0
0
0
0
0
0
0
3.491375e-02
8.499955e-02
2.964502e-01
5.057092e-02
0
2.088487e-02
5.295394e-01
4.223160e-01
1.000000e+00
8.379938e-01
7.222803e-01
2.207856e-01
4.910250e-01
2.458751e-01
0
0
2.309350e-02
2.788858e-01
2.900537e-01
9.094811e-02
0
0
1.133270e-01
9.162994e-02
0
0
0
2.856418e-01
1.041368e-01
0
2.245444e-01
0
0
0
0
0
0
0
1.806440e-01
3.026771e-01
3.611494e-01
0
0
0
0
1.866949e-02
0
1.096228e-01
5.519248e-01
3.633134e-01
4.637423e-01
0
3.309811e-01
3.879476e-01
0
0
7.844896e-02
9.370848e-02
0
0
3.305674e-01
3.962469e-01
3.564459e-01
0
0
6.114901e-02
5.473072e-01
3.999468e-01
0
5.006057e-01
0
0
0
6.097208e-01
0
0
0
6.417434e-01
0
2.225003e-01
0
0
3.035762e-01
1.408330e-01
1.423400e-01
6.788265e-02
1.487789e-01
2.959770e-01
0
0
0
0
0
4.526905e-04
2.481460e-01
2.592508e-01
0
0
2.780541e-01
1.659342e-01
0
0
0
0
8.290334e-02
0
0
4.747633e-02
0
0
0
0
0
0
0
0
0
0
1.478456e-02
0
0
0
5.699977e-01
6.606182e-01
8.379938e-01
1
7.281639e-01
4.224984e-01
5.556481e-01
5.522930e-01
0
0
0
3.078682e-01
4.392731e-01
1.100153e-01
0
1.125502e-01
5.730984e-02
1.635465e-01
0
0
0
5.582183e-01
0
0
2.145993e-01
9.672262e-03
0
8.131747e-02
0
0
0
7.895230e-03
1.325643e-01
1.825879e-01
3.633401e-01
0
0
0
0
1.114598e-02
0
1.162391e-01
5.640584e-01
4.263540e-01
5.584270e-01
0
5.716650e-01
3.001666e-01
0
0
0
2.185987e-01
0
0
4.757752e-01
4.030505e-01
2.325837e-01
0
0
2.011096e-01
7.040027e-01
4.024030e-01
0
4.551739e-01
0
0
0
4.798063e-01
0
1.126634e-01
1.970273e-01
6.179462e-01
1.415159e-01
2.348646e-01
0
1.622442e-01
4.207259e-01
2.288143e-01
3.864903e-01
9.464953e-02
0
3.575313e-02
0
0
0
0
0
0
4.361193e-01
3.266660e-01
0
0
1.341663e-01
0
0
0
0
0
0
0
0
0
0
0
0
0
0
0
0
0
0
0
6.022509e-02
0
0
0
6.019280e-01
5.578302e-01
7.222803e-01
7.281639e-01
1.000000e+00
1.603702e-01
6.165725e-01
5.131353e-01
0
0
0
8.129337e-02
1.612567e-01
3.458911e-02
0
1.080723e-01
0
2.229407e-02
2.858780e-03
0
0
3.401873e-01
1.614762e-01
0
4.015314e-01
1.270257e-01
1.324919e-01
2.653373e-01
0
0
3.971566e-02
2.538993e-01
7.475720e-02
7.892464e-02
7.823135e-02
0
0
0
0
0
0
0
4.645570e-01
2.072927e-01
2.306624e-01
0
1.756655e-01
0
0
0
0
0
0
4.059283e-02
2.479171e-01
4.388555e-01
2.299880e-01
0
0
4.167943e-01
2.288694e-01
2.285149e-01
0
4.786215e-01
9.259853e-02
4.653233e-01
0
6.794002e-01
0
5.862322e-01
1.271167e-01
5.568798e-01
2.638258e-01
5.971599e-01
1.957476e-01
5.783503e-01
1.987576e-01
1.507314e-01
1.710509e-01
4.289789e-01
2.883173e-01
4.782728e-01
0
6.649358e-02
2.430868e-01
2.094133e-01
4.378170e-01
5.752717e-01
2.977636e-02
2.499858e-01
2.203779e-03
0
0
0
0
4.902331e-02
0
1.167695e-01
2.853032e-01
0
0
0
0
0
0
0
0
0
0
0
0
0
0
0
0
0
1.531743e-01
3.916884e-01
2.207856e-01
4.224984e-01
1.603702e-01
1
0
3.111769e-01
0
7.109377e-01
0
0
4.068657e-01
3.517079e-01
0
2.183369e-01
0
0
0
0
0
2.225772e-01
0
0
5.350144e-02
3.965812e-01
1.451645e-01
3.325052e-01
2.001444e-02
7.212803e-01
4.303305e-02
3.425210e-01
2.261475e-01
4.675341e-01
6.445909e-01
0
1.922643e-01
0
0
2.080013e-01
0
5.315030e-01
0
0
4.527772e-01
0
3.649270e-01
4.504073e-02
0
0
0
1.786059e-02
0
1.800527e-01
7.332918e-01
7.341900e-02
9.166202e-02
1.895261e-01
0
0
4.540018e-01
2.885279e-01
0
3.397718e-01
0
0
0
1.934772e-01
0
0
0
3.375727e-01
0
6.532206e-02
0
5.599093e-02
4.238962e-01
1.772239e-01
3.088681e-01
2.850364e-01
4.017181e-02
9.376603e-03
0
0
0
0
0
0
4.778746e-01
5.085588e-01
0
3.352466e-01
2.938972e-01
2.037344e-01
0
0
0
6.290797e-02
0
1.217493e-02
0
0
2.021852e-01
2.866316e-01
1.771115e-01
2.706786e-01
1.565443e-01
6.785661e-02
1.775802e-01
0
0
0
1.076239e-02
0
4.125336e-02
0
3.558437e-01
5.223398e-01
4.910250e-01
5.556481e-01
6.165725e-01
0
1
7.605303e-01
0
0
1.441549e-02
2.673174e-01
2.386246e-01
0
0
0
0
0
1.944437e-02
1.554660e-02
0
4.574607e-01
8.249290e-02
0
4.616936e-01
0
4.212561e-01
2.829484e-01
0
0
1.618418e-01
9.955823e-02
0
0
0
0
0
0
0
3.452646e-02
0
0
4.623354e-01
0
1.351590e-01
0
1.587230e-01
0
9.537865e-02
2.677749e-01
3.490697e-02
2.571327e-03
0
1.437106e-01
1.588449e-01
4.122161e-01
0
0
1.235511e-01
6.166197e-01
4.235749e-01
5.391979e-01
0
5.825718e-01
0
0
0
4.867110e-01
0
0
0
4.636334e-01
0
3.018100e-01
0
3.759462e-01
4.247755e-01
2.972356e-01
3.536580e-01
4.927436e-01
1.564740e-01
1.605040e-01
0
0
0
0
0
1.565750e-01
5.758142e-01
5.853344e-01
1.932946e-02
2.313997e-01
5.016102e-01
4.526988e-01
0
0
0
2.246513e-01
1.470246e-01
1.970337e-03
0
1.911816e-02
0
0
1.088970e-02
7.216119e-02
0
0
0
0
0
0
0
0
0
0
4.024992e-01
6.404901e-01
2.458751e-01
5.522930e-01
5.131353e-01
3.111769e-01
7.605303e-01
1
0
0
0
1.825354e-01
3.303225e-01
2.351685e-02
0
5.307355e-02
0
1.589134e-01
0
0
0
6.002592e-01
1.942875e-02
0
2.975086e-01
4.276556e-01
5.457559e-01
6.586138e-01
0
0
4.165213e-01
2.943809e-01
0
0
0
0
0
0
0
8.480726e-02
0
3.455760e-03
2.550616e-01
0
1.510781e-01
0
2.677173e-01
0
0
2.136283e-02
0
2.368656e-02
0
3.249441e-01
3.574217e-01
3.827028e-01
0
0
7.664617e-02
5.863767e-01
0
0
5.975413e-01
0
6.256538e-01
1.885909e-01
4.875435e-01
0
4.919461e-01
1.153051e-01
2.772971e-01
0
1.958253e-01
0
3.496704e-01
0
0
0
0
0
0
0
7.041216e-01
6.397640e-01
6.666392e-01
5.322518e-01
3.313065e-01
0
0
0
2.348281e-01
9.812977e-02
0
0
7.638649e-01
6.370843e-01
7.330158e-02
0
1.687266e-01
0
2.219200e-01
0
0
0
2.735941e-01
7.264872e-02
0
7.507923e-02
8.641837e-03
1.939674e-01
1.982832e-01
3.598553e-01
2.021701e-02
3.271873e-01
1.087511e-01
1.655543e-01
0
0
0
0
0
0
0
0
1
4.455481e-01
4.514677e-01
5.967521e-02
0
0
3.998718e-01
0
2.071184e-01
0
0
0
3.783246e-01
0
0
0
0
0
0
0
8.428696e-01
4.204600e-01
0
0
2.041325e-01
0
1.140082e-01
4.989583e-01
5.525446e-01
5.107744e-01
2.374551e-02
0
0
0
0
0
0
5.525691e-01
0
1.583138e-01
2.755231e-02
2.026730e-01
0
0
0
0
0
0
0
8.637453e-02
0
0
0
0
0
3.135606e-02
4.279345e-01
4.670178e-01
0
3.225719e-01
2.559466e-01
5.585308e-01
1.923441e-01
2.317292e-01
5.066661e-01
4.639010e-01
3.249565e-01
3.933572e-01
0
0
0
7.818599e-02
8.781545e-02
2.923667e-01
2.329114e-01
2.861740e-01
5.707262e-01
3.597336e-01
5.472698e-01
3.999933e-01
0
0
0
0
0
0
3.050110e-01
3.760838e-01
0
3.048381e-02
2.316417e-01
8.634005e-02
0
1.767311e-02
0
0
0
0
0
0
0
0
0
0
0
7.755066e-02
0
0
0
0
0
0
0
7.109377e-01
0
0
4.455481e-01
1.000000e+00
0
0
1.160213e-01
2.991241e-01
0
2.843155e-01
0
0
0
0
0
0
0
0
0
2.497734e-01
0
0
4.230811e-01
8.540589e-01
0
2.147015e-01
3.366599e-01
5.395781e-01
4.804770e-01
2.904248e-01
4.607002e-01
3.861491e-01
0
4.295724e-02
0
4.823027e-01
0
0
2.012083e-01
4.027553e-01
8.052296e-02
5.217972e-03
0
0
0
0
3.474710e-02
1.465889e-02
3.439309e-01
0
0
3.778072e-01
0
0
0
0
9.015587e-03
0
0
0
8.647267e-02
0
0
0
0
0
0
0
0
0
0
0
0
0
0
0
0
7.409006e-02
0
1.286385e-02
0
0
0
0
0
1.280881e-01
6.468811e-02
3.924969e-02
5.517699e-01
6.191516e-01
0
0
0
0
1.921907e-01
0
3.478992e-01
3.718002e-01
6.851015e-01
6.059853e-01
2.688772e-01
4.473357e-01
3.740017e-01
4.706560e-01
3.400074e-01
2.932494e-01
0
0
3.110378e-01
2.013683e-01
0
0
2.309350e-02
0
0
0
1.441549e-02
0
4.514677e-01
0
1.000000e+00
8.221736e-01
0
0
0
0
1.515218e-01
0
9.537284e-03
6.553532e-02
7.111385e-01
3.547016e-01
0
0
0
0
0
0
2.346378e-01
0
0
6.986828e-02
0
0
2.634681e-01
3.129439e-01
3.427766e-01
9.492586e-02
0
0
6.552511e-02
1.505679e-01
3.314583e-01
1.259482e-01
1.755386e-01
3.718410e-01
3.079379e-01
6.449879e-01
4.555936e-01
4.478130e-01
1.605336e-01
4.890124e-01
0
0
0
0
0
1.544406e-01
0
0
0
0
0
8.138739e-02
0
0
0
3.321006e-02
0
0
0
0
0
0
0
0
0
0
0
0
0
0
0
0
0
0
0
0
0
0
0
0
1.930414e-01
2.882137e-01
2.652399e-01
4.887460e-01
0
0
2.525617e-02
0
1.407011e-01
0
1.255425e-01
1.553795e-01
4.425353e-01
4.559231e-01
2.227327e-02
1.859532e-01
9.749873e-02
1.522382e-01
9.864140e-02
3.201380e-02
0
0
3.083695e-02
0
0
0
2.788858e-01
3.078682e-01
8.129337e-02
0
2.673174e-01
1.825354e-01
5.967521e-02
0
8.221736e-01
1
3.168118e-01
1.442749e-01
0
0
2.049674e-01
2.466362e-01
9.590039e-03
1.720525e-01
5.920871e-01
6.327441e-01
0
0
0
0
0
0
0
7.771825e-02
0
2.543704e-01
0
0
3.997116e-01
9.528983e-02
2.079006e-01
0
0
0
8.072011e-02
2.967430e-01
4.264122e-01
1.875037e-01
3.247082e-01
1.852915e-01
4.737863e-01
5.938322e-01
4.476701e-01
2.850644e-01
1.608795e-01
6.902011e-01
0
0
0
0
0
1.513120e-01
0
6.129730e-02
0
4.380591e-02
0
0
0
0
0
1.685357e-01
0
0
0
2.472352e-01
0
2.153890e-01
0
6.305587e-02
2.669075e-01
1.913190e-01
1.983173e-01
5.096699e-01
0
4.751457e-02
0
0
0
0
0
0
4.589704e-01
3.824035e-01
0
0
4.145687e-01
4.547273e-01
0
2.982730e-02
4.533940e-01
4.873784e-01
5.045772e-01
4.968338e-01
4.387840e-01
3.833151e-01
0
0
0
0
0
0
0
0
0
0
0
0
0
0
1.216824e-01
3.103143e-01
2.900537e-01
4.392731e-01
1.612567e-01
4.068657e-01
2.386246e-01
3.303225e-01
0
1.160213e-01
0
3.168118e-01
1
7.850704e-01
0
0
2.037935e-01
5.074991e-01
0
6.690394e-02
0
1.484901e-01
1.357248e-01
0
3.266618e-01
2.702684e-01
1.820410e-01
6.389067e-02
0
1.109462e-01
0
2.956770e-01
4.221179e-02
6.410290e-02
4.360836e-01
0
0
0
2.479993e-01
6.688351e-01
1.133981e-01
5.668566e-01
6.029590e-02
1.359665e-01
9.090719e-02
0
2.470370e-01
0
2.550403e-01
0
4.272233e-01
5.585781e-01
0
0
4.249138e-01
2.576027e-01
0
8.563167e-02
0
2.972937e-01
0
0
0
0
0
2.405893e-02
0
1.030253e-01
5.050740e-02
1.872294e-01
2.734228e-02
2.242746e-01
3.583351e-02
3.272397e-01
0
2.237647e-01
1.132066e-01
1.838261e-01
3.473417e-01
5.443756e-01
0
0
0
2.091870e-02
0
0
0
0
2.929165e-01
2.256499e-01
0
0
3.752109e-02
1.894837e-01
0
0
3.491022e-01
5.283032e-01
3.860996e-01
4.833684e-01
4.819417e-01
3.161448e-01
0
0
0
0
0
0
0
0
0
0
0
0
0
0
1.622048e-01
1.686361e-01
9.094811e-02
1.100153e-01
3.458911e-02
3.517079e-01
0
2.351685e-02
0
2.991241e-01
0
1.442749e-01
7.850704e-01
1
0
0
2.430619e-01
4.188571e-01
6.371414e-02
2.844489e-02
0
0
2.611153e-01
9.318116e-02
2.033849e-01
3.897013e-01
8.173198e-02
0
1.339548e-01
2.924684e-01
6.750909e-02
3.770751e-01
5.726243e-02
2.654627e-01
4.224837e-01
1.510982e-01
1.810692e-01
7.453520e-02
2.923294e-01
6.567976e-01
0
6.055295e-01
0
0
2.709908e-02
1.344614e-01
0
0
2.357444e-01
0
4.497060e-01
3.411617e-01
2.106041e-02
0
2.947507e-01
3.654534e-02
0
2.702201e-01
9.412905e-02
2.244266e-01
4.804103e-02
0
5.799145e-01
0
5.234759e-01
2.392085e-01
7.552251e-01
0
4.866877e-01
1.404429e-01
4.359687e-01
0
2.279497e-01
0
1.681019e-01
0
0
0
1.378531e-02
0
2.407437e-01
1.107959e-01
5.059777e-01
3.335128e-01
4.006459e-01
1.779729e-01
3.220315e-01
0
0
0
1.567556e-01
2.635120e-01
0
0
3.176978e-01
6.680506e-03
0
0
0
0
0
0
2.625957e-01
2.312713e-01
5.793692e-02
0
3.278692e-01
3.198852e-01
2.800035e-01
2.833321e-01
3.841700e-01
4.011918e-01
3.375433e-01
2.643572e-01
3.599089e-01
3.472616e-01
0
0
0
0
0
0
0
0
3.998718e-01
0
0
0
0
0
1
2.927400e-01
2.152868e-01
0
3.474516e-01
1.904514e-01
0
0
0
1.704384e-01
0
0
0
0
1.914282e-01
0
1.447537e-02
0
0
4.724696e-02
0
1.052747e-01
1.097127e-01
1.722123e-01
0
0
0
0
0
0
0
1.522618e-01
0
0
0
0
0
0
0
0
0
0
4.201619e-01
5.609257e-02
2.974829e-02
0
4.020358e-01
3.760672e-01
0
3.212181e-01
1.392848e-01
3.552712e-01
1.271668e-01
5.683894e-01
1.068707e-01
1.845340e-01
6.473379e-02
5.683775e-01
3.654951e-01
5.966820e-01
1.569082e-01
4.695025e-01
0
9.060185e-03
3.964310e-01
1.262098e-01
4.882949e-01
7.471028e-01
6.532029e-02
4.947009e-02
3.339703e-02
0
3.195952e-01
2.328050e-01
0
1.610434e-01
0
0
0
0
0
0
0
4.393921e-02
0
2.249196e-02
0
2.258224e-01
0
0
0
0
0
0
0
0
0
0
0
0
0
0
1.079417e-01
2.262511e-01
0
1.125502e-01
1.080723e-01
2.183369e-01
0
5.307355e-02
0
2.843155e-01
0
0
0
0
2.927400e-01
1
1.659094e-01
2.879807e-01
2.613145e-01
3.559693e-01
0
0
0
0
0
2.050155e-01
0
1.003445e-01
0
2.903922e-01
3.933204e-01
2.111708e-01
0
2.770195e-01
8.653103e-02
0
1.208776e-01
0
0
2.885925e-02
0
0
0
0
0
0
0
0
0
0
0
0
0
0
0
0
4.060610e-02
0
8.809711e-02
5.810756e-02
0
0
3.161091e-01
0
0
0
3.883154e-01
0
0
0
3.189852e-01
0
0
0
0
0
0
0
1.009292e-01
4.447247e-02
0
0
3.425505e-01
1.324562e-01
5.324335e-02
0
0
0
0
0
3.506498e-01
7.221185e-03
2.528125e-01
1.376288e-01
1.620122e-01
8.789007e-02
3.913047e-01
8.501146e-02
3.820116e-01
2.672962e-01
5.140901e-01
4.618655e-01
0
0
0
0
0
0
0
4.311264e-03
0
2.816512e-01
1.326271e-02
2.695038e-01
0
0
0
0
1.133270e-01
5.730984e-02
0
0
0
0
2.071184e-01
0
1.515218e-01
2.049674e-01
2.037935e-01
2.430619e-01
2.152868e-01
1.659094e-01
1
7.024338e-01
7.781917e-01
7.546017e-01
9.094949e-02
0
0
1.354684e-05
0
0
0
0
3.074938e-01
1.223148e-01
1.050038e-01
0
2.110021e-01
7.304791e-02
2.196299e-02
7.363019e-02
0
8.712460e-02
1.831315e-01
0
0
0
0
0
0
1.447713e-01
4.551916e-02
3.550998e-02
0
0
3.051809e-01
6.034794e-02
0
0
0
0
0
0
1.103907e-02
1.885861e-01
6.672854e-02
2.152278e-01
0
0
0
0
0
0
0
0
8.859563e-02
1.416591e-02
9.206888e-02
3.770938e-02
2.047757e-02
0
0
0
9.758764e-02
1.854267e-01
0
1.646844e-01
0
0
0
0
0
0
3.229661e-01
1.272941e-01
5.240944e-02
0
3.578095e-01
4.833603e-01
0
2.342764e-02
5.408808e-01
5.578536e-01
5.147601e-01
5.441901e-01
6.134085e-01
8.113985e-01
0
0
0
0
0
0
0
0
0
0
0
1.616066e-01
0
0
2.004902e-02
7.331521e-02
9.162994e-02
1.635465e-01
2.229407e-02
0
0
1.589134e-01
0
0
0
2.466362e-01
5.074991e-01
4.188571e-01
0
2.879807e-01
7.024338e-01
1
6.157876e-01
7.127022e-01
3.248665e-02
5.479316e-02
0
0
0
1.970649e-01
3.772924e-02
5.728806e-02
0
1.107053e-01
2.740936e-01
2.356181e-01
2.901967e-01
4.392767e-02
5.030867e-02
0
0
0
2.124580e-01
3.704055e-01
1.366746e-01
9.084290e-02
0
0
0
0
0
0
0
0
3.118335e-01
3.409683e-01
0
0
0
0
0
0
0
1.981267e-01
1.770516e-01
1.988303e-01
3.125094e-01
0
0
0
4.683199e-01
0
1.037250e-01
0
2.621688e-01
0
1.276830e-02
0
1.033894e-02
0
0
0
2.564275e-01
7.613826e-02
3.115924e-02
5.273875e-03
2.608779e-01
9.842886e-02
0
0
0
0
1.923799e-01
0
1.854916e-01
1.322790e-01
2.019723e-01
1.515850e-01
0
0
2.663831e-01
1.118556e-01
2.016232e-02
2.153084e-01
3.409851e-01
3.957369e-01
5.980229e-02
1.324315e-01
0
6.099682e-02
1.504918e-01
6.148384e-02
7.523651e-02
2.362609e-01
1.839876e-02
2.386313e-01
9.935082e-02
1.685513e-01
1.200960e-01
6.100337e-02
7.203906e-02
0
0
0
2.858780e-03
0
1.944437e-02
0
0
0
9.537284e-03
9.590039e-03
0
6.371414e-02
3.474516e-01
2.613145e-01
7.781917e-01
6.157876e-01
1
8.557245e-01
0
0
0
1.269248e-01
0
5.058210e-02
0
0
6.728237e-02
0
4.251430e-01
0
0
0
0
0
0
0
3.238667e-01
0
0
0
0
0
0
0
0
0
0
0
3.701138e-01
0
0
0
0
0
0
0
2.806160e-01
2.469565e-01
3.275006e-02
9.164931e-02
1.087174e-01
0
0
0
2.513821e-01
0
1.914926e-02
0
8.815323e-02
0
0
0
0
0
0
0
7.631359e-02
0
9.520608e-02
1.047074e-01
1.556765e-01
5.574689e-02
0
0
0
0
5.276541e-02
0
1.071820e-01
7.346488e-03
2.506055e-01
2.371978e-01
0
0
2.853515e-01
1.092717e-01
5.450410e-02
3.169924e-01
3.033389e-01
4.318509e-01
3.472442e-02
9.102646e-02
1.245316e-02
1.078663e-01
8.696996e-02
5.262346e-02
2.530046e-02
1.758949e-01
9.355225e-02
2.558356e-01
1.411209e-01
1.944032e-01
1.488557e-01
7.757234e-02
0
0
0
0
0
0
1.554660e-02
0
0
0
6.553532e-02
1.720525e-01
6.690394e-02
2.844489e-02
1.904514e-01
3.559693e-01
7.546017e-01
7.127022e-01
8.557245e-01
1.000000e+00
4.864030e-02
0
0
0
0
5.583396e-02
0
0
0
0
3.151327e-01
0
9.991988e-02
0
0
0
0
0
3.009396e-01
0
3.021770e-03
0
0
0
0
0
0
0
0
0
3.382847e-01
6.380364e-02
9.548197e-03
0
0
0
0
0
2.284379e-01
9.211139e-02
0
0
0
0
0
0
5.891262e-02
0
0
0
0
0
0
0
0
0
0
0
0
0
2.158111e-02
0
0
0
0
1.392152e-02
0
0
0
0
0
1.591946e-01
1.175859e-01
6.637744e-02
5.977018e-01
6.657434e-01
5.260151e-02
0
7.767469e-02
0
1.442472e-01
0
2.166085e-01
2.273196e-01
5.041851e-01
3.404637e-01
1.280296e-01
2.798905e-01
2.212447e-01
2.920438e-01
3.508666e-01
2.497876e-01
1.458575e-01
1.876161e-03
3.055167e-01
8.605061e-02
0
0
0
0
0
0
0
0
3.783246e-01
0
7.111385e-01
5.920871e-01
0
0
0
0
9.094949e-02
3.248665e-02
0
4.864030e-02
1
3.907666e-01
0
0
0
0
0
1.472986e-01
1.529022e-01
6.503446e-02
0
1.611066e-01
3.913203e-02
0
3.271110e-01
3.506718e-01
1.096743e-01
1.964777e-02
0
0
1.675855e-01
7.530412e-02
4.474159e-01
2.393893e-01
1.597299e-01
2.106558e-01
3.984027e-01
5.109026e-01
8.413038e-02
2.597727e-01
0
4.312353e-01
0
0
0
0
0
0
0
0
1.483505e-01
1.430042e-01
0
5.434559e-01
0
0
0
4.184761e-01
0
0
0
2.212331e-01
0
1.147326e-01
0
1.668122e-01
0
4.912119e-04
0
8.281189e-02
2.861433e-01
6.565893e-02
0
0
0
0
0
1.062581e-01
0
0
0
1.458611e-01
2.989849e-01
3.773976e-01
0
2.713920e-02
0
0
5.162971e-02
0
0
0
0
0
1.807612e-01
1.454447e-01
0
0
0
0
0
0
0
0
0
0
2.362300e-01
3.573776e-01
2.856418e-01
5.582183e-01
3.401873e-01
2.225772e-01
4.574607e-01
6.002592e-01
0
0
3.547016e-01
6.327441e-01
1.484901e-01
0
0
0
0
5.479316e-02
0
0
3.907666e-01
1
0
0
0
0
0
4.042807e-01
0
1.363977e-01
0
2.484688e-01
5.996411e-02
0
3.251666e-01
0
8.592234e-02
0
0
0
0
0
5.320816e-01
1.964615e-01
6.645022e-01
0
7.313278e-01
4.623825e-01
1.997658e-01
7.826445e-02
0
2.581255e-01
0
0
1.075455e-01
1.509861e-02
0
0
0
2.468811e-01
1.047390e-01
9.696047e-02
1.317144e-01
3.693145e-02
0
3.215305e-01
1.988762e-02
2.568237e-03
2.002717e-01
4.175934e-01
0
1.621434e-01
0
0
1.232852e-01
5.997642e-02
6.850860e-01
8.327952e-01
5.747874e-01
3.425901e-01
3.796067e-03
0
0
0
0
0
0
1.369981e-01
4.654185e-01
4.192624e-01
1.623686e-01
5.646649e-02
1.488902e-01
5.999525e-02
0
0
1.006806e-01
2.437648e-02
0
0
0
0
0
0
0
0
3.947280e-02
0
4.725107e-02
2.942444e-02
0
0
0
0
0
0
3.791883e-01
3.683303e-01
1.041368e-01
0
1.614762e-01
0
8.249290e-02
1.942875e-02
0
0
0
0
1.357248e-01
2.611153e-01
0
0
0
0
0
0
0
0
1.000000e+00
7.344008e-01
6.755531e-01
2.245705e-01
3.404214e-01
0
0
0
2.064011e-01
0
0
1.277405e-01
1.521015e-02
0
0
0
1.109426e-01
2.921098e-01
0
1.418485e-01
6.479477e-02
1.325503e-01
1.786171e-02
0
0
0
8.408337e-02
0
1.490374e-01
0
3.616661e-01
0
3.494240e-02
3.431132e-01
2.353116e-03
1.648989e-01
3.800386e-01
9.371051e-02
0
6.408080e-02
5.756477e-01
0
1.636771e-01
2.482984e-01
3.197781e-01
0
5.599048e-01
2.181366e-01
1.947663e-01
0
0
0
4.521548e-01
0
4.381784e-01
5.052270e-01
5.006597e-01
1.619426e-01
0
0
2.535411e-01
1.444458e-01
2.205014e-02
0
0
0
4.263185e-01
3.092659e-01
3.821816e-01
6.400875e-02
7.031187e-02
0
0
0
3.306842e-01
1.343722e-01
4.538768e-02
1.974297e-01
1.419009e-01
5.839231e-02
4.214907e-02
4.960826e-02
0
0
1.491980e-01
1.424523e-02
1.397918e-01
1.851605e-01
0
1.172384e-01
8.009051e-02
1.804523e-01
1.594495e-02
1.785096e-01
1.115384e-01
1.291192e-02
0
0
0
0
0
0
0
0
0
0
0
9.318116e-02
1.704384e-01
0
1.354684e-05
0
1.269248e-01
0
0
0
7.344008e-01
1
5.495892e-01
1.835739e-01
3.951288e-01
0
1.543293e-01
0
3.912580e-01
0
0
1.663046e-01
0
1.170160e-02
0
5.508244e-02
3.895793e-01
3.216484e-01
0
0
0
0
0
0
0
0
0
0
2.161972e-01
0
4.602794e-01
6.318246e-02
0
7.177573e-02
2.701750e-02
0
4.491640e-01
1.090581e-01
2.552283e-01
2.514407e-01
0
0
0
1.155355e-01
0
4.788542e-02
0
2.378923e-01
5.235209e-02
2.940348e-01
0
2.281794e-02
3.751243e-03
6.036360e-02
8.657015e-01
7.067200e-01
4.786233e-01
3.788716e-01
0
0
0
0
0
0
0
3.109185e-02
7.075813e-01
6.828319e-01
1.290520e-02
0
2.201793e-01
4.820548e-02
0
0
1.479725e-01
1.286809e-01
0
1.277902e-01
0
0
4.936943e-02
6.129728e-02
0
0
1.068109e-01
0
7.309710e-02
0
0
0
0
0
0
0
4.283263e-01
4.931339e-01
2.245444e-01
2.145993e-01
4.015314e-01
5.350144e-02
4.616936e-01
2.975086e-01
0
0
0
0
3.266618e-01
2.033849e-01
0
0
0
0
0
0
0
0
6.755531e-01
5.495892e-01
1
2.647786e-01
5.128893e-01
1.296882e-01
0
0
1.884120e-01
0
0
4.058856e-02
0
0
0
0
2.378601e-01
4.761461e-01
7.203070e-02
1.297868e-01
1.640374e-01
1.653935e-01
0
0
0
0
0
0
2.400026e-01
0
2.919895e-01
1.585116e-01
3.568841e-01
6.331202e-01
2.215438e-01
0
1.293980e-01
2.746155e-01
2.739855e-01
5.127580e-01
0
1.748429e-01
8.234913e-02
4.125625e-01
0
3.404997e-01
2.725373e-01
3.709324e-01
2.558742e-01
4.430468e-01
4.237755e-01
6.206106e-01
4.546324e-01
6.471231e-01
3.191865e-01
4.141652e-01
4.544959e-01
4.991647e-01
2.706612e-02
1.629194e-01
0
1.652701e-01
9.562169e-03
0
1.904260e-01
1.971619e-01
4.631328e-01
3.876453e-01
0
0
1.781842e-01
1.467899e-01
0
0
0
2.504295e-01
1.773324e-01
1.618429e-01
0
1.843226e-01
0
0
0
0
0
0
0
0
0
0
0
0
0
0
4.178906e-01
3.552181e-01
0
9.672262e-03
1.270257e-01
3.965812e-01
0
4.276556e-01
0
2.497734e-01
0
0
2.702684e-01
3.897013e-01
0
2.050155e-01
0
1.970649e-01
5.058210e-02
5.583396e-02
0
0
2.245705e-01
1.835739e-01
2.647786e-01
1
3.371419e-01
5.705992e-01
0
4.433226e-01
6.107997e-01
5.030398e-01
2.860676e-01
1.180936e-01
0
0
7.926702e-02
0
0
2.822983e-01
0
2.205581e-01
0
0
0
0
0
0
0
0
0
0
1.792201e-01
3.006677e-01
2.566512e-01
2.734029e-01
1.622497e-01
0
2.749478e-02
6.998837e-02
2.076018e-01
3.190184e-01
1.215100e-01
2.490833e-01
0
1.471884e-01
0
0
1.650277e-02
0
6.130295e-02
1.771419e-02
0
0
4.915146e-01
2.866053e-01
6.149555e-01
3.861587e-01
4.616453e-01
6.136315e-01
0
3.834107e-02
1.065886e-01
2.166112e-01
0
1.851581e-01
0
2.266140e-01
6.917844e-01
7.235869e-01
5.213900e-01
4.611221e-01
2.099303e-01
1.026219e-01
0
0
2.762359e-01
5.491854e-01
4.290499e-01
3.535616e-01
3.549480e-02
2.192401e-02
0
0
0
0
0
0
0
0
0
0
0
0
0
0
1.289178e-01
3.642925e-01
0
0
1.324919e-01
1.451645e-01
4.212561e-01
5.457559e-01
0
0
0
0
1.820410e-01
8.173198e-02
0
0
0
3.772924e-02
0
0
0
0
3.404214e-01
3.951288e-01
5.128893e-01
3.371419e-01
1
4.992570e-01
8.063088e-02
0
6.666234e-01
1.397614e-01
3.880166e-02
0
0
0
0
0
1.993515e-01
4.254447e-01
0
0
0
0
0
0
0
0
0
3.051558e-01
0
0
0
5.555144e-01
3.414486e-01
2.895751e-01
0
0
2.896068e-01
5.781007e-01
2.338842e-01
3.698807e-01
0
4.487387e-01
0
2.760784e-01
0
4.112698e-01
0
1.499309e-01
1.839825e-02
2.561753e-01
2.128582e-01
4.177507e-01
3.469101e-01
6.038715e-01
3.258104e-01
2.670227e-01
1.095890e-01
3.161474e-01
1.107190e-01
1.229713e-01
0
2.139690e-03
0
7.904437e-02
3.019085e-02
1.798345e-01
3.913085e-01
3.875242e-01
0
1.691136e-01
2.197496e-01
2.338173e-01
0
0
0
1.941001e-01
1.667830e-01
0
0
7.122379e-02
0
0
1.435557e-03
0
0
0
0
0
0
0
0
0
0
0
1.573285e-01
3.108727e-01
0
8.131747e-02
2.653373e-01
3.325052e-01
2.829484e-01
6.586138e-01
0
0
0
0
6.389067e-02
0
0
1.003445e-01
0
5.728806e-02
0
0
1.472986e-01
4.042807e-01
0
0
1.296882e-01
5.705992e-01
4.992570e-01
1.000000e+00
0
1.928562e-01
4.099531e-01
6.484856e-01
1.465538e-01
0
0
0
0
0
0
7.664487e-02
0
8.271652e-02
9.646754e-02
0
0
0
5.546156e-02
0
0
0
0
3.960075e-02
0
5.053628e-01
3.047876e-01
3.097704e-01
0
0
0
2.256550e-01
0
0
6.846116e-01
0
4.844492e-01
2.039916e-01
5.051174e-01
0
5.284796e-01
1.175441e-01
4.462902e-01
0
2.635484e-01
0
5.383931e-01
1.177338e-01
0
0
0
6.144275e-02
0
0
7.938456e-01
6.568424e-01
5.157711e-01
3.893563e-01
1.972807e-01
0
0
0
4.008843e-01
1.575437e-01
0
0
4.508887e-01
3.296184e-01
2.567351e-01
1.154325e-01
4.932996e-01
1.759421e-01
4.112199e-01
0
0
0
0
0
0
0
0
0
0
2.150296e-01
0
3.294651e-01
0
0
0
0
0
0
0
2.001444e-02
0
0
8.428696e-01
4.230811e-01
2.346378e-01
0
0
1.339548e-01
1.914282e-01
0
3.074938e-01
0
6.728237e-02
0
1.529022e-01
0
0
1.543293e-01
0
0
8.063088e-02
0
1
4.534565e-01
1.726955e-02
1.437300e-01
3.677660e-01
1.674849e-01
2.600614e-02
4.044686e-01
3.925711e-01
4.010206e-01
8.767126e-02
0
0
0
0
0
0
4.066549e-01
0
0
0
2.622391e-01
0
0
0
0
0
0
0
0
0
0
0
2.505046e-02
0
2.602952e-01
3.698054e-01
4.561266e-01
1.576979e-02
3.382448e-01
1.872457e-01
4.562963e-01
2.544955e-01
2.454189e-01
4.553208e-01
5.516118e-01
3.304449e-01
5.826432e-01
0
0
2.207734e-02
2.365416e-01
2.246943e-01
3.145087e-01
2.834350e-01
4.334455e-01
4.867613e-01
3.584501e-01
5.231330e-01
3.840331e-01
0
0
3.697744e-02
0
0
0
1.882115e-01
2.099850e-01
0
0
2.771334e-01
0
0
0
0
0
0
0
0
0
0
0
0
0
0
0
0
0
0
0
0
0
0
7.212803e-01
0
0
4.204600e-01
8.540589e-01
0
7.771825e-02
1.109462e-01
2.924684e-01
0
2.903922e-01
1.223148e-01
1.107053e-01
0
0
6.503446e-02
1.363977e-01
0
0
0
4.433226e-01
0
1.928562e-01
4.534565e-01
1
1.024518e-01
4.054806e-01
4.347094e-01
4.425612e-01
5.287783e-01
4.657961e-02
5.310727e-01
2.564109e-02
0
0
0
3.420135e-01
0
0
3.335752e-01
1.453827e-01
2.161748e-01
2.660322e-02
0
0
0
0
0
4.855485e-02
2.205849e-01
0
0
2.884088e-01
0
0
4.342428e-01
6.424036e-01
1.761934e-01
2.202596e-01
1.782515e-01
2.911184e-01
7.222630e-02
7.390571e-02
2.693574e-01
0
2.350743e-01
2.567469e-01
1.565560e-01
2.910743e-01
5.624252e-01
4.587128e-01
3.827126e-01
3.420874e-01
6.845795e-01
5.886205e-01
1.737755e-01
4.048955e-01
2.878559e-01
3.300901e-01
0
1.129461e-01
1.546900e-01
2.532759e-01
5.742312e-01
6.176437e-01
3.957608e-01
2.802742e-01
7.746583e-02
9.485376e-02
0
0
1.351448e-01
4.402230e-01
1.799092e-01
3.405291e-01
0
2.002695e-01
0
0
0
0
0
0
0
0
0
0
0
0
0
0
2.867906e-01
4.210486e-01
0
0
3.971566e-02
4.303305e-02
1.618418e-01
4.165213e-01
0
0
0
0
0
6.750909e-02
1.447537e-02
3.933204e-01
1.050038e-01
2.740936e-01
4.251430e-01
3.151327e-01
0
0
2.064011e-01
3.912580e-01
1.884120e-01
6.107997e-01
6.666234e-01
4.099531e-01
1.726955e-02
1.024518e-01
1
1.730143e-01
5.394745e-02
1.733410e-01
0
0
0
0
1.398520e-01
2.706620e-01
0
0
0
0
0
0
0
0
0
0
0
0
3.834236e-02
3.783780e-01
6.307545e-02
1.240273e-01
0
0
3.857180e-01
4.467589e-01
1.510710e-01
7.154293e-02
0
2.038246e-01
0
2.536306e-01
0
3.612808e-01
4.903128e-02
2.351025e-01
8.603596e-02
3.347258e-01
3.736299e-01
6.640598e-01
2.109671e-01
6.671732e-01
0
9.021162e-03
1.414482e-01
3.078662e-01
0
4.441783e-02
0
4.111570e-02
0
0
0
0
1.466390e-01
1.474978e-01
0
0
0
6.442839e-02
0
0
0
3.471602e-01
2.238096e-01
2.020207e-01
1.547179e-01
6.405979e-02
0
0
0
0
0
0
0
0
0
0
0
0
0
0
9.579606e-03
6.895151e-02
0
7.895230e-03
2.538993e-01
3.425210e-01
9.955823e-02
2.943809e-01
0
2.147015e-01
6.986828e-02
2.543704e-01
2.956770e-01
3.770751e-01
0
2.111708e-01
0
2.356181e-01
0
0
1.611066e-01
2.484688e-01
0
0
0
5.030398e-01
1.397614e-01
6.484856e-01
1.437300e-01
4.054806e-01
1.730143e-01
1
1.665441e-01
0
2.799784e-01
0
3.528841e-01
0
0
3.045851e-01
0
3.883512e-01
0
0
0
0
0
0
0
0
0
2.691337e-01
0
2.071650e-01
2.005665e-01
0
0
0
0
2.073228e-01
1.196707e-01
1.711023e-01
3.944650e-02
7.331983e-02
1.156216e-01
0
1.474087e-01
0
1.836368e-01
1.059653e-01
3.877368e-01
0
4.874968e-01
4.297659e-02
3.239394e-01
0
0
0
0
0
0
0
7.135779e-02
0
2.043703e-01
0
0
0
0
0
1.089948e-01
0
0
0
2.434271e-01
1.405999e-01
1.114820e-01
1.420071e-01
6.094391e-01
2.836872e-01
3.333817e-01
2.806922e-01
0
0
0
0
0
0
0
0
1.501490e-01
2.910073e-01
3.727655e-01
4.937101e-01
5.047332e-02
1.848553e-02
1.718039e-01
0
1.806440e-01
1.325643e-01
7.475720e-02
2.261475e-01
0
0
2.041325e-01
3.366599e-01
0
0
4.221179e-02
5.726243e-02
0
0
2.110021e-01
2.901967e-01
0
9.991988e-02
3.913203e-02
5.996411e-02
0
0
0
2.860676e-01
3.880166e-02
1.465538e-01
3.677660e-01
4.347094e-01
5.394745e-02
1.665441e-01
1
4.123875e-01
7.756758e-03
2.337172e-01
0
2.833469e-01
0
0
9.497759e-02
2.685182e-02
0
2.163939e-01
5.885787e-02
2.544315e-01
0
9.578718e-02
0
0
0
0
0
2.068342e-01
2.507542e-01
0
1.068736e-01
0
0
0
4.646863e-01
3.202105e-01
6.145124e-02
5.409537e-02
1.692022e-01
3.235112e-01
1.509510e-01
2.143678e-01
3.269405e-01
4.664926e-01
4.044997e-01
4.450740e-01
4.339794e-01
3.294929e-01
2.510640e-01
1.413153e-01
1.141651e-01
7.422993e-02
3.018843e-01
1.109750e-01
3.437599e-02
5.062519e-01
1.770816e-01
0
2.829340e-01
0
3.571635e-01
2.744074e-01
0
1.752408e-01
1.008037e-01
0
0
0
0
0
0
1.551226e-01
2.143129e-01
2.928279e-01
6.153214e-03
0
0
0
0
0
0
0
0
0
0
9.447069e-02
2.618662e-01
3.796657e-01
0
0
2.520100e-01
3.075239e-01
3.026771e-01
1.825879e-01
7.892464e-02
4.675341e-01
0
0
0
5.395781e-01
0
0
6.410290e-02
2.654627e-01
4.724696e-02
2.770195e-01
7.304791e-02
4.392767e-02
0
0
0
0
1.277405e-01
1.663046e-01
4.058856e-02
1.180936e-01
0
0
1.674849e-01
4.425612e-01
1.733410e-01
0
4.123875e-01
1
2.299737e-01
1.961497e-01
2.124669e-02
2.587379e-01
0
1.943201e-01
0
7.159584e-02
0
0
1.907305e-01
2.182960e-01
0
0
0
0
0
0
8.189001e-03
3.752900e-02
4.347978e-01
0
2.073510e-01
1.815276e-01
0
0
0
0
0
3.313057e-01
0
2.867909e-01
0
4.251072e-01
0
4.655255e-01
0
2.387549e-01
0
3.000720e-01
0
2.834358e-01
0
2.356395e-03
0
1.695523e-01
3.710580e-01
2.464348e-01
0
3.521747e-02
2.172507e-01
1.026387e-01
3.463888e-01
3.022226e-01
0
0
0
0
0
0
2.747935e-01
4.277561e-01
0
0
1.357504e-01
0
6.107096e-02
0
0
0
0
0
0
0
0
0
0
0
0
0
0
0
2.673215e-02
5.363885e-02
3.611494e-01
3.633401e-01
7.823135e-02
6.445909e-01
0
0
1.140082e-01
4.804770e-01
2.634681e-01
3.997116e-01
4.360836e-01
4.224837e-01
0
8.653103e-02
2.196299e-02
5.030867e-02
0
0
3.271110e-01
3.251666e-01
1.521015e-02
0
0
0
0
0
2.600614e-02
5.287783e-01
0
2.799784e-01
7.756758e-03
2.299737e-01
1
3.696297e-01
4.617654e-01
5.565068e-02
0
7.474598e-02
0
5.427678e-01
1.844288e-01
8.533146e-02
7.075399e-01
2.808359e-01
6.375537e-01
4.969377e-01
2.192341e-01
0
0
3.254033e-01
0
0
2.630525e-01
0
2.470525e-03
3.303814e-01
0
0
0
0
2.477489e-01
0
1.311720e-01
2.074222e-02
3.694205e-01
0
3.160598e-01
2.629456e-01
1.710743e-01
0
2.481429e-01
0
0
0
0
0
0
0
0
0
1.720352e-01
0
3.088280e-01
0
1.050545e-01
0
0
0
0
0
0
0
7.321454e-01
6.769082e-01
2.883603e-01
0
1.900092e-01
0
5.293923e-01
1.532302e-01
0
0
0
0
0
8.381194e-02
0
6.015039e-02
1.289148e-01
3.884900e-01
9.679097e-02
5.101640e-01
1.192392e-02
2.397480e-01
0
0
0
0
0
0
0
0
4.989583e-01
2.904248e-01
3.129439e-01
9.528983e-02
0
1.510982e-01
1.052747e-01
0
7.363019e-02
0
0
0
3.506718e-01
0
0
1.170160e-02
0
0
0
0
4.044686e-01
4.657961e-02
0
0
2.337172e-01
1.961497e-01
3.696297e-01
1.000000e+00
3.277482e-01
8.182276e-01
5.845607e-02
4.167243e-02
2.461565e-01
2.417207e-01
0
3.063741e-01
1.152924e-01
8.763625e-01
2.426194e-02
3.919803e-01
3.856960e-02
3.690674e-02
2.340502e-01
2.747132e-01
0
0
0
0
0
6.014863e-02
0
0
0
0
5.799916e-02
1.258175e-01
4.731011e-01
5.219989e-01
1.832138e-01
9.848507e-02
3.663793e-01
3.411272e-01
0
0
7.799090e-02
3.321004e-01
1.882405e-01
4.244918e-01
0
0
0
2.125289e-02
2.631532e-01
9.352162e-02
3.869074e-01
5.430733e-01
4.753917e-01
5.433442e-01
5.572456e-01
3.836860e-01
0
0
0
0
0
0
3.698954e-01
3.805055e-01
0
2.399407e-02
0
0
6.242725e-03
0
0
0
6.076329e-02
1.143983e-03
0
0
0
0
0
0
0
0
0
0
0
0
0
0
0
1.922643e-01
0
0
5.525446e-01
4.607002e-01
3.427766e-01
2.079006e-01
0
1.810692e-01
1.097127e-01
1.208776e-01
0
0
0
0
1.096743e-01
8.592234e-02
0
0
0
7.926702e-02
0
0
3.925711e-01
5.310727e-01
0
3.528841e-01
0
2.124669e-02
4.617654e-01
3.277482e-01
1.000000e+00
2.373314e-01
0
0
0
2.246361e-01
0
0
3.412793e-01
4.164257e-01
1.051673e-01
1.951925e-01
2.209970e-01
0
0
2.717322e-02
0
0
0
0
0
2.868705e-01
6.996807e-02
0
0
0
2.925582e-01
0
2.932690e-01
0
2.986381e-01
0
4.106345e-01
1.332606e-01
1.974775e-01
0
3.328907e-01
0
1.324276e-01
0
0
0
0
0
0
0
2.806348e-01
0
4.050968e-01
4.346133e-02
1.184334e-01
0
0
0
0
0
0
0
6.902792e-01
6.323124e-01
2.676222e-01
6.000056e-02
1.677393e-01
2.557423e-01
4.074428e-01
2.489995e-01
0
0
0
0
1.970879e-03
1.474822e-01
0
5.263336e-02
1.785198e-01
4.693676e-01
1.495324e-01
6.864608e-01
5.366536e-02
4.359562e-01
0
0
0
0
0
0
0
0
5.107744e-01
3.861491e-01
9.492586e-02
0
0
7.453520e-02
1.722123e-01
0
8.712460e-02
0
0
0
1.964777e-02
0
0
5.508244e-02
0
0
0
0
4.010206e-01
2.564109e-02
0
0
2.833469e-01
2.587379e-01
5.565068e-02
8.182276e-01
2.373314e-01
1.000000e+00
2.298657e-01
1.342616e-01
3.227874e-01
1.484223e-01
0
1.928675e-01
0
8.689853e-01
0
1.487427e-01
0
8.342500e-02
2.072432e-01
2.079060e-01
4.604907e-02
0
3.544934e-02
0
1.599254e-01
2.786386e-02
0
0
0
0
2.399929e-01
0
0
0
0
0
2.726956e-01
0
0
0
0
0
1.247413e-02
0
4.849646e-02
0
5.518007e-03
1.166211e-01
0
0
2.580891e-01
1.624035e-01
0
0
0
0
2.485505e-01
1.945628e-01
1.913855e-01
0
6.110450e-02
1.124445e-01
4.012622e-02
0
6.398235e-01
4.662535e-01
8.414907e-02
5.942818e-01
4.942316e-01
2.030058e-01
2.137618e-01
2.349806e-01
1.367822e-01
2.669398e-01
3.065559e-01
2.393556e-01
1.313314e-01
2.903630e-01
0
1.340489e-01
5.499242e-03
3.832849e-01
6.339643e-02
2.725678e-01
0
0
0
0
0
0
0
0
2.374551e-02
0
0
0
2.479993e-01
2.923294e-01
0
0
1.831315e-01
2.124580e-01
3.238667e-01
3.009396e-01
0
0
1.109426e-01
3.895793e-01
2.378601e-01
0
1.993515e-01
0
8.767126e-02
0
1.398520e-01
0
0
0
0
5.845607e-02
0
2.298657e-01
1
5.562464e-01
4.891850e-01
0
0
0
0
6.346982e-02
0
0
2.911419e-01
2.828747e-01
6.853998e-01
1.462181e-01
2.843525e-01
0
0
7.703522e-02
0
2.702157e-02
4.758989e-01
8.639294e-02
0
6.495567e-02
0
0
0
8.486869e-02
0
7.736548e-02
1.373166e-01
9.318611e-02
0
1.653328e-01
0
2.325069e-01
2.234014e-01
1.065734e-01
4.249241e-01
3.253643e-01
2.939211e-01
4.359308e-01
0
1.432279e-01
0
0
0
0
0
8.600407e-02
5.797575e-01
5.863182e-01
1.961864e-02
0
7.928036e-02
2.438308e-01
0
0
5.699875e-01
7.794638e-01
3.965114e-01
7.029966e-01
4.428933e-01
4.297049e-01
0
0
0
0
0
0
0
0
0
0
0
7.609559e-02
0
0
1.014614e-01
2.274581e-01
1.866949e-02
1.114598e-02
0
2.080013e-01
3.452646e-02
8.480726e-02
0
4.295724e-02
0
0
6.688351e-01
6.567976e-01
0
2.885925e-02
0
3.704055e-01
0
0
0
0
2.921098e-01
3.216484e-01
4.761461e-01
2.822983e-01
4.254447e-01
7.664487e-02
0
0
2.706620e-01
3.045851e-01
0
1.943201e-01
7.474598e-02
4.167243e-02
0
1.342616e-01
5.562464e-01
1
1.863852e-01
4.839307e-01
0
0
0
0
0
0
0
1.127250e-02
4.533237e-01
2.643733e-01
1.574391e-01
1.641436e-01
4.892766e-01
2.517413e-01
0
0
2.152096e-01
2.598414e-01
0
4.100364e-02
0
0
0
0
0
0
0
0
1.257064e-03
0
0
0
0
0
0
0
0
0
0
0
0
0
0
0
0
0
1.098541e-01
9.786550e-02
0
0
2.711810e-02
1.166109e-01
2.909276e-01
2.887881e-01
3.978648e-01
2.708005e-01
1.248742e-01
4.153189e-01
3.543499e-01
2.127072e-01
3.130482e-01
3.285132e-01
1.422049e-01
2.061556e-01
3.587665e-01
3.574357e-01
2.650878e-01
2.687916e-01
3.941576e-01
3.646311e-01
4.218583e-01
5.491014e-01
4.012118e-01
4.367477e-01
0
0
0
0
0
0
0
0
0
0
6.552511e-02
8.072011e-02
1.133981e-01
0
0
0
0
1.366746e-01
0
3.021770e-03
1.675855e-01
0
0
0
7.203070e-02
0
0
0
0
0
0
0
9.497759e-02
0
0
2.461565e-01
0
3.227874e-01
4.891850e-01
1.863852e-01
1
0
1.767316e-01
3.748428e-01
0
1.954629e-01
0
5.800830e-02
1.699715e-01
2.826753e-01
3.622872e-01
3.755839e-01
7.869559e-02
2.941940e-01
1.908087e-01
2.153449e-01
1.007213e-01
0
0
0
0
0
0
0
0
8.479039e-02
0
2.941391e-01
0
3.490506e-01
0
1.635185e-01
3.426640e-02
2.940607e-01
0
1.601606e-01
0
6.549978e-02
0
1.157749e-01
0
0
0
0
0
0
0
2.229662e-02
5.444072e-02
4.689635e-02
0
0
0
1.033309e-01
1.001881e-01
3.467468e-01
7.432228e-03
2.412746e-01
1.407293e-01
1.682666e-01
7.182817e-02
1.156875e-01
0
0
0
0
0
0
0
0
0
0
0
0
0
0
0
0
1.096228e-01
1.162391e-01
0
5.315030e-01
0
3.455760e-03
0
4.823027e-01
1.505679e-01
2.967430e-01
5.668566e-01
6.055295e-01
0
0
0
9.084290e-02
0
0
7.530412e-02
0
1.418485e-01
0
1.297868e-01
2.205581e-01
0
8.271652e-02
0
3.420135e-01
0
3.883512e-01
2.685182e-02
7.159584e-02
5.427678e-01
2.417207e-01
2.246361e-01
1.484223e-01
0
4.839307e-01
0
1
0
2.345534e-01
2.898772e-02
2.808736e-01
6.161774e-02
1.945300e-01
2.788260e-01
0
1.802538e-01
5.183159e-01
2.179566e-01
1.906804e-01
4.472911e-01
7.269829e-02
2.735337e-03
4.024676e-01
0
0
1.887917e-01
3.130859e-02
0
1.547307e-01
0
0
0
1.472827e-01
0
0
0
5.657999e-02
0
0
0
0
2.022226e-01
1.209903e-01
0
0
1.773590e-01
0
0
0
0
0
0
0
7.379650e-02
0
0
5.621565e-02
3.788046e-01
1.936344e-01
8.663941e-03
5.401370e-02
0
0
0
0
0
0
4.553770e-01
4.262183e-01
3.024733e-01
3.125290e-01
4.141990e-01
4.414248e-01
4.424660e-01
2.528934e-01
3.579251e-01
5.532233e-02
2.442127e-01
0
3.668258e-01
1.197312e-01
3.059206e-01
2.628800e-01
5.519248e-01
5.640584e-01
4.645570e-01
0
4.623354e-01
2.550616e-01
0
0
3.314583e-01
4.264122e-01
6.029590e-02
0
0
0
0
0
0
0
4.474159e-01
5.320816e-01
6.479477e-02
0
1.640374e-01
0
0
9.646754e-02
0
0
0
0
0
0
1.844288e-01
0
0
0
0
0
1.767316e-01
0
1
5.533182e-01
4.069359e-01
0
6.033720e-01
5.515036e-01
2.257676e-01
3.408104e-02
1.217997e-01
3.897746e-01
0
0
0
5.601902e-01
2.842145e-01
1.282191e-02
0
0
0
4.428122e-02
0
0
0
0
0
1.314301e-02
0
1.565120e-02
0
4.714842e-02
6.216477e-02
0
0
0
2.181449e-02
1.071092e-01
0
0
0
0
0
0
0
0
0
0
0
0
0
0
2.954019e-01
1.741744e-01
2.252562e-01
2.380821e-01
0
0
0
0
0
6.532456e-02
2.597801e-01
2.093873e-01
5.132646e-02
7.678131e-02
2.833374e-01
3.606700e-01
3.756012e-01
2.943174e-01
4.688256e-01
4.048515e-01
4.013953e-01
1.672671e-01
3.309806e-01
3.930667e-01
1.119821e-01
8.650877e-02
3.633134e-01
4.263540e-01
2.072927e-01
0
0
0
0
0
1.259482e-01
1.875037e-01
1.359665e-01
0
0
0
0
0
0
0
2.393893e-01
1.964615e-01
1.325503e-01
0
1.653935e-01
0
0
0
0
0
0
0
2.163939e-01
0
8.533146e-02
3.063741e-01
0
1.928675e-01
0
0
3.748428e-01
2.345534e-01
5.533182e-01
1
2.173091e-01
2.696945e-01
3.914821e-01
5.202097e-01
3.110023e-01
0
1.451540e-01
3.279390e-01
3.038691e-01
0
1.407667e-01
2.747109e-01
3.137770e-01
3.615212e-01
0
0
1.734148e-01
0
0
5.473737e-01
5.078382e-02
2.369813e-01
0
4.729706e-01
0
3.171118e-01
0
3.367170e-01
0
1.894208e-01
0
1.884676e-01
7.123334e-02
1.262226e-01
0
5.924759e-02
4.997310e-01
3.066837e-01
0
0
2.563181e-01
1.554208e-01
3.945527e-01
4.263748e-01
0
0
0
3.710931e-02
0
0
4.250509e-02
9.931624e-02
0
0
0
0
0
0
0
0
0
0
0
0
0
0
0
0
0
0
0
0
3.984079e-01
3.601534e-01
4.637423e-01
5.584270e-01
2.306624e-01
4.527772e-01
1.351590e-01
1.510781e-01
0
2.012083e-01
1.755386e-01
3.247082e-01
9.090719e-02
2.709908e-02
0
0
0
0
0
0
1.597299e-01
6.645022e-01
1.786171e-02
0
0
0
0
0
0
3.335752e-01
0
0
5.885787e-02
1.907305e-01
7.075399e-01
1.152924e-01
3.412793e-01
0
0
0
0
2.898772e-02
4.069359e-01
2.173091e-01
1
6.914319e-02
8.305104e-01
5.998976e-01
2.599895e-01
0
0
0
0
0
2.109414e-01
0
4.174782e-02
2.755726e-01
0
0
0
0
2.622115e-01
0
1.898383e-01
0
3.896207e-01
0
2.787178e-01
1.453445e-01
6.481853e-03
0
2.331342e-01
0
0
0
0
0
0
0
0
0
1.773037e-01
0
3.015376e-01
2.362072e-02
6.819862e-02
0
0
0
0
0
0
0
7.460736e-01
7.107950e-01
9.929661e-02
0
5.959499e-02
1.568594e-02
3.616259e-01
1.614136e-01
0
0
0
0
0
1.788505e-01
0
1.519209e-01
2.327820e-01
5.455043e-01
1.163842e-01
5.290050e-01
6.081460e-02
4.016431e-01
0
0
0
0
0
0
0
0
5.525691e-01
4.027553e-01
3.718410e-01
1.852915e-01
0
1.344614e-01
1.522618e-01
0
1.447713e-01
0
0
0
2.106558e-01
0
0
0
0
0
0
0
4.066549e-01
1.453827e-01
0
0
2.544315e-01
2.182960e-01
2.808359e-01
8.763625e-01
4.164257e-01
8.689853e-01
6.346982e-02
0
1.954629e-01
2.808736e-01
0
2.696945e-01
6.914319e-02
1
0
4.943995e-01
1.815390e-01
5.624357e-02
1.581198e-01
2.426157e-01
0
0
0
0
2.711775e-02
2.700827e-01
0
0
0
0
0
3.695020e-01
0
0
0
3.642161e-01
0
8.023035e-02
0
1.666999e-01
0
1.624629e-03
0
3.540547e-02
2.136412e-02
8.571143e-02
0
7.372149e-02
5.302458e-01
1.245840e-01
0
0
1.662175e-01
6.481495e-02
2.459685e-01
2.859077e-01
0
0
0
2.012192e-02
3.234326e-01
2.137263e-01
1.302606e-01
2.372350e-01
0
0
0
0
0
0
0
0
1.015770e-01
0
0
0
0
0
0
0
0
0
0
0
1.957429e-01
2.601441e-01
3.309811e-01
5.716650e-01
1.756655e-01
3.649270e-01
1.587230e-01
2.677173e-01
0
8.052296e-02
3.079379e-01
4.737863e-01
2.470370e-01
0
0
0
4.551916e-02
0
0
0
3.984027e-01
7.313278e-01
0
0
0
0
0
5.546156e-02
0
2.161748e-01
0
0
0
0
6.375537e-01
2.426194e-02
1.051673e-01
0
0
0
0
6.161774e-02
6.033720e-01
3.914821e-01
8.305104e-01
0
1
6.432111e-01
4.046116e-01
0
0
2.938135e-01
0
0
7.475785e-02
1.036053e-01
2.567985e-02
2.656883e-01
0
0
0
0
0
1.712624e-01
0
0
4.263611e-03
1.650665e-02
0
0
0
0
0
0
0
0
0
0
0
0
5.613723e-02
0
0
0
2.649604e-02
2.729622e-02
0
0
0
0
0
4.306405e-02
6.115822e-02
0
4.891893e-01
5.575012e-01
0
0
0
0
0
0
1.759047e-01
1.044653e-01
3.128569e-01
1.948230e-01
1.069535e-01
3.302555e-01
2.461072e-01
1.948341e-01
3.710024e-01
3.162237e-01
1.646629e-01
2.666924e-02
1.835582e-01
1.768255e-01
0
0
3.879476e-01
3.001666e-01
0
4.504073e-02
0
0
1.583138e-01
5.217972e-03
6.449879e-01
5.938322e-01
0
0
0
0
3.550998e-02
0
0
0
5.109026e-01
4.623825e-01
0
0
0
0
0
0
0
2.660322e-02
0
0
9.578718e-02
0
4.969377e-01
3.919803e-01
1.951925e-01
1.487427e-01
0
0
5.800830e-02
1.945300e-01
5.515036e-01
5.202097e-01
5.998976e-01
4.943995e-01
6.432111e-01
1
5.128228e-01
1.346417e-01
0
3.121049e-01
0
0
0
0
2.645410e-02
3.558191e-01
0
0
0
0
0
0
0
0
0
0
0
0
0
0
0
0
0
0
0
3.793691e-03
0
3.622000e-02
1.473088e-01
0
0
0
0
1.072382e-01
0
1.494182e-01
0
0
0
0
1.631011e-01
2.678295e-01
1.216476e-01
2.450879e-01
0
0
0
0
0
0
3.366260e-01
2.917046e-01
4.778019e-01
5.322185e-01
3.244903e-01
3.940252e-01
3.174225e-01
3.873935e-01
6.789547e-02
0
0
0
5.869990e-03
9.444930e-02
0
0
0
0
0
0
9.537865e-02
0
2.755231e-02
0
4.555936e-01
4.476701e-01
2.550403e-01
2.357444e-01
0
0
0
0
0
0
8.413038e-02
1.997658e-01
8.408337e-02
0
0
0
0
0
0
0
0
0
0
0
2.192341e-01
3.856960e-02
2.209970e-01
0
2.911419e-01
0
1.699715e-01
2.788260e-01
2.257676e-01
3.110023e-01
2.599895e-01
1.815390e-01
4.046116e-01
5.128228e-01
1
1.525123e-01
2.837501e-01
3.815674e-01
3.063660e-01
0
0
0
0
6.975395e-01
3.269717e-01
0
0
0
2.729181e-01
0
0
0
0
0
0
0
0
0
0
0
0
0
0
0
0
0
0
0
2.475983e-01
1.781215e-01
0
2.365355e-01
0
0
0
0
2.956244e-01
5.029120e-01
0
0
1.346578e-01
2.442100e-01
2.744200e-01
2.289805e-01
1.625838e-01
9.120950e-02
1.639936e-01
0
3.537189e-01
3.924878e-01
5.562020e-01
4.689657e-01
2.707903e-01
3.464088e-01
2.617510e-01
2.440135e-01
4.081991e-02
1.348948e-03
0
3.476865e-02
1.222299e-01
1.351268e-01
0
0
0
0
0
0
2.677749e-01
2.136283e-02
2.026730e-01
0
4.478130e-01
2.850644e-01
0
0
0
0
0
0
0
0
2.597727e-01
7.826445e-02
0
0
0
0
3.051558e-01
0
2.622391e-01
0
0
0
0
0
0
3.690674e-02
0
8.342500e-02
2.828747e-01
1.127250e-02
2.826753e-01
0
3.408104e-02
0
0
5.624357e-02
0
1.346417e-01
1.525123e-01
1
5.776552e-02
1.138371e-01
0
1.622987e-01
0
0
0
0
1.439275e-01
3.970303e-01
0
0
0
0
0
0
0
0
1.176033e-02
0
7.348972e-03
0
0
0
0
0
0
0
4.015393e-02
0
0
0
0
0
0
0
0
0
2.564572e-01
5.110228e-02
0
0
1.535851e-01
2.140896e-01
7.192516e-02
7.332425e-02
5.089707e-01
1.762696e-01
0
4.376307e-01
5.150780e-01
2.856961e-01
2.514435e-01
2.869539e-01
7.575661e-02
2.675453e-01
3.369573e-01
3.034302e-01
1.694344e-01
3.806941e-01
0
2.159735e-01
0
2.193494e-01
6.840444e-02
3.059244e-01
0
0
7.844896e-02
0
0
0
3.490697e-02
0
0
0
1.605336e-01
1.608795e-01
4.272233e-01
4.497060e-01
0
0
3.051809e-01
3.118335e-01
3.701138e-01
3.382847e-01
0
0
1.490374e-01
2.161972e-01
2.400026e-01
0
0
0
0
0
0
0
0
0
0
2.340502e-01
0
2.072432e-01
6.853998e-01
4.533237e-01
3.622872e-01
1.802538e-01
1.217997e-01
1.451540e-01
0
1.581198e-01
0
0
2.837501e-01
5.776552e-02
1
5.067793e-01
1.943823e-01
0
0
1.891551e-01
8.478476e-02
1.343601e-01
2.271428e-01
1.151632e-01
0
0
0
0
0
0
0
5.558752e-02
0
0
0
0
0
1.751530e-02
0
0
0
0
0
0
0
0
0
0
0
0
0
0
1.251179e-03
0
0
0
3.541085e-01
4.789761e-01
3.248372e-01
5.526084e-01
2.657741e-01
1.251277e-01
5.526773e-02
1.523528e-01
3.462339e-01
3.789798e-01
1.385478e-01
1.026774e-01
2.605018e-01
3.652654e-01
8.442791e-02
1.834890e-01
4.132088e-02
1.434118e-01
0
0
0
0
0
1.737202e-02
0
0
9.370848e-02
2.185987e-01
0
1.786059e-02
2.571327e-03
2.368656e-02
0
0
4.890124e-01
6.902011e-01
5.585781e-01
3.411617e-01
0
0
6.034794e-02
3.409683e-01
0
6.380364e-02
4.312353e-01
2.581255e-01
0
0
0
0
0
3.960075e-02
0
0
0
2.691337e-01
0
0
3.254033e-01
2.747132e-01
2.717322e-02
2.079060e-01
1.462181e-01
2.643733e-01
3.755839e-01
5.183159e-01
3.897746e-01
3.279390e-01
0
2.426157e-01
2.938135e-01
3.121049e-01
3.815674e-01
1.138371e-01
5.067793e-01
1
0
0
1.081627e-01
1.859495e-01
3.243871e-02
1.066038e-01
0
0
0
1.844745e-02
0
0
0
0
0
0
2.202049e-01
9.140298e-02
0
1.030049e-01
0
6.534602e-02
7.331772e-03
0
4.585318e-02
2.646875e-01
3.968097e-02
0
0
0
0
0
0
0
0
0
1.540814e-01
1.538300e-01
0
0
1.111729e-01
1.602841e-01
0
0
0
0
0
1.486871e-01
0
0
3.216985e-01
2.871936e-01
1.304903e-01
2.790110e-01
3.714552e-01
3.172992e-01
3.962328e-01
4.243149e-01
2.592363e-01
2.276850e-01
1.722413e-01
7.071742e-03
2.874983e-01
4.497526e-01
0
0
0
0
0
0
0
0
0
3.474710e-02
0
0
0
2.106041e-02
0
0
0
0
0
9.548197e-03
0
0
3.616661e-01
4.602794e-01
2.919895e-01
1.792201e-01
0
0
0
0
3.834236e-02
0
0
8.189001e-03
0
0
0
4.604907e-02
2.843525e-01
1.574391e-01
7.869559e-02
2.179566e-01
0
3.038691e-01
0
0
0
0
3.063660e-01
0
1.943823e-01
0
1.000000e+00
1.663210e-01
0
6.324734e-02
1.131922e-01
4.907653e-01
4.526505e-01
0
2.812127e-01
3.510724e-01
0
5.138205e-02
0
0
0
6.889736e-02
3.581914e-02
0
1.002127e-01
2.573778e-02
2.281437e-01
1.294912e-01
4.204594e-01
1.293264e-01
1.341744e-01
0
0
2.946126e-02
0
0
0
0
0
0
0
3.788481e-02
3.654134e-01
4.089935e-01
0
1.257958e-01
0
0
0
0
0
3.194034e-01
4.774498e-02
2.413359e-01
0
0
0
2.918997e-02
1.986295e-03
3.183181e-02
0
0
8.852638e-02
0
1.537271e-01
1.185563e-01
2.287350e-01
1.242309e-01
2.395366e-01
2.014864e-01
0
9.160975e-02
0
0
4.059283e-02
1.800527e-01
1.437106e-01
3.249441e-01
0
1.465889e-02
0
0
0
0
0
0
0
0
0
0
0
0
0
6.318246e-02
1.585116e-01
3.006677e-01
5.555144e-01
5.053628e-01
0
4.855485e-02
3.783780e-01
2.071650e-01
2.068342e-01
3.752900e-02
0
0
0
0
0
1.641436e-01
2.941940e-01
1.906804e-01
0
0
0
0
0
0
0
1.622987e-01
0
0
1.663210e-01
1
4.522036e-01
3.250325e-01
1.587641e-01
0
0
0
3.887543e-01
3.831145e-01
0
3.237313e-01
0
1.823412e-01
0
5.492505e-01
0
3.527789e-01
0
4.860440e-01
1.696175e-01
4.004692e-01
1.274153e-01
2.211785e-01
4.593786e-01
2.511022e-01
4.193039e-02
2.626506e-01
0
3.718878e-01
0
0
0
0
1.233813e-01
4.321120e-01
3.347382e-01
5.339810e-01
0
0
0
0
0
0
0
4.029006e-01
2.897231e-01
2.648904e-01
0
7.426638e-02
0
0
0
0
0
0
0
0
0
0
0
1.098946e-03
0
0
3.531435e-01
5.599121e-01
3.305674e-01
4.757752e-01
2.479171e-01
7.332918e-01
1.588449e-01
3.574217e-01
0
3.439309e-01
0
0
4.249138e-01
2.947507e-01
0
0
0
0
0
0
0
1.075455e-01
3.494240e-02
0
3.568841e-01
2.566512e-01
3.414486e-01
3.047876e-01
0
2.205849e-01
6.307545e-02
2.005665e-01
2.507542e-01
4.347978e-01
2.630525e-01
0
0
3.544934e-02
0
4.892766e-01
1.908087e-01
4.472911e-01
0
1.407667e-01
2.109414e-01
0
7.475785e-02
0
0
0
0
1.081627e-01
0
4.522036e-01
1.000000e+00
4.207078e-01
2.172111e-01
0
0
8.104628e-03
4.433085e-01
3.871343e-01
0
9.118086e-02
0
0
0
2.049389e-01
0
3.467407e-02
8.516448e-02
2.588090e-01
0
5.368394e-02
0
0
6.669131e-01
4.326005e-01
1.342265e-01
1.021542e-01
8.303077e-03
6.653490e-02
0
0
0
0
0
2.399266e-03
6.268399e-01
5.114155e-01
0
0
3.416115e-01
6.672193e-02
0
0
0
1.856416e-03
0
0
0
5.545324e-02
1.478317e-01
1.137629e-01
0
0
1.867136e-01
8.405786e-02
1.597660e-01
0
2.543652e-02
0
1.606311e-01
0
1.663024e-01
5.896105e-02
6.033007e-01
5.097837e-01
3.962469e-01
4.030505e-01
4.388555e-01
7.341900e-02
4.122161e-01
3.827028e-01
0
0
0
0
2.576027e-01
3.654534e-02
0
0
0
0
0
0
0
1.509861e-02
3.431132e-01
7.177573e-02
6.331202e-01
2.734029e-01
2.895751e-01
3.097704e-01
0
0
1.240273e-01
0
0
0
0
0
0
0
7.703522e-02
2.517413e-01
2.153449e-01
7.269829e-02
5.601902e-01
2.747109e-01
0
0
1.036053e-01
0
0
0
1.891551e-01
1.859495e-01
6.324734e-02
3.250325e-01
4.207078e-01
1
6.256398e-01
0
0
2.523949e-03
3.571241e-01
1.955456e-01
0
0
0
0
4.485490e-02
1.286574e-01
1.811215e-01
2.437571e-01
4.442359e-01
2.115735e-01
2.816133e-01
1.467160e-01
0
0
1.443931e-01
0
0
0
0
1.179057e-01
0
0
1.893409e-02
0
2.305160e-02
0
3.125322e-02
0
0
0
0
0
1.639142e-01
0
0
0
0
0
0
0
7.977352e-02
1.596477e-02
0
0
1.647802e-01
1.677431e-01
1.542434e-01
0
3.735349e-01
3.619732e-01
4.891679e-01
4.181319e-01
3.519371e-01
4.177872e-01
4.427645e-01
8.200872e-02
3.564459e-01
2.325837e-01
2.299880e-01
9.166202e-02
0
0
0
0
0
0
0
0
4.201619e-01
4.060610e-02
0
0
0
0
0
0
2.353116e-03
2.701750e-02
2.215438e-01
1.622497e-01
0
0
0
0
0
0
1.068736e-01
2.073510e-01
2.470525e-03
0
0
1.599254e-01
0
0
1.007213e-01
2.735337e-03
2.842145e-01
3.137770e-01
4.174782e-02
2.711775e-02
2.567985e-02
2.645410e-02
0
0
8.478476e-02
3.243871e-02
1.131922e-01
1.587641e-01
2.172111e-01
6.256398e-01
1
2.012593e-01
0
0
0
0
0
0
1.628156e-02
2.004604e-02
0
7.964274e-02
0
2.268359e-01
0
1.127488e-01
0
1.466925e-01
0
0
0
9.471339e-03
0
0
1.945828e-01
0
0
2.405642e-02
1.153646e-01
5.725899e-02
1.750847e-01
2.049905e-01
0
0
0
0
0
0
1.541228e-01
1.537835e-01
0
0
0
0
0
0
5.831546e-02
1.134175e-02
7.397091e-02
1.290279e-01
1.065631e-01
1.715459e-01
1.341480e-01
2.310829e-01
1.766228e-01
2.083997e-01
3.237957e-02
0
2.687768e-02
2.036609e-01
0
0
0
0
0
1.895261e-01
0
0
8.637453e-02
3.778072e-01
1.544406e-01
1.513120e-01
8.563167e-02
2.702201e-01
5.609257e-02
0
0
0
0
0
0
0
1.648989e-01
0
0
0
0
0
0
2.884088e-01
0
0
0
1.815276e-01
3.303814e-01
6.014863e-02
2.868705e-01
2.786386e-02
2.702157e-02
0
0
4.024676e-01
1.282191e-02
3.615212e-01
2.755726e-01
2.700827e-01
2.656883e-01
3.558191e-01
6.975395e-01
0
1.343601e-01
1.066038e-01
4.907653e-01
0
0
0
2.012593e-01
1.000000e+00
1.177739e-01
0
0
0
2.901194e-01
0
1.148840e-01
5.856117e-02
1.233934e-02
0
1.467351e-01
0
0
0
0
0
7.619937e-02
2.664249e-02
1.202643e-01
2.634291e-01
3.429965e-01
2.518351e-01
7.962954e-02
0
1.794379e-01
3.244552e-01
0
2.784119e-01
0
1.248645e-01
1.990343e-01
2.077330e-01
2.692449e-01
2.723128e-01
2.153755e-01
3.212384e-01
0
0
1.785014e-01
2.059324e-01
0
1.076803e-01
0
4.843301e-02
3.289097e-01
3.189535e-01
3.082400e-01
4.253785e-01
3.359489e-01
2.314809e-01
2.528893e-01
3.335598e-01
0
0
0
0
0
1.230160e-02
0
0
0
0
0
0
1.235511e-01
7.664617e-02
0
0
0
0
0
9.412905e-02
2.974829e-02
8.809711e-02
1.103907e-02
0
2.806160e-01
2.284379e-01
0
0
3.800386e-01
4.491640e-01
1.293980e-01
2.749478e-02
2.896068e-01
0
0
0
3.857180e-01
0
0
0
0
0
6.996807e-02
0
4.758989e-01
2.152096e-01
0
0
0
0
0
0
0
0
3.269717e-01
1.439275e-01
2.271428e-01
0
4.526505e-01
0
0
0
0
1.177739e-01
1
4.127525e-01
2.236469e-01
2.234129e-01
4.820350e-02
2.956725e-01
0
0
0
4.855452e-02
0
0
0
1.714692e-01
0
2.281941e-02
0
2.380903e-01
3.390985e-01
1.789085e-01
5.530024e-01
5.923037e-01
0
0
7.130161e-02
9.903317e-02
0
0
0
0
5.156266e-01
4.836079e-01
2.985034e-01
3.389287e-01
3.265946e-01
3.787236e-01
0
0
2.963806e-01
4.014628e-01
3.085168e-01
2.859273e-01
1.130064e-01
9.391103e-02
0
0
8.993198e-03
7.402632e-02
0
0
0
0
0
0
0
0
0
0
1.661635e-01
3.719112e-01
6.114901e-02
2.011096e-01
4.167943e-01
0
6.166197e-01
5.863767e-01
0
0
0
6.129730e-02
2.972937e-01
2.244266e-01
0
5.810756e-02
1.885861e-01
1.981267e-01
2.469565e-01
9.211139e-02
0
2.468811e-01
9.371051e-02
1.090581e-01
2.746155e-01
6.998837e-02
5.781007e-01
2.256550e-01
0
0
4.467589e-01
2.073228e-01
0
0
0
0
0
0
8.639294e-02
2.598414e-01
0
0
0
0
0
0
0
0
0
3.970303e-01
1.151632e-01
0
0
0
8.104628e-03
2.523949e-03
0
0
4.127525e-01
1
