1.000000e+00
7.479909e-01
0
5.472849e-01
0
2.655464e-01
1.148911e-01
7.251295e-01
5.305362e-03
4.249683e-01
4.328856e-01
8.200545e-01
4.840784e-01
6.246689e-01
2.080908e-01
4.662246e-01
5.247759e-01
3.426419e-01
5.803876e-01
2.734362e-01
2.566913e-01
5.925118e-01
0
0
0
0
4.132669e-03
1.857108e-01
5.111441e-01
5.883807e-01
0
5.198325e-02
0
0
0
0
0
0
0
0
0
0
0
0
0
0
0
0
0
0
0
0
2.595057e-01
0
0
0
7.722181e-01
7.605101e-01
6.243619e-01
6.266341e-01
7.761740e-01
3.984894e-01
5.232851e-01
4.527104e-01
0
0
0
0
9.157112e-03
5.435046e-02
1.191868e-01
5.191868e-01
0
9.562389e-02
2.071786e-01
1.907930e-02
0
8.971095e-02
1.770768e-01
0
2.541844e-01
2.116362e-01
2.642028e-01
2.686380e-01
0
6.512305e-03
2.733447e-01
1.017824e-01
6.710176e-02
5.412142e-01
9.309947e-02
0
0
0
0
0
0
0
1.961515e-01
0
2.675176e-01
0
2.535752e-02
0
0
0
0
0
0
1.084952e-01
4.373477e-01
5.211430e-01
4.830253e-01
0
0
2.154807e-01
7.479909e-01
1.000000e+00
0
2.879945e-01
0
1.160285e-01
0
4.871479e-01
0
1.303781e-01
2.820658e-01
6.119028e-01
4.193039e-01
4.189698e-01
1.923191e-01
2.936108e-01
5.148402e-01
4.866874e-01
5.121571e-01
3.330846e-01
2.104210e-01
5.200010e-01
0
0
0
0
7.123939e-02
2.419453e-01
5.995644e-01
6.548474e-01
0
0
9.556210e-02
1.201185e-01
0
0
0
1.431861e-01
0
7.776222e-02
0
2.252180e-01
0
0
0
0
0
0
0
0
0
0
9.360454e-02
0
0
0
6.573179e-01
7.841913e-01
2.099193e-01
4.508873e-01
4.490115e-01
2.754634e-01
3.536716e-01
5.599496e-01
0
0
0
0
8.849067e-02
9.064424e-03
0
4.042363e-01
0
2.304730e-01
2.017231e-01
9.329743e-02
0
1.138152e-01
1.156751e-01
3.391880e-02
2.932493e-01
4.844752e-01
3.348187e-01
3.858072e-01
0
5.532040e-03
5.815479e-01
4.464281e-02
1.634741e-01
3.423316e-01
0
0
0
0
0
8.145473e-02
0
0
6.127485e-02
1.947274e-02
1.328255e-02
0
0
0
0
0
0
0
0
2.918203e-01
4.224806e-01
4.961452e-01
3.227587e-01
0
0
2.465353e-01
0
0
1
0
6.066757e-01
1.160658e-01
7.766520e-01
0
6.785037e-01
0
3.488829e-01
0
0
0
4.587174e-01
0
0
0
9.538186e-02
0
0
0
7.561897e-01
5.025292e-01
3.592375e-01
3.261979e-01
1.310510e-01
0
0
0
6.101174e-01
4.786056e-01
0
0
2.971235e-01
7.585020e-02
2.739239e-01
0
1.377173e-01
2.086554e-02
3.082626e-01
1.172452e-02
1.478089e-01
1.643844e-01
1.659695e-01
3.226176e-02
1.869495e-01
2.054133e-01
2.069759e-01
3.206612e-01
9.510161e-02
3.654244e-01
9.063835e-02
2.272594e-01
1.875298e-01
2.814448e-01
0
0
0
0
0
0
0
0
6.012021e-01
0
9.424855e-02
0
0
0
6.427759e-01
0
3.900222e-01
0
3.723240e-01
1.107189e-01
3.335034e-02
0
1.297207e-01
5.615400e-01
0
0
1.107884e-01
0
6.881528e-01
0
1.507605e-01
0
0
0
0
3.077063e-01
5.319545e-02
3.505510e-01
2.404385e-01
0
0
0
0
0
0
3.266914e-01
0
0
0
3.302163e-01
5.957951e-02
0
2.143226e-02
0
0
0
0
0
2.266528e-01
9.642227e-03
5.472849e-01
2.879945e-01
0
1
0
4.528234e-01
3.670216e-03
7.360256e-01
0
3.410904e-01
2.706241e-02
5.298191e-01
6.251655e-02
4.192365e-01
2.059854e-01
5.571839e-01
3.429973e-01
1.928673e-01
3.339239e-01
3.212345e-01
4.304492e-01
4.931892e-01
0
0
0
1.862465e-02
2.008375e-01
4.625896e-01
2.063175e-01
2.845283e-01
1.493689e-01
4.657168e-01
0
0
0
0
0
0
2.036014e-02
0
0
0
0
0
0
0
0
0
0
0
0
0
0
0
0
0
5.072309e-01
5.264384e-01
5.362195e-01
5.936240e-01
5.810926e-01
5.284120e-01
4.883652e-01
6.341903e-01
0
0
0
1.760471e-02
3.111261e-02
0
0
3.702108e-01
0
7.503666e-02
0
0
0
5.214961e-01
5.733408e-02
0
0
9.862124e-02
3.389575e-01
4.820020e-01
0
2.236465e-01
1.328935e-01
1.820386e-01
8.347591e-02
1.403531e-01
4.071149e-01
0
4.189480e-02
0
0
0
0
0
2.242945e-01
0
5.664949e-01
0
3.986136e-01
2.231345e-01
0
0
0
0
0
0
3.592651e-01
1.882268e-01
0
0
0
3.466052e-01
0
0
6.066757e-01
0
1
4.111908e-01
4.173092e-01
0
4.936225e-01
3.395455e-02
3.055436e-01
0
9.255064e-02
0
4.906960e-01
2.931944e-02
0
0
0
0
1.753755e-01
9.208650e-02
7.952336e-01
7.013291e-01
8.330815e-01
7.142499e-01
7.341102e-01
3.836699e-01
0
0
6.570623e-01
4.441834e-01
0
0
3.880764e-01
1.915833e-01
7.852089e-02
0
2.620848e-01
0
0
0
0
0
6.982494e-02
0
0
0
0
0
1.768973e-01
1.800858e-01
1.959843e-01
3.552911e-01
1.000839e-01
1.953660e-02
0
0
0
0
0
0
0
0
6.628674e-01
2.896156e-01
0
0
0
0
4.861342e-01
0
1.509451e-01
0
6.121301e-02
3.691729e-02
6.070205e-02
0
0
8.849512e-02
0
0
7.854405e-02
0
6.130165e-01
3.258872e-01
2.268640e-01
0
2.866691e-01
9.215358e-02
0
6.342845e-02
2.997079e-01
2.239225e-01
2.522642e-02
0
0
0
0
0
0
8.020861e-02
0
0
0
2.068203e-01
0
0
0
2.628697e-02
0
0
0
0
0
0
2.655464e-01
1.160285e-01
1.160658e-01
4.528234e-01
4.111908e-01
1
1.474564e-01
3.089542e-01
3.629255e-01
7.332545e-01
3.957177e-01
3.170648e-01
3.390520e-01
4.158666e-01
5.796839e-01
7.197950e-01
3.839347e-01
3.029865e-01
3.411518e-01
3.574160e-01
2.985638e-01
3.219719e-01
3.815704e-01
4.957206e-01
3.433099e-01
3.021102e-01
5.956336e-01
5.346011e-01
7.916539e-02
2.387925e-01
3.167197e-01
3.293097e-01
0
0
0
0
0
0
1.503387e-01
0
0
0
0
0
0
0
0
0
0
0
0
0
1.797433e-02
6.249718e-02
0
0
1.956513e-01
2.670329e-01
6.219442e-02
1.942949e-02
2.686987e-01
5.166283e-01
7.146962e-02
1.953772e-01
7.571421e-02
2.842038e-01
0
0
0
0
9.483032e-02
1.383734e-01
0
0
0
0
0
0
1.659982e-01
1.125442e-01
2.586140e-01
4.275823e-01
3.994453e-01
4.473618e-01
2.395595e-01
4.732653e-01
3.230917e-01
2.212839e-01
1.261633e-01
4.179668e-01
2.994450e-01
0
2.567158e-01
0
0
1.409062e-02
0
0
0
0
2.265134e-01
0
0
0
0
0
0
0
0
8.438685e-02
1.482474e-01
0
4.274947e-02
0
0
1.578181e-01
1.148911e-01
0
7.766520e-01
3.670216e-03
4.173092e-01
1.474564e-01
1
0
6.764719e-01
9.692161e-02
5.239885e-01
0
3.001068e-01
0
4.151249e-01
0
0
0
1.106413e-01
0
0
0
5.077904e-01
1.969749e-01
1.239527e-01
0
1.157864e-01
0
0
0
2.078200e-01
3.325065e-01
0
0
2.799307e-01
0
0
0
0
0
2.913138e-01
5.192789e-02
9.357945e-03
2.300095e-02
0
0
5.992463e-02
7.296595e-02
6.736030e-02
1.707740e-01
2.073561e-01
4.154067e-01
2.868971e-01
2.552097e-01
2.544612e-01
2.305358e-01
0
0
0
0
0
0
0
0
4.214504e-01
0
8.933147e-02
0
0
0
7.908204e-01
2.027927e-01
4.862065e-01
5.751011e-02
5.573657e-01
2.795093e-01
8.984437e-02
0
4.448685e-02
2.577764e-01
0
0
0
0
4.743365e-01
0
2.350678e-02
0
1.310805e-01
1.270123e-01
0
3.797272e-01
1.357826e-01
2.628154e-01
0
0
0
0
0
0
0
3.959329e-01
0
4.842648e-02
0
0
0
0
0
0
0
0
6.798330e-02
0
0
0
7.251295e-01
4.871479e-01
0
7.360256e-01
0
3.089542e-01
0
1
0
5.231984e-01
2.024187e-01
8.987167e-01
4.395571e-01
7.689870e-01
1.088994e-01
6.374946e-01
3.975937e-01
2.413271e-01
3.472770e-01
2.816203e-01
3.843921e-01
5.205612e-01
0
0
0
0
3.352536e-02
3.220936e-01
4.105743e-01
5.012093e-01
0
0
0
0
0
0
0
0
0
0
0
0
0
0
0
0
0
0
0
0
0
0
8.784144e-03
0
0
0
5.088559e-01
6.844495e-01
6.652914e-01
8.312206e-01
8.027824e-01
7.342975e-01
5.854524e-01
6.827663e-01
0
6.868032e-02
0
0
3.089744e-01
1.251990e-01
0
4.912916e-01
0
1.961781e-01
0
0
0
3.995529e-01
0
0
1.269820e-01
2.106152e-01
1.850471e-01
4.946074e-01
0
2.511418e-01
0
2.480983e-01
4.723927e-02
3.564153e-01
5.013048e-01
0
0
0
0
0
0
0
2.797559e-01
0
4.776086e-01
0
3.713729e-01
1.345459e-01
0
0
0
0
0
0
5.199991e-01
3.439560e-01
2.242198e-01
0
0
2.470698e-01
5.305362e-03
0
6.785037e-01
0
4.936225e-01
3.629255e-01
6.764719e-01
0
1
2.699627e-01
6.777418e-01
0
4.029217e-01
6.863735e-03
7.076539e-01
1.159159e-01
0
0
1.268623e-01
0
0
0
6.311672e-01
4.069731e-01
2.641134e-01
5.356477e-02
2.133572e-01
0
1.709846e-02
0
2.535436e-01
7.915970e-02
0
0
2.339913e-01
0
1.490676e-01
4.251497e-02
1.560647e-01
1.770039e-01
4.050669e-01
2.149817e-02
0
0
0
0
0
0
0
6.491025e-03
6.932033e-02
3.409580e-01
3.336769e-01
5.217770e-01
1.725065e-01
2.151704e-01
0
0
0
0
0
0
0
0
4.620912e-01
5.546051e-02
0
0
0
1.349861e-02
4.894976e-01
9.685111e-03
2.347935e-01
4.713486e-02
3.469551e-01
2.113905e-01
0
0
8.729676e-02
4.841572e-01
0
1.296441e-01
1.733385e-01
0
6.160924e-01
1.087685e-01
2.686724e-01
7.133726e-02
3.043072e-01
3.002334e-01
0
2.771851e-01
1.527030e-01
3.122956e-01
3.003979e-01
6.219955e-02
0
0
0
0
0
1.940579e-01
0
0
0
0
6.299814e-02
0
2.130487e-02
9.538417e-02
0
0
1.979873e-01
0
0
0
4.249683e-01
1.303781e-01
0
3.410904e-01
3.395455e-02
7.332545e-01
9.692161e-02
5.231984e-01
2.699627e-01
1
5.910476e-01
5.692692e-01
6.040707e-01
5.141672e-01
4.372057e-01
5.833616e-01
4.638073e-01
3.433385e-01
2.583201e-01
1.762692e-01
5.569726e-02
1.336075e-01
0
5.468151e-03
5.984010e-02
0
2.763967e-01
2.626617e-01
2.046751e-01
2.472958e-01
0
0
0
0
0
0
0
0
5.076348e-02
0
0
0
0
0
0
0
0
0
0
0
0
0
2.975414e-01
2.160080e-01
0
0
3.564127e-01
3.709041e-01
4.624220e-01
3.796124e-01
5.953963e-01
7.023980e-01
1.021601e-01
1.368621e-01
0
3.279740e-01
0
0
1.597062e-01
2.057557e-01
0
7.175210e-03
0
0
0
0
0
0
2.942546e-01
1.486215e-02
3.856187e-01
3.412342e-01
2.042687e-01
2.990270e-01
4.863606e-02
4.219629e-01
0
1.226228e-01
2.891374e-01
6.169905e-01
5.459799e-01
9.706481e-02
0
0
0
0
0
1.699416e-02
0
0
3.439635e-01
0
9.021688e-02
3.990263e-02
0
0
0
0
0
0
3.411014e-01
2.074437e-01
3.971317e-01
0
0
0
4.328856e-01
2.820658e-01
3.488829e-01
2.706241e-02
3.055436e-01
3.957177e-01
5.239885e-01
2.024187e-01
6.777418e-01
5.910476e-01
1.000000e+00
3.321967e-01
7.311044e-01
3.679054e-01
6.621043e-01
3.862332e-01
2.116264e-01
1.028974e-02
3.498320e-01
1.772720e-01
0
2.143609e-01
2.634032e-01
7.718790e-02
1.064913e-01
0
2.798804e-01
0
2.539983e-01
1.495373e-01
9.668848e-02
1.004073e-02
0
0
1.587789e-02
0
0
0
1.253191e-01
0
2.069875e-01
5.111121e-02
0
0
0
0
0
0
0
0
0
7.918073e-02
3.579622e-01
2.987579e-01
0
0
1.770389e-01
7.933000e-02
8.289540e-02
3.777656e-02
3.281596e-01
3.130665e-01
0
0
1.680969e-01
1.971486e-01
0
0
0
8.367291e-02
4.576259e-01
2.632993e-01
3.101510e-01
9.408967e-02
2.643145e-01
5.365697e-02
0
0
5.852876e-02
1.466709e-01
3.598266e-02
1.795299e-01
1.777590e-01
1.051047e-01
3.390450e-01
2.740717e-01
1.303912e-01
9.406054e-02
3.533745e-01
5.137288e-01
1.124245e-01
1.652032e-01
0
1.088816e-01
0
0
0
0
0
0
0
1.860494e-02
0
0
0
0
0
0
0
0
8.858627e-02
9.848344e-02
4.541501e-01
0
0
0
8.200545e-01
6.119028e-01
0
5.298191e-01
0
3.170648e-01
0
8.987167e-01
0
5.692692e-01
3.321967e-01
1
5.101562e-01
8.245864e-01
9.072461e-02
6.244144e-01
5.205046e-01
3.779680e-01
5.462355e-01
3.334395e-01
2.864114e-01
5.037271e-01
0
0
0
0
0
2.232837e-01
5.265774e-01
6.151829e-01
0
0
0
0
0
0
0
0
0
0
0
0
0
0
0
0
0
0
0
0
0
0
1.355109e-01
0
0
0
6.383321e-01
7.758581e-01
6.906947e-01
8.175982e-01
8.573473e-01
6.506715e-01
6.411280e-01
6.216721e-01
0
3.545223e-02
0
0
3.658934e-01
2.505032e-01
0
4.828033e-01
0
1.631536e-01
0
1.970672e-02
0
1.663462e-01
1.255364e-01
0
3.614601e-01
3.465127e-01
1.990118e-01
3.301312e-01
0
1.803549e-01
7.492662e-02
1.651454e-01
3.586109e-02
5.425724e-01
3.626688e-01
0
0
0
0
3.925605e-02
0
0
1.424585e-01
0
3.695193e-01
0
1.849643e-01
0
0
0
0
0
0
0
4.443225e-01
3.791217e-01
3.520796e-01
0
0
3.162733e-01
4.840784e-01
4.193039e-01
0
6.251655e-02
9.255064e-02
3.390520e-01
3.001068e-01
4.395571e-01
4.029217e-01
6.040707e-01
7.311044e-01
5.101562e-01
1
5.684203e-01
5.266606e-01
4.256852e-01
6.804352e-02
0
7.951914e-02
0
0
1.318577e-01
0
0
0
0
9.733459e-02
0
1.838193e-01
1.267872e-01
0
0
0
0
0
0
0
0
3.710929e-02
0
2.567160e-02
1.245477e-01
0
0
0
0
0
0
0
0
2.291331e-02
1.076167e-01
3.905585e-01
4.138248e-01
0
0
2.501303e-01
2.073025e-01
1.396001e-01
2.040039e-01
4.555565e-01
4.045510e-01
0
3.651969e-02
1.653156e-02
3.452832e-01
0
0
0
8.885645e-02
1.284251e-01
2.939563e-01
7.838349e-02
1.886006e-01
6.640198e-02
4.614432e-02
0
0
0
0
0
3.877945e-01
0
2.939721e-01
1.151445e-01
3.909222e-01
2.412391e-02
2.169729e-01
5.168601e-01
5.347846e-01
9.601815e-02
1.305367e-01
0
1.550057e-01
0
0
0
0
0
0
0
4.470866e-02
0
0
0
0
0
0
0
1.053117e-01
1.830079e-01
1.656383e-02
4.179783e-01
0
0
0
6.246689e-01
4.189698e-01
0
4.192365e-01
0
4.158666e-01
0
7.689870e-01
6.863735e-03
5.141672e-01
3.679054e-01
8.245864e-01
5.684203e-01
1
2.353910e-01
8.245470e-01
2.289791e-01
6.065941e-02
3.694176e-01
3.597374e-01
2.512222e-01
4.789285e-01
0
0
0
0
1.194005e-01
2.251476e-01
3.303173e-01
4.342538e-01
0
0
0
0
0
0
0
0
0
0
0
0
0
0
0
0
0
0
0
0
0
0
0
0
0
0
3.838994e-01
4.735181e-01
3.809112e-01
5.009254e-01
5.855403e-01
6.741684e-01
4.369865e-01
5.227286e-01
0
2.552014e-01
0
0
3.570944e-01
3.380860e-01
0
5.165220e-01
0
2.174995e-01
0
1.188857e-01
0
1.249355e-01
0
0
1.178153e-01
5.027954e-01
1.753779e-01
5.005343e-01
0
4.806507e-01
1.616086e-01
5.180002e-01
1.237618e-01
4.415764e-01
3.882495e-01
0
8.110718e-02
0
0
1.081713e-01
0
0
0
0
2.272757e-01
0
4.078426e-02
0
0
0
0
7.988023e-04
0
5.824010e-02
3.876692e-01
1.938895e-01
2.616944e-01
0
0
2.185381e-01
2.080908e-01
1.923191e-01
4.587174e-01
2.059854e-01
4.906960e-01
5.796839e-01
4.151249e-01
1.088994e-01
7.076539e-01
4.372057e-01
6.621043e-01
9.072461e-02
5.266606e-01
2.353910e-01
1
4.707048e-01
2.565144e-01
8.060920e-02
2.814879e-01
2.985385e-01
0
1.194288e-01
4.234890e-01
3.446156e-01
1.382781e-01
1.001192e-01
2.840914e-01
1.856365e-01
3.715453e-01
3.063218e-01
3.986546e-01
2.683891e-01
0
0
0
0
1.910551e-02
2.122758e-01
3.664641e-01
6.902888e-02
2.277441e-01
1.854474e-01
0
0
0
0
0
0
0
0
0
0
8.352769e-02
2.722751e-01
0
0
1.360983e-02
9.538680e-03
0
0
1.022276e-01
2.663500e-01
0
6.074523e-02
2.219184e-01
1.296337e-01
0
0
0
2.584072e-02
1.588605e-01
1.405382e-01
1.103314e-01
1.808392e-01
1.757186e-01
4.637110e-04
0
0
7.724837e-02
3.141257e-01
5.316392e-02
3.221065e-01
6.319750e-01
4.109931e-01
4.662832e-01
2.379261e-01
4.367389e-01
1.693837e-01
3.561260e-01
2.822866e-01
0
0
0
6.876999e-03
0
1.511956e-01
0
0
0
0
0
0
0
0
0
0
0
0
0
3.417212e-01
1.407918e-01
0
4.227205e-02
0
0
1.259249e-01
4.662246e-01
2.936108e-01
0
5.571839e-01
2.931944e-02
7.197950e-01
0
6.374946e-01
1.159159e-01
5.833616e-01
3.862332e-01
6.244144e-01
4.256852e-01
8.245470e-01
4.707048e-01
1
3.441610e-01
2.188494e-01
5.162364e-01
6.109668e-01
3.471149e-01
3.840064e-01
5.193580e-02
3.125133e-01
0
0
3.029195e-01
3.816712e-01
3.409999e-01
4.314124e-01
0
2.134105e-01
0
0
0
0
0
0
2.372415e-02
0
0
0
0
0
0
0
0
0
0
0
0
0
0
0
0
0
2.721420e-01
4.001412e-01
1.173185e-01
2.581504e-01
4.972991e-01
6.400022e-01
3.972844e-01
5.703266e-01
0
1.832055e-01
0
0
2.208357e-01
2.534483e-01
0
4.048570e-01
0
6.905656e-02
0
0
0
1.750359e-01
0
0
1.552134e-01
5.330761e-01
4.492008e-01
6.767512e-01
3.486907e-02
4.977676e-01
3.264643e-01
5.576943e-01
0
2.311736e-01
3.740338e-01
0
2.057051e-01
0
0
2.925209e-02
0
0
0
0
2.183210e-01
0
7.875800e-02
0
0
0
0
0
0
6.111152e-02
2.319324e-01
9.457982e-02
0
0
0
4.178983e-01
5.247759e-01
5.148402e-01
0
3.429973e-01
0
3.839347e-01
0
3.975937e-01
0
4.638073e-01
2.116264e-01
5.205046e-01
6.804352e-02
2.289791e-01
2.565144e-01
3.441610e-01
1
8.891101e-01
5.977665e-01
5.232940e-01
1.592915e-01
2.357884e-01
0
0
0
0
1.595051e-02
3.744615e-01
7.912619e-01
8.305343e-01
1.695880e-01
1.684839e-01
1.538991e-01
2.238865e-02
0
0
0
8.014129e-02
4.412626e-02
0
0
0
0
0
0
0
0
0
0
0
0
0
5.946390e-02
0
0
0
6.185999e-01
7.763557e-01
3.642378e-01
4.350029e-01
5.635761e-01
3.301268e-01
6.116298e-01
5.457010e-01
0
0
0
0
3.280365e-01
1.388936e-01
0
0
0
0
0
0
0
0
7.019682e-01
3.458433e-01
8.357854e-01
3.023219e-01
7.072391e-01
3.917129e-01
0
0
2.822277e-01
0
0
2.546243e-01
4.066024e-02
0
0
0
0
3.132239e-01
0
0
1.968661e-01
0
1.259338e-01
0
2.602047e-02
0
0
0
0
0
0
5.061555e-02
4.374557e-01
6.791386e-01
1.696142e-01
0
6.116733e-02
4.231667e-01
3.426419e-01
4.866874e-01
0
1.928673e-01
0
3.029865e-01
0
2.413271e-01
0
3.433385e-01
1.028974e-02
3.779680e-01
0
6.065941e-02
8.060920e-02
2.188494e-01
8.891101e-01
1
5.803741e-01
4.914461e-01
1.580105e-01
6.893354e-02
0
0
0
0
0
2.507612e-01
7.132744e-01
7.051768e-01
9.763560e-02
3.587357e-02
3.222735e-01
2.467830e-01
0
0
1.160599e-01
1.006394e-01
3.459078e-02
0
0
0
0
0
0
0
0
0
0
0
0
0
0
0
0
0
5.524995e-01
7.211646e-01
2.233954e-01
3.209470e-01
4.320842e-01
1.578609e-01
4.896592e-01
4.894527e-01
0
0
0
0
3.354527e-01
1.860740e-01
0
0
0
0
0
0
0
3.236899e-02
8.027711e-01
4.365555e-01
8.068207e-01
3.962353e-01
5.337704e-01
3.420877e-01
0
0
3.143094e-01
0
0
9.969459e-02
0
0
0
0
1.028596e-02
3.039391e-01
0
0
2.516313e-01
1.064774e-01
1.044829e-01
0
7.842042e-02
0
0
0
0
0
0
0
2.163292e-01
5.789365e-01
1.015316e-02
0
1.688905e-01
3.815523e-01
5.803876e-01
5.121571e-01
9.538186e-02
3.339239e-01
0
3.411518e-01
1.106413e-01
3.472770e-01
1.268623e-01
2.583201e-01
3.498320e-01
5.462355e-01
7.951914e-02
3.694176e-01
2.814879e-01
5.162364e-01
5.977665e-01
5.803741e-01
1
7.676064e-01
2.704366e-01
3.908779e-01
2.585275e-03
6.527672e-02
0
0
0
1.266588e-01
6.782824e-01
6.759551e-01
2.001184e-01
2.535738e-01
2.645591e-02
0
0
0
0
1.289321e-01
0
1.257538e-02
0
1.148845e-02
0
0
0
0
0
0
0
0
0
0
0
0
0
0
4.405613e-01
5.688682e-01
2.197021e-01
2.593766e-01
4.948536e-01
2.012254e-01
4.522773e-01
4.037961e-01
0
0
0
0
2.636843e-01
3.592110e-01
7.115491e-02
4.352273e-01
2.562934e-01
2.101779e-01
3.889042e-01
1.457510e-01
0
0
5.676276e-01
3.973602e-01
4.330504e-01
2.847752e-01
5.434770e-01
1.447666e-01
0
0
5.627940e-01
1.499931e-01
0
2.721401e-01
2.404115e-02
0
0
0
0
2.502518e-01
0
0
0
0
0
0
0
0
0
0
3.111324e-02
0
0
0
7.783834e-02
2.635913e-01
0
0
1.940889e-01
6.021757e-01
2.734362e-01
3.330846e-01
0
3.212345e-01
0
3.574160e-01
0
2.816203e-01
0
1.762692e-01
1.772720e-01
3.334395e-01
0
3.597374e-01
2.985385e-01
6.109668e-01
5.232940e-01
4.914461e-01
7.676064e-01
1.000000e+00
3.661806e-01
3.546793e-01
7.934768e-02
2.940732e-01
0
0
2.292346e-01
4.352785e-01
5.889532e-01
6.509563e-01
2.820405e-01
2.537964e-01
1.387424e-01
1.857602e-01
0
0
9.772824e-02
3.824378e-01
3.066494e-01
1.181373e-01
1.481423e-01
6.248560e-02
0
0
0
0
0
0
0
0
0
0
0
0
0
0
2.115692e-01
4.800455e-01
0
1.387969e-01
1.881604e-01
4.119164e-01
3.700499e-01
5.010850e-01
0
0
0
0
5.304816e-01
5.434886e-01
0
1.862969e-01
1.461086e-01
2.546045e-01
1.777461e-01
0
0
1.066079e-01
3.654982e-01
1.063801e-01
3.253310e-01
3.421943e-01
6.715337e-01
3.360710e-01
4.561882e-02
1.689442e-01
5.082714e-01
3.271915e-01
0
1.014466e-01
2.204322e-01
0
0
0
6.359484e-02
4.034113e-01
0
3.808552e-02
0
0
7.436843e-02
0
1.285335e-01
0
2.954565e-02
0
0
0
0
0
2.941715e-01
1.876212e-01
0
0
1.508395e-01
6.149011e-01
2.566913e-01
2.104210e-01
0
4.304492e-01
1.753755e-01
2.985638e-01
0
3.843921e-01
0
5.569726e-02
0
2.864114e-01
0
2.512222e-01
0
3.471149e-01
1.592915e-01
1.580105e-01
2.704366e-01
3.661806e-01
1.000000e+00
7.061979e-01
0
1.828125e-01
1.315415e-01
1.809514e-01
6.388092e-01
6.608214e-01
0
1.943598e-01
1.646165e-01
4.315371e-01
0
0
0
0
0
0
0
0
0
0
0
0
0
0
0
0
0
0
0
0
0
0
0
0
1.202107e-01
3.623887e-01
1.338293e-01
2.848714e-01
6.065199e-02
2.842319e-01
2.632583e-01
2.745751e-01
0
0
0
2.566719e-02
2.367511e-02
0
2.120958e-01
4.579058e-01
1.143303e-01
9.510201e-02
1.780592e-01
2.135883e-01
1.021689e-01
3.499247e-01
0
0
0
0
2.638030e-05
1.692759e-01
0
1.826164e-01
1.585874e-01
0
0
6.623695e-02
3.734961e-01
0
1.060331e-01
0
0
0
0
0
3.098336e-01
0
4.957660e-01
0
5.608849e-01
1.108773e-01
7.736304e-02
0
0
0
0
0
0
9.263797e-02
0
8.057714e-02
0
4.183980e-02
5.925118e-01
5.200010e-01
0
4.931892e-01
9.208650e-02
3.219719e-01
0
5.205612e-01
0
1.336075e-01
2.143609e-01
5.037271e-01
1.318577e-01
4.789285e-01
1.194288e-01
3.840064e-01
2.357884e-01
6.893354e-02
3.908779e-01
3.546793e-01
7.061979e-01
1
8.553183e-04
0
4.529397e-02
7.390730e-03
5.431916e-01
5.917632e-01
1.668696e-01
4.158267e-01
1.398853e-01
1.975763e-01
0
0
0
0
0
1.284831e-01
0
2.804362e-02
0
8.128805e-02
0
0
0
0
0
0
0
0
0
0
0
0
0
0
2.963147e-01
5.120090e-01
3.171898e-01
3.991027e-01
2.016845e-01
4.417150e-01
1.971058e-01
2.490557e-01
0
1.455850e-01
0
0
1.010539e-01
0
1.139045e-01
7.440375e-01
1.420824e-01
2.919137e-01
1.732294e-01
2.120900e-01
0
1.284762e-01
0
0
0
2.468848e-02
1.542643e-01
1.707330e-01
0
2.561301e-01
3.774591e-01
8.960614e-02
0
4.802672e-01
2.544705e-01
0
0
0
0
8.830040e-02
0
0
1.573184e-02
0
2.927598e-01
0
1.680086e-01
0
0
0
0
0
0
0
3.944307e-01
1.606465e-01
1.343277e-01
0
0
7.935335e-02
0
0
7.561897e-01
0
7.952336e-01
3.815704e-01
5.077904e-01
0
6.311672e-01
0
2.634032e-01
0
0
0
4.234890e-01
5.193580e-02
0
0
2.585275e-03
7.934768e-02
0
8.553183e-04
1
8.502884e-01
7.288575e-01
6.462565e-01
5.304778e-01
1.336891e-01
0
0
6.442027e-01
3.434056e-01
0
0
3.265811e-01
1.472722e-01
3.240577e-01
1.371691e-01
3.387874e-01
2.153201e-01
2.289891e-01
0
0
0
5.530420e-02
0
0
0
0
0
0
1.055652e-01
0
2.802011e-01
0
0
0
0
0
0
0
0
0
0
7.102369e-01
2.755584e-01
4.943437e-02
0
0
0
4.490394e-01
0
2.924761e-01
0
2.002738e-01
1.481726e-01
0
0
0
2.885369e-01
0
0
6.253944e-02
0
7.981547e-01
2.875570e-01
3.302465e-01
0
1.157139e-01
1.081873e-01
0
1.717803e-01
4.493705e-01
3.217017e-01
3.031007e-01
0
0
0
0
0
0
1.793932e-01
0
0
0
3.297853e-01
0
0
0
0
0
0
0
0
2.305645e-01
6.317336e-02
0
0
5.025292e-01
0
7.013291e-01
4.957206e-01
1.969749e-01
0
4.069731e-01
5.468151e-03
7.718790e-02
0
0
0
3.446156e-01
3.125133e-01
0
0
6.527672e-02
2.940732e-01
1.828125e-01
0
8.502884e-01
1
6.534390e-01
7.526701e-01
5.578214e-01
3.573425e-01
0
0
6.047782e-01
4.637528e-01
0
0
1.439792e-01
5.667946e-02
1.649272e-01
6.737357e-02
2.153748e-01
3.842417e-02
0
0
0
0
2.003934e-01
6.968179e-02
0
0
0
0
0
0
0
2.160088e-03
0
0
0
0
0
0
0
0
0
0
6.212405e-01
2.763540e-01
1.149265e-01
0
0
0
2.438889e-01
0
1.164368e-01
0
5.801743e-02
9.116565e-02
1.463382e-02
0
0
1.546457e-01
0
1.911035e-01
2.078777e-01
1.082044e-03
6.488350e-01
4.168295e-01
3.468199e-01
1.735595e-02
0
0
0
0
5.558120e-01
0
2.418972e-01
0
0
0
0
0
0
0
0
0
0
2.804787e-01
0
0
0
0
0
0
0
0
3.564237e-01
1.515252e-01
0
0
3.592375e-01
0
8.330815e-01
3.433099e-01
1.239527e-01
0
2.641134e-01
5.984010e-02
1.064913e-01
0
0
0
1.382781e-01
0
0
0
0
0
1.315415e-01
4.529397e-02
7.288575e-01
6.534390e-01
1
7.652541e-01
7.532453e-01
3.925480e-01
0
0
5.851053e-01
1.106885e-01
0
0
5.272768e-01
4.020376e-01
2.430415e-01
0
4.117011e-01
7.557329e-02
1.043856e-02
0
0
0
4.847567e-02
0
0
0
0
0
1.131650e-01
1.632663e-01
1.056178e-01
4.100839e-01
0
0
0
0
0
0
0
5.661459e-02
0
0
6.561923e-01
5.488021e-01
3.429323e-02
0
0
0
2.308501e-01
0
6.836931e-02
0
0
0
1.587022e-01
0
0
1.409281e-02
0
5.111380e-02
0
0
5.588151e-01
4.767255e-01
6.354146e-02
0
3.639213e-01
1.851927e-01
3.327815e-02
2.241902e-01
3.850041e-01
3.729121e-01
8.073960e-02
0
1.441724e-01
0
0
0
1.440830e-01
1.880225e-01
7.226370e-02
0
0
1.575340e-01
0
0
0
0
0
0
0
2.594381e-03
0
0
0
0
3.261979e-01
1.862465e-02
7.142499e-01
3.021102e-01
0
0
5.356477e-02
0
0
0
0
0
1.001192e-01
0
0
0
0
0
1.809514e-01
7.390730e-03
6.462565e-01
7.526701e-01
7.652541e-01
1
5.716238e-01
4.920639e-01
0
0
6.563470e-01
4.826480e-01
7.948731e-03
0
3.582858e-01
3.625903e-01
2.250486e-01
1.258057e-01
2.875959e-01
6.029009e-02
0
0
9.652092e-02
9.598588e-02
4.518349e-01
2.703851e-01
2.637013e-02
1.112932e-01
7.767746e-02
2.365024e-02
3.429537e-02
0
0
2.124797e-02
0
0
0
0
0
0
0
0
0
0
5.665320e-01
2.951408e-01
2.517811e-01
5.104713e-02
0
0
9.371199e-02
0
0
0
0
0
2.102628e-01
1.316712e-02
0
1.872736e-03
0
0
1.073606e-01
6.980075e-03
4.562030e-01
2.838321e-01
1.927774e-01
0
4.172866e-03
0
0
0
4.758097e-01
8.182363e-02
1.404807e-01
0
1.133954e-01
1.324284e-02
0
0
1.174972e-02
0
4.398686e-03
0
1.379237e-01
5.644220e-01
0
0
0
1.491019e-01
0
0
0
0
2.498147e-01
0
4.132669e-03
7.123939e-02
1.310510e-01
2.008375e-01
7.341102e-01
5.956336e-01
1.157864e-01
3.352536e-02
2.133572e-01
2.763967e-01
2.798804e-01
0
9.733459e-02
1.194005e-01
2.840914e-01
3.029195e-01
1.595051e-02
0
0
2.292346e-01
6.388092e-01
5.431916e-01
5.304778e-01
5.578214e-01
7.532453e-01
5.716238e-01
1
7.440164e-01
0
0
4.716727e-01
3.027768e-01
0
0
1.990447e-01
9.954514e-02
0
0
2.434206e-01
0
0
0
0
0
0
0
0
0
0
0
0
0
5.648373e-02
1.632020e-01
0
0
0
8.705354e-02
0
0
0
3.808916e-01
0
0
3.107946e-01
4.248505e-01
0
0
0
0
2.470543e-01
1.343536e-01
5.688814e-02
0
0
0
7.194545e-02
3.430725e-02
0
0
0
9.784171e-02
4.144115e-02
9.867076e-02
2.919679e-01
5.474245e-01
2.087501e-01
0
1.793574e-01
3.629365e-01
3.022886e-01
0
3.688822e-01
0
0
0
0
0
0
0
3.761880e-01
0
2.813554e-01
0
0
0
0
0
0
0
7.929997e-02
0
0
0
0
0
1.857108e-01
2.419453e-01
0
4.625896e-01
3.836699e-01
5.346011e-01
0
3.220936e-01
0
2.626617e-01
0
2.232837e-01
0
2.251476e-01
1.856365e-01
3.816712e-01
3.744615e-01
2.507612e-01
1.266588e-01
4.352785e-01
6.608214e-01
5.917632e-01
1.336891e-01
3.573425e-01
3.925480e-01
4.920639e-01
7.440164e-01
1
6.386050e-02
3.740356e-01
4.460779e-01
3.970693e-01
0
0
0
0
0
9.528246e-02
1.303137e-01
0
0
0
0
0
0
0
0
0
0
0
0
0
0
0
0
0
1.744575e-01
4.665497e-01
8.225700e-02
2.307239e-01
0
5.878219e-01
2.413026e-01
3.933815e-01
0
2.341473e-01
0
0
1.356538e-01
0
0
4.741476e-02
0
0
0
0
0
1.760572e-01
0
0
1.287897e-01
1.700752e-01
4.107571e-01
2.790373e-01
0
3.586826e-01
2.505894e-01
0
0
3.240801e-01
3.024693e-01
0
1.465601e-01
0
0
4.102373e-02
0
0
0
0
4.350818e-01
0
3.053873e-01
3.262141e-02
0
2.459021e-02
0
0
0
1.073263e-01
4.432880e-01
1.241109e-01
0
0
0
9.642593e-02
5.111441e-01
5.995644e-01
0
2.063175e-01
0
7.916539e-02
0
4.105743e-01
1.709846e-02
2.046751e-01
2.539983e-01
5.265774e-01
1.838193e-01
3.303173e-01
3.715453e-01
3.409999e-01
7.912619e-01
7.132744e-01
6.782824e-01
5.889532e-01
0
1.668696e-01
0
0
0
0
0
6.386050e-02
1.000000e+00
9.010324e-01
0
0
3.299454e-01
3.080101e-01
0
0
6.038315e-02
2.965807e-01
8.350587e-02
1.382678e-01
1.177363e-01
3.159792e-01
0
0
0
0
0
0
0
0
0
0
0
0
0
0
4.647051e-01
6.332947e-01
1.902096e-01
3.368732e-01
5.170740e-01
2.154416e-01
5.362138e-01
5.956607e-01
0
0
0
0
4.601056e-01
3.302504e-01
0
1.455959e-01
0
3.364273e-01
1.958031e-01
4.283433e-02
0
0
5.669603e-01
3.576799e-01
6.401572e-01
3.781895e-01
7.363245e-01
4.278683e-01
0
0
4.204387e-01
1.044800e-01
0
1.021928e-01
0
0
0
0
1.089492e-01
4.691789e-01
0
0
5.966547e-02
0
0
0
0
0
0
0
4.705727e-02
0
2.543998e-01
1.930672e-01
3.661928e-01
6.380580e-01
7.503370e-02
0
1.456476e-01
4.888174e-01
5.883807e-01
6.548474e-01
0
2.845283e-01
0
2.387925e-01
0
5.012093e-01
0
2.472958e-01
1.495373e-01
6.151829e-01
1.267872e-01
4.342538e-01
3.063218e-01
4.314124e-01
8.305343e-01
7.051768e-01
6.759551e-01
6.509563e-01
1.943598e-01
4.158267e-01
0
0
0
0
0
3.740356e-01
9.010324e-01
1
2.980612e-02
5.275120e-02
1.005552e-01
1.617781e-01
0
0
0
3.504281e-01
2.172354e-02
1.536379e-01
0
1.033217e-01
0
0
0
0
0
0
0
0
0
0
0
0
0
0
4.512886e-01
7.639543e-01
2.264058e-01
3.923349e-01
4.784092e-01
3.724875e-01
6.380564e-01
6.428606e-01
0
0
0
0
4.348429e-01
2.673977e-01
0
2.191444e-01
0
1.843238e-01
8.085439e-03
0
0
0
4.481627e-01
2.233083e-01
6.709114e-01
3.362453e-01
7.606329e-01
4.184661e-01
0
0
4.636400e-01
7.476628e-02
0
2.706646e-01
0
0
0
0
1.276490e-01
5.045750e-01
0
0
0
0
0
0
0
0
0
0
0
0
9.873785e-02
2.653117e-01
5.369196e-01
5.887536e-01
4.834696e-02
0
1.356926e-01
5.162088e-01
0
0
6.101174e-01
1.493689e-01
6.570623e-01
3.167197e-01
2.078200e-01
0
2.535436e-01
0
9.668848e-02
0
0
0
3.986546e-01
0
1.695880e-01
9.763560e-02
2.001184e-01
2.820405e-01
1.646165e-01
1.398853e-01
6.442027e-01
6.047782e-01
5.851053e-01
6.563470e-01
4.716727e-01
4.460779e-01
0
2.980612e-02
1
5.749881e-01
1.854376e-01
0
0
0
3.442992e-01
1.587905e-01
4.489886e-01
9.989200e-02
8.352881e-02
5.480666e-02
0
0
1.425936e-02
0
0
0
0
0
0
0
0
9.475357e-02
0
0
0
0
0
0
0
0
0
0
2.826639e-01
6.197494e-02
0
0
0
0
2.020094e-01
0
2.616454e-01
0
8.423183e-02
2.379479e-02
0
0
2.325563e-01
4.597639e-01
2.672634e-02
0
4.447092e-01
0
3.879688e-01
4.967775e-02
3.969186e-01
0
4.819973e-02
6.179976e-02
0
0
0
5.910714e-03
2.235804e-01
8.919420e-02
0
0
0
0
0
0
0
0
0
2.581882e-01
0
0
0
0
0
0
0
0
3.665215e-01
2.250179e-01
5.198325e-02
0
4.786056e-01
4.657168e-01
4.441834e-01
3.293097e-01
3.325065e-01
0
7.915970e-02
0
1.004073e-02
0
0
0
2.683891e-01
2.134105e-01
1.684839e-01
3.587357e-02
2.535738e-01
2.537964e-01
4.315371e-01
1.975763e-01
3.434056e-01
4.637528e-01
1.106885e-01
4.826480e-01
3.027768e-01
3.970693e-01
0
5.275120e-02
5.749881e-01
1
0
0
0
0
0
0
0
0
0
0
1.851711e-01
1.613582e-01
3.043413e-01
1.469512e-01
1.242922e-01
1.214124e-01
1.904567e-01
7.525841e-02
0
0
0
0
7.131312e-02
0
0
0
0
0
0
0
2.118623e-01
1.303283e-01
1.213718e-01
0
7.135927e-02
0
0
0
4.589560e-01
1.137596e-01
0
0
1.443226e-01
0
5.489926e-02
9.613452e-02
1.581012e-01
8.521728e-02
0
0
4.212431e-01
1.365513e-01
1.116207e-01
0
1.971800e-01
0
0
0
0
0
6.592018e-02
0
0
0
0
0
9.315540e-02
0
9.549510e-02
0
1.077602e-01
6.290371e-02
2.959319e-03
3.923672e-01
0
0
0
0
0
0
0
0
2.705666e-01
2.356048e-01
0
9.556210e-02
0
0
0
0
0
0
0
0
0
0
0
0
0
0
1.538991e-01
3.222735e-01
2.645591e-02
1.387424e-01
0
0
0
0
0
7.948731e-03
0
0
3.299454e-01
1.005552e-01
1.854376e-01
0
1
8.416215e-01
0
0
4.096561e-01
9.695096e-02
2.461594e-01
7.747815e-02
1.280769e-01
4.783112e-01
2.590650e-01
2.174496e-01
3.539899e-01
3.822824e-01
2.183177e-01
1.851614e-01
2.941340e-01
2.494242e-01
0
0
0
0
0
0
1.962448e-02
6.065401e-02
0
9.571782e-02
0
0
1.318004e-01
3.845868e-01
0
0
7.414364e-02
1.741323e-01
3.266241e-01
1.430242e-02
0
0
1.602066e-01
2.792461e-01
1.132469e-01
1.849003e-01
1.339329e-01
3.149129e-01
2.361654e-01
1.638936e-01
1.417698e-01
1.715970e-01
1.560674e-01
1.900254e-01
0
0
1.361135e-01
0
0
0
0
0
0
0
3.561881e-02
1.041218e-01
4.534703e-02
1.038801e-01
3.033637e-01
3.299801e-01
0
0
2.942441e-01
1.014514e-02
2.597699e-01
0
1.486654e-01
3.181732e-01
3.581648e-01
0
0
2.438535e-01
0
0
3.071566e-01
2.428964e-01
0
1.201185e-01
0
0
0
0
0
0
0
0
0
0
0
0
0
0
2.238865e-02
2.467830e-01
0
1.857602e-01
0
0
0
0
0
0
0
0
3.080101e-01
1.617781e-01
0
0
8.416215e-01
1
0
2.578044e-02
5.268967e-01
3.721330e-01
2.511949e-01
2.617015e-01
2.632063e-01
6.119142e-01
2.474237e-01
2.349416e-01
3.300783e-01
4.318491e-01
1.882437e-01
1.392061e-01
1.751718e-01
2.121340e-01
0
0
0
0
0
0
0
8.776235e-02
0
5.366799e-02
0
0
1.380950e-01
3.666836e-01
0
0
1.302844e-01
3.610425e-01
4.152968e-01
1.541649e-01
0
0
1.435854e-01
4.760270e-01
1.465932e-01
2.401802e-01
1.521515e-01
3.997938e-01
4.074971e-02
0
2.907403e-03
9.218622e-02
6.540075e-02
1.911930e-01
0
0
1.263157e-01
1.011557e-01
0
0
0
0
0
0
1.482841e-01
2.768144e-01
2.126754e-01
1.730383e-01
2.140075e-01
2.115634e-01
0
0
1.952475e-01
0
3.112033e-01
9.821987e-02
2.954099e-01
5.461361e-01
2.277882e-01
0
0
4.292026e-02
0
0
3.236300e-01
3.564837e-01
0
0
2.971235e-01
0
3.880764e-01
0
2.799307e-01
0
2.339913e-01
0
1.587789e-02
0
0
0
0
0
0
0
0
0
0
0
3.265811e-01
1.439792e-01
5.272768e-01
3.582858e-01
1.990447e-01
0
0
0
0
0
0
0
1
9.135795e-01
1.856551e-01
0
1.473978e-01
4.711194e-03
3.004414e-01
5.662879e-02
2.118802e-01
1.867821e-01
3.739281e-01
2.271941e-01
1.790343e-01
3.900222e-01
2.351396e-01
3.414209e-01
4.958028e-01
6.334506e-01
1.963673e-01
4.117482e-01
3.939562e-01
4.633841e-01
0
0
0
0
0
0
0
0
7.923452e-01
3.797099e-01
6.239173e-01
3.594377e-01
0
0
2.947792e-01
0
1.213340e-01
0
0
0
6.858391e-01
0
0
0
0
0
0
0
5.183698e-01
2.141082e-01
0
0
2.886750e-01
0
1.299497e-01
7.180792e-01
4.523977e-01
7.192064e-01
3.997724e-02
0
3.971723e-01
2.098904e-01
0
2.699263e-01
0
7.691849e-01
8.654309e-02
4.146240e-01
2.308988e-01
2.476986e-01
1.424190e-01
3.243567e-01
0
0
0
0
2.073688e-02
2.454211e-01
0
0
0
0
7.585020e-02
0
1.915833e-01
0
0
0
0
0
0
0
0
0
0
0
0
0
0
0
0
0
1.472722e-01
5.667946e-02
4.020376e-01
3.625903e-01
9.954514e-02
0
0
0
0
0
0
2.578044e-02
9.135795e-01
1
2.395383e-01
0
2.347679e-01
8.463150e-02
2.705255e-01
1.306312e-01
1.765256e-01
1.425644e-01
4.420903e-01
3.138946e-01
8.831684e-02
3.357582e-01
1.595550e-01
2.645634e-01
3.162249e-01
4.432079e-01
0
2.230595e-01
2.001113e-01
3.198217e-01
0
0
0
0
0
0
0
0
6.767338e-01
4.467883e-01
6.848386e-01
5.705125e-01
0
0
0
0
4.896462e-02
0
0
0
7.600927e-01
7.521994e-02
0
0
0
0
0
0
4.046717e-01
2.232950e-01
0
4.574816e-02
1.757340e-01
0
2.677197e-01
6.705063e-01
4.625635e-01
6.684105e-01
1.919462e-03
0
3.976740e-01
4.336386e-01
1.838900e-02
2.853625e-01
2.070887e-02
7.364461e-01
1.851458e-01
4.749727e-01
3.370624e-01
3.557296e-01
1.464950e-01
5.613871e-01
0
0
0
0
0
2.424544e-01
0
0
0
0
2.739239e-01
0
7.852089e-02
0
0
0
1.490676e-01
0
0
0
0
0
1.910551e-02
0
0
1.160599e-01
0
9.772824e-02
0
0
3.240577e-01
1.649272e-01
2.430415e-01
2.250486e-01
0
0
6.038315e-02
0
3.442992e-01
0
4.096561e-01
5.268967e-01
1.856551e-01
2.395383e-01
1
6.598772e-01
6.523953e-01
7.060939e-01
6.779997e-01
5.594795e-01
7.814934e-02
1.104477e-01
1.719372e-01
2.020051e-01
8.867974e-02
6.651264e-02
1.152111e-02
1.499989e-01
0
0
0
1.532172e-01
0
0
0
0
0
0
0
0
0
0
2.065594e-01
0
5.087786e-02
0
2.868097e-01
2.796037e-01
0
0
1.954693e-01
3.603023e-01
7.199741e-02
1.585288e-01
7.341120e-02
0
1.529791e-01
4.589510e-01
6.191882e-02
2.635362e-02
1.066196e-01
0
3.129947e-01
0
2.271893e-01
3.684324e-02
7.348470e-02
0
0
3.351401e-01
1.459643e-02
4.046566e-01
6.297898e-01
6.065172e-01
4.734665e-01
2.157031e-01
0
0
0
2.091066e-01
0
0
1.125207e-01
3.146680e-01
5.187684e-01
2.550213e-01
1.490447e-01
0
0
0
0
0
3.310468e-01
1.415612e-01
0
1.431861e-01
0
0
0
0
0
0
4.251497e-02
0
0
0
0
0
2.122758e-01
0
8.014129e-02
1.006394e-01
1.289321e-01
3.824378e-01
0
1.284831e-01
1.371691e-01
6.737357e-02
0
1.258057e-01
0
9.528246e-02
2.965807e-01
3.504281e-01
1.587905e-01
0
9.695096e-02
3.721330e-01
0
0
6.598772e-01
1.000000e+00
6.299559e-01
8.219670e-01
4.856136e-01
5.186889e-01
0
0
0
0
0
0
0
0
0
0
0
4.686369e-03
0
0
0
7.840118e-02
0
0
0
0
0
9.651168e-02
0
9.996630e-02
0
8.529290e-03
4.015030e-01
4.793603e-01
0
2.400876e-02
1.946406e-02
4.859655e-01
5.160220e-02
5.687630e-02
0
0
2.256855e-02
1.982549e-01
6.605183e-02
2.192656e-01
4.371036e-01
1.253873e-01
1.627501e-01
0
4.757327e-01
3.638666e-01
1.210923e-01
3.311544e-02
0
0
1.164526e-01
1.539666e-01
4.897139e-01
8.185776e-01
3.539839e-01
3.496355e-01
0
0
0
2.093778e-02
0
0
0
3.083881e-01
2.565945e-01
1.675593e-01
1.376405e-02
3.573819e-01
3.608636e-01
0
0
0
2.596084e-01
3.259643e-01
0
0
1.377173e-01
2.036014e-02
2.620848e-01
1.503387e-01
0
0
1.560647e-01
5.076348e-02
1.253191e-01
0
3.710929e-02
0
3.664641e-01
2.372415e-02
4.412626e-02
3.459078e-02
0
3.066494e-01
0
0
3.387874e-01
2.153748e-01
4.117011e-01
2.875959e-01
2.434206e-01
1.303137e-01
8.350587e-02
2.172354e-02
4.489886e-01
0
2.461594e-01
2.511949e-01
1.473978e-01
2.347679e-01
6.523953e-01
6.299559e-01
1
5.603981e-01
6.187905e-01
5.203874e-01
0
0
0
0
0
0
0
0
0
0
0
1.407270e-01
0
0
0
0
0
0
0
2.482494e-01
0
0
2.773815e-01
4.525254e-01
0
0
4.424493e-01
4.417193e-01
0
0
2.434453e-01
4.071808e-01
0
0
0
0
0
1.687698e-01
0
2.486489e-01
2.899744e-01
9.168728e-02
5.139021e-01
3.420056e-01
2.061271e-01
2.356266e-01
5.531175e-01
1.465435e-01
1.390431e-01
3.101600e-01
1.272438e-01
3.721155e-01
1.117522e-01
5.206283e-01
1.023134e-01
3.062041e-01
0
0
0
2.140622e-01
0
0
0
1.030551e-01
0
7.936274e-02
0
4.819270e-03
3.198885e-01
0
0
0
0
1.637460e-01
0
7.776222e-02
2.086554e-02
0
0
0
0
0
1.770039e-01
0
0
0
0
0
6.902888e-02
0
0
0
1.257538e-02
1.181373e-01
0
2.804362e-02
2.153201e-01
3.842417e-02
7.557329e-02
6.029009e-02
0
0
1.382678e-01
1.536379e-01
9.989200e-02
0
7.747815e-02
2.617015e-01
4.711194e-03
8.463150e-02
7.060939e-01
8.219670e-01
5.603981e-01
1
4.674379e-01
4.946368e-01
0
0
0
1.740125e-02
0
0
0
0
0
1.630125e-02
0
2.436222e-01
0
6.097944e-02
0
0
0
0
0
0
0
0
1.476526e-02
2.465686e-01
0
0
3.613482e-01
4.404474e-01
0
3.340280e-02
1.300834e-01
4.033420e-01
8.444188e-02
1.990733e-01
0
0
0
2.995690e-01
5.363093e-02
1.854316e-01
1.528600e-01
0
2.217122e-01
0
3.896550e-01
2.119646e-01
1.956086e-01
1.180700e-01
0
8.723594e-02
0
4.284104e-01
6.283562e-01
7.678569e-01
4.946837e-01
3.566865e-01
0
0
0
1.508714e-01
0
0
0
1.690942e-01
5.095903e-01
2.246666e-01
2.931061e-01
2.691129e-01
2.147700e-01
0
0
0
2.185339e-01
1.355152e-01
0
0
3.082626e-01
0
0
0
2.913138e-01
0
4.050669e-01
0
2.069875e-01
0
2.567160e-02
0
2.277441e-01
0
0
0
0
1.481423e-01
0
0
2.289891e-01
0
1.043856e-02
0
0
0
1.177363e-01
0
8.352881e-02
0
1.280769e-01
2.632063e-01
3.004414e-01
2.705255e-01
6.779997e-01
4.856136e-01
6.187905e-01
4.674379e-01
1.000000e+00
6.262065e-01
0
0
0
0
0
0
0
0
0
3.563190e-02
0
1.889476e-01
0
0
0
0
0
0
0
0
0
0
2.771720e-01
0
1.649067e-01
7.685055e-02
3.456210e-01
4.897603e-01
0
0
4.946416e-01
5.799388e-01
3.297061e-01
2.314095e-01
1.309756e-01
0
1.017367e-01
2.073821e-01
0
0
2.438920e-02
0
4.562302e-01
0
0
2.457552e-01
2.931479e-01
0
8.087566e-02
6.169545e-01
1.599247e-01
4.792238e-01
3.868316e-01
4.359391e-01
2.130053e-01
1.326839e-01
0
0
0
4.989640e-01
0
0
6.708545e-02
5.356367e-02
4.499910e-01
2.460787e-01
6.468316e-03
0
0
0
0
0
0
0
0
2.252180e-01
1.172452e-02
0
0
0
5.192789e-02
0
2.149817e-02
0
5.111121e-02
0
1.245477e-01
0
1.854474e-01
0
0
0
1.148845e-02
6.248560e-02
0
8.128805e-02
0
0
0
0
0
0
3.159792e-01
1.033217e-01
5.480666e-02
0
4.783112e-01
6.119142e-01
5.662879e-02
1.306312e-01
5.594795e-01
5.186889e-01
5.203874e-01
4.946368e-01
6.262065e-01
1.000000e+00
0
0
0
0
0
0
0
0
0
5.803703e-03
0
7.168646e-02
0
0
0
0
0
0
0
0
0
0
0
0
0
4.344155e-02
3.328637e-01
2.763505e-01
0
2.632343e-01
5.221583e-01
8.403847e-01
4.511747e-01
4.531664e-01
3.811839e-02
0
0
6.218842e-02
0
6.153269e-02
5.096187e-02
6.735442e-02
4.843557e-04
0
2.232152e-01
1.448983e-01
3.006235e-01
0
0
1.762603e-01
0
2.439896e-01
1.491334e-01
4.015014e-01
2.088470e-01
1.338774e-01
0
7.893324e-02
0
2.077699e-01
0
0
0
0
3.010972e-01
3.565645e-01
8.902291e-02
8.561780e-03
7.095481e-02
2.200418e-02
0
0
1.178411e-04
7.023500e-02
0
0
1.478089e-01
0
0
0
9.357945e-03
0
0
0
0
0
0
0
0
0
0
0
0
0
0
0
0
0
0
9.652092e-02
0
0
0
0
0
1.851711e-01
2.590650e-01
2.474237e-01
2.118802e-01
1.765256e-01
7.814934e-02
0
0
0
0
0
1
9.887486e-01
8.181671e-01
8.588886e-01
9.784582e-01
9.658497e-01
9.551543e-01
8.871581e-01
6.531519e-01
3.806073e-01
1.480182e-01
0
7.836098e-01
6.535627e-01
0
0
0
0
0
0
3.303704e-02
0
4.688453e-02
0
4.495226e-01
2.328115e-01
0
0
2.603395e-01
0
0
0
4.047546e-02
1.636501e-03
3.139080e-01
3.351494e-02
0
1.089530e-01
0
0
0
0
0
0
0
0
0
0
0
0
0
5.120861e-02
2.254376e-01
0
4.298142e-01
0
4.159203e-01
3.003481e-01
0
5.625987e-02
0
1.093493e-01
4.298307e-01
4.723108e-01
3.323884e-01
1.603773e-01
4.590628e-01
8.467929e-02
0
4.486078e-02
0
1.507081e-01
3.396410e-01
0
0
0
1.643844e-01
0
0
0
2.300095e-02
0
0
0
0
0
0
0
0
0
0
0
0
0
0
0
0
0
0
9.598588e-02
0
0
0
0
0
1.613582e-01
2.174496e-01
2.349416e-01
1.867821e-01
1.425644e-01
1.104477e-01
0
0
0
0
0
9.887486e-01
1
8.147273e-01
8.695460e-01
9.702581e-01
9.441439e-01
9.405874e-01
8.836214e-01
6.119541e-01
3.563743e-01
8.965481e-02
0
7.655736e-01
6.295364e-01
0
0
0
0
0
0
2.387798e-02
0
6.174150e-02
0
4.615493e-01
2.441247e-01
0
0
2.637688e-01
0
0
0
6.965468e-02
9.343036e-03
2.829566e-01
2.009267e-02
0
1.407488e-01
0
0
0
0
0
0
0
0
0
0
0
0
0
5.017588e-02
2.542023e-01
0
4.377593e-01
0
3.563613e-01
2.506398e-01
0
4.995914e-02
0
2.590759e-02
4.281317e-01
4.898385e-01
3.792007e-01
1.442023e-01
4.573611e-01
1.085991e-01
0
1.046042e-02
0
1.533956e-01
3.550892e-01
0
0
0
1.659695e-01
0
6.982494e-02
0
0
0
0
0
0
0
0
0
0
0
0
0
0
0
0
0
5.530420e-02
2.003934e-01
4.847567e-02
4.518349e-01
0
0
0
0
1.425936e-02
3.043413e-01
3.539899e-01
3.300783e-01
3.739281e-01
4.420903e-01
1.719372e-01
0
0
0
0
0
8.181671e-01
8.147273e-01
1
9.563465e-01
7.295312e-01
8.025751e-01
8.016504e-01
7.906791e-01
4.257207e-01
2.095739e-01
0
0
5.410400e-01
3.868313e-01
0
0
0
0
0
0
0
0
3.737773e-01
0
7.295695e-01
5.038289e-01
0
0
1.048998e-01
0
0
0
0
0
5.438900e-01
1.860325e-01
0
0
0
0
0
0
8.238950e-02
0
0
0
0
0
0
0
2.038043e-01
1.170931e-02
1.705968e-01
0
2.979043e-01
1.443339e-01
2.357844e-01
1.200338e-01
0
9.904574e-02
6.480051e-02
1.951464e-01
5.907477e-01
6.403788e-01
2.115155e-01
2.992685e-01
3.197729e-01
9.156553e-02
0
0
0
2.206859e-01
3.458517e-01
0
0
0
3.226176e-02
0
0
0
0
0
0
0
0
0
0
0
0
0
0
0
0
0
0
0
0
6.968179e-02
0
2.703851e-01
0
0
0
0
0
1.469512e-01
3.822824e-01
4.318491e-01
2.271941e-01
3.138946e-01
2.020051e-01
0
0
1.740125e-02
0
0
8.588886e-01
8.695460e-01
9.563465e-01
1
7.915492e-01
8.200854e-01
8.198639e-01
8.291660e-01
4.025207e-01
1.890145e-01
0
0
5.478485e-01
4.191128e-01
0
0
0
0
0
0
1.618232e-02
0
1.933322e-01
0
6.623890e-01
5.207366e-01
0
0
0
0
0
0
0
3.251653e-02
4.049144e-01
1.604675e-01
0
0
0
0
0
0
0
0
0
0
0
0
0
0
1.236008e-01
0
2.871821e-01
0
3.584299e-01
1.688116e-01
2.407697e-01
1.441036e-01
0
3.033965e-02
0
9.641225e-02
6.147469e-01
5.707429e-01
3.668541e-01
3.926218e-01
4.416884e-01
1.275734e-01
0
0
0
2.577619e-01
4.531089e-01
0
0
0
1.869495e-01
0
0
0
5.992463e-02
0
0
0
0
0
0
0
0
0
0
0
0
0
0
0
0
0
0
2.637013e-02
0
0
0
0
0
1.242922e-01
2.183177e-01
1.882437e-01
1.790343e-01
8.831684e-02
8.867974e-02
0
0
0
0
0
9.784582e-01
9.702581e-01
7.295312e-01
7.915492e-01
1
9.520773e-01
9.486542e-01
9.023614e-01
6.865997e-01
4.462184e-01
2.619020e-01
0
8.093891e-01
7.028283e-01
0
0
0
0
0
0
1.727903e-02
0
2.223675e-02
0
3.465616e-01
1.035750e-01
0
0
3.036754e-01
0
0
0
1.022473e-01
5.560440e-02
2.067566e-01
0
2.939780e-02
2.122104e-01
1.952873e-02
0
0
0
0
0
0
0
0
0
0
0
0
6.137671e-02
3.170783e-01
0
4.537783e-01
0
3.652432e-01
3.241808e-01
0
3.796261e-02
0
4.927250e-02
3.934985e-01
3.682401e-01
3.895629e-01
9.141274e-02
5.097462e-01
6.601584e-02
0
8.167768e-02
4.272428e-02
1.962795e-01
3.731729e-01
0
0
0
2.054133e-01
0
0
0
7.296595e-02
0
0
0
0
0
0
0
0
0
0
0
0
0
0
0
0
0
0
1.112932e-01
0
0
0
0
0
1.214124e-01
1.851614e-01
1.392061e-01
3.900222e-01
3.357582e-01
6.651264e-02
0
0
0
0
0
9.658497e-01
9.441439e-01
8.025751e-01
8.200854e-01
9.520773e-01
1
9.510575e-01
9.150401e-01
7.380179e-01
5.667999e-01
2.456806e-01
1.022769e-02
8.127060e-01
7.780749e-01
0
0
0
0
0
0
0
0
1.743503e-01
0
5.295026e-01
2.785542e-01
0
0
3.151236e-01
0
0
0
2.944701e-02
6.842619e-03
3.649459e-01
0
0
9.088876e-02
0
0
0
0
0
0
0
0
0
0
0
1.223187e-01
0
2.199045e-01
2.398838e-01
0
4.598520e-01
0
3.868163e-01
3.943495e-01
0
2.573610e-01
0
2.471302e-01
4.898692e-01
4.514125e-01
3.710812e-01
1.894445e-01
4.832378e-01
3.911004e-02
0
0
2.258351e-02
2.860224e-01
2.622644e-01
0
0
0
2.069759e-01
0
0
0
6.736030e-02
0
0
0
0
0
0
0
0
0
0
0
0
0
0
0
0
0
0
7.767746e-02
0
0
0
0
0
1.904567e-01
2.941340e-01
1.751718e-01
2.351396e-01
1.595550e-01
1.152111e-02
0
0
0
0
0
9.551543e-01
9.405874e-01
8.016504e-01
8.198639e-01
9.486542e-01
9.510575e-01
1
9.249597e-01
7.303861e-01
5.009478e-01
2.370008e-01
0
8.424795e-01
7.106651e-01
0
0
0
0
0
0
0
0
1.132065e-01
0
4.566831e-01
1.828674e-01
0
0
3.058320e-01
0
0
0
4.488871e-02
0
2.921424e-01
0
4.324903e-02
2.073599e-01
0
0
0
0
0
0
0
0
0
0
0
0
0
3.836778e-02
1.522178e-01
0
3.607971e-01
0
4.074388e-01
4.000962e-01
0
8.682165e-02
0
1.750413e-01
4.252596e-01
3.608573e-01
2.599999e-01
7.368319e-02
5.667982e-01
1.479934e-01
0
8.003386e-02
5.836814e-02
2.424996e-01
2.769378e-01
0
0
0
3.206612e-01
0
0
0
1.707740e-01
0
6.491025e-03
0
0
0
0
0
0
0
0
0
0
0
0
0
0
0
0
2.365024e-02
0
0
0
0
0
7.525841e-02
2.494242e-01
2.121340e-01
3.414209e-01
2.645634e-01
1.499989e-01
0
0
0
0
0
8.871581e-01
8.836214e-01
7.906791e-01
8.291660e-01
9.023614e-01
9.150401e-01
9.249597e-01
1
6.409600e-01
5.805487e-01
1.523086e-01
0
7.573801e-01
7.218164e-01
0
0
0
0
0
0
0
0
2.704268e-01
0
5.340255e-01
2.240594e-01
0
0
3.095074e-01
0
0
0
1.954443e-01
1.281078e-01
3.500844e-01
0
2.293996e-02
2.427550e-01
0
0
0
0
7.827860e-03
0
0
0
0
0
0
1.201830e-01
0
1.540328e-01
3.145391e-01
0
3.536476e-01
0
2.365957e-01
3.229337e-01
0
2.368985e-01
0
1.371572e-01
4.665443e-01
3.375921e-01
4.594744e-01
1.933680e-01
5.727729e-01
4.688921e-02
0
0
0
3.217010e-01
3.552389e-01
0
0
0
9.510161e-02
0
1.768973e-01
0
2.073561e-01
0
6.932033e-02
0
0
0
2.291331e-02
0
0
0
0
0
0
0
0
0
0
0
1.131650e-01
3.429537e-02
0
0
0
0
0
0
0
0
4.958028e-01
3.162249e-01
0
0
0
0
0
0
6.531519e-01
6.119541e-01
4.257207e-01
4.025207e-01
6.865997e-01
7.380179e-01
7.303861e-01
6.409600e-01
1
7.732453e-01
7.305328e-01
4.084619e-01
9.228888e-01
8.154169e-01
0
0
0
0
0
0
0
0
2.431436e-01
0
3.024376e-01
5.601733e-02
0
0
4.254530e-01
0
0
0
0
1.906271e-02
2.864004e-01
0
0
0
0
0
0
0
0
0
0
0
8.706180e-02
0
0
1.781821e-01
0
2.927203e-01
0
0
3.773292e-01
0
3.078196e-01
4.764443e-01
0
2.947700e-01
0
3.363205e-01
1.082649e-01
1.461762e-02
0
0
3.513491e-01
1.294784e-01
0
9.469584e-03
4.697270e-01
2.791585e-01
0
0
0
0
3.654244e-01
0
1.800858e-01
0
4.154067e-01
0
3.409580e-01
0
7.918073e-02
0
1.076167e-01
0
0
0
0
0
0
0
0
0
1.055652e-01
0
1.632663e-01
0
0
0
0
0
0
0
0
0
6.334506e-01
4.432079e-01
0
0
0
1.630125e-02
3.563190e-02
5.803703e-03
3.806073e-01
3.563743e-01
2.095739e-01
1.890145e-01
4.462184e-01
5.667999e-01
5.009478e-01
5.805487e-01
7.732453e-01
1.000000e+00
6.383377e-01
6.343628e-01
6.752205e-01
8.829636e-01
0
0
0
0
0
0
0
0
4.226691e-01
1.192263e-01
2.587336e-01
0
0
0
4.517556e-01
0
1.525883e-01
0
1.159584e-01
1.630603e-01
1.770045e-01
0
0
2.023685e-01
0
0
0
0
2.125256e-01
0
0
0
2.504182e-01
6.091047e-02
0
4.549955e-01
0
6.158000e-01
1.606178e-01
0
3.508318e-01
5.951398e-02
0
4.248662e-01
0
6.417835e-01
0
2.677735e-01
6.544016e-02
0
2.364533e-01
0
4.008271e-01
1.095162e-01
0
0
4.190195e-01
3.714010e-01
0
0
2.595057e-01
9.360454e-02
9.063835e-02
0
1.959843e-01
1.797433e-02
2.868971e-01
8.784144e-03
3.336769e-01
2.975414e-01
3.579622e-01
1.355109e-01
3.905585e-01
0
8.352769e-02
0
5.946390e-02
0
0
0
0
0
0
0
1.056178e-01
0
5.648373e-02
0
0
0
0
0
0
0
1.963673e-01
0
0
0
0
0
0
0
1.480182e-01
8.965481e-02
0
0
2.619020e-01
2.456806e-01
2.370008e-01
1.523086e-01
7.305328e-01
6.383377e-01
1
7.031570e-01
5.918474e-01
6.254821e-01
2.082150e-01
0
2.970731e-01
9.632451e-02
1.440548e-01
0
0
0
0
0
0
0
0
0
4.018537e-01
0
0
0
0
2.878590e-02
0
0
1.581561e-02
1.123728e-01
1.232204e-01
0
0
0
0
0
0
0
2.756440e-01
4.203907e-01
0
1.287640e-01
0
2.317630e-01
0
0
1.342367e-01
0
1.200114e-01
3.175230e-01
2.158397e-02
1.343246e-01
0
1.734272e-01
0
0
0
0
2.191782e-01
4.569199e-02
0
2.178810e-01
7.674969e-01
1.180246e-01
0
0
0
0
2.272594e-01
0
3.552911e-01
6.249718e-02
2.552097e-01
0
5.217770e-01
2.160080e-01
2.987579e-01
0
4.138248e-01
0
2.722751e-01
0
0
0
0
0
0
0
2.802011e-01
2.160088e-03
4.100839e-01
2.124797e-02
1.632020e-01
0
0
0
9.475357e-02
0
0
0
4.117482e-01
2.230595e-01
1.532172e-01
4.686369e-03
1.407270e-01
2.436222e-01
1.889476e-01
7.168646e-02
0
0
0
0
0
1.022769e-02
0
0
4.084619e-01
6.343628e-01
7.031570e-01
1.000000e+00
2.439124e-01
4.949735e-01
0
0
7.601880e-03
0
0
0
0
0
2.600110e-01
2.853985e-01
0
0
0
0
1.185263e-01
0
1.996566e-02
1.800637e-02
0
1.090059e-01
0
0
0
2.360236e-01
4.001912e-03
3.234590e-02
0
0
2.136710e-01
8.896452e-02
0
0
5.399124e-01
5.336589e-01
0
4.110375e-01
1.510501e-02
6.452722e-01
3.499762e-01
7.595321e-02
3.597000e-01
0
0
1.384148e-01
0
4.127092e-01
0
0
0
0
2.606962e-02
0
2.955343e-02
6.997880e-02
5.390648e-03
0
4.278502e-01
0
0
0
0
0
1.875298e-01
0
1.000839e-01
0
2.544612e-01
0
1.725065e-01
0
0
0
0
0
0
0
0
0
0
0
0
0
0
0
0
0
0
0
0
0
0
7.131312e-02
0
0
3.939562e-01
2.001113e-01
0
0
0
0
0
0
7.836098e-01
7.655736e-01
5.410400e-01
5.478485e-01
8.093891e-01
8.127060e-01
8.424795e-01
7.573801e-01
9.228888e-01
6.752205e-01
5.918474e-01
2.439124e-01
1.000000e+00
8.138748e-01
0
0
0
0
0
0
0
0
1.930772e-01
0
3.321873e-01
2.634347e-02
0
0
4.590733e-01
0
0
0
6.894468e-02
6.812960e-02
2.833404e-01
0
0
8.585894e-02
0
0
0
0
0
0
0
0
0
0
0
9.579811e-02
0
1.833331e-01
7.509863e-02
0
3.887241e-01
0
3.377082e-01
3.373318e-01
0
1.826115e-01
0
1.499605e-01
1.207235e-01
1.239686e-01
9.923673e-02
0
4.651565e-01
2.233188e-01
0
1.380001e-01
3.916746e-01
1.535145e-01
0
0
0
0
2.814448e-01
0
1.953660e-02
0
2.305358e-01
0
2.151704e-01
0
0
0
0
0
0
0
0
0
0
0
0
0
0
0
0
0
0
0
0
0
0
0
0
0
4.633841e-01
3.198217e-01
0
0
0
6.097944e-02
0
0
6.535627e-01
6.295364e-01
3.868313e-01
4.191128e-01
7.028283e-01
7.780749e-01
7.106651e-01
7.218164e-01
8.154169e-01
8.829636e-01
6.254821e-01
4.949735e-01
8.138748e-01
1
0
0
0
0
0
0
0
0
2.224985e-01
0
2.400277e-01
0
0
0
3.741468e-01
0
0
0
2.949620e-02
4.014085e-02
9.821447e-02
0
0
2.215039e-01
0
0
0
0
8.739241e-04
0
0
0
0
0
0
2.708193e-01
0
5.092321e-01
2.827648e-01
0
4.583834e-01
0
8.314626e-02
4.044352e-01
0
4.573139e-01
0
1.443476e-01
1.593464e-01
1.766700e-01
3.297898e-01
3.032874e-02
5.698692e-01
2.269966e-01
0
1.918702e-03
4.109417e-01
2.911268e-01
4.679273e-02
0
7.722181e-01
6.573179e-01
0
5.072309e-01
0
1.956513e-01
0
5.088559e-01
0
3.564127e-01
1.770389e-01
6.383321e-01
2.501303e-01
3.838994e-01
1.360983e-02
2.721420e-01
6.185999e-01
5.524995e-01
4.405613e-01
2.115692e-01
1.202107e-01
2.963147e-01
0
0
0
0
0
1.744575e-01
4.647051e-01
4.512886e-01
0
0
1.962448e-02
0
0
0
0
0
0
0
0
0
0
0
0
0
0
0
0
0
0
0
2.082150e-01
0
0
0
1
8.105488e-01
6.538217e-01
6.540593e-01
6.938168e-01
2.731680e-01
5.400960e-01
5.273279e-01
0
0
0
0
1.586248e-01
1.639563e-01
0
9.999079e-02
0
6.345378e-02
8.246869e-02
9.379531e-03
0
2.368721e-01
3.943900e-01
4.816941e-02
4.416831e-01
4.256291e-01
2.315771e-01
2.331795e-01
0
0
2.619816e-01
0
2.741820e-01
4.015511e-01
7.689933e-02
0
0
0
0
6.541226e-03
0
0
2.734518e-01
6.994177e-02
4.347092e-01
0
1.718902e-01
0
0
0
0
0
0
0
3.511027e-01
5.979964e-01
4.490331e-01
0
0
2.633559e-01
7.605101e-01
7.841913e-01
0
5.264384e-01
0
2.670329e-01
0
6.844495e-01
0
3.709041e-01
7.933000e-02
7.758581e-01
2.073025e-01
4.735181e-01
9.538680e-03
4.001412e-01
7.763557e-01
7.211646e-01
5.688682e-01
4.800455e-01
3.623887e-01
5.120090e-01
0
0
0
0
8.705354e-02
4.665497e-01
6.332947e-01
7.639543e-01
0
0
6.065401e-02
8.776235e-02
0
0
0
7.840118e-02
0
0
0
0
0
0
0
0
0
0
0
0
0
0
0
0
0
0
8.105488e-01
1
5.579636e-01
7.428197e-01
6.714879e-01
4.995013e-01
6.689601e-01
7.089623e-01
0
0
0
0
3.693359e-01
2.087524e-01
0
2.163061e-01
0
9.916933e-02
0
0
0
2.821645e-01
3.714689e-01
0
5.462003e-01
3.808151e-01
4.054086e-01
3.507079e-01
0
0
3.067153e-01
0
0
4.264132e-01
1.612614e-01
0
0
0
0
1.767640e-01
0
0
2.405593e-01
2.214019e-02
4.088905e-01
0
2.448606e-01
0
0
0
0
0
0
2.773288e-03
5.503228e-01
5.692292e-01
2.039764e-01
0
0
4.329619e-01
6.243619e-01
2.099193e-01
0
5.362195e-01
0
6.219442e-02
0
6.652914e-01
0
4.624220e-01
8.289540e-02
6.906947e-01
1.396001e-01
3.809112e-01
0
1.173185e-01
3.642378e-01
2.233954e-01
2.197021e-01
0
1.338293e-01
3.171898e-01
0
0
0
0
0
8.225700e-02
1.902096e-01
2.264058e-01
0
0
0
0
0
0
0
0
0
0
0
0
0
0
0
0
0
0
0
0
0
0
2.970731e-01
7.601880e-03
0
0
6.538217e-01
5.579636e-01
1
8.603400e-01
7.426748e-01
4.565087e-01
4.789010e-01
2.764638e-01
0
0
0
1.199783e-02
2.734864e-01
1.727981e-01
0
1.863089e-01
0
1.243714e-02
0
0
0
2.031180e-01
2.696221e-01
0
2.629520e-01
0
0
0
0
1.136690e-02
0
0
1.395318e-01
5.070288e-01
5.210515e-01
0
0
0
0
0
0
1.822148e-02
4.323831e-01
2.688071e-01
6.037148e-01
0
3.518675e-01
4.071875e-01
0
0
0
0
0
0
4.198650e-01
3.989199e-01
4.648207e-01
1.145507e-01
0
8.999211e-04
6.266341e-01
4.508873e-01
0
5.936240e-01
0
1.942949e-02
0
8.312206e-01
0
3.796124e-01
3.777656e-02
8.175982e-01
2.040039e-01
5.009254e-01
0
2.581504e-01
4.350029e-01
3.209470e-01
2.593766e-01
1.387969e-01
2.848714e-01
3.991027e-01
0
0
0
0
0
2.307239e-01
3.368732e-01
3.923349e-01
0
0
9.571782e-02
5.366799e-02
0
0
0
0
0
0
0
0
0
0
0
0
0
0
0
0
0
0
9.632451e-02
0
0
0
6.540593e-01
7.428197e-01
8.603400e-01
1
7.729087e-01
5.991973e-01
6.099828e-01
5.943717e-01
0
2.753217e-03
0
5.872473e-02
4.363113e-01
1.740216e-01
0
2.476074e-01
0
1.312909e-01
0
0
0
4.620323e-01
1.105912e-01
0
2.604757e-01
9.214123e-02
0
1.497623e-01
0
7.750930e-02
0
0
1.186503e-01
3.786381e-01
4.886194e-01
0
0
0
0
0
0
0
4.589930e-01
3.079563e-01
6.408120e-01
0
5.479773e-01
3.169263e-01
0
0
0
7.022634e-02
0
0
5.168890e-01
4.089127e-01
3.117894e-01
2.545312e-02
0
1.949385e-01
7.761740e-01
4.490115e-01
0
5.810926e-01
0
2.686987e-01
0
8.027824e-01
0
5.953963e-01
3.281596e-01
8.573473e-01
4.555565e-01
5.855403e-01
1.022276e-01
4.972991e-01
5.635761e-01
4.320842e-01
4.948536e-01
1.881604e-01
6.065199e-02
2.016845e-01
0
0
0
0
0
0
5.170740e-01
4.784092e-01
0
0
0
0
0
0
0
0
0
0
0
0
0
0
0
0
0
0
0
0
0
0
1.440548e-01
0
0
0
6.938168e-01
6.714879e-01
7.426748e-01
7.729087e-01
1
4.366202e-01
6.456220e-01
5.479095e-01
0
0
0
0
1.813809e-01
1.281311e-01
0
2.879600e-01
0
0
0
0
0
2.164342e-01
2.963266e-01
0
4.160487e-01
1.930040e-01
1.961153e-01
3.180012e-01
0
0
0
1.347925e-01
3.492950e-02
3.314726e-01
2.853484e-01
0
0
0
0
0
0
0
3.302405e-01
6.257632e-02
3.611451e-01
0
1.934317e-01
3.791200e-02
0
0
0
0
0
0
3.159722e-01
4.421726e-01
3.385772e-01
0
0
3.719563e-01
3.984894e-01
2.754634e-01
0
5.284120e-01
0
5.166283e-01
0
7.342975e-01
0
7.023980e-01
3.130665e-01
6.506715e-01
4.045510e-01
6.741684e-01
2.663500e-01
6.400022e-01
3.301268e-01
1.578609e-01
2.012254e-01
4.119164e-01
2.842319e-01
4.417150e-01
0
0
5.661459e-02
0
3.808916e-01
5.878219e-01
2.154416e-01
3.724875e-01
0
0
0
0
0
0
0
0
2.482494e-01
0
0
0
0
0
0
0
0
0
0
0
0
0
0
0
0
0
2.731680e-01
4.995013e-01
4.565087e-01
5.991973e-01
4.366202e-01
1
2.214441e-01
4.642674e-01
0
5.778689e-01
0
0
4.937334e-01
3.664573e-01
0
1.783612e-01
0
7.654162e-02
0
0
0
1.885418e-01
0
0
1.596190e-01
3.611288e-01
2.695964e-01
3.980485e-01
0
6.620215e-01
0
2.251424e-01
2.849592e-01
5.591548e-01
6.825466e-01
0
4.056574e-02
0
0
1.293345e-01
0
2.570365e-01
0
0
4.767090e-01
0
3.497689e-01
1.105681e-01
0
0
0
0
0
9.135399e-02
7.025385e-01
1.814293e-01
2.071979e-01
2.769829e-02
0
6.183214e-02
5.232851e-01
3.536716e-01
0
4.883652e-01
0
7.146962e-02
0
5.854524e-01
0
1.021601e-01
0
6.411280e-01
0
4.369865e-01
0
3.972844e-01
6.116298e-01
4.896592e-01
4.522773e-01
3.700499e-01
2.632583e-01
1.971058e-01
0
0
0
0
0
2.413026e-01
5.362138e-01
6.380564e-01
0
2.118623e-01
1.318004e-01
1.380950e-01
0
0
0
0
0
0
0
0
3.303704e-02
2.387798e-02
0
1.618232e-02
1.727903e-02
0
0
0
0
0
0
0
0
0
5.400960e-01
6.689601e-01
4.789010e-01
6.099828e-01
6.456220e-01
2.214441e-01
1.000000e+00
7.812679e-01
0
0
0
0
2.505938e-01
3.247914e-02
0
8.786417e-02
0
0
0
0
0
3.553534e-01
2.792145e-01
0
5.563939e-01
1.214220e-01
4.029512e-01
3.175611e-01
0
0
6.431126e-02
9.228511e-03
0
0
4.498099e-02
0
0
0
0
4.366450e-02
0
0
3.568659e-01
0
3.055135e-01
0
2.046943e-01
0
3.587571e-02
0
0
0
8.295463e-02
0
2.634090e-01
4.782533e-01
3.626397e-02
0
2.406334e-01
5.665610e-01
4.527104e-01
5.599496e-01
0
6.341903e-01
0
1.953772e-01
0
6.827663e-01
0
1.368621e-01
0
6.216721e-01
3.651969e-02
5.227286e-01
6.074523e-02
5.703266e-01
5.457010e-01
4.894527e-01
4.037961e-01
5.010850e-01
2.745751e-01
2.490557e-01
0
0
0
0
0
3.933815e-01
5.956607e-01
6.428606e-01
0
1.303283e-01
3.845868e-01
3.666836e-01
0
0
0
9.651168e-02
0
0
0
0
0
0
0
0
0
0
0
0
0
0
0
0
0
0
5.273279e-01
7.089623e-01
2.764638e-01
5.943717e-01
5.479095e-01
4.642674e-01
7.812679e-01
1
0
0
0
0
3.621656e-01
1.071559e-01
0
1.560517e-01
0
1.061704e-01
0
0
0
5.050921e-01
1.250637e-01
0
3.840274e-01
4.988235e-01
5.315162e-01
6.736965e-01
0
4.007666e-02
3.194061e-01
1.958747e-01
0
0
6.298941e-02
0
0
0
0
9.656127e-02
0
0
1.837760e-01
0
2.575827e-01
0
2.812170e-01
0
0
0
0
0
0
1.802198e-01
4.129797e-01
4.458087e-01
0
0
1.427426e-01
5.683226e-01
0
0
6.012021e-01
0
6.628674e-01
7.571421e-02
4.214504e-01
0
4.620912e-01
0
1.680969e-01
0
1.653156e-02
0
2.219184e-01
0
0
0
0
0
0
0
7.102369e-01
6.212405e-01
6.561923e-01
5.665320e-01
3.107946e-01
0
0
0
2.826639e-01
1.213718e-01
0
0
7.923452e-01
6.767338e-01
2.065594e-01
0
2.773815e-01
1.476526e-02
2.771720e-01
0
4.688453e-02
6.174150e-02
3.737773e-01
1.933322e-01
2.223675e-02
1.743503e-01
1.132065e-01
2.704268e-01
2.431436e-01
4.226691e-01
0
2.600110e-01
1.930772e-01
2.224985e-01
0
0
0
0
0
0
0
0
1
4.410231e-01
5.467266e-01
1.760189e-01
0
0
3.747752e-01
0
2.281723e-01
0
0
0
4.976111e-01
0
0
0
0
0
0
0
8.740523e-01
3.814912e-01
0
2.565157e-02
2.411086e-01
0
9.107498e-03
5.062102e-01
5.849446e-01
5.479874e-01
6.480137e-02
0
7.093125e-02
7.585856e-02
0
0
0
5.640006e-01
0
1.241940e-01
9.737927e-02
3.444366e-01
0
0
0
0
0
0
0
8.950262e-02
0
0
0
0
0
0
2.896156e-01
2.842038e-01
0
6.868032e-02
5.546051e-02
3.279740e-01
1.971486e-01
3.545223e-02
3.452832e-01
2.552014e-01
1.296337e-01
1.832055e-01
0
0
0
0
0
1.455850e-01
2.755584e-01
2.763540e-01
5.488021e-01
2.951408e-01
4.248505e-01
2.341473e-01
0
0
6.197494e-02
0
0
0
3.797099e-01
4.467883e-01
0
9.996630e-02
4.525254e-01
2.465686e-01
0
0
0
0
0
0
0
0
0
0
0
1.192263e-01
0
2.853985e-01
0
0
0
0
0
2.753217e-03
0
5.778689e-01
0
0
4.410231e-01
1.000000e+00
0
1.059177e-01
2.087478e-01
2.827544e-01
0
7.244280e-02
7.378546e-02
6.200515e-02
0
0
9.826778e-02
0
0
0
0
2.474994e-01
0
0
4.595600e-01
8.571983e-01
0
1.872135e-01
4.851704e-01
4.609679e-01
4.000218e-01
2.472460e-01
3.561443e-01
3.880750e-01
0
8.171550e-02
3.820842e-02
4.718822e-01
0
3.679532e-02
1.344535e-01
3.159170e-01
5.061777e-02
5.324075e-03
0
0
0
1.392738e-01
0
1.171735e-01
3.087254e-01
0
4.380983e-02
2.465014e-01
0
0
0
0
9.424855e-02
0
0
0
8.933147e-02
0
0
0
0
0
0
0
0
0
0
0
0
0
0
0
4.943437e-02
1.149265e-01
3.429323e-02
2.517811e-01
0
0
0
0
0
7.135927e-02
7.414364e-02
1.302844e-01
6.239173e-01
6.848386e-01
5.087786e-02
0
0
0
1.649067e-01
0
4.495226e-01
4.615493e-01
7.295695e-01
6.623890e-01
3.465616e-01
5.295026e-01
4.566831e-01
5.340255e-01
3.024376e-01
2.587336e-01
0
0
3.321873e-01
2.400277e-01
0
0
0
0
0
0
0
0
5.467266e-01
0
1
8.265279e-01
0
0
9.131088e-02
0
4.196890e-02
0
0
0
7.198516e-01
3.564580e-01
0
0
0
0
0
0
3.031881e-01
0
0
1.790560e-01
0
0
1.674377e-01
4.048262e-01
5.791217e-01
2.398602e-01
0
0
1.183642e-01
3.361302e-01
2.632417e-01
1.641712e-01
1.287900e-01
5.311789e-01
2.934030e-01
5.465958e-01
6.314813e-01
4.628645e-01
2.306506e-01
4.817194e-01
2.893198e-02
0
0
0
0
3.742166e-01
0
0
0
0
0
1.760471e-02
0
0
0
0
0
0
0
0
0
0
0
0
0
0
0
0
2.566719e-02
0
0
0
0
5.104713e-02
0
0
0
0
0
0
1.741323e-01
3.610425e-01
3.594377e-01
5.705125e-01
0
8.529290e-03
0
0
7.685055e-02
4.344155e-02
2.328115e-01
2.441247e-01
5.038289e-01
5.207366e-01
1.035750e-01
2.785542e-01
1.828674e-01
2.240594e-01
5.601733e-02
0
0
0
2.634347e-02
0
0
0
1.199783e-02
5.872473e-02
0
0
0
0
1.760189e-01
1.059177e-01
8.265279e-01
1
1.737363e-01
1.328470e-01
0
0
6.007196e-02
1.056460e-01
0
2.625190e-02
5.704817e-01
6.310305e-01
0
0
0
0
0
0
0
1.338251e-01
0
3.395690e-01
0
0
3.398274e-01
1.975337e-01
4.893309e-01
8.287317e-02
0
0
9.679777e-02
4.805890e-01
3.452428e-01
2.202650e-01
3.150073e-01
3.619894e-01
4.732439e-01
5.256858e-01
6.355407e-01
2.659361e-01
2.097528e-01
7.155780e-01
0
0
0
0
0
4.066517e-01
0
0
9.157112e-03
8.849067e-02
0
3.111261e-02
0
0
0
3.089744e-01
0
1.597062e-01
0
3.658934e-01
0
3.570944e-01
0
2.208357e-01
3.280365e-01
3.354527e-01
2.636843e-01
5.304816e-01
2.367511e-02
1.010539e-01
0
0
0
0
0
1.356538e-01
4.601056e-01
4.348429e-01
0
0
3.266241e-01
4.152968e-01
0
0
2.868097e-01
4.015030e-01
4.424493e-01
3.613482e-01
3.456210e-01
3.328637e-01
0
0
0
0
0
0
0
0
0
0
0
0
0
0
1.586248e-01
3.693359e-01
2.734864e-01
4.363113e-01
1.813809e-01
4.937334e-01
2.505938e-01
3.621656e-01
0
2.087478e-01
0
1.737363e-01
1
8.206419e-01
0
0
1.414920e-01
4.882472e-01
0
3.416851e-02
0
1.216670e-01
2.433592e-01
0
3.431613e-01
3.191720e-01
2.185018e-01
1.067857e-01
0
1.836916e-01
0
2.490960e-01
4.368386e-02
1.826499e-01
4.893696e-01
0
0
0
1.805930e-01
6.449289e-01
0
4.785538e-01
0
1.005357e-01
1.516839e-01
0
2.327958e-01
0
1.774726e-01
0
2.764993e-01
4.874106e-01
6.131125e-02
0
4.452497e-01
2.130470e-01
0
1.459729e-01
0
2.940214e-01
5.435046e-02
9.064424e-03
0
0
0
0
0
1.251990e-01
1.349861e-02
2.057557e-01
8.367291e-02
2.505032e-01
8.885645e-02
3.380860e-01
2.584072e-02
2.534483e-01
1.388936e-01
1.860740e-01
3.592110e-01
5.434886e-01
0
0
0
0
0
0
0
0
3.302504e-01
2.673977e-01
0
0
1.430242e-02
1.541649e-01
0
0
2.796037e-01
4.793603e-01
4.417193e-01
4.404474e-01
4.897603e-01
2.763505e-01
0
0
0
0
0
0
0
0
0
0
0
0
0
0
1.639563e-01
2.087524e-01
1.727981e-01
1.740216e-01
1.281311e-01
3.664573e-01
3.247914e-02
1.071559e-01
0
2.827544e-01
0
1.328470e-01
8.206419e-01
1
0
0
2.947867e-01
4.809061e-01
9.456049e-02
8.441494e-02
0
0
2.747888e-01
5.998144e-02
2.076493e-01
3.568173e-01
1.668509e-01
0
1.297400e-01
3.133119e-01
6.187243e-02
3.554542e-01
1.297313e-01
3.171875e-01
4.186670e-01
1.013020e-01
1.223804e-01
0
2.581795e-01
6.173268e-01
0
4.894176e-01
0
0
3.392452e-02
6.711958e-02
0
0
1.459578e-01
0
3.897966e-01
3.134698e-01
0
0
2.892686e-01
2.371248e-02
0
2.353579e-01
6.237712e-02
3.016723e-01
1.191868e-01
0
6.427759e-01
0
4.861342e-01
9.483032e-02
7.908204e-01
0
4.894976e-01
0
4.576259e-01
0
1.284251e-01
0
1.588605e-01
0
0
0
7.115491e-02
0
2.120958e-01
1.139045e-01
4.490394e-01
2.438889e-01
2.308501e-01
9.371199e-02
2.470543e-01
0
0
0
2.020094e-01
4.589560e-01
0
0
2.947792e-01
0
0
0
0
0
0
0
2.603395e-01
2.637688e-01
1.048998e-01
0
3.036754e-01
3.151236e-01
3.058320e-01
3.095074e-01
4.254530e-01
4.517556e-01
4.018537e-01
1.185263e-01
4.590733e-01
3.741468e-01
0
0
0
0
0
0
0
0
3.747752e-01
0
9.131088e-02
0
0
0
1.000000e+00
3.102600e-01
3.521534e-01
0
4.976253e-01
2.745149e-01
1.452059e-01
0
0
1.202252e-01
0
0
0
0
2.660719e-01
0
5.727740e-02
0
0
1.658121e-02
0
8.017372e-02
0
7.497627e-02
0
0
0
0
5.240008e-02
0
0
1.463540e-01
0
0
0
0
0
0
0
0
0
0
3.184503e-01
3.141958e-02
0
0
5.191868e-01
4.042363e-01
0
3.702108e-01
0
1.383734e-01
2.027927e-01
4.912916e-01
9.685111e-03
7.175210e-03
2.632993e-01
4.828033e-01
2.939563e-01
5.165220e-01
1.405382e-01
4.048570e-01
0
0
4.352273e-01
1.862969e-01
4.579058e-01
7.440375e-01
0
0
0
0
1.343536e-01
4.741476e-02
1.455959e-01
2.191444e-01
0
1.137596e-01
0
0
0
0
0
2.400876e-02
0
3.340280e-02
0
2.632343e-01
0
0
0
0
0
0
0
0
0
0
0
0
0
0
9.999079e-02
2.163061e-01
1.863089e-01
2.476074e-01
2.879600e-01
1.783612e-01
8.786417e-02
1.560517e-01
0
7.244280e-02
0
0
0
0
3.102600e-01
1
4.070197e-01
4.716769e-01
4.916992e-01
5.194939e-01
0
5.011956e-02
0
0
0
9.744386e-03
0
1.528949e-01
0
1.884745e-01
3.566558e-01
2.701454e-01
0
2.294247e-01
9.673732e-02
0
0
0
0
0
0
0
0
0
0
0
0
0
0
0
0
0
0
0
1.143197e-03
0
4.927248e-02
0
0
1.765348e-01
0
0
3.900222e-01
0
1.509451e-01
0
4.862065e-01
0
2.347935e-01
0
3.101510e-01
0
7.838349e-02
0
1.103314e-01
0
0
0
2.562934e-01
1.461086e-01
1.143303e-01
1.420824e-01
2.924761e-01
1.164368e-01
6.836931e-02
0
5.688814e-02
0
0
0
2.616454e-01
0
1.602066e-01
1.435854e-01
1.213340e-01
4.896462e-02
1.954693e-01
1.946406e-02
2.434453e-01
1.300834e-01
4.946416e-01
5.221583e-01
0
0
0
0
0
0
0
0
0
1.525883e-01
0
1.996566e-02
0
0
0
0
0
0
0
0
0
0
2.281723e-01
7.378546e-02
4.196890e-02
6.007196e-02
1.414920e-01
2.947867e-01
3.521534e-01
4.070197e-01
1
6.732423e-01
7.643238e-01
7.045618e-01
0
0
0
5.829203e-02
0
0
0
0
2.990830e-01
1.525980e-01
7.800239e-02
0
1.368632e-01
1.060619e-01
1.182476e-01
1.691965e-01
0
1.575641e-01
6.400530e-02
0
0
0
0
0
0
2.860828e-01
1.014174e-01
3.802810e-02
2.040396e-02
0
2.193312e-01
0
2.042101e-02
0
0
0
0
9.323444e-02
5.080290e-02
6.088728e-02
9.562389e-02
2.304730e-01
0
7.503666e-02
0
0
5.751011e-02
1.961781e-01
4.713486e-02
0
9.408967e-02
1.631536e-01
1.886006e-01
2.174995e-01
1.808392e-01
6.905656e-02
0
0
2.101779e-01
2.546045e-01
9.510201e-02
2.919137e-01
0
0
0
0
0
0
3.364273e-01
1.843238e-01
0
0
2.792461e-01
4.760270e-01
0
0
3.603023e-01
4.859655e-01
4.071808e-01
4.033420e-01
5.799388e-01
8.403847e-01
0
0
0
0
0
0
0
0
0
0
0
1.800637e-02
0
0
6.345378e-02
9.916933e-02
1.243714e-02
1.312909e-01
0
7.654162e-02
0
1.061704e-01
0
6.200515e-02
0
1.056460e-01
4.882472e-01
4.809061e-01
0
4.716769e-01
6.732423e-01
1
5.752074e-01
6.805926e-01
0
2.144996e-02
0
0
0
1.879360e-01
3.090810e-02
6.854234e-02
0
1.450695e-01
2.431745e-01
2.624199e-01
2.397935e-01
9.904523e-02
1.438546e-01
4.028526e-02
0
2.637007e-02
1.357298e-01
3.989667e-01
0
9.890385e-02
0
0
0
8.170599e-02
0
0
0
0
2.269029e-01
2.764346e-01
0
0
3.105481e-02
0
0
0
7.406762e-03
1.127077e-01
2.071786e-01
2.017231e-01
3.723240e-01
0
6.121301e-02
0
5.573657e-01
0
3.469551e-01
0
2.643145e-01
0
6.640198e-02
0
1.757186e-01
0
0
0
3.889042e-01
1.777461e-01
1.780592e-01
1.732294e-01
2.002738e-01
5.801743e-02
0
0
0
0
1.958031e-01
8.085439e-03
8.423183e-02
1.443226e-01
1.132469e-01
1.465932e-01
0
0
7.199741e-02
5.160220e-02
0
8.444188e-02
3.297061e-01
4.511747e-01
4.047546e-02
6.965468e-02
0
0
1.022473e-01
2.944701e-02
4.488871e-02
1.954443e-01
0
1.159584e-01
0
0
6.894468e-02
2.949620e-02
8.246869e-02
0
0
0
0
0
0
0
0
0
0
0
0
9.456049e-02
4.976253e-01
4.916992e-01
7.643238e-01
5.752074e-01
1
7.906211e-01
0
0
2.403146e-02
1.530127e-01
0
0
0
0
6.366643e-02
0
3.977157e-01
0
0
0
0
0
0
0
1.994317e-01
0
0
0
0
0
0
0
0
0
0
0
3.060520e-01
0
1.485458e-01
0
0
0
0
9.938198e-03
2.746084e-01
1.224218e-01
1.907930e-02
9.329743e-02
1.107189e-01
0
3.691729e-02
0
2.795093e-01
0
2.113905e-01
0
5.365697e-02
1.970672e-02
4.614432e-02
1.188857e-01
4.637110e-04
0
0
0
1.457510e-01
0
2.135883e-01
2.120900e-01
1.481726e-01
9.116565e-02
0
0
0
0
4.283433e-02
0
2.379479e-02
0
1.849003e-01
2.401802e-01
0
0
1.585288e-01
5.687630e-02
0
1.990733e-01
2.314095e-01
4.531664e-01
1.636501e-03
9.343036e-03
0
3.251653e-02
5.560440e-02
6.842619e-03
0
1.281078e-01
1.906271e-02
1.630603e-01
2.878590e-02
1.090059e-01
6.812960e-02
4.014085e-02
9.379531e-03
0
0
0
0
0
0
0
0
0
0
2.625190e-02
3.416851e-02
8.441494e-02
2.745149e-01
5.194939e-01
7.045618e-01
6.805926e-01
7.906211e-01
1
0
0
0
2.859458e-02
0
1.124651e-01
0
0
0
4.478641e-03
2.945265e-01
0
1.763456e-02
0
0
0
2.268470e-02
0
2.765974e-01
0
0
0
0
0
0
0
0
0
0
0
2.748445e-01
1.129859e-02
2.001333e-01
0
0
0
9.032040e-04
3.884916e-02
3.302959e-01
0
0
0
3.335034e-02
0
6.070205e-02
0
8.984437e-02
0
0
0
0
0
0
0
0
0
0
0
0
0
1.021689e-01
0
0
1.463382e-02
1.587022e-01
2.102628e-01
7.194545e-02
0
0
0
0
5.489926e-02
1.339329e-01
1.521515e-01
6.858391e-01
7.600927e-01
7.341120e-02
0
0
0
1.309756e-01
3.811839e-02
3.139080e-01
2.829566e-01
5.438900e-01
4.049144e-01
2.067566e-01
3.649459e-01
2.921424e-01
3.500844e-01
2.864004e-01
1.770045e-01
0
0
2.833404e-01
9.821447e-02
0
0
0
0
0
0
0
0
4.976111e-01
9.826778e-02
7.198516e-01
5.704817e-01
0
0
1.452059e-01
0
0
0
0
0
1.000000e+00
3.659973e-01
0
0
0
0
0
6.009838e-02
1.816307e-01
6.068643e-02
0
2.169568e-01
0
0
3.336754e-01
5.087236e-01
3.760198e-01
2.198218e-01
0
0
1.256404e-01
2.434840e-01
4.149188e-01
2.461116e-01
1.603104e-01
4.139461e-01
4.304164e-01
4.734046e-01
2.583848e-01
2.230311e-01
3.469875e-02
4.990109e-01
0
0
0
0
0
1.218285e-01
0
0
8.971095e-02
1.138152e-01
0
5.214961e-01
0
0
0
3.995529e-01
0
0
0
1.663462e-01
0
1.249355e-01
0
1.750359e-01
0
3.236899e-02
0
1.066079e-01
3.499247e-01
1.284762e-01
0
0
0
1.316712e-02
3.430725e-02
1.760572e-01
0
0
0
9.613452e-02
3.149129e-01
3.997938e-01
0
7.521994e-02
0
0
0
0
0
0
3.351494e-02
2.009267e-02
1.860325e-01
1.604675e-01
0
0
0
0
0
0
0
0
0
0
2.368721e-01
2.821645e-01
2.031180e-01
4.620323e-01
2.164342e-01
1.885418e-01
3.553534e-01
5.050921e-01
0
0
3.564580e-01
6.310305e-01
1.216670e-01
0
0
5.011956e-02
0
2.144996e-02
0
0
3.659973e-01
1.000000e+00
0
0
0
0
0
3.597412e-01
0
1.107881e-01
0
2.694627e-01
0
0
3.477892e-01
0
1.984299e-01
0
0
0
0
2.290121e-02
5.680642e-01
1.853324e-01
6.741049e-01
0
7.679262e-01
4.561027e-01
2.717100e-01
5.906473e-02
0
3.197863e-01
0
0
1.350658e-01
5.029009e-02
0
0
0
1.706259e-01
1.770768e-01
1.156751e-01
1.297207e-01
5.733408e-02
0
1.659982e-01
4.448685e-02
0
8.729676e-02
2.942546e-01
5.852876e-02
1.255364e-01
0
0
7.724837e-02
0
7.019682e-01
8.027711e-01
5.676276e-01
3.654982e-01
0
0
0
0
0
0
0
0
5.669603e-01
4.481627e-01
2.325563e-01
1.581012e-01
2.361654e-01
4.074971e-02
0
0
1.529791e-01
2.256855e-02
0
0
1.017367e-01
0
0
0
0
0
2.939780e-02
0
4.324903e-02
2.293996e-02
0
0
1.581561e-02
0
0
0
3.943900e-01
3.714689e-01
2.696221e-01
1.105912e-01
2.963266e-01
0
2.792145e-01
1.250637e-01
0
0
0
0
2.433592e-01
2.747888e-01
0
0
0
0
2.403146e-02
0
0
0
1
6.862852e-01
7.055537e-01
1.458126e-01
4.467888e-01
0
0
0
1.503374e-01
0
0
8.522743e-02
3.147292e-02
0
0
0
1.551518e-01
2.755201e-01
0
3.055296e-02
2.079753e-01
1.201564e-01
0
0
0
0
0
0
1.888104e-01
0
2.092957e-01
0
0
4.800305e-01
6.207687e-02
0
2.667370e-01
2.137179e-01
0
3.391880e-02
5.615400e-01
0
8.849512e-02
1.125442e-01
2.577764e-01
0
4.841572e-01
1.486215e-02
1.466709e-01
0
0
0
3.141257e-01
0
3.458433e-01
4.365555e-01
3.973602e-01
1.063801e-01
0
0
2.885369e-01
1.546457e-01
1.409281e-02
1.872736e-03
0
0
3.576799e-01
2.233083e-01
4.597639e-01
8.521728e-02
1.638936e-01
0
0
0
4.589510e-01
1.982549e-01
1.687698e-01
2.995690e-01
2.073821e-01
6.218842e-02
1.089530e-01
1.407488e-01
0
0
2.122104e-01
9.088876e-02
2.073599e-01
2.427550e-01
0
2.023685e-01
1.123728e-01
2.360236e-01
8.585894e-02
2.215039e-01
4.816941e-02
0
0
0
0
0
0
0
0
0
0
0
0
5.998144e-02
1.202252e-01
0
5.829203e-02
0
1.530127e-01
2.859458e-02
0
0
6.862852e-01
1.000000e+00
5.300277e-01
1.513696e-01
3.919344e-01
0
1.894479e-01
0
4.057311e-01
0
0
6.512263e-02
0
3.703619e-04
0
6.092516e-02
4.677851e-01
3.469272e-01
4.472829e-02
0
0
0
0
0
0
0
0
1.168889e-02
3.075047e-01
0
4.128551e-01
1.223913e-01
0
7.710405e-02
4.782300e-03
0
4.291865e-01
1.605416e-01
2.541844e-01
2.932493e-01
0
0
0
2.586140e-01
0
1.269820e-01
0
3.856187e-01
3.598266e-02
3.614601e-01
0
1.178153e-01
5.316392e-02
1.552134e-01
8.357854e-01
8.068207e-01
4.330504e-01
3.253310e-01
0
0
0
0
0
0
0
1.287897e-01
6.401572e-01
6.709114e-01
2.672634e-02
0
1.417698e-01
2.907403e-03
0
0
6.191882e-02
6.605183e-02
0
5.363093e-02
0
0
0
0
0
0
1.952873e-02
0
0
0
0
0
1.232204e-01
4.001912e-03
0
0
4.416831e-01
5.462003e-01
2.629520e-01
2.604757e-01
4.160487e-01
1.596190e-01
5.563939e-01
3.840274e-01
0
0
0
0
3.431613e-01
2.076493e-01
0
0
0
0
0
0
0
0
7.055537e-01
5.300277e-01
1
3.709867e-01
5.342196e-01
1.785793e-01
0
0
1.716222e-01
0
0
1.886422e-01
0
0
0
0
2.142097e-01
4.167322e-01
0
2.776617e-02
5.409119e-02
1.395459e-01
0
0
0
0
0
0
8.542552e-02
0
2.408547e-01
1.292353e-01
3.162617e-01
5.655478e-01
2.064604e-01
0
1.956079e-01
3.343454e-01
2.116362e-01
4.844752e-01
0
9.862124e-02
0
4.275823e-01
0
2.106152e-01
1.296441e-01
3.412342e-01
1.795299e-01
3.465127e-01
3.877945e-01
5.027954e-01
3.221065e-01
5.330761e-01
3.023219e-01
3.962353e-01
2.847752e-01
3.421943e-01
0
2.468848e-02
0
1.911035e-01
5.111380e-02
0
9.784171e-02
1.700752e-01
3.781895e-01
3.362453e-01
0
0
1.715970e-01
9.218622e-02
0
0
2.635362e-02
2.192656e-01
2.486489e-01
1.854316e-01
0
6.153269e-02
0
0
0
0
0
0
0
0
0
0
0
3.234590e-02
0
0
4.256291e-01
3.808151e-01
0
9.214123e-02
1.930040e-01
3.611288e-01
1.214220e-01
4.988235e-01
0
2.474994e-01
0
0
3.191720e-01
3.568173e-01
0
9.744386e-03
0
1.879360e-01
0
1.124651e-01
0
0
1.458126e-01
1.513696e-01
3.709867e-01
1
3.262652e-01
5.576037e-01
0
4.586040e-01
5.681719e-01
3.384495e-01
3.941692e-01
1.869067e-01
0
0
0
0
0
2.732154e-01
0
1.336999e-01
0
0
0
0
0
0
0
0
0
0
0
3.146264e-01
1.907152e-01
2.621997e-01
2.023166e-01
0
8.626952e-02
1.833168e-01
2.642028e-01
3.348187e-01
1.107884e-01
3.389575e-01
7.854405e-02
3.994453e-01
0
1.850471e-01
1.733385e-01
2.042687e-01
1.777590e-01
1.990118e-01
0
1.753779e-01
6.319750e-01
4.492008e-01
7.072391e-01
5.337704e-01
5.434770e-01
6.715337e-01
2.638030e-05
1.542643e-01
6.253944e-02
2.078777e-01
0
1.073606e-01
4.144115e-02
4.107571e-01
7.363245e-01
7.606329e-01
4.447092e-01
4.212431e-01
1.560674e-01
6.540075e-02
0
0
1.066196e-01
4.371036e-01
2.899744e-01
1.528600e-01
2.438920e-02
5.096187e-02
0
0
0
0
0
0
0
0
0
0
0
0
0
0
2.315771e-01
4.054086e-01
0
0
1.961153e-01
2.695964e-01
4.029512e-01
5.315162e-01
0
0
0
0
2.185018e-01
1.668509e-01
0
0
0
3.090810e-02
0
0
0
0
4.467888e-01
3.919344e-01
5.342196e-01
3.262652e-01
1.000000e+00
5.030398e-01
0
0
5.497518e-01
9.256473e-02
0
3.908215e-02
0
0
0
0
1.629195e-01
4.438804e-01
0
0
0
0
0
0
0
0
0
1.270652e-01
0
0
4.113461e-02
3.971735e-01
3.954213e-01
3.919990e-01
0
0
2.833543e-01
5.433293e-01
2.686380e-01
3.858072e-01
0
4.820020e-01
0
4.473618e-01
0
4.946074e-01
0
2.990270e-01
1.051047e-01
3.301312e-01
2.939721e-01
5.005343e-01
4.109931e-01
6.767512e-01
3.917129e-01
3.420877e-01
1.447666e-01
3.360710e-01
1.692759e-01
1.707330e-01
0
1.082044e-03
0
6.980075e-03
9.867076e-02
2.790373e-01
4.278683e-01
4.184661e-01
0
1.365513e-01
1.900254e-01
1.911930e-01
0
0
0
1.253873e-01
9.168728e-02
0
0
6.735442e-02
0
0
0
0
0
0
0
0
0
0
0
0
0
0
2.331795e-01
3.507079e-01
0
1.497623e-01
3.180012e-01
3.980485e-01
3.175611e-01
6.736965e-01
0
0
0
0
1.067857e-01
0
0
1.528949e-01
0
6.854234e-02
0
0
6.009838e-02
3.597412e-01
0
0
1.785793e-01
5.576037e-01
5.030398e-01
1
0
1.877111e-01
3.316838e-01
5.692618e-01
9.153177e-02
0
6.305370e-02
0
1.931835e-02
0
0
7.610703e-02
0
2.021421e-02
1.008379e-01
0
2.140008e-02
0
8.024365e-02
0
0
0
0
5.473857e-02
0
4.093167e-01
3.242851e-01
3.886431e-01
0
0
0
2.305058e-01
0
0
6.881528e-01
0
6.130165e-01
2.395595e-01
4.743365e-01
0
6.160924e-01
4.863606e-02
3.390450e-01
0
1.151445e-01
0
4.662832e-01
3.486907e-02
0
0
0
4.561882e-02
0
0
7.981547e-01
6.488350e-01
5.588151e-01
4.562030e-01
2.919679e-01
0
0
0
3.879688e-01
1.116207e-01
0
0
5.183698e-01
4.046717e-01
3.129947e-01
1.627501e-01
5.139021e-01
2.217122e-01
4.562302e-01
4.843557e-04
0
0
8.238950e-02
0
0
0
0
7.827860e-03
0
2.125256e-01
0
2.136710e-01
0
8.739241e-04
0
0
0
0
0
0
0
0
8.740523e-01
4.595600e-01
3.031881e-01
0
0
1.297400e-01
2.660719e-01
0
2.990830e-01
0
6.366643e-02
0
1.816307e-01
0
0
1.894479e-01
0
0
0
0
1
4.108010e-01
2.899530e-02
1.866291e-01
3.155907e-01
3.330698e-02
0
4.757331e-01
5.123748e-01
5.176129e-01
1.228467e-01
0
0
1.009664e-01
0
0
0
4.958105e-01
0
0
0
3.286579e-01
0
0
0
0
0
0
0
0
0
0
6.512305e-03
5.532040e-03
0
2.236465e-01
3.258872e-01
4.732653e-01
0
2.511418e-01
1.087685e-01
4.219629e-01
2.740717e-01
1.803549e-01
3.909222e-01
4.806507e-01
2.379261e-01
4.977676e-01
0
0
0
1.689442e-01
1.826164e-01
2.561301e-01
2.875570e-01
4.168295e-01
4.767255e-01
2.838321e-01
5.474245e-01
3.586826e-01
0
0
4.967775e-02
0
0
0
2.141082e-01
2.232950e-01
0
0
3.420056e-01
0
0
0
0
0
0
0
0
0
0
0
0
0
0
8.896452e-02
0
0
0
0
1.136690e-02
7.750930e-02
0
6.620215e-01
0
4.007666e-02
3.814912e-01
8.571983e-01
0
1.338251e-01
1.836916e-01
3.133119e-01
0
1.884745e-01
1.525980e-01
1.450695e-01
0
4.478641e-03
6.068643e-02
1.107881e-01
0
0
0
4.586040e-01
0
1.877111e-01
4.108010e-01
1
7.941321e-02
3.456241e-01
4.974431e-01
4.102316e-01
5.195101e-01
1.619822e-02
5.304554e-01
2.643655e-02
0
0
0
3.067056e-01
0
0
3.290949e-01
8.111180e-02
2.135862e-01
3.501966e-02
0
0
0
1.040592e-02
0
6.193629e-02
2.214650e-01
0
8.682158e-02
2.058491e-01
0
0
2.733447e-01
5.815479e-01
1.507605e-01
1.328935e-01
2.268640e-01
3.230917e-01
2.350678e-02
0
2.686724e-01
0
1.303912e-01
7.492662e-02
2.412391e-02
1.616086e-01
4.367389e-01
3.264643e-01
2.822277e-01
3.143094e-01
5.627940e-01
5.082714e-01
1.585874e-01
3.774591e-01
3.302465e-01
3.468199e-01
6.354146e-02
1.927774e-01
2.087501e-01
2.505894e-01
4.204387e-01
4.636400e-01
3.969186e-01
1.971800e-01
1.361135e-01
1.263157e-01
0
0
2.271893e-01
4.757327e-01
2.061271e-01
3.896550e-01
0
2.232152e-01
0
0
0
0
0
0
0
0
0
0
0
0
0
0
2.619816e-01
3.067153e-01
0
0
0
0
6.431126e-02
3.194061e-01
0
0
0
0
0
6.187243e-02
5.727740e-02
3.566558e-01
7.800239e-02
2.431745e-01
3.977157e-01
2.945265e-01
0
0
1.503374e-01
4.057311e-01
1.716222e-01
5.681719e-01
5.497518e-01
3.316838e-01
2.899530e-02
7.941321e-02
1.000000e+00
1.690414e-01
8.881450e-03
5.916277e-02
0
0
0
0
2.202357e-01
3.459407e-01
0
0
0
0
0
0
0
0
0
0
0
0
0
4.054826e-01
5.186161e-02
1.656262e-01
0
0
4.051452e-01
4.155215e-01
1.017824e-01
4.464281e-02
0
1.820386e-01
0
2.212839e-01
0
2.480983e-01
7.133726e-02
1.226228e-01
9.406054e-02
1.651454e-01
2.169729e-01
5.180002e-01
1.693837e-01
5.576943e-01
0
0
1.499931e-01
3.271915e-01
0
8.960614e-02
0
1.735595e-02
0
0
0
0
1.044800e-01
7.476628e-02
0
0
0
1.011557e-01
0
4.574816e-02
3.684324e-02
3.638666e-01
2.356266e-01
2.119646e-01
2.457552e-01
1.448983e-01
0
0
0
0
0
0
0
0
0
0
0
0
0
0
0
0
0
0
1.347925e-01
2.251424e-01
9.228511e-03
1.958747e-01
2.565157e-02
1.872135e-01
1.790560e-01
3.395690e-01
2.490960e-01
3.554542e-01
0
2.701454e-01
0
2.624199e-01
0
0
2.169568e-01
2.694627e-01
0
0
0
3.384495e-01
9.256473e-02
5.692618e-01
1.866291e-01
3.456241e-01
1.690414e-01
1
9.078547e-02
0
2.475670e-01
4.801074e-02
4.047300e-01
0
0
3.092653e-01
0
4.157228e-01
0
0
0
0
0
0
0
0
3.025901e-02
3.348218e-01
0
2.082220e-01
1.954085e-01
0
0
0
0
1.501189e-01
6.710176e-02
1.634741e-01
0
8.347591e-02
2.866691e-01
1.261633e-01
1.310805e-01
4.723927e-02
3.043072e-01
2.891374e-01
3.533745e-01
3.586109e-02
5.168601e-01
1.237618e-01
3.561260e-01
0
0
0
0
0
0
0
1.157139e-01
0
3.639213e-01
4.172866e-03
1.793574e-01
0
0
0
4.819973e-02
0
0
0
2.886750e-01
1.757340e-01
7.348470e-02
1.210923e-01
5.531175e-01
1.956086e-01
2.931479e-01
3.006235e-01
0
0
0
0
0
0
0
0
8.706180e-02
2.504182e-01
2.756440e-01
5.399124e-01
0
0
2.741820e-01
0
1.395318e-01
1.186503e-01
3.492950e-02
2.849592e-01
0
0
2.411086e-01
4.851704e-01
0
0
4.368386e-02
1.297313e-01
0
0
1.368632e-01
2.397935e-01
0
1.763456e-02
0
0
0
0
0
3.941692e-01
0
9.153177e-02
3.155907e-01
4.974431e-01
8.881450e-03
9.078547e-02
1
4.106648e-01
8.182670e-02
3.047545e-01
1.201711e-01
4.406166e-01
0
2.689008e-02
4.231730e-02
8.068228e-02
0
1.876402e-01
1.113075e-01
3.293592e-01
0
8.595402e-02
0
0
0
0
0
1.323252e-01
2.848698e-01
0
3.155105e-01
0
0
0
5.412142e-01
3.423316e-01
0
1.403531e-01
9.215358e-02
4.179668e-01
1.270123e-01
3.564153e-01
3.002334e-01
6.169905e-01
5.137288e-01
5.425724e-01
5.347846e-01
4.415764e-01
2.822866e-01
2.311736e-01
2.546243e-01
9.969459e-02
2.721401e-01
1.014466e-01
6.623695e-02
4.802672e-01
1.081873e-01
0
1.851927e-01
0
3.629365e-01
3.240801e-01
1.021928e-01
2.706646e-01
6.179976e-02
0
0
0
0
0
0
3.311544e-02
1.465435e-01
1.180700e-01
0
0
0
0
0
0
0
0
0
0
0
6.091047e-02
4.203907e-01
5.336589e-01
0
0
4.015511e-01
4.264132e-01
5.070288e-01
3.786381e-01
3.314726e-01
5.591548e-01
0
0
0
4.609679e-01
0
0
1.826499e-01
3.171875e-01
1.658121e-02
2.294247e-01
1.060619e-01
9.904523e-02
0
0
0
0
8.522743e-02
6.512263e-02
1.886422e-01
1.869067e-01
3.908215e-02
0
3.330698e-02
4.102316e-01
5.916277e-02
0
4.106648e-01
1
3.302016e-01
1.252553e-01
0
1.855839e-01
0
1.757110e-01
0
0
0
0
2.500744e-01
8.790916e-02
0
0
0
0
0
0
0
0
4.373325e-01
1.684699e-02
4.295069e-01
3.951071e-02
0
0
9.309947e-02
0
0
4.071149e-01
0
2.994450e-01
0
5.013048e-01
0
5.459799e-01
1.124245e-01
3.626688e-01
9.601815e-02
3.882495e-01
0
3.740338e-01
4.066024e-02
0
2.404115e-02
2.204322e-01
3.734961e-01
2.544705e-01
0
0
3.327815e-02
0
3.022886e-01
3.024693e-01
0
0
0
0
0
0
1.299497e-01
2.677197e-01
0
0
1.390431e-01
0
8.087566e-02
0
0
0
0
0
0
0
0
0
0
0
0
0
0
0
7.689933e-02
1.612614e-01
5.210515e-01
4.886194e-01
2.853484e-01
6.825466e-01
4.498099e-02
6.298941e-02
9.107498e-03
4.000218e-01
1.674377e-01
3.398274e-01
4.893696e-01
4.186670e-01
0
9.673732e-02
1.182476e-01
1.438546e-01
0
0
3.336754e-01
3.477892e-01
3.147292e-02
0
0
0
0
6.305370e-02
0
5.195101e-01
0
2.475670e-01
8.182670e-02
3.302016e-01
1.000000e+00
2.889115e-01
3.655481e-01
0
0
0
0
3.288703e-01
2.307661e-01
3.859355e-02
7.130544e-01
1.725963e-01
6.237895e-01
5.341404e-01
7.404621e-02
0
0
2.471152e-01
0
0
2.756390e-01
0
0
2.416058e-01
0
0
0
0
3.077063e-01
0
6.342845e-02
0
3.797272e-01
0
2.771851e-01
9.706481e-02
1.652032e-01
0
1.305367e-01
0
0
0
0
0
0
0
0
0
1.717803e-01
0
2.241902e-01
0
0
0
0
0
0
0
0
0
7.180792e-01
6.705063e-01
3.351401e-01
0
3.101600e-01
8.723594e-02
6.169545e-01
1.762603e-01
0
0
0
0
0
1.223187e-01
0
1.201830e-01
1.781821e-01
4.549955e-01
1.287640e-01
4.110375e-01
9.579811e-02
2.708193e-01
0
0
0
0
0
0
0
0
5.062102e-01
2.472460e-01
4.048262e-01
1.975337e-01
0
1.013020e-01
8.017372e-02
0
1.691965e-01
4.028526e-02
0
0
5.087236e-01
0
0
3.703619e-04
0
0
0
0
4.757331e-01
1.619822e-02
0
4.801074e-02
3.047545e-01
1.252553e-01
2.889115e-01
1.000000e+00
2.802575e-01
8.018034e-01
3.296879e-02
0
2.995619e-01
2.230909e-01
0
3.311032e-01
5.342865e-02
8.743524e-01
1.573828e-02
3.953643e-01
6.208631e-02
1.390779e-01
2.645541e-01
2.734427e-01
0
0
0
0
0
2.735067e-02
0
0
0
0
5.319545e-02
4.189480e-02
2.997079e-01
2.567158e-01
1.357826e-01
0
1.527030e-01
0
0
0
0
8.110718e-02
0
2.057051e-01
0
0
0
0
1.060331e-01
0
4.493705e-01
5.558120e-01
3.850041e-01
4.758097e-01
3.688822e-01
1.465601e-01
0
0
0
6.592018e-02
0
0
4.523977e-01
4.625635e-01
1.459643e-02
1.164526e-01
1.272438e-01
0
1.599247e-01
0
0
0
2.038043e-01
1.236008e-01
0
0
0
0
0
0
0
1.510501e-02
0
0
0
0
0
0
0
4.056574e-02
0
0
5.849446e-01
3.561443e-01
5.791217e-01
4.893309e-01
0
1.223804e-01
0
0
0
0
0
2.268470e-02
3.760198e-01
1.984299e-01
0
0
0
0
0
1.931835e-02
5.123748e-01
5.304554e-01
0
4.047300e-01
1.201711e-01
0
3.655481e-01
2.802575e-01
1
1.598714e-01
1.015698e-02
0
0
1.929699e-01
0
0
2.700251e-01
3.374149e-01
8.365738e-02
2.362219e-01
1.684602e-01
2.866272e-01
0
1.520429e-01
0
0
0
0
0
1.308825e-01
0
0
0
0
3.505510e-01
0
2.239225e-01
0
2.628154e-01
0
3.122956e-01
0
1.088816e-01
0
1.550057e-01
0
6.876999e-03
0
0
0
0
0
0
0
3.217017e-01
0
3.729121e-01
8.182363e-02
0
0
0
0
5.910714e-03
0
0
0
7.192064e-01
6.684105e-01
4.046566e-01
1.539666e-01
3.721155e-01
4.284104e-01
4.792238e-01
2.439896e-01
5.120861e-02
5.017588e-02
1.170931e-02
0
6.137671e-02
2.199045e-01
3.836778e-02
1.540328e-01
2.927203e-01
6.158000e-01
2.317630e-01
6.452722e-01
1.833331e-01
5.092321e-01
0
0
0
0
0
0
0
0
5.479874e-01
3.880750e-01
2.398602e-01
8.287317e-02
0
0
7.497627e-02
0
1.575641e-01
2.637007e-02
0
0
2.198218e-01
0
0
6.092516e-02
0
0
0
0
5.176129e-01
2.643655e-02
0
0
4.406166e-01
1.855839e-01
0
8.018034e-01
1.598714e-01
1.000000e+00
2.432629e-01
9.514440e-02
4.881258e-01
1.665845e-01
0
2.637583e-01
0
8.543321e-01
0
1.316325e-01
0
2.671496e-01
2.719754e-01
2.098289e-01
3.825122e-02
0
0
0
0
0
0
0
0
0
2.404385e-01
0
2.522642e-02
0
0
0
3.003979e-01
0
0
0
0
0
0
0
0
1.028596e-02
0
6.359484e-02
0
0
3.031007e-01
2.418972e-01
8.073960e-02
1.404807e-01
0
0
1.089492e-01
1.276490e-01
2.235804e-01
0
3.561881e-02
1.482841e-01
3.997724e-02
1.919462e-03
6.297898e-01
4.897139e-01
1.117522e-01
6.283562e-01
3.868316e-01
1.491334e-01
2.254376e-01
2.542023e-01
1.705968e-01
2.871821e-01
3.170783e-01
2.398838e-01
1.522178e-01
3.145391e-01
0
1.606178e-01
0
3.499762e-01
7.509863e-02
2.827648e-01
0
0
0
0
0
0
0
0
6.480137e-02
0
0
0
1.805930e-01
2.581795e-01
0
0
6.400530e-02
1.357298e-01
1.994317e-01
2.765974e-01
0
0
1.551518e-01
4.677851e-01
2.142097e-01
0
1.629195e-01
0
1.228467e-01
0
2.202357e-01
0
0
0
0
3.296879e-02
1.015698e-02
2.432629e-01
1
5.661384e-01
5.099004e-01
3.097293e-02
0
0
0
5.935254e-02
0
0
2.910731e-01
2.772323e-01
6.423528e-01
8.150569e-02
4.255195e-01
5.576564e-02
0
0
0
1.262159e-01
5.934738e-01
6.137720e-02
0
8.145473e-02
0
0
0
1.409062e-02
0
0
6.219955e-02
0
0
3.925605e-02
0
1.081713e-01
1.511956e-01
2.925209e-02
3.132239e-01
3.039391e-01
2.502518e-01
4.034113e-01
0
8.830040e-02
0
0
0
0
0
4.102373e-02
4.691789e-01
5.045750e-01
8.919420e-02
0
1.041218e-01
2.768144e-01
0
0
6.065172e-01
8.185776e-01
5.206283e-01
7.678569e-01
4.359391e-01
4.015014e-01
0
0
0
0
0
0
0
0
0
0
0
7.595321e-02
0
0
6.541226e-03
1.767640e-01
0
0
0
1.293345e-01
4.366450e-02
9.656127e-02
0
8.171550e-02
0
0
6.449289e-01
6.173268e-01
0
0
0
3.989667e-01
0
0
0
0
2.755201e-01
3.469272e-01
4.167322e-01
2.732154e-01
4.438804e-01
7.610703e-02
0
0
3.459407e-01
3.092653e-01
2.689008e-02
1.757110e-01
0
0
0
9.514440e-02
5.661384e-01
1
2.816780e-01
4.843496e-01
0
0
0
0
0
0
0
9.474082e-02
4.541734e-01
2.530969e-01
1.653612e-01
2.544671e-01
4.409385e-01
1.583798e-01
0
0
2.326404e-01
3.035586e-01
0
0
0
0
0
0
0
0
0
0
0
0
0
0
0
0
0
0
0
0
0
0
0
0
1.441724e-01
1.133954e-01
0
0
0
0
0
0
4.534703e-02
2.126754e-01
3.971723e-01
3.976740e-01
4.734665e-01
3.539839e-01
1.023134e-01
4.946837e-01
2.130053e-01
2.088470e-01
4.298142e-01
4.377593e-01
2.979043e-01
3.584299e-01
4.537783e-01
4.598520e-01
3.607971e-01
3.536476e-01
3.773292e-01
3.508318e-01
1.342367e-01
3.597000e-01
3.887241e-01
4.583834e-01
0
0
0
0
0
0
0
0
7.093125e-02
3.820842e-02
1.183642e-01
9.679777e-02
0
0
0
0
0
0
0
0
1.256404e-01
0
0
4.472829e-02
0
0
0
0
0
0
0
0
4.231730e-02
0
0
2.995619e-01
0
4.881258e-01
5.099004e-01
2.816780e-01
1
2.493587e-01
1.325497e-02
4.149460e-01
0
3.160228e-01
0
0
3.396153e-01
3.229434e-01
4.257564e-01
3.957576e-01
2.998764e-01
3.489165e-01
1.521369e-01
6.087218e-02
7.896406e-03
1.799814e-01
0
0
0
0
0
0
0
0
0
0
0
1.699416e-02
0
0
0
0
0
0
0
0
0
3.808552e-02
0
0
0
0
0
1.324284e-02
0
0
0
0
0
0
1.038801e-01
1.730383e-01
2.098904e-01
4.336386e-01
2.157031e-01
3.496355e-01
3.062041e-01
3.566865e-01
1.326839e-01
1.338774e-01
0
0
1.443339e-01
1.688116e-01
0
0
0
0
0
5.951398e-02
0
0
0
0
0
0
1.822148e-02
0
0
2.570365e-01
0
0
7.585856e-02
4.718822e-01
3.361302e-01
4.805890e-01
4.785538e-01
4.894176e-01
0
0
0
9.890385e-02
0
0
2.434840e-01
2.290121e-02
3.055296e-02
0
2.776617e-02
1.336999e-01
0
2.021421e-02
1.009664e-01
3.067056e-01
0
4.157228e-01
8.068228e-02
0
3.288703e-01
2.230909e-01
1.929699e-01
1.665845e-01
3.097293e-02
4.843496e-01
2.493587e-01
1
0
2.953090e-01
0
2.820145e-01
1.992331e-02
1.399033e-01
3.423805e-01
7.793109e-02
3.222375e-01
6.017717e-01
1.991519e-01
3.264122e-01
3.513703e-01
5.403354e-03
0
4.086476e-01
0
0
1.961515e-01
6.127485e-02
0
2.242945e-01
0
0
0
2.797559e-01
0
0
0
1.424585e-01
0
0
0
0
1.968661e-01
2.516313e-01
0
0
3.098336e-01
1.573184e-02
0
0
0
0
0
0
5.966547e-02
0
0
9.315540e-02
3.033637e-01
2.140075e-01
0
1.838900e-02
0
0
0
0
0
0
4.159203e-01
3.563613e-01
2.357844e-01
2.407697e-01
3.652432e-01
3.868163e-01
4.074388e-01
2.365957e-01
3.078196e-01
0
1.200114e-01
0
3.377082e-01
8.314626e-02
2.734518e-01
2.405593e-01
4.323831e-01
4.589930e-01
3.302405e-01
0
3.568659e-01
1.837760e-01
0
0
2.632417e-01
3.452428e-01
0
0
5.240008e-02
0
0
0
0
0
4.149188e-01
5.680642e-01
2.079753e-01
0
5.409119e-02
0
0
1.008379e-01
0
0
0
0
0
0
2.307661e-01
0
0
0
0
0
1.325497e-02
0
1.000000e+00
5.397048e-01
4.608620e-01
0
6.484799e-01
5.642725e-01
3.207533e-01
0
1.218480e-02
2.762308e-01
5.394206e-02
0
1.304677e-02
5.252467e-01
2.217645e-01
1.871405e-01
0
0
0
1.947274e-02
0
0
0
0
0
0
0
0
0
0
0
0
0
0
0
1.064774e-01
0
0
0
0
0
0
0
0
0
0
0
0
0
0
3.299801e-01
2.115634e-01
2.699263e-01
2.853625e-01
0
0
0
0
0
7.893324e-02
3.003481e-01
2.506398e-01
1.200338e-01
1.441036e-01
3.241808e-01
3.943495e-01
4.000962e-01
3.229337e-01
4.764443e-01
4.248662e-01
3.175230e-01
1.384148e-01
3.373318e-01
4.044352e-01
6.994177e-02
2.214019e-02
2.688071e-01
3.079563e-01
6.257632e-02
0
0
0
0
3.679532e-02
1.641712e-01
2.202650e-01
1.005357e-01
0
0
0
0
0
0
0
2.461116e-01
1.853324e-01
1.201564e-01
0
1.395459e-01
0
0
0
0
0
0
0
1.876402e-01
0
3.859355e-02
3.311032e-01
0
2.637583e-01
0
0
4.149460e-01
2.953090e-01
5.397048e-01
1
1.870968e-01
3.082759e-01
3.667329e-01
4.807167e-01
3.338528e-01
0
1.884813e-01
3.970088e-01
3.566650e-01
0
1.146864e-01
2.561068e-01
3.350358e-01
4.319308e-01
0
0
2.675176e-01
1.328255e-02
0
5.664949e-01
0
2.265134e-01
0
4.776086e-01
0
3.439635e-01
0
3.695193e-01
0
2.272757e-01
0
2.183210e-01
1.259338e-01
1.044829e-01
0
7.436843e-02
4.957660e-01
2.927598e-01
0
0
1.440830e-01
1.174972e-02
3.761880e-01
4.350818e-01
0
0
0
9.549510e-02
0
0
0
2.070887e-02
0
0
0
0
0
0
0
0
0
0
0
0
0
0
0
0
2.158397e-02
0
0
0
4.347092e-01
4.088905e-01
6.037148e-01
6.408120e-01
3.611451e-01
4.767090e-01
3.055135e-01
2.575827e-01
0
1.344535e-01
1.287900e-01
3.150073e-01
1.516839e-01
3.392452e-02
0
0
0
0
0
0
1.603104e-01
6.741049e-01
0
0
0
0
0
2.140008e-02
0
3.290949e-01
0
0
1.113075e-01
2.500744e-01
7.130544e-01
5.342865e-02
2.700251e-01
0
0
0
0
0
4.608620e-01
1.870968e-01
1
0
8.180381e-01
6.263463e-01
1.387751e-01
0
0
0
0
0
2.156260e-01
3.483343e-02
8.049504e-02
1.959140e-01
0
0
0
0
3.266914e-01
0
8.020861e-02
0
3.959329e-01
0
1.940579e-01
0
1.860494e-02
0
4.470866e-02
0
0
0
0
0
0
0
0
0
1.793932e-01
0
1.880225e-01
0
0
0
0
0
0
0
0
0
7.691849e-01
7.364461e-01
2.091066e-01
2.093778e-02
2.140622e-01
1.508714e-01
4.989640e-01
2.077699e-01
5.625987e-02
4.995914e-02
9.904574e-02
3.033965e-02
3.796261e-02
2.573610e-01
8.682165e-02
2.368985e-01
2.947700e-01
6.417835e-01
1.343246e-01
4.127092e-01
1.826115e-01
4.573139e-01
0
0
0
0
0
0
0
0
5.640006e-01
3.159170e-01
5.311789e-01
3.619894e-01
0
6.711958e-02
1.463540e-01
0
2.860828e-01
8.170599e-02
0
0
4.139461e-01
0
0
0
0
0
0
0
4.958105e-01
8.111180e-02
0
0
3.293592e-01
8.790916e-02
1.725963e-01
8.743524e-01
3.374149e-01
8.543321e-01
5.935254e-02
0
3.160228e-01
2.820145e-01
0
3.082759e-01
0
1
0
4.963560e-01
2.323067e-01
2.390113e-01
2.619214e-01
2.850904e-01
0
0
0
0
0
2.311513e-01
0
0
2.535752e-02
0
0
3.986136e-01
0
0
0
3.713729e-01
0
9.021688e-02
0
1.849643e-01
0
4.078426e-02
0
7.875800e-02
2.602047e-02
7.842042e-02
0
1.285335e-01
5.608849e-01
1.680086e-01
0
0
7.226370e-02
4.398686e-03
2.813554e-01
3.053873e-01
0
0
0
1.077602e-01
2.942441e-01
1.952475e-01
8.654309e-02
1.851458e-01
0
0
0
0
0
0
0
0
6.480051e-02
0
0
0
0
0
0
0
0
0
0
0
1.718902e-01
2.448606e-01
3.518675e-01
5.479773e-01
1.934317e-01
3.497689e-01
2.046943e-01
2.812170e-01
0
5.061777e-02
2.934030e-01
4.732439e-01
2.327958e-01
0
0
0
1.014174e-01
0
0
0
4.304164e-01
7.679262e-01
0
0
0
0
0
8.024365e-02
0
2.135862e-01
0
0
0
0
6.237895e-01
1.573828e-02
8.365738e-02
0
0
0
0
1.992331e-02
6.484799e-01
3.667329e-01
8.180381e-01
0
1
6.530663e-01
3.885683e-01
0
0
2.434699e-01
0
0
9.786617e-02
1.020804e-01
0
2.916833e-01
0
0
0
0
0
2.231345e-01
0
0
4.842648e-02
1.345459e-01
0
3.990263e-02
0
0
0
0
0
0
0
0
0
0
1.108773e-01
0
0
0
0
0
0
3.262141e-02
0
0
0
6.290371e-02
1.014514e-02
0
4.146240e-01
4.749727e-01
0
0
0
0
0
0
1.093493e-01
2.590759e-02
1.951464e-01
9.641225e-02
4.927250e-02
2.471302e-01
1.750413e-01
1.371572e-01
3.363205e-01
2.677735e-01
1.734272e-01
0
1.499605e-01
1.443476e-01
0
0
4.071875e-01
3.169263e-01
3.791200e-02
1.105681e-01
0
0
1.241940e-01
5.324075e-03
5.465958e-01
5.256858e-01
0
0
0
0
3.802810e-02
0
0
0
4.734046e-01
4.561027e-01
0
0
0
0
0
0
0
3.501966e-02
0
0
8.595402e-02
0
5.341404e-01
3.953643e-01
2.362219e-01
1.316325e-01
0
0
0
1.399033e-01
5.642725e-01
4.807167e-01
6.263463e-01
4.963560e-01
6.530663e-01
1
4.598541e-01
3.874616e-02
0
2.767319e-01
0
0
2.103189e-03
0
4.499456e-02
4.006458e-01
0
0
0
0
0
0
0
0
0
0
0
0
0
0
0
0
0
0
0
0
0
2.954565e-02
7.736304e-02
0
0
0
0
1.379237e-01
0
0
0
0
0
2.959319e-03
2.597699e-01
3.112033e-01
2.308988e-01
3.370624e-01
1.125207e-01
0
0
0
6.708545e-02
0
4.298307e-01
4.281317e-01
5.907477e-01
6.147469e-01
3.934985e-01
4.898692e-01
4.252596e-01
4.665443e-01
1.082649e-01
6.544016e-02
0
0
1.207235e-01
1.593464e-01
0
0
0
0
0
0
3.587571e-02
0
9.737927e-02
0
6.314813e-01
6.355407e-01
1.774726e-01
1.459578e-01
0
0
2.040396e-02
0
0
0
2.583848e-01
2.717100e-01
0
0
0
0
0
0
0
0
0
0
0
0
7.404621e-02
6.208631e-02
1.684602e-01
0
2.910731e-01
0
3.396153e-01
3.423805e-01
3.207533e-01
3.338528e-01
1.387751e-01
2.323067e-01
3.885683e-01
4.598541e-01
1
3.726543e-01
4.257603e-01
4.540816e-01
3.272783e-01
0
0
0
0
6.971609e-01
2.091128e-01
0
0
0
3.302163e-01
0
2.068203e-01
0
0
0
0
0
0
0
0
0
0
0
0
0
0
0
0
0
3.297853e-01
2.804787e-01
1.575340e-01
5.644220e-01
0
2.459021e-02
0
0
2.581882e-01
3.923672e-01
0
9.821987e-02
2.476986e-01
3.557296e-01
3.146680e-01
3.083881e-01
1.030551e-01
1.690942e-01
5.356367e-02
0
4.723108e-01
4.898385e-01
6.403788e-01
5.707429e-01
3.682401e-01
4.514125e-01
3.608573e-01
3.375921e-01
1.461762e-02
0
0
0
1.239686e-01
1.766700e-01
0
0
0
0
0
0
0
0
3.444366e-01
0
4.628645e-01
2.659361e-01
0
0
0
0
0
0
0
0
2.230311e-01
5.906473e-02
0
1.168889e-02
0
0
1.270652e-01
0
3.286579e-01
0
0
0
0
0
0
1.390779e-01
2.866272e-01
2.671496e-01
2.772323e-01
9.474082e-02
3.229434e-01
7.793109e-02
0
0
0
2.390113e-01
0
3.874616e-02
3.726543e-01
1.000000e+00
1.020354e-01
7.719158e-02
0
2.059586e-01
0
0
0
0
3.156930e-01
2.099669e-01
0
0
5.957951e-02
0
0
0
0
0
6.299814e-02
0
0
0
0
0
0
0
0
0
3.111324e-02
0
0
0
0
0
0
0
0
0
4.705727e-02
0
0
0
1.486654e-01
2.954099e-01
1.424190e-01
1.464950e-01
5.187684e-01
2.565945e-01
0
5.095903e-01
4.499910e-01
3.010972e-01
3.323884e-01
3.792007e-01
2.115155e-01
3.668541e-01
3.895629e-01
3.710812e-01
2.599999e-01
4.594744e-01
0
2.364533e-01
0
2.606962e-02
9.923673e-02
3.297898e-01
0
0
0
0
0
0
0
0
0
0
2.306506e-01
2.097528e-01
2.764993e-01
3.897966e-01
0
0
2.193312e-01
2.269029e-01
3.060520e-01
2.748445e-01
3.469875e-02
0
1.888104e-01
3.075047e-01
8.542552e-02
0
0
0
0
0
0
3.025901e-02
0
0
0
2.645541e-01
0
2.719754e-01
6.423528e-01
4.541734e-01
4.257564e-01
3.222375e-01
1.218480e-02
1.884813e-01
0
2.619214e-01
0
0
4.257603e-01
1.020354e-01
1.000000e+00
4.649851e-01
4.375672e-01
0
0
1.349220e-02
0
3.336406e-01
3.043851e-01
5.949878e-03
0
0
0
0
0
0
0
0
0
0
0
0
0
7.988023e-04
0
0
0
0
0
0
0
0
0
0
0
0
0
0
0
0
0
0
3.181732e-01
5.461361e-01
3.243567e-01
5.613871e-01
2.550213e-01
1.675593e-01
7.936274e-02
2.246666e-01
2.460787e-01
3.565645e-01
1.603773e-01
1.442023e-01
2.992685e-01
3.926218e-01
9.141274e-02
1.894445e-01
7.368319e-02
1.933680e-01
0
0
0
0
0
3.032874e-02
0
0
0
7.022634e-02
0
0
0
0
0
1.392738e-01
4.817194e-01
7.155780e-01
4.874106e-01
3.134698e-01
0
0
0
2.764346e-01
0
1.129859e-02
4.990109e-01
3.197863e-01
0
0
0
0
0
5.473857e-02
0
1.040592e-02
0
3.348218e-01
0
0
2.471152e-01
2.734427e-01
1.520429e-01
2.098289e-01
8.150569e-02
2.530969e-01
3.957576e-01
6.017717e-01
2.762308e-01
3.970088e-01
0
2.850904e-01
2.434699e-01
2.767319e-01
4.540816e-01
7.719158e-02
4.649851e-01
1
1.175749e-01
0
9.801787e-02
0
0
2.856848e-01
0
0
0
0
2.143226e-02
0
0
0
0
0
2.130487e-02
0
0
0
0
0
0
0
0
0
0
0
0
0
0
0
0
0
0
0
2.543998e-01
9.873785e-02
0
0
3.581648e-01
2.277882e-01
0
0
1.490447e-01
1.376405e-02
0
2.931061e-01
6.468316e-03
8.902291e-02
4.590628e-01
4.573611e-01
3.197729e-01
4.416884e-01
5.097462e-01
4.832378e-01
5.667982e-01
5.727729e-01
3.513491e-01
4.008271e-01
2.191782e-01
2.955343e-02
4.651565e-01
5.698692e-01
0
0
0
0
0
0
8.295463e-02
0
0
0
2.893198e-02
0
6.131125e-02
0
0
0
2.042101e-02
0
1.485458e-01
2.001333e-01
0
0
2.092957e-01
4.128551e-01
2.408547e-01
0
4.113461e-02
0
0
0
0
0
0
0
0
0
0
3.825122e-02
4.255195e-01
1.653612e-01
2.998764e-01
1.991519e-01
5.394206e-02
3.566650e-01
0
0
0
0
3.272783e-01
0
4.375672e-01
1.175749e-01
1
2.443605e-01
0
2.416331e-01
2.038574e-01
3.550769e-01
2.529135e-01
0
1.084952e-01
2.918203e-01
0
0
2.628697e-02
8.438685e-02
0
0
9.538417e-02
0
0
0
1.053117e-01
5.824010e-02
3.417212e-01
6.111152e-02
5.061555e-02
0
0
0
0
0
0
0
0
1.491019e-01
0
1.073263e-01
1.930672e-01
2.653117e-01
0
0
0
0
0
0
0
3.573819e-01
4.819270e-03
2.691129e-01
0
8.561780e-03
8.467929e-02
1.085991e-01
9.156553e-02
1.275734e-01
6.601584e-02
3.911004e-02
1.479934e-01
4.688921e-02
1.294784e-01
1.095162e-01
4.569199e-02
6.997880e-02
2.233188e-01
2.269966e-01
0
2.773288e-03
0
0
0
9.135399e-02
0
1.802198e-01
0
1.171735e-01
0
0
0
0
0
0
0
0
0
0
0
0
0
1.223913e-01
1.292353e-01
3.146264e-01
3.971735e-01
4.093167e-01
0
6.193629e-02
4.054826e-01
2.082220e-01
1.323252e-01
0
0
0
0
0
5.576564e-02
2.544671e-01
3.489165e-01
3.264122e-01
0
0
0
0
0
0
0
2.059586e-01
0
0
2.443605e-01
1
4.540987e-01
3.395448e-01
2.299791e-01
0
0
0
4.373477e-01
4.224806e-01
0
3.592651e-01
0
1.482474e-01
0
5.199991e-01
0
3.411014e-01
8.858627e-02
4.443225e-01
1.830079e-01
3.876692e-01
1.407918e-01
2.319324e-01
4.374557e-01
2.163292e-01
7.783834e-02
2.941715e-01
0
3.944307e-01
0
0
0
0
7.929997e-02
4.432880e-01
3.661928e-01
5.369196e-01
0
0
0
0
0
0
0
3.608636e-01
3.198885e-01
2.147700e-01
0
7.095481e-02
0
0
0
0
0
0
0
0
0
0
0
5.390648e-03
0
0
3.511027e-01
5.503228e-01
4.198650e-01
5.168890e-01
3.159722e-01
7.025385e-01
2.634090e-01
4.129797e-01
0
3.087254e-01
0
0
4.452497e-01
2.892686e-01
0
1.143197e-03
0
3.105481e-02
0
0
0
1.350658e-01
0
0
3.162617e-01
1.907152e-01
3.954213e-01
3.242851e-01
0
2.214650e-01
5.186161e-02
1.954085e-01
2.848698e-01
4.373325e-01
2.756390e-01
0
0
0
0
4.409385e-01
1.521369e-01
3.513703e-01
1.304677e-02
1.146864e-01
2.156260e-01
0
9.786617e-02
2.103189e-03
0
0
0
9.801787e-02
0
4.540987e-01
1
4.716148e-01
2.394361e-01
0
0
5.803345e-02
5.211430e-01
4.961452e-01
0
1.882268e-01
0
0
0
3.439560e-01
0
2.074437e-01
9.848344e-02
3.791217e-01
1.656383e-02
1.938895e-01
0
9.457982e-02
6.791386e-01
5.789365e-01
2.635913e-01
1.876212e-01
9.263797e-02
1.606465e-01
0
0
0
0
0
1.241109e-01
6.380580e-01
5.887536e-01
0
0
2.438535e-01
4.292026e-02
0
0
0
0
0
0
0
2.200418e-02
4.486078e-02
1.046042e-02
0
0
8.167768e-02
0
8.003386e-02
0
9.469584e-03
0
2.178810e-01
0
1.380001e-01
1.918702e-03
5.979964e-01
5.692292e-01
3.989199e-01
4.089127e-01
4.421726e-01
1.814293e-01
4.782533e-01
4.458087e-01
0
0
0
0
2.130470e-01
2.371248e-02
0
0
0
0
0
0
0
5.029009e-02
4.800305e-01
7.710405e-02
5.655478e-01
2.621997e-01
3.919990e-01
3.886431e-01
0
0
1.656262e-01
0
0
1.684699e-02
0
0
0
0
0
1.583798e-01
6.087218e-02
5.403354e-03
5.252467e-01
2.561068e-01
3.483343e-02
0
1.020804e-01
0
0
0
1.349220e-02
0
2.416331e-01
3.395448e-01
4.716148e-01
1
5.725808e-01
1.730656e-02
0
0
4.830253e-01
3.227587e-01
0
0
0
4.274947e-02
6.798330e-02
2.242198e-01
1.979873e-01
3.971317e-01
4.541501e-01
3.520796e-01
4.179783e-01
2.616944e-01
4.227205e-02
0
1.696142e-01
1.015316e-02
0
0
0
1.343277e-01
0
0
0
0
0
0
7.503370e-02
4.834696e-02
0
0
0
0
2.073688e-02
0
0
0
0
0
0
0
0
0
0
0
4.272428e-02
2.258351e-02
5.836814e-02
0
4.697270e-01
4.190195e-01
7.674969e-01
4.278502e-01
3.916746e-01
4.109417e-01
4.490331e-01
2.039764e-01
4.648207e-01
3.117894e-01
3.385772e-01
2.071979e-01
3.626397e-02
0
0
4.380983e-02
0
0
0
0
3.184503e-01
4.927248e-02
0
0
0
9.032040e-04
0
0
6.207687e-02
4.782300e-03
2.064604e-01
2.023166e-01
0
0
0
8.682158e-02
0
0
3.155105e-01
4.295069e-01
0
0
0
0
0
0
7.896406e-03
0
2.217645e-01
3.350358e-01
8.049504e-02
0
0
4.499456e-02
0
0
0
0
2.038574e-01
2.299791e-01
2.394361e-01
5.725808e-01
1
2.528428e-01
0
0
0
0
0
0
0
0
0
0
0
0
0
0
0
0
0
0
0
0
0
0
8.057714e-02
0
0
0
2.594381e-03
0
0
0
0
0
0
0
0
0
2.454211e-01
2.424544e-01
0
0
0
0
0
0
1.507081e-01
1.533956e-01
2.206859e-01
2.577619e-01
1.962795e-01
2.860224e-01
2.424996e-01
3.217010e-01
2.791585e-01
3.714010e-01
1.180246e-01
0
1.535145e-01
2.911268e-01
0
0
1.145507e-01
2.545312e-02
0
2.769829e-02
0
0
8.950262e-02
2.465014e-01
3.742166e-01
4.066517e-01
1.459729e-01
2.353579e-01
3.141958e-02
0
9.323444e-02
0
9.938198e-03
3.884916e-02
1.218285e-01
0
0
0
0
0
0
0
0
2.058491e-01
0
0
0
3.951071e-02
2.416058e-01
2.735067e-02
1.308825e-01
0
1.262159e-01
0
1.799814e-01
4.086476e-01
1.871405e-01
4.319308e-01
1.959140e-01
2.311513e-01
2.916833e-01
4.006458e-01
6.971609e-01
0
3.336406e-01
2.856848e-01
3.550769e-01
0
0
1.730656e-02
2.528428e-01
1
0
0
0
0
2.266528e-01
0
0
0
0
0
0
0
0
0
0
0
0
0
6.116733e-02
1.688905e-01
1.940889e-01
1.508395e-01
0
0
2.305645e-01
3.564237e-01
0
2.498147e-01
0
0
1.456476e-01
1.356926e-01
3.665215e-01
2.705666e-01
3.071566e-01
3.236300e-01
0
0
3.310468e-01
2.596084e-01
0
2.185339e-01
0
1.178411e-04
3.396410e-01
3.550892e-01
3.458517e-01
4.531089e-01
3.731729e-01
2.622644e-01
2.769378e-01
3.552389e-01
0
0
0
0
0
4.679273e-02
0
0
0
0
0
0
2.406334e-01
1.427426e-01
0
0
0
0
0
6.237712e-02
0
0
5.080290e-02
7.406762e-03
2.746084e-01
3.302959e-01
0
0
2.667370e-01
4.291865e-01
1.956079e-01
8.626952e-02
2.833543e-01
0
0
0
4.051452e-01
0
0
0
0
0
0
0
5.934738e-01
2.326404e-01
0
0
0
0
0
0
0
0
2.091128e-01
3.156930e-01
3.043851e-01
0
2.529135e-01
0
0
0
0
0
1
5.337870e-01
2.154807e-01
2.465353e-01
9.642227e-03
3.466052e-01
0
1.578181e-01
0
2.470698e-01
0
0
0
3.162733e-01
0
2.185381e-01
1.259249e-01
4.178983e-01
4.231667e-01
3.815523e-01
6.021757e-01
6.149011e-01
4.183980e-02
7.935335e-02
6.317336e-02
1.515252e-01
0
0
0
9.642593e-02
4.888174e-01
5.162088e-01
2.250179e-01
2.356048e-01
2.428964e-01
3.564837e-01
0
0
1.415612e-01
3.259643e-01
1.637460e-01
1.355152e-01
0
7.023500e-02
0
0
0
0
0
0
0
0
0
0
0
0
0
0
2.633559e-01
4.329619e-01
8.999211e-04
1.949385e-01
3.719563e-01
6.183214e-02
5.665610e-01
5.683226e-01
0
0
0
0
2.940214e-01
3.016723e-01
0
1.765348e-01
6.088728e-02
1.127077e-01
1.224218e-01
0
0
1.706259e-01
2.137179e-01
1.605416e-01
3.343454e-01
1.833168e-01
5.433293e-01
2.305058e-01
0
0
4.155215e-01
1.501189e-01
0
0
0
0
0
0
6.137720e-02
3.035586e-01
0
0
0
0
0
0
0
0
0
2.099669e-01
5.949878e-03
0
0
0
5.803345e-02
0
0
0
5.337870e-01
1
