1
7.494857e-01
0
5.551439e-01
0
2.669667e-01
1.881767e-01
7.263527e-01
3.747267e-02
4.131815e-01
4.675388e-01
8.178941e-01
5.025834e-01
6.232587e-01
2.512550e-01
5.019188e-01
5.321920e-01
3.322197e-01
5.964357e-01
3.266131e-01
2.839877e-01
6.372508e-01
0
0
0
0
1.237103e-02
1.875423e-01
4.972826e-01
5.829786e-01
0
1.184636e-01
0
0
0
0
0
0
0
0
0
0
0
0
0
0
0
0
0
0
0
0
2.457814e-01
0
0
0
7.364810e-01
7.460577e-01
6.306293e-01
6.285015e-01
7.859222e-01
4.068663e-01
5.353295e-01
4.496970e-01
0
0
0
0
1.780641e-02
6.231338e-02
1.848964e-01
5.757578e-01
5.963275e-02
1.260238e-01
2.452694e-01
3.942642e-02
0
1.153641e-01
1.891848e-01
0
2.345088e-01
1.609305e-01
2.812739e-01
2.753661e-01
0
0
2.168694e-01
1.065876e-01
0
5.149845e-01
1.451308e-01
0
0
0
0
0
0
0
2.129711e-01
0
2.875714e-01
0
7.234410e-02
0
0
0
0
0
0
5.813956e-02
4.230233e-01
5.689343e-01
4.877650e-01
0
0
1.890826e-01
7.494857e-01
1
0
2.763303e-01
0
1.089256e-01
0
4.772518e-01
0
1.295364e-01
2.703895e-01
6.020821e-01
3.991470e-01
4.202664e-01
1.849135e-01
2.944212e-01
5.320655e-01
4.822316e-01
4.671537e-01
3.330769e-01
2.273098e-01
5.448627e-01
0
0
0
0
8.315104e-02
2.365861e-01
5.526026e-01
6.295721e-01
0
0
1.082246e-01
1.142451e-01
0
0
0
1.402603e-01
0
8.514178e-02
0
2.346546e-01
0
0
0
0
0
0
0
0
0
0
1.016256e-01
0
0
0
6.931131e-01
7.849034e-01
2.345716e-01
4.696963e-01
4.716745e-01
2.750127e-01
3.821026e-01
5.583845e-01
0
0
0
0
9.660342e-02
1.014844e-02
0
4.135980e-01
0
2.243001e-01
2.150445e-01
9.941610e-02
0
1.011217e-01
1.056325e-01
2.655581e-02
3.167684e-01
4.610663e-01
3.216833e-01
3.798015e-01
0
0
5.361529e-01
4.881927e-02
1.516449e-01
3.330469e-01
0
0
0
0
0
9.039120e-02
0
0
6.942644e-02
1.112813e-02
6.989420e-03
0
0
0
0
0
0
0
0
2.717346e-01
4.342037e-01
6.024692e-01
3.463567e-01
0
0
2.456430e-01
0
0
1.000000e+00
0
4.412184e-01
0
7.713732e-01
0
6.869763e-01
0
4.063570e-01
0
0
0
4.868804e-01
0
0
0
1.612635e-01
0
0
0
6.403263e-01
3.411547e-01
1.137624e-02
6.403684e-02
0
0
5.041960e-02
0
5.381923e-01
4.918821e-01
0
0
1.378479e-01
0
3.244192e-01
0
1.115246e-01
0
4.124389e-01
5.735332e-02
2.252110e-01
2.220475e-01
1.417818e-01
5.846822e-02
2.717901e-01
2.695455e-01
3.029227e-01
3.369489e-01
1.121773e-01
3.128059e-01
1.486566e-01
2.111606e-01
3.162458e-01
3.569529e-01
0
0
0
0
0
0
0
0
4.801988e-01
0
1.120913e-01
0
0
0
6.140520e-01
0
4.167752e-01
0
3.767648e-01
1.509993e-01
7.561327e-02
0
2.564113e-01
6.078130e-01
0
0
2.477052e-01
0
6.146613e-01
0
0
0
0
0
0
3.765075e-01
0
4.170085e-01
2.342187e-01
0
0
0
0
0
0
3.582590e-01
0
0
0
2.319942e-01
3.870617e-02
0
2.361061e-01
0
0
0
0
0
1.162569e-01
0
5.551439e-01
2.763303e-01
0
1.000000e+00
0
4.171024e-01
8.674695e-02
7.409219e-01
0
3.115340e-01
1.267400e-01
5.435248e-01
1.046930e-01
4.190205e-01
2.511303e-01
5.790361e-01
3.776221e-01
1.893407e-01
3.771688e-01
3.625995e-01
4.075690e-01
5.032816e-01
0
0
0
0
1.400522e-01
4.286475e-01
2.688948e-01
3.183862e-01
1.519624e-01
5.078575e-01
0
0
0
0
0
0
1.888898e-02
0
0
0
0
0
0
0
0
0
0
0
0
0
0
0
0
0
4.709823e-01
5.105700e-01
5.621407e-01
6.135672e-01
6.088482e-01
5.140786e-01
5.318054e-01
6.556785e-01
0
0
0
1.887317e-02
7.616197e-02
0
0
4.046410e-01
5.985194e-02
1.225329e-01
0
0
0
5.404593e-01
1.048745e-01
0
0
5.108241e-02
3.721423e-01
4.999590e-01
0
1.294424e-01
4.820500e-02
1.764542e-01
0
9.087100e-02
4.513930e-01
0
2.604361e-02
0
0
0
0
0
2.860433e-01
0
5.849572e-01
0
4.398016e-01
2.586752e-01
0
0
0
0
0
0
3.609330e-01
2.484486e-01
2.971966e-02
0
0
3.035146e-01
0
0
4.412184e-01
0
1
3.376170e-01
1.862089e-01
0
4.467363e-01
1.417585e-02
9.363737e-02
0
0
0
3.769755e-01
0
0
0
0
0
3.418397e-02
0
7.470105e-01
6.373019e-01
7.437821e-01
6.874114e-01
6.576718e-01
3.227589e-01
0
0
6.188681e-01
2.771984e-01
0
0
4.107078e-01
1.967067e-01
7.315060e-02
0
2.654094e-01
6.811913e-02
0
0
0
0
1.156192e-01
0
0
4.863677e-02
2.685569e-02
0
2.947247e-01
2.622705e-01
3.112796e-01
4.699577e-01
2.210341e-01
1.922761e-01
0
0
0
0
0
0
0
0
6.044637e-01
2.318692e-01
0
0
0
0
3.418019e-01
0
0
0
0
0
0
0
0
1.170018e-01
0
7.301738e-02
7.094419e-02
0
5.169809e-01
2.525290e-01
2.613441e-01
0
4.543281e-01
7.694796e-02
0
0
2.247905e-01
2.021935e-01
1.626880e-01
0
9.889675e-02
0
0
0
0
9.621245e-03
0
0
0
2.833546e-01
0
0
0
1.585853e-01
0
0
4.622869e-02
0
1.595291e-01
0
2.669667e-01
1.089256e-01
0
4.171024e-01
3.376170e-01
1
0
3.010473e-01
2.927315e-01
7.478633e-01
1.673750e-01
3.114474e-01
2.426538e-01
4.301245e-01
4.400458e-01
6.469195e-01
4.213880e-01
3.405670e-01
1.585885e-01
2.138374e-01
2.336925e-01
2.498159e-01
2.957838e-01
4.308032e-01
3.284644e-01
3.098055e-01
5.514042e-01
5.131687e-01
4.207994e-02
2.191308e-01
2.439488e-01
1.459663e-01
0
0
0
0
0
0
1.349751e-01
0
0
0
0
0
0
0
0
0
0
0
0
0
8.372956e-02
1.545988e-01
0
0
3.846072e-01
3.193371e-01
1.904656e-01
8.488477e-02
3.393133e-01
4.952067e-01
1.770828e-01
2.450957e-01
0
2.728834e-01
0
0
0
0
0
7.729712e-03
0
0
0
0
0
0
1.361587e-01
1.297180e-01
4.152687e-01
5.246359e-01
3.348716e-01
4.410933e-01
1.107367e-01
4.450908e-01
3.588747e-01
2.117589e-01
2.591252e-01
4.242450e-01
1.423868e-01
0
2.134684e-01
0
0
1.685018e-01
0
0
0
0
1.562460e-01
0
0
0
0
0
0
0
0
2.011871e-01
2.445917e-01
1.171453e-01
1.145525e-01
0
3.331800e-02
2.122957e-01
1.881767e-01
0
7.713732e-01
8.674695e-02
1.862089e-01
0
1
0
6.663180e-01
0
6.085011e-01
0
3.554655e-01
0
4.670829e-01
0
0
0
2.362704e-01
0
0
0
3.232999e-01
0
0
0
0
0
1.102428e-01
0
1.034344e-01
3.782546e-01
0
0
5.225366e-02
0
0
0
0
0
4.085797e-01
8.747848e-02
8.160450e-02
7.030027e-02
0
0
1.455624e-01
1.231784e-01
1.631230e-01
1.606975e-01
1.938980e-01
3.026894e-01
3.228887e-01
2.079715e-01
3.751592e-01
2.609320e-01
0
0
4.106548e-03
0
1.254156e-01
0
0
0
2.478390e-01
0
1.118321e-01
0
0
0
7.536121e-01
1.845248e-01
5.444677e-01
1.727306e-01
5.449988e-01
3.238284e-01
1.838929e-01
0
2.155067e-01
3.009051e-01
0
0
3.715420e-02
0
3.567522e-01
0
0
0
0
0
2.224392e-02
4.883747e-01
1.410277e-02
3.499771e-01
0
0
0
0
1.318223e-01
0
0
4.278463e-01
0
1.858588e-01
0
0
0
0
1.617853e-02
0
0
0
2.731513e-01
0
0
0
7.263527e-01
4.772518e-01
0
7.409219e-01
0
3.010473e-01
0
1
0
5.051979e-01
2.717529e-01
9.003762e-01
4.657931e-01
7.662391e-01
1.552738e-01
6.690882e-01
4.171868e-01
2.346354e-01
3.835517e-01
3.279633e-01
3.951475e-01
5.499201e-01
0
0
0
0
9.813100e-03
3.123910e-01
4.254110e-01
5.115519e-01
0
4.968035e-02
0
0
0
0
0
0
0
0
0
0
0
0
0
0
0
0
0
0
0
0
0
0
0
0
4.683075e-01
6.694774e-01
6.864043e-01
8.465770e-01
8.236478e-01
7.331558e-01
6.150737e-01
6.926072e-01
0
0
0
0
3.335613e-01
1.393984e-01
0
5.380798e-01
9.703963e-03
2.290497e-01
0
0
0
4.178164e-01
1.965386e-04
0
1.253181e-01
1.652390e-01
2.110857e-01
5.039795e-01
0
1.934233e-01
0
2.413838e-01
0
3.192931e-01
5.360649e-01
0
0
0
0
0
0
0
3.146202e-01
0
5.017701e-01
0
4.136529e-01
1.635479e-01
0
0
0
0
0
0
5.169603e-01
3.980257e-01
2.606887e-01
0
0
2.116136e-01
3.747267e-02
0
6.869763e-01
0
4.467363e-01
2.927315e-01
6.663180e-01
0
1
2.337077e-01
6.434040e-01
0
4.158850e-01
2.205717e-02
7.098799e-01
1.131722e-01
0
0
1.632428e-01
0
0
0
6.140045e-01
3.607065e-01
8.937296e-02
0
8.018147e-02
0
1.173455e-01
0
2.207171e-01
9.711945e-02
0
0
1.441421e-01
0
1.650347e-01
5.351324e-02
1.386344e-01
1.453097e-01
4.287884e-01
3.602580e-02
0
0
0
0
0
0
0
1.031870e-02
7.246406e-02
3.078700e-01
3.561299e-01
5.008594e-01
2.234219e-01
2.391356e-01
0
0
0
0
0
0
0
0
4.215854e-01
0
0
0
0
3.999945e-02
4.875292e-01
1.395902e-03
2.457681e-01
8.334864e-02
3.450856e-01
2.253969e-01
0
0
1.464980e-01
5.054479e-01
1.471130e-02
1.059689e-01
2.287335e-01
0
6.153047e-01
0
1.817374e-01
7.535916e-02
2.206256e-01
2.437163e-01
0
2.976312e-01
1.136650e-01
3.355451e-01
2.816903e-01
6.886349e-02
0
0
0
0
0
2.111289e-01
0
0
0
0
3.063269e-02
0
1.199693e-01
9.490129e-02
0
0
2.626355e-01
0
0
0
4.131815e-01
1.295364e-01
0
3.115340e-01
1.417585e-02
7.478633e-01
0
5.051979e-01
2.337077e-01
1
4.272459e-01
5.462364e-01
5.356939e-01
5.108775e-01
3.587075e-01
5.492521e-01
4.585907e-01
3.506967e-01
1.581593e-01
1.127086e-01
5.177519e-02
1.127950e-01
0
0
1.018598e-01
0
2.970905e-01
2.685377e-01
1.420541e-01
2.122533e-01
0
0
0
0
0
0
0
0
4.742031e-02
0
0
0
0
0
0
0
0
0
0
0
0
0
3.210814e-01
2.487694e-01
0
0
4.380413e-01
3.881596e-01
5.267107e-01
4.022411e-01
6.173086e-01
6.980868e-01
1.295889e-01
1.397572e-01
0
3.391056e-01
0
0
1.451475e-01
1.916736e-01
0
0
0
0
0
0
0
0
2.509815e-01
1.345578e-02
4.432157e-01
3.745259e-01
1.550049e-01
2.777552e-01
6.052800e-03
4.330695e-01
0
1.188022e-01
3.328095e-01
6.221537e-01
4.332616e-01
1.383808e-02
0
0
0
2.577163e-02
0
8.084943e-02
0
0
2.988373e-01
0
2.542603e-02
1.657186e-03
0
0
0
0
0
9.461309e-03
3.762912e-01
2.777174e-01
4.033896e-01
0
0
0
4.675388e-01
2.703895e-01
4.063570e-01
1.267400e-01
9.363737e-02
1.673750e-01
6.085011e-01
2.717529e-01
6.434040e-01
4.272459e-01
1
4.049143e-01
7.394031e-01
3.630559e-01
6.979088e-01
3.773198e-01
3.229868e-01
4.069996e-02
4.807126e-01
2.429915e-01
0
1.283444e-01
9.000041e-02
0
0
0
0
0
4.983982e-01
3.074215e-01
1.794648e-02
1.416323e-01
0
0
0
0
0
0
7.608339e-02
0
3.233723e-01
8.025574e-02
0
0
0
0
0
0
0
0
0
0
3.436429e-01
1.882413e-01
1.962533e-02
0
1.008321e-01
8.136607e-02
1.362238e-01
1.190125e-01
3.994026e-01
2.332329e-01
0
0
1.621540e-02
0
0
0
8.428152e-02
1.512448e-01
4.339526e-01
2.753448e-01
4.237869e-01
2.190064e-01
2.798355e-01
1.144919e-01
1.200153e-02
0
2.313793e-01
1.830813e-01
1.168195e-01
5.496919e-02
3.444493e-01
2.123034e-01
2.492684e-01
0
0
9.511214e-02
7.381276e-02
3.011530e-01
2.512288e-01
3.284599e-01
0
2.034946e-01
0
0
0
0
3.871326e-02
0
0
1.029536e-01
9.580246e-04
0
0
0
0
0
7.453566e-02
0
1.302345e-01
2.559768e-01
5.673926e-01
0
0
0
8.178941e-01
6.020821e-01
0
5.435248e-01
0
3.114474e-01
0
9.003762e-01
0
5.462364e-01
4.049143e-01
1
5.458556e-01
8.176950e-01
1.535051e-01
6.641138e-01
5.355548e-01
3.690628e-01
5.851256e-01
3.950456e-01
2.938463e-01
5.370240e-01
0
0
0
0
0
2.149908e-01
5.366587e-01
6.253210e-01
0
0
0
0
0
0
0
0
0
0
0
0
0
0
0
0
0
0
0
0
0
0
1.196717e-01
0
0
0
5.760913e-01
7.547738e-01
6.961670e-01
8.226502e-01
8.693309e-01
6.492702e-01
6.625643e-01
6.291101e-01
0
0
0
0
3.881241e-01
2.642631e-01
0
5.420017e-01
7.091302e-02
2.066308e-01
7.607489e-03
4.975628e-02
0
2.062563e-01
1.605495e-01
0
3.605497e-01
2.860010e-01
2.312487e-01
3.447482e-01
0
1.221852e-01
6.131257e-03
1.581075e-01
0
4.958794e-01
4.241537e-01
0
0
0
0
0
0
0
1.900793e-01
0
4.054414e-01
0
2.507614e-01
0
0
0
0
0
0
0
4.299798e-01
4.182019e-01
3.838958e-01
0
0
2.699872e-01
5.025834e-01
3.991470e-01
0
1.046930e-01
0
2.426538e-01
3.554655e-01
4.657931e-01
4.158850e-01
5.356939e-01
7.394031e-01
5.458556e-01
1
5.658519e-01
5.508372e-01
4.259706e-01
1.424773e-01
0
1.595945e-01
0
0
8.765069e-02
0
0
0
0
0
0
3.170563e-01
2.144423e-01
0
0
0
0
0
0
0
0
1.521909e-02
0
1.011981e-01
1.304477e-01
0
0
0
0
0
0
0
0
1.374492e-02
5.066769e-02
4.036580e-01
3.881131e-01
0
0
2.238277e-01
2.051842e-01
1.849561e-01
2.512316e-01
5.114867e-01
3.603844e-01
0
1.088963e-01
0
1.125008e-01
0
0
4.662686e-02
1.295013e-01
1.338262e-01
2.980906e-01
1.499302e-01
2.474094e-01
7.803542e-02
8.324982e-02
0
0
0
0
3.680887e-02
3.284274e-01
6.243338e-02
3.422232e-01
6.479898e-02
1.943069e-01
0
1.982638e-01
3.249965e-01
4.243395e-01
1.787970e-01
2.193269e-01
0
2.142960e-01
0
0
0
0
0
6.270005e-02
9.338341e-03
7.660709e-02
0
0
0
0
0
0
0
6.862728e-02
2.151668e-01
1.333093e-01
5.374255e-01
0
0
0
6.232587e-01
4.202664e-01
0
4.190205e-01
0
4.301245e-01
0
7.662391e-01
2.205717e-02
5.108775e-01
3.630559e-01
8.176950e-01
5.658519e-01
1
2.487634e-01
8.498105e-01
2.292788e-01
5.457611e-02
3.661815e-01
3.843621e-01
2.806363e-01
5.116335e-01
0
0
0
0
1.433326e-01
2.348919e-01
3.084718e-01
4.225108e-01
0
0
0
0
0
0
0
0
0
0
0
0
0
0
0
0
0
0
0
0
0
0
0
0
0
0
3.690217e-01
4.679608e-01
3.878541e-01
5.055720e-01
5.940954e-01
6.845955e-01
4.509629e-01
5.221719e-01
0
2.256153e-01
0
0
3.553953e-01
3.380079e-01
0
5.513992e-01
0
2.219204e-01
5.056531e-03
1.261967e-01
0
1.300511e-01
0
0
1.057856e-01
4.696683e-01
1.756523e-01
4.963020e-01
0
4.646943e-01
1.384226e-01
5.163675e-01
8.486206e-02
4.309668e-01
3.870569e-01
0
8.983757e-02
0
0
8.692025e-02
0
0
0
0
2.344024e-01
0
6.011674e-02
0
0
0
0
0
0
3.496337e-02
3.849939e-01
2.038699e-01
2.618033e-01
0
0
2.058539e-01
2.512550e-01
1.849135e-01
4.868804e-01
2.511303e-01
3.769755e-01
4.400458e-01
4.670829e-01
1.552738e-01
7.098799e-01
3.587075e-01
6.979088e-01
1.535051e-01
5.508372e-01
2.487634e-01
1
4.660103e-01
3.456831e-01
9.609236e-02
3.539756e-01
3.250848e-01
0
6.588532e-02
3.361382e-01
2.359627e-01
0
0
5.488401e-02
6.679857e-02
5.153751e-01
3.964390e-01
3.452726e-01
3.167848e-01
0
0
0
0
6.439953e-02
2.066348e-01
3.349819e-01
0
3.143054e-01
2.042070e-01
0
0
0
0
0
0
0
0
0
0
1.064261e-01
2.324509e-01
0
0
0
1.346759e-02
0
0
1.771606e-01
2.198224e-01
0
1.455604e-01
1.292730e-01
0
0
0
0
7.587326e-02
1.584834e-01
1.447180e-01
1.944509e-01
2.518101e-01
1.945575e-01
4.538625e-02
0
0
1.839929e-01
3.356326e-01
1.296476e-01
2.436377e-01
6.972083e-01
4.657191e-01
4.226084e-01
1.517127e-02
2.505275e-01
1.662565e-01
1.844159e-01
1.675266e-01
0
7.655755e-02
0
7.956157e-02
0
1.349793e-01
0
0
0
0
0
0
0
0
0
0
0
0
0
2.849095e-01
1.790631e-01
1.299100e-01
1.688433e-01
0
0
7.688485e-02
5.019188e-01
2.944212e-01
0
5.790361e-01
0
6.469195e-01
0
6.690882e-01
1.131722e-01
5.492521e-01
3.773198e-01
6.641138e-01
4.259706e-01
8.498105e-01
4.660103e-01
1
4.199561e-01
2.406147e-01
4.998957e-01
5.991239e-01
2.474370e-01
3.441603e-01
0
2.307179e-01
0
0
1.513855e-01
3.072457e-01
4.243967e-01
4.856117e-01
0
2.010971e-01
0
0
0
0
0
2.816879e-03
8.566176e-03
0
0
0
0
0
0
0
0
0
0
0
0
0
0
0
0
0
3.254202e-01
4.218347e-01
1.976328e-01
3.268355e-01
5.813961e-01
6.177161e-01
5.212707e-01
6.499889e-01
0
2.737894e-02
0
0
2.933775e-01
2.848533e-01
0
3.848449e-01
0
9.959110e-02
0
0
0
2.029014e-01
5.082554e-02
0
2.508938e-01
5.127049e-01
4.921986e-01
7.195994e-01
0
3.501186e-01
2.330068e-01
5.608370e-01
0
1.680689e-01
3.704448e-01
0
1.503630e-01
0
0
6.523073e-02
0
0
0
0
2.199674e-01
0
8.668781e-02
0
0
0
0
0
0
6.381149e-02
2.905790e-01
2.469758e-01
7.427130e-02
0
0
4.054278e-01
5.321920e-01
5.320655e-01
0
3.776221e-01
0
4.213880e-01
0
4.171868e-01
0
4.585907e-01
3.229868e-01
5.355548e-01
1.424773e-01
2.292788e-01
3.456831e-01
4.199561e-01
1.000000e+00
8.859200e-01
6.780927e-01
6.340537e-01
2.154468e-01
3.017037e-01
0
0
0
0
5.959080e-02
4.139500e-01
7.636409e-01
8.348608e-01
2.296880e-01
2.904969e-01
1.111796e-01
0
0
0
0
5.127009e-02
4.904462e-02
0
0
0
0
0
0
0
0
0
0
0
0
0
1.596288e-02
0
0
0
5.134972e-01
7.621545e-01
3.064656e-01
4.096688e-01
5.459106e-01
3.580278e-01
5.959073e-01
5.440844e-01
0
0
0
0
3.238806e-01
1.483385e-01
0
1.370821e-02
0
0
0
0
0
2.528510e-02
7.104699e-01
3.456307e-01
8.137229e-01
2.301945e-01
7.183253e-01
4.053315e-01
0
0
2.156959e-01
0
0
2.410966e-01
1.462613e-01
0
0
0
0
2.136500e-01
0
0
2.113893e-01
0
1.823244e-01
0
1.162161e-01
0
0
0
0
0
0
0
3.996266e-01
6.808067e-01
1.367003e-01
0
0
3.763216e-01
3.322197e-01
4.822316e-01
0
1.893407e-01
0
3.405670e-01
0
2.346354e-01
0
3.506967e-01
4.069996e-02
3.690628e-01
0
5.457611e-02
9.609236e-02
2.406147e-01
8.859200e-01
1
5.564935e-01
5.173556e-01
2.024001e-01
9.423144e-02
0
0
0
0
0
2.795990e-01
6.405886e-01
6.778132e-01
1.234259e-01
5.852644e-02
3.158543e-01
2.361748e-01
0
0
1.201447e-01
8.648914e-02
3.974269e-02
0
0
0
0
0
0
0
0
0
0
0
0
0
0
0
0
0
5.348229e-01
7.164220e-01
2.091608e-01
3.108030e-01
4.264427e-01
1.665846e-01
4.910406e-01
4.793692e-01
0
0
0
0
3.284053e-01
1.838351e-01
0
0
0
0
0
0
0
3.645602e-02
7.689424e-01
4.341945e-01
8.395525e-01
3.779750e-01
5.000405e-01
3.324438e-01
0
0
2.892320e-01
0
0
1.031144e-01
2.813552e-02
0
0
0
0
2.832326e-01
0
0
2.340450e-01
9.847462e-02
1.224008e-01
0
1.034803e-01
0
0
0
0
0
0
0
2.022792e-01
6.388430e-01
5.684913e-03
0
1.263187e-01
3.637240e-01
5.964357e-01
4.671537e-01
1.612635e-01
3.771688e-01
0
1.585885e-01
2.362704e-01
3.835517e-01
1.632428e-01
1.581593e-01
4.807126e-01
5.851256e-01
1.595945e-01
3.661815e-01
3.539756e-01
4.998957e-01
6.780927e-01
5.564935e-01
1
7.704367e-01
6.567453e-02
3.129007e-01
0
0
0
0
0
0
8.187809e-01
7.483147e-01
1.314096e-01
3.288183e-01
9.305679e-02
2.513860e-02
0
0
0
1.121264e-01
0
0
1.295207e-01
3.998119e-02
0
0
0
0
0
0
0
0
0
0
0
0
0
0
3.748074e-01
5.262097e-01
2.759872e-01
3.202614e-01
5.605078e-01
1.373644e-01
5.649511e-01
4.835046e-01
0
0
0
0
3.805520e-01
3.970020e-01
8.681586e-02
4.322885e-01
3.680898e-01
3.047027e-01
3.998445e-01
1.978210e-01
0
1.379191e-02
6.517107e-01
4.083908e-01
5.134910e-01
1.711302e-01
6.321426e-01
2.283977e-01
0
0
2.887403e-01
1.385010e-01
0
1.131639e-01
1.643879e-01
0
0
0
0
2.002142e-01
0
0
1.379141e-01
0
4.019922e-02
0
4.123097e-02
0
0
0
0
0
1.528103e-01
0
1.150040e-01
4.492586e-01
1.221670e-01
0
0
4.807048e-01
3.266131e-01
3.330769e-01
0
3.625995e-01
0
2.138374e-01
0
3.279633e-01
0
1.127086e-01
2.429915e-01
3.950456e-01
0
3.843621e-01
3.250848e-01
5.991239e-01
6.340537e-01
5.173556e-01
7.704367e-01
1
2.030308e-01
2.909108e-01
0
1.578921e-01
0
0
0
3.113430e-01
7.216398e-01
7.357579e-01
2.170736e-01
2.700705e-01
2.212071e-01
2.257732e-01
0
0
1.395552e-01
3.986085e-01
2.858902e-01
8.431273e-02
2.361934e-01
9.563641e-02
0
0
0
0
0
0
0
0
0
0
0
0
0
0
2.511392e-01
4.984909e-01
3.849536e-02
2.251426e-01
2.872294e-01
3.668575e-01
5.264323e-01
6.051888e-01
0
0
0
0
6.378157e-01
5.897826e-01
0
1.618101e-01
1.844574e-01
3.112363e-01
1.824244e-01
0
0
1.692035e-01
4.561456e-01
1.405844e-01
4.527257e-01
2.930733e-01
7.484680e-01
4.046472e-01
0
0
3.435500e-01
3.314497e-01
0
0
2.597123e-01
0
0
0
5.494662e-02
4.399668e-01
0
0
0
0
8.990186e-02
0
1.605269e-01
0
0
0
0
0
0
0
3.648074e-01
4.018632e-01
0
0
5.508245e-02
5.791778e-01
2.839877e-01
2.273098e-01
0
4.075690e-01
3.418397e-02
2.336925e-01
0
3.951475e-01
0
5.177519e-02
0
2.938463e-01
0
2.806363e-01
0
2.474370e-01
2.154468e-01
2.024001e-01
6.567453e-02
2.030308e-01
1
6.602552e-01
0
3.770068e-02
1.355204e-01
1.980374e-01
5.838324e-01
6.388274e-01
0
1.805193e-01
6.751330e-02
2.332726e-01
7.239084e-02
5.846553e-02
0
0
0
0
0
0
0
0
0
0
0
0
0
0
0
0
0
0
0
0
0
0
3.728834e-01
4.454262e-01
3.176771e-01
4.029116e-01
1.506744e-01
2.601241e-01
4.408558e-01
3.533874e-01
0
0
0
5.859791e-02
4.583500e-02
0
1.939671e-02
3.259302e-01
0
8.100922e-03
7.883807e-02
1.735502e-01
0
2.709589e-01
0
0
0
3.446408e-02
0
1.712308e-01
0
1.471602e-01
2.212822e-01
0
0
7.210456e-02
1.734242e-01
0
2.091090e-02
0
0
0
0
0
2.885018e-01
0
4.054734e-01
0
4.000117e-01
4.541001e-02
2.151608e-01
0
0
0
0
0
9.188237e-02
3.314594e-01
1.538701e-02
1.048016e-01
1.615130e-01
1.237156e-01
6.372508e-01
5.448627e-01
0
5.032816e-01
0
2.498159e-01
0
5.499201e-01
0
1.127950e-01
1.283444e-01
5.370240e-01
8.765069e-02
5.116335e-01
6.588532e-02
3.441603e-01
3.017037e-01
9.423144e-02
3.129007e-01
2.909108e-01
6.602552e-01
1.000000e+00
0
0
0
0
4.516133e-01
5.483712e-01
2.118084e-01
4.455563e-01
7.730828e-02
1.202231e-01
0
0
0
0
0
1.678679e-01
0
8.954280e-02
0
1.096983e-01
0
0
0
0
0
0
0
0
0
0
2.383752e-02
0
0
0
4.296518e-01
5.646152e-01
4.507404e-01
4.922976e-01
2.823446e-01
4.274567e-01
3.235083e-01
3.198986e-01
0
5.983868e-02
0
0
1.496288e-01
0
1.659684e-02
7.093912e-01
5.330403e-02
2.763174e-01
1.357014e-01
2.081390e-01
0
1.154042e-01
0
0
0
5.297501e-02
1.742348e-01
1.976743e-01
0
1.662515e-01
3.467915e-01
9.971671e-02
9.884919e-03
4.564328e-01
1.810592e-01
0
0
0
0
1.861315e-01
0
0
5.969386e-02
0
2.557654e-01
0
1.069668e-01
0
0
0
0
0
0
3.334461e-02
4.900296e-01
3.451206e-01
2.138866e-01
0
0
1.064705e-01
0
0
6.403263e-01
0
7.470105e-01
2.957838e-01
3.232999e-01
0
6.140045e-01
0
9.000041e-02
0
0
0
3.361382e-01
0
0
0
0
0
0
0
1
8.180465e-01
6.021071e-01
5.890575e-01
3.882405e-01
3.254592e-02
0
0
6.080659e-01
2.009184e-01
0
0
3.156432e-01
1.312045e-01
3.522178e-01
2.187209e-01
3.469852e-01
3.547357e-01
2.221695e-01
0
0
0
9.057864e-02
3.167024e-03
0
0
0
1.447719e-02
0
1.654317e-01
0
3.764944e-01
9.422549e-03
1.095179e-01
0
0
0
0
0
0
0
0
6.579085e-01
1.825651e-01
3.811929e-02
0
0
0
3.147925e-01
0
1.145745e-01
0
1.241751e-01
1.323373e-01
0
0
0
3.483669e-01
0
5.524319e-02
7.906807e-02
0
7.492640e-01
1.833402e-01
3.413006e-01
0
2.483009e-01
7.871157e-02
0
5.891881e-02
3.981151e-01
3.268644e-01
4.476763e-01
1.200224e-01
1.736702e-02
0
0
0
0
1.343674e-01
0
0
0
3.879323e-01
6.239304e-02
0
0
0
0
0
0
0
3.741383e-01
1.238742e-01
0
0
3.411547e-01
0
6.373019e-01
4.308032e-01
0
0
3.607065e-01
0
0
0
0
0
2.359627e-01
2.307179e-01
0
0
0
1.578921e-01
3.770068e-02
0
8.180465e-01
1.000000e+00
5.533939e-01
7.095005e-01
4.394263e-01
2.895533e-01
0
0
5.612555e-01
3.131603e-01
0
0
1.435851e-01
4.429962e-02
1.741647e-01
1.376999e-01
2.129845e-01
1.775672e-01
0
0
0
0
2.530970e-01
1.722832e-01
0
0
0
0
0
0
0
8.146841e-02
0
0
0
0
0
0
0
0
0
0
5.561340e-01
1.989633e-01
1.094083e-01
0
0
9.154823e-03
7.404677e-02
0
0
0
0
6.626528e-02
0
0
0
1.930130e-01
0
2.865809e-01
2.151909e-01
2.019186e-02
5.650010e-01
3.341555e-01
3.673168e-01
2.395791e-02
8.253447e-02
0
0
0
5.157336e-01
0
3.904651e-01
1.090823e-01
0
0
0
0
0
0
0
0
5.479982e-02
3.456060e-01
0
0
0
6.193612e-02
0
0
0
0
5.084932e-01
2.236954e-01
0
0
1.137624e-02
0
7.437821e-01
3.284644e-01
0
0
8.937296e-02
1.018598e-01
0
0
0
0
0
0
0
0
0
0
1.355204e-01
0
6.021071e-01
5.533939e-01
1.000000e+00
8.134132e-01
7.715549e-01
3.723682e-01
0
0
4.501362e-01
0
0
0
5.981194e-01
4.200840e-01
1.373577e-01
1.994088e-02
3.564754e-01
3.147971e-01
0
0
0
0
1.235919e-01
0
0
2.946309e-03
0
0
2.193582e-01
2.860941e-01
1.626987e-01
4.734860e-01
0
1.312046e-01
3.529838e-02
0
0
0
0
3.989213e-02
0
0
5.416813e-01
6.538151e-01
0
0
0
0
0
0
0
0
0
0
0
0
0
0
0
2.102426e-01
0
0
3.740357e-01
5.554557e-01
2.597590e-01
0
6.231955e-01
2.583340e-01
0
0
3.051528e-01
1.800208e-01
2.644191e-01
6.911170e-02
3.434099e-01
1.648731e-01
0
0
0
1.997278e-02
0
0
2.189346e-01
3.197813e-01
1.856383e-02
0
0
7.182277e-02
0
0
0
1.175447e-01
2.944458e-01
0
0
0
6.403684e-02
0
6.874114e-01
3.098055e-01
0
0
0
0
0
0
0
0
0
0
0
0
0
0
1.980374e-01
0
5.890575e-01
7.095005e-01
8.134132e-01
1
6.307660e-01
4.823460e-01
0
0
5.649163e-01
1.929076e-01
4.664145e-02
0
4.497644e-01
3.929810e-01
1.491673e-01
1.689547e-01
2.648608e-01
2.497780e-01
0
0
1.297557e-01
1.404259e-01
4.724202e-01
3.342167e-01
4.511193e-02
1.586159e-01
7.975418e-02
7.224809e-02
1.246233e-01
8.576300e-02
0
1.211230e-01
1.233608e-02
6.718790e-02
0
0
0
0
0
0
0
0
5.094159e-01
4.250294e-01
1.919700e-01
6.049586e-02
0
0
0
0
0
0
0
0
0
0
0
0
0
9.265106e-02
0
0
3.388650e-01
3.797879e-01
3.283198e-01
0
2.724475e-01
0
0
0
4.193819e-01
0
2.834947e-01
1.076526e-01
2.779491e-01
2.262213e-01
0
0
0
0
0
0
3.335887e-01
6.370382e-01
0
0
0
2.808333e-01
0
0
0
5.494726e-02
4.725197e-01
4.527290e-02
1.237103e-02
8.315104e-02
0
1.400522e-01
6.576718e-01
5.514042e-01
0
9.813100e-03
8.018147e-02
2.970905e-01
0
0
0
1.433326e-01
5.488401e-02
1.513855e-01
5.959080e-02
0
0
0
5.838324e-01
4.516133e-01
3.882405e-01
4.394263e-01
7.715549e-01
6.307660e-01
1
7.289686e-01
0
0
3.763743e-01
6.996051e-03
0
0
2.843871e-01
1.312150e-01
0
1.806881e-02
2.420340e-01
9.362521e-02
0
0
0
0
0
0
0
0
0
0
0
0
1.748210e-01
2.997311e-01
0
0
2.952023e-01
1.743933e-01
4.067614e-02
3.257458e-02
0
3.590385e-01
0
0
1.729545e-01
4.652478e-01
0
0
0
0
0
0
0
0
0
0
0
0
0
0
0
2.553535e-01
0
7.973139e-02
8.175551e-02
5.561407e-01
3.300353e-01
0
4.854399e-01
4.083115e-01
4.446301e-03
0
2.864533e-01
0
9.048558e-02
8.727864e-02
1.498235e-01
0
0
0
2.289677e-01
0
3.234183e-02
0
4.983003e-02
9.338494e-02
0
0
0
6.382913e-02
2.375236e-01
0
5.234921e-02
0
6.479742e-02
0
1.875423e-01
2.365861e-01
0
4.286475e-01
3.227589e-01
5.131687e-01
0
3.123910e-01
0
2.685377e-01
0
2.149908e-01
0
2.348919e-01
6.679857e-02
3.072457e-01
4.139500e-01
2.795990e-01
0
3.113430e-01
6.388274e-01
5.483712e-01
3.254592e-02
2.895533e-01
3.723682e-01
4.823460e-01
7.289686e-01
1
3.343746e-02
3.518699e-01
3.950090e-01
2.370093e-01
0
0
0
0
0
1.371642e-01
1.220473e-01
0
0
0
0
0
0
0
0
0
0
0
0
0
1.592416e-02
3.417558e-02
0
0
3.473267e-01
5.163068e-01
2.027491e-01
3.016494e-01
8.435489e-03
5.723941e-01
3.530544e-01
4.404877e-01
0
2.215487e-01
0
0
1.559076e-01
0
0
0
0
0
0
0
0
1.092046e-01
0
0
2.578468e-01
2.508961e-01
3.551829e-01
2.716107e-01
0
3.312084e-01
2.826138e-01
0
1.000929e-01
3.280533e-01
1.609839e-01
0
9.773466e-02
0
3.858941e-02
1.818797e-01
1.997040e-02
0
0
0
3.692454e-01
0
1.914758e-01
0
5.626459e-02
8.378038e-02
0
0
0
2.020610e-01
5.439049e-01
3.056298e-01
3.336431e-02
0
1.356475e-01
1.464009e-01
4.972826e-01
5.526026e-01
5.041960e-02
2.688948e-01
0
4.207994e-02
1.102428e-01
4.254110e-01
1.173455e-01
1.420541e-01
4.983982e-01
5.366587e-01
3.170563e-01
3.084718e-01
5.153751e-01
4.243967e-01
7.636409e-01
6.405886e-01
8.187809e-01
7.216398e-01
0
2.118084e-01
0
0
0
0
0
3.343746e-02
1
8.988007e-01
4.876014e-02
2.130574e-01
2.719380e-01
2.553943e-01
0
0
1.075999e-01
2.197829e-01
7.365145e-02
0
2.310865e-01
2.829874e-01
0
0
0
0
0
0
0
0
0
0
0
0
0
0
2.239090e-01
5.395105e-01
8.989196e-02
2.894569e-01
4.728848e-01
2.055803e-01
4.848410e-01
5.753449e-01
0
0
0
0
4.794053e-01
3.453810e-01
0
2.846446e-01
2.592712e-01
4.341114e-01
2.878507e-01
1.142442e-01
0
2.269457e-02
6.122641e-01
3.432522e-01
5.473639e-01
2.024995e-01
7.677718e-01
4.507216e-01
0
0
1.925917e-01
9.441122e-02
0
1.163577e-02
1.142490e-01
0
0
0
0
2.603961e-01
0
0
1.926929e-01
0
0
0
3.889574e-02
0
0
0
0
0
2.532227e-01
3.168717e-02
2.816610e-01
5.957843e-01
1.072404e-01
0
0
3.406731e-01
5.829786e-01
6.295721e-01
0
3.183862e-01
0
2.191308e-01
0
5.115519e-01
0
2.122533e-01
3.074215e-01
6.253210e-01
2.144423e-01
4.225108e-01
3.964390e-01
4.856117e-01
8.348608e-01
6.778132e-01
7.483147e-01
7.357579e-01
1.805193e-01
4.455563e-01
0
0
0
0
0
3.518699e-01
8.988007e-01
1
5.670416e-02
1.800238e-01
8.188671e-02
1.406283e-01
0
0
0
3.059086e-01
1.841180e-02
2.483911e-02
0
9.334247e-02
0
0
0
0
0
0
0
0
0
0
0
0
0
0
3.229501e-01
7.170530e-01
1.804945e-01
3.759330e-01
4.711764e-01
3.626727e-01
6.377818e-01
6.459909e-01
0
0
0
0
4.635296e-01
2.869272e-01
0
3.019592e-01
0
2.564005e-01
7.045989e-02
0
0
0
4.884555e-01
2.294981e-01
6.590423e-01
2.418452e-01
7.724477e-01
4.389218e-01
0
0
3.114003e-01
6.394450e-02
0
2.040726e-01
7.783958e-02
0
0
0
3.634078e-02
3.961103e-01
0
0
8.018230e-02
0
0
0
0
0
0
0
0
0
9.823872e-02
1.679165e-01
5.001431e-01
6.286071e-01
9.061923e-02
0
0
4.277086e-01
0
0
5.381923e-01
1.519624e-01
6.188681e-01
2.439488e-01
1.034344e-01
0
2.207171e-01
0
1.794648e-02
0
0
0
3.452726e-01
0
2.296880e-01
1.234259e-01
1.314096e-01
2.170736e-01
6.751330e-02
7.730828e-02
6.080659e-01
5.612555e-01
4.501362e-01
5.649163e-01
3.763743e-01
3.950090e-01
4.876014e-02
5.670416e-02
1
5.014741e-01
2.626658e-01
0
0
0
3.561784e-01
2.003950e-01
4.513255e-01
1.623937e-01
8.832075e-02
8.339442e-02
0
0
2.721797e-02
0
0
0
0
0
0
0
0
1.226748e-01
0
0
2.326216e-03
0
0
0
0
0
0
0
2.101018e-01
0
0
0
0
0
1.125784e-01
0
1.692431e-01
0
4.504296e-02
1.340588e-02
0
0
2.515194e-01
4.884017e-01
1.224682e-01
0
4.593835e-01
0
3.226341e-01
0
3.682473e-01
0
1.087120e-01
3.314273e-02
0
0
0
0
2.838352e-01
1.852374e-01
0
0
0
0
0
0
0
0
0
2.700778e-01
0
0
0
0
0
0
0
0
4.019145e-01
2.567682e-01
1.184636e-01
0
4.918821e-01
5.078575e-01
2.771984e-01
1.459663e-01
3.782546e-01
4.968035e-02
9.711945e-02
0
1.416323e-01
0
0
0
3.167848e-01
2.010971e-01
2.904969e-01
5.852644e-02
3.288183e-01
2.700705e-01
2.332726e-01
1.202231e-01
2.009184e-01
3.131603e-01
0
1.929076e-01
6.996051e-03
2.370093e-01
2.130574e-01
1.800238e-01
5.014741e-01
1
5.310975e-02
0
0
0
0
0
0
0
0
0
2.398285e-01
1.968024e-01
2.619520e-01
1.516925e-01
1.876919e-01
1.619036e-01
2.645586e-01
7.679324e-02
0
0
0
0
1.760304e-01
0
0
0
0
0
6.914732e-02
0
3.648866e-01
2.383366e-01
0
0
9.052388e-02
0
0
0
4.392730e-01
9.947088e-02
8.625783e-02
0
1.632313e-01
0
1.286409e-01
1.802665e-01
2.780427e-01
1.201089e-01
5.885350e-03
0
5.334197e-01
2.207369e-01
1.571784e-02
0
1.622981e-02
0
0
0
1.935048e-02
0
0
0
0
0
0
0
2.784450e-01
0
1.185632e-01
0
1.601776e-01
1.616067e-01
0
2.667171e-01
0
0
0
0
0
1.828106e-01
0
0
1.136946e-01
1.873404e-01
0
1.082246e-01
0
0
0
0
0
0
0
0
0
0
0
0
0
0
1.111796e-01
3.158543e-01
9.305679e-02
2.212071e-01
7.239084e-02
0
0
0
0
4.664145e-02
0
0
2.719380e-01
8.188671e-02
2.626658e-01
5.310975e-02
1
8.461246e-01
0
0
4.142577e-01
7.419742e-02
2.645850e-01
1.700962e-02
1.221385e-01
4.730489e-01
2.218321e-01
1.820240e-01
3.493831e-01
3.529452e-01
1.801808e-01
1.433624e-01
2.641521e-01
2.352091e-01
0
0
0
0
0
0
0
3.961728e-02
0
4.273701e-02
0
0
5.414009e-02
3.589034e-01
0
0
8.003460e-02
1.605537e-01
2.920835e-01
3.813132e-03
0
0
2.382732e-01
2.941330e-01
1.587424e-01
1.970635e-01
2.004876e-01
3.308669e-01
2.199679e-01
1.551403e-01
5.747541e-02
1.379514e-01
1.446688e-01
1.794579e-01
0
0
1.406305e-01
0
0
0
0
0
0
0
0
2.067355e-02
0
5.864362e-02
2.562737e-01
2.950265e-01
0
0
3.430403e-01
1.812358e-02
2.134512e-01
0
7.282986e-02
2.536544e-01
3.117942e-01
0
0
1.435380e-01
0
0
2.277912e-01
2.245490e-01
0
1.142451e-01
0
0
0
0
0
0
0
0
0
0
0
0
0
0
0
2.361748e-01
2.513860e-02
2.257732e-01
5.846553e-02
0
0
0
0
0
0
0
2.553943e-01
1.406283e-01
0
0
8.461246e-01
1
0
4.161977e-02
5.323882e-01
3.581227e-01
2.648504e-01
2.247114e-01
2.588995e-01
6.051793e-01
2.278002e-01
2.165342e-01
3.257908e-01
4.157705e-01
1.685426e-01
1.181705e-01
1.523989e-01
2.000638e-01
0
0
0
0
0
0
0
7.023867e-02
0
2.146494e-02
0
0
9.366238e-02
3.415413e-01
0
0
1.363595e-01
3.560210e-01
3.979093e-01
1.483683e-01
0
0
1.835107e-01
4.697160e-01
1.727279e-01
2.479917e-01
1.863195e-01
3.909927e-01
2.558840e-02
0
0
7.499784e-02
4.884115e-02
1.771982e-01
0
0
1.242677e-01
9.598608e-02
0
0
0
0
0
0
1.255210e-01
2.415688e-01
1.873429e-01
1.383763e-01
1.853207e-01
1.892647e-01
0
0
2.223983e-01
0
2.676461e-01
8.781822e-02
2.673367e-01
5.280760e-01
1.791472e-01
0
0
0
0
0
2.615926e-01
3.407853e-01
0
0
1.378479e-01
0
4.107078e-01
0
5.225366e-02
0
1.441421e-01
0
0
0
0
0
0
0
0
0
0
0
0
0
3.156432e-01
1.435851e-01
5.981194e-01
4.497644e-01
2.843871e-01
0
0
0
0
0
0
0
1
9.049356e-01
1.250356e-01
0
1.415958e-01
1.387119e-01
1.675359e-01
5.736741e-02
2.210044e-01
2.065448e-01
3.989993e-01
2.726347e-01
1.714215e-01
4.022115e-01
2.243670e-01
3.622378e-01
5.328013e-01
6.720115e-01
2.141470e-01
4.357621e-01
3.779014e-01
5.330183e-01
0
0
0
0
0
0
0
0
7.933418e-01
4.887621e-01
5.623091e-01
3.469139e-01
0
0
1.741741e-01
0
0
0
0
0
4.521318e-01
0
0
0
0
0
0
0
4.799845e-01
3.205344e-01
0
0
4.386447e-01
0
0
4.426681e-01
4.383503e-01
5.811525e-01
1.285257e-01
0
4.750177e-01
3.446760e-01
0
2.232121e-01
0
6.501332e-01
0
2.824802e-01
3.642147e-01
3.355811e-01
2.545456e-01
4.069884e-01
0
0
0
0
0
3.086032e-01
0
0
0
0
0
0
1.967067e-01
0
0
0
0
0
0
0
0
0
0
0
0
0
0
0
0
0
1.312045e-01
4.429962e-02
4.200840e-01
3.929810e-01
1.312150e-01
0
0
0
0
0
0
4.161977e-02
9.049356e-01
1
2.086738e-01
0
2.308206e-01
1.560881e-01
2.002580e-01
1.335090e-01
1.915043e-01
1.616463e-01
4.598340e-01
3.469258e-01
9.256035e-02
3.557923e-01
1.645965e-01
2.847408e-01
3.496737e-01
4.739894e-01
0
2.439943e-01
2.061946e-01
3.753962e-01
0
0
0
0
0
0
0
0
6.981891e-01
4.784425e-01
6.601571e-01
5.705439e-01
0
0
0
0
0
0
0
0
6.205506e-01
2.089784e-02
0
0
0
0
0
0
3.943299e-01
2.698152e-01
0
5.261913e-02
2.619794e-01
0
1.483455e-01
5.048921e-01
4.614742e-01
5.993884e-01
5.255410e-02
0
4.384845e-01
4.871266e-01
0
2.697852e-01
0
6.796612e-01
9.170676e-02
4.018705e-01
3.896732e-01
3.933051e-01
2.093396e-01
6.226852e-01
0
0
0
0
0
2.760012e-01
0
0
0
0
3.244192e-01
0
7.315060e-02
0
0
0
1.650347e-01
0
0
0
0
0
6.439953e-02
0
0
1.201447e-01
0
1.395552e-01
0
0
3.522178e-01
1.741647e-01
1.373577e-01
1.491673e-01
0
0
1.075999e-01
0
3.561784e-01
0
4.142577e-01
5.323882e-01
1.250356e-01
2.086738e-01
1
6.542924e-01
6.423853e-01
6.285524e-01
6.738794e-01
5.554812e-01
7.487658e-02
1.037153e-01
1.539908e-01
1.866810e-01
8.940216e-02
5.704409e-02
1.757725e-02
1.407493e-01
0
0
0
1.205729e-01
0
0
0
0
0
0
0
0
0
0
2.123605e-01
0
5.679459e-02
0
3.016973e-01
2.901913e-01
0
0
2.404907e-01
3.796235e-01
9.057477e-02
1.719174e-01
1.197845e-01
0
1.837753e-01
4.654649e-01
5.467929e-02
0
1.406061e-01
0
3.515332e-01
0
1.665191e-01
3.794976e-02
7.976420e-04
0
0
3.575905e-01
1.555663e-02
4.163416e-01
5.825478e-01
5.792774e-01
4.056591e-01
1.514353e-01
0
4.247363e-03
0
2.332485e-01
0
0
4.650654e-02
2.563847e-01
4.495493e-01
2.205878e-01
1.843070e-01
0
0
0
0
0
2.385911e-01
1.160932e-01
0
1.402603e-01
0
0
0
0
0
0
5.351324e-02
0
0
0
0
0
2.066348e-01
2.816879e-03
5.127009e-02
8.648914e-02
1.121264e-01
3.986085e-01
0
1.678679e-01
2.187209e-01
1.376999e-01
1.994088e-02
1.689547e-01
1.806881e-02
1.371642e-01
2.197829e-01
3.059086e-01
2.003950e-01
0
7.419742e-02
3.581227e-01
0
0
6.542924e-01
1
6.480998e-01
7.973704e-01
4.595081e-01
5.139438e-01
0
0
0
0
0
0
0
0
0
0
0
2.373054e-03
0
0
0
6.543004e-02
0
0
0
0
0
5.773174e-02
0
1.547722e-01
0
0
3.701683e-01
4.649309e-01
0
4.553756e-02
2.983502e-02
4.566174e-01
6.652092e-02
5.317029e-02
0
0
0
1.828943e-01
2.633588e-02
2.097845e-01
3.887408e-01
1.014456e-01
2.272196e-01
6.184863e-02
4.738728e-01
3.645680e-01
1.202006e-01
6.020496e-02
0
0
1.474452e-01
1.381156e-01
4.868557e-01
8.239436e-01
3.411715e-01
3.340528e-01
0
0
0
1.966521e-02
0
0
1.742523e-02
3.134481e-01
2.569241e-01
1.587632e-01
0
3.415761e-01
3.443658e-01
0
0
0
2.382878e-01
3.262174e-01
0
0
1.115246e-01
1.888898e-02
2.654094e-01
1.349751e-01
0
0
1.386344e-01
4.742031e-02
7.608339e-02
0
1.521909e-02
0
3.349819e-01
8.566176e-03
4.904462e-02
3.974269e-02
0
2.858902e-01
0
0
3.469852e-01
2.129845e-01
3.564754e-01
2.648608e-01
2.420340e-01
1.220473e-01
7.365145e-02
1.841180e-02
4.513255e-01
0
2.645850e-01
2.648504e-01
1.415958e-01
2.308206e-01
6.423853e-01
6.480998e-01
1
5.665027e-01
5.863214e-01
5.290736e-01
0
0
0
0
0
0
0
0
0
0
0
1.381193e-01
0
0
0
0
0
0
0
2.488048e-01
0
0
2.773073e-01
4.167307e-01
0
0
4.367097e-01
4.368062e-01
0
0
1.957840e-01
3.784974e-01
0
0
0
0
0
1.672446e-01
0
2.489783e-01
2.760568e-01
9.169681e-02
5.356693e-01
3.300568e-01
2.045327e-01
2.440731e-01
5.255732e-01
1.477725e-01
9.520737e-02
2.539581e-01
1.144165e-01
3.495942e-01
1.247110e-01
5.598565e-01
1.086942e-01
3.111061e-01
0
0
0
2.036200e-01
0
0
0
1.147761e-01
0
1.018882e-01
0
2.606730e-02
3.447588e-01
0
0
0
0
1.774852e-01
0
8.514178e-02
0
0
6.811913e-02
0
0
0
1.453097e-01
0
0
0
0
0
0
0
0
0
0
8.431273e-02
0
8.954280e-02
3.547357e-01
1.775672e-01
3.147971e-01
2.497780e-01
9.362521e-02
0
0
2.483911e-02
1.623937e-01
0
1.700962e-02
2.247114e-01
1.387119e-01
1.560881e-01
6.285524e-01
7.973704e-01
5.665027e-01
1.000000e+00
3.400206e-01
4.601174e-01
0
0
0
1.581490e-02
0
0
0
0
0
7.495045e-02
0
2.440808e-01
0
4.710161e-02
0
0
0
0
0
0
0
0
1.268710e-01
4.514762e-01
0
0
2.322155e-01
3.670840e-01
0
3.366972e-02
3.241273e-02
2.875939e-01
6.885328e-02
1.443836e-01
0
0
0
2.446301e-01
0
2.141656e-01
2.833093e-02
0
3.112546e-01
2.089642e-01
4.929964e-01
2.134343e-01
3.008329e-01
2.162091e-01
0
0
2.097099e-02
3.217774e-01
6.356240e-01
7.695813e-01
5.165287e-01
4.256209e-01
0
0
0
1.042307e-01
0
0
1.359908e-01
2.570346e-01
5.414475e-01
2.318445e-01
1.725837e-01
2.915259e-01
1.670320e-01
0
0
1.011183e-02
3.077284e-01
1.791589e-01
0
0
4.124389e-01
0
0
0
4.085797e-01
0
4.287884e-01
0
3.233723e-01
0
1.011981e-01
0
3.143054e-01
0
0
0
1.295207e-01
2.361934e-01
0
0
2.221695e-01
0
0
0
0
0
2.310865e-01
0
8.832075e-02
0
1.221385e-01
2.588995e-01
1.675359e-01
2.002580e-01
6.738794e-01
4.595081e-01
5.863214e-01
3.400206e-01
1
6.143852e-01
0
0
0
0
0
0
0
0
0
0
0
1.028871e-01
0
0
0
0
0
0
0
0
0
0
2.675085e-01
0
1.734180e-01
6.952442e-02
3.744521e-01
4.997089e-01
0
0
5.821858e-01
6.162287e-01
3.699767e-01
2.579494e-01
2.345386e-01
0
1.763992e-01
2.138481e-01
0
0
1.242013e-01
0
5.047406e-01
0
0
2.512947e-01
1.214946e-01
0
1.799931e-01
6.617206e-01
1.404605e-01
5.005014e-01
2.820963e-01
3.496002e-01
8.638147e-02
1.243831e-02
0
0
0
5.400222e-01
0
5.914680e-02
0
0
3.061352e-01
1.670391e-01
7.919267e-02
0
0
0
0
0
0
0
0
2.346546e-01
5.735332e-02
0
0
0
8.747848e-02
0
3.602580e-02
0
8.025574e-02
0
1.304477e-01
0
2.042070e-01
0
0
0
3.998119e-02
9.563641e-02
0
1.096983e-01
0
0
0
0
0
0
2.829874e-01
9.334247e-02
8.339442e-02
0
4.730489e-01
6.051793e-01
5.736741e-02
1.335090e-01
5.554812e-01
5.139438e-01
5.290736e-01
4.601174e-01
6.143852e-01
1.000000e+00
0
0
0
0
0
0
0
0
0
0
0
4.223478e-02
0
0
0
0
0
0
0
0
0
0
0
9.598009e-03
0
3.391639e-02
3.158624e-01
2.710093e-01
0
3.004620e-01
5.295152e-01
8.148461e-01
4.751134e-01
4.529677e-01
6.701216e-02
0
0
5.139431e-02
0
3.178977e-02
5.841170e-02
6.427444e-02
4.289808e-02
0
2.069420e-01
1.559556e-01
2.524019e-01
0
0
1.796030e-01
0
2.365167e-01
1.230043e-01
3.794252e-01
1.684186e-01
1.078613e-01
0
5.159830e-02
0
2.223167e-01
0
0
0
0
2.685491e-01
3.381228e-01
7.831641e-02
0
4.948995e-02
0
0
0
0
6.600940e-02
0
0
2.252110e-01
0
0
0
8.160450e-02
0
0
0
0
0
0
0
0
0
0
0
0
0
0
0
0
0
0
1.297557e-01
0
0
0
0
0
2.398285e-01
2.218321e-01
2.278002e-01
2.210044e-01
1.915043e-01
7.487658e-02
0
0
0
0
0
1
9.879972e-01
8.198640e-01
8.491481e-01
9.764841e-01
9.641515e-01
9.519613e-01
8.866377e-01
6.368474e-01
3.645216e-01
1.163665e-01
0
7.705401e-01
6.274090e-01
0
0
0
0
0
0
0
0
1.265408e-01
0
4.608616e-01
2.235002e-01
0
0
3.569845e-01
0
0
0
7.056597e-02
7.474503e-03
3.551728e-01
4.293981e-02
0
1.005272e-01
0
0
0
0
0
0
0
0
0
0
0
1.735380e-03
0
5.230758e-02
1.862664e-01
0
3.901873e-01
0
3.653648e-01
2.727658e-01
0
7.546124e-02
0
1.083271e-01
3.741735e-01
4.450574e-01
2.804480e-01
1.057867e-01
4.194211e-01
5.204158e-02
0
0
0
1.702237e-01
2.716244e-01
0
0
0
2.220475e-01
0
0
0
7.030027e-02
0
0
0
0
0
0
0
0
0
0
0
0
0
0
0
0
0
0
1.404259e-01
0
0
0
0
0
1.968024e-01
1.820240e-01
2.165342e-01
2.065448e-01
1.616463e-01
1.037153e-01
0
0
0
0
0
9.879972e-01
1
8.178451e-01
8.635473e-01
9.661746e-01
9.427277e-01
9.342486e-01
8.834284e-01
5.997145e-01
3.479889e-01
6.090045e-02
0
7.510285e-01
6.112071e-01
0
0
0
0
0
0
0
0
1.374202e-01
0
4.684293e-01
2.353720e-01
0
0
3.444562e-01
0
0
0
9.145381e-02
9.602627e-03
3.049482e-01
1.843083e-02
0
1.307046e-01
0
0
0
0
0
0
0
0
0
0
0
0
0
4.345012e-02
2.277114e-01
0
4.099773e-01
0
2.975237e-01
2.198977e-01
0
6.006122e-02
0
1.641580e-02
3.880005e-01
4.718638e-01
3.438981e-01
1.027041e-01
4.173176e-01
8.672922e-02
0
0
0
1.773505e-01
3.049904e-01
0
0
0
1.417818e-01
0
1.156192e-01
0
0
0
0
0
0
0
0
0
0
0
0
0
0
0
0
0
9.057864e-02
2.530970e-01
1.235919e-01
4.724202e-01
0
0
0
0
2.721797e-02
2.619520e-01
3.493831e-01
3.257908e-01
3.989993e-01
4.598340e-01
1.539908e-01
0
0
0
0
0
8.198640e-01
8.178451e-01
1
9.643296e-01
7.226742e-01
8.074620e-01
7.929556e-01
7.915532e-01
4.334059e-01
2.273266e-01
0
0
5.324868e-01
4.031074e-01
0
0
0
0
0
0
0
0
4.237497e-01
0
7.158451e-01
4.978529e-01
0
0
1.009405e-01
0
0
0
0
0
4.765058e-01
1.439277e-01
0
0
0
0
0
0
1.016428e-01
0
0
0
0
0
0
0
2.247083e-01
0
1.891633e-01
0
3.135752e-01
1.757221e-01
1.666878e-01
9.425911e-02
0
7.781826e-02
2.784577e-02
1.501424e-01
5.773418e-01
6.391807e-01
2.371826e-01
3.177039e-01
3.017538e-01
1.102936e-01
0
0
0
2.452553e-01
3.596011e-01
0
0
0
5.846822e-02
0
0
0
0
0
0
0
0
0
0
0
0
0
0
0
0
0
0
0
3.167024e-03
1.722832e-01
0
3.342167e-01
0
0
0
0
0
1.516925e-01
3.529452e-01
4.157705e-01
2.726347e-01
3.469258e-01
1.866810e-01
0
0
1.581490e-02
0
0
8.491481e-01
8.635473e-01
9.643296e-01
1
7.748025e-01
8.133747e-01
8.003109e-01
8.286712e-01
3.942369e-01
1.983763e-01
0
0
5.163293e-01
4.017784e-01
0
0
0
0
0
0
0
0
2.841954e-01
0
6.628016e-01
5.135064e-01
0
0
3.587866e-02
0
0
0
4.252333e-03
2.157952e-02
3.887167e-01
1.302830e-01
0
0
0
0
0
0
0
0
0
0
0
0
0
0
1.793057e-01
0
2.808929e-01
0
3.559262e-01
1.763433e-01
1.581841e-01
1.007133e-01
0
2.441745e-02
0
6.075447e-02
5.892973e-01
5.713795e-01
3.599562e-01
3.784380e-01
3.845177e-01
1.212626e-01
0
0
0
2.941437e-01
4.294372e-01
0
0
0
2.717901e-01
0
0
0
1.455624e-01
0
0
0
0
0
0
0
0
0
0
0
0
0
0
0
0
0
0
4.511193e-02
0
0
0
0
0
1.876919e-01
1.801808e-01
1.685426e-01
1.714215e-01
9.256035e-02
8.940216e-02
0
0
0
0
0
9.764841e-01
9.661746e-01
7.226742e-01
7.748025e-01
1
9.472302e-01
9.463400e-01
8.958890e-01
6.658292e-01
4.199118e-01
2.331069e-01
0
7.988634e-01
6.727621e-01
0
0
0
0
0
0
0
0
9.056784e-02
0
3.569344e-01
9.288181e-02
0
0
4.052821e-01
0
0
0
1.337093e-01
6.667902e-02
2.620940e-01
0
2.663629e-02
2.106461e-01
0
0
0
0
0
0
0
0
0
0
0
1.608321e-02
0
7.172369e-02
2.700804e-01
0
4.043336e-01
0
3.312168e-01
3.073116e-01
0
6.207743e-02
0
6.262139e-02
3.207321e-01
3.284179e-01
3.230750e-01
2.570505e-02
4.812177e-01
2.971528e-02
0
0
3.788185e-03
2.092984e-01
2.858766e-01
0
0
0
2.695455e-01
0
4.863677e-02
0
1.231784e-01
0
0
0
0
0
0
0
0
0
0
0
0
0
0
0
0
0
2.946309e-03
1.586159e-01
0
0
0
0
0
1.619036e-01
1.433624e-01
1.181705e-01
4.022115e-01
3.557923e-01
5.704409e-02
0
0
0
0
0
9.641515e-01
9.427277e-01
8.074620e-01
8.133747e-01
9.472302e-01
1.000000e+00
9.456539e-01
9.172959e-01
7.284811e-01
5.576145e-01
2.188218e-01
0
7.978861e-01
7.642872e-01
0
0
0
0
0
0
0
0
2.644169e-01
0
5.381221e-01
2.701782e-01
0
0
4.031494e-01
0
0
0
5.105486e-02
6.001163e-03
3.867681e-01
0
0
8.057827e-02
0
0
0
0
0
0
0
0
0
0
0
1.262368e-01
0
2.105676e-01
2.087866e-01
0
4.306309e-01
0
3.223025e-01
3.647588e-01
0
2.697408e-01
0
2.330715e-01
4.453371e-01
4.351697e-01
3.292810e-01
1.434507e-01
4.442328e-01
1.800774e-02
0
0
0
3.147212e-01
2.205139e-01
0
0
0
3.029227e-01
0
2.685569e-02
0
1.631230e-01
0
0
0
0
0
0
0
0
0
0
0
0
0
0
0
0
0
0
7.975418e-02
0
0
0
0
0
2.645586e-01
2.641521e-01
1.523989e-01
2.243670e-01
1.645965e-01
1.757725e-02
0
0
0
0
0
9.519613e-01
9.342486e-01
7.929556e-01
8.003109e-01
9.463400e-01
9.456539e-01
1
9.180903e-01
7.065364e-01
4.697433e-01
2.089720e-01
0
8.382682e-01
6.802620e-01
0
0
0
0
0
0
0
0
1.905271e-01
0
4.715260e-01
1.725637e-01
0
0
4.164169e-01
0
0
0
8.636827e-02
0
3.572848e-01
9.431069e-03
4.463972e-02
2.031812e-01
0
0
0
0
0
0
0
0
0
0
0
3.775646e-02
0
5.451327e-02
1.010036e-01
0
3.027548e-01
0
3.847655e-01
3.812183e-01
0
1.169807e-01
0
1.881613e-01
3.420151e-01
3.187394e-01
1.934247e-01
8.629437e-03
5.473537e-01
9.855111e-02
0
0
2.628048e-02
2.408694e-01
1.823743e-01
0
0
0
3.369489e-01
0
0
0
1.606975e-01
0
1.031870e-02
0
0
0
0
0
0
0
0
0
0
0
0
0
1.447719e-02
0
0
7.224809e-02
0
0
0
0
0
7.679324e-02
2.352091e-01
2.000638e-01
3.622378e-01
2.847408e-01
1.407493e-01
0
0
0
0
0
8.866377e-01
8.834284e-01
7.915532e-01
8.286712e-01
8.958890e-01
9.172959e-01
9.180903e-01
1
6.381127e-01
5.778714e-01
1.419695e-01
0
7.526526e-01
7.318825e-01
0
0
0
0
0
0
0
0
3.335462e-01
0
5.313478e-01
2.167175e-01
0
0
3.512554e-01
0
0
0
2.031275e-01
1.204716e-01
3.311574e-01
0
0
2.288626e-01
0
0
0
0
4.664608e-02
0
0
0
0
0
0
9.271472e-02
0
1.347292e-01
3.131051e-01
0
3.434470e-01
1.199196e-02
1.824595e-01
2.921476e-01
0
2.301540e-01
0
1.086191e-01
4.447851e-01
3.415301e-01
4.580172e-01
1.894208e-01
5.630754e-01
4.030167e-02
0
0
0
3.335845e-01
3.332259e-01
0
0
0
1.121773e-01
0
2.947247e-01
0
1.938980e-01
0
7.246406e-02
0
0
0
1.374492e-02
0
0
0
0
0
0
0
0
0
0
0
2.193582e-01
1.246233e-01
0
0
0
0
0
0
0
0
5.328013e-01
3.496737e-01
0
0
0
0
0
0
6.368474e-01
5.997145e-01
4.334059e-01
3.942369e-01
6.658292e-01
7.284811e-01
7.065364e-01
6.381127e-01
1
7.762460e-01
7.211281e-01
4.107690e-01
9.020185e-01
8.172432e-01
0
0
0
0
0
0
0
0
3.343222e-01
0
2.974540e-01
4.417567e-02
0
0
4.883856e-01
0
0
0
0
4.595836e-03
2.636966e-01
0
0
0
0
0
0
0
0
0
0
0
1.043559e-01
0
0
1.302242e-01
2.464437e-02
2.596594e-01
0
0
3.803508e-01
0
2.146181e-01
4.341190e-01
0
2.812881e-01
0
2.865411e-01
1.387025e-01
4.501076e-02
0
0
2.867046e-01
1.301290e-01
0
0
4.118088e-01
3.191558e-01
0
0
0
0
3.128059e-01
0
2.622705e-01
0
3.026894e-01
0
3.078700e-01
0
0
0
5.066769e-02
0
0
0
0
0
0
0
0
0
1.654317e-01
0
2.860941e-01
8.576300e-02
0
0
0
0
0
0
0
0
6.720115e-01
4.739894e-01
0
0
0
7.495045e-02
0
0
3.645216e-01
3.479889e-01
2.273266e-01
1.983763e-01
4.199118e-01
5.576145e-01
4.697433e-01
5.778714e-01
7.762460e-01
1.000000e+00
6.295249e-01
6.405982e-01
6.436148e-01
9.054499e-01
0
0
0
0
0
0
0
0
4.878928e-01
2.408445e-01
2.381356e-01
0
0
0
4.475257e-01
0
6.035306e-02
0
8.932202e-02
1.263011e-01
9.376341e-02
0
0
1.764299e-01
0
0
0
0
2.459271e-01
3.232436e-02
0
0
3.125883e-01
1.182077e-01
0
3.141724e-01
1.264569e-02
5.370879e-01
1.953312e-01
0
3.853178e-01
1.326115e-01
0
3.710377e-01
0
5.820697e-01
0
1.858087e-01
1.502222e-01
2.952244e-02
2.849439e-01
1.907638e-02
3.527204e-01
1.438381e-01
0
0
3.481037e-01
4.109197e-01
0
0
2.457814e-01
1.016256e-01
1.486566e-01
0
3.112796e-01
8.372956e-02
3.228887e-01
0
3.561299e-01
3.210814e-01
3.436429e-01
1.196717e-01
4.036580e-01
0
1.064261e-01
0
1.596288e-02
0
0
0
0
2.383752e-02
0
0
1.626987e-01
0
1.748210e-01
1.592416e-02
0
0
0
0
0
0
2.141470e-01
0
0
0
0
0
0
0
1.163665e-01
6.090045e-02
0
0
2.331069e-01
2.188218e-01
2.089720e-01
1.419695e-01
7.211281e-01
6.295249e-01
1
6.875114e-01
5.689496e-01
6.067841e-01
1.557204e-01
0
2.549142e-01
5.472419e-02
1.014910e-01
0
0
0
4.542636e-02
1.242021e-02
0
0
0
0
4.899272e-01
0
0
0
0
2.705884e-02
0
0
0
1.007306e-01
6.159858e-02
0
0
0
0
0
0
0
2.301722e-01
4.520567e-01
0
1.282878e-01
0
2.194381e-01
0
0
1.122502e-01
0
6.635681e-02
2.834403e-01
3.766249e-02
1.466399e-01
0
1.594128e-01
0
0
0
0
1.666961e-01
2.586540e-02
0
1.443689e-01
7.296808e-01
1.443917e-01
0
0
0
0
2.111606e-01
0
4.699577e-01
1.545988e-01
2.079715e-01
0
5.008594e-01
2.487694e-01
1.882413e-01
0
3.881131e-01
0
2.324509e-01
0
0
0
0
0
0
0
3.764944e-01
8.146841e-02
4.734860e-01
1.211230e-01
2.997311e-01
3.417558e-02
0
0
1.226748e-01
0
0
0
4.357621e-01
2.439943e-01
1.205729e-01
2.373054e-03
1.381193e-01
2.440808e-01
1.028871e-01
4.223478e-02
0
0
0
0
0
0
0
0
4.107690e-01
6.405982e-01
6.875114e-01
1
1.985385e-01
4.887777e-01
0
0
0
0
0
0
0
0
3.262840e-01
3.852062e-01
0
0
0
0
1.257187e-01
0
0
0
0
8.060234e-02
0
0
0
2.262171e-01
0
7.475709e-02
0
0
2.687075e-01
2.041615e-01
0
0
5.125348e-01
5.765960e-01
0
3.124628e-01
7.528704e-02
5.885885e-01
3.508184e-01
6.843172e-02
3.829411e-01
0
0
1.105085e-01
0
3.806183e-01
0
0
0
0
2.788894e-02
0
0
1.072750e-01
0
0
3.619339e-01
2.987009e-02
0
0
0
0
3.162458e-01
0
2.210341e-01
0
3.751592e-01
0
2.234219e-01
0
1.962533e-02
0
0
0
0
0
0
0
0
0
0
0
9.422549e-03
0
0
1.233608e-02
0
0
0
0
0
1.760304e-01
0
0
3.779014e-01
2.061946e-01
0
0
0
0
0
0
7.705401e-01
7.510285e-01
5.324868e-01
5.163293e-01
7.988634e-01
7.978861e-01
8.382682e-01
7.526526e-01
9.020185e-01
6.436148e-01
5.689496e-01
1.985385e-01
1
7.765806e-01
0
0
0
0
0
0
0
0
3.012399e-01
0
3.496927e-01
7.734074e-03
0
0
6.092449e-01
0
0
0
1.243190e-01
8.765245e-02
3.718077e-01
0
0
7.777006e-02
0
0
0
0
0
0
0
0
0
0
0
1.624400e-01
0
1.995352e-01
2.051566e-03
0
3.154640e-01
0
3.121348e-01
3.083280e-01
0
2.271985e-01
0
1.710640e-01
5.823406e-02
8.705276e-02
5.780560e-03
0
4.325088e-01
1.671027e-01
0
2.301161e-02
3.487870e-01
1.589206e-01
0
0
0
0
3.569529e-01
0
1.922761e-01
0
2.609320e-01
0
2.391356e-01
0
0
0
0
0
0
0
0
0
0
0
0
0
1.095179e-01
0
1.312046e-01
6.718790e-02
0
0
0
0
0
0
0
0
5.330183e-01
3.753962e-01
0
0
0
4.710161e-02
0
0
6.274090e-01
6.112071e-01
4.031074e-01
4.017784e-01
6.727621e-01
7.642872e-01
6.802620e-01
7.318825e-01
8.172432e-01
9.054499e-01
6.067841e-01
4.887777e-01
7.765806e-01
1
0
0
0
0
0
0
0
0
3.751115e-01
1.634706e-02
2.413351e-01
0
0
0
4.916125e-01
0
0
0
5.467251e-02
2.580433e-02
1.115625e-01
0
0
1.985915e-01
0
0
0
0
1.249762e-01
0
0
0
0
0
0
2.308641e-01
0
4.778808e-01
2.620275e-01
0
4.519807e-01
5.280406e-03
0
3.395247e-01
0
4.679068e-01
0
9.903535e-02
1.923496e-01
2.088478e-01
3.065302e-01
0
4.888638e-01
2.157375e-01
0
0
3.061867e-01
3.569683e-01
5.701494e-02
0
7.364810e-01
6.931131e-01
0
4.709823e-01
0
3.846072e-01
0
4.683075e-01
0
4.380413e-01
1.008321e-01
5.760913e-01
2.238277e-01
3.690217e-01
0
3.254202e-01
5.134972e-01
5.348229e-01
3.748074e-01
2.511392e-01
3.728834e-01
4.296518e-01
0
0
3.529838e-02
0
2.952023e-01
3.473267e-01
2.239090e-01
3.229501e-01
2.326216e-03
0
0
0
0
0
0
0
0
0
0
0
0
0
0
0
0
0
0
0
0
0
1.557204e-01
0
0
0
1
8.154248e-01
5.881889e-01
5.850713e-01
6.147952e-01
3.521540e-01
4.207763e-01
4.257122e-01
0
6.071311e-03
0
0
2.416716e-02
1.089242e-01
0
1.689221e-01
0
0
1.062282e-01
0
0
1.642774e-01
2.655657e-01
0
3.222485e-01
4.417945e-01
1.106614e-01
1.532504e-01
0
2.226550e-01
3.953921e-01
0
3.270747e-01
5.273122e-01
2.804293e-02
0
0
0
0
0
0
0
7.887046e-02
0
4.223718e-01
0
1.385904e-01
0
0
0
0
0
0
0
2.806574e-01
4.607347e-01
2.772043e-01
0
3.717476e-02
2.953937e-01
7.460577e-01
7.849034e-01
0
5.105700e-01
0
3.193371e-01
0
6.694774e-01
0
3.881596e-01
8.136607e-02
7.547738e-01
2.051842e-01
4.679608e-01
1.346759e-02
4.218347e-01
7.621545e-01
7.164220e-01
5.262097e-01
4.984909e-01
4.454262e-01
5.646152e-01
0
0
0
0
1.743933e-01
5.163068e-01
5.395105e-01
7.170530e-01
0
0
3.961728e-02
7.023867e-02
0
0
0
6.543004e-02
0
0
0
0
0
0
0
0
0
0
0
0
0
0
0
0
0
0
8.154248e-01
1
5.647108e-01
7.410734e-01
6.667523e-01
5.193128e-01
6.726466e-01
6.895577e-01
0
0
0
0
3.474579e-01
1.986981e-01
0
2.438946e-01
0
8.907312e-02
0
0
0
2.605079e-01
3.342991e-01
0
5.515457e-01
3.703831e-01
3.615541e-01
3.295977e-01
0
1.466175e-02
3.062710e-01
0
0
4.420089e-01
1.611444e-01
0
0
0
0
1.603188e-01
0
0
1.995523e-01
0
4.111011e-01
0
2.473163e-01
0
0
0
0
0
0
0
5.442648e-01
6.148104e-01
1.850021e-01
0
0
4.259547e-01
6.306293e-01
2.345716e-01
0
5.621407e-01
0
1.904656e-01
4.106548e-03
6.864043e-01
0
5.267107e-01
1.362238e-01
6.961670e-01
1.849561e-01
3.878541e-01
0
1.976328e-01
3.064656e-01
2.091608e-01
2.759872e-01
3.849536e-02
3.176771e-01
4.507404e-01
0
0
0
0
4.067614e-02
2.027491e-01
8.989196e-02
1.804945e-01
0
0
0
0
0
0
0
0
0
0
0
0
0
0
0
0
0
0
0
0
0
0
2.549142e-01
0
0
0
5.881889e-01
5.647108e-01
1
8.504295e-01
7.169138e-01
5.423604e-01
4.019126e-01
2.182771e-01
0
8.552594e-02
0
0
2.100584e-01
1.564183e-01
0
3.040858e-01
7.298199e-02
1.541592e-02
0
0
0
2.096419e-01
2.287206e-01
0
1.531261e-01
0
0
0
0
1.591331e-01
0
0
8.773893e-02
5.889202e-01
5.696993e-01
4.399600e-03
0
0
0
0
0
0
3.469276e-01
2.068874e-01
6.644085e-01
0
4.083169e-01
4.003218e-01
0
0
0
0
0
0
3.709505e-01
2.726167e-01
3.756139e-01
1.634987e-01
0
0
6.285015e-01
4.696963e-01
0
6.135672e-01
0
8.488477e-02
0
8.465770e-01
0
4.022411e-01
1.190125e-01
8.226502e-01
2.512316e-01
5.055720e-01
0
3.268355e-01
4.096688e-01
3.108030e-01
3.202614e-01
2.251426e-01
4.029116e-01
4.922976e-01
0
0
0
0
3.257458e-02
3.016494e-01
2.894569e-01
3.759330e-01
0
0
4.273701e-02
2.146494e-02
0
0
0
0
0
0
0
0
0
0
0
0
0
0
0
0
0
0
5.472419e-02
0
0
0
5.850713e-01
7.410734e-01
8.504295e-01
1
7.603192e-01
6.512534e-01
5.810765e-01
5.757015e-01
0
4.941806e-02
0
4.132374e-02
4.121238e-01
1.704744e-01
0
3.426606e-01
8.626406e-02
1.544598e-01
0
0
0
4.784388e-01
1.008196e-01
0
1.907378e-01
5.030874e-02
0
1.409059e-01
0
1.389387e-01
0
0
3.975332e-02
4.018306e-01
5.375603e-01
0
0
0
0
0
0
0
4.201111e-01
2.734626e-01
6.849582e-01
0
6.002990e-01
3.239768e-01
0
0
0
0
0
0
4.850846e-01
3.522110e-01
2.624778e-01
3.350531e-02
0
1.707919e-01
7.859222e-01
4.716745e-01
0
6.088482e-01
0
3.393133e-01
1.254156e-01
8.236478e-01
0
6.173086e-01
3.994026e-01
8.693309e-01
5.114867e-01
5.940954e-01
1.771606e-01
5.813961e-01
5.459106e-01
4.264427e-01
5.605078e-01
2.872294e-01
1.506744e-01
2.823446e-01
0
0
0
0
0
8.435489e-03
4.728848e-01
4.711764e-01
0
6.914732e-02
0
0
0
0
0
0
0
0
0
0
0
0
0
0
0
0
0
0
0
0
1.014910e-01
0
0
0
6.147952e-01
6.667523e-01
7.169138e-01
7.603192e-01
1.000000e+00
4.829250e-01
6.217841e-01
5.335539e-01
0
0
0
0
1.557840e-01
1.271629e-01
3.597524e-02
3.934251e-01
2.947098e-02
3.222337e-02
8.191326e-03
0
0
2.475621e-01
2.940389e-01
0
3.566355e-01
1.419758e-01
2.026058e-01
3.183004e-01
0
0
0
1.397725e-01
0
3.477813e-01
3.551663e-01
0
0
0
0
0
0
0
3.049365e-01
2.425228e-02
4.091827e-01
0
2.611961e-01
6.049175e-02
0
0
0
0
0
0
2.708986e-01
3.865930e-01
2.899171e-01
0
0
3.443519e-01
4.068663e-01
2.750127e-01
0
5.140786e-01
0
4.952067e-01
0
7.331558e-01
0
6.980868e-01
2.332329e-01
6.492702e-01
3.603844e-01
6.845955e-01
2.198224e-01
6.177161e-01
3.580278e-01
1.665846e-01
1.373644e-01
3.668575e-01
2.601241e-01
4.274567e-01
0
0
3.989213e-02
0
3.590385e-01
5.723941e-01
2.055803e-01
3.626727e-01
0
0
0
0
0
0
0
0
2.488048e-01
0
0
0
0
0
0
0
0
0
0
0
0
0
0
0
0
0
3.521540e-01
5.193128e-01
5.423604e-01
6.512534e-01
4.829250e-01
1
2.845350e-01
4.912499e-01
0
5.089504e-01
0
0
5.110445e-01
3.688964e-01
0
1.368968e-01
0
5.657016e-02
0
0
0
1.616913e-01
0
0
2.197806e-01
3.726922e-01
2.552803e-01
3.983233e-01
0
6.165359e-01
0
2.290431e-01
3.030850e-01
5.454769e-01
5.953608e-01
0
6.871343e-03
0
0
1.890483e-01
0
2.743455e-01
0
0
4.418754e-01
0
2.969600e-01
9.179014e-02
0
0
0
4.031016e-02
0
1.177352e-01
7.617444e-01
2.896824e-01
2.457532e-01
1.942452e-02
0
8.043463e-02
5.353295e-01
3.821026e-01
0
5.318054e-01
0
1.770828e-01
0
6.150737e-01
0
1.295889e-01
0
6.625643e-01
0
4.509629e-01
0
5.212707e-01
5.959073e-01
4.910406e-01
5.649511e-01
5.264323e-01
4.408558e-01
3.235083e-01
0
0
0
0
0
3.530544e-01
4.848410e-01
6.377818e-01
0
3.648866e-01
5.414009e-02
9.366238e-02
0
0
0
0
0
0
0
0
0
0
0
0
0
0
0
0
0
0
0
0
0
0
4.207763e-01
6.726466e-01
4.019126e-01
5.810765e-01
6.217841e-01
2.845350e-01
1
7.752328e-01
0
0
0
0
2.166789e-01
2.471105e-02
0
2.260648e-01
0
0
0
0
0
4.015542e-01
2.750338e-01
0
4.850081e-01
5.736142e-02
4.088680e-01
3.180257e-01
0
0
5.648362e-02
9.719847e-03
0
0
1.602912e-01
0
0
0
0
0
0
0
3.262399e-01
0
3.841868e-01
0
3.103350e-01
0
0
0
0
0
0
0
1.907405e-01
3.837539e-01
0
0
1.107632e-01
5.503883e-01
4.496970e-01
5.583845e-01
0
6.556785e-01
0
2.450957e-01
0
6.926072e-01
0
1.397572e-01
0
6.291101e-01
1.088963e-01
5.221719e-01
1.455604e-01
6.499889e-01
5.440844e-01
4.793692e-01
4.835046e-01
6.051888e-01
3.533874e-01
3.198986e-01
0
0
0
0
0
4.404877e-01
5.753449e-01
6.459909e-01
0
2.383366e-01
3.589034e-01
3.415413e-01
0
0
0
5.773174e-02
0
0
0
0
0
0
0
0
0
0
0
0
0
0
0
0
0
0
4.257122e-01
6.895577e-01
2.182771e-01
5.757015e-01
5.335539e-01
4.912499e-01
7.752328e-01
1
0
0
0
0
3.686185e-01
1.168655e-01
0
2.501485e-01
0
1.565284e-01
0
0
0
5.389190e-01
1.448560e-01
0
3.475700e-01
4.358770e-01
5.357862e-01
6.810139e-01
0
4.152139e-02
2.517602e-01
1.868618e-01
0
0
1.758872e-01
0
0
0
0
0
0
0
2.054151e-01
0
3.215567e-01
0
3.745949e-01
0
0
0
0
0
0
9.961824e-02
3.740314e-01
4.351196e-01
0
0
9.495405e-03
5.188945e-01
0
0
4.801988e-01
0
6.044637e-01
0
2.478390e-01
0
4.215854e-01
0
1.621540e-02
0
0
0
1.292730e-01
0
0
0
0
0
0
0
6.579085e-01
5.561340e-01
5.416813e-01
5.094159e-01
1.729545e-01
0
0
0
2.101018e-01
0
0
0
7.933418e-01
6.981891e-01
2.123605e-01
0
2.773073e-01
1.268710e-01
2.675085e-01
0
1.265408e-01
1.374202e-01
4.237497e-01
2.841954e-01
9.056784e-02
2.644169e-01
1.905271e-01
3.335462e-01
3.343222e-01
4.878928e-01
4.542636e-02
3.262840e-01
3.012399e-01
3.751115e-01
0
0
0
0
0
0
0
0
1
3.633107e-01
5.689229e-01
2.162776e-01
0
0
2.507015e-01
0
7.094689e-02
0
0
0
3.718008e-01
0
0
0
0
0
0
0
8.468695e-01
3.034726e-01
0
3.971833e-02
3.530234e-01
0
0
3.897859e-01
5.458728e-01
5.469348e-01
1.630736e-01
0
1.511839e-01
1.685115e-01
0
0
0
5.431987e-01
0
1.050715e-01
1.671256e-01
3.931455e-01
6.950727e-02
1.261547e-01
0
8.872915e-03
0
0
0
8.272196e-02
8.982617e-03
0
0
0
0
0
2.318692e-01
2.728834e-01
0
0
0
3.391056e-01
0
0
1.125008e-01
2.256153e-01
0
2.737894e-02
0
0
0
0
0
5.983868e-02
1.825651e-01
1.989633e-01
6.538151e-01
4.250294e-01
4.652478e-01
2.215487e-01
0
0
0
0
0
0
4.887621e-01
4.784425e-01
0
1.547722e-01
4.167307e-01
4.514762e-01
0
9.598009e-03
0
0
0
0
0
0
0
0
0
2.408445e-01
1.242021e-02
3.852062e-01
0
1.634706e-02
6.071311e-03
0
8.552594e-02
4.941806e-02
0
5.089504e-01
0
0
3.633107e-01
1
0
1.164835e-01
1.329620e-01
2.060270e-01
0
0
0
0
0
0
0
0
0
0
0
3.672209e-01
0
0
3.038171e-01
8.701531e-01
1.089732e-01
1.721365e-01
7.014475e-01
4.903058e-01
6.083769e-02
0
2.836836e-01
2.308249e-01
2.227000e-02
3.025730e-01
2.431002e-01
6.417804e-01
0
1.783334e-02
0
1.495081e-01
0
0
1.452386e-01
4.125269e-02
6.883571e-02
3.329723e-01
0
2.680409e-01
3.724888e-01
0
2.448642e-02
3.045909e-01
0
0
0
0
1.120913e-01
0
0
0
1.118321e-01
0
0
0
0
0
0
0
0
0
0
0
0
0
0
0
3.811929e-02
1.094083e-01
0
1.919700e-01
0
0
0
0
0
9.052388e-02
8.003460e-02
1.363595e-01
5.623091e-01
6.601571e-01
5.679459e-02
0
0
0
1.734180e-01
0
4.608616e-01
4.684293e-01
7.158451e-01
6.628016e-01
3.569344e-01
5.381221e-01
4.715260e-01
5.313478e-01
2.974540e-01
2.381356e-01
0
0
3.496927e-01
2.413351e-01
0
0
0
0
0
0
0
0
5.689229e-01
0
1
8.287499e-01
0
0
1.001970e-01
0
6.353424e-02
0
0
0
7.054960e-01
3.630469e-01
0
0
0
0
0
0
3.240266e-01
0
0
1.781418e-01
0
0
1.795444e-01
3.935485e-01
5.861508e-01
2.472265e-01
0
0
9.253100e-02
2.884080e-01
2.744508e-01
1.769147e-01
1.384647e-01
5.349446e-01
2.992285e-01
5.445518e-01
5.372778e-01
4.160069e-01
2.013229e-01
4.786139e-01
5.546995e-02
0
0
0
0
3.520755e-01
0
0
0
0
0
1.887317e-02
0
0
0
0
0
0
0
0
0
0
0
0
0
0
0
0
5.859791e-02
0
0
0
0
6.049586e-02
0
0
0
0
0
0
1.605537e-01
3.560210e-01
3.469139e-01
5.705439e-01
0
0
0
0
6.952442e-02
3.391639e-02
2.235002e-01
2.353720e-01
4.978529e-01
5.135064e-01
9.288181e-02
2.701782e-01
1.725637e-01
2.167175e-01
4.417567e-02
0
0
0
7.734074e-03
0
0
0
0
4.132374e-02
0
0
0
0
2.162776e-01
1.164835e-01
8.287499e-01
1
1.613840e-01
1.290591e-01
0
0
7.961651e-02
1.062320e-01
0
2.873938e-02
5.644299e-01
6.120068e-01
0
0
0
0
0
0
3.040353e-03
1.539143e-01
0
3.330386e-01
0
0
3.380844e-01
1.933127e-01
5.255485e-01
8.322632e-02
0
0
8.299286e-02
4.345847e-01
3.146728e-01
2.111891e-01
3.242393e-01
3.639653e-01
4.734660e-01
5.066448e-01
5.613311e-01
2.455029e-01
1.852280e-01
7.090214e-01
0
0
0
0
0
4.073290e-01
0
0
1.780641e-02
9.660342e-02
0
7.616197e-02
0
0
0
3.335613e-01
0
1.451475e-01
8.428152e-02
3.881241e-01
4.662686e-02
3.553953e-01
0
2.933775e-01
3.238806e-01
3.284053e-01
3.805520e-01
6.378157e-01
4.583500e-02
1.496288e-01
0
0
0
0
0
1.559076e-01
4.794053e-01
4.635296e-01
0
0
2.920835e-01
3.979093e-01
0
0
3.016973e-01
3.701683e-01
4.367097e-01
2.322155e-01
3.744521e-01
3.158624e-01
0
0
0
0
0
0
0
0
0
0
0
0
0
0
2.416716e-02
3.474579e-01
2.100584e-01
4.121238e-01
1.557840e-01
5.110445e-01
2.166789e-01
3.686185e-01
0
1.329620e-01
0
1.613840e-01
1.000000e+00
8.279369e-01
0
6.130960e-02
2.777394e-01
5.346290e-01
0
6.794862e-02
0
1.905220e-01
2.840342e-01
0
2.982096e-01
2.447008e-01
2.601124e-01
1.314016e-01
0
1.478522e-01
0
2.412932e-01
0
1.532276e-01
5.802010e-01
8.674960e-02
0
0
8.348647e-02
5.433815e-01
0
3.346855e-01
1.669096e-02
1.003645e-01
2.199813e-01
0
3.292953e-01
3.429720e-02
4.904017e-02
0
1.414691e-01
3.904380e-01
4.331358e-02
0
4.095763e-01
1.506165e-01
0
1.174329e-01
0
2.336695e-01
6.231338e-02
1.014844e-02
0
0
0
0
0
1.393984e-01
3.999945e-02
1.916736e-01
1.512448e-01
2.642631e-01
1.295013e-01
3.380079e-01
7.587326e-02
2.848533e-01
1.483385e-01
1.838351e-01
3.970020e-01
5.897826e-01
0
0
0
9.154823e-03
0
0
0
0
3.453810e-01
2.869272e-01
0
0
3.813132e-03
1.483683e-01
0
0
2.901913e-01
4.649309e-01
4.368062e-01
3.670840e-01
4.997089e-01
2.710093e-01
0
0
0
0
0
0
0
0
0
0
0
0
0
0
1.089242e-01
1.986981e-01
1.564183e-01
1.704744e-01
1.271629e-01
3.688964e-01
2.471105e-02
1.168655e-01
0
2.060270e-01
0
1.290591e-01
8.279369e-01
1
0
9.288558e-03
3.475156e-01
4.965588e-01
1.210388e-01
1.030890e-01
0
0
2.950064e-01
6.603654e-02
2.014436e-01
3.107098e-01
1.920971e-01
0
1.679576e-01
2.657676e-01
1.250684e-02
3.486250e-01
4.070214e-02
2.875749e-01
4.516206e-01
1.554686e-01
1.321981e-01
1.507575e-02
2.128841e-01
5.800321e-01
0
3.948799e-01
0
0
6.769742e-02
9.525260e-02
2.437247e-02
0
7.029760e-02
0
3.235466e-01
2.749500e-01
0
0
2.803422e-01
5.308373e-03
0
2.065427e-01
0
2.674468e-01
1.848964e-01
0
6.140520e-01
0
3.418019e-01
0
7.536121e-01
0
4.875292e-01
0
4.339526e-01
0
1.338262e-01
0
1.584834e-01
0
0
0
8.681586e-02
0
1.939671e-02
1.659684e-02
3.147925e-01
7.404677e-02
0
0
0
0
0
0
1.125784e-01
4.392730e-01
0
0
1.741741e-01
0
0
0
0
0
0
0
3.569845e-01
3.444562e-01
1.009405e-01
3.587866e-02
4.052821e-01
4.031494e-01
4.164169e-01
3.512554e-01
4.883856e-01
4.475257e-01
4.899272e-01
1.257187e-01
6.092449e-01
4.916125e-01
0
0
0
0
3.597524e-02
0
0
0
2.507015e-01
0
1.001970e-01
0
0
0
1
2.658504e-01
3.209354e-01
0
4.904671e-01
3.017811e-01
1.254740e-01
0
0
1.686274e-01
0
0
0
0
1.485551e-01
0
0
0
0
0
0
1.058445e-01
0
1.168543e-01
0
0
0
0
1.893677e-01
0
0
1.590037e-01
0
5.264450e-02
0
0
0
0
1.352074e-01
0
0
0
4.786738e-01
0
0
0
5.757578e-01
4.135980e-01
0
4.046410e-01
0
7.729712e-03
1.845248e-01
5.380798e-01
1.395902e-03
0
2.753448e-01
5.420017e-01
2.980906e-01
5.513992e-01
1.447180e-01
3.848449e-01
1.370821e-02
0
4.322885e-01
1.618101e-01
3.259302e-01
7.093912e-01
0
0
0
0
0
0
2.846446e-01
3.019592e-01
0
9.947088e-02
0
0
0
0
0
4.553756e-02
0
3.366972e-02
0
3.004620e-01
0
0
0
0
0
0
0
0
0
0
0
0
0
0
1.689221e-01
2.438946e-01
3.040858e-01
3.426606e-01
3.934251e-01
1.368968e-01
2.260648e-01
2.501485e-01
0
0
0
0
6.130960e-02
9.288558e-03
2.658504e-01
1
3.940875e-01
5.057720e-01
4.893788e-01
5.492103e-01
0
9.137521e-02
0
0
0
0
4.794272e-02
2.133625e-01
0
1.688292e-03
2.427553e-01
2.798552e-01
0
1.484166e-01
1.089670e-01
0
0
0
0
1.383788e-02
0
0
9.324197e-02
0
0
0
0
0
0
0
0
0
0
0
6.931242e-02
1.384559e-01
1.812652e-01
0
0
1.676313e-01
5.963275e-02
0
4.167752e-01
5.985194e-02
0
0
5.444677e-01
9.703963e-03
2.457681e-01
0
4.237869e-01
7.091302e-02
1.499302e-01
0
1.944509e-01
0
0
0
3.680898e-01
1.844574e-01
0
5.330403e-02
1.145745e-01
0
0
0
0
0
2.592712e-01
0
1.692431e-01
8.625783e-02
2.382732e-01
1.835107e-01
0
0
2.404907e-01
2.983502e-02
1.957840e-01
3.241273e-02
5.821858e-01
5.295152e-01
0
0
0
0
0
0
0
0
0
6.035306e-02
0
0
0
0
0
0
7.298199e-02
8.626406e-02
2.947098e-02
0
0
0
7.094689e-02
0
6.353424e-02
7.961651e-02
2.777394e-01
3.475156e-01
3.209354e-01
3.940875e-01
1.000000e+00
7.233550e-01
7.430863e-01
7.125800e-01
9.832189e-02
3.973153e-02
1.068358e-01
1.048403e-01
0
0
1.313987e-03
0
1.982355e-01
0
0
0
0
0
2.210032e-01
3.008085e-01
0
2.403303e-01
2.417466e-03
0
0
0
6.711232e-02
0
3.205667e-03
3.301800e-01
1.783013e-01
1.703105e-01
0
0
1.125223e-01
0
2.393818e-01
0
0
0
3.153387e-02
0
0
2.831855e-03
1.260238e-01
2.243001e-01
0
1.225329e-01
0
0
1.727306e-01
2.290497e-01
8.334864e-02
0
2.190064e-01
2.066308e-01
2.474094e-01
2.219204e-01
2.518101e-01
9.959110e-02
0
0
3.047027e-01
3.112363e-01
8.100922e-03
2.763174e-01
0
0
0
0
0
0
4.341114e-01
2.564005e-01
0
0
2.941330e-01
4.697160e-01
0
0
3.796235e-01
4.566174e-01
3.784974e-01
2.875939e-01
6.162287e-01
8.148461e-01
0
0
0
0
0
0
0
0
0
0
0
0
0
0
0
8.907312e-02
1.541592e-02
1.544598e-01
3.222337e-02
5.657016e-02
0
1.565284e-01
0
0
0
1.062320e-01
5.346290e-01
4.965588e-01
0
5.057720e-01
7.233550e-01
1
5.887051e-01
6.880375e-01
2.453008e-02
1.010845e-01
2.866076e-02
0
0
1.140445e-01
1.224266e-01
1.204995e-01
0
0
1.035220e-01
2.506750e-01
7.313661e-02
2.237547e-02
2.368608e-01
1.560275e-01
0
8.763756e-02
6.833874e-02
3.378872e-01
0
0
0
0
0
1.291535e-01
6.609622e-02
0
0
0
1.272897e-01
2.232520e-01
6.499422e-02
0
3.552767e-02
0
0
0
0
5.873491e-02
2.452694e-01
2.150445e-01
3.767648e-01
0
0
0
5.449988e-01
0
3.450856e-01
0
2.798355e-01
7.607489e-03
7.803542e-02
5.056531e-03
1.945575e-01
0
0
0
3.998445e-01
1.824244e-01
7.883807e-02
1.357014e-01
1.241751e-01
0
0
0
0
0
2.878507e-01
7.045989e-02
4.504296e-02
1.632313e-01
1.587424e-01
1.727279e-01
0
0
9.057477e-02
6.652092e-02
0
6.885328e-02
3.699767e-01
4.751134e-01
7.056597e-02
9.145381e-02
0
4.252333e-03
1.337093e-01
5.105486e-02
8.636827e-02
2.031275e-01
0
8.932202e-02
0
0
1.243190e-01
5.467251e-02
1.062282e-01
0
0
0
8.191326e-03
0
0
0
0
0
0
0
0
1.210388e-01
4.904671e-01
4.893788e-01
7.430863e-01
5.887051e-01
1
7.972969e-01
0
0
8.425583e-02
1.687628e-01
0
0
5.200621e-02
0
1.166060e-02
0
2.979513e-01
0
0
0
0
0
0
0
1.845699e-01
0
0
0
2.426987e-02
0
0
7.900971e-03
0
0
0
0
2.790211e-01
0
2.692194e-01
0
0
5.836624e-02
4.441306e-02
0
2.027904e-01
1.117334e-01
3.942642e-02
9.941610e-02
1.509993e-01
0
0
0
3.238284e-01
0
2.253969e-01
0
1.144919e-01
4.975628e-02
8.324982e-02
1.261967e-01
4.538625e-02
0
0
0
1.978210e-01
0
1.735502e-01
2.081390e-01
1.323373e-01
6.626528e-02
0
0
0
0
1.142442e-01
0
1.340588e-02
0
1.970635e-01
2.479917e-01
0
0
1.719174e-01
5.317029e-02
0
1.443836e-01
2.579494e-01
4.529677e-01
7.474503e-03
9.602627e-03
0
2.157952e-02
6.667902e-02
6.001163e-03
0
1.204716e-01
4.595836e-03
1.263011e-01
2.705884e-02
8.060234e-02
8.765245e-02
2.580433e-02
0
0
0
0
0
0
0
0
0
0
0
2.873938e-02
6.794862e-02
1.030890e-01
3.017811e-01
5.492103e-01
7.125800e-01
6.880375e-01
7.972969e-01
1
0
0
0
4.227835e-02
0
7.729005e-02
0
0
0
0
2.119317e-01
0
0
0
0
0
8.045603e-03
0
2.369856e-01
0
0
0
0
0
0
0
0
0
0
0
2.160833e-01
0
2.583028e-01
0
0
0
3.323015e-02
5.128560e-03
2.311474e-01
0
0
0
7.561327e-02
0
0
0
1.838929e-01
0
0
0
1.200153e-02
0
0
0
0
0
0
0
0
0
0
0
0
0
0
0
0
0
0
0
0
1.286409e-01
2.004876e-01
1.863195e-01
4.521318e-01
6.205506e-01
1.197845e-01
0
0
0
2.345386e-01
6.701216e-02
3.551728e-01
3.049482e-01
4.765058e-01
3.887167e-01
2.620940e-01
3.867681e-01
3.572848e-01
3.311574e-01
2.636966e-01
9.376341e-02
0
0
3.718077e-01
1.115625e-01
0
0
0
0
0
0
0
0
3.718008e-01
0
7.054960e-01
5.644299e-01
0
0
1.254740e-01
0
9.832189e-02
2.453008e-02
0
0
1
4.433478e-01
0
0
0
0
0
1.521725e-01
9.805044e-02
0
0
2.118328e-01
0
0
4.038188e-01
5.782439e-01
2.787721e-01
2.893156e-01
0
0
2.135491e-02
9.524404e-02
5.655647e-01
3.322712e-01
1.969122e-01
4.448047e-01
4.736398e-01
5.513002e-01
6.762849e-02
8.750530e-02
0
4.696217e-01
9.337897e-03
0
0
0
0
4.448566e-03
0
0
1.153641e-01
1.011217e-01
0
5.404593e-01
0
0
0
4.178164e-01
0
0
0
2.062563e-01
0
1.300511e-01
0
2.029014e-01
2.528510e-02
3.645602e-02
1.379191e-02
1.692035e-01
2.709589e-01
1.154042e-01
0
0
0
0
0
1.092046e-01
2.269457e-02
0
0
1.802665e-01
3.308669e-01
3.909927e-01
0
2.089784e-02
0
0
0
0
0
0
4.293981e-02
1.843083e-02
1.439277e-01
1.302830e-01
0
0
9.431069e-03
0
0
0
0
0
0
0
1.642774e-01
2.605079e-01
2.096419e-01
4.784388e-01
2.475621e-01
1.616913e-01
4.015542e-01
5.389190e-01
0
0
3.630469e-01
6.120068e-01
1.905220e-01
0
0
9.137521e-02
3.973153e-02
1.010845e-01
0
0
4.433478e-01
1
0
0
0
0
0
3.940431e-01
0
0
0
2.507811e-01
0
0
4.290807e-01
1.620617e-03
1.689743e-01
0
0
0
0
0
6.374910e-01
2.275280e-01
6.935724e-01
0
8.019246e-01
5.018011e-01
1.049419e-01
0
0
2.671063e-01
0
0
1.356239e-01
1.113503e-01
0
0
0
1.079521e-01
1.891848e-01
1.056325e-01
2.564113e-01
1.048745e-01
0
1.361587e-01
2.155067e-01
1.965386e-04
1.464980e-01
2.509815e-01
2.313793e-01
1.605495e-01
0
0
1.839929e-01
5.082554e-02
7.104699e-01
7.689424e-01
6.517107e-01
4.561456e-01
0
0
0
0
0
0
0
0
6.122641e-01
4.884555e-01
2.515194e-01
2.780427e-01
2.199679e-01
2.558840e-02
0
0
1.837753e-01
0
0
0
1.763992e-01
0
0
0
0
0
2.663629e-02
0
4.463972e-02
0
0
0
0
0
0
0
2.655657e-01
3.342991e-01
2.287206e-01
1.008196e-01
2.940389e-01
0
2.750338e-01
1.448560e-01
0
0
0
0
2.840342e-01
2.950064e-01
0
0
1.068358e-01
2.866076e-02
8.425583e-02
0
0
0
1
6.736219e-01
6.961854e-01
6.104260e-02
4.886780e-01
1.820201e-02
0
0
2.243280e-02
0
0
2.137477e-02
1.768436e-01
7.727336e-02
0
0
6.064181e-02
1.691193e-01
0
0
2.906107e-01
1.426560e-01
6.729623e-02
0
7.127031e-02
3.533862e-02
0
0
5.927924e-02
0
2.231257e-01
0
0
5.131898e-01
1.114394e-01
0
6.681283e-02
1.369320e-01
0
2.655581e-02
6.078130e-01
0
1.170018e-01
1.297180e-01
3.009051e-01
0
5.054479e-01
1.345578e-02
1.830813e-01
0
0
0
3.356326e-01
0
3.456307e-01
4.341945e-01
4.083908e-01
1.405844e-01
0
0
3.483669e-01
1.930130e-01
0
0
0
0
3.432522e-01
2.294981e-01
4.884017e-01
1.201089e-01
1.551403e-01
0
0
0
4.654649e-01
1.828943e-01
1.672446e-01
2.446301e-01
2.138481e-01
5.139431e-02
1.005272e-01
1.307046e-01
0
0
2.106461e-01
8.057827e-02
2.031812e-01
2.288626e-01
0
1.764299e-01
1.007306e-01
2.262171e-01
7.777006e-02
1.985915e-01
0
0
0
0
0
0
0
0
0
0
0
0
0
6.603654e-02
1.686274e-01
0
1.048403e-01
0
1.687628e-01
4.227835e-02
0
0
6.736219e-01
1
5.492212e-01
1.314060e-01
3.811900e-01
0
2.324738e-01
0
3.485365e-01
0
0
5.341843e-02
0
4.471490e-02
0
8.009150e-02
4.374669e-01
3.160049e-01
1.857968e-02
0
0
0
0
0
0
0
0
0
2.643887e-01
0
4.156590e-01
9.510884e-02
0
6.526466e-02
1.767718e-02
0
3.375647e-01
1.339918e-01
2.345088e-01
3.167684e-01
0
0
0
4.152687e-01
0
1.253181e-01
1.471130e-02
4.432157e-01
1.168195e-01
3.605497e-01
3.680887e-02
1.057856e-01
1.296476e-01
2.508938e-01
8.137229e-01
8.395525e-01
5.134910e-01
4.527257e-01
0
0
0
0
0
0
0
2.578468e-01
5.473639e-01
6.590423e-01
1.224682e-01
5.885350e-03
5.747541e-02
0
0
0
5.467929e-02
2.633588e-02
0
0
0
0
0
0
0
0
0
0
0
0
0
0
6.159858e-02
0
0
0
3.222485e-01
5.515457e-01
1.531261e-01
1.907378e-01
3.566355e-01
2.197806e-01
4.850081e-01
3.475700e-01
0
0
0
0
2.982096e-01
2.014436e-01
0
0
0
0
0
0
0
0
6.961854e-01
5.492212e-01
1
3.556619e-01
5.057419e-01
1.601042e-01
0
0
1.914165e-01
0
0
2.432304e-01
0
0
0
0
1.424176e-01
3.232836e-01
0
0
0
9.507671e-02
6.522893e-03
0
0
0
0
0
0
0
1.271615e-01
8.231862e-02
2.569390e-01
4.768983e-01
1.236346e-01
0
1.133719e-01
3.116486e-01
1.609305e-01
4.610663e-01
0
5.108241e-02
7.301738e-02
5.246359e-01
0
1.652390e-01
1.059689e-01
3.745259e-01
5.496919e-02
2.860010e-01
3.284274e-01
4.696683e-01
2.436377e-01
5.127049e-01
2.301945e-01
3.779750e-01
1.711302e-01
2.930733e-01
3.446408e-02
5.297501e-02
5.524319e-02
2.865809e-01
2.102426e-01
9.265106e-02
2.553535e-01
2.508961e-01
2.024995e-01
2.418452e-01
0
0
1.379514e-01
7.499784e-02
0
0
0
2.097845e-01
2.489783e-01
2.141656e-01
0
3.178977e-02
0
0
0
0
0
0
0
0
0
0
0
7.475709e-02
0
0
4.417945e-01
3.703831e-01
0
5.030874e-02
1.419758e-01
3.726922e-01
5.736142e-02
4.358770e-01
0
3.672209e-01
0
0
2.447008e-01
3.107098e-01
0
0
0
1.140445e-01
0
7.729005e-02
0
0
6.104260e-02
1.314060e-01
3.556619e-01
1
2.051427e-01
4.818627e-01
0
5.652225e-01
6.029294e-01
3.070138e-01
4.108707e-01
2.427161e-01
0
0
5.317717e-02
0
0
2.899646e-01
0
1.915357e-01
0
0
0
0
0
0
0
0
0
0
0
3.432761e-01
1.711526e-01
2.216979e-01
1.438660e-01
0
1.653710e-01
1.981330e-01
2.812739e-01
3.216833e-01
2.477052e-01
3.721423e-01
7.094419e-02
3.348716e-01
3.715420e-02
2.110857e-01
2.287335e-01
1.550049e-01
3.444493e-01
2.312487e-01
6.243338e-02
1.756523e-01
6.972083e-01
4.921986e-01
7.183253e-01
5.000405e-01
6.321426e-01
7.484680e-01
0
1.742348e-01
7.906807e-02
2.151909e-01
0
0
0
3.551829e-01
7.677718e-01
7.724477e-01
4.593835e-01
5.334197e-01
1.446688e-01
4.884115e-02
0
0
1.406061e-01
3.887408e-01
2.760568e-01
2.833093e-02
1.242013e-01
5.841170e-02
0
0
0
0
0
0
0
0
0
0
0
0
0
0
1.106614e-01
3.615541e-01
0
0
2.026058e-01
2.552803e-01
4.088680e-01
5.357862e-01
0
0
0
0
2.601124e-01
1.920971e-01
0
4.794272e-02
1.313987e-03
1.224266e-01
5.200621e-02
0
0
0
4.886780e-01
3.811900e-01
5.057419e-01
2.051427e-01
1
5.208472e-01
5.187504e-02
0
3.662640e-01
9.612378e-02
0
0
0
0
0
0
6.213385e-02
3.315668e-01
0
0
0
0
0
0
0
0
0
2.226226e-02
0
0
7.277771e-02
2.779293e-01
3.564145e-01
4.163709e-01
0
0
6.964764e-02
4.488241e-01
2.753661e-01
3.798015e-01
0
4.999590e-01
0
4.410933e-01
0
5.039795e-01
0
2.777552e-01
2.123034e-01
3.447482e-01
3.422232e-01
4.963020e-01
4.657191e-01
7.195994e-01
4.053315e-01
3.324438e-01
2.283977e-01
4.046472e-01
1.712308e-01
1.976743e-01
0
2.019186e-02
0
0
7.973139e-02
2.716107e-01
4.507216e-01
4.389218e-01
0
2.207369e-01
1.794579e-01
1.771982e-01
0
0
0
1.014456e-01
9.169681e-02
0
0
6.427444e-02
0
0
0
0
0
0
0
0
0
0
0
0
0
0
1.532504e-01
3.295977e-01
0
1.409059e-01
3.183004e-01
3.983233e-01
3.180257e-01
6.810139e-01
0
0
0
0
1.314016e-01
0
0
2.133625e-01
0
1.204995e-01
0
0
1.521725e-01
3.940431e-01
1.820201e-02
0
1.601042e-01
4.818627e-01
5.208472e-01
1
0
1.283322e-01
2.381260e-01
5.563626e-01
0
0
1.527197e-01
0
2.814022e-02
0
0
6.886810e-03
0
0
1.518565e-01
0
6.968570e-02
0
1.551194e-01
0
0
0
0
0
0
3.415455e-01
3.038357e-01
4.184209e-01
0
0
0
1.841868e-01
0
0
6.146613e-01
0
5.169809e-01
1.107367e-01
3.567522e-01
0
6.153047e-01
6.052800e-03
2.492684e-01
0
6.479898e-02
0
4.226084e-01
0
0
0
0
0
0
0
7.492640e-01
5.650010e-01
3.740357e-01
3.388650e-01
8.175551e-02
0
0
0
3.226341e-01
1.571784e-02
0
0
4.799845e-01
3.943299e-01
3.515332e-01
2.272196e-01
5.356693e-01
3.112546e-01
5.047406e-01
4.289808e-02
0
0
1.016428e-01
0
0
0
0
4.664608e-02
0
2.459271e-01
0
2.687075e-01
0
1.249762e-01
0
0
0
0
0
0
0
0
8.468695e-01
3.038171e-01
3.240266e-01
3.040353e-03
0
1.679576e-01
1.485551e-01
0
1.982355e-01
0
1.166060e-02
0
9.805044e-02
0
0
2.324738e-01
0
0
5.187504e-02
0
1
2.664169e-01
0
2.140191e-01
3.727666e-01
0
0
4.224718e-01
4.530673e-01
5.551250e-01
2.077665e-01
1.116804e-01
2.571056e-03
1.464795e-01
0
0
0
5.003828e-01
0
0
0
3.449930e-01
5.787866e-02
0
0
6.440603e-02
0
0
0
0
0
0
0
0
0
1.294424e-01
2.525290e-01
4.450908e-01
0
1.934233e-01
0
4.330695e-01
0
1.221852e-01
1.943069e-01
4.646943e-01
1.517127e-02
3.501186e-01
0
0
0
0
1.471602e-01
1.662515e-01
1.833402e-01
3.341555e-01
5.554557e-01
3.797879e-01
5.561407e-01
3.312084e-01
0
0
0
0
0
0
3.205344e-01
2.698152e-01
0
6.184863e-02
3.300568e-01
2.089642e-01
0
0
0
0
0
0
0
0
0
0
0
3.232436e-02
0
2.041615e-01
0
0
2.226550e-01
1.466175e-02
1.591331e-01
1.389387e-01
0
6.165359e-01
0
4.152139e-02
3.034726e-01
8.701531e-01
0
1.539143e-01
1.478522e-01
2.657676e-01
0
1.688292e-03
0
0
0
0
0
0
0
0
0
5.652225e-01
0
1.283322e-01
2.664169e-01
1.000000e+00
2.107107e-01
3.351570e-01
7.018826e-01
4.433648e-01
2.181362e-01
0
4.626248e-01
0
0
1.509771e-01
0
4.909982e-01
0
0
1.757939e-01
0
0
0
5.262636e-02
0
0
2.067111e-01
0
2.122394e-01
3.143873e-01
0
1.008047e-01
2.582435e-01
0
0
2.168694e-01
5.361529e-01
0
4.820500e-02
2.613441e-01
3.588747e-01
0
0
1.817374e-01
0
0
6.131257e-03
0
1.384226e-01
2.505275e-01
2.330068e-01
2.156959e-01
2.892320e-01
2.887403e-01
3.435500e-01
2.212822e-01
3.467915e-01
3.413006e-01
3.673168e-01
2.597590e-01
3.283198e-01
3.300353e-01
2.826138e-01
1.925917e-01
3.114003e-01
3.682473e-01
1.622981e-02
1.406305e-01
1.242677e-01
0
0
1.665191e-01
4.738728e-01
2.045327e-01
4.929964e-01
0
2.069420e-01
0
0
0
0
0
0
0
0
0
0
0
0
0
0
3.953921e-01
3.062710e-01
0
0
0
0
5.648362e-02
2.517602e-01
0
1.089732e-01
0
0
0
1.250684e-02
0
2.427553e-01
0
1.035220e-01
2.979513e-01
2.119317e-01
0
0
2.243280e-02
3.485365e-01
1.914165e-01
6.029294e-01
3.662640e-01
2.381260e-01
0
2.107107e-01
1.000000e+00
1.584228e-01
2.125128e-01
1.323928e-01
0
0
0
0
3.157905e-01
4.474335e-01
6.542915e-02
0
0
0
0
0
0
0
0
6.701345e-02
1.154632e-01
0
0
4.667296e-01
7.422696e-02
1.949683e-01
0
0
5.344768e-01
4.551301e-01
1.065876e-01
4.881927e-02
0
1.764542e-01
0
2.117589e-01
0
2.413838e-01
7.535916e-02
1.188022e-01
9.511214e-02
1.581075e-01
1.982638e-01
5.163675e-01
1.662565e-01
5.608370e-01
0
0
1.385010e-01
3.314497e-01
0
9.971671e-02
0
2.395791e-02
0
0
0
0
9.441122e-02
6.394450e-02
0
0
0
9.598608e-02
0
5.261913e-02
3.794976e-02
3.645680e-01
2.440731e-01
2.134343e-01
2.512947e-01
1.559556e-01
0
0
0
0
0
0
0
0
0
0
0
0
0
0
0
0
0
0
1.397725e-01
2.290431e-01
9.719847e-03
1.868618e-01
3.971833e-02
1.721365e-01
1.781418e-01
3.330386e-01
2.412932e-01
3.486250e-01
0
2.798552e-01
0
2.506750e-01
0
0
2.118328e-01
2.507811e-01
0
0
0
3.070138e-01
9.612378e-02
5.563626e-01
2.140191e-01
3.351570e-01
1.584228e-01
1.000000e+00
9.452767e-02
0
2.215471e-01
4.416456e-02
4.005895e-01
0
0
3.142515e-01
0
3.845161e-01
0
0
0
0
0
0
0
6.637202e-03
3.496029e-02
3.444606e-01
0
1.907109e-01
1.929763e-01
0
0
0
0
1.541743e-01
0
1.516449e-01
0
0
4.543281e-01
2.591252e-01
0
0
2.206256e-01
3.328095e-01
7.381276e-02
0
3.249965e-01
8.486206e-02
1.844159e-01
0
0
0
0
0
0
9.884919e-03
2.483009e-01
8.253447e-02
6.231955e-01
2.724475e-01
4.854399e-01
1.000929e-01
0
0
1.087120e-01
0
0
0
4.386447e-01
2.619794e-01
7.976420e-04
1.202006e-01
5.255732e-01
3.008329e-01
1.214946e-01
2.524019e-01
0
0
0
0
0
0
0
0
1.043559e-01
3.125883e-01
2.301722e-01
5.125348e-01
0
0
3.270747e-01
0
8.773893e-02
3.975332e-02
0
3.030850e-01
0
0
3.530234e-01
7.014475e-01
0
0
0
4.070214e-02
0
0
0
7.313661e-02
0
0
0
0
0
0
0
4.108707e-01
0
0
3.727666e-01
7.018826e-01
2.125128e-01
9.452767e-02
1.000000e+00
4.948309e-01
0
5.197347e-02
1.736409e-01
2.646003e-01
0
8.163342e-02
1.471705e-01
2.366469e-01
0
4.473898e-02
4.179568e-03
2.160596e-01
0
0
0
0
0
4.762186e-03
0
1.798065e-01
2.182490e-01
0
1.036333e-01
0
0
0
5.149845e-01
3.330469e-01
0
9.087100e-02
7.694796e-02
4.242450e-01
0
3.192931e-01
2.437163e-01
6.221537e-01
3.011530e-01
4.958794e-01
4.243395e-01
4.309668e-01
1.675266e-01
1.680689e-01
2.410966e-01
1.031144e-01
1.131639e-01
0
7.210456e-02
4.564328e-01
7.871157e-02
0
2.583340e-01
0
4.083115e-01
3.280533e-01
1.163577e-02
2.040726e-01
3.314273e-02
0
0
0
0
0
0
6.020496e-02
1.477725e-01
2.162091e-01
0
0
0
0
0
0
0
0
0
0
0
1.182077e-01
4.520567e-01
5.765960e-01
0
0
5.273122e-01
4.420089e-01
5.889202e-01
4.018306e-01
3.477813e-01
5.454769e-01
0
0
0
4.903058e-01
0
0
1.532276e-01
2.875749e-01
0
1.484166e-01
0
2.237547e-02
0
0
0
0
2.137477e-02
5.341843e-02
2.432304e-01
2.427161e-01
0
0
0
4.433648e-01
1.323928e-01
0
4.948309e-01
1
1.799906e-01
0
0
1.279407e-01
5.011456e-02
2.761202e-01
0
2.887994e-02
0
0
1.743306e-01
2.686379e-02
0
0
0
0
0
0
0
1.624621e-02
4.782242e-01
7.894289e-02
4.227550e-01
7.523372e-02
0
0
1.451308e-01
0
0
4.513930e-01
0
1.423868e-01
2.224392e-02
5.360649e-01
0
4.332616e-01
2.512288e-01
4.241537e-01
1.787970e-01
3.870569e-01
0
3.704448e-01
1.462613e-01
2.813552e-02
1.643879e-01
2.597123e-01
1.734242e-01
1.810592e-01
0
0
0
0
4.446301e-03
1.609839e-01
1.142490e-01
7.783958e-02
0
1.935048e-02
0
0
0
1.483455e-01
0
0
9.520737e-02
0
1.799931e-01
0
0
0
0
0
0
0
0
0
0
0
0
0
0
0
2.804293e-02
1.611444e-01
5.696993e-01
5.375603e-01
3.551663e-01
5.953608e-01
1.602912e-01
1.758872e-01
0
6.083769e-02
1.795444e-01
3.380844e-01
5.802010e-01
4.516206e-01
0
1.089670e-01
2.210032e-01
2.368608e-01
0
0
4.038188e-01
4.290807e-01
1.768436e-01
0
0
0
0
1.527197e-01
0
2.181362e-01
0
2.215471e-01
0
1.799906e-01
1
3.978350e-01
2.804295e-01
9.462591e-03
0
0
0
1.495056e-01
3.978092e-01
1.441940e-01
7.192399e-01
2.161281e-01
6.614117e-01
6.049310e-01
0
0
0
2.013095e-01
0
0
3.119414e-01
9.398824e-02
1.450737e-01
1.190856e-01
0
0
0
0
3.765075e-01
0
0
0
4.883747e-01
0
2.976312e-01
1.383808e-02
3.284599e-01
0
2.193269e-01
0
7.655755e-02
0
0
0
0
0
0
0
5.891881e-02
0
0
0
0
0
0
0
0
0
0
0
4.426681e-01
5.048921e-01
3.575905e-01
0
2.539581e-01
0
6.617206e-01
1.796030e-01
1.735380e-03
0
0
0
1.608321e-02
1.262368e-01
3.775646e-02
9.271472e-02
1.302242e-01
3.141724e-01
1.282878e-01
3.124628e-01
1.624400e-01
2.308641e-01
0
0
4.399600e-03
0
0
0
0
0
3.897859e-01
0
3.935485e-01
1.933127e-01
8.674960e-02
1.554686e-01
1.058445e-01
0
3.008085e-01
1.560275e-01
0
0
5.782439e-01
1.620617e-03
7.727336e-02
4.471490e-02
0
0
0
0
4.224718e-01
0
0
4.416456e-02
5.197347e-02
0
3.978350e-01
1
1.981842e-01
8.075077e-01
0
0
1.396753e-01
3.249133e-02
1.943096e-01
3.906231e-01
1.229366e-01
8.549396e-01
1.358676e-01
4.781569e-01
0
0
1.121390e-01
1.968309e-01
4.405891e-03
0
0
0
1.178862e-02
0
0
0
0
0
0
2.604361e-02
2.247905e-01
2.134684e-01
1.410277e-02
0
1.136650e-01
0
0
0
0
8.983757e-02
0
1.503630e-01
0
0
0
0
2.091090e-02
0
3.981151e-01
5.157336e-01
3.051528e-01
4.193819e-01
2.864533e-01
9.773466e-02
0
0
0
0
0
0
4.383503e-01
4.614742e-01
1.555663e-02
1.474452e-01
1.144165e-01
2.097099e-02
1.404605e-01
0
0
0
2.247083e-01
1.793057e-01
0
0
0
0
2.464437e-02
1.264569e-02
0
7.528704e-02
0
0
0
0
0
0
0
6.871343e-03
0
0
5.458728e-01
2.836836e-01
5.861508e-01
5.255485e-01
0
1.321981e-01
0
0
0
0
0
8.045603e-03
2.787721e-01
1.689743e-01
0
0
0
5.317717e-02
0
2.814022e-02
4.530673e-01
4.626248e-01
0
4.005895e-01
1.736409e-01
0
2.804295e-01
1.981842e-01
1.000000e+00
1.535980e-01
8.252969e-02
0
2.775032e-02
2.383304e-01
0
0
2.371688e-01
2.970675e-01
2.384059e-02
2.180312e-01
1.907203e-01
2.974226e-01
0
2.459294e-01
0
0
0
0
0
1.287772e-01
3.725315e-02
0
0
0
4.170085e-01
0
2.021935e-01
0
3.499771e-01
0
3.355451e-01
0
2.034946e-01
0
2.142960e-01
0
7.956157e-02
0
0
0
0
0
0
0
3.268644e-01
0
1.800208e-01
0
0
0
0
0
0
0
0
0
5.811525e-01
5.993884e-01
4.163416e-01
1.381156e-01
3.495942e-01
3.217774e-01
5.005014e-01
2.365167e-01
5.230758e-02
4.345012e-02
0
0
7.172369e-02
2.105676e-01
5.451327e-02
1.347292e-01
2.596594e-01
5.370879e-01
2.194381e-01
5.885885e-01
1.995352e-01
4.778808e-01
0
0
0
0
0
0
0
0
5.469348e-01
2.308249e-01
2.472265e-01
8.322632e-02
0
1.507575e-02
1.168543e-01
0
2.403303e-01
8.763756e-02
0
0
2.893156e-01
0
0
8.009150e-02
0
0
0
0
5.551250e-01
0
0
0
2.646003e-01
1.279407e-01
9.462591e-03
8.075077e-01
1.535980e-01
1
1.769499e-01
3.778702e-02
3.873083e-01
6.381356e-02
0
2.935378e-01
0
8.631244e-01
0
1.925704e-01
0
1.726227e-01
1.751710e-01
1.547364e-01
8.444051e-02
0
0
0
1.938417e-02
0
0
0
0
0
2.342187e-01
0
1.626880e-01
0
0
0
2.816903e-01
0
0
0
0
0
0
0
0
0
0
5.494662e-02
0
0
4.476763e-01
3.904651e-01
2.644191e-01
2.834947e-01
9.048558e-02
3.858941e-02
0
3.634078e-02
2.838352e-01
0
0
1.255210e-01
1.285257e-01
5.255410e-02
5.825478e-01
4.868557e-01
1.247110e-01
6.356240e-01
2.820963e-01
1.230043e-01
1.862664e-01
2.277114e-01
1.891633e-01
2.808929e-01
2.700804e-01
2.087866e-01
1.010036e-01
3.131051e-01
0
1.953312e-01
0
3.508184e-01
2.051566e-03
2.620275e-01
0
0
0
0
0
0
0
0
1.630736e-01
2.227000e-02
0
0
8.348647e-02
2.128841e-01
0
0
2.417466e-03
6.833874e-02
1.845699e-01
2.369856e-01
0
0
6.064181e-02
4.374669e-01
1.424176e-01
0
6.213385e-02
0
2.077665e-01
0
3.157905e-01
0
0
5.011456e-02
0
0
8.252969e-02
1.769499e-01
1.000000e+00
5.657483e-01
5.296332e-01
1.016662e-01
0
0
0
3.203404e-02
0
0
3.530232e-01
3.266138e-01
6.469028e-01
6.602172e-02
3.393541e-01
8.646290e-02
0
0
0
2.067564e-01
6.163677e-01
8.912153e-02
0
9.039120e-02
0
0
0
1.685018e-01
0
0
6.886349e-02
2.577163e-02
0
0
0
8.692025e-02
1.349793e-01
6.523073e-02
2.136500e-01
2.832326e-01
2.002142e-01
4.399668e-01
0
1.861315e-01
1.200224e-01
1.090823e-01
6.911170e-02
1.076526e-01
8.727864e-02
1.818797e-01
2.603961e-01
3.961103e-01
1.852374e-01
0
2.067355e-02
2.415688e-01
0
0
5.792774e-01
8.239436e-01
5.598565e-01
7.695813e-01
3.496002e-01
3.794252e-01
0
0
0
0
0
0
0
0
0
0
0
6.843172e-02
0
0
0
1.603188e-01
0
0
0
1.890483e-01
0
0
0
3.025730e-01
0
0
5.433815e-01
5.800321e-01
0
1.383788e-02
0
3.378872e-01
0
0
0
0
1.691193e-01
3.160049e-01
3.232836e-01
2.899646e-01
3.315668e-01
6.886810e-03
1.116804e-01
1.509771e-01
4.474335e-01
3.142515e-01
8.163342e-02
2.761202e-01
0
0
0
3.778702e-02
5.657483e-01
1.000000e+00
2.998274e-01
5.143741e-01
0
0
0
0
0
0
4.682097e-02
1.560759e-01
4.541306e-01
2.181035e-01
1.416189e-02
2.579768e-01
3.894473e-01
0
0
0
2.684039e-01
3.260520e-01
0
0
0
0
9.889675e-02
0
0
0
0
0
0
0
0
0
0
0
0
0
0
0
0
0
1.736702e-02
0
3.434099e-01
2.779491e-01
1.498235e-01
1.997040e-02
0
0
0
0
0
1.873429e-01
4.750177e-01
4.384845e-01
4.056591e-01
3.411715e-01
1.086942e-01
5.165287e-01
8.638147e-02
1.684186e-01
3.901873e-01
4.099773e-01
3.135752e-01
3.559262e-01
4.043336e-01
4.306309e-01
3.027548e-01
3.434470e-01
3.803508e-01
3.853178e-01
1.122502e-01
3.829411e-01
3.154640e-01
4.519807e-01
0
0
0
0
0
0
0
0
1.511839e-01
2.431002e-01
9.253100e-02
8.299286e-02
0
0
0
0
0
0
0
0
2.135491e-02
0
0
1.857968e-02
0
0
0
0
2.571056e-03
0
6.542915e-02
0
1.471705e-01
0
0
1.396753e-01
2.775032e-02
3.873083e-01
5.296332e-01
2.998274e-01
1.000000e+00
3.245534e-01
0
3.406226e-01
0
2.452649e-01
0
0
4.099823e-01
3.741750e-01
4.624365e-01
4.026426e-01
1.835144e-01
3.888138e-01
1.229943e-01
0
0
2.657455e-01
7.050326e-02
0
0
0
0
0
0
0
0
0
0
8.084943e-02
0
0
0
0
0
0
0
0
0
0
0
0
0
0
1.648731e-01
2.262213e-01
0
0
0
0
0
0
5.864362e-02
1.383763e-01
3.446760e-01
4.871266e-01
1.514353e-01
3.340528e-01
3.111061e-01
4.256209e-01
1.243831e-02
1.078613e-01
0
0
1.757221e-01
1.763433e-01
0
0
0
1.199196e-02
0
1.326115e-01
0
0
0
5.280406e-03
0
0
0
0
0
2.743455e-01
0
0
1.685115e-01
6.417804e-01
2.884080e-01
4.345847e-01
3.346855e-01
3.948799e-01
0
0
0
0
0
0
9.524404e-02
0
0
0
0
1.915357e-01
0
0
1.464795e-01
4.909982e-01
0
3.845161e-01
2.366469e-01
2.887994e-02
1.495056e-01
3.249133e-02
2.383304e-01
6.381356e-02
1.016662e-01
5.143741e-01
3.245534e-01
1
0
1.905874e-01
0
1.936337e-01
0
4.123455e-03
4.505074e-01
1.897972e-01
4.044686e-01
6.219161e-01
6.426712e-02
3.576721e-01
3.088738e-01
0
0
4.666169e-01
1.305873e-02
0
2.129711e-01
6.942644e-02
0
2.860433e-01
0
0
1.318223e-01
3.146202e-01
0
0
3.871326e-02
1.900793e-01
0
0
0
0
2.113893e-01
2.340450e-01
1.379141e-01
0
2.885018e-01
5.969386e-02
0
0
0
0
0
0
1.926929e-01
8.018230e-02
0
2.784450e-01
2.562737e-01
1.853207e-01
0
0
0
0
0
0
0
0
3.653648e-01
2.975237e-01
1.666878e-01
1.581841e-01
3.312168e-01
3.223025e-01
3.847655e-01
1.824595e-01
2.146181e-01
0
6.635681e-02
0
3.121348e-01
0
7.887046e-02
1.995523e-01
3.469276e-01
4.201111e-01
3.049365e-01
0
3.262399e-01
2.054151e-01
0
0
2.744508e-01
3.146728e-01
1.669096e-02
0
1.893677e-01
9.324197e-02
6.711232e-02
0
2.426987e-02
0
5.655647e-01
6.374910e-01
2.906107e-01
0
0
0
0
1.518565e-01
0
0
0
0
0
0
3.978092e-01
1.943096e-01
0
0
0
0
0
0
1
5.293041e-01
5.310974e-01
1.868842e-02
7.477587e-01
6.253562e-01
8.933735e-02
0
0
1.247825e-01
6.841583e-02
0
0
4.907395e-01
2.337923e-01
1.085889e-01
0
0
0
1.112813e-02
0
0
0
0
0
0
0
0
0
0
6.270005e-02
0
0
0
0
9.847462e-02
0
0
0
0
0
0
0
0
0
0
0
0
0
0
2.950265e-01
1.892647e-01
2.232121e-01
2.697852e-01
4.247363e-03
0
0
0
0
5.159830e-02
2.727658e-01
2.198977e-01
9.425911e-02
1.007133e-01
3.073116e-01
3.647588e-01
3.812183e-01
2.921476e-01
4.341190e-01
3.710377e-01
2.834403e-01
1.105085e-01
3.083280e-01
3.395247e-01
0
0
2.068874e-01
2.734626e-01
2.425228e-02
0
0
0
0
1.783334e-02
1.769147e-01
2.111891e-01
1.003645e-01
0
0
0
0
0
0
0
3.322712e-01
2.275280e-01
1.426560e-01
0
9.507671e-02
0
0
0
0
0
0
0
4.473898e-02
0
1.441940e-01
3.906231e-01
0
2.935378e-01
0
0
3.406226e-01
1.905874e-01
5.293041e-01
1
2.527818e-01
3.402402e-01
4.471828e-01
5.030303e-01
2.137885e-01
0
9.079727e-02
3.173977e-01
3.157467e-01
0
7.115984e-02
2.048314e-01
3.391626e-01
4.190263e-01
0
0
2.875714e-01
6.989420e-03
0
5.849572e-01
0
1.562460e-01
0
5.017701e-01
0
2.988373e-01
0
4.054414e-01
9.338341e-03
2.344024e-01
0
2.199674e-01
1.823244e-01
1.224008e-01
4.019922e-02
8.990186e-02
4.054734e-01
2.557654e-01
0
0
0
0
2.289677e-01
3.692454e-01
0
0
0
1.185632e-01
0
0
0
0
0
0
0
0
0
0
0
0
0
0
0
0
0
0
0
0
3.766249e-02
0
0
0
4.223718e-01
4.111011e-01
6.644085e-01
6.849582e-01
4.091827e-01
4.418754e-01
3.841868e-01
3.215567e-01
0
0
1.384647e-01
3.242393e-01
2.199813e-01
6.769742e-02
0
0
3.205667e-03
0
0
0
1.969122e-01
6.935724e-01
6.729623e-02
0
6.522893e-03
0
0
6.968570e-02
0
1.757939e-01
0
0
4.179568e-03
1.743306e-01
7.192399e-01
1.229366e-01
2.371688e-01
0
0
0
0
0
5.310974e-01
2.527818e-01
1
3.678666e-03
8.233036e-01
6.547014e-01
2.990285e-02
0
0
0
0
0
2.494999e-01
1.325435e-01
1.813801e-01
1.392274e-01
0
0
0
0
3.582590e-01
0
9.621245e-03
0
4.278463e-01
0
2.111289e-01
0
1.029536e-01
0
7.660709e-02
0
0
0
0
0
0
0
0
0
1.343674e-01
0
1.997278e-02
0
0
0
0
0
0
0
0
0
6.501332e-01
6.796612e-01
2.332485e-01
1.966521e-02
2.036200e-01
1.042307e-01
5.400222e-01
2.223167e-01
7.546124e-02
6.006122e-02
7.781826e-02
2.441745e-02
6.207743e-02
2.697408e-01
1.169807e-01
2.301540e-01
2.812881e-01
5.820697e-01
1.466399e-01
3.806183e-01
2.271985e-01
4.679068e-01
0
0
0
0
0
0
0
0
5.431987e-01
1.495081e-01
5.349446e-01
3.639653e-01
0
9.525260e-02
1.590037e-01
0
3.301800e-01
1.291535e-01
7.900971e-03
0
4.448047e-01
0
0
0
0
0
0
0
5.003828e-01
0
0
0
2.160596e-01
2.686379e-02
2.161281e-01
8.549396e-01
2.970675e-01
8.631244e-01
3.203404e-02
0
2.452649e-01
1.936337e-01
1.868842e-02
3.402402e-01
3.678666e-03
1.000000e+00
0
5.216935e-01
1.303462e-01
1.711051e-01
2.171023e-01
2.785906e-01
5.488160e-02
0
0
0
0
1.620041e-01
0
0
7.234410e-02
0
0
4.398016e-01
0
0
0
4.136529e-01
0
2.542603e-02
9.580246e-04
2.507614e-01
0
6.011674e-02
0
8.668781e-02
1.162161e-01
1.034803e-01
4.123097e-02
1.605269e-01
4.000117e-01
1.069668e-01
0
0
0
0
3.234183e-02
1.914758e-01
3.889574e-02
0
0
1.601776e-01
3.430403e-01
2.223983e-01
0
9.170676e-02
0
0
0
0
0
0
0
0
2.784577e-02
0
0
0
0
0
0
0
0
0
0
0
1.385904e-01
2.473163e-01
4.083169e-01
6.002990e-01
2.611961e-01
2.969600e-01
3.103350e-01
3.745949e-01
0
0
2.992285e-01
4.734660e-01
3.292953e-01
2.437247e-02
0
0
1.783013e-01
6.609622e-02
0
0
4.736398e-01
8.019246e-01
7.127031e-02
0
0
0
0
1.551194e-01
0
0
0
0
0
0
6.614117e-01
1.358676e-01
2.384059e-02
0
0
0
0
0
7.477587e-01
4.471828e-01
8.233036e-01
0
1.000000e+00
7.048956e-01
1.920936e-01
0
0
2.149291e-01
0
0
1.414720e-01
2.440863e-01
1.114606e-01
1.919748e-01
0
0
0
0
0
2.586752e-01
0
0
1.858588e-01
1.635479e-01
0
1.657186e-03
0
0
0
0
0
0
0
0
0
0
4.541001e-02
0
0
0
0
0
0
0
0
0
0
1.616067e-01
1.812358e-02
0
2.824802e-01
4.018705e-01
0
0
0
0
5.914680e-02
0
1.083271e-01
1.641580e-02
1.501424e-01
6.075447e-02
6.262139e-02
2.330715e-01
1.881613e-01
1.086191e-01
2.865411e-01
1.858087e-01
1.594128e-01
0
1.710640e-01
9.903535e-02
0
0
4.003218e-01
3.239768e-01
6.049175e-02
9.179014e-02
0
0
1.050715e-01
0
5.445518e-01
5.066448e-01
3.429720e-02
0
5.264450e-02
0
1.703105e-01
0
0
0
5.513002e-01
5.018011e-01
3.533862e-02
0
0
0
0
0
0
0
0
0
0
0
6.049310e-01
4.781569e-01
2.180312e-01
1.925704e-01
0
0
0
4.123455e-03
6.253562e-01
5.030303e-01
6.547014e-01
5.216935e-01
7.048956e-01
1
2.614260e-01
0
0
2.101213e-01
0
0
0
0
1.210172e-01
3.076757e-01
0
0
0
0
0
0
0
0
0
0
0
0
0
0
0
0
0
0
0
0
0
0
2.151608e-01
0
0
5.479982e-02
2.189346e-01
3.335887e-01
4.983003e-02
5.626459e-02
0
0
0
0
2.134512e-01
2.676461e-01
3.642147e-01
3.896732e-01
4.650654e-02
1.742523e-02
0
1.359908e-01
0
0
3.741735e-01
3.880005e-01
5.773418e-01
5.892973e-01
3.207321e-01
4.453371e-01
3.420151e-01
4.447851e-01
1.387025e-01
1.502222e-01
0
0
5.823406e-02
1.923496e-01
0
0
0
0
0
0
0
0
1.671256e-01
1.452386e-01
5.372778e-01
5.613311e-01
4.904017e-02
7.029760e-02
0
0
0
0
0
0
6.762849e-02
1.049419e-01
0
0
0
0
0
0
0
5.262636e-02
0
0
0
0
0
0
1.907203e-01
0
3.530232e-01
4.682097e-02
4.099823e-01
4.505074e-01
8.933735e-02
2.137885e-01
2.990285e-02
1.303462e-01
1.920936e-01
2.614260e-01
1
4.585219e-01
5.133991e-01
4.941710e-01
2.067295e-01
0
0
0
0
7.089733e-01
3.620751e-01
0
0
0
2.319942e-01
0
2.833546e-01
0
0
0
0
0
0
0
0
0
0
0
0
0
0
0
0
0
3.879323e-01
3.456060e-01
3.197813e-01
6.370382e-01
9.338494e-02
8.378038e-02
0
0
2.700778e-01
2.667171e-01
0
8.781822e-02
3.355811e-01
3.933051e-01
2.563847e-01
3.134481e-01
1.147761e-01
2.570346e-01
0
0
4.450574e-01
4.718638e-01
6.391807e-01
5.713795e-01
3.284179e-01
4.351697e-01
3.187394e-01
3.415301e-01
4.501076e-02
2.952244e-02
0
0
8.705276e-02
2.088478e-01
0
0
0
0
0
0
0
0
3.931455e-01
4.125269e-02
4.160069e-01
2.455029e-01
0
0
0
0
0
0
0
0
8.750530e-02
0
0
0
0
0
2.226226e-02
0
3.449930e-01
0
6.701345e-02
6.637202e-03
0
0
0
0
2.974226e-01
1.726227e-01
3.266138e-01
1.560759e-01
3.741750e-01
1.897972e-01
0
0
0
1.711051e-01
0
0
4.585219e-01
1
1.910579e-01
1.321047e-01
0
2.531387e-01
0
0
0
0
4.108554e-01
2.558281e-01
0
0
3.870617e-02
0
0
0
0
0
3.063269e-02
0
0
0
0
0
0
0
0
0
0
0
0
0
6.239304e-02
0
1.856383e-02
0
0
0
0
0
0
0
7.282986e-02
2.673367e-01
2.545456e-01
2.093396e-01
4.495493e-01
2.569241e-01
0
5.414475e-01
3.061352e-01
2.685491e-01
2.804480e-01
3.438981e-01
2.371826e-01
3.599562e-01
3.230750e-01
3.292810e-01
1.934247e-01
4.580172e-01
0
2.849439e-01
0
2.788894e-02
5.780560e-03
3.065302e-01
0
0
0
0
0
0
0
0
6.950727e-02
6.883571e-02
2.013229e-01
1.852280e-01
1.414691e-01
3.235466e-01
0
0
1.125223e-01
1.272897e-01
2.790211e-01
2.160833e-01
0
0
5.927924e-02
2.643887e-01
0
0
0
0
5.787866e-02
0
1.154632e-01
3.496029e-02
0
0
0
1.121390e-01
0
1.751710e-01
6.469028e-01
4.541306e-01
4.624365e-01
4.044686e-01
0
9.079727e-02
0
2.171023e-01
0
0
5.133991e-01
1.910579e-01
1
4.553091e-01
3.269500e-01
0
0
0
0
4.333312e-01
3.954532e-01
5.299032e-02
0
0
0
0
0
0
0
0
0
0
0
0
0
0
0
0
0
0
0
0
0
0
0
0
0
0
0
0
0
0
0
0
2.536544e-01
5.280760e-01
4.069884e-01
6.226852e-01
2.205878e-01
1.587632e-01
1.018882e-01
2.318445e-01
1.670391e-01
3.381228e-01
1.057867e-01
1.027041e-01
3.177039e-01
3.784380e-01
2.570505e-02
1.434507e-01
8.629437e-03
1.894208e-01
0
1.907638e-02
0
0
0
0
0
0
0
0
0
4.031016e-02
0
0
1.261547e-01
3.329723e-01
4.786139e-01
7.090214e-01
3.904380e-01
2.749500e-01
0
0
0
2.232520e-01
0
0
4.696217e-01
2.671063e-01
0
0
0
0
0
0
0
2.067111e-01
0
3.444606e-01
4.762186e-03
0
2.013095e-01
1.968309e-01
2.459294e-01
1.547364e-01
6.602172e-02
2.181035e-01
4.026426e-01
6.219161e-01
1.247825e-01
3.173977e-01
0
2.785906e-01
2.149291e-01
2.101213e-01
4.941710e-01
1.321047e-01
4.553091e-01
1.000000e+00
0
0
3.650725e-02
0
0
3.649732e-01
0
0
0
0
2.361061e-01
0
0
0
1.617853e-02
0
1.199693e-01
0
7.453566e-02
0
0
0
0
0
0
0
1.528103e-01
0
0
0
0
0
0
0
0
0
2.532227e-01
9.823872e-02
0
0
3.117942e-01
1.791472e-01
0
0
1.843070e-01
0
0
1.725837e-01
7.919267e-02
7.831641e-02
4.194211e-01
4.173176e-01
3.017538e-01
3.845177e-01
4.812177e-01
4.442328e-01
5.473537e-01
5.630754e-01
2.867046e-01
3.527204e-01
1.666961e-01
0
4.325088e-01
4.888638e-01
0
0
0
0
0
0
0
0
0
0
5.546995e-02
0
4.331358e-02
0
1.352074e-01
0
2.393818e-01
6.499422e-02
2.692194e-01
2.583028e-01
9.337897e-03
0
2.231257e-01
4.156590e-01
1.271615e-01
0
7.277771e-02
0
0
0
0
0
0
0
0
4.405891e-03
0
8.444051e-02
3.393541e-01
1.416189e-02
1.835144e-01
6.426712e-02
6.841583e-02
3.157467e-01
0
5.488160e-02
0
0
2.067295e-01
0
3.269500e-01
0
1
1.180673e-01
0
1.179671e-01
1.614029e-01
3.379561e-01
6.280414e-02
0
5.813956e-02
2.717346e-01
0
0
1.585853e-01
2.011871e-01
0
0
9.490129e-02
9.461309e-03
0
0
6.862728e-02
3.496337e-02
2.849095e-01
6.381149e-02
0
0
0
0
0
3.334461e-02
0
6.193612e-02
7.182277e-02
2.808333e-01
6.382913e-02
2.020610e-01
3.168717e-02
1.679165e-01
0
0
0
0
0
0
0
3.415761e-01
2.606730e-02
2.915259e-01
0
0
5.204158e-02
8.672922e-02
1.102936e-01
1.212626e-01
2.971528e-02
1.800774e-02
9.855111e-02
4.030167e-02
1.301290e-01
1.438381e-01
2.586540e-02
1.072750e-01
1.671027e-01
2.157375e-01
0
0
0
0
0
1.177352e-01
0
9.961824e-02
8.872915e-03
2.680409e-01
0
0
0
0
0
0
0
0
0
0
0
0
0
9.510884e-02
8.231862e-02
3.432761e-01
2.779293e-01
3.415455e-01
6.440603e-02
2.122394e-01
4.667296e-01
1.907109e-01
1.798065e-01
1.624621e-02
0
0
0
0
8.646290e-02
2.579768e-01
3.888138e-01
3.576721e-01
0
0
0
0
0
0
0
2.531387e-01
0
0
1.180673e-01
1
4.244635e-01
2.959100e-01
1.668643e-01
0
5.215296e-02
0
4.230233e-01
4.342037e-01
0
3.609330e-01
0
2.445917e-01
0
5.169603e-01
0
3.762912e-01
1.302345e-01
4.299798e-01
2.151668e-01
3.849939e-01
1.790631e-01
2.905790e-01
3.996266e-01
2.022792e-01
1.150040e-01
3.648074e-01
9.188237e-02
4.900296e-01
0
0
0
0
2.375236e-01
5.439049e-01
2.816610e-01
5.001431e-01
0
0
0
0
0
0
0
3.443658e-01
3.447588e-01
1.670320e-01
0
4.948995e-02
0
0
0
0
0
0
0
0
0
0
0
0
0
0
2.806574e-01
5.442648e-01
3.709505e-01
4.850846e-01
2.708986e-01
7.617444e-01
1.907405e-01
3.740314e-01
0
3.724888e-01
0
0
4.095763e-01
2.803422e-01
0
6.931242e-02
0
3.552767e-02
0
0
0
1.356239e-01
0
0
2.569390e-01
1.711526e-01
3.564145e-01
3.038357e-01
0
3.143873e-01
7.422696e-02
1.929763e-01
2.182490e-01
4.782242e-01
3.119414e-01
0
0
0
0
3.894473e-01
1.229943e-01
3.088738e-01
0
7.115984e-02
2.494999e-01
0
1.414720e-01
0
0
0
0
3.650725e-02
0
4.244635e-01
1
4.255282e-01
1.829657e-01
0
0
4.080377e-02
5.689343e-01
6.024692e-01
0
2.484486e-01
0
1.171453e-01
0
3.980257e-01
0
2.777174e-01
2.559768e-01
4.182019e-01
1.333093e-01
2.038699e-01
1.299100e-01
2.469758e-01
6.808067e-01
6.388430e-01
4.492586e-01
4.018632e-01
3.314594e-01
3.451206e-01
0
0
0
0
0
3.056298e-01
5.957843e-01
6.286071e-01
0
1.828106e-01
1.435380e-01
0
0
0
0
0
0
0
0
0
0
0
0
0
0
0
0
0
0
0
1.443689e-01
0
2.301161e-02
0
4.607347e-01
6.148104e-01
2.726167e-01
3.522110e-01
3.865930e-01
2.896824e-01
3.837539e-01
4.351196e-01
0
0
0
0
1.506165e-01
5.308373e-03
0
1.384559e-01
0
0
5.836624e-02
0
0
1.113503e-01
5.131898e-01
6.526466e-02
4.768983e-01
2.216979e-01
4.163709e-01
4.184209e-01
0
0
1.949683e-01
0
0
7.894289e-02
9.398824e-02
0
0
0
0
0
0
0
4.907395e-01
2.048314e-01
1.325435e-01
0
2.440863e-01
0
0
0
0
0
1.179671e-01
2.959100e-01
4.255282e-01
1
5.031371e-01
6.907436e-02
0
0
4.877650e-01
3.463567e-01
0
2.971966e-02
4.622869e-02
1.145525e-01
2.731513e-01
2.606887e-01
2.626355e-01
4.033896e-01
5.673926e-01
3.838958e-01
5.374255e-01
2.618033e-01
1.688433e-01
7.427130e-02
1.367003e-01
5.684913e-03
1.221670e-01
0
1.538701e-02
2.138866e-01
0
0
0
0
5.234921e-02
3.336431e-02
1.072404e-01
9.061923e-02
0
0
0
0
0
0
0
0
0
0
0
0
0
0
0
0
3.788185e-03
0
2.628048e-02
0
4.118088e-01
3.481037e-01
7.296808e-01
3.619339e-01
3.487870e-01
3.061867e-01
2.772043e-01
1.850021e-01
3.756139e-01
2.624778e-01
2.899171e-01
2.457532e-01
0
0
0
2.448642e-02
0
0
0
0
4.786738e-01
1.812652e-01
3.153387e-02
0
4.441306e-02
3.323015e-02
0
0
1.114394e-01
1.767718e-02
1.236346e-01
1.438660e-01
0
0
0
1.008047e-01
0
0
1.036333e-01
4.227550e-01
1.450737e-01
1.178862e-02
0
1.938417e-02
0
0
0
0
2.337923e-01
3.391626e-01
1.813801e-01
0
1.114606e-01
1.210172e-01
0
0
0
0
1.614029e-01
1.668643e-01
1.829657e-01
5.031371e-01
1
2.585145e-01
0
0
0
0
0
0
0
0
0
0
0
0
0
0
0
0
0
0
0
0
0
0
1.048016e-01
0
0
0
1.175447e-01
5.494726e-02
0
0
0
0
0
0
0
0
3.086032e-01
2.760012e-01
0
0
0
1.011183e-02
0
0
1.702237e-01
1.773505e-01
2.452553e-01
2.941437e-01
2.092984e-01
3.147212e-01
2.408694e-01
3.335845e-01
3.191558e-01
4.109197e-01
1.443917e-01
2.987009e-02
1.589206e-01
3.569683e-01
0
0
1.634987e-01
3.350531e-02
0
1.942452e-02
0
0
8.272196e-02
3.045909e-01
3.520755e-01
4.073290e-01
1.174329e-01
2.065427e-01
0
0
0
0
0
5.128560e-03
4.448566e-03
0
0
0
0
0
0
0
0
2.582435e-01
0
0
0
7.523372e-02
1.190856e-01
0
1.287772e-01
0
2.067564e-01
0
2.657455e-01
4.666169e-01
1.085889e-01
4.190263e-01
1.392274e-01
1.620041e-01
1.919748e-01
3.076757e-01
7.089733e-01
0
4.333312e-01
3.649732e-01
3.379561e-01
0
0
6.907436e-02
2.585145e-01
1
1.164720e-01
0
0
0
1.162569e-01
0
1.595291e-01
3.331800e-02
0
0
0
0
0
0
0
0
0
0
0
1.263187e-01
0
5.508245e-02
1.615130e-01
0
3.741383e-01
5.084932e-01
2.944458e-01
4.725197e-01
6.479742e-02
1.356475e-01
0
0
4.019145e-01
1.136946e-01
2.277912e-01
2.615926e-01
0
0
2.385911e-01
2.382878e-01
0
3.077284e-01
0
0
2.716244e-01
3.049904e-01
3.596011e-01
4.294372e-01
2.858766e-01
2.205139e-01
1.823743e-01
3.332259e-01
0
0
0
0
0
5.701494e-02
3.717476e-02
0
0
0
0
0
1.107632e-01
9.495405e-03
8.982617e-03
0
0
0
0
0
0
0
0
0
2.027904e-01
2.311474e-01
0
0
6.681283e-02
3.375647e-01
1.133719e-01
1.653710e-01
6.964764e-02
0
0
0
5.344768e-01
0
0
0
0
0
3.725315e-02
0
6.163677e-01
2.684039e-01
7.050326e-02
1.305873e-02
0
0
0
0
0
0
3.620751e-01
4.108554e-01
3.954532e-01
0
6.280414e-02
5.215296e-02
0
0
0
1.164720e-01
1
5.423037e-01
1.890826e-01
2.456430e-01
0
3.035146e-01
0
2.122957e-01
0
2.116136e-01
0
0
0
2.699872e-01
0
2.058539e-01
7.688485e-02
4.054278e-01
3.763216e-01
3.637240e-01
4.807048e-01
5.791778e-01
1.237156e-01
1.064705e-01
1.238742e-01
2.236954e-01
0
4.527290e-02
0
1.464009e-01
3.406731e-01
4.277086e-01
2.567682e-01
1.873404e-01
2.245490e-01
3.407853e-01
0
0
1.160932e-01
3.262174e-01
1.774852e-01
1.791589e-01
0
6.600940e-02
0
0
0
0
0
0
0
0
0
0
0
0
0
0
2.953937e-01
4.259547e-01
0
1.707919e-01
3.443519e-01
8.043463e-02
5.503883e-01
5.188945e-01
0
0
0
0
2.336695e-01
2.674468e-01
0
1.676313e-01
2.831855e-03
5.873491e-02
1.117334e-01
0
0
1.079521e-01
1.369320e-01
1.339918e-01
3.116486e-01
1.981330e-01
4.488241e-01
1.841868e-01
0
0
4.551301e-01
1.541743e-01
0
0
0
0
0
0
8.912153e-02
3.260520e-01
0
0
0
0
0
0
0
0
0
2.558281e-01
5.299032e-02
0
0
0
4.080377e-02
0
0
0
5.423037e-01
1.000000e+00
