1
7.377845e-01
0
5.327625e-01
0
3.111803e-01
2.164606e-01
7.162130e-01
1.031895e-01
4.412554e-01
5.450580e-01
8.029289e-01
4.925572e-01
6.222276e-01
2.744116e-01
5.121251e-01
5.386584e-01
3.234709e-01
5.908481e-01
3.371771e-01
3.133483e-01
6.647007e-01
0
0
0
0
9.168922e-02
2.163434e-01
4.767396e-01
5.499945e-01
0
1.364090e-01
0
0
0
0
0
0
0
0
0
0
0
0
0
0
0
0
0
0
0
0
2.807579e-01
0
0
0
7.257538e-01
7.403273e-01
6.206125e-01
6.221171e-01
7.924254e-01
4.125299e-01
5.269247e-01
4.280671e-01
0
0
0
0
1.065741e-02
5.756235e-02
2.521917e-01
5.743661e-01
7.714409e-02
1.082011e-01
2.516770e-01
4.716891e-02
0
8.621985e-02
1.833533e-01
0
2.192697e-01
1.584844e-01
2.786633e-01
2.572254e-01
0
1.142479e-02
2.200411e-01
9.574378e-02
1.228344e-02
5.453563e-01
1.401575e-01
0
0
0
0
0
0
0
1.840698e-01
0
2.816382e-01
0
6.349221e-02
0
0
0
0
0
0
2.223913e-02
4.025968e-01
5.103176e-01
4.506377e-01
0
0
1.656870e-01
7.377845e-01
1.000000e+00
0
2.147187e-01
0
1.447711e-01
0
4.184279e-01
0
1.589912e-01
3.132200e-01
5.502521e-01
3.556700e-01
4.036514e-01
2.098056e-01
2.988984e-01
5.377636e-01
4.620341e-01
4.391714e-01
3.333127e-01
2.922711e-01
5.907851e-01
0
0
0
0
2.583611e-01
2.822190e-01
4.981246e-01
5.456111e-01
0
0
9.306009e-02
7.294442e-02
0
0
0
1.081469e-01
3.209725e-02
1.170362e-01
0
2.165782e-01
0
0
0
0
0
0
0
0
0
0
1.573863e-01
0
0
0
7.021281e-01
7.588811e-01
2.000995e-01
4.386216e-01
4.508042e-01
2.952065e-01
3.635012e-01
4.944872e-01
0
0
0
0
6.190171e-02
0
0
3.903446e-01
0
1.731841e-01
2.323679e-01
1.007304e-01
0
2.975023e-02
6.959644e-02
6.569293e-03
2.489411e-01
4.273677e-01
3.371713e-01
3.275200e-01
0
6.611466e-02
5.627826e-01
3.355460e-02
2.132636e-01
3.874588e-01
0
0
0
0
0
5.076736e-02
0
0
0
0
0
0
0
0
0
0
0
0
0
1.582830e-01
3.728705e-01
4.721746e-01
2.506149e-01
0
0
2.287554e-01
0
0
1
0
3.658368e-01
0
7.317819e-01
0
6.514811e-01
0
2.931665e-01
0
0
0
4.645029e-01
0
0
0
1.528813e-01
0
0
0
6.018423e-01
2.526775e-01
0
9.569898e-03
0
0
9.565481e-02
0
4.930003e-01
4.888621e-01
2.032374e-02
0
7.967544e-02
0
2.954275e-01
1.331652e-02
8.638199e-02
1.446662e-02
3.910341e-01
1.265049e-01
2.883978e-01
2.873731e-01
2.058872e-01
1.507287e-01
3.056157e-01
3.088175e-01
3.762087e-01
4.232737e-01
1.220943e-01
3.165331e-01
1.064669e-01
1.232886e-01
3.218280e-01
3.793801e-01
0
0
0
0
0
0
0
0
4.253768e-01
0
1.239137e-01
0
0
0
5.510066e-01
0
3.921265e-01
0
3.926923e-01
1.317060e-01
2.909061e-02
0
2.421072e-01
5.779442e-01
0
0
2.860152e-01
0
5.740325e-01
0
0
0
0
0
0
3.207993e-01
0
3.711292e-01
1.946320e-01
0
0
0
0
0
0
3.711894e-01
0
0
0
2.762285e-01
4.680605e-02
0
3.007343e-01
0
0
0
0
0
1.528318e-01
7.818290e-02
5.327625e-01
2.147187e-01
0
1
0
4.947473e-01
1.519793e-01
7.405496e-01
0
3.407290e-01
2.527699e-01
5.432034e-01
1.491856e-01
4.251756e-01
2.832238e-01
5.891049e-01
3.762684e-01
1.786197e-01
3.969804e-01
3.871137e-01
3.973124e-01
5.049566e-01
0
0
0
0
1.639348e-01
4.554374e-01
2.672985e-01
3.326540e-01
1.776979e-01
4.765550e-01
0
0
0
0
0
0
1.307593e-02
0
0
0
0
0
0
0
0
0
0
0
0
0
0
0
0
0
4.160594e-01
4.935236e-01
5.533008e-01
5.930403e-01
5.755026e-01
4.919322e-01
4.792518e-01
6.580526e-01
0
0
0
8.295833e-03
1.004450e-01
0
7.382028e-02
4.051685e-01
9.145062e-02
1.323009e-01
0
0
0
5.421648e-01
1.440325e-01
0
4.747924e-02
8.818216e-02
3.321640e-01
5.058773e-01
0
1.020872e-01
8.965955e-03
1.577747e-01
0
9.503425e-02
5.177091e-01
0
9.392863e-02
0
0
0
0
0
3.166762e-01
0
6.360348e-01
0
4.911049e-01
2.895682e-01
0
0
0
0
0
0
3.809380e-01
3.026593e-01
1.780774e-01
0
0
2.385445e-01
0
0
3.658368e-01
0
1
2.011128e-01
4.138636e-02
0
2.765452e-01
0
0
0
0
0
3.262764e-01
0
0
0
0
0
5.547702e-03
0
6.669107e-01
5.537549e-01
7.027305e-01
6.878255e-01
5.908185e-01
2.722069e-01
0
0
5.749319e-01
3.003198e-01
4.524954e-02
0
3.771898e-01
2.019466e-01
0
3.376453e-02
2.601306e-01
1.453927e-01
0
1.295768e-02
8.249925e-02
7.346842e-02
2.598736e-01
1.210165e-01
2.331028e-02
9.019878e-02
1.356973e-01
1.507028e-01
3.448143e-01
2.787429e-01
2.669638e-01
3.175651e-01
2.259051e-01
2.168617e-01
7.870123e-03
0
0
0
0
0
0
0
5.691934e-01
2.721635e-01
0
0
0
0
1.368088e-01
0
0
0
0
0
0
0
0
8.610231e-03
0
7.507587e-03
1.477890e-01
0
4.379979e-01
2.594602e-01
3.301129e-01
0
5.374372e-01
2.569143e-02
0
0
8.162227e-02
8.407928e-02
8.427237e-02
0
4.504886e-03
0
0
0
0
1.792949e-02
0
0
0
3.985119e-01
0
0
0
1.526025e-01
0
0
0
0
2.256755e-01
4.688465e-02
3.111803e-01
1.447711e-01
0
4.947473e-01
2.011128e-01
1
0
4.154647e-01
1.971322e-01
7.363572e-01
8.058828e-02
3.838200e-01
2.552709e-01
4.551480e-01
4.197748e-01
6.603468e-01
4.329026e-01
3.883158e-01
1.720670e-01
2.057404e-01
1.716007e-01
2.068884e-01
1.602120e-01
3.290004e-01
1.860186e-01
2.212842e-01
4.071609e-01
4.812963e-01
1.096296e-01
2.906783e-01
1.421832e-01
1.000708e-01
0
0
0
0
0
3.065155e-02
8.644545e-02
0
0
0
0
0
0
0
0
0
0
0
0
0
2.347533e-02
1.019080e-01
0
0
3.965980e-01
3.923245e-01
2.463405e-01
1.636360e-01
4.493855e-01
4.955293e-01
2.834787e-01
3.915059e-01
0
2.147402e-01
0
0
0
0
0
3.588243e-02
0
0
0
0
0
0
1.566198e-01
1.245697e-01
4.369065e-01
5.437573e-01
3.476942e-01
5.027543e-01
2.294422e-03
3.764796e-01
3.333295e-01
2.394921e-01
1.920052e-01
3.767448e-01
1.276753e-01
0
1.804612e-01
0
0
1.973081e-01
0
3.747529e-02
0
0
1.488856e-01
0
0
0
0
0
0
0
0
2.847342e-01
2.949056e-01
1.524424e-01
7.662098e-02
0
8.029384e-02
2.937257e-01
2.164606e-01
0
7.317819e-01
1.519793e-01
4.138636e-02
0
1
0
6.501240e-01
0
5.914737e-01
0
3.792778e-01
0
4.512411e-01
0
0
0
2.637905e-01
0
0
0
2.114809e-01
0
0
0
0
0
1.848375e-01
0
0
3.314761e-01
0
0
0
0
0
0
0
0
3.752250e-01
1.177997e-01
1.279185e-01
1.104898e-01
0
0
1.895673e-01
1.612476e-01
2.067471e-01
1.773592e-01
1.785312e-01
2.834487e-01
2.788516e-01
1.805045e-01
3.738358e-01
2.723725e-01
0
0
4.238788e-02
0
1.963297e-01
0
0
0
1.276173e-01
0
1.320195e-01
0
0
0
7.477152e-01
2.153230e-01
5.388277e-01
2.334304e-01
5.353596e-01
3.257762e-01
1.776600e-01
0
2.469291e-01
3.099739e-01
0
0
3.629087e-02
0
2.736210e-01
0
0
0
0
0
5.172041e-02
4.825389e-01
0
3.422939e-01
0
0
0
0
2.015648e-01
0
0
4.171687e-01
0
2.466855e-01
0
0
0
0
5.972372e-02
0
0
0
2.657563e-01
0
0
0
7.162130e-01
4.184279e-01
0
7.405496e-01
0
4.154647e-01
0
1
0
5.712748e-01
4.580055e-01
9.045333e-01
5.119547e-01
7.882215e-01
2.147862e-01
7.039473e-01
4.367126e-01
2.212405e-01
4.153919e-01
3.704405e-01
4.203764e-01
5.897619e-01
0
0
0
0
1.046979e-01
3.754530e-01
4.187338e-01
5.150406e-01
0
5.666943e-02
0
0
0
0
0
0
0
0
0
0
0
0
0
0
0
0
0
0
0
0
5.405680e-02
0
0
0
4.286062e-01
6.532588e-01
6.813953e-01
8.304776e-01
7.916668e-01
7.377875e-01
5.575621e-01
6.741561e-01
0
0
0
0
3.575016e-01
1.494943e-01
0
5.370246e-01
5.774455e-02
2.259320e-01
0
0
0
3.987013e-01
4.207053e-02
0
1.811918e-01
2.040452e-01
1.876328e-01
5.044812e-01
0
1.911288e-01
0
2.096568e-01
0
3.603437e-01
6.094740e-01
0
0
0
0
0
0
0
3.308242e-01
0
5.776873e-01
0
4.703914e-01
1.840149e-01
0
0
0
0
0
0
5.356203e-01
4.357846e-01
4.068197e-01
0
0
1.111799e-01
1.031895e-01
0
6.514811e-01
0
2.765452e-01
1.971322e-01
6.501240e-01
0
1
1.779332e-01
5.459494e-01
0
4.425288e-01
3.319132e-02
7.272371e-01
1.138061e-01
0
0
1.899229e-01
0
0
0
4.876099e-01
1.899648e-01
0
0
0
0
2.257024e-01
4.965894e-02
7.196201e-02
6.268337e-02
0
0
1.648287e-02
0
1.233193e-01
1.400808e-01
7.959690e-02
1.485441e-01
4.042606e-01
1.416170e-01
0
0
0
0
0
0
0
1.085940e-01
6.239793e-02
3.141623e-01
2.931188e-01
4.218192e-01
2.210465e-01
2.716153e-01
0
0
0
0
2.586662e-02
0
0
0
3.014923e-01
0
0
0
0
5.917891e-02
3.828150e-01
5.801822e-02
2.246757e-01
1.659385e-01
3.850355e-01
2.220347e-01
0
0
1.495898e-01
4.995664e-01
0
9.046662e-02
2.799217e-01
4.942541e-03
5.424225e-01
0
1.800825e-01
1.256684e-01
1.729518e-01
1.716631e-01
0
2.446234e-01
2.406733e-02
2.896826e-01
2.241504e-01
8.485914e-02
0
0
0
0
0
2.250695e-01
0
0
0
0
3.888937e-02
0
1.966499e-01
1.786793e-01
0
0
1.072424e-01
0
0
0
4.412554e-01
1.589912e-01
0
3.407290e-01
0
7.363572e-01
0
5.712748e-01
1.779332e-01
1
3.835643e-01
5.797560e-01
5.198261e-01
5.201337e-01
3.391760e-01
5.485714e-01
4.614863e-01
3.736890e-01
1.512571e-01
9.825101e-02
2.301048e-02
9.040176e-02
0
0
3.778378e-02
0
2.293633e-01
2.441072e-01
1.682463e-01
2.318680e-01
0
0
0
0
0
0
0
0
2.704546e-02
0
0
0
0
0
0
0
0
0
0
0
0
0
2.987335e-01
2.106719e-01
0
0
4.522291e-01
4.303877e-01
5.633058e-01
4.603731e-01
7.029085e-01
7.010766e-01
1.916962e-01
2.081234e-01
0
3.183798e-01
0
0
1.474522e-01
1.969011e-01
0
0
0
0
0
0
0
0
2.456786e-01
0
4.239837e-01
3.695954e-01
1.624496e-01
2.991594e-01
0
4.048323e-01
0
1.386210e-01
3.052232e-01
6.063932e-01
3.662242e-01
0
0
0
0
3.638416e-02
0
1.264067e-01
0
0
2.627607e-01
0
3.764563e-03
1.440378e-02
0
0
0
0
0
4.256597e-02
3.883610e-01
2.589324e-01
3.077233e-01
0
0
4.475169e-02
5.450580e-01
3.132200e-01
2.931665e-01
2.527699e-01
0
8.058828e-02
5.914737e-01
4.580055e-01
5.459494e-01
3.835643e-01
1
5.392106e-01
8.061725e-01
4.075767e-01
6.868912e-01
3.871326e-01
3.322627e-01
9.608120e-02
5.342531e-01
2.435945e-01
0
4.335184e-02
0
0
0
0
0
0
6.428420e-01
4.508715e-01
0
5.051921e-02
0
0
0
0
0
0
0
0
2.612209e-01
1.536285e-01
0
0
0
0
0
0
0
0
0
0
2.583164e-01
1.294766e-01
0
0
8.620722e-02
1.761747e-01
2.234792e-01
2.431084e-01
5.621013e-01
2.107962e-01
4.663086e-02
1.997091e-01
0
0
0
0
1.459758e-01
1.938983e-01
3.397077e-01
3.493392e-01
4.068167e-01
3.292134e-01
2.672733e-01
1.079687e-01
0
0
2.899530e-01
2.007915e-01
1.918263e-01
8.688295e-02
3.478092e-01
3.164216e-01
8.594640e-02
0
0
1.326159e-01
0
2.043285e-01
2.882518e-01
3.114818e-01
0
1.806860e-01
0
0
0
0
1.672106e-01
1.103157e-01
2.359276e-02
8.068903e-02
8.402948e-02
3.717429e-02
0
0
0
0
1.568461e-01
6.817189e-02
2.282980e-01
3.573730e-01
5.508145e-01
0
0
0
8.029289e-01
5.502521e-01
0
5.432034e-01
0
3.838200e-01
0
9.045333e-01
0
5.797560e-01
5.392106e-01
1.000000e+00
5.731361e-01
8.222514e-01
1.881354e-01
6.772641e-01
5.403028e-01
3.612378e-01
6.026714e-01
4.203801e-01
2.914234e-01
5.462074e-01
0
0
0
0
0
2.437936e-01
5.363109e-01
6.286854e-01
0
0
0
0
0
0
0
0
0
0
0
0
0
0
0
0
0
0
0
0
0
0
1.479706e-01
0
0
0
5.296432e-01
7.436269e-01
6.887773e-01
8.122230e-01
8.538838e-01
6.338360e-01
6.290956e-01
6.306903e-01
0
0
0
0
4.050204e-01
2.731886e-01
0
5.408119e-01
1.037372e-01
2.122506e-01
0
7.283249e-02
0
2.015726e-01
1.945971e-01
0
3.969411e-01
3.132714e-01
2.053798e-01
3.468626e-01
0
1.007364e-01
0
1.341980e-01
0
5.075364e-01
4.764744e-01
0
0
0
0
0
0
0
2.155557e-01
0
4.571581e-01
0
3.062400e-01
0
0
0
0
0
0
0
4.435999e-01
4.421359e-01
4.705951e-01
0
0
2.051267e-01
4.925572e-01
3.556700e-01
0
1.491856e-01
0
2.552709e-01
3.792778e-01
5.119547e-01
4.425288e-01
5.198261e-01
8.061725e-01
5.731361e-01
1
5.630730e-01
5.457886e-01
4.202066e-01
1.374098e-01
0
1.889647e-01
0
0
5.445508e-02
0
0
0
0
0
0
3.544107e-01
2.706790e-01
0
0
0
0
0
0
0
0
0
0
8.258783e-02
1.156901e-01
0
0
0
0
0
0
0
0
0
3.369315e-02
3.777284e-01
4.225478e-01
0
0
1.732118e-01
2.172391e-01
1.993471e-01
2.664812e-01
5.217801e-01
3.246860e-01
0
1.679268e-01
0
3.106350e-02
0
0
8.662639e-02
1.471196e-01
1.533552e-01
3.096003e-01
1.581558e-01
2.848206e-01
5.802143e-02
9.561899e-02
0
0
0
0
1.060017e-01
3.516654e-01
3.492151e-02
3.706025e-01
2.238977e-02
1.134567e-01
0
1.848081e-01
1.895821e-01
3.751721e-01
2.542421e-01
2.492573e-01
0
2.397814e-01
0
0
0
0
3.443924e-04
1.447190e-01
8.213096e-02
5.902220e-02
1.883198e-02
0
0
0
0
0
0
1.463091e-01
2.583542e-01
2.094383e-01
5.789006e-01
0
0
0
6.222276e-01
4.036514e-01
0
4.251756e-01
0
4.551480e-01
0
7.882215e-01
3.319132e-02
5.201337e-01
4.075767e-01
8.222514e-01
5.630730e-01
1
2.543511e-01
8.497824e-01
2.281807e-01
5.473707e-02
3.643381e-01
3.864364e-01
2.682788e-01
5.069170e-01
0
0
0
0
1.367880e-01
2.383558e-01
3.108097e-01
4.235409e-01
0
0
0
0
0
0
0
0
0
0
0
0
0
0
0
0
0
0
0
0
0
0
0
0
0
0
3.527664e-01
4.736916e-01
3.937906e-01
5.156231e-01
6.089401e-01
6.722927e-01
4.549798e-01
5.499016e-01
0
2.023929e-01
0
0
3.574919e-01
3.407749e-01
0
5.561714e-01
0
2.252220e-01
0
1.295113e-01
0
1.376590e-01
0
0
1.224667e-01
4.763220e-01
1.625430e-01
5.006779e-01
0
4.397137e-01
1.223866e-01
5.140513e-01
5.925451e-02
4.297332e-01
3.793763e-01
0
1.055734e-01
0
0
9.805975e-02
0
0
0
0
2.442537e-01
0
8.435635e-02
0
0
0
0
0
0
5.733234e-02
3.917886e-01
2.159507e-01
2.712276e-01
0
0
1.985991e-01
2.744116e-01
2.098056e-01
4.645029e-01
2.832238e-01
3.262764e-01
4.197748e-01
4.512411e-01
2.147862e-01
7.272371e-01
3.391760e-01
6.868912e-01
1.881354e-01
5.457886e-01
2.543511e-01
1
4.702691e-01
3.470190e-01
1.147499e-01
3.628131e-01
3.240733e-01
0
4.352377e-02
2.948005e-01
1.793820e-01
0
0
0
3.689491e-02
5.560576e-01
4.247606e-01
3.005150e-01
2.994591e-01
0
0
0
0
4.746411e-02
2.335984e-01
3.093365e-01
0
2.951554e-01
2.372768e-01
0
0
0
0
0
0
0
0
0
0
7.194059e-02
1.967172e-01
0
0
0
4.282156e-02
0
0
2.372800e-01
2.176378e-01
0
2.207949e-01
6.989242e-02
0
0
0
0
8.349433e-02
1.129949e-01
1.677901e-01
1.866775e-01
2.817765e-01
1.953226e-01
3.965615e-02
0
0
1.844423e-01
3.206893e-01
1.267401e-01
2.367813e-01
7.042240e-01
4.890319e-01
3.889881e-01
0
2.333208e-01
1.765110e-01
1.375867e-01
1.323982e-01
0
5.607089e-02
0
5.795293e-02
0
1.358866e-01
0
0
0
0
0
0
0
0
0
0
0
0
0
3.008019e-01
1.923330e-01
1.226219e-01
1.164886e-01
0
0
1.213829e-01
5.121251e-01
2.988984e-01
0
5.891049e-01
0
6.603468e-01
0
7.039473e-01
1.138061e-01
5.485714e-01
3.871326e-01
6.772641e-01
4.202066e-01
8.497824e-01
4.702691e-01
1.000000e+00
4.248624e-01
2.504635e-01
4.974057e-01
5.973443e-01
2.287257e-01
3.350563e-01
0
2.258102e-01
0
0
1.221229e-01
3.055308e-01
4.424081e-01
4.929617e-01
0
1.913581e-01
0
0
0
0
0
1.075792e-02
0
0
0
0
0
0
0
0
0
0
0
0
0
0
0
0
0
0
3.227485e-01
4.383592e-01
2.086601e-01
3.485340e-01
6.185333e-01
6.109334e-01
5.647960e-01
7.081547e-01
0
7.094739e-03
0
0
2.981724e-01
2.879867e-01
0
3.862448e-01
0
1.093855e-01
0
0
0
2.175410e-01
6.141314e-02
0
2.528997e-01
5.115819e-01
4.943767e-01
7.239542e-01
0
3.211381e-01
2.184948e-01
5.548867e-01
0
1.581189e-01
3.359290e-01
0
1.458256e-01
0
0
6.686174e-02
0
0
0
0
2.131312e-01
0
8.027833e-02
0
0
0
0
0
0
7.769960e-02
2.995511e-01
2.399645e-01
7.324467e-02
0
0
4.185148e-01
5.386584e-01
5.377636e-01
0
3.762684e-01
0
4.329026e-01
0
4.367126e-01
0
4.614863e-01
3.322627e-01
5.403028e-01
1.374098e-01
2.281807e-01
3.470190e-01
4.248624e-01
1.000000e+00
8.914275e-01
6.724019e-01
6.368084e-01
2.241280e-01
3.053191e-01
0
0
0
0
6.312062e-02
4.183205e-01
7.650552e-01
8.154556e-01
2.347215e-01
2.916688e-01
1.195321e-01
1.159644e-02
0
0
0
4.961103e-02
4.622685e-02
0
0
0
0
0
0
0
0
0
0
0
0
0
8.569795e-03
0
0
0
5.045579e-01
7.766722e-01
3.063692e-01
4.273765e-01
5.802581e-01
3.600256e-01
6.339608e-01
5.767552e-01
0
0
0
0
3.187873e-01
1.475104e-01
0
2.095695e-02
0
0
0
0
0
2.900090e-02
6.909243e-01
3.317404e-01
7.667845e-01
2.187864e-01
7.142085e-01
4.016663e-01
0
0
2.109402e-01
0
0
2.370817e-01
1.246792e-01
0
0
0
0
2.015147e-01
0
0
1.986990e-01
0
1.665708e-01
0
9.449883e-02
0
0
0
0
0
0
0
3.859825e-01
6.070541e-01
1.016061e-01
0
0
3.992026e-01
3.234709e-01
4.620341e-01
0
1.786197e-01
0
3.883158e-01
0
2.212405e-01
0
3.736890e-01
9.608120e-02
3.612378e-01
0
5.473707e-02
1.147499e-01
2.504635e-01
8.914275e-01
1
5.597512e-01
5.327610e-01
2.201803e-01
1.079608e-01
0
0
0
0
3.687088e-02
3.035563e-01
6.305323e-01
6.581242e-01
1.583928e-01
6.631749e-02
2.980830e-01
2.115879e-01
0
0
1.356930e-01
6.749313e-02
4.765752e-02
0
0
0
0
0
0
0
0
0
0
0
0
0
0
0
0
0
5.135739e-01
7.135308e-01
1.969341e-01
2.981060e-01
4.179401e-01
1.664396e-01
4.801808e-01
4.743204e-01
0
0
0
0
3.276564e-01
1.844704e-01
0
0
0
0
0
0
0
2.205670e-02
7.641349e-01
4.452063e-01
8.135214e-01
3.802580e-01
4.879995e-01
3.243795e-01
0
0
2.774164e-01
0
0
1.160459e-01
5.702386e-02
0
0
0
9.879821e-03
2.753469e-01
0
0
2.241918e-01
8.927439e-02
1.401894e-01
0
1.164292e-01
0
0
0
0
0
0
0
1.950344e-01
5.928472e-01
4.801133e-02
0
1.067266e-01
3.457886e-01
5.908481e-01
4.391714e-01
1.528813e-01
3.969804e-01
0
1.720670e-01
2.637905e-01
4.153919e-01
1.899229e-01
1.512571e-01
5.342531e-01
6.026714e-01
1.889647e-01
3.643381e-01
3.628131e-01
4.974057e-01
6.724019e-01
5.597512e-01
1
7.730478e-01
3.201442e-02
2.914572e-01
0
0
0
0
0
0
8.421072e-01
7.666254e-01
1.025401e-01
3.019331e-01
8.799993e-02
2.237948e-02
0
0
2.281644e-03
1.080204e-01
0
0
1.240665e-01
2.244595e-02
0
0
0
0
0
0
0
0
0
0
0
0
0
0
3.346663e-01
5.320774e-01
2.806659e-01
3.316283e-01
5.741297e-01
1.194052e-01
5.855693e-01
5.366321e-01
0
0
0
0
4.006153e-01
4.034021e-01
1.057721e-01
4.336740e-01
3.798341e-01
3.297532e-01
3.825205e-01
2.092885e-01
0
4.577511e-02
6.668181e-01
4.300706e-01
5.311886e-01
1.870883e-01
6.089506e-01
2.439524e-01
0
0
2.379021e-01
1.160457e-01
0
8.491393e-02
2.073780e-01
0
0
0
0
2.012161e-01
0
0
1.807078e-01
0
8.851949e-02
0
9.951928e-02
0
0
0
0
0
1.700992e-01
0
1.442654e-01
4.572098e-01
1.888845e-01
0
0
4.560576e-01
3.371771e-01
3.333127e-01
0
3.871137e-01
0
2.057404e-01
0
3.704405e-01
0
9.825101e-02
2.435945e-01
4.203801e-01
0
3.864364e-01
3.240733e-01
5.973443e-01
6.368084e-01
5.327610e-01
7.730478e-01
1
1.696723e-01
2.707857e-01
0
1.183411e-01
0
0
0
2.999399e-01
7.536868e-01
7.556248e-01
1.837744e-01
2.481820e-01
2.388030e-01
2.759255e-01
0
0
1.359396e-01
4.149371e-01
2.618830e-01
5.834989e-02
2.251812e-01
1.006960e-01
0
0
0
0
0
0
0
0
0
0
0
0
0
0
2.383508e-01
5.222900e-01
5.374545e-02
2.526629e-01
3.186896e-01
3.543321e-01
5.773384e-01
6.820279e-01
0
0
0
0
6.477102e-01
5.966195e-01
0
1.678790e-01
1.824041e-01
3.341468e-01
1.732665e-01
0
0
2.021533e-01
4.693009e-01
1.520670e-01
4.596627e-01
2.994768e-01
7.419402e-01
4.209651e-01
0
0
3.109436e-01
3.235472e-01
0
0
2.549335e-01
0
0
0
4.475356e-02
4.395626e-01
0
0
1.946767e-02
0
1.042295e-01
0
1.677929e-01
0
0
0
0
0
0
4.893762e-03
3.842623e-01
3.991078e-01
0
0
5.751370e-02
5.972872e-01
3.133483e-01
2.922711e-01
0
3.973124e-01
5.547702e-03
1.716007e-01
0
4.203764e-01
0
2.301048e-02
0
2.914234e-01
0
2.682788e-01
0
2.287257e-01
2.241280e-01
2.201803e-01
3.201442e-02
1.696723e-01
1
6.584181e-01
0
0
1.326291e-01
2.062459e-01
6.057266e-01
6.330220e-01
0
1.582045e-01
5.302707e-02
2.497448e-01
1.369728e-01
1.659577e-01
0
0
0
0
0
0
0
0
0
0
3.249318e-02
1.389255e-02
0
0
0
0
0
0
0
0
0
0
4.266803e-01
4.786383e-01
3.379382e-01
4.528177e-01
2.126274e-01
2.740414e-01
5.466399e-01
4.047770e-01
0
0
0
6.351251e-02
2.091302e-02
0
0
3.141960e-01
0
0
8.396714e-02
1.501450e-01
0
2.666306e-01
0
0
0
8.092548e-04
6.423934e-03
1.568932e-01
0
1.603813e-01
2.549809e-01
0
0
7.278514e-02
3.142397e-02
0
0
0
0
0
0
0
2.215816e-01
0
2.978309e-01
0
2.334310e-01
7.090539e-04
2.546262e-01
0
0
4.574497e-02
0
0
7.133985e-02
2.344477e-01
0
4.272092e-02
1.696644e-01
1.892863e-01
6.647007e-01
5.907851e-01
0
5.049566e-01
0
2.068884e-01
0
5.897619e-01
0
9.040176e-02
4.335184e-02
5.462074e-01
5.445508e-02
5.069170e-01
4.352377e-02
3.350563e-01
3.053191e-01
1.079608e-01
2.914572e-01
2.707857e-01
6.584181e-01
1
0
0
0
0
4.505244e-01
5.399942e-01
2.227743e-01
4.317231e-01
5.404646e-02
1.261634e-01
0
0
0
0
0
1.952904e-01
0
1.159893e-01
0
1.475043e-01
0
0
0
0
0
0
0
0
0
0
1.235819e-02
0
0
0
4.594197e-01
5.982824e-01
4.706715e-01
5.416823e-01
3.429924e-01
4.358959e-01
4.029599e-01
3.719936e-01
0
7.238843e-02
0
0
1.348373e-01
0
0
7.187141e-01
2.646418e-02
2.730024e-01
1.402410e-01
1.919928e-01
0
1.237444e-01
0
0
0
2.947046e-02
2.008006e-01
1.945928e-01
0
1.666398e-01
3.604309e-01
1.097024e-01
4.956462e-02
4.516469e-01
8.568937e-02
0
0
0
0
1.719818e-01
0
0
3.117137e-02
0
1.868019e-01
0
2.228791e-02
0
0
0
0
0
0
1.814518e-02
4.732955e-01
2.729280e-01
8.650890e-02
0
0
1.626196e-01
0
0
6.018423e-01
0
6.669107e-01
1.602120e-01
2.114809e-01
0
4.876099e-01
0
0
0
0
0
2.948005e-01
0
0
0
0
0
0
0
1
7.683419e-01
5.059163e-01
5.717531e-01
1.904243e-01
0
0
0
5.516286e-01
1.897716e-01
0
0
2.398542e-01
1.079086e-01
3.260292e-01
3.730120e-01
3.455387e-01
4.530661e-01
1.700240e-01
3.162984e-02
3.213695e-02
9.566472e-02
2.208276e-01
1.800803e-01
5.991517e-03
3.623942e-02
1.338488e-02
1.623063e-01
0
1.802903e-01
0
2.466272e-01
0
1.489208e-01
0
0
0
0
0
0
0
0
6.047342e-01
1.914694e-01
6.474402e-02
0
0
0
1.002528e-01
0
3.494897e-02
0
1.422838e-01
9.918218e-02
0
0
0
3.096034e-01
0
1.835050e-02
1.467258e-01
0
7.171506e-01
1.510801e-01
4.107431e-01
0
3.017206e-01
1.635445e-03
0
0
3.104343e-01
2.510410e-01
4.283815e-01
1.465427e-01
0
0
0
0
0
1.521787e-01
0
0
0
5.351986e-01
8.706396e-02
0
0
6.073621e-02
0
0
0
0
5.214109e-01
3.531904e-01
0
0
2.526775e-01
0
5.537549e-01
3.290004e-01
0
0
1.899648e-01
0
0
0
0
0
1.793820e-01
2.258102e-01
0
0
0
1.183411e-01
0
0
7.683419e-01
1
4.723313e-01
7.027310e-01
3.054200e-01
2.382193e-01
0
0
5.048011e-01
3.178996e-01
4.567694e-02
4.862317e-04
6.741105e-02
2.116335e-02
1.176891e-01
2.448481e-01
1.948516e-01
2.440642e-01
0
0
0
4.054897e-02
3.817005e-01
3.441206e-01
0
0
4.919113e-04
1.247548e-01
0
0
0
0
0
0
0
0
0
0
0
0
4.069239e-02
6.076877e-02
4.972705e-01
2.149818e-01
1.325563e-01
0
0
6.366455e-03
0
0
0
0
0
2.476978e-02
0
0
0
1.239933e-01
0
2.671256e-01
2.887101e-01
5.206679e-02
4.973363e-01
3.275710e-01
4.253621e-01
7.374911e-02
1.351354e-01
0
0
0
4.351223e-01
0
3.540414e-01
1.167272e-01
0
8.285883e-02
0
0
0
0
0
0
1.450604e-01
4.545408e-01
0
0
0
9.809159e-02
0
0
0
0
6.229107e-01
4.270879e-01
0
0
0
0
7.027305e-01
1.860186e-01
0
0
0
3.778378e-02
0
0
0
0
0
0
0
0
0
0
1.326291e-01
0
5.059163e-01
4.723313e-01
1.000000e+00
8.219549e-01
7.531195e-01
3.199457e-01
0
0
3.995200e-01
0
6.062072e-02
1.476512e-02
5.955432e-01
4.418189e-01
6.092237e-02
1.023128e-01
3.629677e-01
4.178925e-01
0
0
0
0
2.509493e-01
1.374243e-01
0
2.148416e-02
0
8.189890e-02
2.513256e-01
3.013073e-01
1.111192e-01
3.035707e-01
0
1.445350e-01
1.417498e-01
0
0
0
0
7.026887e-02
0
0
5.149721e-01
7.158073e-01
0
0
0
0
0
0
0
0
0
0
0
0
0
0
0
1.398673e-01
0
0
2.951627e-01
5.910756e-01
3.360783e-01
0
7.209812e-01
2.443774e-01
0
0
1.567019e-01
4.823103e-02
2.012661e-01
4.950345e-02
2.414472e-01
3.047906e-01
0
0
0
3.247754e-02
0
0
3.386398e-01
4.337596e-01
5.578544e-02
1.362883e-01
0
3.369395e-02
0
0
0
6.408573e-03
3.621122e-01
9.179728e-02
0
0
9.569898e-03
0
6.878255e-01
2.212842e-01
0
0
0
0
0
0
0
0
0
0
0
0
0
0
2.062459e-01
0
5.717531e-01
7.027310e-01
8.219549e-01
1
6.430333e-01
4.506697e-01
0
0
5.490084e-01
2.007975e-01
1.251777e-01
6.421553e-02
4.534864e-01
4.071932e-01
9.889433e-02
2.174130e-01
2.704517e-01
3.155717e-01
0
0
1.639153e-01
1.836331e-01
5.460112e-01
4.289772e-01
3.690823e-02
1.643987e-01
1.242840e-01
1.657317e-01
1.426323e-01
9.369423e-02
0
0
0
7.063182e-02
0
0
0
0
0
0
0
0
5.047719e-01
4.670635e-01
1.865622e-01
8.786790e-02
0
0
0
0
0
0
0
0
0
0
0
0
0
4.018803e-02
1.796231e-03
0
3.011368e-01
4.066709e-01
3.752748e-01
0
3.504899e-01
0
0
0
3.182874e-01
0
2.425397e-01
8.792588e-02
1.983234e-01
3.115500e-01
0
0
0
0
0
0
4.050771e-01
7.009516e-01
0
6.649995e-02
0
2.258420e-01
0
0
0
0
5.018009e-01
1.671723e-01
9.168922e-02
2.583611e-01
0
1.639348e-01
5.908185e-01
4.071609e-01
0
1.046979e-01
0
2.293633e-01
0
0
0
1.367880e-01
0
1.221229e-01
6.312062e-02
3.687088e-02
0
0
6.057266e-01
4.505244e-01
1.904243e-01
3.054200e-01
7.531195e-01
6.430333e-01
1
7.097751e-01
0
0
3.046581e-01
2.300388e-02
0
0
2.576563e-01
1.433775e-01
0
1.199856e-01
2.470121e-01
2.105277e-01
0
0
0
0
0
0
0
0
0
0
3.611571e-02
0
1.219172e-01
9.238941e-02
0
0
4.382326e-01
2.805069e-01
1.026941e-01
1.668152e-01
0
4.168631e-01
1.068882e-01
1.005728e-01
1.016133e-01
5.431671e-01
0
0
0
0
0
0
0
0
0
0
0
0
0
0
0
1.832196e-01
4.846433e-02
8.371023e-02
0
6.014773e-01
4.270899e-01
0
6.230743e-01
3.990310e-01
0
0
1.128134e-01
0
1.297672e-03
5.923000e-02
3.320186e-02
1.095845e-01
0
0
1.628163e-02
0
0
0
1.790426e-01
2.159240e-01
0
7.910846e-03
0
2.705397e-02
2.110261e-01
0
0
0
1.319720e-01
1.445350e-01
2.163434e-01
2.822190e-01
0
4.554374e-01
2.722069e-01
4.812963e-01
0
3.754530e-01
0
2.441072e-01
0
2.437936e-01
0
2.383558e-01
3.689491e-02
3.055308e-01
4.183205e-01
3.035563e-01
0
2.999399e-01
6.330220e-01
5.399942e-01
0
2.382193e-01
3.199457e-01
4.506697e-01
7.097751e-01
1
6.010158e-02
3.652395e-01
3.599375e-01
2.285392e-01
0
0
0
0
0
1.721932e-01
1.042794e-01
0
0
0
0
0
0
0
0
0
0
0
0
0
0
0
0
0
3.688568e-01
5.664710e-01
2.297557e-01
3.629684e-01
7.157974e-02
5.828326e-01
4.482992e-01
5.331283e-01
0
2.110854e-01
0
0
1.541501e-01
0
0
0
0
0
0
0
0
1.447738e-01
0
0
2.269215e-01
2.332346e-01
3.748127e-01
2.878534e-01
0
3.105931e-01
2.860216e-01
0
9.838553e-02
3.054642e-01
9.266058e-02
0
4.987376e-02
0
3.575511e-03
1.787143e-01
0
1.378467e-03
0
0
3.136395e-01
0
1.268599e-01
0
8.249377e-02
1.101558e-01
0
0
0
2.063856e-01
5.451819e-01
2.583149e-01
0
0
1.565316e-01
2.189524e-01
4.767396e-01
4.981246e-01
9.565481e-02
2.672985e-01
0
1.096296e-01
1.848375e-01
4.187338e-01
2.257024e-01
1.682463e-01
6.428420e-01
5.363109e-01
3.544107e-01
3.108097e-01
5.560576e-01
4.424081e-01
7.650552e-01
6.305323e-01
8.421072e-01
7.536868e-01
0
2.227743e-01
0
0
0
0
0
6.010158e-02
1.000000e+00
8.951953e-01
7.866210e-02
2.122561e-01
2.275234e-01
1.912676e-01
0
0
1.390893e-01
1.829813e-01
6.871172e-02
0
2.550516e-01
2.348518e-01
0
0
0
0
0
0
0
0
0
0
0
0
0
0
1.705596e-01
5.194893e-01
6.844881e-02
2.611331e-01
4.399557e-01
1.936130e-01
4.450237e-01
5.725761e-01
0
0
0
0
4.972451e-01
3.537494e-01
0
2.868107e-01
3.069928e-01
4.432809e-01
2.840999e-01
1.420183e-01
0
1.997736e-02
6.336461e-01
3.836284e-01
5.685161e-01
2.229302e-01
7.348769e-01
4.481816e-01
0
0
1.505909e-01
6.420003e-02
0
1.298459e-02
2.023054e-01
0
0
0
0
2.534911e-01
0
0
2.218646e-01
0
0
0
1.239721e-01
0
0
0
0
0
2.305777e-01
3.482064e-02
2.896558e-01
5.901604e-01
2.262802e-01
0
0
2.742269e-01
5.499945e-01
5.456111e-01
0
3.326540e-01
0
2.906783e-01
0
5.150406e-01
4.965894e-02
2.318680e-01
4.508715e-01
6.286854e-01
2.706790e-01
4.235409e-01
4.247606e-01
4.929617e-01
8.154556e-01
6.581242e-01
7.666254e-01
7.556248e-01
1.582045e-01
4.317231e-01
0
0
0
0
0
3.652395e-01
8.951953e-01
1
5.765135e-02
1.485925e-01
2.483703e-02
5.629640e-02
0
0
2.900387e-02
2.722275e-01
0
0
0
3.951388e-02
0
0
0
0
0
0
0
0
0
0
0
0
0
0
2.457075e-01
6.920931e-01
1.674364e-01
3.483975e-01
4.279508e-01
3.297837e-01
5.822213e-01
6.556717e-01
0
0
0
0
4.874636e-01
2.989299e-01
0
3.064014e-01
1.717262e-02
2.793775e-01
5.602010e-02
0
0
7.399105e-03
5.228907e-01
2.865027e-01
6.942512e-01
2.762055e-01
7.066205e-01
4.478540e-01
0
0
2.382150e-01
3.773431e-02
0
1.863428e-01
2.118650e-01
0
0
0
5.912329e-02
4.005785e-01
0
0
1.492192e-01
0
7.095748e-02
0
1.144820e-01
0
0
0
0
0
7.598920e-02
2.070989e-01
5.190277e-01
6.552035e-01
2.623172e-01
0
0
3.492941e-01
0
0
4.930003e-01
1.776979e-01
5.749319e-01
1.421832e-01
0
0
7.196201e-02
0
0
0
0
0
3.005150e-01
0
2.347215e-01
1.583928e-01
1.025401e-01
1.837744e-01
5.302707e-02
5.404646e-02
5.516286e-01
5.048011e-01
3.995200e-01
5.490084e-01
3.046581e-01
3.599375e-01
7.866210e-02
5.765135e-02
1
5.122882e-01
3.778922e-01
1.614811e-01
0
0
3.139732e-01
2.714926e-01
4.508945e-01
2.162259e-01
4.571827e-02
1.775291e-01
0
0
1.180677e-01
0
0
0
0
0
0
0
0
0
0
0
6.394948e-02
1.546389e-02
0
0
0
0
1.219909e-03
6.844446e-02
1.550608e-01
1.376254e-02
0
0
0
0
0
0
1.184916e-01
0
5.725314e-02
0
0
0
2.067885e-01
4.211914e-01
4.765562e-02
0
5.177612e-01
0
2.516678e-01
0
4.109590e-01
0
1.641568e-01
0
0
0
0
0
2.355877e-01
1.751706e-01
0
0
0
0
0
0
0
0
0
3.459039e-01
0
0
1.696451e-02
0
0
0
0
0
4.542052e-01
4.134221e-01
1.364090e-01
0
4.888621e-01
4.765550e-01
3.003198e-01
1.000708e-01
3.314761e-01
5.666943e-02
6.268337e-02
0
5.051921e-02
0
0
0
2.994591e-01
1.913581e-01
2.916688e-01
6.631749e-02
3.019331e-01
2.481820e-01
2.497448e-01
1.261634e-01
1.897716e-01
3.178996e-01
0
2.007975e-01
2.300388e-02
2.285392e-01
2.122561e-01
1.485925e-01
5.122882e-01
1
1.036054e-01
0
0
0
0
0
0
0
0
0
2.598705e-01
2.232635e-01
3.140022e-01
2.095099e-01
1.837530e-01
1.608107e-01
3.024682e-01
1.383398e-01
0
0
0
0
1.828324e-01
0
0
0
0
0
1.152207e-01
0
4.449463e-01
2.595215e-01
3.682404e-03
0
7.328747e-02
0
0
0
3.990015e-01
9.141144e-02
7.131935e-02
0
1.752669e-01
0
8.612333e-02
1.645011e-01
2.310028e-01
6.668644e-02
0
0
5.616448e-01
1.927595e-01
0
0
4.974877e-02
0
0
0
0
0
0
0
0
0
0
0
2.072039e-01
0
3.488246e-02
0
3.038645e-02
1.021941e-01
0
2.792681e-01
0
0
5.313997e-03
0
0
7.620957e-02
0
0
8.850168e-02
2.362980e-01
0
9.306009e-02
2.032374e-02
0
4.524954e-02
0
0
0
0
0
0
0
0
0
0
0
1.195321e-01
2.980830e-01
8.799993e-02
2.388030e-01
1.369728e-01
0
0
4.567694e-02
6.062072e-02
1.251777e-01
0
0
2.275234e-01
2.483703e-02
3.778922e-01
1.036054e-01
1
8.558409e-01
0
1.945450e-02
4.425591e-01
3.147489e-02
3.122646e-01
3.018573e-02
1.689977e-01
4.504508e-01
1.932302e-01
1.559966e-01
3.456363e-01
3.275272e-01
1.549637e-01
1.171762e-01
2.442058e-01
2.212488e-01
0
0
0
0
0
0
0
0
0
0
0
0
0
2.863522e-01
0
0
6.003920e-02
9.144946e-02
2.712731e-01
0
0
0
2.750636e-01
2.558368e-01
1.767373e-01
2.119511e-01
2.203594e-01
2.703968e-01
2.010724e-01
1.557530e-01
2.580919e-02
1.246558e-01
1.524398e-01
1.376794e-01
0
0
1.654784e-01
0
0
0
0
0
0
0
5.684070e-03
0
0
6.793559e-03
1.933481e-01
2.183977e-01
0
0
2.780985e-01
0
1.940390e-01
0
8.175627e-02
2.141561e-01
2.869205e-01
0
0
8.306142e-02
0
0
1.786654e-01
1.853945e-01
0
7.294442e-02
0
0
0
0
0
0
0
0
0
0
0
0
0
0
1.159644e-02
2.115879e-01
2.237948e-02
2.759255e-01
1.659577e-01
0
0
4.862317e-04
1.476512e-02
6.421553e-02
0
0
1.912676e-01
5.629640e-02
1.614811e-01
0
8.558409e-01
1
0
1.108912e-01
6.301311e-01
3.085756e-01
3.682270e-01
2.503429e-01
3.717645e-01
5.818703e-01
1.790796e-01
1.710938e-01
3.180293e-01
3.679378e-01
1.346407e-01
7.581938e-02
1.086590e-01
1.616473e-01
0
0
0
0
0
0
0
0
0
0
0
0
0
2.050761e-01
0
0
1.106085e-01
2.517470e-01
3.976845e-01
1.396523e-01
0
0
2.631260e-01
4.343786e-01
2.074695e-01
2.990599e-01
2.404663e-01
3.021308e-01
1.381872e-02
0
0
7.351421e-02
5.724372e-02
1.157097e-01
0
0
1.672515e-01
5.308574e-02
0
0
0
0
0
0
2.147635e-01
2.105041e-01
1.822928e-01
3.881529e-02
1.085990e-01
9.498996e-02
0
0
1.940746e-01
0
2.379836e-01
5.375451e-02
2.950840e-01
4.717182e-01
1.365136e-01
0
0
0
0
0
1.895239e-01
2.579964e-01
0
0
7.967544e-02
0
3.771898e-01
0
0
0
1.648287e-02
0
0
0
0
0
0
0
0
0
0
0
0
0
2.398542e-01
6.741105e-02
5.955432e-01
4.534864e-01
2.576563e-01
0
0
0
0
0
0
0
1
9.139880e-01
7.406055e-02
0
1.458607e-01
2.091090e-01
1.375947e-01
1.373221e-01
2.618107e-01
2.555711e-01
4.777683e-01
3.728174e-01
1.678586e-01
4.141949e-01
2.759981e-01
4.572202e-01
5.536860e-01
6.808974e-01
1.866810e-01
3.247261e-01
3.708705e-01
5.426988e-01
0
0
0
0
0
0
0
0
7.885765e-01
5.244304e-01
5.590244e-01
3.855192e-01
0
0
3.502366e-02
0
0
0
0
0
3.843123e-01
0
0
0
0
0
0
0
4.434068e-01
3.440458e-01
0
0
5.013177e-01
0
0
3.413418e-01
3.384435e-01
4.952162e-01
8.615491e-02
0
3.953540e-01
4.357368e-01
0
1.570212e-01
0
6.588136e-01
0
2.158705e-01
4.380193e-01
4.057618e-01
2.790861e-01
5.228611e-01
0
0
0
0
0
2.240942e-01
0
0
0
0
0
0
2.019466e-01
0
0
0
0
0
0
0
0
0
0
0
0
0
0
0
0
0
1.079086e-01
2.116335e-02
4.418189e-01
4.071932e-01
1.433775e-01
0
0
0
0
0
1.945450e-02
1.108912e-01
9.139880e-01
1
1.828803e-01
0
2.407484e-01
1.968859e-01
1.922729e-01
1.703291e-01
2.071024e-01
1.823372e-01
4.949954e-01
3.961581e-01
8.522353e-02
3.552649e-01
1.886321e-01
3.312400e-01
3.658431e-01
4.794950e-01
0
1.921468e-01
2.077098e-01
3.792878e-01
0
0
0
0
0
0
0
0
7.157496e-01
4.930046e-01
6.476680e-01
5.787083e-01
0
0
0
0
0
0
0
0
5.778143e-01
9.526261e-03
0
0
0
0
0
0
3.943951e-01
2.883877e-01
0
6.680190e-02
3.071402e-01
0
3.832984e-02
4.487384e-01
4.072693e-01
5.533487e-01
3.756634e-02
0
3.845723e-01
5.271861e-01
0
2.129970e-01
0
6.810984e-01
0
3.420274e-01
4.221063e-01
4.226866e-01
2.202892e-01
6.819106e-01
0
0
0
0
0
2.207690e-01
0
0
0
0
2.954275e-01
0
0
0
0
0
1.233193e-01
0
0
0
0
0
4.746411e-02
0
0
1.356930e-01
2.281644e-03
1.359396e-01
0
0
3.260292e-01
1.176891e-01
6.092237e-02
9.889433e-02
0
0
1.390893e-01
2.900387e-02
3.139732e-01
0
4.425591e-01
6.301311e-01
7.406055e-02
1.828803e-01
1
6.888408e-01
6.160113e-01
5.942622e-01
6.600040e-01
5.861281e-01
9.664840e-02
1.231866e-01
1.531921e-01
2.126146e-01
1.078155e-01
7.498557e-02
3.300103e-02
1.476030e-01
0
0
0
1.037592e-01
0
0
0
0
0
0
0
0
0
0
1.519830e-01
0
6.957112e-02
2.675115e-02
3.144049e-01
3.001200e-01
0
0
2.294054e-01
4.053795e-01
8.233731e-02
1.684147e-01
1.160964e-01
0
1.948970e-01
4.652643e-01
7.364355e-02
5.804413e-03
1.341570e-01
0
3.194665e-01
0
1.430442e-01
4.861031e-02
0
0
0
3.490352e-01
5.308467e-03
4.096391e-01
5.751533e-01
5.890477e-01
4.087638e-01
1.796873e-01
0
4.673557e-02
0
2.254702e-01
0
0
5.103562e-02
2.565866e-01
4.448929e-01
2.557094e-01
2.113630e-01
0
0
0
0
0
2.609992e-01
1.458004e-01
0
1.081469e-01
1.331652e-02
0
3.376453e-02
3.065155e-02
0
0
1.400808e-01
0
0
0
0
0
2.335984e-01
1.075792e-02
4.961103e-02
6.749313e-02
1.080204e-01
4.149371e-01
0
1.952904e-01
3.730120e-01
2.448481e-01
1.023128e-01
2.174130e-01
1.199856e-01
1.721932e-01
1.829813e-01
2.722275e-01
2.714926e-01
0
3.147489e-02
3.085756e-01
0
0
6.888408e-01
1
6.790195e-01
7.821464e-01
4.950882e-01
4.988972e-01
0
0
0
0
0
0
0
0
0
0
0
5.136095e-02
0
0
0
3.632138e-02
0
0
0
1.690253e-03
0
0
0
1.755337e-01
0
0
3.600324e-01
4.649986e-01
0
3.803660e-02
4.909705e-02
4.339988e-01
6.995325e-02
6.263660e-02
0
0
0
1.999919e-01
2.843589e-02
2.190175e-01
3.700137e-01
8.584373e-02
3.108899e-01
9.565568e-02
4.732780e-01
3.661693e-01
1.235221e-01
9.521768e-02
0
3.592133e-03
1.887265e-01
1.683991e-01
5.314565e-01
8.223408e-01
3.494889e-01
3.160309e-01
0
0
0
2.208824e-02
0
0
8.788143e-03
3.078406e-01
2.634466e-01
1.289317e-01
0
3.057981e-01
3.291712e-01
0
0
0
2.288564e-01
3.010127e-01
0
3.209725e-02
8.638199e-02
1.307593e-02
2.601306e-01
8.644545e-02
0
0
7.959690e-02
2.704546e-02
0
0
0
0
3.093365e-01
0
4.622685e-02
4.765752e-02
0
2.618830e-01
0
0
3.455387e-01
1.948516e-01
3.629677e-01
2.704517e-01
2.470121e-01
1.042794e-01
6.871172e-02
0
4.508945e-01
0
3.122646e-01
3.682270e-01
1.458607e-01
2.407484e-01
6.160113e-01
6.790195e-01
1
5.859974e-01
5.762055e-01
5.784878e-01
0
0
0
0
0
0
0
0
0
0
0
7.121788e-02
0
0
0
0
0
0
0
2.610415e-01
0
3.997759e-03
2.789448e-01
4.328811e-01
0
0
4.056129e-01
4.238566e-01
0
0
1.671504e-01
3.634916e-01
0
0
0
0
0
1.170667e-01
0
2.146202e-01
2.960407e-01
8.349650e-02
5.361195e-01
3.432795e-01
2.310514e-01
2.644357e-01
5.329095e-01
1.454719e-01
0
1.988834e-01
5.889412e-02
3.008370e-01
1.008764e-01
5.357288e-01
6.308346e-02
3.582511e-01
0
0
0
2.089563e-01
0
0
0
1.548891e-01
0
1.610563e-01
0
0
3.149108e-01
0
0
0
0
2.504262e-01
0
1.170362e-01
1.446662e-02
0
1.453927e-01
0
0
0
1.485441e-01
0
0
0
0
0
0
0
0
0
0
5.834989e-02
0
1.159893e-01
4.530661e-01
2.440642e-01
4.178925e-01
3.155717e-01
2.105277e-01
0
0
0
2.162259e-01
0
3.018573e-02
2.503429e-01
2.091090e-01
1.968859e-01
5.942622e-01
7.821464e-01
5.859974e-01
1
3.422653e-01
4.757763e-01
0
0
0
3.350902e-02
0
0
0
0
0
9.092125e-02
0
1.974987e-01
0
4.132948e-02
0
0
0
0
0
0
0
0
2.021953e-01
5.033080e-01
0
0
1.721477e-01
3.301512e-01
0
2.237979e-02
9.483847e-03
2.249189e-01
8.396305e-02
1.178395e-01
0
0
0
1.817327e-01
0
1.673473e-01
4.584603e-02
0
3.593028e-01
2.758065e-01
5.233226e-01
2.286360e-01
3.743661e-01
2.515499e-01
0
0
0
2.715671e-01
6.245227e-01
7.084374e-01
4.335498e-01
4.451521e-01
0
0
0
1.144988e-01
0
0
1.805109e-01
2.980422e-01
5.489734e-01
2.645437e-01
1.537603e-01
1.915548e-01
1.045876e-01
0
0
0
3.019885e-01
2.253961e-01
0
0
3.910341e-01
0
0
0
3.752250e-01
0
4.042606e-01
0
2.612209e-01
0
8.258783e-02
0
2.951554e-01
0
0
0
1.240665e-01
2.251812e-01
0
0
1.700240e-01
0
0
0
0
0
2.550516e-01
0
4.571827e-02
0
1.689977e-01
3.717645e-01
1.375947e-01
1.922729e-01
6.600040e-01
4.950882e-01
5.762055e-01
3.422653e-01
1
6.673316e-01
0
0
0
0
0
0
0
0
0
0
0
4.617863e-02
0
0
0
0
0
0
0
0
0
0
2.355319e-01
0
1.779218e-01
1.031909e-01
3.701536e-01
5.028906e-01
0
0
5.713889e-01
6.309502e-01
3.774456e-01
2.471621e-01
2.129373e-01
0
1.595840e-01
1.823817e-01
0
0
1.417546e-01
0
4.864778e-01
0
0
2.668339e-01
1.184852e-01
0
1.126044e-01
6.306462e-01
9.799183e-02
4.709299e-01
2.580992e-01
3.405387e-01
5.796719e-02
4.745484e-02
0
0
0
5.453736e-01
0
5.300442e-02
0
0
3.149143e-01
2.230023e-01
1.005867e-01
0
0
0
0
0
0
0
0
2.165782e-01
1.265049e-01
0
1.295768e-02
0
1.177997e-01
0
1.416170e-01
0
1.536285e-01
0
1.156901e-01
0
2.372768e-01
0
0
0
2.244595e-02
1.006960e-01
0
1.475043e-01
3.162984e-02
0
0
0
0
0
2.348518e-01
3.951388e-02
1.775291e-01
0
4.504508e-01
5.818703e-01
1.373221e-01
1.703291e-01
5.861281e-01
4.988972e-01
5.784878e-01
4.757763e-01
6.673316e-01
1.000000e+00
0
0
0
0
0
0
0
0
0
1.455932e-02
0
9.162676e-02
0
0
0
0
0
0
0
0
0
0
3.519883e-02
5.647038e-02
0
0
2.931583e-01
2.615248e-01
0
2.810838e-01
5.536788e-01
7.763549e-01
4.879529e-01
4.653642e-01
7.813453e-02
0
0
6.026774e-02
0
3.065454e-02
5.716631e-02
3.012551e-02
1.309388e-01
0
2.305260e-01
1.468393e-01
2.885795e-01
0
0
2.027702e-01
0
2.632560e-01
1.654089e-01
3.669912e-01
1.639023e-01
7.763175e-02
0
0
0
2.346685e-01
0
0
0
0
2.779566e-01
3.094327e-01
5.740670e-02
0
2.015485e-02
0
0
0
0
2.358046e-02
0
0
2.883978e-01
0
8.249925e-02
0
1.279185e-01
0
0
0
0
0
0
0
0
0
0
0
0
0
0
0
3.213695e-02
0
0
1.639153e-01
0
0
0
0
0
2.598705e-01
1.932302e-01
1.790796e-01
2.618107e-01
2.071024e-01
9.664840e-02
0
0
0
0
0
1
9.871252e-01
7.975220e-01
8.390769e-01
9.751080e-01
9.635346e-01
9.480896e-01
8.639548e-01
6.467787e-01
3.707532e-01
1.547699e-01
0
7.939953e-01
6.280609e-01
0
0
0
0
0
0
0
0
1.880906e-01
0
4.558505e-01
1.883125e-01
0
0
4.689744e-01
0
0
0
7.597445e-02
2.259574e-02
3.837559e-01
1.134551e-02
0
1.188888e-01
0
0
0
0
0
0
0
0
0
0
0
3.837200e-02
0
8.487918e-02
2.163923e-01
0
3.865919e-01
0
3.402232e-01
2.442595e-01
0
8.037464e-02
0
9.401550e-02
3.437016e-01
4.208068e-01
2.806595e-01
6.207040e-02
4.112390e-01
1.616393e-02
0
0
0
1.724407e-01
2.369229e-01
0
0
0
2.873731e-01
0
7.346842e-02
0
1.104898e-01
0
0
0
0
0
0
0
0
0
0
0
0
0
0
0
9.566472e-02
4.054897e-02
0
1.836331e-01
0
0
0
0
0
2.232635e-01
1.559966e-01
1.710938e-01
2.555711e-01
1.823372e-01
1.231866e-01
0
0
0
0
0
9.871252e-01
1.000000e+00
8.021955e-01
8.579753e-01
9.611859e-01
9.393792e-01
9.316660e-01
8.673373e-01
6.135497e-01
3.561384e-01
1.009003e-01
0
7.752005e-01
6.110868e-01
0
0
0
0
0
0
0
0
2.086702e-01
0
4.606756e-01
1.950547e-01
0
0
4.497056e-01
0
0
0
9.932993e-02
2.225737e-02
3.272960e-01
0
0
1.423025e-01
0
0
0
0
0
0
0
0
0
0
0
8.953406e-03
0
7.043613e-02
2.587319e-01
0
3.979086e-01
0
2.635359e-01
1.818009e-01
0
6.707638e-02
0
0
3.625695e-01
4.525642e-01
3.473473e-01
6.200267e-02
4.092899e-01
3.795534e-02
0
0
0
1.705369e-01
2.687747e-01
0
0
0
2.058872e-01
0
2.598736e-01
0
0
0
0
0
0
0
0
0
0
0
0
0
0
0
3.249318e-02
0
2.208276e-01
3.817005e-01
2.509493e-01
5.460112e-01
0
0
0
0
1.180677e-01
3.140022e-01
3.456363e-01
3.180293e-01
4.777683e-01
4.949954e-01
1.531921e-01
0
0
0
0
0
7.975220e-01
8.021955e-01
1
9.666502e-01
6.839911e-01
7.736186e-01
7.839061e-01
7.962007e-01
4.594682e-01
2.382916e-01
0
0
5.472779e-01
3.880546e-01
0
0
0
0
0
0
0
0
5.359360e-01
0
6.785518e-01
4.282466e-01
0
0
1.419953e-01
0
0
0
0
0
4.582403e-01
7.177741e-02
0
0
0
0
0
0
1.777588e-01
0
0
0
0
0
0
0
2.101066e-01
0
2.091355e-01
0
2.513856e-01
1.435973e-01
7.558453e-02
1.220497e-03
0
9.491606e-02
0
6.782792e-02
5.631292e-01
6.297174e-01
2.470441e-01
2.983850e-01
2.871068e-01
0
0
0
0
1.816964e-01
3.057975e-01
0
0
0
1.507287e-01
0
1.210165e-01
0
0
0
0
0
0
0
0
0
0
0
0
0
0
0
1.389255e-02
0
1.800803e-01
3.441206e-01
1.374243e-01
4.289772e-01
0
0
0
0
0
2.095099e-01
3.275272e-01
3.679378e-01
3.728174e-01
3.961581e-01
2.126146e-01
0
0
3.350902e-02
0
0
8.390769e-01
8.579753e-01
9.666502e-01
1
7.595278e-01
8.015802e-01
7.961952e-01
8.245155e-01
4.266046e-01
2.162206e-01
0
0
5.518340e-01
3.985979e-01
0
0
0
0
0
0
0
0
4.233870e-01
0
6.504884e-01
4.471534e-01
0
0
1.354445e-01
0
0
0
1.973759e-02
3.485525e-02
4.116650e-01
5.474927e-02
0
0
0
0
0
0
9.327867e-02
0
0
0
0
0
0
0
2.106288e-01
0
3.309047e-01
0
3.285981e-01
1.205630e-01
9.052484e-02
2.394386e-02
0
4.040778e-02
0
9.807625e-04
5.703970e-01
5.605955e-01
3.736852e-01
3.364961e-01
3.677321e-01
2.101819e-02
0
0
0
2.655399e-01
3.764504e-01
0
0
0
3.056157e-01
0
2.331028e-02
0
1.895673e-01
0
0
0
0
0
0
0
0
0
0
0
0
0
0
0
5.991517e-03
0
0
3.690823e-02
0
0
0
0
0
1.837530e-01
1.549637e-01
1.346407e-01
1.678586e-01
8.522353e-02
1.078155e-01
0
0
0
0
0
9.751080e-01
9.611859e-01
6.839911e-01
7.595278e-01
1
9.458715e-01
9.369528e-01
8.577160e-01
6.539910e-01
4.117575e-01
2.478156e-01
0
8.046840e-01
6.668265e-01
0
0
0
0
0
0
0
0
1.000864e-01
0
3.559480e-01
8.400655e-02
0
0
4.974977e-01
0
0
0
1.314515e-01
8.288263e-02
2.902439e-01
0
4.692974e-02
2.345614e-01
0
0
0
0
0
0
0
0
0
0
0
5.535179e-02
0
1.042027e-01
2.860990e-01
0
4.100039e-01
0
3.389226e-01
3.116130e-01
0
5.875733e-02
0
8.051917e-02
2.803340e-01
2.936260e-01
3.128195e-01
0
4.780743e-01
3.438306e-02
0
1.994190e-02
8.234051e-02
2.244572e-01
2.594985e-01
0
0
0
3.088175e-01
0
9.019878e-02
0
1.612476e-01
0
0
0
0
0
0
0
0
0
0
0
0
0
0
0
3.623942e-02
0
2.148416e-02
1.643987e-01
0
0
0
0
0
1.608107e-01
1.171762e-01
7.581938e-02
4.141949e-01
3.552649e-01
7.498557e-02
0
0
0
0
0
9.635346e-01
9.393792e-01
7.736186e-01
8.015802e-01
9.458715e-01
1.000000e+00
9.368230e-01
8.856804e-01
7.226020e-01
5.568888e-01
2.384704e-01
3.105019e-02
8.073181e-01
7.642513e-01
0
0
0
0
0
0
0
0
2.913264e-01
0
5.378857e-01
2.602793e-01
0
0
4.959946e-01
0
0
0
5.006464e-02
1.884952e-02
4.131124e-01
0
0
1.022504e-01
0
0
0
0
0
0
0
0
0
0
0
1.598555e-01
0
2.402086e-01
2.287077e-01
0
4.353334e-01
0
3.193815e-01
3.551334e-01
0
2.684837e-01
1.018205e-03
2.343017e-01
4.148226e-01
4.096048e-01
3.241738e-01
1.148769e-01
4.415883e-01
1.697334e-02
0
0
2.918873e-02
3.239236e-01
2.020411e-01
0
0
0
3.762087e-01
0
1.356973e-01
0
2.067471e-01
0
0
0
0
0
0
0
0
0
0
0
0
0
0
0
1.338488e-02
4.919113e-04
0
1.242840e-01
0
0
0
0
0
3.024682e-01
2.442058e-01
1.086590e-01
2.759981e-01
1.886321e-01
3.300103e-02
0
0
0
0
0
9.480896e-01
9.316660e-01
7.839061e-01
7.961952e-01
9.369528e-01
9.368230e-01
1
9.069364e-01
7.204284e-01
4.732236e-01
2.538216e-01
0
8.602784e-01
6.707448e-01
0
0
0
0
0
0
0
0
2.728733e-01
0
4.579454e-01
1.235585e-01
0
0
5.287948e-01
0
0
0
1.001019e-01
1.703761e-03
3.793278e-01
0
3.518646e-02
2.043318e-01
0
0
0
0
0
0
0
0
0
0
0
6.719990e-02
0
7.790001e-02
1.224658e-01
0
2.761325e-01
0
3.386017e-01
3.238677e-01
0
1.269388e-01
0
1.505353e-01
3.097596e-01
2.971591e-01
1.975275e-01
0
5.339590e-01
2.842832e-02
0
0
3.798261e-02
2.174971e-01
1.310466e-01
0
0
0
4.232737e-01
0
1.507028e-01
0
1.773592e-01
0
1.085940e-01
0
0
0
0
0
0
0
0
0
0
0
0
0
1.623063e-01
1.247548e-01
8.189890e-02
1.657317e-01
0
0
0
0
0
1.383398e-01
2.212488e-01
1.616473e-01
4.572202e-01
3.312400e-01
1.476030e-01
0
0
0
0
0
8.639548e-01
8.673373e-01
7.962007e-01
8.245155e-01
8.577160e-01
8.856804e-01
9.069364e-01
1.000000e+00
6.654958e-01
5.907964e-01
2.070383e-01
0
7.727922e-01
7.184214e-01
0
0
0
0
0
0
0
0
4.637866e-01
0
5.005626e-01
1.378559e-01
0
0
4.357262e-01
0
0
0
2.216157e-01
1.219724e-01
3.248731e-01
0
0
2.046229e-01
0
0
0
0
1.381396e-01
0
0
0
0
0
0
9.425096e-02
0
1.378239e-01
3.440055e-01
0
2.867217e-01
0
8.911753e-02
1.833110e-01
0
2.475383e-01
0
2.699603e-02
4.344154e-01
3.397651e-01
4.690955e-01
1.585689e-01
5.493886e-01
0
0
0
0
2.730537e-01
2.790011e-01
0
0
0
1.220943e-01
0
3.448143e-01
0
1.785312e-01
0
6.239793e-02
0
0
0
0
0
0
0
0
0
0
0
0
0
0
0
2.513256e-01
1.426323e-01
3.611571e-02
0
0
0
0
0
0
0
5.536860e-01
3.658431e-01
0
0
0
0
0
0
6.467787e-01
6.135497e-01
4.594682e-01
4.266046e-01
6.539910e-01
7.226020e-01
7.204284e-01
6.654958e-01
1.000000e+00
7.705315e-01
7.319451e-01
3.802755e-01
8.978006e-01
8.027490e-01
0
0
0
0
0
0
0
0
3.718512e-01
6.199364e-03
2.882884e-01
3.450215e-02
0
0
5.144636e-01
0
0
0
0
0
2.554390e-01
0
0
0
0
0
0
0
0
0
0
0
1.237499e-01
0
0
1.083765e-01
0
2.352775e-01
0
0
3.242485e-01
0
1.681469e-01
3.658430e-01
0
2.881916e-01
0
2.363463e-01
1.474381e-01
6.479041e-02
0
0
2.740542e-01
7.088168e-02
0
0
2.766196e-01
2.655306e-01
0
0
0
0
3.165331e-01
0
2.787429e-01
0
2.834487e-01
0
3.141623e-01
0
0
0
3.369315e-02
0
0
0
0
0
0
0
0
0
1.802903e-01
0
3.013073e-01
9.369423e-02
0
0
0
0
0
0
0
0
6.808974e-01
4.794950e-01
0
0
0
9.092125e-02
0
1.455932e-02
3.707532e-01
3.561384e-01
2.382916e-01
2.162206e-01
4.117575e-01
5.568888e-01
4.732236e-01
5.907964e-01
7.705315e-01
1
6.316718e-01
6.310751e-01
6.360927e-01
9.052359e-01
0
0
0
0
0
0
0
0
5.028641e-01
2.522033e-01
2.389508e-01
0
0
0
4.638518e-01
0
4.897800e-02
0
9.381464e-02
1.162582e-01
8.639182e-02
0
0
1.536723e-01
0
0
0
0
2.559050e-01
4.794186e-02
0
0
3.074885e-01
1.205152e-01
0
2.934325e-01
0
5.187396e-01
1.894058e-01
0
3.593781e-01
1.575207e-01
0
3.319361e-01
0
5.816777e-01
0
1.626931e-01
1.698629e-01
5.293115e-02
2.943765e-01
4.639425e-02
3.574076e-01
1.279389e-01
0
0
2.569274e-01
3.819370e-01
6.067686e-03
0
2.807579e-01
1.573863e-01
1.064669e-01
0
2.669638e-01
2.347533e-02
2.788516e-01
5.405680e-02
2.931188e-01
2.987335e-01
2.583164e-01
1.479706e-01
3.777284e-01
0
7.194059e-02
0
8.569795e-03
0
0
0
0
1.235819e-02
0
0
1.111192e-01
0
1.219172e-01
0
0
0
0
0
0
0
1.866810e-01
0
0
0
0
0
0
0
1.547699e-01
1.009003e-01
0
0
2.478156e-01
2.384704e-01
2.538216e-01
2.070383e-01
7.319451e-01
6.316718e-01
1.000000e+00
6.303561e-01
5.653859e-01
6.122325e-01
1.778543e-01
1.785645e-02
2.785850e-01
1.102342e-01
1.855670e-01
0
0
0
6.211048e-03
2.105340e-02
0
0
0
0
4.553801e-01
0
0
0
0
8.874192e-03
0
0
0
4.515109e-02
1.113428e-02
0
0
0
0
0
0
0
2.220731e-01
4.332204e-01
0
7.852745e-02
0
1.703949e-01
0
0
6.194009e-02
0
5.459734e-02
2.600373e-01
0
1.523267e-01
0
1.404588e-01
0
0
0
0
1.756566e-01
1.156502e-02
0
7.638371e-02
5.271034e-01
9.570995e-02
0
0
0
0
1.232886e-01
0
3.175651e-01
1.019080e-01
1.805045e-01
0
4.218192e-01
2.106719e-01
1.294766e-01
0
4.225478e-01
0
1.967172e-01
0
0
0
0
0
0
0
2.466272e-01
0
3.035707e-01
0
9.238941e-02
0
0
0
0
0
0
0
3.247261e-01
1.921468e-01
1.037592e-01
5.136095e-02
7.121788e-02
1.974987e-01
4.617863e-02
9.162676e-02
0
0
0
0
0
3.105019e-02
0
0
3.802755e-01
6.310751e-01
6.303561e-01
1.000000e+00
1.725653e-01
5.087520e-01
0
0
5.603504e-03
0
0
0
0
0
1.882325e-01
3.046276e-01
0
0
0
0
4.660974e-02
0
0
4.610308e-02
0
7.471008e-02
0
0
0
2.284379e-01
5.788913e-03
9.211631e-02
0
0
1.667103e-01
1.141355e-01
0
0
3.766708e-01
5.129135e-01
0
3.014968e-01
5.534064e-02
5.824659e-01
3.125203e-01
1.075495e-01
4.079860e-01
0
0
2.057039e-01
0
3.704357e-01
0
2.678235e-02
0
0
2.063174e-02
0
0
2.184278e-01
3.955501e-02
0
3.411256e-01
6.136508e-02
1.145970e-02
0
0
0
3.218280e-01
0
2.259051e-01
0
3.738358e-01
0
2.210465e-01
0
0
0
0
0
0
0
0
0
0
0
0
0
0
0
0
0
0
0
0
0
0
1.828324e-01
0
0
3.708705e-01
2.077098e-01
0
0
0
0
0
0
7.939953e-01
7.752005e-01
5.472779e-01
5.518340e-01
8.046840e-01
8.073181e-01
8.602784e-01
7.727922e-01
8.978006e-01
6.360927e-01
5.653859e-01
1.725653e-01
1
7.698007e-01
0
0
0
0
0
0
0
0
3.050629e-01
0
3.512389e-01
1.877765e-02
0
0
6.523784e-01
0
0
0
1.350006e-01
8.601899e-02
3.771644e-01
0
0
5.458598e-02
0
0
0
0
0
0
0
0
0
0
0
1.541749e-01
0
1.863124e-01
0
0
2.830385e-01
0
2.963897e-01
2.845541e-01
0
2.295948e-01
0
1.575476e-01
5.708017e-02
9.500998e-02
1.379581e-02
0
4.315828e-01
1.416599e-01
0
0
2.670379e-01
1.339194e-01
0
0
0
0
3.793801e-01
0
2.168617e-01
0
2.723725e-01
0
2.716153e-01
0
0
0
0
0
0
0
0
0
0
0
0
0
1.489208e-01
0
1.445350e-01
7.063182e-02
0
0
0
0
0
0
0
0
5.426988e-01
3.792878e-01
0
0
0
4.132948e-02
0
0
6.280609e-01
6.110868e-01
3.880546e-01
3.985979e-01
6.668265e-01
7.642513e-01
6.707448e-01
7.184214e-01
8.027490e-01
9.052359e-01
6.122325e-01
5.087520e-01
7.698007e-01
1
0
0
0
0
0
0
0
0
3.927354e-01
2.261538e-02
2.464737e-01
0
0
0
5.585428e-01
0
0
0
5.707210e-02
2.678061e-02
1.283769e-01
0
0
1.967361e-01
0
0
0
0
1.455070e-01
0
0
0
0
0
0
2.400116e-01
0
4.850223e-01
2.680750e-01
0
4.452156e-01
9.229247e-03
0
3.203136e-01
0
4.659791e-01
0
9.829068e-02
1.917792e-01
2.134929e-01
3.121194e-01
0
4.828560e-01
2.090873e-01
0
0
2.839790e-01
3.546549e-01
6.387289e-02
0
7.257538e-01
7.021281e-01
0
4.160594e-01
7.870123e-03
3.965980e-01
0
4.286062e-01
0
4.522291e-01
8.620722e-02
5.296432e-01
1.732118e-01
3.527664e-01
0
3.227485e-01
5.045579e-01
5.135739e-01
3.346663e-01
2.383508e-01
4.266803e-01
4.594197e-01
0
0
1.417498e-01
0
4.382326e-01
3.688568e-01
1.705596e-01
2.457075e-01
6.394948e-02
0
0
0
0
0
0
0
0
0
0
0
0
0
0
0
0
0
0
0
0
0
1.778543e-01
0
0
0
1.000000e+00
7.972923e-01
5.617782e-01
5.728194e-01
6.230279e-01
3.685364e-01
4.213640e-01
3.769368e-01
0
7.611395e-02
0
0
0
8.775927e-02
0
1.591869e-01
0
0
1.237737e-01
0
0
1.102509e-01
2.095253e-01
0
2.367925e-01
3.968625e-01
1.226782e-01
1.129300e-01
0
2.832960e-01
4.268719e-01
0
3.743839e-01
5.621758e-01
0
0
0
0
0
0
0
0
1.737354e-03
0
3.358872e-01
0
3.723079e-02
0
0
0
0
0
0
0
2.195495e-01
3.317452e-01
1.425279e-01
0
2.342630e-02
3.222634e-01
7.403273e-01
7.588811e-01
0
4.935236e-01
0
3.923245e-01
0
6.532588e-01
0
4.303877e-01
1.761747e-01
7.436269e-01
2.172391e-01
4.736916e-01
4.282156e-02
4.383592e-01
7.766722e-01
7.135308e-01
5.320774e-01
5.222900e-01
4.786383e-01
5.982824e-01
0
0
0
0
2.805069e-01
5.664710e-01
5.194893e-01
6.920931e-01
1.546389e-02
0
0
0
0
0
0
3.632138e-02
0
0
0
0
0
0
0
0
0
0
0
0
0
0
1.785645e-02
0
0
0
7.972923e-01
1
5.549168e-01
7.309383e-01
6.508801e-01
5.242049e-01
6.474745e-01
6.735155e-01
0
0
0
0
3.468523e-01
1.994951e-01
0
2.374616e-01
0
7.255050e-02
0
0
0
2.325482e-01
3.424737e-01
0
5.486681e-01
3.835007e-01
3.485493e-01
3.172219e-01
0
3.517342e-02
2.999317e-01
0
0
4.805312e-01
1.933078e-01
0
0
0
0
1.579723e-01
0
0
1.859904e-01
0
4.303837e-01
0
2.553966e-01
0
0
0
0
0
0
0
5.357910e-01
5.839614e-01
2.359583e-01
0
0
3.910732e-01
6.206125e-01
2.000995e-01
0
5.533008e-01
0
2.463405e-01
4.238788e-02
6.813953e-01
0
5.633058e-01
2.234792e-01
6.887773e-01
1.993471e-01
3.937906e-01
0
2.086601e-01
3.063692e-01
1.969341e-01
2.806659e-01
5.374545e-02
3.379382e-01
4.706715e-01
0
0
0
0
1.026941e-01
2.297557e-01
6.844881e-02
1.674364e-01
0
0
0
0
0
0
0
0
0
0
0
0
0
0
0
0
0
0
0
0
0
0
2.785850e-01
5.603504e-03
0
0
5.617782e-01
5.549168e-01
1
8.488977e-01
7.101705e-01
5.404866e-01
3.624865e-01
1.859251e-01
0
8.655160e-02
0
0
2.107463e-01
1.585558e-01
6.984811e-02
3.079293e-01
9.458498e-02
6.493672e-03
0
0
0
1.941342e-01
2.356297e-01
0
1.650438e-01
0
0
0
0
1.688833e-01
0
0
6.565802e-02
6.153485e-01
5.719782e-01
3.983517e-02
0
0
0
0
0
0
3.371315e-01
1.960259e-01
6.719583e-01
0
4.081156e-01
3.910712e-01
0
0
0
0
0
0
3.665712e-01
2.747222e-01
4.023818e-01
1.843712e-01
0
0
6.221171e-01
4.386216e-01
0
5.930403e-01
0
1.636360e-01
0
8.304776e-01
0
4.603731e-01
2.431084e-01
8.122230e-01
2.664812e-01
5.156231e-01
0
3.485340e-01
4.273765e-01
2.981060e-01
3.316283e-01
2.526629e-01
4.528177e-01
5.416823e-01
0
0
0
0
1.668152e-01
3.629684e-01
2.611331e-01
3.483975e-01
0
0
0
0
0
0
0
0
0
0
0
0
0
0
0
0
0
0
0
0
0
0
1.102342e-01
0
0
0
5.728194e-01
7.309383e-01
8.488977e-01
1
7.422563e-01
6.686890e-01
5.419179e-01
5.365421e-01
0
6.213546e-02
0
0
4.147392e-01
1.707582e-01
0
3.344527e-01
1.246116e-01
1.316466e-01
0
0
0
4.445615e-01
1.117252e-01
0
2.004235e-01
6.320011e-02
0
1.182875e-01
0
1.698871e-01
0
0
4.079171e-02
4.577288e-01
5.486123e-01
0
0
0
0
0
0
0
3.934647e-01
2.428703e-01
7.076499e-01
0
5.762176e-01
3.044871e-01
0
0
0
0
0
0
4.761335e-01
3.385652e-01
3.212753e-01
5.041533e-02
0
1.044304e-01
7.924254e-01
4.508042e-01
0
5.755026e-01
0
4.493855e-01
1.963297e-01
7.916668e-01
2.586662e-02
7.029085e-01
5.621013e-01
8.538838e-01
5.217801e-01
6.089401e-01
2.372800e-01
6.185333e-01
5.802581e-01
4.179401e-01
5.741297e-01
3.186896e-01
2.126274e-01
3.429924e-01
0
0
0
0
0
7.157974e-02
4.399557e-01
4.279508e-01
0
1.152207e-01
0
0
0
0
0
0
0
0
0
0
0
0
0
0
0
0
0
0
0
0
1.855670e-01
0
0
0
6.230279e-01
6.508801e-01
7.101705e-01
7.422563e-01
1.000000e+00
5.103426e-01
5.857800e-01
4.687469e-01
0
0
0
0
1.456746e-01
1.209731e-01
1.635492e-01
3.784292e-01
6.874964e-02
0
1.576122e-02
0
0
1.827202e-01
3.019397e-01
0
3.522070e-01
1.505064e-01
2.073641e-01
2.863947e-01
0
3.868093e-02
0
1.117567e-01
0
4.271201e-01
3.600043e-01
0
0
0
0
0
0
0
2.578320e-01
0
4.291174e-01
0
2.435240e-01
2.187785e-02
0
0
0
0
0
0
2.472740e-01
3.512083e-01
3.319253e-01
0
0
2.822495e-01
4.125299e-01
2.952065e-01
0
4.919322e-01
0
4.955293e-01
0
7.377875e-01
0
7.010766e-01
2.107962e-01
6.338360e-01
3.246860e-01
6.722927e-01
2.176378e-01
6.109334e-01
3.600256e-01
1.664396e-01
1.194052e-01
3.543321e-01
2.740414e-01
4.358959e-01
0
0
7.026887e-02
0
4.168631e-01
5.828326e-01
1.936130e-01
3.297837e-01
0
0
0
0
0
0
0
1.690253e-03
2.610415e-01
0
0
0
0
0
0
0
0
0
0
0
0
0
0
0
0
0
3.685364e-01
5.242049e-01
5.404866e-01
6.686890e-01
5.103426e-01
1
3.147498e-01
5.019940e-01
0
5.087560e-01
0
0
4.845588e-01
3.566737e-01
0
1.272806e-01
0
3.962121e-02
0
0
0
1.428053e-01
0
0
1.777818e-01
3.481539e-01
2.707430e-01
3.776632e-01
0
6.194273e-01
0
2.267241e-01
3.176159e-01
5.582606e-01
4.813145e-01
0
0
0
0
1.686864e-01
0
2.813820e-01
0
0
3.789528e-01
0
2.043251e-01
5.674686e-02
0
0
0
5.115918e-02
0
7.638352e-02
7.251334e-01
2.215506e-01
1.528101e-01
0
0
9.804160e-02
5.269247e-01
3.635012e-01
0
4.792518e-01
0
2.834787e-01
0
5.575621e-01
0
1.916962e-01
4.663086e-02
6.290956e-01
0
4.549798e-01
0
5.647960e-01
6.339608e-01
4.801808e-01
5.855693e-01
5.773384e-01
5.466399e-01
4.029599e-01
0
4.069239e-02
0
0
1.068882e-01
4.482992e-01
4.450237e-01
5.822213e-01
1.219909e-03
4.449463e-01
0
0
0
0
0
0
0
0
0
0
0
0
0
0
0
0
0
0
0
0
0
0
0
0
4.213640e-01
6.474745e-01
3.624865e-01
5.419179e-01
5.857800e-01
3.147498e-01
1
7.143902e-01
0
0
0
0
2.025053e-01
9.797604e-03
0
2.044463e-01
0
0
0
0
0
3.296220e-01
2.679049e-01
0
4.569720e-01
4.633818e-02
4.291704e-01
2.710142e-01
0
0
8.201066e-02
0
0
5.577490e-02
1.611881e-01
0
0
0
0
0
0
0
2.615568e-01
0
3.936859e-01
0
2.676332e-01
0
0
0
0
0
0
0
1.422769e-01
3.104024e-01
0
0
3.194163e-02
5.026591e-01
4.280671e-01
4.944872e-01
0
6.580526e-01
0
3.915059e-01
0
6.741561e-01
0
2.081234e-01
1.997091e-01
6.306903e-01
1.679268e-01
5.499016e-01
2.207949e-01
7.081547e-01
5.767552e-01
4.743204e-01
5.366321e-01
6.820279e-01
4.047770e-01
3.719936e-01
0
6.076877e-02
0
0
1.005728e-01
5.331283e-01
5.725761e-01
6.556717e-01
6.844446e-02
2.595215e-01
2.863522e-01
2.050761e-01
0
0
0
0
3.997759e-03
0
0
0
0
0
0
0
0
0
0
0
0
0
0
0
0
0
3.769368e-01
6.735155e-01
1.859251e-01
5.365421e-01
4.687469e-01
5.019940e-01
7.143902e-01
1
0
0
0
0
4.023284e-01
1.293643e-01
0
2.471504e-01
0
1.523377e-01
0
0
0
5.242337e-01
1.918681e-01
0
4.094194e-01
4.899493e-01
5.177035e-01
6.937366e-01
0
4.858469e-02
2.231736e-01
1.528680e-01
0
0
3.083668e-01
0
0
0
0
0
0
0
2.312825e-01
0
4.288197e-01
0
4.663108e-01
0
0
0
0
0
0
8.401643e-02
3.913152e-01
4.802323e-01
1.568082e-01
0
0
4.271266e-01
0
0
4.253768e-01
0
5.691934e-01
0
1.276173e-01
0
3.014923e-01
0
0
0
0
0
6.989242e-02
0
0
0
0
0
0
0
6.047342e-01
4.972705e-01
5.149721e-01
5.047719e-01
1.016133e-01
0
0
0
1.550608e-01
3.682404e-03
0
0
7.885765e-01
7.157496e-01
1.519830e-01
0
2.789448e-01
2.021953e-01
2.355319e-01
3.519883e-02
1.880906e-01
2.086702e-01
5.359360e-01
4.233870e-01
1.000864e-01
2.913264e-01
2.728733e-01
4.637866e-01
3.718512e-01
5.028641e-01
6.211048e-03
1.882325e-01
3.050629e-01
3.927354e-01
0
0
0
0
0
0
0
0
1
4.024969e-01
5.765220e-01
2.690444e-01
0
0
7.968089e-02
0
3.359663e-03
0
0
0
2.936274e-01
0
0
0
0
0
0
0
8.190828e-01
3.203790e-01
0
7.554294e-02
4.321212e-01
0
0
2.774794e-01
4.318340e-01
4.553547e-01
1.075793e-01
0
6.587023e-02
2.701340e-01
0
0
0
5.661056e-01
0
4.567743e-02
2.504676e-01
4.738524e-01
9.486206e-02
2.539429e-01
4.447337e-02
0
0
0
0
0
4.612434e-02
0
0
0
0
0
2.721635e-01
2.147402e-01
0
0
0
3.183798e-01
0
0
3.106350e-02
2.023929e-01
0
7.094739e-03
0
0
0
0
0
7.238843e-02
1.914694e-01
2.149818e-01
7.158073e-01
4.670635e-01
5.431671e-01
2.110854e-01
0
0
1.376254e-02
0
0
0
5.244304e-01
4.930046e-01
0
1.755337e-01
4.328811e-01
5.033080e-01
0
5.647038e-02
0
0
0
0
0
0
0
0
6.199364e-03
2.522033e-01
2.105340e-02
3.046276e-01
0
2.261538e-02
7.611395e-02
0
8.655160e-02
6.213546e-02
0
5.087560e-01
0
0
4.024969e-01
1
0
9.617499e-02
7.313698e-02
1.717809e-01
0
0
0
0
0
0
0
0
0
0
0
3.044184e-01
0
0
3.126520e-01
8.805341e-01
1.698535e-01
1.917004e-01
7.433099e-01
5.041293e-01
0
0
2.022029e-01
1.587691e-01
1.170871e-02
2.655565e-01
1.683914e-01
6.753941e-01
0
0
0
1.570457e-01
0
0
2.079537e-01
1.044083e-01
9.198521e-02
3.865070e-01
0
1.798125e-01
3.025140e-01
0
0
2.147435e-01
0
0
0
0
1.239137e-01
0
0
0
1.320195e-01
0
0
0
0
0
0
0
0
0
0
0
0
0
0
0
6.474402e-02
1.325563e-01
0
1.865622e-01
0
0
0
0
0
7.328747e-02
6.003920e-02
1.106085e-01
5.590244e-01
6.476680e-01
6.957112e-02
0
0
0
1.779218e-01
0
4.558505e-01
4.606756e-01
6.785518e-01
6.504884e-01
3.559480e-01
5.378857e-01
4.579454e-01
5.005626e-01
2.882884e-01
2.389508e-01
0
0
3.512389e-01
2.464737e-01
0
0
0
0
0
0
0
0
5.765220e-01
0
1
8.431754e-01
0
0
1.378246e-01
0
6.875690e-02
0
0
0
7.203543e-01
3.664119e-01
0
0
0
0
0
0
3.518705e-01
0
0
1.751743e-01
0
0
2.054080e-01
4.136659e-01
6.122232e-01
2.678040e-01
0
0
1.170150e-01
2.821527e-01
2.785742e-01
1.882736e-01
1.629739e-01
5.276879e-01
3.056177e-01
5.393288e-01
5.175183e-01
3.974725e-01
1.934730e-01
4.735981e-01
5.596350e-02
0
0
0
0
3.662061e-01
0
0
0
0
0
8.295833e-03
0
0
0
0
0
0
0
0
0
0
0
0
0
0
0
0
6.351251e-02
0
0
0
0
8.786790e-02
0
0
0
0
0
0
9.144946e-02
2.517470e-01
3.855192e-01
5.787083e-01
2.675115e-02
0
0
0
1.031909e-01
0
1.883125e-01
1.950547e-01
4.282466e-01
4.471534e-01
8.400655e-02
2.602793e-01
1.235585e-01
1.378559e-01
3.450215e-02
0
0
0
1.877765e-02
0
0
0
0
0
0
0
0
0
2.690444e-01
9.617499e-02
8.431754e-01
1
1.783999e-01
1.383892e-01
0
0
1.156171e-01
9.821184e-02
0
5.496455e-02
6.246632e-01
5.997564e-01
0
0
0
0
0
0
7.692266e-02
1.530825e-01
0
3.162248e-01
0
0
4.254719e-01
2.706883e-01
6.202096e-01
1.545244e-01
0
0
1.427392e-01
3.899203e-01
3.315012e-01
2.292930e-01
3.996876e-01
3.643161e-01
5.271629e-01
5.226652e-01
5.199110e-01
2.018698e-01
1.718724e-01
6.622152e-01
0
0
0
0
0
4.626702e-01
0
0
1.065741e-02
6.190171e-02
0
1.004450e-01
0
0
0
3.575016e-01
0
1.474522e-01
1.459758e-01
4.050204e-01
8.662639e-02
3.574919e-01
0
2.981724e-01
3.187873e-01
3.276564e-01
4.006153e-01
6.477102e-01
2.091302e-02
1.348373e-01
0
0
0
0
0
1.541501e-01
4.972451e-01
4.874636e-01
0
0
2.712731e-01
3.976845e-01
0
0
3.144049e-01
3.600324e-01
4.056129e-01
1.721477e-01
3.701536e-01
2.931583e-01
0
0
0
0
0
0
0
0
0
0
0
0
0
0
0
3.468523e-01
2.107463e-01
4.147392e-01
1.456746e-01
4.845588e-01
2.025053e-01
4.023284e-01
0
7.313698e-02
0
1.783999e-01
1
8.269506e-01
0
7.115295e-02
2.962340e-01
5.511647e-01
0
8.341946e-02
1.145705e-02
2.172507e-01
3.107270e-01
0
3.323423e-01
2.635450e-01
2.324178e-01
1.503008e-01
0
9.676664e-02
0
2.243128e-01
0
1.296978e-01
5.989064e-01
1.252876e-01
0
0
8.737795e-02
5.401301e-01
0
3.083891e-01
7.160310e-02
1.493058e-01
2.684364e-01
0
3.691329e-01
8.090123e-02
1.073764e-02
0
1.231399e-01
3.689904e-01
4.061764e-02
0
4.277149e-01
1.975023e-01
0
1.513177e-01
0
2.004650e-01
5.756235e-02
0
0
0
0
0
0
1.494943e-01
5.917891e-02
1.969011e-01
1.938983e-01
2.731886e-01
1.471196e-01
3.407749e-01
8.349433e-02
2.879867e-01
1.475104e-01
1.844704e-01
4.034021e-01
5.966195e-01
0
0
0
6.366455e-03
0
0
0
0
3.537494e-01
2.989299e-01
0
0
0
1.396523e-01
0
0
3.001200e-01
4.649986e-01
4.238566e-01
3.301512e-01
5.028906e-01
2.615248e-01
0
0
0
0
0
0
0
0
0
0
0
0
0
0
8.775927e-02
1.994951e-01
1.585558e-01
1.707582e-01
1.209731e-01
3.566737e-01
9.797604e-03
1.293643e-01
0
1.717809e-01
0
1.383892e-01
8.269506e-01
1
0
1.295829e-02
3.572353e-01
5.030819e-01
1.142209e-01
1.108222e-01
0
0
3.079849e-01
8.625643e-02
2.202065e-01
3.210213e-01
1.766119e-01
0
1.743575e-01
2.368598e-01
0
3.412501e-01
7.191263e-04
2.796790e-01
4.513198e-01
1.762325e-01
1.537039e-01
3.359161e-02
2.205431e-01
5.779661e-01
0
3.860864e-01
0
0
9.779271e-02
8.947536e-02
6.677155e-02
0
5.194688e-02
0
3.133340e-01
2.668052e-01
0
0
2.916528e-01
4.051558e-02
0
2.219636e-01
0
2.540581e-01
2.521917e-01
0
5.510066e-01
7.382028e-02
1.368088e-01
0
7.477152e-01
0
3.828150e-01
0
3.397077e-01
0
1.533552e-01
0
1.129949e-01
0
0
0
1.057721e-01
0
0
0
1.002528e-01
0
0
0
0
0
0
0
0
3.990015e-01
0
0
3.502366e-02
0
0
0
0
0
0
0
4.689744e-01
4.497056e-01
1.419953e-01
1.354445e-01
4.974977e-01
4.959946e-01
5.287948e-01
4.357262e-01
5.144636e-01
4.638518e-01
4.553801e-01
4.660974e-02
6.523784e-01
5.585428e-01
0
0
6.984811e-02
0
1.635492e-01
0
0
0
7.968089e-02
0
1.378246e-01
0
0
0
1
3.274770e-01
2.957489e-01
0
5.102826e-01
3.068875e-01
9.254075e-02
0
1.264369e-02
1.692174e-01
0
0
0
0
0
0
0
0
0
0
0
5.480506e-02
0
7.436559e-02
0
0
0
0
2.773404e-01
2.549954e-02
0
1.538546e-01
0
1.328285e-01
0
0
0
0
2.381333e-01
0
0
5.877407e-02
4.106198e-01
0
0
0
5.743661e-01
3.903446e-01
0
4.051685e-01
0
3.588243e-02
2.153230e-01
5.370246e-01
5.801822e-02
0
3.493392e-01
5.408119e-01
3.096003e-01
5.561714e-01
1.677901e-01
3.862448e-01
2.095695e-02
0
4.336740e-01
1.678790e-01
3.141960e-01
7.187141e-01
0
0
0
0
0
0
2.868107e-01
3.064014e-01
0
9.141144e-02
0
0
0
0
0
3.803660e-02
0
2.237979e-02
0
2.810838e-01
0
0
0
0
0
0
0
0
0
0
0
0
0
0
1.591869e-01
2.374616e-01
3.079293e-01
3.344527e-01
3.784292e-01
1.272806e-01
2.044463e-01
2.471504e-01
0
0
0
0
7.115295e-02
1.295829e-02
3.274770e-01
1.000000e+00
4.049989e-01
5.027904e-01
4.816498e-01
5.643968e-01
0
8.239782e-02
0
0
0
1.775002e-02
4.198214e-02
2.143474e-01
0
0
2.253999e-01
2.639343e-01
0
1.629491e-01
1.389796e-01
0
0
0
0
2.519871e-02
0
0
1.017960e-01
0
1.106223e-03
0
3.923821e-03
0
0
0
0
0
0
0
8.756165e-02
1.704125e-01
2.382060e-01
0
0
1.248309e-01
7.714409e-02
0
3.921265e-01
9.145062e-02
0
0
5.388277e-01
5.774455e-02
2.246757e-01
0
4.068167e-01
1.037372e-01
1.581558e-01
0
1.866775e-01
0
0
0
3.798341e-01
1.824041e-01
0
2.646418e-02
3.494897e-02
0
0
0
0
0
3.069928e-01
1.717262e-02
1.184916e-01
7.131935e-02
2.750636e-01
2.631260e-01
0
0
2.294054e-01
4.909705e-02
1.671504e-01
9.483847e-03
5.713889e-01
5.536788e-01
0
0
0
0
0
0
0
0
0
4.897800e-02
0
0
0
0
0
0
9.458498e-02
1.246116e-01
6.874964e-02
0
0
0
3.359663e-03
0
6.875690e-02
1.156171e-01
2.962340e-01
3.572353e-01
2.957489e-01
4.049989e-01
1
7.519293e-01
7.369305e-01
7.148669e-01
8.391812e-02
8.141608e-02
1.252553e-01
1.088094e-01
0
0
1.415552e-02
0
1.467060e-01
0
0
0
0
0
2.011059e-01
2.924418e-01
0
2.338863e-01
0
0
0
0
9.849008e-02
3.197985e-02
9.343522e-03
3.255834e-01
1.669054e-01
1.948391e-01
0
0
9.979730e-02
0
2.853674e-01
0
0
0
3.012716e-02
0
0
1.547093e-02
1.082011e-01
1.731841e-01
0
1.323009e-01
0
0
2.334304e-01
2.259320e-01
1.659385e-01
0
3.292134e-01
2.122506e-01
2.848206e-01
2.252220e-01
2.817765e-01
1.093855e-01
0
0
3.297532e-01
3.341468e-01
0
2.730024e-01
0
0
0
0
0
0
4.432809e-01
2.793775e-01
0
0
2.558368e-01
4.343786e-01
0
0
4.053795e-01
4.339988e-01
3.634916e-01
2.249189e-01
6.309502e-01
7.763549e-01
0
0
0
0
0
0
0
0
0
0
0
4.610308e-02
0
0
0
7.255050e-02
6.493672e-03
1.316466e-01
0
3.962121e-02
0
1.523377e-01
0
0
0
9.821184e-02
5.511647e-01
5.030819e-01
0
5.027904e-01
7.519293e-01
1.000000e+00
5.718726e-01
7.047872e-01
6.037655e-02
1.085543e-01
7.055377e-02
5.048117e-03
0
1.434652e-01
9.767360e-02
1.297378e-01
0
0
6.019567e-02
2.222397e-01
0
1.778446e-02
3.097055e-01
2.128690e-01
6.019935e-03
1.387957e-01
9.116419e-02
3.402119e-01
0
0
3.346203e-02
0
0
1.203674e-01
1.505257e-01
1.622256e-02
0
0
1.061096e-01
1.699721e-01
5.849062e-02
0
6.284926e-02
4.556341e-02
6.822639e-03
0
0
0
2.516770e-01
2.323679e-01
3.926923e-01
0
0
0
5.353596e-01
0
3.850355e-01
0
2.672733e-01
0
5.802143e-02
0
1.953226e-01
0
0
0
3.825205e-01
1.732665e-01
8.396714e-02
1.402410e-01
1.422838e-01
0
0
0
0
0
2.840999e-01
5.602010e-02
5.725314e-02
1.752669e-01
1.767373e-01
2.074695e-01
0
0
8.233731e-02
6.995325e-02
0
8.396305e-02
3.774456e-01
4.879529e-01
7.597445e-02
9.932993e-02
0
1.973759e-02
1.314515e-01
5.006464e-02
1.001019e-01
2.216157e-01
0
9.381464e-02
0
0
1.350006e-01
5.707210e-02
1.237737e-01
0
0
0
1.576122e-02
0
0
0
0
0
0
0
0
1.142209e-01
5.102826e-01
4.816498e-01
7.369305e-01
5.718726e-01
1.000000e+00
7.903750e-01
0
0
7.244158e-02
1.545879e-01
0
0
7.010802e-02
0
1.162819e-02
0
3.048567e-01
0
0
0
0
0
0
0
1.860972e-01
0
0
0
0
0
0
1.327956e-02
0
0
0
0
2.797695e-01
0
2.913832e-01
0
0
2.512759e-02
0
0
1.924379e-01
1.223730e-01
4.716891e-02
1.007304e-01
1.317060e-01
0
0
0
3.257762e-01
0
2.220347e-01
0
1.079687e-01
7.283249e-02
9.561899e-02
1.295113e-01
3.965615e-02
0
0
0
2.092885e-01
0
1.501450e-01
1.919928e-01
9.918218e-02
2.476978e-02
0
0
0
0
1.420183e-01
0
0
0
2.119511e-01
2.990599e-01
0
0
1.684147e-01
6.263660e-02
0
1.178395e-01
2.471621e-01
4.653642e-01
2.259574e-02
2.225737e-02
0
3.485525e-02
8.288263e-02
1.884952e-02
1.703761e-03
1.219724e-01
0
1.162582e-01
8.874192e-03
7.471008e-02
8.601899e-02
2.678061e-02
0
0
0
0
0
0
0
0
0
0
0
5.496455e-02
8.341946e-02
1.108222e-01
3.068875e-01
5.643968e-01
7.148669e-01
7.047872e-01
7.903750e-01
1
0
0
0
4.791627e-02
0
8.231003e-02
0
0
0
0
1.864019e-01
0
0
0
0
0
5.360982e-03
0
2.270737e-01
0
0
0
0
0
0
0
0
0
0
0
2.080707e-01
0
2.786725e-01
0
0
0
4.701260e-02
1.402041e-02
2.308224e-01
0
0
0
2.909061e-02
0
0
0
1.776600e-01
0
0
0
0
0
0
0
0
0
0
0
0
0
0
0
0
0
0
0
0
0
0
0
0
8.612333e-02
2.203594e-01
2.404663e-01
3.843123e-01
5.778143e-01
1.160964e-01
0
0
0
2.129373e-01
7.813453e-02
3.837559e-01
3.272960e-01
4.582403e-01
4.116650e-01
2.902439e-01
4.131124e-01
3.793278e-01
3.248731e-01
2.554390e-01
8.639182e-02
0
0
3.771644e-01
1.283769e-01
0
0
0
0
0
0
0
0
2.936274e-01
0
7.203543e-01
6.246632e-01
1.145705e-02
0
9.254075e-02
0
8.391812e-02
6.037655e-02
0
0
1.000000e+00
4.975470e-01
0
0
0
0
0
1.868849e-01
3.896516e-02
0
0
2.117976e-01
0
0
4.040965e-01
5.805225e-01
2.811708e-01
2.947199e-01
0
0
5.612771e-02
1.139734e-01
5.922000e-01
3.866573e-01
2.189041e-01
4.331223e-01
4.679079e-01
5.833284e-01
6.073220e-02
7.124765e-02
0
4.961453e-01
5.213725e-02
0
0
0
0
3.737737e-02
0
0
8.621985e-02
2.975023e-02
0
5.421648e-01
0
0
0
3.987013e-01
0
0
0
2.015726e-01
0
1.376590e-01
0
2.175410e-01
2.900090e-02
2.205670e-02
4.577511e-02
2.021533e-01
2.666306e-01
1.237444e-01
0
0
0
0
0
1.447738e-01
1.997736e-02
7.399105e-03
0
1.645011e-01
2.703968e-01
3.021308e-01
0
9.526261e-03
0
0
0
0
0
0
1.134551e-02
0
7.177741e-02
5.474927e-02
0
0
0
0
0
0
0
0
0
0
1.102509e-01
2.325482e-01
1.941342e-01
4.445615e-01
1.827202e-01
1.428053e-01
3.296220e-01
5.242337e-01
0
0
3.664119e-01
5.997564e-01
2.172507e-01
0
0
8.239782e-02
8.141608e-02
1.085543e-01
0
0
4.975470e-01
1
0
0
0
0
0
3.992373e-01
0
0
0
2.221761e-01
0
0
5.167450e-01
8.077708e-02
2.528075e-01
0
0
0
0
0
6.532663e-01
2.617433e-01
7.585827e-01
0
8.261160e-01
5.259796e-01
4.677788e-02
0
0
1.932059e-01
0
0
1.625096e-01
1.864658e-01
2.272368e-02
0
0
1.227356e-02
1.833533e-01
6.959644e-02
2.421072e-01
1.440325e-01
0
1.566198e-01
2.469291e-01
4.207053e-02
1.495898e-01
2.456786e-01
2.899530e-01
1.945971e-01
0
0
1.844423e-01
6.141314e-02
6.909243e-01
7.641349e-01
6.668181e-01
4.693009e-01
0
0
0
0
0
0
0
0
6.336461e-01
5.228907e-01
2.067885e-01
2.310028e-01
2.010724e-01
1.381872e-02
0
0
1.948970e-01
0
0
0
1.595840e-01
0
0
0
0
0
4.692974e-02
0
3.518646e-02
0
0
0
0
0
0
0
2.095253e-01
3.424737e-01
2.356297e-01
1.117252e-01
3.019397e-01
0
2.679049e-01
1.918681e-01
0
0
0
0
3.107270e-01
3.079849e-01
1.264369e-02
0
1.252553e-01
7.055377e-02
7.244158e-02
0
0
0
1
6.866660e-01
7.090755e-01
8.730693e-02
4.424257e-01
5.306649e-02
0
0
0
0
0
0
2.550578e-01
1.133628e-01
0
0
5.267258e-02
1.875632e-01
0
0
3.442364e-01
2.032501e-01
1.325427e-01
0
1.652124e-01
9.656647e-02
0
0
4.474007e-02
0
2.148874e-01
0
7.767127e-03
5.340516e-01
2.016294e-01
0
7.144140e-02
1.205408e-01
0
6.569293e-03
5.779442e-01
0
8.610231e-03
1.245697e-01
3.099739e-01
0
4.995664e-01
0
2.007915e-01
0
0
0
3.206893e-01
0
3.317404e-01
4.452063e-01
4.300706e-01
1.520670e-01
0
0
3.096034e-01
1.239933e-01
0
0
0
0
3.836284e-01
2.865027e-01
4.211914e-01
6.668644e-02
1.557530e-01
0
0
0
4.652643e-01
1.999919e-01
1.170667e-01
1.817327e-01
1.823817e-01
6.026774e-02
1.188888e-01
1.423025e-01
0
0
2.345614e-01
1.022504e-01
2.043318e-01
2.046229e-01
0
1.536723e-01
4.515109e-02
2.284379e-01
5.458598e-02
1.967361e-01
0
0
0
0
0
0
0
0
0
0
0
0
0
8.625643e-02
1.692174e-01
0
1.088094e-01
5.048117e-03
1.545879e-01
4.791627e-02
0
0
6.866660e-01
1
5.716829e-01
1.538852e-01
3.419509e-01
0
1.820845e-01
0
2.862114e-01
0
0
6.903143e-04
0
6.218805e-02
0
8.930351e-02
4.171289e-01
3.391730e-01
5.643996e-02
0
0
5.071978e-02
0
0
0
0
0
0
2.500607e-01
0
4.244208e-01
1.748980e-01
0
1.341222e-01
9.218806e-02
0
3.562539e-01
1.493565e-01
2.192697e-01
2.489411e-01
0
4.747924e-02
0
4.369065e-01
0
1.811918e-01
0
4.239837e-01
1.918263e-01
3.969411e-01
1.060017e-01
1.224667e-01
1.267401e-01
2.528997e-01
7.667845e-01
8.135214e-01
5.311886e-01
4.596627e-01
0
0
0
0
0
0
0
2.269215e-01
5.685161e-01
6.942512e-01
4.765562e-02
0
2.580919e-02
0
0
0
7.364355e-02
2.843589e-02
0
0
0
0
0
0
0
0
0
0
0
0
0
0
1.113428e-02
5.788913e-03
0
0
2.367925e-01
5.486681e-01
1.650438e-01
2.004235e-01
3.522070e-01
1.777818e-01
4.569720e-01
4.094194e-01
0
0
0
0
3.323423e-01
2.202065e-01
0
0
0
0
0
0
0
0
7.090755e-01
5.716829e-01
1
3.819895e-01
4.274985e-01
2.057586e-01
0
0
1.059917e-01
0
0
1.812691e-01
1.309215e-01
0
0
0
1.314933e-01
3.470899e-01
2.116932e-02
0
9.983677e-02
1.933912e-01
1.100266e-01
0
7.627486e-02
0
0
0
0
0
1.162193e-01
1.831661e-01
3.031980e-01
5.350561e-01
2.663427e-01
0
1.271228e-01
2.787848e-01
1.584844e-01
4.273677e-01
0
8.818216e-02
7.507587e-03
5.437573e-01
0
2.040452e-01
9.046662e-02
3.695954e-01
8.688295e-02
3.132714e-01
3.516654e-01
4.763220e-01
2.367813e-01
5.115819e-01
2.187864e-01
3.802580e-01
1.870883e-01
2.994768e-01
8.092548e-04
2.947046e-02
1.835050e-02
2.671256e-01
1.398673e-01
4.018803e-02
1.832196e-01
2.332346e-01
2.229302e-01
2.762055e-01
0
0
1.246558e-01
7.351421e-02
0
0
5.804413e-03
2.190175e-01
2.146202e-01
1.673473e-01
0
3.065454e-02
0
0
0
0
0
0
0
0
0
0
0
9.211631e-02
0
0
3.968625e-01
3.835007e-01
0
6.320011e-02
1.505064e-01
3.481539e-01
4.633818e-02
4.899493e-01
0
3.044184e-01
0
0
2.635450e-01
3.210213e-01
0
1.775002e-02
0
1.434652e-01
0
8.231003e-02
0
0
8.730693e-02
1.538852e-01
3.819895e-01
1.000000e+00
1.691827e-01
5.057944e-01
0
4.996401e-01
5.418447e-01
3.132863e-01
2.984582e-01
2.108186e-01
0
0
7.871531e-02
0
0
3.122834e-01
0
2.012443e-01
0
0
0
0
0
0
0
0
0
0
0
3.898029e-01
2.019285e-01
2.681760e-01
2.047678e-01
1.234111e-04
1.860742e-01
1.989506e-01
2.786633e-01
3.371713e-01
2.860152e-01
3.321640e-01
1.477890e-01
3.476942e-01
3.629087e-02
1.876328e-01
2.799217e-01
1.624496e-01
3.478092e-01
2.053798e-01
3.492151e-02
1.625430e-01
7.042240e-01
4.943767e-01
7.142085e-01
4.879995e-01
6.089506e-01
7.419402e-01
6.423934e-03
2.008006e-01
1.467258e-01
2.887101e-01
0
1.796231e-03
4.846433e-02
3.748127e-01
7.348769e-01
7.066205e-01
5.177612e-01
5.616448e-01
1.524398e-01
5.724372e-02
0
0
1.341570e-01
3.700137e-01
2.960407e-01
4.584603e-02
1.417546e-01
5.716631e-02
0
0
0
0
0
0
0
0
0
0
0
0
0
0
1.226782e-01
3.485493e-01
0
0
2.073641e-01
2.707430e-01
4.291704e-01
5.177035e-01
0
0
0
0
2.324178e-01
1.766119e-01
0
4.198214e-02
1.415552e-02
9.767360e-02
7.010802e-02
0
0
0
4.424257e-01
3.419509e-01
4.274985e-01
1.691827e-01
1
4.811825e-01
8.839918e-02
0
3.814228e-01
8.736325e-02
0
0
0
0
0
0
6.017481e-02
2.854310e-01
0
0
0
0
0
0
0
0
0
3.042718e-02
0
0
4.958052e-02
1.839877e-01
3.045913e-01
3.029834e-01
0
0
3.251898e-02
4.657408e-01
2.572254e-01
3.275200e-01
0
5.058773e-01
0
5.027543e-01
0
5.044812e-01
4.942541e-03
2.991594e-01
3.164216e-01
3.468626e-01
3.706025e-01
5.006779e-01
4.890319e-01
7.239542e-01
4.016663e-01
3.243795e-01
2.439524e-01
4.209651e-01
1.568932e-01
1.945928e-01
0
5.206679e-02
0
0
8.371023e-02
2.878534e-01
4.481816e-01
4.478540e-01
0
1.927595e-01
1.376794e-01
1.157097e-01
0
0
0
8.584373e-02
8.349650e-02
0
0
3.012551e-02
0
0
0
0
0
0
0
0
0
0
0
0
0
0
1.129300e-01
3.172219e-01
0
1.182875e-01
2.863947e-01
3.776632e-01
2.710142e-01
6.937366e-01
0
0
0
0
1.503008e-01
0
0
2.143474e-01
0
1.297378e-01
0
0
1.868849e-01
3.992373e-01
5.306649e-02
0
2.057586e-01
5.057944e-01
4.811825e-01
1.000000e+00
0
1.021582e-01
1.979287e-01
5.413605e-01
0
0
2.303029e-01
0
8.266520e-02
0
0
2.942900e-02
0
0
1.852265e-01
0
1.346958e-01
0
2.258587e-01
0
0
0
0
0
0
3.616102e-01
3.234138e-01
4.489012e-01
1.207696e-01
0
0
1.335164e-01
0
0
5.740325e-01
0
4.379979e-01
2.294422e-03
2.736210e-01
0
5.424225e-01
0
8.594640e-02
0
2.238977e-02
0
3.889881e-01
0
0
0
0
0
0
0
7.171506e-01
4.973363e-01
2.951627e-01
3.011368e-01
0
0
0
0
2.516678e-01
0
0
0
4.434068e-01
3.943951e-01
3.194665e-01
3.108899e-01
5.361195e-01
3.593028e-01
4.864778e-01
1.309388e-01
0
0
1.777588e-01
9.327867e-02
0
0
0
1.381396e-01
0
2.559050e-01
0
1.667103e-01
0
1.455070e-01
0
0
0
0
0
0
0
0
8.190828e-01
3.126520e-01
3.518705e-01
7.692266e-02
0
1.743575e-01
0
0
1.467060e-01
0
1.162819e-02
0
3.896516e-02
0
0
1.820845e-01
0
0
8.839918e-02
0
1
2.521569e-01
4.702539e-03
2.636991e-01
3.985109e-01
0
0
3.518408e-01
3.830653e-01
5.053955e-01
1.636651e-01
1.200565e-01
0
2.517280e-01
0
0
0
5.265143e-01
0
0
2.829941e-02
4.181831e-01
7.267655e-02
2.233310e-03
1.604586e-02
9.515237e-02
0
0
0
0
1.980287e-02
6.002115e-02
1.142479e-02
6.611466e-02
0
1.020872e-01
2.594602e-01
3.764796e-01
0
1.911288e-01
0
4.048323e-01
0
1.007364e-01
1.134567e-01
4.397137e-01
0
3.211381e-01
0
0
0
0
1.603813e-01
1.666398e-01
1.510801e-01
3.275710e-01
5.910756e-01
4.066709e-01
6.014773e-01
3.105931e-01
0
0
0
0
0
0
3.440458e-01
2.883877e-01
0
9.565568e-02
3.432795e-01
2.758065e-01
0
0
0
0
0
0
0
0
0
0
0
4.794186e-02
0
1.141355e-01
0
0
2.832960e-01
3.517342e-02
1.688833e-01
1.698871e-01
3.868093e-02
6.194273e-01
0
4.858469e-02
3.203790e-01
8.805341e-01
0
1.530825e-01
9.676664e-02
2.368598e-01
0
0
0
0
0
0
0
0
0
0
0
4.996401e-01
0
1.021582e-01
2.521569e-01
1
2.606861e-01
3.542577e-01
7.391085e-01
4.501732e-01
4.218007e-02
0
3.710349e-01
0
0
1.267381e-01
0
5.468450e-01
0
0
4.896641e-02
0
0
0
1.212912e-01
0
0
2.788814e-01
0
1.465193e-01
2.616047e-01
0
0
1.744454e-01
0
2.213714e-03
2.200411e-01
5.627826e-01
0
8.965955e-03
3.301129e-01
3.333295e-01
0
0
1.800825e-01
0
0
0
0
1.223866e-01
2.333208e-01
2.184948e-01
2.109402e-01
2.774164e-01
2.379021e-01
3.109436e-01
2.549809e-01
3.604309e-01
4.107431e-01
4.253621e-01
3.360783e-01
3.752748e-01
4.270899e-01
2.860216e-01
1.505909e-01
2.382150e-01
4.109590e-01
4.974877e-02
1.654784e-01
1.672515e-01
0
0
1.430442e-01
4.732780e-01
2.310514e-01
5.233226e-01
0
2.305260e-01
0
0
0
0
0
0
0
0
0
0
0
0
0
0
4.268719e-01
2.999317e-01
0
0
0
0
8.201066e-02
2.231736e-01
0
1.698535e-01
0
0
0
0
0
2.253999e-01
0
6.019567e-02
3.048567e-01
1.864019e-01
0
0
0
2.862114e-01
1.059917e-01
5.418447e-01
3.814228e-01
1.979287e-01
4.702539e-03
2.606861e-01
1
1.672952e-01
2.863643e-01
1.601277e-01
0
0
0
0
3.073615e-01
4.020891e-01
1.001029e-02
1.595002e-02
0
0
0
0
0
0
0
1.070762e-01
1.335011e-01
0
0
3.603980e-01
2.501515e-02
8.502778e-02
0
0
5.141478e-01
5.025156e-01
9.574378e-02
3.355460e-02
0
1.577747e-01
0
2.394921e-01
0
2.096568e-01
1.256684e-01
1.386210e-01
1.326159e-01
1.341980e-01
1.848081e-01
5.140513e-01
1.765110e-01
5.548867e-01
0
0
1.160457e-01
3.235472e-01
0
1.097024e-01
0
7.374911e-02
0
0
0
0
6.420003e-02
3.773431e-02
0
0
0
5.308574e-02
0
6.680190e-02
4.861031e-02
3.661693e-01
2.644357e-01
2.286360e-01
2.668339e-01
1.468393e-01
0
0
0
0
0
0
0
0
0
0
0
0
0
0
0
0
0
0
1.117567e-01
2.267241e-01
0
1.528680e-01
7.554294e-02
1.917004e-01
1.751743e-01
3.162248e-01
2.243128e-01
3.412501e-01
0
2.639343e-01
0
2.222397e-01
0
0
2.117976e-01
2.221761e-01
0
0
0
3.132863e-01
8.736325e-02
5.413605e-01
2.636991e-01
3.542577e-01
1.672952e-01
1
1.253247e-01
0
2.017869e-01
4.873580e-02
4.173811e-01
0
0
3.204607e-01
0
3.881207e-01
0
0
0
0
0
0
0
1.269439e-02
3.561653e-02
3.367655e-01
0
1.792830e-01
1.866698e-01
0
0
0
0
1.385669e-01
1.228344e-02
2.132636e-01
0
0
5.374372e-01
1.920052e-01
0
0
1.729518e-01
3.052232e-01
0
0
1.895821e-01
5.925451e-02
1.375867e-01
0
0
0
0
0
0
4.956462e-02
3.017206e-01
1.351354e-01
7.209812e-01
3.504899e-01
6.230743e-01
9.838553e-02
0
0
1.641568e-01
0
0
0
5.013177e-01
3.071402e-01
0
1.235221e-01
5.329095e-01
3.743661e-01
1.184852e-01
2.885795e-01
0
0
0
0
0
0
0
0
1.237499e-01
3.074885e-01
2.220731e-01
3.766708e-01
0
0
3.743839e-01
0
6.565802e-02
4.079171e-02
0
3.176159e-01
0
0
4.321212e-01
7.433099e-01
0
0
0
7.191263e-04
0
0
0
0
0
0
0
0
0
0
0
2.984582e-01
0
0
3.985109e-01
7.391085e-01
2.863643e-01
1.253247e-01
1.000000e+00
5.045275e-01
0
0
7.317896e-02
1.604967e-01
0
3.159428e-02
3.355807e-02
2.764779e-01
0
0
0
2.195331e-01
0
0
0
0
0
7.971817e-02
0
3.112638e-02
1.062165e-01
0
0
0
0
0
5.453563e-01
3.874588e-01
0
9.503425e-02
2.569143e-02
3.767448e-01
0
3.603437e-01
1.716631e-01
6.063932e-01
2.043285e-01
5.075364e-01
3.751721e-01
4.297332e-01
1.323982e-01
1.581189e-01
2.370817e-01
1.160459e-01
8.491393e-02
0
7.278514e-02
4.516469e-01
1.635445e-03
0
2.443774e-01
0
3.990310e-01
3.054642e-01
1.298459e-02
1.863428e-01
0
0
0
0
0
0
0
9.521768e-02
1.454719e-01
2.515499e-01
0
0
0
0
0
0
0
0
0
0
0
1.205152e-01
4.332204e-01
5.129135e-01
0
0
5.621758e-01
4.805312e-01
6.153485e-01
4.577288e-01
4.271201e-01
5.582606e-01
5.577490e-02
0
0
5.041293e-01
0
0
1.296978e-01
2.796790e-01
0
1.629491e-01
0
1.778446e-02
0
0
0
0
0
6.903143e-04
1.812691e-01
2.108186e-01
0
0
0
4.501732e-01
1.601277e-01
0
5.045275e-01
1.000000e+00
7.077884e-02
0
0
7.172765e-02
1.774786e-02
2.665746e-01
0
8.900766e-02
0
0
9.266663e-02
3.088335e-02
0
0
0
0
0
0
0
3.599463e-03
4.548641e-01
1.627894e-02
2.360034e-01
2.969266e-02
0
2.245345e-02
1.401575e-01
0
0
5.177091e-01
0
1.276753e-01
5.172041e-02
6.094740e-01
0
3.662242e-01
2.882518e-01
4.764744e-01
2.542421e-01
3.793763e-01
0
3.359290e-01
1.246792e-01
5.702386e-02
2.073780e-01
2.549335e-01
3.142397e-02
8.568937e-02
0
0
0
0
0
9.266058e-02
2.023054e-01
2.118650e-01
0
0
0
0
0
3.832984e-02
0
0
0
0
1.126044e-01
0
0
0
0
0
0
0
0
0
0
0
0
0
0
0
0
1.933078e-01
5.719782e-01
5.486123e-01
3.600043e-01
4.813145e-01
1.611881e-01
3.083668e-01
0
0
2.054080e-01
4.254719e-01
5.989064e-01
4.513198e-01
0
1.389796e-01
2.011059e-01
3.097055e-01
0
0
4.040965e-01
5.167450e-01
2.550578e-01
0
1.309215e-01
0
0
2.303029e-01
0
4.218007e-02
0
2.017869e-01
0
7.077884e-02
1
4.100432e-01
3.081754e-01
5.298997e-02
0
3.143006e-02
0
1.511829e-01
5.097179e-01
3.109565e-01
7.526625e-01
1.593983e-01
7.325373e-01
6.793156e-01
0
0
0
1.846482e-01
0
0
3.940568e-01
2.735501e-01
3.348278e-01
2.193878e-01
0
0
0
0
3.207993e-01
0
0
0
4.825389e-01
0
2.446234e-01
0
3.114818e-01
0
2.492573e-01
0
5.607089e-02
0
0
0
0
0
0
0
0
0
0
0
0
0
0
0
0
0
0
0
3.413418e-01
4.487384e-01
3.490352e-01
3.592133e-03
1.988834e-01
0
6.306462e-01
2.027702e-01
3.837200e-02
8.953406e-03
0
0
5.535179e-02
1.598555e-01
6.719990e-02
9.425096e-02
1.083765e-01
2.934325e-01
7.852745e-02
3.014968e-01
1.541749e-01
2.400116e-01
0
0
3.983517e-02
0
0
0
0
0
2.774794e-01
0
4.136659e-01
2.706883e-01
1.252876e-01
1.762325e-01
5.480506e-02
0
2.924418e-01
2.128690e-01
0
0
5.805225e-01
8.077708e-02
1.133628e-01
6.218805e-02
0
0
0
0
3.518408e-01
0
0
4.873580e-02
0
0
4.100432e-01
1
1.927834e-01
8.074505e-01
0
0
1.659019e-01
5.740083e-02
2.637337e-01
4.608240e-01
1.551615e-01
8.377494e-01
1.862544e-01
5.288723e-01
0
0
9.439749e-02
2.316514e-01
4.028573e-02
0
0
0
5.865445e-02
0
0
0
0
0
0
9.392863e-02
8.162227e-02
1.804612e-01
0
0
2.406733e-02
0
0
0
0
1.055734e-01
0
1.458256e-01
0
0
0
0
0
0
3.104343e-01
4.351223e-01
1.567019e-01
3.182874e-01
1.128134e-01
4.987376e-02
0
0
0
0
0
0
3.384435e-01
4.072693e-01
5.308467e-03
1.887265e-01
5.889412e-02
0
9.799183e-02
0
0
0
2.101066e-01
2.106288e-01
0
0
0
0
0
0
0
5.534064e-02
0
0
0
0
0
0
0
0
0
0
4.318340e-01
2.022029e-01
6.122232e-01
6.202096e-01
0
1.537039e-01
0
0
0
6.019935e-03
0
5.360982e-03
2.811708e-01
2.528075e-01
0
0
0
7.871531e-02
0
8.266520e-02
3.830653e-01
3.710349e-01
0
4.173811e-01
7.317896e-02
0
3.081754e-01
1.927834e-01
1
1.476707e-01
5.291447e-02
3.474250e-02
6.629618e-02
2.818131e-01
0
0
2.634491e-01
2.790333e-01
9.387808e-02
2.844445e-01
1.880976e-01
2.890951e-01
0
2.933737e-01
0
7.105330e-02
0
0
0
1.652584e-01
8.179588e-02
0
0
0
3.711292e-01
0
8.407928e-02
0
3.422939e-01
0
2.896826e-01
0
1.806860e-01
0
2.397814e-01
0
5.795293e-02
0
0
0
0
0
0
0
2.510410e-01
0
4.823103e-02
0
0
0
0
0
0
0
0
0
4.952162e-01
5.533487e-01
4.096391e-01
1.683991e-01
3.008370e-01
2.715671e-01
4.709299e-01
2.632560e-01
8.487918e-02
7.043613e-02
0
0
1.042027e-01
2.402086e-01
7.790001e-02
1.378239e-01
2.352775e-01
5.187396e-01
1.703949e-01
5.824659e-01
1.863124e-01
4.850223e-01
0
0
0
0
0
0
0
0
4.553547e-01
1.587691e-01
2.678040e-01
1.545244e-01
0
3.359161e-02
7.436559e-02
0
2.338863e-01
1.387957e-01
0
0
2.947199e-01
0
0
8.930351e-02
0
0
0
0
5.053955e-01
0
0
0
1.604967e-01
7.172765e-02
5.298997e-02
8.074505e-01
1.476707e-01
1
1.485507e-01
6.185240e-02
4.003086e-01
9.243568e-02
0
3.549806e-01
0
8.499570e-01
0
2.462163e-01
0
1.634179e-01
1.638861e-01
1.936977e-01
1.099657e-01
0
3.512943e-03
0
5.105989e-02
0
0
0
0
0
1.946320e-01
0
8.427237e-02
0
0
0
2.241504e-01
0
0
0
0
0
0
0
0
9.879821e-03
0
4.475356e-02
0
0
4.283815e-01
3.540414e-01
2.012661e-01
2.425397e-01
1.297672e-03
3.575511e-03
0
5.912329e-02
2.355877e-01
0
5.684070e-03
2.147635e-01
8.615491e-02
3.756634e-02
5.751533e-01
5.314565e-01
1.008764e-01
6.245227e-01
2.580992e-01
1.654089e-01
2.163923e-01
2.587319e-01
2.091355e-01
3.309047e-01
2.860990e-01
2.287077e-01
1.224658e-01
3.440055e-01
0
1.894058e-01
0
3.125203e-01
0
2.680750e-01
0
0
0
0
0
0
0
0
1.075793e-01
1.170871e-02
0
0
8.737795e-02
2.205431e-01
0
0
0
9.116419e-02
1.860972e-01
2.270737e-01
0
0
5.267258e-02
4.171289e-01
1.314933e-01
0
6.017481e-02
0
1.636651e-01
0
3.073615e-01
0
0
1.774786e-02
0
0
5.291447e-02
1.485507e-01
1
5.771305e-01
5.152285e-01
1.519542e-01
0
0
0
2.652932e-02
0
0
3.776319e-01
3.534580e-01
6.616807e-01
1.252100e-01
3.661803e-01
1.190423e-01
0
0
0
1.977484e-01
6.515718e-01
1.534775e-01
0
5.076736e-02
0
0
0
1.973081e-01
0
0
8.485914e-02
3.638416e-02
0
0
0
9.805975e-02
1.358866e-01
6.686174e-02
2.015147e-01
2.753469e-01
2.012161e-01
4.395626e-01
0
1.719818e-01
1.465427e-01
1.167272e-01
4.950345e-02
8.792588e-02
5.923000e-02
1.787143e-01
2.534911e-01
4.005785e-01
1.751706e-01
0
0
2.105041e-01
0
0
5.890477e-01
8.223408e-01
5.357288e-01
7.084374e-01
3.405387e-01
3.669912e-01
0
0
0
0
0
0
0
0
0
0
0
1.075495e-01
0
0
0
1.579723e-01
0
0
0
1.686864e-01
0
0
0
2.655565e-01
0
0
5.401301e-01
5.779661e-01
0
2.519871e-02
0
3.402119e-01
0
0
0
0
1.875632e-01
3.391730e-01
3.470899e-01
3.122834e-01
2.854310e-01
2.942900e-02
1.200565e-01
1.267381e-01
4.020891e-01
3.204607e-01
3.159428e-02
2.665746e-01
3.143006e-02
0
3.474250e-02
6.185240e-02
5.771305e-01
1.000000e+00
3.337676e-01
5.166494e-01
0
0
0
0
0
0
4.157745e-02
1.450842e-01
4.385146e-01
2.106574e-01
4.773124e-03
2.988871e-01
4.043176e-01
4.682417e-02
0
0
2.897429e-01
3.120052e-01
0
0
0
0
4.504886e-03
0
0
0
0
0
0
0
0
0
0
0
0
0
0
0
0
0
0
0
2.414472e-01
1.983234e-01
3.320186e-02
0
0
0
0
0
0
1.822928e-01
3.953540e-01
3.845723e-01
4.087638e-01
3.494889e-01
6.308346e-02
4.335498e-01
5.796719e-02
1.639023e-01
3.865919e-01
3.979086e-01
2.513856e-01
3.285981e-01
4.100039e-01
4.353334e-01
2.761325e-01
2.867217e-01
3.242485e-01
3.593781e-01
6.194009e-02
4.079860e-01
2.830385e-01
4.452156e-01
0
0
0
0
0
0
0
0
6.587023e-02
1.683914e-01
1.170150e-01
1.427392e-01
0
0
0
0
0
0
0
0
5.612771e-02
0
0
5.643996e-02
2.116932e-02
0
0
0
0
0
1.001029e-02
0
3.355807e-02
0
0
1.659019e-01
6.629618e-02
4.003086e-01
5.152285e-01
3.337676e-01
1.000000e+00
3.350744e-01
0
3.972812e-01
0
2.173392e-01
0
0
3.778325e-01
3.445243e-01
4.342391e-01
4.087116e-01
1.795645e-01
4.591521e-01
1.697273e-01
6.050932e-02
3.762927e-02
3.161192e-01
1.082145e-01
0
0
0
0
0
0
3.747529e-02
0
0
0
1.264067e-01
0
0
0
0
0
0
0
0
0
0
0
0
0
8.285883e-02
3.047906e-01
3.115500e-01
1.095845e-01
1.378467e-03
0
0
0
0
6.793559e-03
3.881529e-02
4.357368e-01
5.271861e-01
1.796873e-01
3.160309e-01
3.582511e-01
4.451521e-01
4.745484e-02
7.763175e-02
0
0
1.435973e-01
1.205630e-01
0
0
0
0
0
1.575207e-01
0
0
0
9.229247e-03
0
0
0
0
0
2.813820e-01
0
0
2.701340e-01
6.753941e-01
2.821527e-01
3.899203e-01
3.083891e-01
3.860864e-01
0
0
0
0
0
0
1.139734e-01
0
0
0
0
2.012443e-01
0
0
2.517280e-01
5.468450e-01
1.595002e-02
3.881207e-01
2.764779e-01
8.900766e-02
1.511829e-01
5.740083e-02
2.818131e-01
9.243568e-02
1.519542e-01
5.166494e-01
3.350744e-01
1.000000e+00
0
1.333166e-01
0
2.012568e-01
0
0
4.558466e-01
1.942392e-01
4.150909e-01
6.043668e-01
3.775872e-02
3.075329e-01
2.841590e-01
0
0
4.696005e-01
1.253255e-02
0
1.840698e-01
0
0
3.166762e-01
0
0
2.015648e-01
3.308242e-01
0
0
1.672106e-01
2.155557e-01
3.443924e-04
0
0
0
1.986990e-01
2.241918e-01
1.807078e-01
1.946767e-02
2.215816e-01
3.117137e-02
0
0
0
0
0
0
2.218646e-01
1.492192e-01
0
2.072039e-01
1.933481e-01
1.085990e-01
0
0
0
0
0
0
0
0
3.402232e-01
2.635359e-01
7.558453e-02
9.052484e-02
3.389226e-01
3.193815e-01
3.386017e-01
8.911753e-02
1.681469e-01
0
5.459734e-02
0
2.963897e-01
0
1.737354e-03
1.859904e-01
3.371315e-01
3.934647e-01
2.578320e-01
0
2.615568e-01
2.312825e-01
0
0
2.785742e-01
3.315012e-01
7.160310e-02
0
2.773404e-01
1.017960e-01
9.849008e-02
3.346203e-02
0
0
5.922000e-01
6.532663e-01
3.442364e-01
0
9.983677e-02
0
0
1.852265e-01
0
0
0
0
0
0
5.097179e-01
2.637337e-01
0
0
0
0
0
0
1
5.827518e-01
6.042332e-01
0
7.936597e-01
6.613415e-01
2.009659e-02
0
0
6.094170e-02
6.465734e-02
0
3.138177e-02
5.608758e-01
4.142883e-01
1.904498e-01
0
0
0
0
0
0
0
0
0
0
0
0
1.103157e-01
0
1.447190e-01
0
0
0
0
8.927439e-02
0
0
0
0
0
0
0
0
0
0
0
0
0
0
2.183977e-01
9.498996e-02
1.570212e-01
2.129970e-01
4.673557e-02
0
0
0
0
0
2.442595e-01
1.818009e-01
1.220497e-03
2.394386e-02
3.116130e-01
3.551334e-01
3.238677e-01
1.833110e-01
3.658430e-01
3.319361e-01
2.600373e-01
2.057039e-01
2.845541e-01
3.203136e-01
0
0
1.960259e-01
2.428703e-01
0
0
0
0
0
0
1.882736e-01
2.292930e-01
1.493058e-01
0
2.549954e-02
0
3.197985e-02
0
0
0
3.866573e-01
2.617433e-01
2.032501e-01
5.071978e-02
1.933912e-01
0
0
0
0
0
0
0
0
0
3.109565e-01
4.608240e-01
0
3.549806e-01
0
0
3.972812e-01
1.333166e-01
5.827518e-01
1
3.646933e-01
3.012245e-01
5.595829e-01
5.508069e-01
1.309798e-01
0
5.820544e-02
2.466964e-01
2.834510e-01
0
1.261360e-01
3.122698e-01
5.137099e-01
4.770884e-01
0
0
2.816382e-01
0
0
6.360348e-01
0
1.488856e-01
0
5.776873e-01
0
2.627607e-01
2.359276e-02
4.571581e-01
8.213096e-02
2.442537e-01
0
2.131312e-01
1.665708e-01
1.401894e-01
8.851949e-02
1.042295e-01
2.978309e-01
1.868019e-01
0
0
0
0
1.628163e-02
3.136395e-01
0
7.095748e-02
0
3.488246e-02
0
0
0
0
0
0
0
0
0
0
0
0
0
0
0
0
0
0
0
0
0
0
0
0
3.358872e-01
4.303837e-01
6.719583e-01
7.076499e-01
4.291174e-01
3.789528e-01
3.936859e-01
4.288197e-01
0
0
1.629739e-01
3.996876e-01
2.684364e-01
9.779271e-02
0
1.106223e-03
9.343522e-03
0
0
0
2.189041e-01
7.585827e-01
1.325427e-01
0
1.100266e-01
0
0
1.346958e-01
0
4.896641e-02
0
0
0
9.266663e-02
7.526625e-01
1.551615e-01
2.634491e-01
0
0
0
0
0
6.042332e-01
3.646933e-01
1
0
8.397348e-01
7.090017e-01
0
0
0
0
0
0
3.156157e-01
2.521975e-01
3.074115e-01
2.075206e-01
0
0
0
0
3.711894e-01
0
1.792949e-02
0
4.171687e-01
0
2.250695e-01
0
8.068903e-02
0
5.902220e-02
0
0
0
0
0
0
0
0
0
1.521787e-01
0
3.247754e-02
0
0
0
0
0
0
0
0
0
6.588136e-01
6.810984e-01
2.254702e-01
2.208824e-02
2.089563e-01
1.144988e-01
5.453736e-01
2.346685e-01
8.037464e-02
6.707638e-02
9.491606e-02
4.040778e-02
5.875733e-02
2.684837e-01
1.269388e-01
2.475383e-01
2.881916e-01
5.816777e-01
1.523267e-01
3.704357e-01
2.295948e-01
4.659791e-01
0
0
0
0
0
0
0
0
5.661056e-01
1.570457e-01
5.276879e-01
3.643161e-01
0
8.947536e-02
1.538546e-01
0
3.255834e-01
1.203674e-01
1.327956e-02
0
4.331223e-01
0
0
0
0
0
0
0
5.265143e-01
0
0
0
2.195331e-01
3.088335e-02
1.593983e-01
8.377494e-01
2.790333e-01
8.499570e-01
2.652932e-02
0
2.173392e-01
2.012568e-01
0
3.012245e-01
0
1
0
4.787492e-01
1.371491e-01
1.786647e-01
2.215736e-01
2.984868e-01
5.836638e-02
0
0
0
0
1.347471e-01
0
0
6.349221e-02
0
0
4.911049e-01
0
0
0
4.703914e-01
0
3.764563e-03
8.402948e-02
3.062400e-01
1.883198e-02
8.435635e-02
0
8.027833e-02
9.449883e-02
1.164292e-01
9.951928e-02
1.677929e-01
2.334310e-01
2.228791e-02
0
0
0
0
0
1.268599e-01
1.239721e-01
1.144820e-01
0
3.038645e-02
2.780985e-01
1.940746e-01
0
0
0
0
0
0
0
0
0
0
0
0
0
1.018205e-03
0
0
0
0
0
0
0
0
3.723079e-02
2.553966e-01
4.081156e-01
5.762176e-01
2.435240e-01
2.043251e-01
2.676332e-01
4.663108e-01
0
0
3.056177e-01
5.271629e-01
3.691329e-01
6.677155e-02
0
3.923821e-03
1.669054e-01
1.505257e-01
0
0
4.679079e-01
8.261160e-01
1.652124e-01
0
7.627486e-02
0
0
2.258587e-01
0
0
0
0
0
0
7.325373e-01
1.862544e-01
9.387808e-02
0
0
0
0
0
7.936597e-01
5.595829e-01
8.397348e-01
0
1.000000e+00
7.516396e-01
1.136006e-01
0
0
1.739933e-01
0
0
2.397388e-01
4.035072e-01
3.388388e-01
2.900368e-01
0
0
0
0
0
2.895682e-01
0
0
2.466855e-01
1.840149e-01
0
1.440378e-02
3.717429e-02
0
0
0
0
0
0
0
0
0
7.090539e-04
0
0
0
0
0
0
0
0
0
0
1.021941e-01
0
0
2.158705e-01
3.420274e-01
0
0
0
0
5.300442e-02
0
9.401550e-02
0
6.782792e-02
9.807625e-04
8.051917e-02
2.343017e-01
1.505353e-01
2.699603e-02
2.363463e-01
1.626931e-01
1.404588e-01
2.678235e-02
1.575476e-01
9.829068e-02
0
0
3.910712e-01
3.044871e-01
2.187785e-02
5.674686e-02
0
0
4.567743e-02
0
5.393288e-01
5.226652e-01
8.090123e-02
0
1.328285e-01
0
1.948391e-01
1.622256e-02
0
0
5.833284e-01
5.259796e-01
9.656647e-02
0
0
0
0
0
0
0
0
0
0
0
6.793156e-01
5.288723e-01
2.844445e-01
2.462163e-01
0
0
0
0
6.613415e-01
5.508069e-01
7.090017e-01
4.787492e-01
7.516396e-01
1
1.932969e-01
0
0
1.584288e-01
0
0
5.186662e-02
1.008185e-01
2.980520e-01
3.676711e-01
0
0
0
0
0
0
0
0
0
0
0
0
0
0
0
0
0
0
0
0
0
0
2.546262e-01
0
0
1.450604e-01
3.386398e-01
4.050771e-01
1.790426e-01
8.249377e-02
0
0
0
0
1.940390e-01
2.379836e-01
4.380193e-01
4.221063e-01
5.103562e-02
8.788143e-03
0
1.805109e-01
0
0
3.437016e-01
3.625695e-01
5.631292e-01
5.703970e-01
2.803340e-01
4.148226e-01
3.097596e-01
4.344154e-01
1.474381e-01
1.698629e-01
0
0
5.708017e-02
1.917792e-01
0
0
0
0
0
0
0
0
2.504676e-01
2.079537e-01
5.175183e-01
5.199110e-01
1.073764e-02
5.194688e-02
0
0
0
0
0
0
6.073220e-02
4.677788e-02
0
0
0
0
0
0
2.829941e-02
1.212912e-01
0
0
0
0
0
0
1.880976e-01
0
3.776319e-01
4.157745e-02
3.778325e-01
4.558466e-01
2.009659e-02
1.309798e-01
0
1.371491e-01
1.136006e-01
1.932969e-01
1
4.760854e-01
5.207858e-01
4.982079e-01
1.893720e-01
0
0
0
0
6.552923e-01
3.609639e-01
0
0
0
2.762285e-01
0
3.985119e-01
0
0
0
0
0
0
0
0
0
0
0
0
0
0
0
0
0
5.351986e-01
4.545408e-01
4.337596e-01
7.009516e-01
2.159240e-01
1.101558e-01
0
0
3.459039e-01
2.792681e-01
0
5.375451e-02
4.057618e-01
4.226866e-01
2.565866e-01
3.078406e-01
1.548891e-01
2.980422e-01
0
0
4.208068e-01
4.525642e-01
6.297174e-01
5.605955e-01
2.936260e-01
4.096048e-01
2.971591e-01
3.397651e-01
6.479041e-02
5.293115e-02
0
0
9.500998e-02
2.134929e-01
0
0
0
0
0
0
0
0
4.738524e-01
1.044083e-01
3.974725e-01
2.018698e-01
0
0
0
0
0
0
0
0
7.124765e-02
0
0
0
0
0
3.042718e-02
0
4.181831e-01
0
1.070762e-01
1.269439e-02
0
0
0
0
2.890951e-01
1.634179e-01
3.534580e-01
1.450842e-01
3.445243e-01
1.942392e-01
0
0
0
1.786647e-01
0
0
4.760854e-01
1
2.007657e-01
1.266034e-01
0
1.884504e-01
0
0
0
0
4.063315e-01
2.576639e-01
0
0
4.680605e-02
0
0
0
0
0
3.888937e-02
0
0
0
0
0
0
0
0
0
0
0
0
0
8.706396e-02
0
5.578544e-02
0
0
0
0
0
0
0
8.175627e-02
2.950840e-01
2.790861e-01
2.202892e-01
4.448929e-01
2.634466e-01
0
5.489734e-01
3.149143e-01
2.779566e-01
2.806595e-01
3.473473e-01
2.470441e-01
3.736852e-01
3.128195e-01
3.241738e-01
1.975275e-01
4.690955e-01
0
2.943765e-01
0
2.063174e-02
1.379581e-02
3.121194e-01
0
0
0
0
0
0
0
0
9.486206e-02
9.198521e-02
1.934730e-01
1.718724e-01
1.231399e-01
3.133340e-01
0
0
9.979730e-02
1.061096e-01
2.797695e-01
2.080707e-01
0
0
4.474007e-02
2.500607e-01
0
0
0
0
7.267655e-02
0
1.335011e-01
3.561653e-02
0
0
0
9.439749e-02
0
1.638861e-01
6.616807e-01
4.385146e-01
4.342391e-01
4.150909e-01
0
5.820544e-02
0
2.215736e-01
0
0
5.207858e-01
2.007657e-01
1
4.725063e-01
3.476963e-01
0
0
0
0
3.992074e-01
3.918942e-01
6.146994e-02
0
0
0
0
0
0
0
0
0
0
0
0
0
0
0
0
0
0
0
0
4.574497e-02
0
0
0
1.362883e-01
6.649995e-02
7.910846e-03
0
0
0
0
0
2.141561e-01
4.717182e-01
5.228611e-01
6.819106e-01
2.557094e-01
1.289317e-01
1.610563e-01
2.645437e-01
2.230023e-01
3.094327e-01
6.207040e-02
6.200267e-02
2.983850e-01
3.364961e-01
0
1.148769e-01
0
1.585689e-01
0
4.639425e-02
0
0
0
0
0
0
0
0
0
5.115918e-02
0
0
2.539429e-01
3.865070e-01
4.735981e-01
6.622152e-01
3.689904e-01
2.668052e-01
0
0
0
1.699721e-01
0
0
4.961453e-01
1.932059e-01
0
0
0
0
0
0
2.233310e-03
2.788814e-01
0
3.367655e-01
7.971817e-02
0
1.846482e-01
2.316514e-01
2.933737e-01
1.936977e-01
1.252100e-01
2.106574e-01
4.087116e-01
6.043668e-01
6.094170e-02
2.466964e-01
0
2.984868e-01
1.739933e-01
1.584288e-01
4.982079e-01
1.266034e-01
4.725063e-01
1
0
0
5.342690e-03
0
0
3.644463e-01
0
0
0
0
3.007343e-01
0
0
0
5.972372e-02
0
1.966499e-01
0
1.568461e-01
0
0
0
0
0
0
0
1.700992e-01
0
0
0
0
0
0
0
0
0
2.305777e-01
7.598920e-02
1.696451e-02
5.313997e-03
2.869205e-01
1.365136e-01
0
0
2.113630e-01
0
0
1.537603e-01
1.005867e-01
5.740670e-02
4.112390e-01
4.092899e-01
2.871068e-01
3.677321e-01
4.780743e-01
4.415883e-01
5.339590e-01
5.493886e-01
2.740542e-01
3.574076e-01
1.756566e-01
0
4.315828e-01
4.828560e-01
0
0
0
0
0
0
0
0
4.447337e-02
0
5.596350e-02
0
4.061764e-02
0
2.381333e-01
0
2.853674e-01
5.849062e-02
2.913832e-01
2.786725e-01
5.213725e-02
0
2.148874e-01
4.244208e-01
1.162193e-01
0
4.958052e-02
0
1.604586e-02
0
0
0
0
0
0
4.028573e-02
0
1.099657e-01
3.661803e-01
4.773124e-03
1.795645e-01
3.775872e-02
6.465734e-02
2.834510e-01
0
5.836638e-02
0
0
1.893720e-01
0
3.476963e-01
0
1
8.028566e-02
0
9.848788e-02
1.823810e-01
3.418026e-01
3.958736e-02
0
2.223913e-02
1.582830e-01
0
0
1.526025e-01
2.847342e-01
0
0
1.786793e-01
4.256597e-02
6.817189e-02
0
1.463091e-01
5.733234e-02
3.008019e-01
7.769960e-02
0
0
0
4.893762e-03
0
1.814518e-02
6.073621e-02
9.809159e-02
3.369395e-02
2.258420e-01
2.705397e-02
2.063856e-01
3.482064e-02
2.070989e-01
0
0
0
0
0
0
0
3.057981e-01
0
1.915548e-01
0
0
1.616393e-02
3.795534e-02
0
2.101819e-02
3.438306e-02
1.697334e-02
2.842832e-02
0
7.088168e-02
1.279389e-01
1.156502e-02
2.184278e-01
1.416599e-01
2.090873e-01
0
0
0
0
0
7.638352e-02
0
8.401643e-02
0
1.798125e-01
0
0
0
0
0
0
0
0
0
0
0
0
0
1.748980e-01
1.831661e-01
3.898029e-01
1.839877e-01
3.616102e-01
9.515237e-02
1.465193e-01
3.603980e-01
1.792830e-01
3.112638e-02
3.599463e-03
0
0
7.105330e-02
0
1.190423e-01
2.988871e-01
4.591521e-01
3.075329e-01
0
0
0
0
0
0
0
1.884504e-01
0
0
8.028566e-02
1
4.537632e-01
4.050259e-01
3.848844e-01
1.057804e-01
6.941005e-02
0
4.025968e-01
3.728705e-01
0
3.809380e-01
0
2.949056e-01
0
5.356203e-01
0
3.883610e-01
2.282980e-01
4.435999e-01
2.583542e-01
3.917886e-01
1.923330e-01
2.995511e-01
3.859825e-01
1.950344e-01
1.442654e-01
3.842623e-01
7.133985e-02
4.732955e-01
0
0
0
0
2.110261e-01
5.451819e-01
2.896558e-01
5.190277e-01
0
0
0
0
0
0
0
3.291712e-01
3.149108e-01
1.045876e-01
0
2.015485e-02
0
0
0
0
0
0
0
0
0
0
0
3.955501e-02
0
0
2.195495e-01
5.357910e-01
3.665712e-01
4.761335e-01
2.472740e-01
7.251334e-01
1.422769e-01
3.913152e-01
0
3.025140e-01
0
0
4.277149e-01
2.916528e-01
0
8.756165e-02
0
6.284926e-02
0
0
0
1.625096e-01
7.767127e-03
0
3.031980e-01
2.019285e-01
3.045913e-01
3.234138e-01
0
2.616047e-01
2.501515e-02
1.866698e-01
1.062165e-01
4.548641e-01
3.940568e-01
0
0
3.512943e-03
0
4.043176e-01
1.697273e-01
2.841590e-01
3.138177e-02
1.261360e-01
3.156157e-01
0
2.397388e-01
5.186662e-02
0
0
0
5.342690e-03
0
4.537632e-01
1
4.640801e-01
2.956975e-01
1.332360e-02
0
0
5.103176e-01
4.721746e-01
0
3.026593e-01
0
1.524424e-01
0
4.357846e-01
0
2.589324e-01
3.573730e-01
4.421359e-01
2.094383e-01
2.159507e-01
1.226219e-01
2.399645e-01
6.070541e-01
5.928472e-01
4.572098e-01
3.991078e-01
2.344477e-01
2.729280e-01
0
0
0
0
0
2.583149e-01
5.901604e-01
6.552035e-01
0
7.620957e-02
8.306142e-02
0
0
0
0
0
0
0
0
0
0
0
0
0
1.994190e-02
0
0
0
0
0
7.638371e-02
0
0
0
3.317452e-01
5.839614e-01
2.747222e-01
3.385652e-01
3.512083e-01
2.215506e-01
3.104024e-01
4.802323e-01
0
0
0
0
1.975023e-01
4.051558e-02
5.877407e-02
1.704125e-01
0
4.556341e-02
2.512759e-02
0
0
1.864658e-01
5.340516e-01
1.341222e-01
5.350561e-01
2.681760e-01
3.029834e-01
4.489012e-01
0
0
8.502778e-02
0
0
1.627894e-02
2.735501e-01
0
0
0
0
4.682417e-02
6.050932e-02
0
5.608758e-01
3.122698e-01
2.521975e-01
0
4.035072e-01
1.008185e-01
0
0
0
0
9.848788e-02
4.050259e-01
4.640801e-01
1.000000e+00
6.264377e-01
1.732079e-01
0
0
4.506377e-01
2.506149e-01
0
1.780774e-01
0
7.662098e-02
2.657563e-01
4.068197e-01
1.072424e-01
3.077233e-01
5.508145e-01
4.705951e-01
5.789006e-01
2.712276e-01
1.164886e-01
7.324467e-02
1.016061e-01
4.801133e-02
1.888845e-01
0
0
8.650890e-02
0
0
0
0
0
0
2.262802e-01
2.623172e-01
0
0
0
0
0
0
0
0
0
0
0
0
0
0
0
0
8.234051e-02
2.918873e-02
3.798261e-02
0
2.766196e-01
2.569274e-01
5.271034e-01
3.411256e-01
2.670379e-01
2.839790e-01
1.425279e-01
2.359583e-01
4.023818e-01
3.212753e-01
3.319253e-01
1.528101e-01
0
1.568082e-01
0
0
0
0
0
0
4.106198e-01
2.382060e-01
3.012716e-02
6.822639e-03
0
4.701260e-02
0
2.272368e-02
2.016294e-01
9.218806e-02
2.663427e-01
2.047678e-01
0
1.207696e-01
0
0
0
0
0
2.360034e-01
3.348278e-01
5.865445e-02
0
5.105989e-02
0
0
3.762927e-02
0
4.142883e-01
5.137099e-01
3.074115e-01
0
3.388388e-01
2.980520e-01
0
0
0
0
1.823810e-01
3.848844e-01
2.956975e-01
6.264377e-01
1
3.485062e-01
0
0
0
0
0
0
0
0
0
0
0
0
0
0
0
0
0
0
0
0
0
0
4.272092e-02
0
0
0
6.408573e-03
0
0
0
0
0
0
0
0
0
2.240942e-01
2.207690e-01
0
0
0
0
0
0
1.724407e-01
1.705369e-01
1.816964e-01
2.655399e-01
2.244572e-01
3.239236e-01
2.174971e-01
2.730537e-01
2.655306e-01
3.819370e-01
9.570995e-02
6.136508e-02
1.339194e-01
3.546549e-01
0
0
1.843712e-01
5.041533e-02
0
0
0
0
0
2.147435e-01
3.662061e-01
4.626702e-01
1.513177e-01
2.219636e-01
0
0
0
0
0
1.402041e-02
3.737737e-02
0
0
0
0
1.234111e-04
0
0
0
1.744454e-01
0
0
0
2.969266e-02
2.193878e-01
0
1.652584e-01
0
1.977484e-01
0
3.161192e-01
4.696005e-01
1.904498e-01
4.770884e-01
2.075206e-01
1.347471e-01
2.900368e-01
3.676711e-01
6.552923e-01
0
3.992074e-01
3.644463e-01
3.418026e-01
1.057804e-01
1.332360e-02
1.732079e-01
3.485062e-01
1
1.523354e-01
0
0
0
1.528318e-01
0
2.256755e-01
8.029384e-02
0
0
0
0
0
0
0
0
0
0
0
1.067266e-01
0
5.751370e-02
1.696644e-01
0
5.214109e-01
6.229107e-01
3.621122e-01
5.018009e-01
1.319720e-01
1.565316e-01
0
0
4.542052e-01
8.850168e-02
1.786654e-01
1.895239e-01
0
0
2.609992e-01
2.288564e-01
0
3.019885e-01
0
0
2.369229e-01
2.687747e-01
3.057975e-01
3.764504e-01
2.594985e-01
2.020411e-01
1.310466e-01
2.790011e-01
0
6.067686e-03
0
1.145970e-02
0
6.387289e-02
2.342630e-02
0
0
0
0
0
3.194163e-02
0
4.612434e-02
0
0
0
0
0
0
0
0
0
1.924379e-01
2.308224e-01
0
0
7.144140e-02
3.562539e-01
1.271228e-01
1.860742e-01
3.251898e-02
0
1.980287e-02
0
5.141478e-01
0
0
0
0
0
8.179588e-02
0
6.515718e-01
2.897429e-01
1.082145e-01
1.253255e-02
0
0
0
0
0
0
3.609639e-01
4.063315e-01
3.918942e-01
0
3.958736e-02
6.941005e-02
0
0
0
1.523354e-01
1
5.224455e-01
1.656870e-01
2.287554e-01
7.818290e-02
2.385445e-01
4.688465e-02
2.937257e-01
0
1.111799e-01
0
4.475169e-02
0
2.051267e-01
0
1.985991e-01
1.213829e-01
4.185148e-01
3.992026e-01
3.457886e-01
4.560576e-01
5.972872e-01
1.892863e-01
1.626196e-01
3.531904e-01
4.270879e-01
9.179728e-02
1.671723e-01
1.445350e-01
2.189524e-01
2.742269e-01
3.492941e-01
4.134221e-01
2.362980e-01
1.853945e-01
2.579964e-01
0
0
1.458004e-01
3.010127e-01
2.504262e-01
2.253961e-01
0
2.358046e-02
0
0
0
0
0
0
0
0
0
0
0
0
0
0
3.222634e-01
3.910732e-01
0
1.044304e-01
2.822495e-01
9.804160e-02
5.026591e-01
4.271266e-01
0
0
0
0
2.004650e-01
2.540581e-01
0
1.248309e-01
1.547093e-02
0
1.223730e-01
0
0
1.227356e-02
1.205408e-01
1.493565e-01
2.787848e-01
1.989506e-01
4.657408e-01
1.335164e-01
6.002115e-02
2.213714e-03
5.025156e-01
1.385669e-01
0
2.245345e-02
0
0
0
0
1.534775e-01
3.120052e-01
0
0
0
0
0
0
0
0
0
2.576639e-01
6.146994e-02
0
0
0
0
0
0
0
5.224455e-01
1
