1
5.159628e-01
1.999028e-01
1.700336e-01
0
0
3.804927e-01
1.650295e-01
0
3.537207e-03
5.842336e-01
5.984265e-01
4.551029e-01
4.262955e-01
1.144819e-01
0
0
0
6.345880e-01
3.919962e-01
0
0
5.890016e-04
0
2.358940e-01
1.224323e-01
1.433253e-01
4.176841e-02
0
0
2.261834e-01
0
2.096120e-02
0
0
0
0
4.840107e-02
0
2.687820e-01
0
0
0
0
0
0
0
0
0
0
1.862932e-01
4.628383e-01
3.384565e-01
3.114335e-01
0
1.759604e-01
3.115986e-01
3.616273e-01
4.179036e-01
2.844148e-01
8.608469e-02
6.308939e-02
5.929201e-02
4.628126e-01
0
3.168819e-01
0
0
2.000722e-02
2.751946e-01
0
8.467817e-02
3.115336e-02
2.097130e-03
1.418963e-01
0
0
0
0
0
0
0
2.711165e-03
0
0
6.417855e-02
0
0
3.119446e-01
5.100674e-01
0
5.282369e-02
0
0
7.645167e-02
0
0
2.172542e-01
0
0
1.363888e-01
0
0
0
4.920509e-02
2.713303e-02
0
0
1.814524e-01
1.840865e-01
1.979711e-01
5.499821e-02
2.921448e-01
0
4.258842e-01
3.310646e-02
5.159628e-01
1
2.323751e-01
0
4.152661e-01
1.132654e-01
5.373903e-02
0
0
1.971994e-02
2.745091e-01
4.244749e-01
0
9.743446e-02
2.674558e-01
0
1.976882e-01
1.540843e-01
7.501716e-01
5.559646e-01
4.070161e-02
1.374282e-01
1.117593e-01
1.063864e-01
3.866093e-01
3.014874e-01
4.038907e-01
4.347090e-01
1.160525e-01
6.919342e-02
2.012715e-01
0
2.578932e-01
0
0
0
0
1.795260e-01
0
3.307010e-01
0
1.026091e-02
0
0
0
0
0
0
0
0
1.231305e-01
1.693697e-01
3.728885e-01
1.789005e-01
5.725830e-03
0
6.525234e-01
6.215344e-01
0
0
0
0
0
1.797090e-01
0
2.440276e-01
0
0
1.938237e-01
1.791136e-01
2.039806e-01
3.409536e-02
0
0
0
0
0
0
2.790855e-01
2.264355e-01
3.401745e-01
4.129434e-01
1.256974e-01
7.714134e-02
5.485537e-02
0
3.197334e-01
0
2.450972e-01
3.907999e-01
0
0
0
0
2.393323e-01
3.090394e-01
0
2.786008e-01
0
0
0
0
0
0
1.162908e-01
2.082600e-01
0
0
4.111390e-01
4.128892e-01
4.636247e-01
2.236485e-01
0
0
3.950054e-01
2.718278e-01
1.999028e-01
2.323751e-01
1
4.963342e-01
5.716512e-01
3.331954e-01
7.458668e-01
1.135672e-01
3.764212e-01
3.484117e-01
3.458819e-01
0
2.863809e-01
1.813583e-01
4.425121e-01
0
0
0
4.446113e-01
2.035536e-01
2.438810e-01
2.867238e-01
6.831239e-01
6.984326e-01
7.491460e-01
7.570301e-01
4.690019e-01
4.978491e-01
0
0
7.327429e-01
2.254232e-01
0
0
3.451861e-01
1.088408e-01
0
0
0
0
0
0
0
0
0
0
0
0
0
0
0
0
3.526767e-02
1.092356e-01
0
0
0
0
0
0
0
8.492945e-02
0
0
4.414570e-01
6.160051e-01
0
0
0
0
9.913667e-02
0
0
0
0
0
0
0
0
0
0
8.944449e-02
0
0
3.466512e-01
3.676885e-01
0
7.754377e-03
3.686024e-01
0
0
3.465222e-01
1.515543e-01
3.576625e-01
5.139264e-02
5.138133e-01
0
3.267430e-01
0
0
9.034703e-03
3.173814e-01
0
0
3.073054e-01
4.602328e-01
0
2.192516e-01
4.003143e-01
5.696569e-01
4.985004e-01
0
0
0
1.517273e-01
2.447361e-01
1.700336e-01
0
4.963342e-01
1
1.989752e-01
5.736140e-01
6.072126e-01
7.410157e-01
3.863884e-01
6.768655e-01
2.365410e-01
3.149003e-01
5.022694e-01
4.606663e-01
2.754616e-01
2.488735e-01
0
0
3.370412e-01
4.112764e-01
6.664464e-02
2.665669e-01
5.121499e-01
6.059729e-01
3.133359e-01
2.108532e-01
1.842045e-01
6.102358e-02
0
0
3.635414e-01
3.756101e-01
0
0
3.443591e-01
3.449668e-01
0
0
0
0
0
0
0
0
0
0
0
0
0
0
0
0
7.861890e-02
1.351662e-01
0
0
0
0
0
0
2.737881e-02
4.507415e-01
0
1.150768e-01
4.221752e-01
4.862884e-01
1.601628e-01
7.276810e-02
1.012182e-02
2.703934e-01
9.395418e-02
4.043275e-01
1.387760e-02
1.448744e-01
0
2.792055e-01
0
0
0
0
0
3.554362e-02
0
0
4.723643e-01
5.857855e-01
0
1.896793e-02
1.215200e-01
2.602019e-01
2.539117e-01
3.204479e-02
2.489661e-01
4.066673e-03
5.988402e-02
3.469746e-01
0
5.980275e-02
0
0
0
3.371421e-01
0
0
0
1.121181e-01
4.922894e-02
1.876538e-01
3.146511e-01
4.760737e-01
3.207131e-01
0
0
0
2.179288e-01
1.717324e-01
0
4.152661e-01
5.716512e-01
1.989752e-01
1
5.197738e-01
4.465321e-01
0
5.292875e-01
3.615639e-01
0
0
7.239662e-03
9.348035e-02
4.228182e-01
0
0
0
4.826247e-01
4.827628e-01
5.867130e-01
4.907685e-01
4.363064e-01
4.804424e-01
7.350631e-01
8.568142e-01
8.855841e-01
8.235236e-01
0
0
2.468239e-01
0
5.914836e-02
0
4.405196e-01
1.040604e-01
0
0
0
0
0
0
0
0
0
0
0
0
0
0
0
0
9.919143e-02
5.862306e-02
0
0
0
0
0
0
0
5.658579e-02
0
0
5.141824e-01
6.116008e-01
0
0
4.503175e-02
0
1.073648e-01
0
0
0
0
0
0
0
0
0
0
3.572446e-01
0
0
3.909958e-01
2.986327e-01
7.146473e-02
8.265997e-02
2.964965e-01
4.867742e-02
5.755748e-02
1.512308e-01
2.559764e-01
2.519644e-01
1.720913e-01
4.686708e-01
0
5.198367e-01
0
0
1.991905e-01
1.220736e-01
0
0
4.569659e-01
4.485596e-01
0
8.440023e-03
2.672520e-02
3.971925e-01
5.388726e-01
0
0
0
1.496415e-01
3.892292e-01
0
1.132654e-01
3.331954e-01
5.736140e-01
5.197738e-01
1
2.660949e-01
5.675573e-01
7.888804e-01
7.898318e-01
1.832455e-01
3.322359e-01
2.898576e-01
5.294257e-01
7.370980e-01
5.363410e-01
0
0
4.027608e-01
5.072543e-01
1.160921e-01
2.180265e-01
6.383821e-01
6.658296e-01
2.331184e-01
3.166349e-01
4.321803e-01
5.276434e-01
0
0
1.639900e-01
1.082130e-01
0
0
4.231844e-01
3.594213e-01
0
0
0
0
0
0
0
0
0
0
0
0
0
0
0
0
0
0
0
0
0
0
0
0
0
3.489305e-01
0
0
5.302015e-01
2.932166e-01
0
0
1.921990e-01
9.899690e-02
5.548414e-02
2.606783e-01
0
0
0
0
0
0
0
1.756313e-01
1.444450e-01
5.168478e-01
0
0
6.682886e-01
4.811703e-01
8.197570e-02
0
0
0
2.443811e-01
0
6.413705e-01
1.812833e-01
7.688163e-02
5.536810e-01
0
1.217767e-01
0
0
0
2.489430e-01
0
0
0
1.451139e-01
0
3.077840e-02
1.068301e-01
2.014226e-01
3.946174e-01
0
0
0
6.854468e-02
1.700326e-01
3.804927e-01
5.373903e-02
7.458668e-01
6.072126e-01
4.465321e-01
2.660949e-01
1.000000e+00
3.892617e-01
3.308452e-01
4.865270e-01
1.009257e-01
1.036449e-01
6.282841e-01
3.375614e-01
3.037844e-01
0
0
0
4.550634e-01
4.055141e-01
3.380898e-01
4.274130e-01
3.277899e-01
4.318813e-01
5.691873e-01
6.151855e-01
4.564912e-01
3.837237e-01
0
0
3.763328e-01
0
0
0
3.631714e-01
2.615124e-01
0
0
0
0
0
0
0
0
0
0
0
0
0
0
0
8.035220e-02
2.101918e-01
4.330204e-01
0
0
0
0
9.895195e-02
1.543168e-02
2.921000e-02
3.339438e-01
0
0
3.286739e-01
6.437090e-01
1.015796e-01
4.425130e-02
0
2.202895e-01
0
6.777512e-02
0
0
0
0
0
0
0
0
0
0
0
0
1.409919e-01
3.577704e-01
0
0
2.683115e-01
7.759119e-03
2.975075e-01
5.151676e-01
2.232530e-01
3.179871e-01
6.070172e-02
3.387840e-01
0
4.332125e-01
0
0
4.038211e-01
1.626273e-01
0
0
3.216135e-01
2.809906e-01
0
4.022660e-01
9.046762e-02
4.058448e-01
2.599217e-01
0
0
0
3.243281e-01
3.021519e-01
1.650295e-01
0
1.135672e-01
7.410157e-01
0
5.675573e-01
3.892617e-01
1
4.024790e-01
7.867406e-01
1.220283e-01
6.369419e-01
5.662866e-01
7.342583e-01
3.682650e-01
5.920161e-01
0
0
3.631081e-01
4.858887e-01
3.787811e-02
2.772735e-01
1.379521e-01
2.793542e-01
0
0
1.368657e-01
1.233538e-01
0
5.969648e-02
4.849199e-03
6.228687e-02
0
0
1.222189e-01
1.515387e-01
0
0
0
0
0
9.282292e-02
0
0
0
0
0
0
0
0
0
0
0
2.584656e-01
0
0
0
0
0
3.131542e-01
2.115361e-01
7.140099e-01
0
3.290736e-01
5.688120e-02
2.022583e-01
0
0
2.332527e-01
5.819830e-01
1.439961e-01
5.428634e-01
1.533580e-01
3.284058e-01
0
3.888356e-01
0
0
0
0
0
3.589365e-02
0
0
1.356930e-01
3.402226e-01
0
0
0
8.992875e-02
5.119987e-01
0
3.734031e-01
0
2.335655e-02
3.294921e-01
0
6.822641e-02
0
0
1.386311e-01
1.640885e-01
0
0
0
0
2.522148e-01
1.488173e-01
4.067577e-03
0
1.441307e-01
0
0
0
1.268809e-01
2.272997e-01
0
0
3.764212e-01
3.863884e-01
5.292875e-01
7.888804e-01
3.308452e-01
4.024790e-01
1
7.361347e-01
0
0
2.640049e-01
3.424355e-01
7.019023e-01
4.162185e-01
0
0
9.812346e-02
2.906016e-01
1.610468e-01
2.769818e-01
5.002134e-01
6.152246e-01
2.893224e-01
3.802408e-01
3.360721e-01
5.539742e-01
0
0
1.269922e-01
0
0
0
5.811271e-01
4.018837e-01
0
0
0
0
0
8.317122e-02
0
0
0
0
0
0
0
0
0
0
0
1.196343e-01
0
0
0
0
0
0
0
2.555414e-01
0
0
6.299091e-01
1.997408e-01
0
0
0
7.786139e-02
0
0
0
0
0
0
0
0
0
0
0
2.907266e-01
0
0
4.537621e-01
2.459260e-01
0
6.628752e-02
0
0
4.319557e-01
2.034939e-01
6.277939e-01
4.306503e-01
2.745788e-01
6.651174e-01
0
2.975694e-01
0
0
8.013636e-02
2.170781e-01
0
0
2.717462e-01
4.221951e-01
4.564351e-02
4.432627e-01
8.026638e-02
3.115513e-01
3.832553e-01
0
0
0
3.056624e-01
4.703988e-01
3.537207e-03
1.971994e-02
3.484117e-01
6.768655e-01
3.615639e-01
7.898318e-01
4.865270e-01
7.867406e-01
7.361347e-01
1.000000e+00
6.703617e-02
3.708372e-01
5.640370e-01
5.942132e-01
5.485050e-01
4.904736e-01
0
0
3.607688e-01
4.453973e-01
7.033196e-03
2.165895e-01
3.928009e-01
4.297833e-01
2.840602e-01
2.667404e-01
2.885635e-01
3.527380e-01
0
0
1.859915e-01
2.806659e-02
0
0
5.253909e-01
3.678118e-01
0
0
0
0
0
0
0
0
0
0
0
0
0
0
0
0
0
2.447506e-01
0
0
0
0
0
0
3.115965e-02
6.393423e-01
0
0
4.139270e-01
3.861022e-01
0
0
1.146449e-01
3.272984e-01
0
2.338089e-01
0
4.671093e-03
0
2.921093e-02
0
0
0
0
0
2.338099e-01
0
0
3.495813e-01
3.903227e-01
0
0
0
0
5.093357e-01
8.224601e-02
5.096539e-01
1.879548e-01
1.288033e-01
6.232943e-01
0
3.043855e-01
0
0
1.500675e-01
1.712326e-01
0
0
0
9.713536e-02
8.077789e-02
2.320679e-01
0
9.388859e-02
3.411354e-01
0
0
0
2.309176e-01
4.555135e-01
5.842336e-01
2.745091e-01
3.458819e-01
2.365410e-01
0
1.832455e-01
1.009257e-01
1.220283e-01
0
6.703617e-02
1.000000e+00
5.089438e-01
3.605299e-01
4.859267e-01
3.970100e-01
1.275425e-01
9.636130e-02
1.677035e-02
4.108380e-01
1.429166e-01
0
0
5.418275e-01
4.121192e-01
9.172742e-02
7.715302e-03
0
0
1.378949e-01
2.570087e-01
5.342122e-01
2.941743e-01
0
0
0
0
1.485245e-02
0
0
0
1.482748e-01
0
0
0
0
0
0
0
0
0
0
0
0
0
0
0
1.512936e-01
1.670196e-01
0
0
0
0
2.251911e-01
4.172131e-01
0
9.668274e-02
0
0
5.585274e-02
6.919331e-02
6.738096e-02
2.314994e-01
7.353695e-02
5.678727e-02
8.964274e-02
0
0
0
8.973161e-02
2.742990e-01
2.996501e-01
1.001330e-01
4.887316e-01
8.697100e-02
1.524263e-01
2.574967e-01
0
0
1.433070e-01
1.770868e-01
0
0
1.221430e-01
2.068869e-02
0
4.818728e-02
0
0
0
0
0
3.182374e-01
0
0
0
4.008584e-02
4.280384e-02
0
4.448742e-01
1.222221e-01
2.022952e-01
0
0
0
9.207233e-04
0
5.984265e-01
4.244749e-01
0
3.149003e-01
0
3.322359e-01
1.036449e-01
6.369419e-01
0
3.708372e-01
5.089438e-01
1
3.925081e-01
8.309977e-01
4.108862e-01
5.226866e-01
1.613078e-01
1.353129e-02
7.144364e-01
6.285952e-01
1.039575e-01
2.262128e-01
9.839277e-02
1.167405e-01
0
0
2.830798e-01
2.087517e-01
2.318649e-01
3.388501e-01
4.555266e-02
0
0
1.316970e-02
0
0
0
0
0
0
2.518582e-02
1.370074e-02
0
0
0
0
0
0
0
0
0
0
9.639689e-02
4.693674e-02
0
0
4.281549e-01
4.605349e-01
6.156827e-02
1.837235e-01
3.127918e-02
3.504243e-01
3.668769e-01
6.676302e-01
0
1.048201e-01
0
0
5.272525e-01
6.393358e-01
2.769142e-01
5.593077e-01
3.244247e-01
3.432632e-01
1.730600e-01
2.608263e-01
0
0
1.076172e-01
2.818813e-01
3.369050e-01
1.856404e-01
6.303508e-02
0
0
1.094529e-01
0
0
0
3.794262e-01
7.277328e-04
0
1.622783e-01
0
0
5.049836e-02
0
3.827712e-02
0
0
9.495875e-02
1.532333e-01
2.301072e-02
0
0
0
4.881812e-03
0
5.918442e-02
0
2.695893e-01
0
0
0
1.049510e-01
0
4.551029e-01
0
2.863809e-01
5.022694e-01
7.239662e-03
2.898576e-01
6.282841e-01
5.662866e-01
2.640049e-01
5.640370e-01
3.605299e-01
3.925081e-01
1
6.902568e-01
3.909645e-01
4.341283e-01
0
0
2.399545e-01
2.847967e-01
1.333746e-01
1.793388e-01
3.351303e-01
2.924735e-01
2.539648e-01
1.809218e-01
1.434450e-01
3.181377e-02
0
0
2.741110e-01
1.763057e-01
0
0
1.305679e-01
1.342641e-01
0
0
0
0
0
0
0
0
0
0
0
0
0
0
0
1.017972e-01
2.315916e-02
2.500271e-01
0
0
0
0
1.169429e-01
2.207703e-01
3.791335e-01
5.790894e-01
0
2.144856e-01
1.201629e-01
4.592622e-01
0
3.775352e-02
0
2.876368e-01
0
1.936393e-01
0
2.036776e-02
0
4.998983e-02
0
0
0
0
0
0
0
0
3.965031e-02
4.098078e-01
0
0
7.659219e-02
1.346599e-02
4.306057e-01
4.872094e-01
4.863323e-01
3.421178e-01
0
2.901054e-02
0
1.434974e-01
0
0
3.026058e-01
4.057195e-01
1.279818e-01
3.553628e-02
0
0
2.757702e-03
4.678723e-01
0
0
4.306134e-02
0
1.038432e-01
0
1.985019e-01
1.350995e-02
4.262955e-01
9.743446e-02
1.813583e-01
4.606663e-01
9.348035e-02
5.294257e-01
3.375614e-01
7.342583e-01
3.424355e-01
5.942132e-01
4.859267e-01
8.309977e-01
6.902568e-01
1.000000e+00
6.470508e-01
7.388582e-01
0
0
5.454165e-01
5.181956e-01
1.933159e-01
2.618646e-01
3.519431e-01
3.928100e-01
6.526223e-02
1.247256e-01
3.388210e-01
3.069906e-01
0
6.692558e-02
1.374453e-01
1.711140e-02
0
0
0
0
0
0
0
0
0
0
0
0
0
0
0
0
0
0
0
0
0
3.526750e-03
0
0
0
1.151281e-01
0
1.363946e-01
1.291878e-01
5.286474e-01
1.860520e-01
5.634314e-01
0
2.593485e-01
0
0
3.261971e-01
5.417016e-01
4.451780e-02
3.948333e-01
1.199370e-01
1.851636e-01
0
7.058066e-02
0
0
0
0
5.361080e-02
4.585538e-02
0
0
4.706947e-02
3.457464e-01
0
0
0
7.596707e-02
2.915761e-01
7.287125e-02
5.919818e-01
1.958843e-01
0
1.993353e-01
0
1.298805e-01
0
0
2.297595e-01
3.520631e-01
1.566174e-01
0
0
0
5.854862e-02
1.859653e-01
0
0
3.183947e-01
0
0
0
1.311194e-01
6.084605e-02
1.144819e-01
2.674558e-01
4.425121e-01
2.754616e-01
4.228182e-01
7.370980e-01
3.037844e-01
3.682650e-01
7.019023e-01
5.485050e-01
3.970100e-01
4.108862e-01
3.909645e-01
6.470508e-01
1
5.331771e-01
0
0
4.973203e-01
3.592481e-01
7.160540e-02
1.009684e-01
6.489000e-01
6.670828e-01
3.468677e-01
3.720260e-01
3.860183e-01
5.721594e-01
0
0
3.030298e-01
2.454396e-02
0
0
7.758867e-02
0
0
0
0
0
0
0
0
0
0
0
0
0
0
0
0
0
0
0
0
0
0
0
0
0
0
1.830162e-01
0
1.170876e-01
2.503287e-01
3.053272e-01
0
0
7.531312e-02
9.280735e-02
0
1.482850e-01
0
0
0
0
0
0
0
1.142984e-01
1.352061e-01
3.305980e-01
1.010920e-01
0
4.178829e-01
2.662804e-01
2.084388e-02
0
1.146737e-01
0
9.381267e-02
7.125624e-02
6.159830e-01
2.484673e-01
0
5.029349e-01
0
8.084480e-02
0
0
9.671740e-02
2.374020e-01
0
0
2.088529e-01
1.596105e-01
0
1.092062e-01
2.724706e-01
2.607138e-01
3.798678e-01
0
0
0
1.922916e-01
7.417343e-02
0
0
0
2.488735e-01
0
5.363410e-01
0
5.920161e-01
4.162185e-01
4.904736e-01
1.275425e-01
5.226866e-01
4.341283e-01
7.388582e-01
5.331771e-01
1
7.209318e-02
0
1.052473e-01
1.875440e-01
6.246846e-03
9.663896e-02
2.211374e-01
2.180475e-01
0
0
1.310957e-02
6.002714e-02
1.097543e-01
2.719446e-01
0
1.542753e-01
0
1.689473e-03
0
7.924910e-02
0
0
0
0
2.552229e-01
1.791984e-01
0
0
0
0
0
0
0
0
0
0
0
0
0
0
0
9.997810e-02
0
0
3.506897e-01
4.019373e-01
3.998295e-01
3.863474e-01
0
0
0
0
2.951595e-01
3.622871e-01
0
3.957605e-01
2.666583e-01
3.083534e-01
7.029379e-02
2.209661e-01
0
0
0
2.079791e-01
1.823176e-01
1.742646e-01
0
1.472112e-01
1.007253e-01
1.774246e-01
0
2.711818e-02
0
0
4.658445e-01
0
6.451848e-01
1.394676e-01
0
1.210090e-03
0
0
0
0
1.464593e-01
2.747217e-01
2.696180e-01
1.130367e-01
0
0
3.217775e-01
2.406836e-01
0
0
7.409257e-02
0
0
0
0
0
0
1.976882e-01
0
0
0
0
0
0
0
0
9.636130e-02
1.613078e-01
0
0
0
7.209318e-02
1.000000e+00
7.566284e-01
0
0
0
0
0
0
0
0
0
0
8.450790e-01
6.960077e-01
0
0
2.728632e-01
2.222654e-01
0
0
2.583690e-01
3.058310e-01
3.894145e-03
3.631990e-01
4.622935e-01
4.463742e-01
3.643805e-01
5.160419e-01
1.893870e-01
2.422126e-01
4.625588e-01
2.796289e-01
4.632841e-01
2.331408e-01
1.712466e-01
0
4.090266e-02
0
3.353316e-01
3.548972e-01
7.590454e-01
5.840098e-01
0
0
0
0
6.569396e-01
3.120770e-01
0
0
0
0
4.739788e-01
1.787837e-01
2.583864e-01
3.542580e-01
4.733464e-01
4.322857e-01
3.714779e-01
2.677491e-01
3.228364e-01
3.929393e-01
8.145485e-01
6.171232e-01
7.903264e-01
2.679014e-01
5.776631e-01
3.782068e-01
0
0
9.489798e-02
0
0
0
0
0
0
0
0
0
0
0
5.809522e-01
5.063005e-01
0
0
2.976790e-02
2.629009e-01
0
0
4.958927e-02
0
1.127574e-01
0
0
4.473857e-01
1.210608e-01
2.847235e-01
0
0
0
1.540843e-01
0
0
0
0
0
0
0
0
1.677035e-02
1.353129e-02
0
0
0
0
7.566284e-01
1.000000e+00
0
0
0
0
0
0
0
0
0
0
7.738935e-01
7.613753e-01
0
8.857309e-02
3.968658e-01
2.455402e-01
0
0
2.536708e-01
3.779371e-01
1.426538e-01
2.857849e-01
5.280905e-01
4.287759e-01
3.192969e-01
4.245098e-01
2.978350e-01
2.906038e-01
4.523364e-01
2.792327e-01
2.869469e-01
8.823562e-02
0
0
0
0
3.606871e-01
3.313318e-01
6.386366e-01
5.843685e-01
0
0
0
0
5.771115e-01
1.978654e-01
0
0
0
0
2.649052e-01
0
4.106442e-01
2.387278e-01
5.076151e-01
5.097915e-01
4.793698e-01
3.063014e-01
3.979659e-01
4.904679e-01
7.928616e-01
6.843722e-01
7.405761e-01
5.292495e-01
5.183739e-01
6.012549e-01
0
0
2.856028e-01
3.608625e-01
0
1.007828e-01
0
0
0
0
0
0
1.527286e-01
0
6.446965e-01
2.232014e-01
0
0
0
0
0
0
7.096506e-02
0
8.274153e-03
0
0
2.225979e-01
0
2.213786e-01
0
0
6.345880e-01
7.501716e-01
4.446113e-01
3.370412e-01
4.826247e-01
4.027608e-01
4.550634e-01
3.631081e-01
9.812346e-02
3.607688e-01
4.108380e-01
7.144364e-01
2.399545e-01
5.454165e-01
4.973203e-01
1.052473e-01
0
0
1
7.405070e-01
2.147882e-01
3.066133e-01
2.736324e-01
2.751868e-01
4.413048e-01
4.600565e-01
6.047366e-01
5.802310e-01
0
1.925500e-03
2.369231e-01
0
1.784651e-01
5.802540e-02
0
0
0
0
0
0
0
0
0
0
0
0
0
0
0
0
0
0
2.535720e-01
1.759206e-01
0
0
3.763539e-01
3.843944e-01
0
0
0
2.112978e-01
0
4.134651e-01
0
4.794772e-01
0
0
3.149898e-01
3.489140e-01
2.686508e-01
2.817672e-01
7.232151e-02
2.895691e-02
0
3.729983e-03
0
0
1.629130e-02
1.486107e-01
1.370479e-01
2.897526e-01
0
0
1.065560e-01
9.158749e-02
1.009709e-01
0
1.965884e-01
3.250447e-01
0
0
0
0
0
3.585463e-01
0
3.292528e-01
0
0
1.431024e-01
0
0
0
9.002188e-02
0
0
0
1.833383e-01
2.810063e-01
5.144252e-01
0
0
0
2.687823e-01
2.036512e-01
3.919962e-01
5.559646e-01
2.035536e-01
4.112764e-01
4.827628e-01
5.072543e-01
4.055141e-01
4.858887e-01
2.906016e-01
4.453973e-01
1.429166e-01
6.285952e-01
2.847967e-01
5.181956e-01
3.592481e-01
1.875440e-01
0
0
7.405070e-01
1
5.000475e-01
6.730411e-01
1.458490e-01
2.637006e-01
1.755285e-01
3.082977e-01
6.450673e-01
5.714932e-01
0
4.110647e-03
0
0
1.893234e-01
1.941598e-01
0
0
0
0
0
0
0
0
0
0
0
0
0
0
0
0
0
0
2.800799e-01
2.742302e-01
0
0
2.549749e-01
2.318866e-01
0
0
0
1.889933e-01
0
2.605408e-01
1.655852e-02
2.419391e-01
0
0
5.879007e-01
5.778115e-01
2.855873e-01
3.702255e-01
1.704142e-01
1.399175e-01
0
2.058981e-01
0
0
0
0
1.022644e-01
1.712258e-01
0
0
2.475519e-01
1.093128e-01
0
0
0
2.925794e-01
1.053536e-01
0
1.288753e-01
0
2.338499e-01
1.725747e-01
0
3.598566e-01
0
0
1.242468e-01
1.840657e-01
0
0
7.116100e-02
1.196400e-01
0
0
9.760551e-02
2.492561e-01
3.859674e-01
0
1.936337e-02
0
3.324991e-01
3.068298e-01
0
4.070161e-02
2.438810e-01
6.664464e-02
5.867130e-01
1.160921e-01
3.380898e-01
3.787811e-02
1.610468e-01
7.033196e-03
0
1.039575e-01
1.333746e-01
1.933159e-01
7.160540e-02
6.246846e-03
0
0
2.147882e-01
5.000475e-01
1.000000e+00
8.494218e-01
1.163726e-01
2.145199e-01
3.102425e-01
5.620528e-01
7.680312e-01
5.916491e-01
0
0
5.106983e-02
0
0
4.072651e-03
3.383588e-03
0
0
0
0
0
0
0
0
0
0
0
0
0
0
0
7.087166e-02
0
1.427464e-01
3.813245e-02
0
0
0
0
8.167578e-02
0
0
2.819322e-02
0
0
1.373900e-01
2.776767e-01
8.036202e-02
0
3.838235e-01
2.676296e-01
2.780267e-01
0
3.283200e-02
0
0
0
0
0
0
0
0
0
0
1.069920e-02
7.594619e-02
1.624953e-01
0
8.220512e-02
0
5.156105e-02
2.290813e-01
2.927472e-01
2.388286e-01
3.713021e-01
2.797660e-02
0
0
4.148132e-01
0
0
3.843771e-01
4.346721e-01
3.258306e-01
3.008705e-01
3.756835e-01
2.520036e-01
0
2.927093e-01
0
7.532073e-02
3.178719e-01
0
3.590601e-01
0
5.512607e-03
1.836618e-01
0
1.374282e-01
2.867238e-01
2.665669e-01
4.907685e-01
2.180265e-01
4.274130e-01
2.772735e-01
2.769818e-01
2.165895e-01
0
2.262128e-01
1.793388e-01
2.618646e-01
1.009684e-01
9.663896e-02
0
0
3.066133e-01
6.730411e-01
8.494218e-01
1
8.283628e-02
2.422867e-01
1.920385e-01
4.110868e-01
6.517487e-01
5.349994e-01
0
0
3.896595e-03
0
8.497348e-02
8.501798e-02
1.590083e-02
0
0
0
0
0
0
1.811933e-01
0
0
0
0
0
0
0
0
3.201169e-02
0
2.802637e-01
3.225978e-01
0
0
8.306459e-02
0
4.772015e-03
0
0
7.311497e-02
0
0
1.324550e-01
1.387394e-01
0
0
5.848065e-01
6.194003e-01
4.551821e-01
3.138430e-01
2.760093e-01
1.238849e-01
1.261008e-02
2.349476e-01
0
0
0
0
0
0
0
5.786332e-02
9.769458e-02
0
0
9.925285e-02
0
1.152146e-01
2.878707e-01
1.525671e-01
8.623790e-02
1.685842e-01
6.436818e-02
0
0
3.001726e-01
0
0
2.684284e-01
4.515376e-01
6.298813e-02
7.379800e-02
1.771098e-01
1.442667e-01
0
3.025410e-01
0
1.526436e-01
2.583746e-01
0
1.229591e-01
0
1.219262e-01
3.113776e-01
5.890016e-04
1.117593e-01
6.831239e-01
5.121499e-01
4.363064e-01
6.383821e-01
3.277899e-01
1.379521e-01
5.002134e-01
3.928009e-01
5.418275e-01
9.839277e-02
3.351303e-01
3.519431e-01
6.489000e-01
2.211374e-01
0
0
2.736324e-01
1.458490e-01
1.163726e-01
8.283628e-02
1
9.011494e-01
5.663388e-01
5.308121e-01
3.271774e-01
3.150473e-01
0
0
7.405064e-01
5.349355e-01
0
0
2.583681e-01
1.573880e-01
0
0
0
0
0
0
0
0
0
0
0
0
0
0
0
0
0
0
0
0
0
0
0
0
0
8.978720e-02
0
0
5.822780e-01
4.977784e-01
0
0
0
0
0
5.365779e-02
0
0
0
0
0
0
0
7.168863e-02
4.368515e-03
3.125384e-01
1.064881e-01
1.311683e-01
7.064176e-01
5.635603e-01
3.110919e-02
1.069227e-01
3.771981e-01
0
0
1.193214e-01
4.571979e-01
3.271924e-01
0
3.664450e-01
0
2.749185e-02
0
0
0
6.253845e-01
0
0
1.158668e-02
3.390997e-01
0
1.299708e-01
4.795018e-01
4.479102e-01
5.141354e-01
0
0
0
2.743794e-02
0
0
1.063864e-01
6.984326e-01
6.059729e-01
4.804424e-01
6.658296e-01
4.318813e-01
2.793542e-01
6.152246e-01
4.297833e-01
4.121192e-01
1.167405e-01
2.924735e-01
3.928100e-01
6.670828e-01
2.180475e-01
0
0
2.751868e-01
2.637006e-01
2.145199e-01
2.422867e-01
9.011494e-01
1
4.949242e-01
5.347351e-01
4.195617e-01
3.972741e-01
0
0
6.228839e-01
4.228709e-01
0
0
2.254122e-01
1.738508e-01
0
0
0
0
0
0
0
0
0
0
0
0
0
0
0
0
0
0
0
0
0
0
0
0
0
9.386873e-02
0
0
5.712943e-01
4.447458e-01
7.475987e-02
0
0
1.150450e-02
1.316307e-01
1.095494e-01
0
0
0
0
0
0
0
0
0
2.331558e-01
0
7.635766e-02
7.034765e-01
6.031305e-01
3.625762e-02
1.356596e-01
2.497296e-01
0
0
1.394936e-01
5.053890e-01
3.501985e-01
8.897774e-02
4.326254e-01
0
9.589016e-02
0
0
0
5.963808e-01
0
0
1.727978e-01
4.717349e-01
0
1.910363e-01
5.578016e-01
5.967090e-01
5.196942e-01
0
0
0
1.430714e-01
0
2.358940e-01
3.866093e-01
7.491460e-01
3.133359e-01
7.350631e-01
2.331184e-01
5.691873e-01
0
2.893224e-01
2.840602e-01
9.172742e-02
0
2.539648e-01
6.526223e-02
3.468677e-01
0
0
0
4.413048e-01
1.755285e-01
3.102425e-01
1.920385e-01
5.663388e-01
4.949242e-01
1.000000e+00
8.541608e-01
5.965617e-01
4.676009e-01
0
0
6.157985e-01
4.437570e-02
0
0
3.336892e-01
0
0
0
1.801364e-01
0
0
0
0
0
0
0
0
0
0
0
0
1.255824e-01
2.567799e-01
1.217537e-01
0
0
0
0
0
0
0
1.566067e-01
0
0
4.737399e-01
8.842071e-01
0
0
0
0
0
0
0
0
0
0
0
0
0
0
0
1.052995e-01
0
0
2.783441e-01
3.663964e-01
1.052908e-01
1.694663e-01
6.576283e-01
1.544234e-01
0
1.969787e-01
4.632373e-02
1.739426e-01
0
4.063196e-01
0
4.149265e-01
0
0
1.623506e-02
2.070489e-01
0
0
3.856970e-01
3.826100e-01
0
8.489034e-02
2.650938e-01
5.220883e-01
5.566080e-01
0
0
0
2.474198e-01
2.812887e-01
1.224323e-01
3.014874e-01
7.570301e-01
2.108532e-01
8.568142e-01
3.166349e-01
6.151855e-01
0
3.802408e-01
2.667404e-01
7.715302e-03
0
1.809218e-01
1.247256e-01
3.720260e-01
0
0
0
4.600565e-01
3.082977e-01
5.620528e-01
4.110868e-01
5.308121e-01
5.347351e-01
8.541608e-01
1
7.959007e-01
7.215526e-01
0
0
4.870852e-01
0
0
0
3.106594e-01
7.451436e-02
0
0
0
0
0
0
0
0
0
0
0
0
0
0
0
0
6.286542e-02
2.728605e-02
0
0
0
0
0
0
0
6.655232e-02
0
0
4.257197e-01
7.310756e-01
1.230758e-02
0
0
0
9.291947e-03
0
0
0
0
0
0
0
0
0
0
9.208042e-02
0
0
2.840402e-01
3.874309e-01
0
1.350816e-01
4.597962e-01
0
1.057007e-02
3.682659e-01
2.760709e-01
4.554713e-01
3.602714e-02
4.123017e-01
0
6.270636e-01
0
0
2.590176e-01
2.649462e-01
3.476262e-03
0
4.964963e-01
5.037017e-01
0
2.134105e-01
3.882754e-02
4.222756e-01
6.636038e-01
0
0
0
2.266905e-01
3.509541e-01
1.433253e-01
4.038907e-01
4.690019e-01
1.842045e-01
8.855841e-01
4.321803e-01
4.564912e-01
1.368657e-01
3.360721e-01
2.885635e-01
0
2.830798e-01
1.434450e-01
3.388210e-01
3.860183e-01
1.310957e-02
0
0
6.047366e-01
6.450673e-01
7.680312e-01
6.517487e-01
3.271774e-01
4.195617e-01
5.965617e-01
7.959007e-01
1
8.302388e-01
0
0
1.622897e-01
0
0
0
1.426243e-01
0
0
0
0
0
0
0
0
0
0
0
0
0
0
0
0
0
7.521907e-02
2.781625e-02
0
0
7.793759e-03
0
0
0
0
1.926786e-01
0
0
2.531694e-01
5.844611e-01
0
0
2.450078e-01
1.985471e-01
3.222231e-01
0
0
0
0
0
0
0
0
0
0
2.151846e-01
0
0
2.459324e-01
3.478086e-01
0
1.189324e-02
1.321861e-01
1.155244e-01
9.578068e-02
1.754772e-01
3.159297e-01
2.662705e-01
5.485750e-02
2.509960e-01
0
5.188819e-01
0
0
3.206466e-01
2.521303e-01
1.006829e-01
0
4.108735e-01
2.879971e-01
0
0
0
2.062474e-01
5.023454e-01
0
8.613597e-02
0
4.346434e-02
2.387360e-01
4.176841e-02
4.347090e-01
4.978491e-01
6.102358e-02
8.235236e-01
5.276434e-01
3.837237e-01
1.233538e-01
5.539742e-01
3.527380e-01
0
2.087517e-01
3.181377e-02
3.069906e-01
5.721594e-01
6.002714e-02
0
0
5.802310e-01
5.714932e-01
5.916491e-01
5.349994e-01
3.150473e-01
3.972741e-01
4.676009e-01
7.215526e-01
8.302388e-01
1.000000e+00
0
0
1.083156e-01
0
0
0
2.234223e-01
0
0
0
0
0
0
0
0
0
0
0
0
0
0
0
0
0
0
1.332865e-01
0
0
0
0
0
0
0
1.166462e-01
0
0
2.293367e-01
3.437930e-01
0
0
1.679890e-01
1.308902e-01
2.114730e-01
0
0
0
0
0
0
0
0
0
0
3.361287e-01
0
0
1.477822e-01
1.227237e-01
0
0
0
0
1.074915e-01
1.945182e-01
3.652057e-01
3.580630e-01
2.274335e-01
5.384516e-01
0
6.029215e-01
0
0
3.723900e-01
6.338117e-02
1.451712e-01
0
5.320617e-01
4.256931e-01
0
1.302576e-01
0
2.035769e-01
5.739016e-01
0
0
0
2.135966e-01
4.779117e-01
0
1.160525e-01
0
0
0
0
0
0
0
0
1.378949e-01
2.318649e-01
0
0
0
1.097543e-01
8.450790e-01
7.738935e-01
0
0
0
0
0
0
0
0
0
0
1.000000e+00
8.726960e-01
0
0
4.875987e-01
5.116927e-01
0
0
2.455550e-01
3.766700e-01
0
2.736585e-01
7.039381e-01
5.233770e-01
2.456562e-01
4.014884e-01
1.474572e-01
2.220977e-01
3.581278e-01
2.108731e-01
3.516074e-01
6.492950e-02
2.318601e-02
0
0
0
2.398710e-01
3.642741e-01
6.557730e-01
6.423791e-01
4.227090e-02
1.080202e-01
1.184571e-02
0
8.201433e-01
5.476993e-01
0
0
0
0
4.378751e-01
2.004151e-01
4.234669e-01
3.501494e-01
6.835858e-01
6.034878e-01
5.466557e-01
3.867701e-01
3.848554e-01
4.153538e-01
7.656458e-01
5.699933e-01
7.901290e-01
2.656997e-01
4.617968e-01
4.625235e-01
0
0
0
3.924080e-03
0
5.697926e-03
0
0
0
0
0
0
0
0
6.704164e-01
5.333814e-01
0
0
1.458384e-01
1.710532e-01
0
0
1.728359e-01
0
0
0
0
2.575997e-01
8.577280e-02
3.057345e-01
0
0
0
6.919342e-02
0
0
0
0
0
5.969648e-02
0
0
2.570087e-01
3.388501e-01
0
6.692558e-02
0
2.719446e-01
6.960077e-01
7.613753e-01
1.925500e-03
4.110647e-03
0
0
0
0
0
0
0
0
8.726960e-01
1
0
1.061081e-01
3.679843e-01
4.174031e-01
0
0
2.184267e-01
1.817704e-01
0
9.202686e-02
7.489063e-01
4.815297e-01
0
1.929401e-01
1.047649e-02
6.689699e-02
1.309682e-01
0
7.568575e-02
0
0
0
0
0
9.835119e-02
2.429494e-01
5.083921e-01
5.984346e-01
0
6.380704e-02
4.867461e-02
0
7.853101e-01
5.862084e-01
0
0
0
4.091847e-02
4.206501e-01
2.310676e-01
4.903445e-01
5.594377e-01
7.647611e-01
7.501076e-01
6.318298e-01
5.596672e-01
3.976561e-01
3.908284e-01
6.432021e-01
6.557330e-01
7.963216e-01
3.571382e-01
4.944097e-01
4.838412e-01
0
0
1.351038e-01
1.322630e-01
0
9.014023e-02
0
0
0
0
0
0
0
0
4.511079e-01
2.956806e-01
0
0
0
0
0
0
3.168780e-01
0
1.316897e-01
0
0
4.535324e-02
0
3.321799e-01
0
0
2.261834e-01
2.012715e-01
7.327429e-01
3.635414e-01
2.468239e-01
1.639900e-01
3.763328e-01
4.849199e-03
1.269922e-01
1.859915e-01
5.342122e-01
4.555266e-02
2.741110e-01
1.374453e-01
3.030298e-01
0
0
0
2.369231e-01
0
5.106983e-02
3.896595e-03
7.405064e-01
6.228839e-01
6.157985e-01
4.870852e-01
1.622897e-01
1.083156e-01
0
0
1
5.311265e-01
0
0
1.295667e-01
0
6.216914e-02
0
3.406003e-02
0
0
0
0
0
0
0
0
0
0
0
0
0
0
0
0
0
0
0
0
0
0
5.937217e-02
0
0
3.250647e-01
4.735049e-01
0
0
0
0
0
0
0
0
0
0
0
0
0
2.509667e-02
0
4.984428e-02
3.082193e-01
0
4.115563e-01
3.188015e-01
4.235665e-02
5.383586e-04
3.726455e-01
0
0
2.601091e-02
1.512629e-02
1.691174e-01
1.384230e-02
3.610987e-01
0
1.949310e-01
0
0
0
5.139313e-01
0
0
0
4.244013e-01
0
2.214657e-02
5.955306e-01
4.085990e-01
4.920405e-01
0
0
0
5.638403e-02
0
0
0
2.254232e-01
3.756101e-01
0
1.082130e-01
0
6.228687e-02
0
2.806659e-02
2.941743e-01
0
1.763057e-01
1.711140e-02
2.454396e-02
1.542753e-01
0
8.857309e-02
0
0
0
0
5.349355e-01
4.228709e-01
4.437570e-02
0
0
0
0
1.061081e-01
5.311265e-01
1
0
0
7.661043e-02
2.139121e-01
1.437018e-01
0
0
0
2.902595e-02
0
2.683639e-02
5.741725e-02
1.307410e-01
8.318446e-02
6.247199e-02
2.879011e-02
0
0
0
0
0
0
9.667458e-02
0
0
0
0
0
0
0
2.669399e-02
0
2.812711e-01
7.353740e-02
2.504036e-01
2.011585e-01
0
0
0
2.966756e-01
3.602648e-03
5.341563e-03
6.741672e-02
6.061703e-02
0
1.334684e-02
0
2.208576e-01
2.330072e-02
8.953818e-03
2.325403e-01
1.131181e-01
4.428321e-01
3.983363e-01
7.790544e-03
9.248144e-02
1.977456e-01
2.887220e-02
0
0
1.589062e-01
9.260189e-02
0
0
0
0
0
0
0
4.912380e-01
0
6.298527e-02
0
0
1.523133e-01
3.274452e-02
3.166181e-01
7.406503e-02
0
0
0
4.465699e-02
0
0
2.096120e-02
2.578932e-01
0
0
5.914836e-02
0
0
0
0
0
0
0
0
0
0
0
2.728632e-01
3.968658e-01
1.784651e-01
1.893234e-01
0
8.497348e-02
0
0
0
0
0
0
4.875987e-01
3.679843e-01
0
0
1.000000e+00
8.356583e-01
2.431007e-01
1.136992e-01
1.030831e-01
2.081102e-01
1.915157e-01
2.762369e-01
3.330892e-01
3.567422e-01
0
0
0
0
0
0
0
0
7.370129e-02
0
8.269569e-02
1.282612e-01
4.384388e-03
5.914484e-02
4.310275e-01
5.644404e-01
0
0
1.018159e-01
0
2.758516e-01
3.512009e-01
0
0
3.576961e-02
0
2.462018e-01
1.065100e-01
1.104880e-01
1.400602e-01
3.999692e-01
4.748364e-01
2.464399e-01
4.574195e-01
6.771187e-02
6.179836e-03
4.546406e-01
2.443115e-01
3.185127e-01
1.949064e-01
0
1.334527e-01
0
0
3.075213e-02
0
0
1.442941e-01
0
0
0
0
0
3.669693e-02
1.479751e-01
3.228004e-02
4.054890e-01
1.529203e-01
0
0
0
0
0
0
0
0
0
0
0
0
0
2.198148e-02
5.027292e-02
2.091110e-01
0
0
0
0
0
0
0
0
0
0
0
1.316970e-02
0
0
0
1.689473e-03
2.222654e-01
2.455402e-01
5.802540e-02
1.941598e-01
4.072651e-03
8.501798e-02
0
0
0
0
0
0
5.116927e-01
4.174031e-01
0
0
8.356583e-01
1
1.113197e-01
2.423066e-01
0
0
0
0
3.440063e-01
1.452207e-01
0
0
6.770757e-02
0
0
0
5.223374e-02
0
9.143386e-02
0
5.222518e-02
0
6.880771e-04
9.674460e-02
2.143708e-01
3.913474e-01
3.362151e-02
2.762052e-02
3.831242e-01
0
4.492426e-01
4.141537e-01
0
0
2.937852e-01
2.481132e-01
3.093856e-01
9.788102e-02
1.515397e-01
2.721234e-01
4.846959e-01
4.333330e-01
3.943331e-01
5.593625e-01
1.861983e-01
1.098728e-01
2.714002e-01
1.537705e-01
2.469188e-01
2.768556e-02
0
0
0
0
1.205311e-02
0
0
1.185175e-01
0
0
0
0
0
0
0
0
4.237001e-01
3.782995e-01
1.156949e-01
0
1.433047e-01
1.434912e-02
0
0
0
0
0
0
0
0
1.039240e-01
3.330236e-01
0
0
0
0
3.451861e-01
3.443591e-01
4.405196e-01
4.231844e-01
3.631714e-01
1.222189e-01
5.811271e-01
5.253909e-01
0
0
1.305679e-01
0
7.758867e-02
0
0
0
0
0
3.383588e-03
1.590083e-02
2.583681e-01
2.254122e-01
3.336892e-01
3.106594e-01
1.426243e-01
2.234223e-01
0
0
1.295667e-01
7.661043e-02
2.431007e-01
1.113197e-01
1
7.449921e-01
0
0
2.868786e-01
0
0
0
0
0
1.705515e-01
0
0
0
0
0
0
0
0
6.241983e-02
0
0
0
0
0
0
0
3.246569e-01
0
0
7.760812e-01
3.383819e-01
3.801314e-01
1.684437e-01
0
0
0
0
0
0
0
0
0
0
0
0
0
1.442796e-01
0
0
2.617767e-01
2.661707e-01
0
5.608135e-02
0
0
3.039399e-01
2.830376e-01
2.518113e-01
3.342479e-01
2.506744e-01
5.574300e-01
8.040521e-02
3.043953e-01
0
0
2.097902e-02
0
0
0
1.569228e-01
3.598877e-01
0
3.024923e-01
0
1.271669e-01
8.764103e-02
0
0
0
7.484500e-03
4.243478e-01
0
0
1.088408e-01
3.449668e-01
1.040604e-01
3.594213e-01
2.615124e-01
1.515387e-01
4.018837e-01
3.678118e-01
0
0
1.342641e-01
0
0
7.924910e-02
0
0
0
0
0
0
1.573880e-01
1.738508e-01
0
7.451436e-02
0
0
0
0
0
2.139121e-01
1.136992e-01
2.423066e-01
7.449921e-01
1
7.092351e-02
0
9.338479e-02
0
2.325979e-01
0
0
0
2.933997e-01
8.053204e-02
0
0
0
0
0
0
0
0
0
0
0
0
0
0
3.150028e-01
2.733039e-01
0
0
6.462397e-01
3.853859e-02
7.587833e-01
6.824854e-01
0
0
0
0
0
2.294925e-02
0
7.206545e-02
2.431109e-01
0
0
0
0
0
0
0
3.165411e-01
3.515919e-01
0
9.548187e-02
0
0
4.063594e-01
4.351453e-01
4.209049e-01
4.476889e-01
3.198268e-02
2.164633e-01
0
1.004464e-01
0
0
9.018786e-02
3.912873e-02
2.117235e-02
0
2.105529e-02
1.074904e-01
2.702304e-01
4.049630e-01
0
0
0
0
0
0
0
6.185507e-02
0
0
0
0
0
0
0
0
0
0
1.485245e-02
0
0
0
0
0
2.583690e-01
2.536708e-01
0
0
0
0
0
0
0
0
0
0
2.455550e-01
2.184267e-01
6.216914e-02
1.437018e-01
1.030831e-01
0
0
7.092351e-02
1
5.413171e-01
3.679049e-01
6.646891e-01
5.073665e-01
4.011702e-01
2.657758e-01
3.595002e-01
2.292490e-01
2.610981e-01
2.799661e-01
3.155611e-01
2.192658e-01
2.532770e-01
2.030089e-01
2.349485e-01
0
1.545171e-01
3.594470e-01
5.209801e-01
1.651816e-01
0
2.240084e-01
2.829270e-01
0
0
3.063250e-02
0
0
0
1.782362e-01
2.431919e-01
0
9.382596e-02
7.877961e-02
0
2.650143e-01
3.002135e-01
2.980676e-01
2.060838e-01
5.874210e-01
5.237161e-01
2.979087e-01
2.358006e-03
6.832494e-02
0
3.796075e-01
1.294289e-01
0
0
0
9.238677e-02
0
0
0
4.230248e-02
0
0
2.638333e-01
0
4.473960e-01
0
3.520409e-01
4.593113e-01
0
6.821224e-02
0
4.296859e-02
0
1.346602e-01
4.303984e-01
1.115431e-01
1.722048e-01
0
0
3.396964e-01
1.735495e-01
1.042541e-01
4.851585e-03
0
4.840107e-02
1.795260e-01
0
0
0
0
0
0
0
0
0
0
0
0
0
0
3.058310e-01
3.779371e-01
0
0
0
0
0
0
0
0
0
0
3.766700e-01
1.817704e-01
0
0
2.081102e-01
0
0
0
5.413171e-01
1
2.410037e-01
7.202530e-01
2.972434e-01
5.039591e-01
3.321852e-01
3.634526e-01
1.785798e-01
2.477968e-01
4.093310e-01
3.781867e-01
3.326222e-01
3.890650e-01
5.934667e-02
3.112177e-01
0
2.154203e-01
2.948423e-01
4.730004e-01
3.477284e-01
2.683948e-01
1.011708e-01
4.145477e-01
0
0
6.670010e-02
0
0
0
0
0
0
1.496475e-01
1.808056e-01
0
1.238760e-02
1.423029e-01
0
0
2.533969e-01
3.679583e-01
3.971071e-01
0
2.306438e-01
8.995915e-02
4.180911e-01
1.699351e-01
0
0
0
1.034153e-01
0
7.892468e-02
0
0
0
0
4.549175e-01
6.651619e-02
6.386031e-01
1.464218e-01
4.876411e-01
2.113984e-01
0
0
0
0
0
1.656836e-01
7.884626e-02
0
0
0
0
4.453912e-01
1.528960e-01
0
5.172282e-02
3.193141e-01
0
0
0
0
0
0
0
0
0
0
0
0
0
0
0
0
3.894145e-03
1.426538e-01
0
0
0
0
0
0
1.801364e-01
0
0
0
0
0
3.406003e-02
0
1.915157e-01
0
2.868786e-01
9.338479e-02
3.679049e-01
2.410037e-01
1
5.239811e-01
0
0
4.688972e-01
3.843333e-01
4.319398e-01
3.216978e-01
4.558340e-01
4.692768e-01
3.977466e-01
4.908073e-01
4.547996e-01
4.288665e-01
2.014158e-01
2.077985e-01
5.497809e-01
3.828016e-01
2.573852e-02
0
6.599253e-03
0
7.259170e-02
0
0
0
1.696540e-01
0
7.405619e-02
4.413352e-02
0
0
0
0
0
0
0
0
2.204483e-01
2.972531e-01
1.559375e-01
0
0
0
1.393859e-01
0
0
0
3.302460e-01
6.047827e-02
4.090400e-01
0
0
4.406408e-02
0
0
1.235413e-01
0
4.864128e-01
0
3.932360e-01
2.246737e-01
0
0
0
0
3.852524e-02
7.244223e-02
0
0
3.484691e-02
6.995707e-02
0
3.673103e-01
0
1.240825e-01
5.034332e-02
6.801549e-02
2.687820e-01
3.307010e-01
0
0
0
0
0
0
0
0
0
0
0
0
0
0
3.631990e-01
2.857849e-01
0
0
0
0
0
0
0
0
0
0
2.736585e-01
9.202686e-02
0
0
2.762369e-01
0
0
0
6.646891e-01
7.202530e-01
5.239811e-01
1.000000e+00
2.690229e-01
4.534314e-01
1.982922e-01
3.161087e-01
0
4.179303e-02
2.954645e-01
2.501990e-01
3.390692e-01
3.750387e-01
3.660721e-01
5.237565e-01
1.747063e-01
4.934097e-01
3.897710e-01
5.512391e-01
5.563401e-01
3.966012e-01
2.464962e-01
2.202222e-01
0
0
1.056983e-02
0
0
0
0
0
0
1.493488e-01
0
0
1.102701e-01
1.677689e-01
1.394410e-01
3.444666e-02
2.754073e-01
2.976479e-01
4.719369e-01
1.067661e-01
1.510555e-01
0
4.025027e-01
8.780396e-02
0
0
0
0
0
1.236592e-01
0
0
0
0
3.044166e-01
0
4.538634e-01
1.114760e-01
4.229691e-01
3.343340e-01
0
0
0
0
0
6.250299e-02
2.092434e-01
0
5.393739e-02
0
0
4.654440e-01
2.259865e-01
0
3.420444e-01
2.799476e-01
0
0
0
0
0
0
0
0
0
0
1.482748e-01
2.518582e-02
0
0
0
2.552229e-01
4.622935e-01
5.280905e-01
0
0
0
0
0
0
0
0
0
0
7.039381e-01
7.489063e-01
0
2.902595e-02
3.330892e-01
3.440063e-01
0
2.325979e-01
5.073665e-01
2.972434e-01
0
2.690229e-01
1.000000e+00
7.112653e-01
0
1.227347e-01
8.509731e-02
1.286506e-01
4.578906e-02
0
0
0
0
0
0
0
0
1.346977e-01
2.187093e-01
2.790184e-01
5.881333e-02
2.155679e-01
1.941078e-01
0
5.779532e-01
4.344924e-01
0
0
1.970688e-01
3.816764e-01
2.169414e-01
1.838125e-01
2.887118e-01
2.434072e-01
7.259312e-01
7.389585e-01
5.737139e-01
4.279719e-01
5.169845e-01
3.863425e-01
4.889697e-01
3.171707e-01
4.569897e-01
4.694641e-03
4.241418e-01
4.739525e-01
0
0
0
2.158474e-01
0
0
0
0
0
0
0
0
0
0
3.804109e-01
4.297602e-01
0
2.230160e-02
7.959735e-02
6.211065e-03
0
0
6.282150e-01
8.739410e-02
0
0
0
0
0
2.058183e-01
0
0
0
1.026091e-02
0
0
0
0
0
9.282292e-02
8.317122e-02
0
0
1.370074e-02
0
0
0
1.791984e-01
4.463742e-01
4.287759e-01
0
0
0
1.811933e-01
0
0
0
0
0
0
5.233770e-01
4.815297e-01
0
0
3.567422e-01
1.452207e-01
0
0
4.011702e-01
5.039591e-01
0
4.534314e-01
7.112653e-01
1.000000e+00
0
0
0
0
0
0
0
0
0
0
0
2.308346e-01
0
0
3.279944e-01
3.755454e-01
8.071351e-02
2.327265e-01
0
1.514523e-01
2.328710e-01
2.510363e-01
0
0
0
0
1.479600e-01
4.096240e-01
3.167928e-01
1.234878e-01
5.412854e-01
6.755287e-01
2.492280e-01
3.797143e-01
2.117294e-01
7.854223e-02
3.956197e-01
7.339421e-02
3.109349e-01
8.075926e-02
3.649698e-01
5.296795e-01
0
0
0
4.547044e-01
0
0
0
0
0
0
0
8.973016e-02
7.441034e-02
0
1.501624e-01
1.691745e-01
0
0
0
0
0
0
4.443436e-01
1.976170e-01
0
0
0
0
0
0
7.439557e-02
2.360856e-01
0
0
0
0
0
0
0
0
0
0
0
0
0
0
0
0
3.643805e-01
3.192969e-01
0
0
0
0
0
0
0
0
0
0
2.456562e-01
0
0
2.683639e-02
0
0
0
0
2.657758e-01
3.321852e-01
4.688972e-01
1.982922e-01
0
0
1
9.161426e-01
8.776567e-01
9.160812e-01
9.343439e-01
9.580214e-01
8.671544e-01
8.052645e-01
3.875580e-01
1.912983e-01
0
0
7.189683e-01
5.647386e-01
4.692473e-02
0
4.821671e-02
3.981725e-02
0
0
1.790651e-01
0
0
0
1.143636e-01
1.193782e-01
0
0
0
0
0
0
0
0
4.281191e-01
5.670630e-01
3.235332e-01
1.203246e-01
1.212966e-01
0
2.196716e-01
0
0
0
1.680884e-01
0
0
0
0
0
0
4.411575e-02
7.008779e-02
0
4.716240e-01
0
7.285549e-01
5.938418e-01
4.751195e-02
0
3.157752e-01
4.244127e-01
0
0
0
0
0
0
0
6.996090e-01
4.112591e-01
4.025620e-01
0
0
0
0
0
0
0
0
0
0
0
0
0
0
0
0
0
0
5.160419e-01
4.245098e-01
0
0
0
0
0
0
0
0
0
0
4.014884e-01
1.929401e-01
0
5.741725e-02
0
0
0
0
3.595002e-01
3.634526e-01
3.843333e-01
3.161087e-01
1.227347e-01
0
9.161426e-01
1
7.101843e-01
8.505609e-01
9.509663e-01
9.011412e-01
9.142891e-01
8.084154e-01
5.026375e-01
2.671486e-01
0
0
8.540028e-01
7.358035e-01
2.177761e-01
1.652886e-02
1.358786e-01
1.959010e-02
0
0
3.773204e-01
0
0
0
0
4.650684e-02
0
0
0
0
0
0
1.616646e-01
0
4.750713e-01
6.703557e-01
4.137936e-01
2.603515e-01
2.997513e-01
0
3.852439e-01
1.214044e-01
0
0
1.768396e-01
0
0
0
0
0
0
0
6.365383e-02
0
4.666566e-01
0
7.696725e-01
6.670454e-01
0
0
1.908981e-01
4.743143e-01
0
0
3.292116e-02
0
0
0
0
7.702516e-01
4.106847e-01
5.187570e-01
0
0
0
0
0
0
0
0
0
0
0
0
0
0
0
0
0
0
1.893870e-01
2.978350e-01
0
0
0
0
0
0
0
0
0
0
1.474572e-01
1.047649e-02
0
1.307410e-01
0
6.770757e-02
1.705515e-01
2.933997e-01
2.292490e-01
1.785798e-01
4.319398e-01
0
8.509731e-02
0
8.776567e-01
7.101843e-01
1.000000e+00
9.085081e-01
7.336141e-01
8.003774e-01
5.834889e-01
5.588095e-01
1.028037e-01
0
0
0
4.847738e-01
2.906558e-01
0
0
0
0
2.499976e-02
0
4.717846e-02
0
1.483259e-01
0
4.733387e-01
3.809635e-01
0
0
0
0
0
0
0
0
5.874897e-01
5.984893e-01
2.317900e-01
6.807243e-02
5.690133e-02
1.901125e-03
1.144892e-01
0
4.677781e-02
0
2.958170e-01
6.503233e-02
0
0
0
0
0
1.133497e-01
8.332450e-02
0
3.876046e-01
0
5.947029e-01
4.300308e-01
0
0
1.903055e-01
2.163456e-01
0
2.944679e-02
6.126941e-03
0
0
0
0
5.049506e-01
1.720794e-01
4.037962e-01
0
0
0
0
0
0
0
0
0
0
0
0
0
0
0
0
0
0
2.422126e-01
2.906038e-01
0
0
0
0
0
0
0
0
0
0
2.220977e-01
6.689699e-02
0
8.318446e-02
0
0
0
8.053204e-02
2.610981e-01
2.477968e-01
3.216978e-01
4.179303e-02
1.286506e-01
0
9.160812e-01
8.505609e-01
9.085081e-01
1
8.133476e-01
8.968094e-01
7.379853e-01
7.537004e-01
2.240126e-01
4.535018e-02
0
0
6.092005e-01
5.016625e-01
0
0
1.030759e-01
1.358631e-01
5.438081e-02
0
1.707060e-01
0
0
0
3.335907e-01
3.814308e-01
0
0
0
0
0
0
8.136902e-02
0
6.020073e-01
6.357414e-01
2.276235e-01
8.142386e-02
7.585884e-02
0
1.662046e-01
3.845296e-02
0
0
1.884974e-01
5.483194e-02
0
0
0
6.568217e-02
0
1.433184e-01
2.121956e-02
0
3.926134e-01
0
6.509640e-01
5.743360e-01
1.866891e-02
0
3.381573e-01
4.148071e-01
0
0
1.677880e-01
0
0
0
0
5.465738e-01
2.955487e-01
4.674286e-01
0
0
0
0
0
0
0
0
0
0
0
0
0
0
0
0
0
0
4.625588e-01
4.523364e-01
0
0
0
0
0
0
0
0
0
0
3.581278e-01
1.309682e-01
0
6.247199e-02
0
0
0
0
2.799661e-01
4.093310e-01
4.558340e-01
2.954645e-01
4.578906e-02
0
9.343439e-01
9.509663e-01
7.336141e-01
8.133476e-01
1
9.032421e-01
8.978704e-01
7.787933e-01
4.843564e-01
2.614948e-01
0
0
8.476368e-01
7.023924e-01
1.903720e-01
2.312421e-02
0
0
0
0
3.146073e-01
0
0
0
0
0
0
0
0
0
0
0
3.030796e-02
0
3.239368e-01
5.410154e-01
4.470326e-01
3.055725e-01
3.096484e-01
8.117886e-02
3.343788e-01
8.382720e-02
0
0
1.436548e-01
0
0
1.523035e-02
0
0
0
0
9.381207e-02
0
5.403632e-01
0
8.166161e-01
5.802287e-01
0
0
1.519249e-01
3.434273e-01
0
0
0
0
0
0
0
7.190969e-01
2.988302e-01
3.728974e-01
0
0
0
0
0
0
0
0
0
0
0
0
0
0
0
0
0
0
2.796289e-01
2.792327e-01
0
0
0
0
0
0
0
0
0
0
2.108731e-01
0
0
2.879011e-02
0
0
0
0
3.155611e-01
3.781867e-01
4.692768e-01
2.501990e-01
0
0
9.580214e-01
9.011412e-01
8.003774e-01
8.968094e-01
9.032421e-01
1.000000e+00
8.960326e-01
8.540368e-01
4.251920e-01
3.305831e-01
0
0
7.461036e-01
6.920748e-01
3.025211e-02
0
2.548747e-01
2.444179e-01
1.204592e-01
0
2.024937e-01
0
0
0
1.361081e-01
2.207131e-01
0
0
0
0
0
0
9.161235e-02
0
4.230013e-01
6.209174e-01
2.300562e-01
4.385632e-02
6.057612e-03
0
1.783861e-01
0
0
0
1.340153e-01
0
0
0
0
0
0
0
4.180633e-02
0
5.399540e-01
0
7.282360e-01
6.137791e-01
9.511048e-02
0
3.548917e-01
4.470351e-01
0
0
1.108355e-03
0
0
0
0
6.721773e-01
4.715534e-01
4.491579e-01
0
0
0
0
0
0
0
0
0
0
0
0
0
0
0
0
0
0
4.632841e-01
2.869469e-01
0
0
0
0
0
0
0
0
0
0
3.516074e-01
7.568575e-02
0
0
0
5.223374e-02
0
0
2.192658e-01
3.326222e-01
3.977466e-01
3.390692e-01
0
0
8.671544e-01
9.142891e-01
5.834889e-01
7.379853e-01
8.978704e-01
8.960326e-01
1
8.555690e-01
6.570618e-01
4.640478e-01
1.912693e-01
0
8.374741e-01
8.050768e-01
2.793074e-01
1.018795e-01
2.946601e-01
1.572392e-01
9.837480e-02
0
3.456428e-01
0
0
0
0
0
0
0
0
0
0
0
1.367953e-01
0
2.992249e-01
5.145696e-01
3.471399e-01
1.883405e-01
1.854390e-01
0
1.854644e-01
0
0
0
1.506899e-01
0
2.571605e-02
1.175310e-01
0
0
0
0
3.398473e-02
0
4.653320e-01
0
7.711994e-01
7.059532e-01
1.122043e-01
0
3.199109e-01
5.292646e-01
0
0
0
0
0
0
0
7.590674e-01
5.327028e-01
5.028100e-01
0
0
0
0
0
0
0
0
0
0
0
0
0
0
0
0
0
0
2.331408e-01
8.823562e-02
0
0
0
0
0
0
0
0
0
0
6.492950e-02
0
0
0
0
0
0
0
2.532770e-01
3.890650e-01
4.908073e-01
3.750387e-01
0
0
8.052645e-01
8.084154e-01
5.588095e-01
7.537004e-01
7.787933e-01
8.540368e-01
8.555690e-01
1
5.003475e-01
6.083318e-01
8.676632e-02
6.635299e-02
6.782608e-01
6.728464e-01
2.321977e-02
0
3.193503e-01
3.150072e-01
5.806908e-02
0
0
0
0
0
0
1.001966e-02
0
0
0
0
0
0
0
0
2.851223e-01
4.276594e-01
1.632123e-01
0
0
0
2.816064e-01
0
0
0
1.220181e-01
0
1.824933e-02
0
0
8.239253e-02
0
0
1.188668e-01
0
4.313100e-01
0
5.189441e-01
5.348680e-01
1.405981e-01
0
2.912951e-01
4.163205e-01
6.234128e-02
0
7.692150e-02
0
0
0
0
6.247416e-01
3.654144e-01
2.612731e-01
0
0
1.862932e-01
1.231305e-01
0
0
0
0
0
0
0
0
0
0
0
0
0
0
1.712466e-01
0
0
0
7.087166e-02
3.201169e-02
0
0
0
0
0
0
2.318601e-02
0
0
0
7.370129e-02
9.143386e-02
0
0
2.030089e-01
5.934667e-02
4.547996e-01
3.660721e-01
0
0
3.875580e-01
5.026375e-01
1.028037e-01
2.240126e-01
4.843564e-01
4.251920e-01
6.570618e-01
5.003475e-01
1.000000e+00
6.510968e-01
7.595245e-01
3.610966e-01
7.631971e-01
6.729498e-01
2.156644e-01
1.768650e-01
4.168161e-01
0
4.932948e-02
0
5.503312e-02
0
0
0
0
0
0
0
0
0
0
0
1.879373e-01
5.373387e-02
0
1.907565e-01
1.385182e-02
0
0
0
0
0
0
0
3.409526e-02
0
3.916091e-01
4.464242e-01
0
2.493881e-03
0
0
7.839270e-02
0
4.931447e-01
0
3.994756e-01
5.213287e-01
6.232105e-02
0
3.884750e-02
4.818686e-01
2.007087e-01
0
0
0
8.007092e-02
1.964368e-01
0
4.128397e-01
4.147779e-01
4.513100e-01
2.399244e-01
0
4.628383e-01
1.693697e-01
0
0
0
0
8.035220e-02
0
0
0
0
0
1.017972e-01
0
0
0
0
0
0
0
0
0
0
0
1.255824e-01
0
0
0
0
0
0
0
0
0
0
0
2.349485e-01
3.112177e-01
4.288665e-01
5.237565e-01
0
0
1.912983e-01
2.671486e-01
0
4.535018e-02
2.614948e-01
3.305831e-01
4.640478e-01
6.083318e-01
6.510968e-01
1
5.870568e-01
5.994336e-01
4.554680e-01
5.777613e-01
7.050960e-02
4.345339e-03
4.479929e-01
3.451045e-01
5.480772e-02
0
0
0
0
5.759812e-02
0
0
0
8.542827e-02
0
0
0
0
0
0
0
5.939455e-02
0
0
0
0
7.919802e-03
0
0
0
2.635626e-02
0
2.616996e-01
4.072428e-01
1.055597e-01
4.899688e-02
0
0
3.699951e-01
0
4.940230e-01
5.464490e-02
5.069541e-02
1.435114e-01
1.322312e-01
0
0
1.442575e-01
8.871753e-02
1.013948e-01
0
0
1.659860e-01
1.515749e-01
0
3.843135e-01
3.071226e-01
3.383553e-02
4.453726e-01
2.108795e-01
3.384565e-01
3.728885e-01
3.526767e-02
7.861890e-02
9.919143e-02
0
2.101918e-01
0
0
0
0
9.639689e-02
2.315916e-02
0
0
0
4.090266e-02
0
2.535720e-01
2.800799e-01
1.427464e-01
2.802637e-01
0
0
2.567799e-01
6.286542e-02
7.521907e-02
0
0
0
0
0
8.269569e-02
5.222518e-02
0
0
0
0
2.014158e-01
1.747063e-01
0
0
0
0
0
0
0
0
1.912693e-01
8.676632e-02
7.595245e-01
5.870568e-01
1
5.532603e-01
2.942572e-01
2.810185e-01
2.827696e-01
2.869849e-01
2.934489e-01
0
5.978313e-02
0
0
0
0
1.802967e-01
0
0
1.765383e-01
2.536817e-01
0
2.685096e-01
6.516060e-02
0
1.184683e-01
2.852412e-01
0
0
0
0
0
0
0
0
1.477691e-03
0
1.190274e-01
0
4.732579e-01
5.747625e-01
7.051981e-02
0
0
0
0
0
9.432971e-02
0
0
8.444888e-02
1.026875e-01
0
0
2.040909e-01
1.023239e-01
0
0
0
2.778850e-01
4.253536e-01
0
4.277079e-02
9.434518e-02
1.894736e-01
3.595239e-01
6.421472e-02
3.114335e-01
1.789005e-01
1.092356e-01
1.351662e-01
5.862306e-02
0
4.330204e-01
2.584656e-01
1.196343e-01
2.447506e-01
0
4.693674e-02
2.500271e-01
3.526750e-03
0
0
0
0
1.759206e-01
2.742302e-01
3.813245e-02
3.225978e-01
0
0
1.217537e-01
2.728605e-02
2.781625e-02
1.332865e-01
0
0
0
0
1.282612e-01
0
6.241983e-02
0
1.545171e-01
2.154203e-01
2.077985e-01
4.934097e-01
0
2.308346e-01
0
0
0
0
0
0
0
6.635299e-02
3.610966e-01
5.994336e-01
5.532603e-01
1
0
1.282649e-01
4.023045e-02
5.146671e-02
3.015311e-01
2.881100e-01
1.259987e-01
1.030712e-01
0
0
0
5.628257e-02
0
0
0
4.388318e-01
0
6.938146e-02
2.372414e-02
0
0
1.972322e-01
0
0
0
0
0
0
0
0
0
0
0
0
0
2.378153e-01
4.516566e-01
2.454557e-01
0
0
2.888437e-01
7.790676e-02
1.629401e-01
1.915860e-01
0
5.613880e-02
3.920711e-01
0
0
0
2.506404e-01
6.165336e-03
1.468653e-01
3.031528e-01
0
1.658308e-01
0
0
6.224732e-02
0
5.202061e-01
5.251801e-01
0
5.725830e-03
0
0
0
0
0
0
0
0
0
0
0
0
0
0
3.353316e-01
3.606871e-01
0
0
0
0
0
0
0
0
0
0
2.398710e-01
9.835119e-02
0
9.667458e-02
4.384388e-03
6.880771e-04
0
0
3.594470e-01
2.948423e-01
5.497809e-01
3.897710e-01
0
0
7.189683e-01
8.540028e-01
4.847738e-01
6.092005e-01
8.476368e-01
7.461036e-01
8.374741e-01
6.782608e-01
7.631971e-01
4.554680e-01
2.942572e-01
0
1
8.479302e-01
2.242000e-01
1.505928e-01
2.080570e-01
0
0
0
2.681191e-01
0
0
0
0
0
0
0
0
0
0
0
1.621253e-01
0
2.840347e-01
5.148530e-01
2.838603e-01
2.319884e-01
1.912178e-01
0
2.074157e-01
1.682979e-01
0
0
2.355211e-01
3.966313e-02
2.938068e-01
3.292918e-01
0
0
0
0
9.527684e-02
0
6.481775e-01
0
7.195248e-01
5.534633e-01
0
0
0
3.476899e-01
0
0
0
0
6.960786e-02
6.594444e-03
0
6.713756e-01
2.736826e-01
5.215690e-01
0
0
1.759604e-01
0
0
0
0
0
0
0
0
0
0
0
0
0
0
0
3.548972e-01
3.313318e-01
0
0
0
0
0
0
0
0
0
0
3.642741e-01
2.429494e-01
0
0
5.914484e-02
9.674460e-02
0
0
5.209801e-01
4.730004e-01
3.828016e-01
5.512391e-01
1.346977e-01
0
5.647386e-01
7.358035e-01
2.906558e-01
5.016625e-01
7.023924e-01
6.920748e-01
8.050768e-01
6.728464e-01
6.729498e-01
5.777613e-01
2.810185e-01
1.282649e-01
8.479302e-01
1
3.160660e-01
2.315209e-01
4.402457e-01
3.044784e-01
1.210197e-01
0
3.517326e-01
0
0
0
0
4.043711e-02
0
0
0
0
1.457679e-01
0
3.589054e-01
1.303671e-01
3.617801e-01
5.263528e-01
3.238654e-01
2.230762e-01
1.882214e-01
0
2.151583e-01
2.216362e-02
0
0
6.721206e-02
0
1.762105e-02
4.544090e-01
0
0
0
0
9.106978e-02
0
5.990284e-01
0
7.286843e-01
6.674851e-01
0
0
2.375727e-02
3.144632e-01
0
0
1.447718e-01
0
0
0
0
6.068243e-01
3.492082e-01
4.446111e-01
0
0
3.115986e-01
6.525234e-01
0
0
0
0
0
0
0
0
1.512936e-01
4.281549e-01
0
0
0
0
7.590454e-01
6.386366e-01
3.763539e-01
2.549749e-01
0
8.306459e-02
0
0
0
0
7.793759e-03
0
6.557730e-01
5.083921e-01
0
0
4.310275e-01
2.143708e-01
0
0
1.651816e-01
3.477284e-01
2.573852e-02
5.563401e-01
2.187093e-01
3.279944e-01
4.692473e-02
2.177761e-01
0
0
1.903720e-01
3.025211e-02
2.793074e-01
2.321977e-02
2.156644e-01
7.050960e-02
2.827696e-01
4.023045e-02
2.242000e-01
3.160660e-01
1
8.038634e-01
4.502378e-02
0
0
0
4.728339e-01
3.966159e-01
0
0
0
0
5.454216e-01
3.535403e-01
3.158653e-01
3.125888e-01
4.449896e-01
4.017457e-01
3.745175e-01
2.768680e-01
1.379440e-01
2.189242e-01
7.456866e-01
5.555313e-01
6.509773e-01
2.856135e-01
3.402325e-01
2.691287e-01
0
0
1.622145e-01
0
0
3.200105e-01
0
0
0
0
0
0
0
0
4.092263e-01
1.718176e-01
0
0
0
0
0
0
0
0
1.062709e-01
0
1.591483e-02
3.848918e-01
1.466510e-01
5.233026e-02
0
0
3.616273e-01
6.215344e-01
0
0
0
0
0
0
0
0
1.670196e-01
4.605349e-01
0
1.151281e-01
0
9.997810e-02
5.840098e-01
5.843685e-01
3.843944e-01
2.318866e-01
0
0
0
0
0
0
0
0
6.423791e-01
5.984346e-01
0
0
5.644404e-01
3.913474e-01
0
0
0
2.683948e-01
0
3.966012e-01
2.790184e-01
3.755454e-01
0
1.652886e-02
0
0
2.312421e-02
0
1.018795e-01
0
1.768650e-01
4.345339e-03
2.869849e-01
5.146671e-02
1.505928e-01
2.315209e-01
8.038634e-01
1
9.619762e-02
0
1.341034e-02
0
6.087467e-01
6.031101e-01
0
0
0
0
2.606781e-01
2.466070e-01
1.948819e-01
2.742627e-01
5.025976e-01
5.363458e-01
4.470216e-01
3.999723e-01
0
1.104494e-01
4.897168e-01
4.304177e-01
5.597563e-01
3.095673e-01
2.846194e-01
3.848462e-01
0
0
1.987377e-01
9.838105e-02
0
4.471192e-01
0
0
0
0
0
0
1.176207e-02
0
3.371303e-01
7.583670e-02
0
0
0
0
0
0
0
0
7.970293e-02
0
3.423171e-02
8.327219e-02
0
1.767605e-01
1.511929e-01
0
4.179036e-01
0
0
0
0
0
9.895195e-02
0
0
0
0
6.156827e-02
1.169429e-01
0
0
0
0
0
0
0
8.167578e-02
4.772015e-03
0
0
0
0
0
0
4.227090e-02
0
0
0
0
3.362151e-02
0
0
2.240084e-01
1.011708e-01
6.599253e-03
2.464962e-01
5.881333e-02
8.071351e-02
4.821671e-02
1.358786e-01
0
1.030759e-01
0
2.548747e-01
2.946601e-01
3.193503e-01
4.168161e-01
4.479929e-01
2.934489e-01
3.015311e-01
2.080570e-01
4.402457e-01
4.502378e-02
9.619762e-02
1
6.716581e-01
4.363677e-01
3.533828e-03
1.561986e-01
2.424691e-01
0
0
1.186312e-01
3.596152e-01
0
1.860876e-01
1.683415e-02
0
3.184501e-01
1.619765e-01
4.780051e-01
2.443485e-01
6.146916e-02
1.955133e-01
0
0
0
0
0
9.283608e-02
0
0
0
9.766301e-02
1.160740e-01
2.015135e-01
1.208449e-01
2.355814e-01
0
0
0
0
1.910467e-01
2.449417e-02
7.615946e-02
3.763248e-01
3.451959e-01
0
4.576503e-01
5.464541e-01
1.976907e-01
0
1.856702e-01
1.932763e-01
0
0
0
0
5.037315e-01
3.440694e-01
1.213167e-01
0
2.844148e-01
0
0
0
0
0
1.543168e-02
3.131542e-01
0
0
0
1.837235e-01
2.207703e-01
1.363946e-01
0
0
0
0
0
0
0
0
0
0
0
0
0
0
1.080202e-01
6.380704e-02
0
0
0
2.762052e-02
0
0
2.829270e-01
4.145477e-01
0
2.202222e-01
2.155679e-01
2.327265e-01
3.981725e-02
1.959010e-02
0
1.358631e-01
0
2.444179e-01
1.572392e-01
3.150072e-01
0
3.451045e-01
0
2.881100e-01
0
3.044784e-01
0
0
6.716581e-01
1.000000e+00
4.872053e-01
4.715584e-01
8.226430e-02
3.161033e-01
0
0
1.051727e-01
4.110124e-01
0
2.383737e-01
4.399187e-02
2.175766e-02
2.472070e-01
3.192152e-01
3.091118e-01
3.092794e-01
1.159176e-01
2.389487e-01
0
0
0
0
1.952624e-02
0
0
0
0
0
0
2.609443e-02
2.921680e-01
1.603949e-01
0
0
2.218596e-03
0
1.773808e-01
1.487791e-02
9.058613e-02
2.625055e-01
2.834182e-01
0
3.474246e-01
2.116417e-01
0
0
2.792371e-01
1.079216e-01
0
0
0
0
2.729572e-01
3.541010e-02
0
0
8.608469e-02
0
0
2.737881e-02
0
0
2.921000e-02
2.115361e-01
0
3.115965e-02
0
3.127918e-02
3.791335e-01
1.291878e-01
0
3.506897e-01
0
0
0
0
0
0
0
0
0
0
0
0
1.184571e-02
4.867461e-02
0
0
1.018159e-01
3.831242e-01
0
3.150028e-01
0
0
7.259170e-02
0
1.941078e-01
0
0
0
2.499976e-02
5.438081e-02
0
1.204592e-01
9.837480e-02
5.806908e-02
4.932948e-02
5.480772e-02
5.978313e-02
1.259987e-01
0
1.210197e-01
0
1.341034e-02
4.363677e-01
4.872053e-01
1
3.071583e-01
2.657238e-01
3.537042e-01
0
0
3.136770e-01
5.536899e-01
0
0
0
1.164850e-01
2.738796e-01
2.905134e-01
4.234423e-01
4.505821e-01
4.571223e-02
1.045971e-01
0
0
0
0
0
0
0
2.026842e-02
0
0
5.184628e-02
0
4.386143e-01
2.406367e-01
1.792637e-01
0
0
0
0
0
1.125050e-01
4.015859e-01
3.662950e-01
0
4.607870e-01
3.035598e-01
0
0
2.225943e-01
1.950025e-01
0
0
0
0
2.212486e-01
4.495260e-01
0
0
6.308939e-02
0
8.492945e-02
4.507415e-01
5.658579e-02
3.489305e-01
3.339438e-01
7.140099e-01
2.555414e-01
6.393423e-01
0
3.504243e-01
5.790894e-01
5.286474e-01
1.830162e-01
4.019373e-01
0
0
2.112978e-01
1.889933e-01
2.819322e-02
7.311497e-02
8.978720e-02
9.386873e-02
1.566067e-01
6.655232e-02
1.926786e-01
1.166462e-01
0
0
5.937217e-02
0
0
0
3.246569e-01
2.733039e-01
0
0
0
0
0
1.514523e-01
0
0
0
0
0
0
0
0
0
0
0
1.030712e-01
0
0
0
0
3.533828e-03
4.715584e-01
3.071583e-01
1
0
2.441516e-01
2.480527e-01
4.472864e-01
6.262721e-02
1.538168e-01
0
1.924066e-01
1.961313e-02
1.358636e-01
4.059215e-02
2.938522e-01
0
1.991914e-01
0
0
0
0
0
0
0
0
0
3.307735e-01
0
3.224637e-02
0
0
3.994983e-01
1.011317e-01
3.355978e-01
1.146084e-01
0
3.376706e-01
0
2.435668e-01
0
0
1.835994e-01
1.209925e-01
9.630105e-02
0
0
0
4.825499e-02
1.924062e-01
0
0
8.608693e-02
0
0
0
0
1.458495e-01
5.929201e-02
0
0
0
0
0
0
0
0
0
2.251911e-01
3.668769e-01
0
1.860520e-01
0
3.998295e-01
6.569396e-01
5.771115e-01
0
0
0
0
0
0
0
0
0
0
8.201433e-01
7.853101e-01
0
2.669399e-02
2.758516e-01
4.492426e-01
0
0
3.063250e-02
6.670010e-02
0
1.056983e-02
5.779532e-01
2.328710e-01
1.790651e-01
3.773204e-01
4.717846e-02
1.707060e-01
3.146073e-01
2.024937e-01
3.456428e-01
0
5.503312e-02
0
0
0
2.681191e-01
3.517326e-01
4.728339e-01
6.087467e-01
1.561986e-01
8.226430e-02
2.657238e-01
0
1.000000e+00
6.598219e-01
0
0
0
5.891297e-02
3.936638e-01
1.237234e-01
1.390661e-01
2.860443e-01
5.940029e-01
5.175440e-01
5.773112e-01
3.421519e-01
1.552568e-01
3.474427e-01
4.611739e-01
4.966351e-01
6.381876e-01
1.354244e-01
2.987892e-01
4.146631e-01
0
0
0
0
0
1.481335e-01
0
0
0
0
0
0
0
0
5.550800e-01
4.890153e-01
0
0
2.645780e-01
3.711173e-01
0
0
1.225874e-01
0
0
0
0
1.708356e-01
2.314026e-01
5.285655e-01
0
0
4.628126e-01
1.797090e-01
0
1.150768e-01
0
0
0
3.290736e-01
0
0
4.172131e-01
6.676302e-01
2.144856e-01
5.634314e-01
1.170876e-01
3.863474e-01
3.120770e-01
1.978654e-01
4.134651e-01
2.605408e-01
0
0
0
0
0
0
0
0
5.476993e-01
5.862084e-01
0
0
3.512009e-01
4.141537e-01
0
0
0
0
0
0
4.344924e-01
2.510363e-01
0
0
0
0
0
0
0
0
0
0
0
0
0
0
3.966159e-01
6.031101e-01
2.424691e-01
3.161033e-01
3.537042e-01
2.441516e-01
6.598219e-01
1
0
0
0
4.543698e-02
3.178675e-01
2.947183e-01
1.239455e-01
3.998383e-01
5.953021e-01
6.443987e-01
4.727421e-01
4.378223e-01
0
0
1.848233e-01
2.495756e-01
3.373842e-01
0
2.153765e-01
1.396322e-01
0
0
0
0
0
8.016373e-02
0
0
0
0
0
0
0
0
8.145453e-03
6.889321e-02
1.843887e-02
0
2.159428e-01
5.415098e-02
0
0
1.086101e-01
0
0
0
4.617976e-02
0
6.644362e-02
9.734142e-02
0
0
0
0
4.414570e-01
4.221752e-01
5.141824e-01
5.302015e-01
3.286739e-01
5.688120e-02
6.299091e-01
4.139270e-01
0
0
1.201629e-01
0
2.503287e-01
0
0
0
0
1.655852e-02
1.373900e-01
1.324550e-01
5.822780e-01
5.712943e-01
4.737399e-01
4.257197e-01
2.531694e-01
2.293367e-01
0
0
3.250647e-01
2.812711e-01
0
0
7.760812e-01
6.462397e-01
0
0
1.696540e-01
0
0
0
0
0
1.483259e-01
0
0
0
0
0
0
0
0
0
0
0
0
0
0
0
0
2.480527e-01
0
0
1
4.482734e-01
4.670079e-01
1.550291e-01
0
0
0
0
0
0
0
0
0
0
0
0
0
1.596766e-01
0
0
6.720954e-01
3.965660e-01
1.490084e-01
2.879544e-01
2.235131e-01
0
1.197011e-01
2.256047e-01
3.144079e-01
3.107229e-01
8.711381e-02
4.110114e-01
0
1.251112e-01
0
0
0
3.215312e-01
0
0
1.864130e-01
3.572892e-01
0
2.767229e-01
2.023142e-01
3.586827e-01
1.754489e-01
0
0
0
0
9.948902e-02
3.168819e-01
2.440276e-01
6.160051e-01
4.862884e-01
6.116008e-01
2.932166e-01
6.437090e-01
2.022583e-01
1.997408e-01
3.861022e-01
9.668274e-02
1.048201e-01
4.592622e-01
2.593485e-01
3.053272e-01
0
0
0
4.794772e-01
2.419391e-01
2.776767e-01
1.387394e-01
4.977784e-01
4.447458e-01
8.842071e-01
7.310756e-01
5.844611e-01
3.437930e-01
0
0
4.735049e-01
7.353740e-02
0
0
3.383819e-01
3.853859e-02
0
0
0
0
0
0
0
0
0
0
0
0
0
0
0
5.759812e-02
1.802967e-01
5.628257e-02
0
0
0
0
0
0
0
4.472864e-01
0
0
4.482734e-01
1.000000e+00
1.707841e-02
0
0
0
0
0
0
0
0
0
0
0
0
0
0
0
0
0
2.561790e-01
5.814995e-01
1.109564e-01
6.663295e-02
6.038706e-01
2.223275e-01
7.110496e-02
2.073548e-01
1.800293e-01
1.315693e-01
0
3.074155e-01
0
3.466698e-01
0
0
9.617325e-02
1.828105e-01
0
0
2.778024e-01
1.738393e-01
0
4.787427e-02
9.233794e-02
3.523900e-01
4.169452e-01
0
0
0
1.305922e-01
1.421695e-01
0
0
0
1.601628e-01
0
0
1.015796e-01
0
0
0
0
0
0
0
0
0
0
0
0
0
8.036202e-02
0
0
7.475987e-02
0
1.230758e-02
0
0
0
0
0
2.504036e-01
3.576961e-02
2.937852e-01
3.801314e-01
7.587833e-01
1.782362e-01
0
7.405619e-02
0
1.970688e-01
0
1.143636e-01
0
4.733387e-01
3.335907e-01
0
1.361081e-01
0
0
0
0
0
0
0
0
0
0
1.186312e-01
1.051727e-01
3.136770e-01
6.262721e-02
0
0
4.670079e-01
1.707841e-02
1
8.539844e-01
0
0
2.469228e-02
0
7.971771e-02
9.774943e-02
2.069877e-01
2.078981e-01
4.603633e-01
3.445024e-01
0
0
0
0
0
0
2.269300e-01
3.473313e-01
7.462479e-02
2.987740e-01
1.526412e-02
0
1.874991e-01
2.988143e-01
1.751417e-01
2.968361e-01
0
0
1.784316e-01
0
0
1.143629e-01
0
8.091602e-02
6.893151e-02
1.041921e-01
1.149883e-01
7.887236e-02
1.183774e-01
2.504249e-01
0
1.157537e-02
0
0
1.418727e-02
4.030651e-01
0
0
0
0
0
7.276810e-02
0
0
4.425130e-02
0
0
0
0
0
3.775352e-02
0
0
0
0
0
0
0
0
0
0
0
0
0
0
0
0
4.091847e-02
0
2.011585e-01
0
2.481132e-01
1.684437e-01
6.824854e-01
2.431919e-01
0
4.413352e-02
0
3.816764e-01
0
1.193782e-01
4.650684e-02
3.809635e-01
3.814308e-01
0
2.207131e-01
0
1.001966e-02
0
0
0
0
0
4.043711e-02
0
0
3.596152e-01
4.110124e-01
5.536899e-01
1.538168e-01
5.891297e-02
4.543698e-02
1.550291e-01
0
8.539844e-01
1
0
0
0
0
2.067989e-01
1.714683e-01
3.851788e-01
1.824943e-01
4.868588e-01
4.115639e-01
0
0
0
0
0
0
0
3.075928e-01
0
1.433023e-01
0
0
1.714935e-01
4.229017e-01
2.041675e-01
3.206228e-01
0
0
5.817130e-02
0
8.269298e-02
2.777709e-01
7.611369e-02
0
2.967447e-01
1.791266e-01
7.186035e-02
0
3.539562e-01
2.695748e-01
0
0
0
0
9.577887e-02
4.046871e-01
0
0
2.000722e-02
1.938237e-01
0
1.012182e-02
4.503175e-02
1.921990e-01
0
2.332527e-01
0
1.146449e-01
5.585274e-02
5.272525e-01
0
3.261971e-01
7.531312e-02
2.951595e-01
4.739788e-01
2.649052e-01
3.149898e-01
5.879007e-01
3.838235e-01
5.848065e-01
0
0
0
0
2.450078e-01
1.679890e-01
4.378751e-01
4.206501e-01
0
0
2.462018e-01
3.093856e-01
0
0
0
0
0
0
2.169414e-01
1.479600e-01
0
0
0
0
0
0
0
0
0
0
1.765383e-01
0
0
0
5.454216e-01
2.606781e-01
0
0
0
0
3.936638e-01
3.178675e-01
0
0
0
0
1
6.521561e-01
4.019604e-01
6.230542e-01
4.879527e-01
3.521513e-01
2.293758e-01
3.885514e-01
7.957544e-02
0
5.148169e-01
4.852641e-01
5.539642e-01
2.411979e-01
0
6.830572e-02
1.517679e-01
0
0
0
0
1.539465e-01
1.203491e-02
0
2.126022e-03
0
0
0
0
0
1.170151e-01
1.251535e-01
1.097042e-01
2.985049e-01
7.793865e-02
6.306938e-02
0
0
8.497923e-02
0
0
0
4.764862e-02
6.210241e-02
1.318877e-01
0
0
0
2.751946e-01
1.791136e-01
0
2.703934e-01
0
9.899690e-02
2.202895e-01
5.819830e-01
7.786139e-02
3.272984e-01
6.919331e-02
6.393358e-01
2.876368e-01
5.417016e-01
9.280735e-02
3.622871e-01
1.787837e-01
0
3.489140e-01
5.778115e-01
2.676296e-01
6.194003e-01
0
1.150450e-02
0
0
1.985471e-01
1.308902e-01
2.004151e-01
2.310676e-01
0
0
1.065100e-01
9.788102e-02
0
0
9.382596e-02
1.496475e-01
0
1.493488e-01
1.838125e-01
4.096240e-01
0
0
0
0
0
0
0
0
0
8.542827e-02
2.536817e-01
4.388318e-01
0
0
3.535403e-01
2.466070e-01
1.860876e-01
2.383737e-01
0
1.924066e-01
1.237234e-01
2.947183e-01
0
0
0
0
6.521561e-01
1
4.558417e-01
6.068687e-01
4.552742e-01
4.321799e-01
1.487856e-01
4.821488e-01
0
0
1.146663e-01
4.215005e-02
1.923685e-01
0
0
2.405646e-02
0
0
0
0
0
2.804969e-01
3.009738e-01
0
0
0
5.267697e-02
0
0
6.694481e-02
0
0
1.851170e-01
2.330557e-01
0
0
0
0
2.390913e-01
7.321125e-02
0
0
6.827661e-02
0
1.041666e-01
0
2.081820e-01
2.599330e-01
0
2.039806e-01
9.913667e-02
9.395418e-02
1.073648e-01
5.548414e-02
0
1.439961e-01
0
0
6.738096e-02
2.769142e-01
0
4.451780e-02
0
0
2.583864e-01
4.106442e-01
2.686508e-01
2.855873e-01
2.780267e-01
4.551821e-01
0
1.316307e-01
0
9.291947e-03
3.222231e-01
2.114730e-01
4.234669e-01
4.903445e-01
0
0
1.104880e-01
1.515397e-01
0
0
7.877961e-02
1.808056e-01
0
0
2.887118e-01
3.167928e-01
0
0
0
0
0
0
0
0
0
0
0
0
0
0
3.158653e-01
1.948819e-01
1.683415e-02
4.399187e-02
0
1.961313e-02
1.390661e-01
1.239455e-01
0
0
2.469228e-02
0
4.019604e-01
4.558417e-01
1.000000e+00
5.322159e-01
5.668750e-01
3.792260e-01
3.926524e-01
3.698508e-01
3.244216e-01
1.529890e-01
2.688463e-01
2.044697e-01
3.872507e-01
3.348952e-01
2.056069e-02
3.538008e-01
3.295346e-02
0
6.305542e-02
2.441549e-01
0
1.935165e-01
0
0
0
0
0
0
0
0
4.599282e-03
0
0
1.495462e-01
0
0
0
0
1.194419e-01
0
1.394148e-01
0
0
0
0
0
0
0
8.467817e-02
3.409536e-02
0
4.043275e-01
0
2.606783e-01
6.777512e-02
5.428634e-01
0
2.338089e-01
2.314994e-01
5.593077e-01
1.936393e-01
3.948333e-01
1.482850e-01
3.957605e-01
3.542580e-01
2.387278e-01
2.817672e-01
3.702255e-01
0
3.138430e-01
5.365779e-02
1.095494e-01
0
0
0
0
3.501494e-01
5.594377e-01
0
2.966756e-01
1.400602e-01
2.721234e-01
0
0
0
0
0
0
2.434072e-01
1.234878e-01
0
0
0
0
0
0
0
0
0
0
2.685096e-01
6.938146e-02
0
0
3.125888e-01
2.742627e-01
0
2.175766e-02
1.164850e-01
1.358636e-01
2.860443e-01
3.998383e-01
0
0
0
0
6.230542e-01
6.068687e-01
5.322159e-01
1
6.397508e-01
5.468425e-01
4.412667e-01
7.161847e-01
4.584869e-02
0
2.789831e-01
4.661889e-01
4.288934e-01
1.594247e-01
4.990893e-02
0
2.391394e-01
0
0
0
0
3.109371e-01
4.338635e-02
0
0
0
0
0
0
0
0
3.166456e-02
0
2.271946e-01
0
0
0
0
2.023423e-01
0
2.403052e-01
0
0
0
0
0
0
0
3.115336e-02
0
0
1.387760e-02
0
0
0
1.533580e-01
0
0
7.353695e-02
3.244247e-01
0
1.199370e-01
0
2.666583e-01
4.733464e-01
5.076151e-01
7.232151e-02
1.704142e-01
3.283200e-02
2.760093e-01
0
0
0
0
0
0
6.835858e-01
7.647611e-01
0
3.602648e-03
3.999692e-01
4.846959e-01
0
0
2.650143e-01
1.238760e-02
0
1.102701e-01
7.259312e-01
5.412854e-01
0
0
0
0
0
0
0
0
0
0
6.516060e-02
2.372414e-02
0
1.457679e-01
4.449896e-01
5.025976e-01
3.184501e-01
2.472070e-01
2.738796e-01
4.059215e-02
5.940029e-01
5.953021e-01
0
0
7.971771e-02
2.067989e-01
4.879527e-01
4.552742e-01
5.668750e-01
6.397508e-01
1.000000e+00
8.596988e-01
8.660027e-01
7.963515e-01
3.278182e-01
2.667381e-01
3.801350e-01
3.046092e-01
3.782937e-01
0
7.973362e-02
4.128382e-01
0
0
0
1.811143e-01
0
1.401009e-01
0
0
0
0
0
0
0
0
2.222898e-01
3.466984e-01
0
9.509433e-02
1.109940e-01
1.395663e-01
0
0
3.752532e-01
0
0
0
0
0
0
2.983362e-01
0
0
2.097130e-03
0
0
1.448744e-01
0
0
0
3.284058e-01
0
4.671093e-03
5.678727e-02
3.432632e-01
2.036776e-02
1.851636e-01
0
3.083534e-01
4.322857e-01
5.097915e-01
2.895691e-02
1.399175e-01
0
1.238849e-01
0
0
0
0
0
0
6.034878e-01
7.501076e-01
0
5.341563e-03
4.748364e-01
4.333330e-01
0
2.294925e-02
3.002135e-01
1.423029e-01
0
1.677689e-01
7.389585e-01
6.755287e-01
0
0
0
0
0
0
0
0
0
0
0
0
0
0
4.017457e-01
5.363458e-01
1.619765e-01
3.192152e-01
2.905134e-01
2.938522e-01
5.175440e-01
6.443987e-01
0
0
9.774943e-02
1.714683e-01
3.521513e-01
4.321799e-01
3.792260e-01
5.468425e-01
8.596988e-01
1.000000e+00
7.106189e-01
8.272055e-01
2.572855e-01
2.647370e-01
3.524630e-01
2.531526e-01
3.498237e-01
0
2.453706e-01
3.255484e-01
0
0
0
2.220637e-01
0
9.950725e-03
0
0
0
0
0
0
0
0
1.174265e-01
1.234456e-01
0
5.457928e-02
0
0
0
0
3.277293e-01
0
1.281725e-02
0
0
0
0
1.953365e-01
0
0
1.418963e-01
0
0
0
0
0
0
0
0
0
8.964274e-02
1.730600e-01
0
0
0
7.029379e-02
3.714779e-01
4.793698e-01
0
0
0
1.261008e-02
0
0
0
0
0
0
5.466557e-01
6.318298e-01
0
6.741672e-02
2.464399e-01
3.943331e-01
0
0
2.980676e-01
0
0
1.394410e-01
5.737139e-01
2.492280e-01
0
1.616646e-01
0
8.136902e-02
3.030796e-02
9.161235e-02
1.367953e-01
0
1.879373e-01
0
1.184683e-01
0
1.621253e-01
3.589054e-01
3.745175e-01
4.470216e-01
4.780051e-01
3.091118e-01
4.234423e-01
0
5.773112e-01
4.727421e-01
0
0
2.069877e-01
3.851788e-01
2.293758e-01
1.487856e-01
3.926524e-01
4.412667e-01
8.660027e-01
7.106189e-01
1
7.109781e-01
4.412995e-01
5.717122e-01
2.369200e-01
1.928165e-01
1.771602e-01
0
5.144825e-02
2.820104e-01
0
0
6.881899e-02
1.435011e-01
0
2.599143e-01
0
0
0
0
0
0
0
0
3.188372e-01
4.170430e-01
0
4.398111e-02
1.054126e-01
2.410515e-01
0
0
2.349379e-01
0
0
0
0
0
1.100707e-01
5.651201e-01
0
0
0
0
0
2.792055e-01
0
0
0
3.888356e-01
0
2.921093e-02
0
2.608263e-01
4.998983e-02
7.058066e-02
0
2.209661e-01
2.677491e-01
3.063014e-01
3.729983e-03
2.058981e-01
0
2.349476e-01
0
0
0
0
0
0
3.867701e-01
5.596672e-01
0
6.061703e-02
4.574195e-01
5.593625e-01
0
7.206545e-02
2.060838e-01
0
0
3.444666e-02
4.279719e-01
3.797143e-01
0
0
0
0
0
0
0
0
5.373387e-02
0
2.852412e-01
1.972322e-01
0
1.303671e-01
2.768680e-01
3.999723e-01
2.443485e-01
3.092794e-01
4.505821e-01
1.991914e-01
3.421519e-01
4.378223e-01
0
0
2.078981e-01
1.824943e-01
3.885514e-01
4.821488e-01
3.698508e-01
7.161847e-01
7.963515e-01
8.272055e-01
7.109781e-01
1
2.186871e-01
1.783073e-01
1.680836e-01
1.597946e-01
1.470380e-01
0
0
3.643343e-02
0
0
4.256934e-02
6.333714e-02
0
2.647924e-01
1.114208e-01
0
0
0
0
0
0
0
9.407736e-02
2.085225e-01
0
0
0
0
0
0
2.008876e-01
0
0
0
0
0
0
3.262102e-01
0
0
0
0
0
0
0
0
0
0
0
0
0
0
0
0
0
0
3.228364e-01
3.979659e-01
0
0
0
0
0
0
0
0
0
0
3.848554e-01
3.976561e-01
0
0
6.771187e-02
1.861983e-01
0
2.431109e-01
5.874210e-01
2.533969e-01
2.204483e-01
2.754073e-01
5.169845e-01
2.117294e-01
4.281191e-01
4.750713e-01
5.874897e-01
6.020073e-01
3.239368e-01
4.230013e-01
2.992249e-01
2.851223e-01
0
0
0
0
2.840347e-01
3.617801e-01
1.379440e-01
0
6.146916e-02
1.159176e-01
4.571223e-02
0
1.552568e-01
0
0
0
4.603633e-01
4.868588e-01
7.957544e-02
0
3.244216e-01
4.584869e-02
3.278182e-01
2.572855e-01
4.412995e-01
2.186871e-01
1
7.825786e-01
4.276523e-01
2.019667e-01
2.369867e-01
0
2.459362e-01
4.889311e-02
5.513767e-02
0
3.154093e-01
4.050213e-02
0
0
0
0
0
0
8.812617e-02
0
1.966982e-01
0
4.708687e-01
4.679704e-01
0
0
0
1.317040e-02
0
0
3.928815e-01
0
5.612809e-02
0
0
4.383349e-01
1.198802e-01
4.458093e-01
0
0
0
0
0
0
0
0
0
0
0
0
0
0
0
0
0
0
3.929393e-01
4.904679e-01
0
0
0
0
0
0
0
0
0
0
4.153538e-01
3.908284e-01
0
1.334684e-02
6.179836e-03
1.098728e-01
0
0
5.237161e-01
3.679583e-01
2.972531e-01
2.976479e-01
3.863425e-01
7.854223e-02
5.670630e-01
6.703557e-01
5.984893e-01
6.357414e-01
5.410154e-01
6.209174e-01
5.145696e-01
4.276594e-01
1.907565e-01
5.939455e-02
0
0
5.148530e-01
5.263528e-01
2.189242e-01
1.104494e-01
1.955133e-01
2.389487e-01
1.045971e-01
0
3.474427e-01
0
0
0
3.445024e-01
4.115639e-01
0
0
1.529890e-01
0
2.667381e-01
2.647370e-01
5.717122e-01
1.783073e-01
7.825786e-01
1
3.098533e-01
7.047664e-02
1.728121e-01
0
3.157473e-01
9.256914e-02
0
0
3.036643e-01
7.456156e-02
0
0
0
0
0
0
9.173576e-02
0
4.143734e-01
0
5.734752e-01
4.730122e-01
0
0
0
1.957278e-01
0
0
3.017674e-02
0
7.649102e-02
0
0
5.525379e-01
2.926608e-01
6.249680e-01
0
0
0
2.790855e-01
0
0
0
0
0
0
0
0
8.973161e-02
1.076172e-01
0
0
0
0
8.145485e-01
7.928616e-01
1.629130e-02
0
0
0
0
0
0
0
0
0
7.656458e-01
6.432021e-01
0
0
4.546406e-01
2.714002e-01
0
0
2.979087e-01
3.971071e-01
1.559375e-01
4.719369e-01
4.889697e-01
3.956197e-01
3.235332e-01
4.137936e-01
2.317900e-01
2.276235e-01
4.470326e-01
2.300562e-01
3.471399e-01
1.632123e-01
1.385182e-02
0
0
0
2.838603e-01
3.238654e-01
7.456866e-01
4.897168e-01
0
0
0
0
4.611739e-01
1.848233e-01
0
0
0
0
5.148169e-01
1.146663e-01
2.688463e-01
2.789831e-01
3.801350e-01
3.524630e-01
2.369200e-01
1.680836e-01
4.276523e-01
3.098533e-01
1
8.035994e-01
8.413266e-01
4.801567e-01
5.273783e-01
2.774632e-01
0
0
1.403165e-01
0
0
0
0
0
0
0
0
0
1.280602e-02
0
6.628676e-01
3.389675e-01
0
0
0
0
0
0
1.834537e-01
0
0
0
0
4.334607e-01
0
0
0
0
0
2.264355e-01
0
0
0
1.756313e-01
0
0
0
0
2.742990e-01
2.818813e-01
0
0
1.142984e-01
2.079791e-01
6.171232e-01
6.843722e-01
1.486107e-01
0
0
0
7.168863e-02
0
0
0
0
0
5.699933e-01
6.557330e-01
2.509667e-02
2.208576e-01
2.443115e-01
1.537705e-01
0
0
2.358006e-03
0
0
1.067661e-01
3.171707e-01
7.339421e-02
1.203246e-01
2.603515e-01
6.807243e-02
8.142386e-02
3.055725e-01
4.385632e-02
1.883405e-01
0
0
0
0
0
2.319884e-01
2.230762e-01
5.555313e-01
4.304177e-01
0
0
0
0
4.966351e-01
2.495756e-01
0
0
0
0
4.852641e-01
4.215005e-02
2.044697e-01
4.661889e-01
3.046092e-01
2.531526e-01
1.928165e-01
1.597946e-01
2.019667e-01
7.047664e-02
8.035994e-01
1
8.510307e-01
6.231471e-01
4.961427e-01
2.433403e-01
2.159060e-01
0
3.166381e-01
0
0
1.202760e-01
0
0
0
0
0
0
0
0
4.325858e-01
9.203800e-02
0
0
0
0
0
0
2.437607e-01
0
1.519699e-01
0
0
2.139412e-01
0
2.666421e-02
0
0
0
3.401745e-01
0
0
0
1.444450e-01
0
0
0
0
2.996501e-01
3.369050e-01
0
5.361080e-02
1.352061e-01
1.823176e-01
7.903264e-01
7.405761e-01
1.370479e-01
1.022644e-01
0
0
4.368515e-03
0
0
0
0
0
7.901290e-01
7.963216e-01
0
2.330072e-02
3.185127e-01
2.469188e-01
0
0
6.832494e-02
2.306438e-01
0
1.510555e-01
4.569897e-01
3.109349e-01
1.212966e-01
2.997513e-01
5.690133e-02
7.585884e-02
3.096484e-01
6.057612e-03
1.854390e-01
0
0
0
0
0
1.912178e-01
1.882214e-01
6.509773e-01
5.597563e-01
0
0
0
0
6.381876e-01
3.373842e-01
0
0
0
0
5.539642e-01
1.923685e-01
3.872507e-01
4.288934e-01
3.782937e-01
3.498237e-01
1.771602e-01
1.470380e-01
2.369867e-01
1.728121e-01
8.413266e-01
8.510307e-01
1
6.752334e-01
5.615307e-01
3.962104e-01
1.008350e-01
0
1.673127e-01
0
0
7.914411e-02
0
0
0
0
0
0
0
0
4.825141e-01
1.726425e-01
0
0
0
0
0
0
1.081830e-01
0
1.913499e-01
0
0
3.255613e-01
0
5.120479e-02
0
0
0
4.129434e-01
8.944449e-02
3.554362e-02
3.572446e-01
5.168478e-01
0
3.589365e-02
2.907266e-01
2.338099e-01
1.001330e-01
1.856404e-01
0
4.585538e-02
3.305980e-01
1.742646e-01
2.679014e-01
5.292495e-01
2.897526e-01
1.712258e-01
0
0
3.125384e-01
2.331558e-01
1.052995e-01
9.208042e-02
2.151846e-01
3.361287e-01
2.656997e-01
3.571382e-01
4.984428e-02
8.953818e-03
1.949064e-01
2.768556e-02
1.442796e-01
0
0
8.995915e-02
0
0
4.694641e-03
8.075926e-02
0
0
1.901125e-03
0
8.117886e-02
0
0
0
0
0
0
0
0
0
2.856135e-01
3.095673e-01
0
0
0
0
1.354244e-01
0
1.596766e-01
0
0
0
2.411979e-01
0
3.348952e-01
1.594247e-01
0
0
0
0
0
0
4.801567e-01
6.231471e-01
6.752334e-01
1
2.339430e-01
3.985800e-01
3.456726e-01
6.211526e-03
3.094543e-01
2.566706e-01
0
1.280169e-01
0
0
6.530719e-03
0
0
3.779941e-01
0
0
1.424735e-01
0
0
0
0
0
0
0
0
0
1.136171e-01
7.216248e-02
3.117628e-01
0
0
0
0
1.355702e-01
2.711165e-03
1.256974e-01
0
0
0
0
0
0
0
0
4.887316e-01
6.303508e-02
0
0
1.010920e-01
0
5.776631e-01
5.183739e-01
0
0
0
0
1.064881e-01
0
0
0
0
0
4.617968e-01
4.944097e-01
3.082193e-01
2.325403e-01
0
0
0
0
3.796075e-01
4.180911e-01
1.393859e-01
4.025027e-01
4.241418e-01
3.649698e-01
2.196716e-01
3.852439e-01
1.144892e-01
1.662046e-01
3.343788e-01
1.783861e-01
1.854644e-01
2.816064e-01
0
7.919802e-03
0
0
2.074157e-01
2.151583e-01
3.402325e-01
2.846194e-01
0
1.952624e-02
0
0
2.987892e-01
2.153765e-01
0
0
0
0
0
0
2.056069e-02
4.990893e-02
7.973362e-02
2.453706e-01
5.144825e-02
0
2.459362e-01
3.157473e-01
5.273783e-01
4.961427e-01
5.615307e-01
2.339430e-01
1
2.988346e-01
0
0
2.020903e-01
3.018510e-02
0
0
0
0
0
0
3.985526e-03
1.515793e-01
0
0
2.373882e-01
9.785041e-02
0
0
0
0
0
0
2.931944e-01
0
4.338689e-01
0
0
3.277378e-01
0
0
0
0
0
7.714134e-02
0
0
0
0
0
0
0
0
8.697100e-02
0
0
0
0
1.472112e-01
3.782068e-01
6.012549e-01
0
0
1.069920e-02
5.786332e-02
1.311683e-01
7.635766e-02
0
0
0
0
4.625235e-01
4.838412e-01
0
1.131181e-01
1.334527e-01
0
0
0
1.294289e-01
1.699351e-01
0
8.780396e-02
4.739525e-01
5.296795e-01
0
1.214044e-01
0
3.845296e-02
8.382720e-02
0
0
0
0
0
0
0
1.682979e-01
2.216362e-02
2.691287e-01
3.848462e-01
9.283608e-02
0
0
0
4.146631e-01
1.396322e-01
0
0
0
0
6.830572e-02
2.405646e-02
3.538008e-01
0
4.128382e-01
3.255484e-01
2.820104e-01
3.643343e-02
4.889311e-02
9.256914e-02
2.774632e-01
2.433403e-01
3.962104e-01
3.985800e-01
2.988346e-01
1.000000e+00
0
0
0
7.752594e-01
0
0
0
0
0
0
0
0
7.425505e-02
0
1.868573e-01
3.284215e-02
0
2.209147e-01
0
1.371469e-01
3.980007e-02
0
1.661029e-01
2.855119e-02
7.156232e-02
5.252987e-02
2.364260e-01
0
0
1.089413e-01
0
0
0
5.485537e-02
3.466512e-01
4.723643e-01
3.909958e-01
6.682886e-01
1.409919e-01
1.356930e-01
4.537621e-01
3.495813e-01
1.524263e-01
0
3.965031e-02
4.706947e-02
4.178829e-01
1.007253e-01
0
0
1.065560e-01
2.475519e-01
7.594619e-02
9.769458e-02
7.064176e-01
7.034765e-01
2.783441e-01
2.840402e-01
2.459324e-01
1.477822e-01
0
0
4.115563e-01
4.428321e-01
0
0
2.617767e-01
3.165411e-01
0
0
0
0
0
0
0
0
4.677781e-02
0
0
0
0
0
0
0
1.477691e-03
0
0
0
0
0
0
0
0
0
0
0
6.720954e-01
2.561790e-01
2.269300e-01
0
1.517679e-01
0
3.295346e-02
2.391394e-01
0
0
0
0
5.513767e-02
0
0
2.159060e-01
1.008350e-01
3.456726e-01
0
0
1
5.115947e-01
3.639069e-01
7.705671e-03
3.199590e-01
0
0
0
3.463131e-01
7.290389e-02
4.113181e-02
2.085479e-01
0
0
0
0
0
4.739666e-01
0
0
0
2.069955e-01
0
0
5.013019e-01
4.368348e-01
2.293149e-01
0
0
1.035049e-02
0
0
6.417855e-02
0
3.676885e-01
5.857855e-01
2.986327e-01
4.811703e-01
3.577704e-01
3.402226e-01
2.459260e-01
3.903227e-01
2.574967e-01
1.094529e-01
4.098078e-01
3.457464e-01
2.662804e-01
1.774246e-01
0
0
9.158749e-02
1.093128e-01
1.624953e-01
0
5.635603e-01
6.031305e-01
3.663964e-01
3.874309e-01
3.478086e-01
1.227237e-01
0
0
3.188015e-01
3.983363e-01
0
0
2.661707e-01
3.515919e-01
0
0
0
0
0
0
0
0
0
0
0
0
0
0
0
0
0
0
0
0
0
0
0
0
2.026842e-02
3.307735e-01
0
0
3.965660e-01
5.814995e-01
3.473313e-01
3.075928e-01
0
0
0
0
0
0
0
0
0
0
0
0
0
6.211526e-03
0
0
5.115947e-01
1
3.914847e-03
0
3.157406e-01
1.648529e-01
2.537306e-01
3.285467e-01
6.137054e-01
4.220351e-01
5.506087e-02
1.289135e-01
0
9.973349e-02
0
0
0
3.827463e-01
0
0
5.192499e-02
2.300191e-01
0
6.669556e-02
5.507674e-02
1.959780e-01
2.417367e-01
0
0
0
0
0
0
3.197334e-01
0
0
7.146473e-02
8.197570e-02
0
0
0
0
0
0
0
0
2.084388e-02
0
9.489798e-02
2.856028e-01
1.009709e-01
0
0
0
3.110919e-02
3.625762e-02
1.052908e-01
0
0
0
0
1.351038e-01
4.235665e-02
7.790544e-03
3.075213e-02
1.205311e-02
0
0
0
0
3.302460e-01
0
0
0
1.680884e-01
1.768396e-01
2.958170e-01
1.884974e-01
1.436548e-01
1.340153e-01
1.506899e-01
1.220181e-01
3.409526e-02
2.635626e-02
1.190274e-01
0
2.355211e-01
6.721206e-02
1.622145e-01
1.987377e-01
0
0
0
0
0
0
1.490084e-01
1.109564e-01
7.462479e-02
0
0
0
6.305542e-02
0
0
0
6.881899e-02
4.256934e-02
3.154093e-01
3.036643e-01
1.403165e-01
3.166381e-01
1.673127e-01
3.094543e-01
2.020903e-01
0
3.639069e-01
3.914847e-03
1
1.266587e-01
3.807503e-01
1.137618e-02
0
0
0
0
0
1.975570e-01
6.284419e-02
0
1.110894e-01
0
0
0
0
0
0
0
0
0
3.389563e-01
2.167472e-01
1.988100e-02
2.923002e-01
0
3.786890e-01
0
0
0
0
7.754377e-03
1.896793e-02
8.265997e-02
0
0
0
6.628752e-02
0
0
0
0
0
0
2.711818e-02
0
3.608625e-01
0
0
8.220512e-02
9.925285e-02
1.069227e-01
1.356596e-01
1.694663e-01
1.350816e-01
1.189324e-02
0
3.924080e-03
1.322630e-01
5.383586e-04
9.248144e-02
0
0
5.608135e-02
9.548187e-02
9.238677e-02
1.034153e-01
6.047827e-02
0
2.158474e-01
4.547044e-01
0
0
6.503233e-02
5.483194e-02
0
0
0
0
0
0
0
0
3.966313e-02
0
0
9.838105e-02
9.766301e-02
0
0
3.224637e-02
0
0
2.879544e-01
6.663295e-02
2.987740e-01
1.433023e-01
0
0
2.441549e-01
0
1.811143e-01
2.220637e-01
1.435011e-01
6.333714e-02
4.050213e-02
7.456156e-02
0
0
0
2.566706e-01
3.018510e-02
7.752594e-01
7.705671e-03
0
1.266587e-01
1
2.138887e-02
0
0
0
0
0
0
5.365179e-02
2.688104e-01
4.102824e-03
0
0
0
1.963267e-01
0
0
1.619859e-01
4.562870e-02
1.325492e-01
1.886835e-01
5.396387e-02
1.985676e-01
3.262958e-01
0
0
9.927200e-02
3.129938e-03
1.452502e-01
3.119446e-01
2.450972e-01
3.686024e-01
1.215200e-01
2.964965e-01
0
2.683115e-01
0
0
0
1.433070e-01
0
7.659219e-02
0
1.146737e-01
0
0
0
1.965884e-01
0
0
0
3.771981e-01
2.497296e-01
6.576283e-01
4.597962e-01
1.321861e-01
0
0
0
3.726455e-01
1.977456e-01
0
0
0
0
0
0
4.090400e-01
0
0
0
0
0
0
0
0
0
2.571605e-02
1.824933e-02
3.916091e-01
2.616996e-01
4.732579e-01
0
2.938068e-01
1.762105e-02
0
0
1.160740e-01
0
5.184628e-02
0
0
0
2.235131e-01
6.038706e-01
1.526412e-02
0
0
0
0
0
0
0
0
0
0
0
0
0
0
0
0
0
3.199590e-01
3.157406e-01
3.807503e-01
2.138887e-02
1
3.339532e-01
0
1.364564e-01
0
0
0
0
0
0
0
0
0
1.311882e-02
0
5.119008e-02
2.619858e-01
1.150343e-01
0
0
3.132360e-01
5.507702e-01
2.027535e-01
0
0
2.081102e-01
2.107723e-01
0
5.100674e-01
3.907999e-01
0
2.602019e-01
4.867742e-02
0
7.759119e-03
8.992875e-02
0
0
1.770868e-01
3.794262e-01
1.346599e-02
7.596707e-02
0
0
0
1.007828e-01
3.250447e-01
2.925794e-01
5.156105e-02
1.152146e-01
0
0
1.544234e-01
0
1.155244e-01
0
5.697926e-03
9.014023e-02
0
2.887220e-02
1.442941e-01
1.185175e-01
0
0
0
7.892468e-02
0
1.236592e-01
0
0
0
0
0
0
1.523035e-02
0
1.175310e-01
0
4.464242e-01
4.072428e-01
5.747625e-01
2.378153e-01
3.292918e-01
4.544090e-01
3.200105e-01
4.471192e-01
2.015135e-01
2.609443e-02
0
0
1.481335e-01
8.016373e-02
0
2.223275e-01
0
0
1.539465e-01
2.804969e-01
1.935165e-01
3.109371e-01
1.401009e-01
9.950725e-03
2.599143e-01
2.647924e-01
0
0
0
1.202760e-01
7.914411e-02
1.280169e-01
0
0
0
1.648529e-01
1.137618e-02
0
3.339532e-01
1.000000e+00
0
0
0
0
1.808635e-02
0
2.807358e-01
0
9.979892e-02
0
0
0
0
0
0
0
0
0
1.086086e-01
2.143199e-01
2.065037e-02
3.230365e-02
0
4.094794e-02
1.638839e-01
0
0
0
0
2.539117e-01
5.755748e-02
2.443811e-01
2.975075e-01
5.119987e-01
4.319557e-01
5.093357e-01
0
7.277328e-04
4.306057e-01
2.915761e-01
9.381267e-02
4.658445e-01
0
0
0
1.053536e-01
2.290813e-01
2.878707e-01
0
0
0
1.057007e-02
9.578068e-02
1.074915e-01
0
0
0
0
0
0
3.039399e-01
4.063594e-01
0
0
0
0
0
0
0
0
0
0
0
0
0
0
0
1.055597e-01
7.051981e-02
4.516566e-01
0
0
0
0
1.208449e-01
2.921680e-01
4.386143e-01
3.994983e-01
0
0
1.197011e-01
7.110496e-02
1.874991e-01
1.714935e-01
1.203491e-02
3.009738e-01
0
4.338635e-02
0
0
0
1.114208e-01
0
0
0
0
0
0
0
0
0
2.537306e-01
0
0
0
0
1
4.799183e-01
5.280051e-01
4.142519e-01
2.179701e-02
0
0
1.028217e-01
0
3.547403e-02
6.039080e-01
1.026898e-02
3.704511e-01
1.709822e-01
1.412023e-01
0
2.253886e-01
5.474153e-01
0
0
0
0
8.848328e-02
0
8.672544e-02
3.362601e-01
5.282369e-02
0
3.465222e-01
3.204479e-02
1.512308e-01
0
5.151676e-01
0
2.034939e-01
8.224601e-02
0
0
4.872094e-01
7.287125e-02
7.125624e-02
0
0
0
0
0
2.927472e-01
1.525671e-01
1.193214e-01
1.394936e-01
1.969787e-01
3.682659e-01
1.754772e-01
1.945182e-01
0
0
2.601091e-02
0
0
0
2.830376e-01
4.351453e-01
4.230248e-02
0
4.406408e-02
0
0
0
0
0
0
6.568217e-02
0
0
0
8.239253e-02
2.493881e-03
4.899688e-02
0
2.454557e-01
0
0
0
0
2.355814e-01
1.603949e-01
2.406367e-01
1.011317e-01
0
0
2.256047e-01
2.073548e-01
2.988143e-01
4.229017e-01
0
0
0
0
0
0
0
0
0
0
0
0
0
0
0
0
0
3.285467e-01
0
0
1.364564e-01
0
4.799183e-01
1
4.965322e-01
8.255314e-01
3.989794e-02
0
0
2.624848e-01
0
1.554756e-01
5.216403e-01
2.220278e-01
4.214649e-01
3.253504e-01
4.822893e-01
2.632384e-01
1.156775e-01
7.001014e-01
0
0
0
0
3.405032e-01
0
3.986226e-02
6.286209e-02
0
0
1.515543e-01
2.489661e-01
2.559764e-01
6.413705e-01
2.232530e-01
3.734031e-01
6.277939e-01
5.096539e-01
1.221430e-01
1.622783e-01
4.863323e-01
5.919818e-01
6.159830e-01
6.451848e-01
0
0
0
1.288753e-01
2.388286e-01
8.623790e-02
4.571979e-01
5.053890e-01
4.632373e-02
2.760709e-01
3.159297e-01
3.652057e-01
0
0
1.512629e-02
1.589062e-01
0
0
2.518113e-01
4.209049e-01
0
0
0
0
0
0
0
0
0
0
0
0
0
0
0
0
0
0
0
0
0
0
0
0
1.792637e-01
3.355978e-01
0
0
3.144079e-01
1.800293e-01
1.751417e-01
2.041675e-01
2.126022e-03
0
0
0
0
0
0
0
0
0
0
0
0
6.530719e-03
0
0
3.463131e-01
6.137054e-01
0
0
0
0
5.280051e-01
4.965322e-01
1
7.253154e-01
0
2.175427e-01
0
1.600422e-01
0
0
3.380117e-01
3.669961e-01
3.349670e-01
1.291770e-01
1.746363e-01
1.511111e-01
1.029024e-01
4.347339e-01
0
0
1.885654e-01
0
4.866205e-02
0
0
0
0
0
3.576625e-01
4.066673e-03
2.519644e-01
1.812833e-01
3.179871e-01
0
4.306503e-01
1.879548e-01
2.068869e-02
0
3.421178e-01
1.958843e-01
2.484673e-01
1.394676e-01
0
0
0
0
3.713021e-01
1.685842e-01
3.271924e-01
3.501985e-01
1.739426e-01
4.554713e-01
2.662705e-01
3.580630e-01
0
0
1.691174e-01
9.260189e-02
0
0
3.342479e-01
4.476889e-01
0
0
0
0
0
0
4.411575e-02
0
1.133497e-01
1.433184e-01
0
0
0
0
0
0
0
0
0
0
0
0
0
0
0
1.146084e-01
0
0
3.107229e-01
1.315693e-01
2.968361e-01
3.206228e-01
0
0
0
0
0
0
0
0
0
0
0
0
0
0
0
0
7.290389e-02
4.220351e-01
0
0
0
0
4.142519e-01
8.255314e-01
7.253154e-01
1
9.534899e-02
1.552209e-01
0
4.059769e-01
0
0
3.885797e-01
4.098739e-01
4.005814e-01
2.624089e-01
4.127370e-01
4.475394e-01
1.374487e-01
7.069598e-01
0
0
2.139801e-01
0
2.644904e-01
0
0
1.673965e-01
7.645167e-02
2.393323e-01
5.139264e-02
5.988402e-02
1.720913e-01
7.688163e-02
6.070172e-02
2.335655e-02
2.745788e-01
1.288033e-01
0
0
0
0
0
0
0
0
0
2.338499e-01
2.797660e-02
6.436818e-02
0
8.897774e-02
0
3.602714e-02
5.485750e-02
2.274335e-01
0
0
1.384230e-02
0
0
0
2.506744e-01
3.198268e-02
2.638333e-01
4.549175e-01
1.235413e-01
3.044166e-01
0
0
7.008779e-02
6.365383e-02
8.332450e-02
2.121956e-02
9.381207e-02
4.180633e-02
3.398473e-02
1.188668e-01
7.839270e-02
3.699951e-01
0
2.888437e-01
9.527684e-02
9.106978e-02
0
0
0
2.218596e-03
0
0
0
0
8.711381e-02
0
0
0
0
5.267697e-02
0
0
0
0
0
0
8.812617e-02
9.173576e-02
0
0
0
0
3.985526e-03
0
4.113181e-02
5.506087e-02
0
0
0
1.808635e-02
2.179701e-02
3.989794e-02
0
9.534899e-02
1.000000e+00
3.924986e-01
5.559552e-01
4.686772e-01
0
0
0
0
0
0
2.627418e-01
7.620705e-01
0
7.179522e-02
2.428538e-01
3.567361e-01
2.080939e-01
4.567252e-01
1.556263e-01
0
5.291024e-01
5.263562e-01
0
3.090394e-01
5.138133e-01
3.469746e-01
4.686708e-01
5.536810e-01
3.387840e-01
3.294921e-01
6.651174e-01
6.232943e-01
4.818728e-02
5.049836e-02
2.901054e-02
1.993353e-01
5.029349e-01
1.210090e-03
0
0
3.585463e-01
1.725747e-01
0
0
3.664450e-01
4.326254e-01
4.063196e-01
4.123017e-01
2.509960e-01
5.384516e-01
0
0
3.610987e-01
0
3.669693e-02
0
5.574300e-01
2.164633e-01
0
6.651619e-02
0
0
0
8.973016e-02
0
0
0
0
0
0
0
0
0
0
0
7.790676e-02
0
0
0
0
0
0
0
3.376706e-01
0
0
4.110114e-01
3.074155e-01
0
0
0
0
0
0
0
0
0
0
0
0
0
0
0
3.779941e-01
1.515793e-01
0
2.085479e-01
1.289135e-01
1.975570e-01
5.365179e-02
0
0
0
0
2.175427e-01
1.552209e-01
3.924986e-01
1
0
5.572547e-01
0
0
0
0
0
0
2.207938e-01
5.228000e-01
8.627136e-04
1.068720e-01
1.841188e-01
3.718565e-01
5.964341e-01
0
0
0
3.604656e-01
6.217959e-01
0
0
0
0
0
0
0
0
0
0
0
0
0
0
0
0
0
1.527286e-01
0
0
0
0
0
0
0
0
0
0
0
0
0
0
1.479751e-01
0
8.040521e-02
0
4.473960e-01
6.386031e-01
4.864128e-01
4.538634e-01
0
7.441034e-02
4.716240e-01
4.666566e-01
3.876046e-01
3.926134e-01
5.403632e-01
5.399540e-01
4.653320e-01
4.313100e-01
4.931447e-01
4.940230e-01
9.432971e-02
1.629401e-01
6.481775e-01
5.990284e-01
0
1.176207e-02
1.910467e-01
1.773808e-01
0
0
0
0
0
0
1.784316e-01
5.817130e-02
0
0
0
0
0
0
0
0
1.966982e-01
4.143734e-01
1.280602e-02
0
0
0
0
7.425505e-02
0
0
6.284419e-02
2.688104e-01
0
2.807358e-01
0
0
0
0
5.559552e-01
0
1
1.422108e-01
4.882535e-01
1.935630e-01
0
0
0
0
1.283318e-01
3.436282e-01
0
0
0
1.022501e-01
0
4.726741e-01
1.973969e-01
2.006898e-01
2.478241e-01
3.309501e-01
2.172542e-01
2.786008e-01
3.267430e-01
5.980275e-02
5.198367e-01
1.217767e-01
4.332125e-01
6.822641e-02
2.975694e-01
3.043855e-01
0
3.827712e-02
1.434974e-01
1.298805e-01
8.084480e-02
0
0
0
3.292528e-01
3.598566e-01
4.148132e-01
3.001726e-01
2.749185e-02
9.589016e-02
4.149265e-01
6.270636e-01
5.188819e-01
6.029215e-01
0
0
1.949310e-01
0
3.228004e-02
0
3.043953e-01
1.004464e-01
0
1.464218e-01
0
1.114760e-01
0
0
0
0
0
0
0
0
0
0
0
5.464490e-02
0
1.915860e-01
0
0
0
0
2.449417e-02
1.487791e-02
0
2.435668e-01
0
0
1.251112e-01
3.466698e-01
0
0
0
6.694481e-02
0
0
0
0
0
0
0
0
0
0
0
0
0
0
0
9.973349e-02
0
4.102824e-03
0
0
1.028217e-01
2.624848e-01
1.600422e-01
4.059769e-01
4.686772e-01
5.572547e-01
1.422108e-01
1.000000e+00
0
0
3.704062e-01
0
1.165967e-01
0
4.116178e-01
6.414130e-01
0
3.388381e-01
0
1.832573e-01
6.785055e-01
2.648259e-02
3.038851e-01
0
5.245483e-01
7.089032e-01
0
0
0
0
0
0
0
0
0
0
0
0
0
0
0
0
5.809522e-01
6.446965e-01
0
0
0
0
0
0
0
0
0
0
6.704164e-01
4.511079e-01
0
0
4.054890e-01
4.237001e-01
0
0
3.520409e-01
4.876411e-01
3.932360e-01
4.229691e-01
3.804109e-01
1.501624e-01
7.285549e-01
7.696725e-01
5.947029e-01
6.509640e-01
8.166161e-01
7.282360e-01
7.711994e-01
5.189441e-01
3.994756e-01
5.069541e-02
0
0
7.195248e-01
7.286843e-01
4.092263e-01
3.371303e-01
7.615946e-02
9.058613e-02
1.125050e-01
0
5.550800e-01
8.145453e-03
0
0
0
8.269298e-02
1.170151e-01
0
4.599282e-03
0
2.222898e-01
1.174265e-01
3.188372e-01
9.407736e-02
4.708687e-01
5.734752e-01
6.628676e-01
4.325858e-01
4.825141e-01
1.424735e-01
2.373882e-01
1.868573e-01
0
0
1.110894e-01
0
0
9.979892e-02
0
0
0
0
0
0
4.882535e-01
0
1.000000e+00
7.134022e-01
0
0
1.975873e-01
2.112778e-01
0
0
5.699592e-02
0
0
0
0
5.915604e-01
2.602035e-01
4.463215e-01
0
0
0
0
0
0
0
0
0
0
0
0
0
0
0
0
0
0
5.063005e-01
2.232014e-01
0
0
0
0
0
0
0
0
0
0
5.333814e-01
2.956806e-01
0
0
1.529203e-01
3.782995e-01
0
0
4.593113e-01
2.113984e-01
2.246737e-01
3.343340e-01
4.297602e-01
1.691745e-01
5.938418e-01
6.670454e-01
4.300308e-01
5.743360e-01
5.802287e-01
6.137791e-01
7.059532e-01
5.348680e-01
5.213287e-01
1.435114e-01
8.444888e-02
5.613880e-02
5.534633e-01
6.674851e-01
1.718176e-01
7.583670e-02
3.763248e-01
2.625055e-01
4.015859e-01
0
4.890153e-01
6.889321e-02
0
0
1.143629e-01
2.777709e-01
1.251535e-01
0
0
3.166456e-02
3.466984e-01
1.234456e-01
4.170430e-01
2.085225e-01
4.679704e-01
4.730122e-01
3.389675e-01
9.203800e-02
1.726425e-01
0
9.785041e-02
3.284215e-02
0
0
0
0
0
0
3.547403e-02
1.554756e-01
0
0
0
0
1.935630e-01
0
7.134022e-01
1
2.218340e-01
0
4.644452e-01
6.581691e-01
0
0
2.583029e-01
9.774391e-03
0
0
0
4.290014e-01
5.467712e-01
5.773806e-01
0
0
1.363888e-01
0
9.034703e-03
0
1.991905e-01
0
4.038211e-01
1.386311e-01
8.013636e-02
1.500675e-01
0
9.495875e-02
3.026058e-01
2.297595e-01
9.671740e-02
1.464593e-01
0
0
1.431024e-01
1.242468e-01
3.843771e-01
2.684284e-01
0
0
1.623506e-02
2.590176e-01
3.206466e-01
3.723900e-01
0
0
0
0
0
1.156949e-01
2.097902e-02
9.018786e-02
0
0
0
0
0
0
4.751195e-02
0
0
1.866891e-02
0
9.511048e-02
1.122043e-01
1.405981e-01
6.232105e-02
1.322312e-01
1.026875e-01
3.920711e-01
0
0
0
0
3.451959e-01
2.834182e-01
3.662950e-01
1.835994e-01
0
1.843887e-02
0
9.617325e-02
0
7.611369e-02
1.097042e-01
1.851170e-01
0
0
0
0
0
0
0
0
0
0
0
0
0
0
0
0
0
0
0
0
6.039080e-01
5.216403e-01
3.380117e-01
3.885797e-01
0
0
0
3.704062e-01
0
2.218340e-01
1
0
7.703637e-01
3.116931e-01
3.137150e-01
0
6.761004e-02
3.211868e-01
0
0
0
0
5.037189e-01
0
4.780051e-02
2.348741e-01
0
0
3.173814e-01
3.371421e-01
1.220736e-01
2.489430e-01
1.626273e-01
1.640885e-01
2.170781e-01
1.712326e-01
3.182374e-01
1.532333e-01
4.057195e-01
3.520631e-01
2.374020e-01
2.747217e-01
0
0
0
1.840657e-01
4.346721e-01
4.515376e-01
6.253845e-01
5.963808e-01
2.070489e-01
2.649462e-01
2.521303e-01
6.338117e-02
0
0
5.139313e-01
4.912380e-01
0
0
0
3.912873e-02
6.821224e-02
0
0
0
2.230160e-02
0
0
0
0
0
0
0
0
0
0
0
0
0
0
0
0
0
0
0
0
1.209925e-01
0
0
3.215312e-01
1.828105e-01
8.091602e-02
0
2.985049e-01
2.330557e-01
1.495462e-01
2.271946e-01
9.509433e-02
5.457928e-02
4.398111e-02
0
0
0
0
0
0
0
0
2.209147e-01
4.739666e-01
3.827463e-01
0
1.963267e-01
1.311882e-02
0
1.026898e-02
2.220278e-01
3.669961e-01
4.098739e-01
0
0
0
0
0
0
0
1
0
1.997570e-01
0
1.701412e-01
1.611161e-02
3.434689e-01
3.013014e-01
1.204385e-01
2.633769e-01
0
0
0
0
0
0
0
0
0
0
0
0
0
0
0
0
2.301072e-02
1.279818e-01
1.566174e-01
0
2.696180e-01
2.976790e-02
0
0
0
3.258306e-01
6.298813e-02
0
0
0
3.476262e-03
1.006829e-01
1.451712e-01
1.458384e-01
0
0
0
0
1.433047e-01
0
2.117235e-02
0
0
0
0
7.959735e-02
0
3.157752e-01
1.908981e-01
1.903055e-01
3.381573e-01
1.519249e-01
3.548917e-01
3.199109e-01
2.912951e-01
3.884750e-02
0
0
0
0
2.375727e-02
0
0
4.576503e-01
3.474246e-01
4.607870e-01
9.630105e-02
2.645780e-01
2.159428e-01
0
0
6.893151e-02
2.967447e-01
7.793865e-02
0
0
0
1.109940e-01
0
1.054126e-01
0
0
0
0
0
0
0
0
0
0
0
0
0
0
0
3.704511e-01
4.214649e-01
3.349670e-01
4.005814e-01
0
0
0
1.165967e-01
1.975873e-01
4.644452e-01
7.703637e-01
0
1
6.215034e-01
2.871652e-01
0
1.380710e-01
2.891012e-01
0
0
0
0
5.595254e-01
2.028062e-01
0
0
0
0
0
0
0
0
0
0
0
0
0
0
3.553628e-02
0
0
1.130367e-01
2.629009e-01
0
0
0
3.008705e-01
7.379800e-02
0
0
0
0
0
0
1.710532e-01
0
0
6.298527e-02
0
1.434912e-02
0
0
4.296859e-02
0
0
0
6.211065e-03
0
4.244127e-01
4.743143e-01
2.163456e-01
4.148071e-01
3.434273e-01
4.470351e-01
5.292646e-01
4.163205e-01
4.818686e-01
1.442575e-01
2.040909e-01
0
3.476899e-01
3.144632e-01
0
0
5.464541e-01
2.116417e-01
3.035598e-01
0
3.711173e-01
5.415098e-02
0
0
1.041921e-01
1.791266e-01
6.306938e-02
0
0
0
1.395663e-01
0
2.410515e-01
0
1.317040e-02
1.957278e-01
0
0
0
0
0
1.371469e-01
0
0
0
0
5.119008e-02
0
1.709822e-01
3.253504e-01
1.291770e-01
2.624089e-01
0
0
0
0
2.112778e-01
6.581691e-01
3.116931e-01
1.997570e-01
6.215034e-01
1.000000e+00
2.375728e-01
0
0
2.495770e-01
0
0
0
1.518493e-01
6.554352e-01
5.367339e-01
0
0
4.920509e-02
1.162908e-01
3.073054e-01
0
4.569659e-01
0
3.216135e-01
0
2.717462e-01
0
0
0
0
0
2.088529e-01
0
0
0
9.002188e-02
7.116100e-02
3.756835e-01
1.771098e-01
1.158668e-02
1.727978e-01
3.856970e-01
4.964963e-01
4.108735e-01
5.320617e-01
0
0
0
0
0
0
1.569228e-01
2.105529e-02
0
0
3.852524e-02
0
0
0
0
0
0
0
0
0
0
6.234128e-02
2.007087e-01
8.871753e-02
1.023239e-01
2.506404e-01
0
0
0
0
1.976907e-01
0
0
0
0
0
1.864130e-01
2.778024e-01
1.149883e-01
7.186035e-02
0
0
0
0
0
0
0
0
0
0
0
0
0
0
0
3.980007e-02
0
5.192499e-02
0
1.619859e-01
2.619858e-01
0
1.412023e-01
4.822893e-01
1.746363e-01
4.127370e-01
2.627418e-01
2.207938e-01
1.283318e-01
4.116178e-01
0
0
3.137150e-01
0
2.871652e-01
2.375728e-01
1
4.795195e-01
0
4.055273e-01
0
4.114668e-01
2.404437e-01
0
2.308949e-01
4.879475e-03
3.616315e-01
3.087706e-01
2.713303e-02
2.082600e-01
4.602328e-01
1.121181e-01
4.485596e-01
1.451139e-01
2.809906e-01
0
4.221951e-01
9.713536e-02
4.008584e-02
0
0
0
1.596105e-01
0
0
0
0
1.196400e-01
2.520036e-01
1.442667e-01
3.390997e-01
4.717349e-01
3.826100e-01
5.037017e-01
2.879971e-01
4.256931e-01
0
0
4.244013e-01
0
0
0
3.598877e-01
1.074904e-01
1.346602e-01
1.656836e-01
7.244223e-02
6.250299e-02
0
0
0
0
2.944679e-02
0
0
0
0
0
0
1.013948e-01
0
6.165336e-03
0
0
0
0
0
0
0
0
0
0
3.572892e-01
1.738393e-01
7.887236e-02
0
0
0
0
0
0
0
0
0
0
0
0
0
0
0
0
0
2.069955e-01
2.300191e-01
0
4.562870e-02
1.150343e-01
0
0
2.632384e-01
1.511111e-01
4.475394e-01
7.620705e-01
5.228000e-01
3.436282e-01
6.414130e-01
0
0
0
1.701412e-01
0
0
4.795195e-01
1
0
3.254156e-01
3.096040e-01
5.629692e-01
5.524860e-01
2.473194e-01
1.397849e-01
0
5.225886e-01
5.073285e-01
0
0
0
4.922894e-02
0
0
0
2.522148e-01
4.564351e-02
8.077789e-02
4.280384e-02
4.881812e-03
2.757702e-03
5.854862e-02
0
3.217775e-01
4.958927e-02
7.096506e-02
0
0
0
0
0
0
0
0
0
0
1.728359e-01
3.168780e-01
0
1.523133e-01
0
0
0
2.702304e-01
4.303984e-01
7.884626e-02
0
2.092434e-01
6.282150e-01
4.443436e-01
0
3.292116e-02
6.126941e-03
1.677880e-01
0
1.108355e-03
0
7.692150e-02
0
0
0
1.468653e-01
0
1.447718e-01
0
0
1.856702e-01
2.792371e-01
2.225943e-01
4.825499e-02
1.225874e-01
1.086101e-01
0
0
1.183774e-01
3.539562e-01
8.497923e-02
2.390913e-01
1.194419e-01
2.023423e-01
3.752532e-01
3.277293e-01
2.349379e-01
2.008876e-01
3.928815e-01
3.017674e-02
1.834537e-01
2.437607e-01
1.081830e-01
0
2.931944e-01
1.661029e-01
0
0
0
1.325492e-01
0
0
2.253886e-01
1.156775e-01
1.029024e-01
1.374487e-01
0
8.627136e-04
0
0
5.699592e-02
2.583029e-01
6.761004e-02
1.611161e-02
1.380710e-01
0
0
0
1.000000e+00
3.340689e-01
0
0
0
0
0
0
7.765715e-03
0
0
0
2.192516e-01
1.876538e-01
8.440023e-03
3.077840e-02
4.022660e-01
1.488173e-01
4.432627e-01
2.320679e-01
0
0
4.678723e-01
1.859653e-01
1.092062e-01
2.406836e-01
0
0
0
0
2.927093e-01
3.025410e-01
1.299708e-01
1.910363e-01
8.489034e-02
2.134105e-01
0
1.302576e-01
0
0
2.214657e-02
3.274452e-02
0
0
3.024923e-01
4.049630e-01
1.115431e-01
0
0
0
8.739410e-02
1.976170e-01
0
0
0
0
0
0
0
0
0
0
0
3.031528e-01
0
0
0
0
1.932763e-01
1.079216e-01
1.950025e-01
1.924062e-01
0
0
2.767229e-01
4.787427e-02
2.504249e-01
2.695748e-01
0
7.321125e-02
0
0
0
0
0
0
0
0
0
0
0
0
0
2.855119e-02
0
6.669556e-02
0
1.886835e-01
0
0
5.474153e-01
7.001014e-01
4.347339e-01
7.069598e-01
7.179522e-02
1.068720e-01
0
3.388381e-01
0
9.774391e-03
3.211868e-01
3.434689e-01
2.891012e-01
2.495770e-01
4.055273e-01
3.254156e-01
3.340689e-01
1.000000e+00
0
1.080087e-01
1.727979e-01
0
1.786421e-01
0
3.718531e-01
3.915310e-01
1.814524e-01
4.111390e-01
4.003143e-01
3.146511e-01
2.672520e-02
1.068301e-01
9.046762e-02
4.067577e-03
8.026638e-02
0
4.448742e-01
5.918442e-02
0
0
2.724706e-01
0
1.127574e-01
8.274153e-03
1.833383e-01
9.760551e-02
0
0
4.795018e-01
5.578016e-01
2.650938e-01
3.882754e-02
0
0
0
1.316897e-01
5.955306e-01
3.166181e-01
0
0
0
0
1.722048e-01
0
3.484691e-02
5.393739e-02
0
0
0
0
0
0
0
0
0
0
8.007092e-02
1.659860e-01
2.778850e-01
0
6.960786e-02
0
1.062709e-01
7.970293e-02
0
0
0
0
0
0
2.023142e-01
9.233794e-02
0
0
0
0
1.394148e-01
2.403052e-01
0
1.281725e-02
0
0
5.612809e-02
7.649102e-02
0
1.519699e-01
1.913499e-01
1.136171e-01
4.338689e-01
7.156232e-02
5.013019e-01
5.507674e-02
3.389563e-01
5.396387e-02
3.132360e-01
1.086086e-01
0
0
0
0
2.428538e-01
1.841188e-01
0
0
0
0
0
3.013014e-01
0
0
0
3.096040e-01
0
0
1
6.907871e-01
1.996936e-01
1.215904e-01
0
0
2.038116e-01
0
1.840865e-01
4.128892e-01
5.696569e-01
4.760737e-01
3.971925e-01
2.014226e-01
4.058448e-01
0
3.115513e-01
9.388859e-02
1.222221e-01
0
0
0
2.607138e-01
0
0
0
2.810063e-01
2.492561e-01
7.532073e-02
1.526436e-01
4.479102e-01
5.967090e-01
5.220883e-01
4.222756e-01
2.062474e-01
2.035769e-01
0
0
4.085990e-01
7.406503e-02
0
0
1.271669e-01
0
0
0
6.995707e-02
0
0
0
0
0
0
0
0
0
0
0
1.964368e-01
1.515749e-01
4.253536e-01
1.658308e-01
6.594444e-03
0
0
0
0
0
0
0
0
0
3.586827e-01
3.523900e-01
1.157537e-02
0
0
0
0
0
0
0
0
0
0
0
0
0
0
7.216248e-02
0
5.252987e-02
4.368348e-01
1.959780e-01
2.167472e-01
1.985676e-01
5.507702e-01
2.143199e-01
0
0
0
0
3.567361e-01
3.718565e-01
1.022501e-01
1.832573e-01
0
0
0
1.204385e-01
0
0
4.114668e-01
5.629692e-01
0
1.080087e-01
6.907871e-01
1
5.001276e-01
0
0
0
5.746838e-01
2.681539e-01
1.979711e-01
4.636247e-01
4.985004e-01
3.207131e-01
5.388726e-01
3.946174e-01
2.599217e-01
1.441307e-01
3.832553e-01
3.411354e-01
2.022952e-01
2.695893e-01
4.306134e-02
3.183947e-01
3.798678e-01
7.409257e-02
0
0
5.144252e-01
3.859674e-01
3.178719e-01
2.583746e-01
5.141354e-01
5.196942e-01
5.566080e-01
6.636038e-01
5.023454e-01
5.739016e-01
0
0
4.920405e-01
0
0
0
8.764103e-02
0
0
0
0
0
0
0
0
0
0
0
0
0
0
0
0
0
0
0
0
0
1.591483e-02
3.423171e-02
0
0
0
8.608693e-02
0
4.617976e-02
1.754489e-01
4.169452e-01
0
0
4.764862e-02
6.827661e-02
0
0
0
0
0
0
0
0
0
0
0
3.117628e-01
0
2.364260e-01
2.293149e-01
2.417367e-01
1.988100e-02
3.262958e-01
2.027535e-01
2.065037e-02
0
0
1.885654e-01
2.139801e-01
2.080939e-01
5.964341e-01
0
6.785055e-01
0
0
0
2.633769e-01
0
0
2.404437e-01
5.524860e-01
0
1.727979e-01
1.996936e-01
5.001276e-01
1
0
0
0
5.153378e-01
5.372038e-01
5.499821e-02
2.236485e-01
0
0
0
0
0
0
0
0
0
0
0
0
0
0
4.473857e-01
2.225979e-01
0
0
0
0
0
0
0
0
0
0
2.575997e-01
4.535324e-02
0
0
0
0
0
0
3.396964e-01
4.453912e-01
3.673103e-01
4.654440e-01
0
0
6.996090e-01
7.702516e-01
5.049506e-01
5.465738e-01
7.190969e-01
6.721773e-01
7.590674e-01
6.247416e-01
4.128397e-01
3.843135e-01
4.277079e-02
0
6.713756e-01
6.068243e-01
3.848918e-01
8.327219e-02
0
0
0
0
1.708356e-01
0
0
0
0
0
6.210241e-02
0
0
0
0
0
0
0
4.383349e-01
5.525379e-01
4.334607e-01
2.139412e-01
3.255613e-01
0
3.277378e-01
0
0
0
2.923002e-01
0
0
3.230365e-02
0
0
0
0
4.567252e-01
0
4.726741e-01
2.648259e-02
5.915604e-01
4.290014e-01
0
0
0
1.518493e-01
0
2.473194e-01
0
0
1.215904e-01
0
0
1
5.027855e-01
3.273861e-01
3.102804e-02
0
2.921448e-01
0
0
0
0
0
0
0
0
0
0
0
1.038432e-01
0
0
0
1.210608e-01
0
0
1.936337e-02
3.590601e-01
1.229591e-01
0
0
0
0
8.613597e-02
0
8.577280e-02
0
0
0
0
1.039240e-01
0
0
1.735495e-01
1.528960e-01
0
2.259865e-01
0
0
4.112591e-01
4.106847e-01
1.720794e-01
2.955487e-01
2.988302e-01
4.715534e-01
5.327028e-01
3.654144e-01
4.147779e-01
3.071226e-01
9.434518e-02
6.224732e-02
2.736826e-01
3.492082e-01
1.466510e-01
0
5.037315e-01
2.729572e-01
2.212486e-01
0
2.314026e-01
6.644362e-02
0
0
1.418727e-02
9.577887e-02
1.318877e-01
1.041666e-01
0
0
0
0
1.100707e-01
0
1.198802e-01
2.926608e-01
0
0
0
0
0
0
0
0
0
0
0
0
8.848328e-02
3.405032e-01
4.866205e-02
2.644904e-01
1.556263e-01
0
1.973969e-01
3.038851e-01
2.602035e-01
5.467712e-01
5.037189e-01
0
5.595254e-01
6.554352e-01
2.308949e-01
1.397849e-01
0
1.786421e-01
0
0
0
5.027855e-01
1
3.747584e-01
1.555834e-01
0
0
0
0
0
0
0
0
0
0
0
0
0
0
0
0
0
2.847235e-01
2.213786e-01
0
0
0
0
0
0
0
0
0
0
3.057345e-01
3.321799e-01
0
4.465699e-02
2.198148e-02
3.330236e-01
0
0
1.042541e-01
0
1.240825e-01
0
2.058183e-01
0
4.025620e-01
5.187570e-01
4.037962e-01
4.674286e-01
3.728974e-01
4.491579e-01
5.028100e-01
2.612731e-01
4.513100e-01
3.383553e-02
1.894736e-01
0
5.215690e-01
4.446111e-01
5.233026e-02
1.767605e-01
3.440694e-01
3.541010e-02
4.495260e-01
0
5.285655e-01
9.734142e-02
0
0
4.030651e-01
4.046871e-01
0
0
0
0
2.983362e-01
1.953365e-01
5.651201e-01
3.262102e-01
4.458093e-01
6.249680e-01
0
2.666421e-02
5.120479e-02
0
0
1.089413e-01
1.035049e-02
0
3.786890e-01
9.927200e-02
2.081102e-01
4.094794e-02
0
0
0
0
0
0
2.006898e-01
0
4.463215e-01
5.773806e-01
0
0
2.028062e-01
5.367339e-01
4.879475e-03
0
0
0
0
0
0
3.273861e-01
3.747584e-01
1.000000e+00
0
0
4.258842e-01
3.950054e-01
1.517273e-01
2.179288e-01
1.496415e-01
6.854468e-02
3.243281e-01
1.268809e-01
3.056624e-01
2.309176e-01
9.207233e-04
1.049510e-01
1.985019e-01
1.311194e-01
1.922916e-01
0
0
0
2.687823e-01
3.324991e-01
5.512607e-03
1.219262e-01
2.743794e-02
1.430714e-01
2.474198e-01
2.266905e-01
4.346434e-02
2.135966e-01
0
0
5.638403e-02
0
5.027292e-02
0
7.484500e-03
0
4.851585e-03
5.172282e-02
5.034332e-02
3.420444e-01
0
7.439557e-02
0
0
0
0
0
0
0
0
2.399244e-01
4.453726e-01
3.595239e-01
5.202061e-01
0
0
0
1.511929e-01
1.213167e-01
0
0
0
0
0
0
1.305922e-01
0
0
0
2.081820e-01
0
0
0
0
0
0
0
0
0
0
0
0
0
0
0
0
0
3.129938e-03
2.107723e-01
1.638839e-01
8.672544e-02
3.986226e-02
0
0
5.291024e-01
3.604656e-01
2.478241e-01
5.245483e-01
0
0
4.780051e-02
0
0
0
3.616315e-01
5.225886e-01
7.765715e-03
3.718531e-01
2.038116e-01
5.746838e-01
5.153378e-01
3.102804e-02
1.555834e-01
0
1
6.429360e-01
3.310646e-02
2.718278e-01
2.447361e-01
1.717324e-01
3.892292e-01
1.700326e-01
3.021519e-01
2.272997e-01
4.703988e-01
4.555135e-01
0
0
1.350995e-02
6.084605e-02
7.417343e-02
0
0
0
2.036512e-01
3.068298e-01
1.836618e-01
3.113776e-01
0
0
2.812887e-01
3.509541e-01
2.387360e-01
4.779117e-01
0
0
0
0
2.091110e-01
0
4.243478e-01
6.185507e-02
0
3.193141e-01
6.801549e-02
2.799476e-01
0
2.360856e-01
0
0
0
0
0
0
0
0
0
2.108795e-01
6.421472e-02
5.251801e-01
0
0
0
0
0
0
0
1.458495e-01
0
0
9.948902e-02
1.421695e-01
0
0
0
2.599330e-01
0
0
0
0
0
0
0
0
0
0
0
1.355702e-01
0
0
0
0
0
1.452502e-01
0
0
3.362601e-01
6.286209e-02
0
1.673965e-01
5.263562e-01
6.217959e-01
3.309501e-01
7.089032e-01
0
0
2.348741e-01
0
0
0
3.087706e-01
5.073285e-01
0
3.915310e-01
0
2.681539e-01
5.372038e-01
0
0
0
6.429360e-01
1
