1
7.372924e-01
0
5.299038e-01
0
2.699596e-01
2.071061e-01
6.978689e-01
7.118510e-02
3.954653e-01
5.458358e-01
8.098509e-01
4.871611e-01
6.283742e-01
2.882343e-01
5.008862e-01
5.417333e-01
3.222670e-01
5.817960e-01
3.312418e-01
3.166399e-01
6.648940e-01
0
0
0
0
1.011976e-01
2.386062e-01
4.771498e-01
5.510866e-01
0
1.268815e-01
0
0
0
0
0
0
0
0
0
0
0
0
0
0
0
0
0
0
0
0
3.002595e-01
0
0
0
7.229326e-01
7.418085e-01
6.104370e-01
6.214703e-01
8.133021e-01
3.916366e-01
5.285200e-01
4.221642e-01
0
0
0
0
1.018577e-02
5.154162e-02
2.514272e-01
6.082965e-01
7.469821e-02
1.069572e-01
2.519196e-01
4.934790e-02
0
8.753570e-02
1.884775e-01
0
2.249044e-01
1.593620e-01
2.930903e-01
2.531409e-01
0
1.795075e-02
2.202910e-01
9.556414e-02
3.171681e-02
5.628273e-01
1.415339e-01
0
0
0
0
0
0
0
1.859431e-01
0
2.861241e-01
0
7.213959e-02
0
0
0
0
0
0
3.434419e-02
4.316617e-01
4.992660e-01
4.362650e-01
0
0
1.685356e-01
7.372924e-01
1
0
1.959262e-01
0
1.454571e-01
0
4.207497e-01
0
1.660473e-01
2.921318e-01
5.606630e-01
3.579079e-01
4.187914e-01
1.999259e-01
3.192060e-01
5.344111e-01
4.701951e-01
4.541822e-01
3.306363e-01
3.153042e-01
5.878469e-01
0
0
0
0
2.617407e-01
2.730141e-01
4.957598e-01
5.311675e-01
0
0
1.033918e-01
9.289002e-02
0
0
0
7.338296e-02
4.010198e-03
9.760306e-02
0
2.093375e-01
0
0
0
0
0
0
0
0
0
0
1.598709e-01
0
0
0
7.020613e-01
7.499810e-01
1.851734e-01
4.300326e-01
4.776713e-01
2.865147e-01
3.739639e-01
4.832541e-01
0
0
0
0
6.770909e-02
0
0
4.337996e-01
0
1.681663e-01
2.423677e-01
1.196822e-01
0
2.210577e-02
7.324388e-02
0
2.339036e-01
4.254273e-01
3.317410e-01
3.263094e-01
0
6.060137e-02
5.642642e-01
3.456752e-02
1.908698e-01
3.703280e-01
0
0
0
0
0
1.844918e-02
0
0
0
0
0
0
0
0
0
0
0
0
0
1.098031e-01
3.533625e-01
4.325370e-01
2.414165e-01
0
0
2.216095e-01
0
0
1
0
3.040266e-01
0
7.105260e-01
0
4.940302e-01
0
2.854622e-01
0
0
0
4.295904e-01
0
0
0
1.710673e-01
0
0
0
5.752731e-01
2.238933e-01
0
0
0
0
1.013403e-01
0
4.703298e-01
4.662783e-01
4.248943e-02
0
7.656205e-02
0
2.821888e-01
0
2.936965e-02
8.961611e-03
3.767665e-01
1.331968e-01
3.219048e-01
3.240325e-01
2.212546e-01
1.792254e-01
3.312166e-01
3.320480e-01
3.750451e-01
4.679680e-01
1.135534e-01
3.056226e-01
7.946655e-02
6.215920e-02
3.201531e-01
3.755561e-01
0
0
0
0
0
0
0
0
3.994756e-01
0
1.566245e-01
0
0
0
5.736353e-01
0
3.993517e-01
0
4.228789e-01
1.704469e-01
9.056886e-02
0
2.534910e-01
5.612021e-01
0
0
2.634855e-01
0
5.565043e-01
0
0
0
0
0
0
2.997136e-01
0
3.217250e-01
1.774173e-01
0
0
0
0
0
0
3.473161e-01
0
0
0
2.718772e-01
1.250289e-01
0
2.806342e-01
0
0
0
0
0
1.709251e-01
1.369930e-01
5.299038e-01
1.959262e-01
0
1.000000e+00
0
4.731327e-01
1.484183e-01
7.581694e-01
0
3.385263e-01
2.432966e-01
5.655293e-01
1.494351e-01
4.571250e-01
2.733392e-01
6.066797e-01
3.647720e-01
1.780524e-01
4.028909e-01
3.824076e-01
4.243777e-01
4.971140e-01
0
0
0
0
1.501805e-01
4.566435e-01
2.604150e-01
3.311755e-01
1.545482e-01
4.474395e-01
0
0
0
0
0
0
0
0
0
0
0
0
0
0
0
0
0
0
0
0
0
0
0
0
4.096415e-01
4.872188e-01
5.412694e-01
5.913180e-01
5.983845e-01
4.767550e-01
4.745516e-01
6.580690e-01
0
0
0
2.291124e-02
1.015626e-01
0
9.131548e-02
4.552196e-01
8.781052e-02
1.347955e-01
0
0
0
5.369452e-01
1.417325e-01
0
5.063808e-02
9.346997e-02
3.049184e-01
5.162577e-01
0
9.482339e-02
2.388575e-03
1.853785e-01
0
8.146644e-02
5.303601e-01
0
1.048373e-01
0
0
0
0
0
3.385959e-01
0
6.364088e-01
0
4.747657e-01
2.895221e-01
0
0
0
0
0
0
3.797059e-01
2.999658e-01
1.977076e-01
0
0
2.378132e-01
0
0
3.040266e-01
0
1
2.675961e-01
5.951523e-02
0
2.793825e-01
2.130400e-02
0
0
0
0
2.435174e-01
0
0
0
0
0
9.595370e-02
0
6.450372e-01
5.545039e-01
6.598600e-01
6.761038e-01
5.540886e-01
1.381009e-01
0
0
4.711877e-01
3.316333e-01
9.734092e-02
3.527085e-02
3.916291e-01
2.466993e-01
0
0
1.252975e-01
5.512029e-02
0
3.075440e-02
1.984341e-01
1.960789e-01
3.933204e-01
2.791500e-01
1.160021e-01
1.603566e-01
2.225812e-01
2.806503e-01
3.328036e-01
2.062019e-01
1.807224e-01
1.900054e-01
2.412652e-01
1.770072e-01
0
0
0
0
0
0
0
0
5.825925e-01
2.286109e-01
0
0
0
0
2.083484e-01
0
0
0
1.865489e-02
7.016490e-03
0
0
0
0
0
0
4.312558e-02
1.310266e-02
3.201292e-01
2.285902e-01
3.419242e-01
0
3.956883e-01
0
0
0
7.846317e-02
1.944210e-02
0
0
0
0
0
0
0
0
0
0
0
3.082329e-01
0
0
0
0
0
0
0
0
1.498334e-01
1.052094e-01
2.699596e-01
1.454571e-01
0
4.731327e-01
2.675961e-01
1
0
4.637869e-01
3.605342e-01
7.745805e-01
0
3.399793e-01
2.622174e-01
4.201871e-01
4.277147e-01
6.778331e-01
3.665819e-01
3.570193e-01
2.041982e-01
2.267501e-01
1.578992e-01
1.269141e-01
1.771706e-01
3.332267e-01
1.440886e-01
2.423410e-01
3.898192e-01
4.470898e-01
9.069882e-02
2.531309e-01
1.043644e-01
1.527865e-01
0
0
0
0
0
0
8.024982e-02
0
0
0
0
0
0
0
0
0
0
0
0
0
0
9.140115e-02
0
0
3.942712e-01
3.401510e-01
1.251148e-01
1.033723e-01
3.883688e-01
5.399871e-01
2.219452e-01
3.994400e-01
0
1.441175e-01
0
0
0
2.845474e-02
0
0
0
0
0
0
0
0
1.015515e-01
4.083601e-02
3.388439e-01
5.089038e-01
3.047091e-01
4.795878e-01
0
3.126324e-01
3.178474e-01
1.884594e-01
9.952556e-02
2.708423e-01
7.969917e-02
0
2.444361e-01
0
0
6.335313e-02
0
0
0
0
1.139875e-01
0
0
0
0
0
0
0
0
2.129966e-01
2.727529e-01
3.423824e-02
1.477750e-01
0
0
1.843191e-01
2.071061e-01
0
7.105260e-01
1.484183e-01
5.951523e-02
0
1
0
6.380782e-01
2.002600e-02
5.178479e-01
0
3.872416e-01
0
4.629816e-01
0
0
0
2.878318e-01
0
0
0
2.193793e-01
0
0
0
0
0
1.795974e-01
0
0
3.543974e-01
0
0
0
0
0
0
0
0
3.610014e-01
1.220353e-01
1.543588e-01
1.390599e-01
0
0
2.122786e-01
1.706693e-01
2.419194e-01
2.028364e-01
1.679726e-01
2.353223e-01
2.538682e-01
1.651055e-01
3.734966e-01
2.353454e-01
0
0
0
0
1.959944e-01
0
0
0
1.457128e-01
0
1.005693e-01
0
0
0
7.518765e-01
2.037260e-01
5.394841e-01
2.280420e-01
5.298022e-01
3.167853e-01
1.835171e-01
0
2.239487e-01
2.599183e-01
0
0
2.483341e-02
0
2.491513e-01
0
0
0
0
0
2.607366e-02
4.938816e-01
2.204008e-02
3.649506e-01
0
0
0
0
1.882020e-01
0
0
4.270602e-01
0
2.221668e-01
0
0
0
0
9.663020e-03
0
0
0
2.749742e-01
0
0
0
6.978689e-01
4.207497e-01
0
7.581694e-01
0
4.637869e-01
0
1
0
5.948406e-01
4.259902e-01
8.739876e-01
5.149158e-01
7.710962e-01
2.831571e-01
7.029272e-01
4.234935e-01
2.058247e-01
4.109524e-01
3.853794e-01
4.004729e-01
5.497879e-01
0
0
0
0
1.556920e-01
4.455871e-01
4.061964e-01
5.134642e-01
0
8.704438e-02
0
0
0
0
0
0
0
0
0
0
0
0
0
0
0
0
0
0
0
0
7.956936e-02
0
0
0
4.513218e-01
6.382221e-01
6.102727e-01
7.830507e-01
7.368485e-01
7.709895e-01
5.020523e-01
6.863536e-01
0
0
0
0
3.361351e-01
1.557884e-01
0
4.595418e-01
5.672124e-02
2.129295e-01
0
0
0
3.579523e-01
2.411253e-02
0
1.667970e-01
2.216976e-01
2.096380e-01
4.969736e-01
0
1.901161e-01
0
1.622999e-01
0
3.672815e-01
5.816720e-01
0
0
0
0
0
0
0
2.863193e-01
0
5.860909e-01
0
4.088912e-01
2.055077e-01
0
0
0
0
0
0
6.105939e-01
3.838303e-01
4.766027e-01
0
0
2.053221e-02
7.118510e-02
0
4.940302e-01
0
2.793825e-01
3.605342e-01
6.380782e-01
0
1
3.456013e-01
3.069330e-01
0
4.264660e-01
4.103208e-02
6.456024e-01
2.231579e-01
0
0
2.510791e-01
1.304248e-02
0
0
4.289999e-01
1.766152e-01
0
0
0
0
1.850163e-01
1.277351e-02
0
1.424746e-01
0
0
0
0
6.912389e-02
3.758542e-03
1.685624e-02
0
3.055687e-01
1.466540e-01
0
1.538898e-02
0
0
4.120656e-02
0
1.021595e-01
1.698590e-01
1.212956e-02
1.416461e-01
1.572988e-01
3.100290e-01
1.931917e-01
1.413594e-01
0
0
0
0
1.820082e-02
0
0
0
3.028550e-01
0
0
0
0
1.135641e-01
3.673454e-01
6.818851e-03
2.189690e-01
1.439262e-01
3.362729e-01
1.720435e-01
0
0
6.807707e-02
2.923079e-01
0
7.550834e-02
1.879454e-01
3.608524e-02
3.749099e-01
0
1.633147e-01
8.672945e-02
0
0
0
2.724029e-01
1.116990e-01
3.226314e-01
9.016458e-03
0
0
0
0
0
0
2.243862e-01
0
0
0
0
7.111073e-02
0
2.407143e-02
2.414737e-02
0
0
1.650780e-01
0
0
0
3.954653e-01
1.660473e-01
0
3.385263e-01
2.130400e-02
7.745805e-01
2.002600e-02
5.948406e-01
3.456013e-01
1
2.706648e-01
5.181695e-01
5.094046e-01
4.731421e-01
3.752062e-01
5.634969e-01
4.055549e-01
3.448089e-01
1.752906e-01
1.283899e-01
4.332943e-03
2.472358e-02
0
0
2.513126e-02
0
2.433030e-01
2.466098e-01
1.482937e-01
2.059059e-01
0
0
0
0
0
0
0
0
5.003409e-02
0
0
0
0
0
0
0
0
0
0
0
0
0
2.604952e-01
2.258655e-01
0
0
4.552916e-01
3.839775e-01
4.175539e-01
3.790385e-01
6.229076e-01
7.331767e-01
1.332147e-01
2.304799e-01
0
2.536748e-01
0
0
1.226327e-01
2.155740e-01
0
0
0
0
0
0
0
0
1.898711e-01
0
3.395949e-01
3.554618e-01
1.535450e-01
2.878188e-01
0
3.532100e-01
0
8.037390e-02
2.451282e-01
5.134669e-01
2.970996e-01
3.356449e-02
1.858874e-02
0
0
0
0
1.038715e-02
0
1.599082e-02
2.294918e-01
0
0
5.628729e-03
0
0
0
0
0
1.126378e-02
3.938125e-01
1.376607e-01
3.607153e-01
0
0
0
5.458358e-01
2.921318e-01
2.854622e-01
2.432966e-01
0
0
5.178479e-01
4.259902e-01
3.069330e-01
2.706648e-01
1
5.684327e-01
7.723154e-01
4.304818e-01
6.531883e-01
3.547781e-01
3.355749e-01
9.799212e-02
5.023393e-01
2.150640e-01
0
7.702155e-02
0
0
0
0
0
0
6.360368e-01
4.534615e-01
0
0
0
0
0
0
0
0
0
0
2.518426e-01
1.579753e-01
0
0
0
0
0
0
0
0
0
0
2.506392e-01
1.052250e-01
0
0
5.797547e-02
1.900714e-01
2.775035e-01
2.807910e-01
6.171386e-01
1.395196e-01
8.116807e-02
1.843421e-01
0
0
0
0
1.551665e-01
1.681166e-01
3.258930e-01
4.506720e-01
3.888310e-01
3.358753e-01
2.780739e-01
1.348573e-01
3.035513e-02
0
3.017246e-01
2.241955e-01
2.200164e-01
7.690968e-02
3.345845e-01
3.161518e-01
8.543917e-02
0
0
1.853859e-01
0
2.261868e-01
3.166671e-01
2.610382e-01
0
1.109220e-01
0
0
0
0
2.110684e-01
9.020937e-02
3.454951e-02
4.244902e-02
1.521458e-01
4.524657e-02
0
0
0
0
1.832082e-01
9.485012e-02
2.263828e-01
4.003424e-01
4.716279e-01
0
0
0
8.098509e-01
5.606630e-01
0
5.655293e-01
0
3.399793e-01
0
8.739876e-01
0
5.181695e-01
5.684327e-01
1
5.695759e-01
8.186616e-01
2.441841e-01
6.430935e-01
5.557643e-01
3.524634e-01
5.780684e-01
4.216250e-01
2.700722e-01
5.512154e-01
0
0
0
0
2.005526e-02
3.246317e-01
5.429459e-01
6.506664e-01
0
0
0
0
0
0
0
0
0
0
0
0
0
0
0
0
0
0
0
0
0
0
1.957627e-01
0
0
0
5.419031e-01
7.597707e-01
6.863291e-01
8.134023e-01
8.453781e-01
6.234721e-01
6.131608e-01
6.384482e-01
0
0
0
0
3.977017e-01
2.596922e-01
0
5.214745e-01
9.753080e-02
2.106153e-01
0
5.134216e-02
0
1.978779e-01
2.009153e-01
0
4.200266e-01
3.275184e-01
2.521461e-01
3.390695e-01
0
1.218731e-01
0
1.118445e-01
0
5.694135e-01
4.794956e-01
0
0
0
0
3.044398e-02
0
0
1.957329e-01
0
4.872913e-01
0
3.234422e-01
6.766804e-03
0
0
0
0
0
0
5.397001e-01
4.567321e-01
4.857065e-01
0
0
1.850297e-01
4.871611e-01
3.579079e-01
0
1.494351e-01
0
2.622174e-01
3.872416e-01
5.149158e-01
4.264660e-01
5.094046e-01
7.723154e-01
5.695759e-01
1.000000e+00
5.647790e-01
5.770476e-01
4.279372e-01
1.328599e-01
0
1.937869e-01
0
0
4.416323e-02
0
0
0
0
0
0
3.508632e-01
2.657476e-01
0
0
0
0
0
0
0
0
0
0
8.428557e-02
1.131663e-01
0
0
0
0
0
0
0
0
0
2.440763e-02
3.889268e-01
4.544587e-01
0
0
1.798355e-01
2.110626e-01
1.744519e-01
2.518381e-01
5.216032e-01
3.327302e-01
0
1.701085e-01
0
2.311712e-02
0
0
8.300266e-02
1.517386e-01
1.582337e-01
3.035817e-01
1.594719e-01
2.804302e-01
5.411065e-02
9.084625e-02
0
0
0
0
9.516582e-02
3.541729e-01
3.737743e-02
3.688782e-01
2.296140e-02
1.102408e-01
0
1.725264e-01
1.913236e-01
3.690454e-01
2.409978e-01
2.583786e-01
0
2.590145e-01
0
0
0
0
0
1.491962e-01
7.918253e-02
6.859507e-02
0
0
0
0
0
0
0
1.393978e-01
2.728417e-01
1.814986e-01
5.836418e-01
0
0
0
6.283742e-01
4.187914e-01
0
4.571250e-01
0
4.201871e-01
0
7.710962e-01
4.103208e-02
4.731421e-01
4.304818e-01
8.186616e-01
5.647790e-01
1
3.229225e-01
8.236174e-01
2.387141e-01
4.038739e-02
3.399787e-01
3.953384e-01
2.396884e-01
5.039978e-01
0
0
0
0
1.818969e-01
3.232348e-01
3.172123e-01
4.486911e-01
0
0
0
0
0
0
0
3.526354e-02
0
0
0
0
0
0
0
0
0
0
0
0
0
0
1.321735e-02
0
0
0
3.676784e-01
4.907365e-01
3.890861e-01
5.152112e-01
5.871300e-01
6.767331e-01
4.329859e-01
5.702560e-01
0
2.260087e-01
0
0
3.481522e-01
3.318628e-01
0
5.261149e-01
0
2.274967e-01
0
9.831127e-02
0
1.350331e-01
0
0
1.414763e-01
4.940713e-01
2.116005e-01
5.005568e-01
0
4.628621e-01
1.317220e-01
4.986517e-01
1.389158e-01
4.858572e-01
3.803340e-01
0
1.210735e-01
0
0
1.308147e-01
0
0
0
0
2.732052e-01
0
1.067275e-01
0
0
0
0
0
0
1.439807e-01
4.982318e-01
2.304479e-01
2.944355e-01
0
0
1.766215e-01
2.882343e-01
1.999259e-01
4.295904e-01
2.733392e-01
2.435174e-01
4.277147e-01
4.629816e-01
2.831571e-01
6.456024e-01
3.752062e-01
6.531883e-01
2.441841e-01
5.770476e-01
3.229225e-01
1.000000e+00
5.558349e-01
3.408355e-01
1.370089e-01
4.200569e-01
3.342282e-01
0
4.244515e-02
2.483641e-01
1.508799e-01
0
0
0
0
5.741238e-01
4.217308e-01
2.160686e-01
2.970572e-01
0
0
0
0
1.327205e-02
1.602536e-01
2.351838e-01
0
2.636545e-01
2.547741e-01
0
0
0
0
0
0
0
0
0
0
1.256045e-02
1.170765e-01
0
0
0
3.301956e-02
0
0
3.219430e-01
2.146040e-01
0
2.284376e-01
4.116173e-02
0
0
0
1.493327e-02
1.051974e-01
1.531961e-01
2.884347e-01
1.999549e-01
3.015576e-01
2.342062e-01
8.847414e-02
0
0
1.864041e-01
2.707121e-01
1.056780e-01
2.357146e-01
6.739949e-01
5.323263e-01
3.193972e-01
0
2.281766e-01
2.416289e-01
3.080700e-02
6.298685e-02
0
4.692384e-02
0
9.636382e-03
0
9.121084e-02
0
0
0
0
0
0
0
0
0
0
0
0
0
2.158235e-01
1.081985e-01
9.784314e-02
1.041139e-01
0
0
1.628426e-01
5.008862e-01
3.192060e-01
0
6.066797e-01
0
6.778331e-01
0
7.029272e-01
2.231579e-01
5.634969e-01
3.547781e-01
6.430935e-01
4.279372e-01
8.236174e-01
5.558349e-01
1
4.206670e-01
2.400685e-01
4.965683e-01
6.178652e-01
1.968029e-01
3.013866e-01
0
2.737521e-01
0
0
1.773066e-01
3.777146e-01
4.394549e-01
4.937834e-01
0
2.318340e-01
0
0
0
0
0
3.042943e-02
6.577415e-02
0
0
0
0
0
0
0
0
0
0
0
0
0
0
0
0
0
3.499593e-01
4.320918e-01
1.496617e-01
3.099973e-01
5.714220e-01
6.526239e-01
5.247184e-01
7.270563e-01
0
0
0
0
2.813008e-01
2.967507e-01
0
2.977212e-01
0
9.824252e-02
0
0
0
1.875132e-01
4.323226e-02
0
2.313552e-01
5.238113e-01
5.468299e-01
7.164346e-01
0
3.229712e-01
2.358515e-01
5.009722e-01
0
1.655560e-01
2.987790e-01
0
1.938322e-01
0
0
2.308585e-02
0
0
0
0
2.175277e-01
0
2.953030e-02
0
0
0
0
0
0
1.041859e-01
3.696742e-01
1.848529e-01
1.238994e-01
0
0
3.406756e-01
5.417333e-01
5.344111e-01
0
3.647720e-01
0
3.665819e-01
0
4.234935e-01
0
4.055549e-01
3.355749e-01
5.557643e-01
1.328599e-01
2.387141e-01
3.408355e-01
4.206670e-01
1
8.944744e-01
6.682057e-01
6.249532e-01
2.369811e-01
3.153066e-01
0
0
0
0
5.402154e-02
4.274599e-01
7.661954e-01
8.111732e-01
2.406584e-01
2.721694e-01
1.253875e-01
1.224665e-02
0
0
0
4.796021e-02
3.375112e-02
0
0
0
0
0
0
0
0
0
0
0
0
0
9.077881e-03
0
0
0
4.943718e-01
7.777176e-01
3.142125e-01
4.364033e-01
6.183150e-01
3.278769e-01
6.510220e-01
5.662468e-01
0
0
0
0
3.250353e-01
1.418968e-01
0
5.628385e-02
0
0
0
0
0
3.972409e-02
6.956840e-01
3.348132e-01
7.612245e-01
2.133958e-01
7.266201e-01
4.004240e-01
0
0
2.066364e-01
0
0
2.418410e-01
1.292801e-01
0
0
0
0
2.020084e-01
0
0
2.153908e-01
0
1.637911e-01
0
1.029154e-01
0
0
0
0
0
0
0
3.899679e-01
5.913402e-01
7.366924e-02
0
0
4.242886e-01
3.222670e-01
4.701951e-01
0
1.780524e-01
0
3.570193e-01
0
2.058247e-01
0
3.448089e-01
9.799212e-02
3.524634e-01
0
4.038739e-02
1.370089e-01
2.400685e-01
8.944744e-01
1
5.540003e-01
5.330788e-01
2.128518e-01
1.066030e-01
0
0
0
0
5.588324e-02
3.405693e-01
6.322770e-01
6.581780e-01
1.962562e-01
7.428772e-02
2.971187e-01
2.045451e-01
0
0
1.431568e-01
8.128797e-02
7.379066e-02
0
0
0
0
0
0
0
0
0
0
0
0
0
0
0
0
0
5.187118e-01
7.145069e-01
1.851623e-01
2.904772e-01
4.162581e-01
1.664112e-01
4.762651e-01
4.731846e-01
0
0
0
0
3.251822e-01
1.822379e-01
0
0
0
0
0
0
0
1.757555e-02
7.631751e-01
4.532297e-01
8.032953e-01
3.818386e-01
5.199966e-01
3.177585e-01
0
0
2.827402e-01
0
0
1.292450e-01
4.656272e-02
0
0
0
1.742981e-02
2.565582e-01
0
0
2.128235e-01
9.077925e-02
1.422748e-01
0
1.041089e-01
0
0
0
0
0
0
0
2.219850e-01
5.611553e-01
4.765057e-02
0
8.559326e-02
3.325141e-01
5.817960e-01
4.541822e-01
1.710673e-01
4.028909e-01
0
2.041982e-01
2.878318e-01
4.109524e-01
2.510791e-01
1.752906e-01
5.023393e-01
5.780684e-01
1.937869e-01
3.399787e-01
4.200569e-01
4.965683e-01
6.682057e-01
5.540003e-01
1
7.842051e-01
8.578646e-03
2.680952e-01
0
0
0
0
0
0
8.392624e-01
7.622073e-01
1.506502e-01
3.295398e-01
8.365038e-02
2.095638e-02
0
0
1.080030e-02
1.179203e-01
0
0
1.395366e-01
1.813706e-02
0
0
0
0
0
0
0
0
0
0
0
0
0
0
3.527818e-01
5.251884e-01
2.328844e-01
3.023439e-01
5.472508e-01
1.534543e-01
5.601885e-01
5.448693e-01
0
0
0
0
3.899095e-01
4.090630e-01
1.011861e-01
3.838799e-01
3.829433e-01
3.205537e-01
3.681972e-01
1.840842e-01
0
2.374040e-02
6.528851e-01
4.252946e-01
5.079307e-01
1.929848e-01
6.516168e-01
2.349563e-01
0
0
2.501163e-01
7.207329e-02
0
8.729851e-02
1.774179e-01
0
0
0
0
1.547486e-01
0
0
1.443063e-01
0
8.786609e-02
0
5.557307e-02
0
0
0
0
0
1.610995e-01
0
1.818840e-01
3.999716e-01
2.160891e-01
0
0
4.004173e-01
3.312418e-01
3.306363e-01
0
3.824076e-01
0
2.267501e-01
0
3.853794e-01
1.304248e-02
1.283899e-01
2.150640e-01
4.216250e-01
0
3.953384e-01
3.342282e-01
6.178652e-01
6.249532e-01
5.330788e-01
7.842051e-01
1.000000e+00
1.796811e-01
2.558040e-01
0
1.279767e-01
0
0
0
3.029386e-01
7.468147e-01
7.440490e-01
1.804140e-01
2.566809e-01
2.386412e-01
2.920553e-01
0
0
1.287322e-01
3.960069e-01
2.648556e-01
3.269032e-02
2.194429e-01
9.777755e-02
0
0
0
0
0
0
0
0
0
0
0
0
0
0
2.429704e-01
5.111678e-01
3.090937e-02
2.371727e-01
3.207606e-01
3.624707e-01
5.690607e-01
6.823419e-01
0
0
0
0
6.459957e-01
6.019191e-01
0
1.681087e-01
1.843834e-01
3.297012e-01
1.744894e-01
0
0
1.882245e-01
4.596502e-01
1.319329e-01
4.377219e-01
3.011432e-01
7.451171e-01
4.226289e-01
0
0
3.121243e-01
3.206614e-01
0
0
2.434564e-01
0
0
0
1.968683e-02
3.817344e-01
0
0
1.504621e-02
0
9.594089e-02
0
1.313580e-01
0
0
0
0
0
0
0
3.857693e-01
3.556439e-01
0
0
1.019027e-02
5.704421e-01
3.166399e-01
3.153042e-01
0
4.243777e-01
9.595370e-02
1.578992e-01
0
4.004729e-01
0
4.332943e-03
0
2.700722e-01
0
2.396884e-01
0
1.968029e-01
2.369811e-01
2.128518e-01
8.578646e-03
1.796811e-01
1.000000e+00
6.571343e-01
0
7.021147e-03
1.819523e-01
2.555806e-01
6.773662e-01
7.449688e-01
0
1.754506e-01
1.308207e-01
2.577872e-01
1.263802e-01
1.362885e-01
0
0
0
0
0
0
0
0
0
0
3.703583e-03
0
0
0
0
0
0
0
4.736501e-03
0
0
0
4.473278e-01
4.970327e-01
3.252091e-01
4.505301e-01
1.776464e-01
2.886709e-01
5.347683e-01
4.242000e-01
0
0
0
3.424018e-02
7.710904e-03
0
0
2.634401e-01
0
0
6.427248e-02
1.167766e-01
0
2.675140e-01
0
0
0
6.851012e-03
5.648749e-02
1.489418e-01
0
1.780141e-01
2.702077e-01
0
9.341105e-03
1.143489e-01
1.897086e-02
0
0
0
0
0
0
0
1.925734e-01
0
3.206694e-01
0
2.324165e-01
3.170001e-02
2.547636e-01
0
0
0
0
0
1.488953e-01
2.321206e-01
0
3.985785e-02
1.461901e-01
1.667960e-01
6.648940e-01
5.878469e-01
0
4.971140e-01
0
1.269141e-01
0
5.497879e-01
0
2.472358e-02
7.702155e-02
5.512154e-01
4.416323e-02
5.039978e-01
4.244515e-02
3.013866e-01
3.153066e-01
1.066030e-01
2.680952e-01
2.558040e-01
6.571343e-01
1
0
0
0
0
4.596131e-01
5.787148e-01
2.278272e-01
4.363971e-01
7.974638e-02
9.933856e-02
0
0
0
0
0
2.319052e-01
0
1.503756e-01
0
1.479080e-01
0
0
0
0
0
0
0
0
0
0
2.750776e-02
0
0
0
4.445965e-01
6.048161e-01
4.842448e-01
5.537103e-01
3.633850e-01
3.881042e-01
4.155204e-01
3.603658e-01
0
9.492180e-02
0
0
1.369521e-01
0
0
7.746635e-01
2.214585e-02
2.746573e-01
1.405271e-01
1.948114e-01
0
1.420737e-01
0
0
0
2.466416e-02
2.231456e-01
1.873267e-01
0
1.789645e-01
3.539829e-01
1.185349e-01
9.166587e-02
4.817849e-01
9.398993e-02
0
0
0
0
2.036608e-01
0
0
4.006166e-02
0
1.943011e-01
0
5.954819e-02
0
0
0
0
0
0
4.886841e-02
5.120577e-01
2.932807e-01
4.740277e-02
0
0
1.987447e-01
0
0
5.752731e-01
0
6.450372e-01
1.771706e-01
2.193793e-01
0
4.289999e-01
0
0
0
0
0
2.483641e-01
0
0
0
0
0
0
0
1
7.637116e-01
4.638157e-01
5.488185e-01
1.393247e-01
0
0
0
5.024597e-01
1.988633e-01
0
0
2.329239e-01
1.245418e-01
3.055080e-01
3.140363e-01
2.917913e-01
4.069245e-01
1.362061e-01
4.635127e-02
8.938566e-02
1.598188e-01
2.843672e-01
2.626104e-01
5.184736e-02
6.815736e-02
5.456826e-02
2.305787e-01
0
1.312334e-01
0
1.682537e-01
0
1.175433e-01
0
0
0
0
0
0
0
0
5.998886e-01
1.622523e-01
7.534890e-02
0
0
0
1.267254e-01
0
4.660269e-02
0
1.732012e-01
1.344733e-01
0
0
0
2.504861e-01
0
3.508218e-03
9.809690e-02
0
6.795176e-01
1.257317e-01
4.128210e-01
9.967419e-03
2.093874e-01
0
0
0
2.995481e-01
2.204044e-01
3.582719e-01
8.657931e-02
0
0
0
0
0
1.321042e-01
0
0
0
4.787049e-01
1.880028e-01
0
0
0
0
0
0
0
4.357181e-01
4.023528e-01
0
0
2.238933e-01
0
5.545039e-01
3.332267e-01
0
0
1.766152e-01
0
0
0
0
0
1.508799e-01
2.737521e-01
0
0
0
1.279767e-01
7.021147e-03
0
7.637116e-01
1
4.426010e-01
6.959845e-01
2.784300e-01
1.947018e-01
0
0
4.790897e-01
3.266897e-01
6.893332e-02
6.400084e-02
5.623591e-02
3.183880e-02
9.950449e-02
2.028512e-01
1.600416e-01
2.033057e-01
0
0
2.434925e-02
8.213998e-02
4.246720e-01
4.023244e-01
0
0
3.352519e-02
1.687930e-01
0
0
0
0
0
0
0
0
0
0
0
0
6.291104e-02
7.248365e-02
4.928368e-01
1.911688e-01
1.309897e-01
0
0
2.435017e-02
0
0
0
0
0
3.717582e-02
0
0
0
7.451131e-02
0
2.592317e-01
2.666376e-01
6.783970e-02
4.661239e-01
3.090568e-01
4.252853e-01
9.557583e-02
6.419303e-02
0
0
0
4.265569e-01
0
2.918740e-01
6.491431e-02
0
6.122307e-02
0
0
0
0
0
0
8.773255e-02
4.033790e-01
0
0
0
3.336026e-02
0
0
0
0
5.131594e-01
4.523653e-01
0
0
0
0
6.598600e-01
1.440886e-01
0
0
0
2.513126e-02
0
0
0
0
0
0
0
0
0
0
1.819523e-01
0
4.638157e-01
4.426010e-01
1
7.991826e-01
7.331856e-01
2.664510e-01
0
0
3.492909e-01
0
8.570430e-02
6.412650e-02
6.028485e-01
4.569636e-01
3.870919e-02
5.989283e-02
3.152647e-01
4.084643e-01
0
1.396292e-03
1.963600e-03
2.822918e-02
2.748288e-01
1.780335e-01
0
4.516172e-02
0
1.275583e-01
2.367482e-01
2.869734e-01
6.596324e-02
2.407449e-01
0
1.378046e-01
1.238746e-01
0
0
0
0
3.830747e-02
0
0
4.853485e-01
7.211186e-01
1.518409e-02
0
0
0
0
0
0
0
0
0
0
0
0
0
0
1.287695e-01
0
0
2.462517e-01
5.925486e-01
3.300743e-01
0
6.968554e-01
2.097254e-01
0
0
1.173100e-01
0
1.757509e-01
4.740782e-02
2.028204e-01
3.324503e-01
0
0
0
0
0
0
3.299378e-01
4.294843e-01
1.535179e-01
2.514999e-01
0
0
0
0
0
0
3.676116e-01
1.674010e-01
0
0
0
0
6.761038e-01
2.423410e-01
0
0
0
0
0
0
0
0
0
0
0
0
0
0
2.555806e-01
0
5.488185e-01
6.959845e-01
7.991826e-01
1.000000e+00
6.213493e-01
4.024981e-01
0
0
5.027266e-01
2.043515e-01
1.494350e-01
1.350545e-01
4.509724e-01
4.272227e-01
7.200199e-02
1.544312e-01
2.128126e-01
2.671022e-01
0
0
2.185088e-01
2.422280e-01
6.002842e-01
5.046926e-01
7.930781e-02
1.968861e-01
1.600878e-01
2.226596e-01
1.205214e-01
4.731194e-02
0
0
0
4.215637e-02
0
0
0
0
0
0
0
0
4.942385e-01
4.417578e-01
1.941511e-01
1.165658e-01
0
0
0
0
0
0
0
0
0
0
0
0
0
3.115241e-02
0
0
2.356573e-01
3.878118e-01
3.738370e-01
0
2.685097e-01
0
0
0
3.166209e-01
0
1.775417e-01
3.736188e-02
1.160793e-01
2.888122e-01
0
0
0
0
0
0
3.331224e-01
6.355003e-01
3.832463e-02
1.555019e-01
0
1.479306e-01
0
0
0
0
4.167981e-01
1.969693e-01
1.011976e-01
2.617407e-01
0
1.501805e-01
5.540886e-01
3.898192e-01
0
1.556920e-01
0
2.433030e-01
0
2.005526e-02
0
1.818969e-01
0
1.773066e-01
5.402154e-02
5.588324e-02
0
0
6.773662e-01
4.596131e-01
1.393247e-01
2.784300e-01
7.331856e-01
6.213493e-01
1
6.848400e-01
0
0
2.394496e-01
2.026992e-02
0
3.167253e-02
2.531412e-01
1.571814e-01
0
6.140134e-02
1.885525e-01
1.770407e-01
0
0
0
0
1.663287e-02
0
0
0
0
0
1.324666e-02
0
6.849575e-02
6.395985e-03
0
0
4.375250e-01
2.859661e-01
1.005397e-01
1.888915e-01
5.340116e-02
4.102898e-01
1.503937e-01
1.064181e-01
7.686387e-02
5.318913e-01
0
0
0
0
0
0
0
0
0
0
0
0
0
0
0
1.734242e-01
0
1.058969e-01
0
5.959045e-01
4.284812e-01
3.860606e-02
5.712898e-01
3.494630e-01
0
0
8.993027e-02
0
0
2.219860e-02
0
1.101781e-01
0
0
0
0
0
0
1.390288e-01
1.837728e-01
0
1.036423e-01
0
0
1.465168e-01
0
0
0
1.103676e-01
1.995618e-01
2.386062e-01
2.730141e-01
0
4.566435e-01
1.381009e-01
4.470898e-01
0
4.455871e-01
0
2.466098e-01
0
3.246317e-01
0
3.232348e-01
0
3.777146e-01
4.274599e-01
3.405693e-01
0
3.029386e-01
7.449688e-01
5.787148e-01
0
1.947018e-01
2.664510e-01
4.024981e-01
6.848400e-01
1
6.411108e-02
3.721844e-01
2.762009e-01
2.010168e-01
0
1.696362e-03
0
0
0
1.092092e-01
0
0
0
0
0
0
0
0
0
0
0
0
0
0
0
0
0
0
3.609191e-01
5.945908e-01
2.635087e-01
4.150287e-01
1.727023e-01
5.626314e-01
5.251631e-01
5.557268e-01
0
1.991362e-01
0
0
1.883312e-01
0
0
8.403510e-02
0
0
0
0
0
1.801303e-01
0
0
2.288639e-01
2.313567e-01
3.226002e-01
3.308639e-01
0
3.035418e-01
2.799673e-01
0
0
2.604838e-01
1.286792e-01
0
1.425097e-02
0
0
1.718078e-01
0
3.712304e-02
0
0
3.052113e-01
0
1.385263e-01
0
8.206786e-02
9.384715e-02
0
0
0
1.320003e-01
4.974589e-01
2.690185e-01
0
0
1.881527e-01
3.103552e-01
4.771498e-01
4.957598e-01
1.013403e-01
2.604150e-01
0
9.069882e-02
1.795974e-01
4.061964e-01
1.850163e-01
1.482937e-01
6.360368e-01
5.429459e-01
3.508632e-01
3.172123e-01
5.741238e-01
4.394549e-01
7.661954e-01
6.322770e-01
8.392624e-01
7.468147e-01
0
2.278272e-01
0
0
0
0
0
6.411108e-02
1
8.921775e-01
8.756842e-02
2.042057e-01
2.268739e-01
1.848354e-01
0
0
1.395645e-01
1.847606e-01
6.919895e-02
0
2.591905e-01
2.302780e-01
0
0
0
0
0
0
0
0
0
0
0
0
0
0
1.682863e-01
5.181643e-01
7.385200e-02
2.604836e-01
4.550202e-01
1.789505e-01
4.491034e-01
5.644969e-01
0
0
0
0
4.997235e-01
3.494934e-01
0
3.112361e-01
3.054605e-01
4.415332e-01
2.877906e-01
1.518923e-01
0
1.872247e-02
6.377718e-01
3.893517e-01
5.655755e-01
2.234746e-01
7.539505e-01
4.453601e-01
0
0
1.505386e-01
6.587567e-02
0
2.009581e-02
2.018233e-01
0
0
0
0
2.433745e-01
0
0
2.273277e-01
0
0
0
1.217513e-01
0
0
0
0
0
2.385236e-01
3.116049e-02
2.993263e-01
5.700635e-01
2.177953e-01
0
0
2.748404e-01
5.510866e-01
5.311675e-01
0
3.311755e-01
0
2.531309e-01
0
5.134642e-01
1.277351e-02
2.059059e-01
4.534615e-01
6.506664e-01
2.657476e-01
4.486911e-01
4.217308e-01
4.937834e-01
8.111732e-01
6.581780e-01
7.622073e-01
7.440490e-01
1.754506e-01
4.363971e-01
0
0
0
0
0
3.721844e-01
8.921775e-01
1
4.312618e-02
1.221842e-01
1.807746e-02
4.393971e-02
0
0
2.524111e-02
2.737626e-01
0
0
0
3.778812e-02
0
0
0
0
0
0
0
0
0
0
0
0
0
0
2.363414e-01
6.916211e-01
1.834601e-01
3.565182e-01
4.524904e-01
3.031033e-01
5.870953e-01
6.496319e-01
0
0
0
0
4.907471e-01
2.917393e-01
0
3.569266e-01
1.259009e-02
2.823083e-01
6.319258e-02
1.026138e-03
0
1.169942e-02
5.265269e-01
2.925870e-01
6.966640e-01
2.781788e-01
7.036889e-01
4.528512e-01
0
0
2.316523e-01
6.262280e-02
0
1.908102e-01
2.292907e-01
0
0
0
7.251036e-02
3.999427e-01
0
0
1.701936e-01
0
7.652034e-02
0
1.337069e-01
0
0
0
0
0
9.093258e-02
2.141981e-01
5.340391e-01
6.492165e-01
2.581437e-01
0
0
3.646888e-01
0
0
4.703298e-01
1.545482e-01
4.711877e-01
1.043644e-01
0
0
0
0
0
0
0
0
2.160686e-01
0
2.406584e-01
1.962562e-01
1.506502e-01
1.804140e-01
1.308207e-01
7.974638e-02
5.024597e-01
4.790897e-01
3.492909e-01
5.027266e-01
2.394496e-01
2.762009e-01
8.756842e-02
4.312618e-02
1
5.029232e-01
4.394105e-01
2.503081e-01
0
0
2.957369e-01
2.059502e-01
3.752709e-01
1.971410e-01
0
2.010846e-01
0
0
1.673386e-01
6.548511e-02
0
0
0
3.794218e-02
0
0
0
0
0
0
3.634992e-02
1.387447e-02
0
0
0
0
6.977256e-02
5.949774e-02
1.055252e-01
0
0
0
0
0
0
0
1.318523e-01
0
1.073968e-01
4.377653e-02
0
0
2.307994e-01
3.932777e-01
3.867115e-02
0
4.820107e-01
0
1.624137e-01
0
4.165613e-01
0
5.714301e-02
0
0
0
0
0
2.005284e-01
1.618881e-01
0
0
0
0
0
0
0
0
0
3.369760e-01
0
0
0
0
0
0
0
0
4.749342e-01
5.390697e-01
1.268815e-01
0
4.662783e-01
4.474395e-01
3.316333e-01
1.527865e-01
3.543974e-01
8.704438e-02
1.424746e-01
0
0
0
0
0
2.970572e-01
2.318340e-01
2.721694e-01
7.428772e-02
3.295398e-01
2.566809e-01
2.577872e-01
9.933856e-02
1.988633e-01
3.266897e-01
0
2.043515e-01
2.026992e-02
2.010168e-01
2.042057e-01
1.221842e-01
5.029232e-01
1
1.232133e-01
0
0
0
0
0
0
0
0
0
2.943925e-01
2.623175e-01
3.640871e-01
2.696555e-01
2.156635e-01
1.743921e-01
3.442751e-01
1.791749e-01
0
0
0
0
1.936964e-01
0
0
0
0
0
1.202196e-01
0
4.375015e-01
2.571379e-01
3.233252e-02
0
4.572236e-02
0
0
0
4.075538e-01
8.116692e-02
8.156645e-02
0
1.755678e-01
0
1.013802e-01
1.432951e-01
2.107724e-01
1.252303e-02
0
0
5.506878e-01
1.891866e-01
0
0
5.503659e-02
0
0
0
0
0
0
0
0
0
0
0
1.909690e-01
0
3.926978e-03
0
0
6.243489e-02
0
1.881299e-01
0
0
0
0
0
0
0
0
0
1.964508e-01
0
1.033918e-01
4.248943e-02
0
9.734092e-02
0
0
0
0
0
0
0
0
0
0
0
1.253875e-01
2.971187e-01
8.365038e-02
2.386412e-01
1.263802e-01
0
0
6.893332e-02
8.570430e-02
1.494350e-01
0
0
2.268739e-01
1.807746e-02
4.394105e-01
1.232133e-01
1
8.538403e-01
0
2.197231e-02
4.502089e-01
3.628847e-02
3.584784e-01
3.357676e-02
1.840141e-01
4.413287e-01
1.899790e-01
1.534684e-01
3.424325e-01
3.213408e-01
1.534606e-01
1.128431e-01
2.469222e-01
2.218264e-01
0
0
0
0
0
0
0
0
0
0
0
0
0
2.762615e-01
2.014719e-02
0
5.078965e-02
6.685575e-02
2.679391e-01
0
0
0
2.762265e-01
2.459714e-01
1.702333e-01
2.054890e-01
2.115870e-01
2.587703e-01
2.038326e-01
1.626467e-01
2.017241e-02
1.247761e-01
1.826367e-01
1.233688e-01
0
0
1.737015e-01
0
0
0
0
0
0
0
1.132486e-02
0
0
0
1.729595e-01
2.162567e-01
0
0
2.405265e-01
0
1.650919e-01
0
6.567519e-02
1.951510e-01
2.883811e-01
0
0
6.348333e-02
0
0
1.330294e-01
1.588100e-01
0
9.289002e-02
0
0
3.527085e-02
0
0
0
0
0
0
0
0
0
0
0
1.224665e-02
2.045451e-01
2.095638e-02
2.920553e-01
1.362885e-01
0
0
6.400084e-02
6.412650e-02
1.350545e-01
3.167253e-02
1.696362e-03
1.848354e-01
4.393971e-02
2.503081e-01
0
8.538403e-01
1
0
1.199705e-01
6.507685e-01
3.209054e-01
4.609143e-01
2.305968e-01
4.049361e-01
5.686908e-01
1.732575e-01
1.654021e-01
3.345328e-01
3.727323e-01
1.356525e-01
6.584976e-02
1.409434e-01
1.537758e-01
0
0
0
0
0
0
0
0
0
0
0
0
0
2.023517e-01
2.630867e-02
0
6.284463e-02
1.776749e-01
3.839746e-01
1.494542e-01
0
0
2.690908e-01
4.151725e-01
1.853522e-01
2.704986e-01
1.911604e-01
2.610426e-01
5.811725e-03
0
0
8.469003e-02
1.068166e-01
9.247434e-02
0
0
1.900367e-01
0
0
0
0
0
0
0
2.025038e-01
1.413934e-01
1.627058e-01
0
4.649590e-02
1.098358e-01
0
0
1.194421e-01
0
1.575489e-01
3.095732e-04
2.454292e-01
4.106745e-01
1.363359e-01
0
0
0
0
0
6.646216e-02
1.606429e-01
0
0
7.656205e-02
0
3.916291e-01
0
0
0
0
0
0
0
0
0
0
0
0
0
0
0
0
0
2.329239e-01
5.623591e-02
6.028485e-01
4.509724e-01
2.531412e-01
0
0
0
0
0
0
0
1
9.147894e-01
7.199980e-02
0
1.479146e-01
2.061165e-01
1.351837e-01
1.441829e-01
2.699806e-01
2.648615e-01
4.742656e-01
3.778381e-01
1.715685e-01
4.196983e-01
2.710364e-01
4.711897e-01
5.518783e-01
6.706481e-01
1.792041e-01
3.229316e-01
3.666100e-01
5.348833e-01
0
0
0
0
0
0
0
0
7.810641e-01
5.227522e-01
5.610905e-01
3.972016e-01
0
0
3.111860e-02
0
0
0
0
0
4.122500e-01
0
0
0
0
0
0
0
4.559495e-01
3.421340e-01
0
0
5.112126e-01
0
0
3.338694e-01
3.164706e-01
4.864917e-01
7.630851e-02
0
3.780512e-01
4.235387e-01
0
1.522838e-01
0
6.604893e-01
0
2.090277e-01
4.064364e-01
3.981404e-01
3.128245e-01
5.796682e-01
0
0
0
0
0
2.106092e-01
0
0
0
0
0
0
2.466993e-01
0
0
0
0
0
0
0
0
0
0
0
0
0
0
0
0
0
1.245418e-01
3.183880e-02
4.569636e-01
4.272227e-01
1.571814e-01
0
0
0
0
0
2.197231e-02
1.199705e-01
9.147894e-01
1.000000e+00
1.840727e-01
0
2.665101e-01
1.826497e-01
1.963365e-01
1.699189e-01
2.116287e-01
1.872899e-01
4.963828e-01
4.025308e-01
8.919874e-02
3.562811e-01
1.969467e-01
3.366929e-01
3.696197e-01
4.650766e-01
0
2.080849e-01
2.128029e-01
3.677463e-01
0
0
0
0
0
0
0
0
7.265840e-01
4.836207e-01
6.271548e-01
5.624633e-01
0
0
0
0
0
0
0
0
5.888978e-01
1.846729e-03
0
0
0
0
0
0
4.144396e-01
2.854909e-01
0
5.122735e-02
3.155712e-01
0
2.467935e-02
4.549753e-01
4.088816e-01
5.725435e-01
2.360463e-02
0
3.596715e-01
4.806706e-01
0
2.158255e-01
0
6.954855e-01
0
3.383158e-01
3.662116e-01
3.880619e-01
2.239592e-01
7.136125e-01
0
0
0
0
0
2.124087e-01
0
0
0
0
2.821888e-01
0
0
0
0
0
6.912389e-02
0
0
0
0
0
1.327205e-02
0
0
1.431568e-01
1.080030e-02
1.287322e-01
0
0
3.055080e-01
9.950449e-02
3.870919e-02
7.200199e-02
0
0
1.395645e-01
2.524111e-02
2.957369e-01
0
4.502089e-01
6.507685e-01
7.199980e-02
1.840727e-01
1
6.834229e-01
6.181925e-01
5.819389e-01
6.547678e-01
5.934216e-01
1.130481e-01
1.410019e-01
1.563739e-01
2.252191e-01
1.208304e-01
8.696310e-02
3.068147e-02
1.665004e-01
0
0
0
7.407559e-02
0
0
0
0
0
0
0
0
0
0
1.303888e-01
0
8.872989e-02
5.471157e-02
3.259084e-01
3.008614e-01
0
0
2.298634e-01
4.129732e-01
9.730748e-02
1.973370e-01
1.562254e-01
0
2.008700e-01
4.564185e-01
7.568836e-02
1.735475e-03
1.093671e-01
0
3.027266e-01
0
1.357789e-01
8.081380e-02
0
0
0
3.347720e-01
0
3.808676e-01
5.620972e-01
5.630558e-01
3.886417e-01
1.910005e-01
0
3.726148e-02
0
2.057571e-01
0
0
5.753042e-02
2.464824e-01
5.213441e-01
3.210500e-01
2.064029e-01
0
0
0
0
0
2.578334e-01
1.758896e-01
0
7.338296e-02
0
0
0
0
0
0
3.758542e-03
0
0
0
0
3.526354e-02
1.602536e-01
3.042943e-02
4.796021e-02
8.128797e-02
1.179203e-01
3.960069e-01
0
2.319052e-01
3.140363e-01
2.028512e-01
5.989283e-02
1.544312e-01
6.140134e-02
1.092092e-01
1.847606e-01
2.737626e-01
2.059502e-01
0
3.628847e-02
3.209054e-01
0
0
6.834229e-01
1
6.388209e-01
7.909685e-01
4.771789e-01
5.099791e-01
0
0
0
0
0
0
0
0
0
0
0
0
0
0
0
3.771789e-02
0
0
0
0
0
0
0
1.780927e-01
0
3.729246e-02
3.890061e-01
4.638690e-01
0
1.827033e-01
4.301676e-02
4.550668e-01
1.054239e-01
1.315536e-01
0
0
8.726380e-03
2.002204e-01
5.198909e-02
2.175612e-01
3.179214e-01
1.045279e-01
2.645993e-01
9.251298e-02
4.614454e-01
4.622836e-01
7.827794e-02
8.186493e-02
0
0
1.457334e-01
8.226590e-02
5.486726e-01
8.343195e-01
3.491756e-01
3.746738e-01
0
0
0
0
0
0
6.499082e-02
3.202435e-01
3.886014e-01
2.472780e-01
0
2.761432e-01
2.746131e-01
0
0
0
3.081650e-01
3.848141e-01
0
4.010198e-03
2.936965e-02
0
1.252975e-01
8.024982e-02
0
0
1.685624e-02
5.003409e-02
0
0
0
0
2.351838e-01
6.577415e-02
3.375112e-02
7.379066e-02
0
2.648556e-01
0
0
2.917913e-01
1.600416e-01
3.152647e-01
2.128126e-01
1.885525e-01
0
6.919895e-02
0
3.752709e-01
0
3.584784e-01
4.609143e-01
1.479146e-01
2.665101e-01
6.181925e-01
6.388209e-01
1
5.725059e-01
5.678756e-01
6.221622e-01
0
0
0
0
0
0
0
0
0
0
0
0
0
0
0
0
0
0
0
2.368818e-01
0
0
2.477673e-01
4.285167e-01
0
2.281618e-02
4.609948e-01
4.642951e-01
0
0
1.818630e-01
3.981517e-01
0
0
3.184872e-03
0
0
6.839005e-02
0
2.160644e-01
2.310625e-01
1.132498e-01
4.787680e-01
3.399487e-01
2.262791e-01
3.658911e-01
4.649270e-01
8.306849e-02
2.302980e-02
1.836653e-01
3.176590e-02
2.379265e-01
5.806896e-02
5.126709e-01
0
3.843743e-01
0
0
0
1.656656e-01
0
0
0
1.142381e-01
1.247243e-01
3.211499e-01
0
0
2.223388e-01
0
0
0
0
3.303869e-01
0
9.760306e-02
8.961611e-03
0
5.512029e-02
0
0
0
0
0
0
0
0
0
0
0
0
0
0
3.269032e-02
0
1.503756e-01
4.069245e-01
2.033057e-01
4.084643e-01
2.671022e-01
1.770407e-01
0
0
0
1.971410e-01
0
3.357676e-02
2.305968e-01
2.061165e-01
1.826497e-01
5.819389e-01
7.909685e-01
5.725059e-01
1
3.303434e-01
4.695394e-01
0
0
0
4.996640e-03
0
0
0
0
0
1.174654e-01
0
1.694563e-01
0
6.543447e-02
0
0
0
0
0
0
0
0
1.503705e-01
5.119976e-01
0
0
1.837404e-01
3.045444e-01
0
1.197684e-01
2.167170e-03
2.311050e-01
1.022221e-01
1.549497e-01
0
0
0
2.016484e-01
0
1.562030e-01
2.618894e-02
0
3.560658e-01
2.801200e-01
4.990100e-01
2.804801e-01
3.887675e-01
2.679933e-01
0
0
0
1.973550e-01
6.428182e-01
7.160372e-01
4.555550e-01
4.902554e-01
0
0
0
7.335478e-02
0
0
2.418267e-01
3.401401e-01
6.258775e-01
3.390557e-01
1.790042e-01
1.946906e-01
8.113405e-02
0
0
0
3.734152e-01
2.987337e-01
0
0
3.767665e-01
0
0
0
3.610014e-01
0
3.055687e-01
0
2.518426e-01
0
8.428557e-02
0
2.636545e-01
0
0
0
1.395366e-01
2.194429e-01
0
0
1.362061e-01
0
0
0
0
0
2.591905e-01
0
0
0
1.840141e-01
4.049361e-01
1.351837e-01
1.963365e-01
6.547678e-01
4.771789e-01
5.678756e-01
3.303434e-01
1
6.803524e-01
0
0
0
0
0
0
0
1.227666e-02
0
0
0
0
0
0
0
0
0
0
0
0
0
0
2.132417e-01
0
2.005387e-01
1.368721e-01
3.872790e-01
5.087367e-01
0
0
5.781408e-01
6.440737e-01
4.013177e-01
2.823668e-01
2.691012e-01
0
1.661127e-01
1.646483e-01
0
0
1.146365e-01
0
4.699252e-01
0
0
3.075821e-01
7.915261e-02
0
1.240096e-01
6.165832e-01
7.364905e-02
4.372417e-01
2.410125e-01
3.207978e-01
3.196659e-02
6.343369e-02
0
0
0
5.293463e-01
0
3.191241e-02
0
0
3.971060e-01
3.009282e-01
8.459948e-02
0
0
0
0
0
0
3.864466e-02
0
2.093375e-01
1.331968e-01
0
3.075440e-02
0
1.220353e-01
0
1.466540e-01
0
1.579753e-01
0
1.131663e-01
0
2.547741e-01
0
0
0
1.813706e-02
9.777755e-02
0
1.479080e-01
4.635127e-02
0
1.396292e-03
0
0
0
2.302780e-01
3.778812e-02
2.010846e-01
0
4.413287e-01
5.686908e-01
1.441829e-01
1.699189e-01
5.934216e-01
5.099791e-01
6.221622e-01
4.695394e-01
6.803524e-01
1
0
0
0
0
0
0
0
0
0
2.144585e-02
0
1.165994e-01
0
0
0
0
0
0
0
0
0
0
4.021883e-02
5.631476e-02
0
0
2.912324e-01
2.592132e-01
0
2.861790e-01
5.524827e-01
7.754812e-01
4.905939e-01
4.802245e-01
7.372878e-02
0
0
7.006552e-02
0
3.773886e-02
5.587041e-02
2.628086e-02
1.438435e-01
1.187751e-03
2.332141e-01
1.445670e-01
3.122434e-01
0
0
2.056592e-01
0
2.732301e-01
1.753771e-01
3.507018e-01
1.695447e-01
6.948553e-02
0
0
0
2.376120e-01
0
0
0
0
2.892228e-01
3.164644e-01
7.458389e-02
0
2.403161e-02
0
0
0
0
1.941152e-03
0
0
3.219048e-01
0
1.984341e-01
0
1.543588e-01
0
0
0
0
0
0
0
0
0
0
0
0
0
0
0
8.938566e-02
2.434925e-02
1.963600e-03
2.185088e-01
0
0
0
0
0
2.943925e-01
1.899790e-01
1.732575e-01
2.699806e-01
2.116287e-01
1.130481e-01
0
0
0
0
0
1
9.868590e-01
7.932560e-01
8.326262e-01
9.755208e-01
9.619880e-01
9.479390e-01
8.604599e-01
6.698444e-01
3.677778e-01
1.868809e-01
0
8.140132e-01
6.200156e-01
0
0
0
0
0
0
0
0
2.324124e-01
0
4.181828e-01
1.380354e-01
0
0
4.622550e-01
0
0
0
5.546059e-02
0
3.483807e-01
0
0
1.249606e-01
0
0
0
0
0
0
0
0
0
0
0
6.602370e-02
0
1.447234e-01
2.075136e-01
0
3.802411e-01
0
2.988428e-01
2.603110e-01
0
1.209168e-01
0
1.060687e-01
2.837297e-01
3.897397e-01
2.361352e-01
0
4.087020e-01
3.721731e-02
0
0
0
1.605158e-01
1.443193e-01
0
0
0
3.240325e-01
0
1.960789e-01
0
1.390599e-01
0
1.538898e-02
0
0
0
0
0
0
0
0
0
0
0
0
0
1.598188e-01
8.213998e-02
2.822918e-02
2.422280e-01
0
0
0
0
0
2.623175e-01
1.534684e-01
1.654021e-01
2.648615e-01
1.872899e-01
1.410019e-01
0
0
0
0
0
9.868590e-01
1
7.994081e-01
8.519965e-01
9.616114e-01
9.372142e-01
9.340098e-01
8.643035e-01
6.388942e-01
3.534439e-01
1.343275e-01
0
7.971396e-01
6.026994e-01
0
0
0
0
0
0
0
0
2.570604e-01
0
4.213567e-01
1.410432e-01
0
0
4.417484e-01
0
0
0
7.790671e-02
0
2.866403e-01
0
0
1.490016e-01
0
0
0
0
0
0
0
0
0
0
0
3.831529e-02
0
1.335609e-01
2.491795e-01
0
3.909580e-01
0
2.170602e-01
1.977023e-01
0
1.104813e-01
0
5.439101e-03
2.985862e-01
4.196558e-01
3.041979e-01
0
4.063495e-01
5.851120e-02
0
0
0
1.562300e-01
1.679422e-01
0
0
0
2.212546e-01
0
3.933204e-01
0
0
0
0
0
0
0
0
0
0
0
0
0
0
0
3.703583e-03
0
2.843672e-01
4.246720e-01
2.748288e-01
6.002842e-01
1.663287e-02
0
0
0
1.673386e-01
3.640871e-01
3.424325e-01
3.345328e-01
4.742656e-01
4.963828e-01
1.563739e-01
0
0
0
0
0
7.932560e-01
7.994081e-01
1
9.695964e-01
6.820895e-01
7.575009e-01
7.959199e-01
7.911412e-01
4.675078e-01
2.034838e-01
0
0
5.585542e-01
3.507156e-01
0
0
0
0
0
0
0
0
5.821451e-01
0
6.064780e-01
3.526156e-01
0
0
1.372167e-01
0
0
0
0
0
4.195526e-01
3.691235e-02
0
0
0
0
0
0
2.027085e-01
0
0
0
0
0
0
0
2.476938e-01
5.097752e-02
1.590219e-01
0
1.943712e-01
5.217111e-02
1.954150e-02
1.715200e-02
0
1.394911e-01
0
5.902487e-02
4.252006e-01
5.307053e-01
2.054947e-01
2.436603e-01
2.477144e-01
0
0
0
0
1.573881e-01
1.427696e-01
0
0
0
1.792254e-01
0
2.791500e-01
0
0
0
0
0
0
0
0
0
0
0
0
0
0
0
0
0
2.626104e-01
4.023244e-01
1.780335e-01
5.046926e-01
0
0
0
0
6.548511e-02
2.696555e-01
3.213408e-01
3.727323e-01
3.778381e-01
4.025308e-01
2.252191e-01
0
0
4.996640e-03
0
0
8.326262e-01
8.519965e-01
9.695964e-01
1.000000e+00
7.561002e-01
7.876431e-01
8.120905e-01
8.150144e-01
4.450111e-01
1.924302e-01
0
0
5.712933e-01
3.701989e-01
0
0
0
0
0
0
0
0
4.859521e-01
0
5.790635e-01
3.643691e-01
0
0
1.266034e-01
0
0
0
0
0
3.570445e-01
1.562334e-02
0
0
0
0
0
0
1.386098e-01
0
0
0
0
0
0
0
2.597848e-01
5.540882e-02
2.902426e-01
0
2.880234e-01
2.824515e-02
2.253506e-02
4.537226e-02
0
9.601593e-02
0
4.953069e-03
4.421267e-01
4.779729e-01
3.163799e-01
2.615903e-01
3.416631e-01
2.238103e-02
0
0
0
2.455941e-01
2.039121e-01
0
0
0
3.312166e-01
0
1.160021e-01
0
2.122786e-01
0
4.120656e-02
0
0
0
0
0
0
0
0
0
0
0
0
0
5.184736e-02
0
0
7.930781e-02
0
0
0
0
0
2.156635e-01
1.534606e-01
1.356525e-01
1.715685e-01
8.919874e-02
1.208304e-01
0
0
0
0
0
9.755208e-01
9.616114e-01
6.820895e-01
7.561002e-01
1
9.432133e-01
9.344643e-01
8.556635e-01
6.693296e-01
4.027190e-01
2.720745e-01
3.853520e-02
8.179264e-01
6.536059e-01
0
0
0
0
0
0
0
0
1.375916e-01
0
3.199923e-01
3.951067e-02
0
0
4.905870e-01
0
0
0
1.143904e-01
4.925574e-02
2.577550e-01
0
3.518734e-02
2.341332e-01
0
0
0
0
0
0
0
0
0
0
0
8.020791e-02
0
1.569605e-01
2.689720e-01
0
3.953428e-01
0
3.029582e-01
3.257516e-01
0
9.408263e-02
0
8.895087e-02
2.229098e-01
2.652645e-01
2.799849e-01
0
4.675358e-01
4.938569e-02
0
0
1.029600e-01
2.109559e-01
1.659433e-01
0
0
0
3.320480e-01
0
1.603566e-01
0
1.706693e-01
0
0
0
0
0
0
0
0
0
0
0
0
0
0
0
6.815736e-02
0
4.516172e-02
1.968861e-01
0
0
0
0
0
1.743921e-01
1.128431e-01
6.584976e-02
4.196983e-01
3.562811e-01
8.696310e-02
0
0
0
0
0
9.619880e-01
9.372142e-01
7.575009e-01
7.876431e-01
9.432133e-01
1
9.208718e-01
8.819558e-01
7.369538e-01
5.582186e-01
2.623901e-01
6.651521e-02
8.174141e-01
7.615705e-01
0
0
0
0
0
0
0
0
3.132855e-01
0
5.166776e-01
2.355064e-01
0
0
4.913865e-01
0
0
0
3.747164e-02
0
3.979982e-01
0
0
1.114907e-01
0
0
0
0
0
0
0
0
0
0
0
1.727593e-01
0
2.747602e-01
2.287872e-01
0
4.374182e-01
0
2.986557e-01
3.652894e-01
0
2.933496e-01
0
2.473492e-01
3.750627e-01
3.954295e-01
3.056433e-01
8.022508e-02
4.451017e-01
4.044295e-02
0
0
4.201775e-02
3.179156e-01
1.524449e-01
0
0
0
3.750451e-01
0
2.225812e-01
0
2.419194e-01
0
1.021595e-01
0
0
0
0
0
0
0
0
0
0
0
0
0
5.456826e-02
3.352519e-02
0
1.600878e-01
0
0
0
0
0
3.442751e-01
2.469222e-01
1.409434e-01
2.710364e-01
1.969467e-01
3.068147e-02
0
0
0
0
0
9.479390e-01
9.340098e-01
7.959199e-01
8.120905e-01
9.344643e-01
9.208718e-01
1.000000e+00
9.074869e-01
7.127020e-01
4.223198e-01
2.528972e-01
0
8.573608e-01
6.194870e-01
0
0
0
0
0
0
0
0
3.116407e-01
0
3.987429e-01
6.830078e-02
0
0
5.222620e-01
0
0
0
8.594755e-02
0
3.569348e-01
0
1.562102e-02
1.656080e-01
0
0
0
0
0
0
0
0
0
0
0
9.998688e-02
0
1.313597e-01
6.597388e-02
0
2.049092e-01
0
2.941399e-01
3.276112e-01
0
1.591924e-01
0
1.318702e-01
1.949333e-01
2.148357e-01
1.775824e-01
0
4.766426e-01
0
0
0
6.578568e-02
1.916096e-01
1.352916e-04
0
0
0
4.679680e-01
0
2.806503e-01
0
2.028364e-01
0
1.698590e-01
0
0
0
0
0
0
0
0
0
0
0
0
0
2.305787e-01
1.687930e-01
1.275583e-01
2.226596e-01
0
0
0
0
3.794218e-02
1.791749e-01
2.218264e-01
1.537758e-01
4.711897e-01
3.366929e-01
1.665004e-01
0
0
0
1.227666e-02
0
8.604599e-01
8.643035e-01
7.911412e-01
8.150144e-01
8.556635e-01
8.819558e-01
9.074869e-01
1
6.961152e-01
5.918012e-01
2.502728e-01
4.595711e-02
7.970710e-01
7.123147e-01
0
0
0
0
0
0
0
0
5.143384e-01
0
4.657182e-01
8.430090e-02
0
0
4.260275e-01
0
0
0
2.026236e-01
8.586469e-02
2.863887e-01
0
0
2.158441e-01
0
0
0
0
1.984217e-01
0
0
0
0
0
0
1.209894e-01
0
1.973297e-01
3.392568e-01
0
2.853337e-01
0
3.899177e-02
1.954260e-01
0
2.932234e-01
0
3.572353e-02
3.706600e-01
3.161679e-01
4.367704e-01
9.260683e-02
5.497572e-01
0
0
0
0
2.542370e-01
1.840776e-01
0
0
0
1.135534e-01
0
3.328036e-01
0
1.679726e-01
0
1.212956e-02
0
0
0
0
0
0
0
0
0
0
0
0
0
0
0
2.367482e-01
1.205214e-01
1.324666e-02
0
0
0
0
0
0
0
5.518783e-01
3.696197e-01
0
0
0
0
0
0
6.698444e-01
6.388942e-01
4.675078e-01
4.450111e-01
6.693296e-01
7.369538e-01
7.127020e-01
6.961152e-01
1.000000e+00
7.536370e-01
7.302529e-01
3.607895e-01
8.967007e-01
7.894675e-01
0
0
0
0
0
0
0
0
3.614982e-01
3.022819e-03
2.992617e-01
5.299293e-02
0
0
5.187588e-01
0
0
0
0
6.750089e-03
2.949519e-01
0
0
0
0
0
0
0
0
0
0
0
1.000016e-01
0
0
9.851901e-02
0
2.125246e-01
0
0
2.937852e-01
0
1.866860e-01
3.561252e-01
0
2.816757e-01
0
2.184183e-01
1.315024e-01
6.696143e-02
1.598118e-03
2.616209e-02
2.483531e-01
3.640857e-02
0
0
2.332297e-01
2.439863e-01
0
0
0
0
3.056226e-01
0
2.062019e-01
0
2.353223e-01
0
1.416461e-01
0
0
0
2.440763e-02
0
0
0
0
0
0
0
0
0
1.312334e-01
0
2.869734e-01
4.731194e-02
0
0
0
0
0
0
0
0
6.706481e-01
4.650766e-01
0
0
0
1.174654e-01
0
2.144585e-02
3.677778e-01
3.534439e-01
2.034838e-01
1.924302e-01
4.027190e-01
5.582186e-01
4.223198e-01
5.918012e-01
7.536370e-01
1
6.252223e-01
6.221265e-01
6.135331e-01
9.073690e-01
0
0
0
0
0
0
0
0
4.502945e-01
2.645091e-01
2.782431e-01
3.734537e-02
0
0
4.612009e-01
0
4.320544e-02
0
1.108797e-01
1.466110e-01
1.309118e-01
0
0
1.661179e-01
0
0
0
0
2.480813e-01
5.204504e-02
0
0
3.138860e-01
1.299489e-01
0
2.534850e-01
0
4.546034e-01
2.124963e-01
0
3.780286e-01
2.149070e-01
0
3.115956e-01
0
5.441577e-01
0
1.612388e-01
2.209875e-01
1.037907e-01
3.580024e-01
1.105525e-01
3.688802e-01
1.346766e-01
0
0
2.011533e-01
3.786629e-01
1.010558e-01
0
3.002595e-01
1.598709e-01
7.946655e-02
0
1.807224e-01
0
2.538682e-01
7.956936e-02
1.572988e-01
2.604952e-01
2.506392e-01
1.957627e-01
3.889268e-01
1.321735e-02
1.256045e-02
0
9.077881e-03
0
0
0
4.736501e-03
2.750776e-02
0
0
6.596324e-02
0
6.849575e-02
0
0
0
0
0
0
0
1.792041e-01
0
0
0
0
0
0
0
1.868809e-01
1.343275e-01
0
0
2.720745e-01
2.623901e-01
2.528972e-01
2.502728e-01
7.302529e-01
6.252223e-01
1
5.990369e-01
5.608245e-01
6.126123e-01
1.616786e-01
2.773254e-02
3.009843e-01
1.472265e-01
2.731548e-01
0
0
0
0
1.759281e-02
0
0
0
0
4.724612e-01
4.472714e-02
0
0
0
3.801333e-02
0
0
0
1.860745e-02
7.196353e-03
0
0
0
0
0
0
0
1.782690e-01
4.113752e-01
0
5.274425e-02
0
1.131369e-01
0
0
3.289609e-02
0
1.036394e-01
2.470281e-01
0
1.243117e-01
0
1.166171e-01
0
0
0
0
1.454186e-01
0
0
8.101906e-02
4.644863e-01
7.719199e-02
0
0
0
0
6.215920e-02
0
1.900054e-01
9.140115e-02
1.651055e-01
0
3.100290e-01
2.258655e-01
1.052250e-01
0
4.544587e-01
0
1.170765e-01
0
0
0
0
0
0
0
1.682537e-01
0
2.407449e-01
0
6.395985e-03
0
0
0
0
0
0
0
3.229316e-01
2.080849e-01
7.407559e-02
0
0
1.694563e-01
0
1.165994e-01
0
0
0
0
3.853520e-02
6.651521e-02
0
4.595711e-02
3.607895e-01
6.221265e-01
5.990369e-01
1.000000e+00
1.586359e-01
5.154509e-01
0
0
2.906569e-02
0
0
0
0
0
1.378216e-01
2.942766e-01
0
0
0
0
7.770818e-02
0
0
6.909837e-02
0
1.339061e-01
0
0
0
1.853410e-01
0
8.327530e-02
0
0
7.398713e-02
9.151721e-02
0
0
2.950363e-01
4.725330e-01
0
2.879669e-01
2.759335e-02
5.407560e-01
2.726957e-01
1.011014e-01
3.567607e-01
1.142054e-02
0
2.003530e-01
0
3.387211e-01
0
0
0
0
1.444041e-01
1.101782e-02
0
1.551510e-01
0
0
3.180193e-01
6.909017e-02
4.496958e-02
0
0
0
3.201531e-01
0
2.412652e-01
0
3.734966e-01
0
1.931917e-01
0
0
0
0
0
0
0
0
0
0
0
0
0
0
0
0
0
0
0
0
0
0
1.936964e-01
0
0
3.666100e-01
2.128029e-01
0
0
0
0
0
0
8.140132e-01
7.971396e-01
5.585542e-01
5.712933e-01
8.179264e-01
8.174141e-01
8.573608e-01
7.970710e-01
8.967007e-01
6.135331e-01
5.608245e-01
1.586359e-01
1.000000e+00
7.498773e-01
0
0
0
0
0
0
0
0
3.092380e-01
0
3.429739e-01
1.709457e-02
0
0
6.537907e-01
0
0
0
1.380824e-01
8.021021e-02
3.998256e-01
0
0
3.330242e-02
0
0
0
0
0
0
0
0
0
0
0
1.570603e-01
0
1.892082e-01
0
0
2.483670e-01
0
2.991237e-01
2.837522e-01
0
2.371753e-01
0
1.452100e-01
2.790651e-02
8.360675e-02
2.457498e-02
0
3.993988e-01
1.183560e-01
0
0
2.428314e-01
1.125603e-01
0
0
0
0
3.755561e-01
0
1.770072e-01
0
2.353454e-01
0
1.413594e-01
0
0
0
0
0
0
0
0
0
0
0
0
0
1.175433e-01
0
1.378046e-01
4.215637e-02
0
0
0
0
0
0
0
0
5.348833e-01
3.677463e-01
0
0
0
6.543447e-02
0
0
6.200156e-01
6.026994e-01
3.507156e-01
3.701989e-01
6.536059e-01
7.615705e-01
6.194870e-01
7.123147e-01
7.894675e-01
9.073690e-01
6.126123e-01
5.154509e-01
7.498773e-01
1
0
0
0
0
0
0
0
0
3.556428e-01
3.713964e-02
2.709413e-01
0
0
0
5.529980e-01
0
0
0
6.619754e-02
4.170573e-02
1.535970e-01
0
0
2.099548e-01
0
0
0
0
1.480116e-01
0
0
0
0
0
0
2.123739e-01
0
4.454176e-01
2.855960e-01
0
4.628670e-01
5.911381e-02
3.400037e-03
3.090064e-01
0
4.433076e-01
0
1.049732e-01
2.284592e-01
2.492068e-01
3.524288e-01
9.372499e-03
4.927119e-01
2.296277e-01
0
0
2.451778e-01
3.535831e-01
1.273433e-01
0
7.229326e-01
7.020613e-01
0
4.096415e-01
0
3.942712e-01
0
4.513218e-01
0
4.552916e-01
5.797547e-02
5.419031e-01
1.798355e-01
3.676784e-01
0
3.499593e-01
4.943718e-01
5.187118e-01
3.527818e-01
2.429704e-01
4.473278e-01
4.445965e-01
0
0
1.238746e-01
0
4.375250e-01
3.609191e-01
1.682863e-01
2.363414e-01
3.634992e-02
0
0
0
0
0
0
0
0
0
0
0
0
0
0
0
0
0
0
0
0
0
1.616786e-01
0
0
0
1.000000e+00
7.896504e-01
5.248885e-01
5.636848e-01
6.523900e-01
3.723401e-01
4.253892e-01
3.806321e-01
0
5.864780e-02
0
0
0
9.843235e-02
0
1.804431e-01
0
0
1.300894e-01
0
0
1.054828e-01
2.017402e-01
0
2.163331e-01
3.943535e-01
1.064224e-01
1.191894e-01
0
2.709927e-01
4.259174e-01
0
3.472169e-01
5.333845e-01
0
0
0
0
0
0
0
0
6.405941e-03
0
3.220302e-01
0
8.962668e-03
0
0
0
0
0
0
0
2.015987e-01
2.905893e-01
1.447863e-01
0
0
3.156174e-01
7.418085e-01
7.499810e-01
0
4.872188e-01
0
3.401510e-01
0
6.382221e-01
0
3.839775e-01
1.900714e-01
7.597707e-01
2.110626e-01
4.907365e-01
3.301956e-02
4.320918e-01
7.777176e-01
7.145069e-01
5.251884e-01
5.111678e-01
4.970327e-01
6.048161e-01
0
0
0
0
2.859661e-01
5.945908e-01
5.181643e-01
6.916211e-01
1.387447e-02
0
0
0
0
0
0
3.771789e-02
0
0
0
0
0
0
0
0
0
0
0
0
0
0
2.773254e-02
0
0
0
7.896504e-01
1
5.569945e-01
7.344400e-01
6.777165e-01
4.909483e-01
6.539469e-01
6.629226e-01
0
0
0
0
3.499221e-01
1.916943e-01
0
2.739752e-01
0
7.214580e-02
0
0
0
2.350646e-01
3.507804e-01
0
5.539113e-01
3.849955e-01
3.500046e-01
3.161325e-01
0
4.052054e-02
2.966181e-01
0
0
4.947374e-01
2.038287e-01
0
0
0
0
1.695478e-01
0
0
2.002142e-01
0
4.347227e-01
0
2.620725e-01
0
0
0
0
0
0
0
5.566831e-01
5.795136e-01
2.263139e-01
0
0
4.018130e-01
6.104370e-01
1.851734e-01
0
5.412694e-01
0
1.251148e-01
0
6.102727e-01
0
4.175539e-01
2.775035e-01
6.863291e-01
1.744519e-01
3.890861e-01
0
1.496617e-01
3.142125e-01
1.851623e-01
2.328844e-01
3.090937e-02
3.252091e-01
4.842448e-01
0
0
0
0
1.005397e-01
2.635087e-01
7.385200e-02
1.834601e-01
0
0
0
0
0
0
0
0
0
0
0
0
0
0
0
0
0
0
0
0
0
0
3.009843e-01
2.906569e-02
0
0
5.248885e-01
5.569945e-01
1.000000e+00
8.513931e-01
7.208170e-01
4.548496e-01
3.655951e-01
1.689235e-01
0
1.229997e-01
0
1.464403e-03
2.060694e-01
1.243007e-01
4.752704e-02
3.502748e-01
7.996349e-02
1.471863e-02
0
0
0
2.161239e-01
2.481631e-01
0
2.037927e-01
0
0
0
0
1.870851e-01
0
0
1.378111e-01
6.579933e-01
5.795129e-01
5.561862e-03
0
0
0
0
0
4.539149e-02
3.505638e-01
1.803865e-01
6.751056e-01
0
4.561418e-01
4.101614e-01
0
0
0
0
0
0
4.123256e-01
3.313070e-01
3.444094e-01
1.877341e-01
0
2.115684e-03
6.214703e-01
4.300326e-01
0
5.913180e-01
0
1.033723e-01
0
7.830507e-01
0
3.790385e-01
2.807910e-01
8.134023e-01
2.518381e-01
5.152112e-01
0
3.099973e-01
4.364033e-01
2.904772e-01
3.023439e-01
2.371727e-01
4.505301e-01
5.537103e-01
0
0
0
0
1.888915e-01
4.150287e-01
2.604836e-01
3.565182e-01
0
0
0
0
0
0
0
0
0
0
0
0
0
0
0
0
0
0
0
0
0
0
1.472265e-01
0
0
0
5.636848e-01
7.344400e-01
8.513931e-01
1
7.489457e-01
6.197909e-01
5.373465e-01
5.208445e-01
0
8.622777e-02
0
0
4.103198e-01
1.508487e-01
0
3.497867e-01
1.154093e-01
1.293338e-01
0
0
0
4.469777e-01
1.261371e-01
0
2.264581e-01
6.796190e-02
0
1.081302e-01
0
1.880992e-01
0
0
1.008942e-01
5.048271e-01
5.550681e-01
0
0
0
0
0
0
0
3.971874e-01
2.379981e-01
7.228916e-01
0
5.863552e-01
3.259591e-01
0
0
0
0
0
0
5.300133e-01
3.674232e-01
3.076637e-01
6.245715e-02
0
1.132768e-01
8.133021e-01
4.776713e-01
0
5.983845e-01
0
3.883688e-01
1.959944e-01
7.368485e-01
1.820082e-02
6.229076e-01
6.171386e-01
8.453781e-01
5.216032e-01
5.871300e-01
3.219430e-01
5.714220e-01
6.183150e-01
4.162581e-01
5.472508e-01
3.207606e-01
1.776464e-01
3.633850e-01
0
0
0
0
5.340116e-02
1.727023e-01
4.550202e-01
4.524904e-01
0
1.202196e-01
0
0
0
0
0
0
0
0
0
0
0
0
0
0
0
0
0
0
0
0
2.731548e-01
0
0
0
6.523900e-01
6.777165e-01
7.208170e-01
7.489457e-01
1.000000e+00
5.033226e-01
5.790706e-01
4.687482e-01
0
0
0
0
1.348570e-01
1.026574e-01
1.433654e-01
3.259401e-01
6.314206e-02
0
0
0
0
1.768211e-01
3.243895e-01
0
3.861409e-01
1.651268e-01
2.910412e-01
2.662553e-01
0
7.284981e-02
0
6.265054e-02
1.036881e-01
5.226217e-01
3.543681e-01
0
0
0
0
0
0
0
2.248482e-01
0
4.691356e-01
0
2.623614e-01
6.028924e-02
0
0
0
0
0
0
3.520221e-01
3.754898e-01
3.420431e-01
0
0
2.541697e-01
3.916366e-01
2.865147e-01
0
4.767550e-01
0
5.399871e-01
0
7.709895e-01
0
7.331767e-01
1.395196e-01
6.234721e-01
3.327302e-01
6.767331e-01
2.146040e-01
6.526239e-01
3.278769e-01
1.664112e-01
1.534543e-01
3.624707e-01
2.886709e-01
3.881042e-01
0
0
3.830747e-02
0
4.102898e-01
5.626314e-01
1.789505e-01
3.031033e-01
0
0
0
0
0
0
0
0
2.368818e-01
0
0
0
0
0
0
0
0
0
0
0
0
0
0
0
0
0
3.723401e-01
4.909483e-01
4.548496e-01
6.197909e-01
5.033226e-01
1
2.910602e-01
5.024589e-01
0
4.531638e-01
0
0
4.716397e-01
3.721396e-01
0
1.126051e-01
0
3.339628e-02
0
0
0
1.124078e-01
0
0
1.320790e-01
3.430676e-01
2.361676e-01
3.791739e-01
0
5.789521e-01
0
2.140333e-01
2.452891e-01
4.860260e-01
4.445676e-01
0
3.077205e-02
0
0
7.835140e-02
0
1.956924e-01
0
0
3.475190e-01
0
1.215130e-01
2.958550e-02
0
0
0
6.262223e-02
0
1.113409e-02
7.027598e-01
1.431572e-01
1.922303e-01
0
0
4.485741e-02
5.285200e-01
3.739639e-01
0
4.745516e-01
0
2.219452e-01
0
5.020523e-01
0
1.332147e-01
8.116807e-02
6.131608e-01
0
4.329859e-01
0
5.247184e-01
6.510220e-01
4.762651e-01
5.601885e-01
5.690607e-01
5.347683e-01
4.155204e-01
0
6.291104e-02
0
0
1.503937e-01
5.251631e-01
4.491034e-01
5.870953e-01
6.977256e-02
4.375015e-01
0
0
0
0
0
0
0
0
0
0
0
0
0
0
0
0
0
0
0
0
0
0
0
0
4.253892e-01
6.539469e-01
3.655951e-01
5.373465e-01
5.790706e-01
2.910602e-01
1
7.008331e-01
0
0
0
0
1.978892e-01
0
0
1.792153e-01
0
0
0
0
0
3.281828e-01
2.817606e-01
0
4.694310e-01
4.860986e-02
4.869316e-01
2.514658e-01
0
0
8.997353e-02
0
0
1.062409e-01
1.502622e-01
0
0
0
0
0
0
0
2.433199e-01
0
4.067829e-01
0
2.688290e-01
0
0
0
0
0
0
0
1.901312e-01
3.166541e-01
0
0
5.638005e-02
4.928414e-01
4.221642e-01
4.832541e-01
0
6.580690e-01
0
3.994400e-01
0
6.863536e-01
0
2.304799e-01
1.843421e-01
6.384482e-01
1.701085e-01
5.702560e-01
2.284376e-01
7.270563e-01
5.662468e-01
4.731846e-01
5.448693e-01
6.823419e-01
4.242000e-01
3.603658e-01
0
7.248365e-02
0
0
1.064181e-01
5.557268e-01
5.644969e-01
6.496319e-01
5.949774e-02
2.571379e-01
2.762615e-01
2.023517e-01
0
0
0
0
0
0
0
0
0
0
0
0
0
0
0
0
0
0
0
0
0
0
3.806321e-01
6.629226e-01
1.689235e-01
5.208445e-01
4.687482e-01
5.024589e-01
7.008331e-01
1
0
0
0
0
4.001500e-01
1.340411e-01
0
2.537902e-01
0
1.477520e-01
0
0
0
5.069380e-01
1.878920e-01
0
3.998589e-01
4.987318e-01
5.102133e-01
6.982748e-01
0
4.305252e-02
2.237155e-01
1.560128e-01
0
0
3.093018e-01
0
0
0
0
0
0
0
2.336969e-01
0
4.289558e-01
0
4.297750e-01
0
0
0
0
0
0
7.368177e-02
3.988274e-01
4.514846e-01
1.903771e-01
0
0
3.967010e-01
0
0
3.994756e-01
0
5.825925e-01
0
1.457128e-01
0
3.028550e-01
0
0
0
0
0
4.116173e-02
0
0
0
0
0
0
0
5.998886e-01
4.928368e-01
4.853485e-01
4.942385e-01
7.686387e-02
0
0
0
1.055252e-01
3.233252e-02
2.014719e-02
2.630867e-02
7.810641e-01
7.265840e-01
1.303888e-01
0
2.477673e-01
1.503705e-01
2.132417e-01
4.021883e-02
2.324124e-01
2.570604e-01
5.821451e-01
4.859521e-01
1.375916e-01
3.132855e-01
3.116407e-01
5.143384e-01
3.614982e-01
4.502945e-01
0
1.378216e-01
3.092380e-01
3.556428e-01
0
0
0
0
0
0
0
0
1.000000e+00
3.685375e-01
5.600462e-01
2.676018e-01
0
0
9.705308e-02
0
1.409247e-02
0
0
0
3.400560e-01
0
0
0
0
0
0
0
7.941030e-01
2.969838e-01
0
8.135783e-02
3.670473e-01
0
0
2.839583e-01
4.257445e-01
4.504331e-01
3.997667e-02
0
0
2.177647e-01
0
0
0
5.645599e-01
0
5.877456e-03
1.628593e-01
3.949789e-01
1.523354e-01
3.160615e-01
0
0
0
0
0
0
0
0
0
0
0
0
2.286109e-01
1.441175e-01
0
0
0
2.536748e-01
0
0
2.311712e-02
2.260087e-01
0
0
0
0
0
0
0
9.492180e-02
1.622523e-01
1.911688e-01
7.211186e-01
4.417578e-01
5.318913e-01
1.991362e-01
0
0
0
0
0
0
5.227522e-01
4.836207e-01
0
1.780927e-01
4.285167e-01
5.119976e-01
0
5.631476e-02
0
0
0
0
0
0
0
0
3.022819e-03
2.645091e-01
1.759281e-02
2.942766e-01
0
3.713964e-02
5.864780e-02
0
1.229997e-01
8.622777e-02
0
4.531638e-01
0
0
3.685375e-01
1
0
1.343035e-01
8.272068e-02
1.597466e-01
0
0
0
0
0
0
0
0
0
0
0
2.976299e-01
0
0
3.126059e-01
8.803911e-01
1.593471e-01
2.283709e-01
7.678492e-01
5.129047e-01
0
0
1.626670e-01
1.126310e-01
3.580782e-02
2.850926e-01
1.847052e-01
6.855860e-01
0
0
0
1.306520e-01
0
0
2.376347e-01
1.332246e-01
1.348943e-01
4.534845e-01
0
1.781468e-01
2.946318e-01
0
0
2.156296e-01
5.459598e-02
0
0
0
1.566245e-01
0
0
0
1.005693e-01
0
0
0
0
0
0
0
0
0
0
0
0
0
0
0
7.534890e-02
1.309897e-01
1.518409e-02
1.941511e-01
0
0
0
0
0
4.572236e-02
5.078965e-02
6.284463e-02
5.610905e-01
6.271548e-01
8.872989e-02
0
0
0
2.005387e-01
0
4.181828e-01
4.213567e-01
6.064780e-01
5.790635e-01
3.199923e-01
5.166776e-01
3.987429e-01
4.657182e-01
2.992617e-01
2.782431e-01
0
0
3.429739e-01
2.709413e-01
0
0
0
0
0
0
0
0
5.600462e-01
0
1
8.466457e-01
0
0
1.148160e-01
0
6.083940e-02
0
0
0
7.204634e-01
3.786319e-01
0
0
0
0
0
0
4.193559e-01
0
0
1.722130e-01
0
0
2.117696e-01
3.893613e-01
5.633485e-01
2.553211e-01
2.084672e-04
0
1.863640e-01
3.125490e-01
2.768035e-01
1.812276e-01
1.812863e-01
5.263740e-01
3.360983e-01
5.604811e-01
5.431380e-01
4.469892e-01
1.718584e-01
4.759237e-01
1.007880e-01
0
0
0
0
3.585277e-01
4.140108e-02
0
0
0
0
2.291124e-02
0
0
0
0
0
0
0
0
0
0
0
0
0
0
0
0
3.424018e-02
0
0
0
0
1.165658e-01
0
0
0
0
0
0
6.685575e-02
1.776749e-01
3.972016e-01
5.624633e-01
5.471157e-02
3.729246e-02
2.281618e-02
0
1.368721e-01
0
1.380354e-01
1.410432e-01
3.526156e-01
3.643691e-01
3.951067e-02
2.355064e-01
6.830078e-02
8.430090e-02
5.299293e-02
3.734537e-02
0
0
1.709457e-02
0
0
0
1.464403e-03
0
0
0
0
0
2.676018e-01
1.343035e-01
8.466457e-01
1
1.683723e-01
1.119818e-01
0
0
1.043902e-01
9.607542e-02
0
3.918084e-02
6.045480e-01
6.052508e-01
0
0
0
0
0
0
1.589901e-01
1.823827e-01
0
3.053744e-01
0
0
4.357045e-01
2.587787e-01
5.973992e-01
1.644522e-01
0
0
2.365946e-01
4.153694e-01
3.206365e-01
2.330759e-01
4.327538e-01
3.761370e-01
5.583739e-01
5.678437e-01
5.596189e-01
2.653316e-01
1.196660e-01
6.503037e-01
0
0
0
0
0
4.744950e-01
0
0
1.018577e-02
6.770909e-02
0
1.015626e-01
0
0
0
3.361351e-01
0
1.226327e-01
1.551665e-01
3.977017e-01
8.300266e-02
3.481522e-01
1.493327e-02
2.813008e-01
3.250353e-01
3.251822e-01
3.899095e-01
6.459957e-01
7.710904e-03
1.369521e-01
0
0
0
0
0
1.883312e-01
4.997235e-01
4.907471e-01
0
0
2.679391e-01
3.839746e-01
0
0
3.259084e-01
3.890061e-01
4.609948e-01
1.837404e-01
3.872790e-01
2.912324e-01
0
0
0
0
0
0
0
0
0
0
0
0
0
0
0
3.499221e-01
2.060694e-01
4.103198e-01
1.348570e-01
4.716397e-01
1.978892e-01
4.001500e-01
0
8.272068e-02
0
1.683723e-01
1
8.198244e-01
0
5.112807e-02
2.952514e-01
5.494973e-01
0
7.493834e-02
0
2.156481e-01
3.135976e-01
0
3.343738e-01
2.657368e-01
2.605839e-01
1.425306e-01
0
1.056529e-01
0
2.109787e-01
0
1.512813e-01
5.865041e-01
1.265225e-01
0
0
1.032969e-01
5.174324e-01
0
2.956337e-01
5.958748e-02
1.504962e-01
2.745615e-01
0
3.533602e-01
9.011296e-02
2.081025e-02
0
1.071232e-01
3.689370e-01
5.452681e-02
0
4.740790e-01
1.938851e-01
0
1.472124e-01
0
1.920537e-01
5.154162e-02
0
0
0
0
2.845474e-02
0
1.557884e-01
1.135641e-01
2.155740e-01
1.681166e-01
2.596922e-01
1.517386e-01
3.318628e-01
1.051974e-01
2.967507e-01
1.418968e-01
1.822379e-01
4.090630e-01
6.019191e-01
0
0
0
2.435017e-02
0
0
0
0
3.494934e-01
2.917393e-01
0
0
0
1.494542e-01
0
0
3.008614e-01
4.638690e-01
4.642951e-01
3.045444e-01
5.087367e-01
2.592132e-01
0
0
0
0
0
0
0
0
0
0
0
0
0
0
9.843235e-02
1.916943e-01
1.243007e-01
1.508487e-01
1.026574e-01
3.721396e-01
0
1.340411e-01
0
1.597466e-01
0
1.119818e-01
8.198244e-01
1.000000e+00
0
0
3.589397e-01
4.958567e-01
1.074033e-01
9.928255e-02
0
0
2.969407e-01
7.360969e-02
2.010746e-01
3.225796e-01
1.878644e-01
0
1.840929e-01
2.315961e-01
0
3.198312e-01
0
2.692964e-01
4.260457e-01
1.913486e-01
1.723110e-01
6.197668e-02
1.953262e-01
5.092387e-01
0
3.323668e-01
0
0
9.212954e-02
1.060308e-01
3.104529e-02
0
1.100306e-02
0
3.150314e-01
2.598985e-01
0
0
3.108294e-01
9.126058e-03
0
2.153376e-01
0
2.181359e-01
2.514272e-01
0
5.736353e-01
9.131548e-02
2.083484e-01
0
7.518765e-01
0
3.673454e-01
0
3.258930e-01
0
1.582337e-01
0
1.531961e-01
0
0
0
1.011861e-01
0
0
0
1.267254e-01
0
0
0
0
0
0
0
0
4.075538e-01
0
0
3.111860e-02
0
0
0
0
0
0
0
4.622550e-01
4.417484e-01
1.372167e-01
1.266034e-01
4.905870e-01
4.913865e-01
5.222620e-01
4.260275e-01
5.187588e-01
4.612009e-01
4.724612e-01
7.770818e-02
6.537907e-01
5.529980e-01
0
0
4.752704e-02
0
1.433654e-01
0
0
0
9.705308e-02
0
1.148160e-01
0
0
0
1.000000e+00
2.971459e-01
3.002038e-01
0
5.033826e-01
2.835367e-01
6.155620e-02
0
8.194105e-04
1.725456e-01
0
0
0
0
1.912404e-02
0
0
0
0
0
0
6.894205e-02
0
1.101280e-01
0
0
0
0
2.579222e-01
3.876775e-02
0
1.791980e-01
0
1.491021e-01
0
0
0
0
2.325883e-01
1.586878e-02
0
4.044197e-02
4.178418e-01
0
0
0
6.082965e-01
4.337996e-01
0
4.552196e-01
0
0
2.037260e-01
4.595418e-01
6.818851e-03
0
4.506720e-01
5.214745e-01
3.035817e-01
5.261149e-01
2.884347e-01
2.977212e-01
5.628385e-02
0
3.838799e-01
1.681087e-01
2.634401e-01
7.746635e-01
0
0
0
0
0
8.403510e-02
3.112361e-01
3.569266e-01
0
8.116692e-02
0
0
0
0
0
1.827033e-01
0
1.197684e-01
0
2.861790e-01
0
0
0
0
0
0
0
0
0
0
4.472714e-02
0
0
0
1.804431e-01
2.739752e-01
3.502748e-01
3.497867e-01
3.259401e-01
1.126051e-01
1.792153e-01
2.537902e-01
0
0
0
0
5.112807e-02
0
2.971459e-01
1.000000e+00
4.152019e-01
5.235682e-01
4.738652e-01
5.527395e-01
0
8.540192e-02
0
0
0
3.326514e-02
1.559444e-01
1.913253e-01
0
4.255679e-02
2.556150e-01
2.169091e-01
6.398201e-03
3.037784e-01
1.415151e-01
0
0
0
0
1.198226e-01
0
0
5.036879e-02
0
5.277867e-02
0
7.133578e-02
0
0
0
0
0
3.017108e-02
1.236808e-01
2.484483e-01
2.389414e-01
2.516727e-01
0
0
1.031272e-01
7.469821e-02
0
3.993517e-01
8.781052e-02
0
0
5.394841e-01
5.672124e-02
2.189690e-01
0
3.888310e-01
9.753080e-02
1.594719e-01
0
1.999549e-01
0
0
0
3.829433e-01
1.843834e-01
0
2.214585e-02
4.660269e-02
0
0
0
0
0
3.054605e-01
1.259009e-02
1.318523e-01
8.156645e-02
2.762265e-01
2.690908e-01
0
0
2.298634e-01
4.301676e-02
1.818630e-01
2.167170e-03
5.781408e-01
5.524827e-01
0
0
0
0
0
0
0
0
0
4.320544e-02
0
0
0
0
0
0
7.996349e-02
1.154093e-01
6.314206e-02
0
0
0
1.409247e-02
0
6.083940e-02
1.043902e-01
2.952514e-01
3.589397e-01
3.002038e-01
4.152019e-01
1
7.484515e-01
7.385647e-01
7.237196e-01
8.279540e-02
7.422329e-02
1.231637e-01
1.035726e-01
0
0
1.842421e-02
0
1.537742e-01
0
0
0
0
0
1.892446e-01
2.967939e-01
0
2.449349e-01
0
0
0
0
9.130030e-02
3.277080e-02
5.670231e-03
3.339378e-01
1.417454e-01
1.904180e-01
0
0
1.022270e-01
0
2.780207e-01
0
0
0
3.508897e-02
0
0
4.240354e-04
1.069572e-01
1.681663e-01
0
1.347955e-01
0
0
2.280420e-01
2.129295e-01
1.439262e-01
0
3.358753e-01
2.106153e-01
2.804302e-01
2.274967e-01
3.015576e-01
9.824252e-02
0
0
3.205537e-01
3.297012e-01
0
2.746573e-01
0
0
0
0
0
0
4.415332e-01
2.823083e-01
0
0
2.459714e-01
4.151725e-01
0
0
4.129732e-01
4.550668e-01
3.981517e-01
2.311050e-01
6.440737e-01
7.754812e-01
0
0
0
0
0
0
0
0
0
0
0
6.909837e-02
0
0
0
7.214580e-02
1.471863e-02
1.293338e-01
0
3.339628e-02
0
1.477520e-01
0
0
0
9.607542e-02
5.494973e-01
4.958567e-01
0
5.235682e-01
7.484515e-01
1.000000e+00
5.726181e-01
7.185184e-01
5.286045e-02
1.039270e-01
7.453478e-02
2.079567e-02
0
1.487525e-01
1.041009e-01
1.264325e-01
0
0
6.093323e-02
2.227558e-01
1.622816e-02
3.461386e-02
3.125285e-01
2.107106e-01
1.047191e-02
1.431146e-01
1.088669e-01
3.361278e-01
0
0
3.093191e-02
0
0
1.214262e-01
1.558125e-01
2.635418e-02
0
0
1.002077e-01
1.666488e-01
7.844680e-02
0
7.894130e-02
5.874536e-02
1.808157e-02
0
0
0
2.519196e-01
2.423677e-01
4.228789e-01
0
1.865489e-02
0
5.298022e-01
0
3.362729e-01
0
2.780739e-01
0
5.411065e-02
0
2.342062e-01
0
0
0
3.681972e-01
1.744894e-01
6.427248e-02
1.405271e-01
1.732012e-01
0
0
0
0
0
2.877906e-01
6.319258e-02
1.073968e-01
1.755678e-01
1.702333e-01
1.853522e-01
0
0
9.730748e-02
1.054239e-01
0
1.022221e-01
4.013177e-01
4.905939e-01
5.546059e-02
7.790671e-02
0
0
1.143904e-01
3.747164e-02
8.594755e-02
2.026236e-01
0
1.108797e-01
0
0
1.380824e-01
6.619754e-02
1.300894e-01
0
0
0
0
0
0
0
0
0
0
0
0
1.074033e-01
5.033826e-01
4.738652e-01
7.385647e-01
5.726181e-01
1
7.902293e-01
0
0
7.430207e-02
1.779055e-01
0
0
1.028087e-01
0
5.221791e-02
0
3.125564e-01
0
0
0
0
0
0
0
2.061498e-01
0
0
0
0
0
0
2.877711e-02
0
0
0
0
2.597320e-01
0
3.103198e-01
0
0
3.162072e-02
0
0
1.755669e-01
1.096320e-01
4.934790e-02
1.196822e-01
1.704469e-01
0
7.016490e-03
0
3.167853e-01
0
1.720435e-01
0
1.348573e-01
5.134216e-02
9.084625e-02
9.831127e-02
8.847414e-02
0
0
0
1.840842e-01
0
1.167766e-01
1.948114e-01
1.344733e-01
3.717582e-02
0
0
0
0
1.518923e-01
1.026138e-03
4.377653e-02
0
2.054890e-01
2.704986e-01
0
0
1.973370e-01
1.315536e-01
0
1.549497e-01
2.823668e-01
4.802245e-01
0
0
0
0
4.925574e-02
0
0
8.586469e-02
6.750089e-03
1.466110e-01
3.801333e-02
1.339061e-01
8.021021e-02
4.170573e-02
0
0
0
0
0
0
0
0
0
0
0
3.918084e-02
7.493834e-02
9.928255e-02
2.835367e-01
5.527395e-01
7.237196e-01
7.185184e-01
7.902293e-01
1
0
0
0
8.617306e-02
0
8.607734e-02
0
0
0
0
1.968284e-01
0
0
0
0
0
0
0
2.630746e-01
6.372433e-04
0
0
0
0
0
0
0
0
0
0
1.596258e-01
0
3.089125e-01
0
0
0
4.018474e-02
6.579031e-03
2.281081e-01
0
0
0
9.056886e-02
0
0
0
1.835171e-01
0
0
0
3.035513e-02
0
0
0
0
0
0
0
0
0
0
0
0
0
0
0
0
0
0
0
0
1.013802e-01
2.115870e-01
1.911604e-01
4.122500e-01
5.888978e-01
1.562254e-01
0
3.184872e-03
0
2.691012e-01
7.372878e-02
3.483807e-01
2.866403e-01
4.195526e-01
3.570445e-01
2.577550e-01
3.979982e-01
3.569348e-01
2.863887e-01
2.949519e-01
1.309118e-01
0
0
3.998256e-01
1.535970e-01
0
0
0
0
0
0
0
0
3.400560e-01
0
7.204634e-01
6.045480e-01
0
0
6.155620e-02
0
8.279540e-02
5.286045e-02
0
0
1.000000e+00
5.074474e-01
0
0
0
0
0
1.687425e-01
1.435566e-01
0
0
1.604524e-01
0
0
3.929374e-01
6.109098e-01
2.919715e-01
3.599193e-01
0
0
1.318040e-01
1.101048e-01
5.692012e-01
4.127012e-01
2.515125e-01
4.935992e-01
4.712523e-01
6.459504e-01
8.964882e-02
1.197160e-01
0
4.464244e-01
9.908066e-02
0
0
0
0
3.037679e-02
0
0
8.753570e-02
2.210577e-02
0
5.369452e-01
0
0
0
3.579523e-01
0
0
0
1.978779e-01
0
1.350331e-01
0
1.875132e-01
3.972409e-02
1.757555e-02
2.374040e-02
1.882245e-01
2.675140e-01
1.420737e-01
0
0
0
0
0
1.801303e-01
1.872247e-02
1.169942e-02
0
1.432951e-01
2.587703e-01
2.610426e-01
0
1.846729e-03
0
0
0
0
0
0
0
0
3.691235e-02
1.562334e-02
0
0
0
0
0
0
0
0
0
0
1.054828e-01
2.350646e-01
2.161239e-01
4.469777e-01
1.768211e-01
1.124078e-01
3.281828e-01
5.069380e-01
0
0
3.786319e-01
6.052508e-01
2.156481e-01
0
0
8.540192e-02
7.422329e-02
1.039270e-01
0
0
5.074474e-01
1
0
0
0
0
0
3.886303e-01
0
0
0
2.228127e-01
0
0
5.214074e-01
6.972007e-02
2.356890e-01
0
0
0
0
0
6.614048e-01
2.559803e-01
7.721727e-01
0
8.127526e-01
5.412123e-01
8.848769e-02
0
0
1.865056e-01
0
0
1.891737e-01
2.146483e-01
1.834136e-02
4.847418e-03
0
1.414265e-02
1.884775e-01
7.324388e-02
2.534910e-01
1.417325e-01
0
1.015515e-01
2.239487e-01
2.411253e-02
6.807707e-02
1.898711e-01
3.017246e-01
2.009153e-01
0
0
1.864041e-01
4.323226e-02
6.956840e-01
7.631751e-01
6.528851e-01
4.596502e-01
0
0
0
0
0
0
0
0
6.377718e-01
5.265269e-01
2.307994e-01
2.107724e-01
2.038326e-01
5.811725e-03
0
0
2.008700e-01
8.726380e-03
0
0
1.661127e-01
0
0
0
0
0
3.518734e-02
0
1.562102e-02
0
0
0
0
0
0
0
2.017402e-01
3.507804e-01
2.481631e-01
1.261371e-01
3.243895e-01
0
2.817606e-01
1.878920e-01
0
0
0
0
3.135976e-01
2.969407e-01
8.194105e-04
0
1.231637e-01
7.453478e-02
7.430207e-02
0
0
0
1
6.973583e-01
7.085133e-01
8.199869e-02
4.644763e-01
5.056054e-02
0
0
0
0
0
8.612864e-04
2.559180e-01
9.909682e-02
0
0
7.184052e-02
2.014704e-01
0
0
3.545591e-01
1.957586e-01
1.357852e-01
0
1.784972e-01
1.013146e-01
0
0
4.822579e-02
0
2.235910e-01
0
1.786243e-02
5.271309e-01
1.667203e-01
0
1.029232e-01
1.505316e-01
0
0
5.612021e-01
0
0
4.083601e-02
2.599183e-01
0
2.923079e-01
0
2.241955e-01
0
0
0
2.707121e-01
0
3.348132e-01
4.532297e-01
4.252946e-01
1.319329e-01
0
0
2.504861e-01
7.451131e-02
0
0
0
0
3.893517e-01
2.925870e-01
3.932777e-01
1.252303e-02
1.626467e-01
0
0
0
4.564185e-01
2.002204e-01
6.839005e-02
2.016484e-01
1.646483e-01
7.006552e-02
1.249606e-01
1.490016e-01
0
0
2.341332e-01
1.114907e-01
1.656080e-01
2.158441e-01
0
1.661179e-01
1.860745e-02
1.853410e-01
3.330242e-02
2.099548e-01
0
0
0
0
0
0
0
0
0
0
0
0
0
7.360969e-02
1.725456e-01
0
1.035726e-01
2.079567e-02
1.779055e-01
8.617306e-02
0
0
6.973583e-01
1
5.856928e-01
1.431982e-01
3.148735e-01
0
1.565776e-01
0
2.677824e-01
0
0
2.660230e-04
0
2.238850e-02
0
1.586352e-02
4.287574e-01
3.716611e-01
7.667898e-02
0
0
3.150153e-02
0
0
0
0
0
2.038830e-02
3.309701e-01
0
4.309343e-01
1.714119e-01
0
1.801227e-01
3.728613e-02
0
4.135109e-01
2.358878e-01
2.249044e-01
2.339036e-01
0
5.063808e-02
0
3.388439e-01
0
1.667970e-01
0
3.395949e-01
2.200164e-01
4.200266e-01
9.516582e-02
1.414763e-01
1.056780e-01
2.313552e-01
7.612245e-01
8.032953e-01
5.079307e-01
4.377219e-01
0
0
0
0
0
0
0
2.288639e-01
5.655755e-01
6.966640e-01
3.867115e-02
0
2.017241e-02
0
0
0
7.568836e-02
5.198909e-02
0
0
0
0
0
0
0
0
0
0
0
0
0
0
7.196353e-03
0
0
0
2.163331e-01
5.539113e-01
2.037927e-01
2.264581e-01
3.861409e-01
1.320790e-01
4.694310e-01
3.998589e-01
0
0
0
0
3.343738e-01
2.010746e-01
0
0
0
0
0
0
0
0
7.085133e-01
5.856928e-01
1
3.744142e-01
4.222151e-01
2.092809e-01
0
0
9.417324e-02
0
0
2.010890e-01
1.583550e-01
0
0
0
1.629488e-01
3.797004e-01
6.476305e-02
2.409911e-02
1.296041e-01
1.823133e-01
1.209075e-01
0
1.280929e-01
0
0
0
0
0
1.410501e-01
2.142062e-01
3.183141e-01
5.543271e-01
2.301925e-01
2.946787e-03
1.949911e-01
3.279277e-01
1.593620e-01
4.254273e-01
0
9.346997e-02
0
5.089038e-01
0
2.216976e-01
7.550834e-02
3.554618e-01
7.690968e-02
3.275184e-01
3.541729e-01
4.940713e-01
2.357146e-01
5.238113e-01
2.133958e-01
3.818386e-01
1.929848e-01
3.011432e-01
6.851012e-03
2.466416e-02
3.508218e-03
2.592317e-01
1.287695e-01
3.115241e-02
1.734242e-01
2.313567e-01
2.234746e-01
2.781788e-01
0
0
1.247761e-01
8.469003e-02
0
0
1.735475e-03
2.175612e-01
2.160644e-01
1.562030e-01
0
3.773886e-02
0
0
0
0
0
0
0
0
0
0
0
8.327530e-02
0
0
3.943535e-01
3.849955e-01
0
6.796190e-02
1.651268e-01
3.430676e-01
4.860986e-02
4.987318e-01
0
2.976299e-01
0
0
2.657368e-01
3.225796e-01
0
3.326514e-02
0
1.487525e-01
0
8.607734e-02
0
0
8.199869e-02
1.431982e-01
3.744142e-01
1
1.595709e-01
5.151737e-01
0
4.935894e-01
5.389019e-01
3.305421e-01
2.920312e-01
1.987611e-01
0
0
7.908716e-02
0
0
2.937306e-01
0
1.957723e-01
0
0
0
0
0
0
0
0
0
0
0
3.906563e-01
2.060370e-01
2.548785e-01
2.028214e-01
3.603723e-03
1.636175e-01
2.087830e-01
2.930903e-01
3.317410e-01
2.634855e-01
3.049184e-01
4.312558e-02
3.047091e-01
2.483341e-02
2.096380e-01
1.879454e-01
1.535450e-01
3.345845e-01
2.521461e-01
3.737743e-02
2.116005e-01
6.739949e-01
5.468299e-01
7.266201e-01
5.199966e-01
6.516168e-01
7.451171e-01
5.648749e-02
2.231456e-01
9.809690e-02
2.666376e-01
0
0
0
3.226002e-01
7.539505e-01
7.036889e-01
4.820107e-01
5.506878e-01
1.826367e-01
1.068166e-01
0
0
1.093671e-01
3.179214e-01
2.310625e-01
2.618894e-02
1.146365e-01
5.587041e-02
0
0
0
0
0
0
0
0
0
0
0
0
0
0
1.064224e-01
3.500046e-01
0
0
2.910412e-01
2.361676e-01
4.869316e-01
5.102133e-01
0
0
0
0
2.605839e-01
1.878644e-01
0
1.559444e-01
1.842421e-02
1.041009e-01
1.028087e-01
0
0
0
4.644763e-01
3.148735e-01
4.222151e-01
1.595709e-01
1.000000e+00
5.033405e-01
1.893552e-02
0
3.789616e-01
1.381781e-01
0
0
0
0
0
0
3.357000e-02
2.542047e-01
0
0
0
0
0
0
0
0
0
7.544335e-03
0
0
2.116712e-02
9.643732e-02
2.325080e-01
2.926970e-01
0
0
5.219303e-02
5.282599e-01
2.531409e-01
3.263094e-01
0
5.162577e-01
1.310266e-02
4.795878e-01
0
4.969736e-01
3.608524e-02
2.878188e-01
3.161518e-01
3.390695e-01
3.688782e-01
5.005568e-01
5.323263e-01
7.164346e-01
4.004240e-01
3.177585e-01
2.349563e-01
4.226289e-01
1.489418e-01
1.873267e-01
0
6.783970e-02
0
0
1.058969e-01
3.308639e-01
4.453601e-01
4.528512e-01
0
1.891866e-01
1.233688e-01
9.247434e-02
0
0
0
1.045279e-01
1.132498e-01
0
0
2.628086e-02
0
0
0
0
0
0
0
0
0
0
0
0
0
0
1.191894e-01
3.161325e-01
0
1.081302e-01
2.662553e-01
3.791739e-01
2.514658e-01
6.982748e-01
0
0
0
0
1.425306e-01
0
0
1.913253e-01
0
1.264325e-01
0
0
1.687425e-01
3.886303e-01
5.056054e-02
0
2.092809e-01
5.151737e-01
5.033405e-01
1
0
1.072567e-01
2.020158e-01
5.351419e-01
0
0
2.291404e-01
0
1.006821e-01
0
0
3.631628e-02
0
0
1.734883e-01
0
1.457850e-01
0
2.186018e-01
0
0
0
0
0
0
3.950534e-01
3.683544e-01
4.342143e-01
1.463933e-01
0
0
1.070812e-01
0
0
5.565043e-01
0
3.201292e-01
0
2.491513e-01
0
3.749099e-01
0
8.543917e-02
0
2.296140e-02
0
3.193972e-01
0
0
0
0
0
0
0
6.795176e-01
4.661239e-01
2.462517e-01
2.356573e-01
0
0
0
0
1.624137e-01
0
0
0
4.559495e-01
4.144396e-01
3.027266e-01
2.645993e-01
4.787680e-01
3.560658e-01
4.699252e-01
1.438435e-01
0
0
2.027085e-01
1.386098e-01
0
0
0
1.984217e-01
0
2.480813e-01
0
7.398713e-02
0
1.480116e-01
0
0
0
0
0
0
0
0
7.941030e-01
3.126059e-01
4.193559e-01
1.589901e-01
0
1.840929e-01
1.912404e-02
0
1.537742e-01
0
5.221791e-02
0
1.435566e-01
0
0
1.565776e-01
0
0
1.893552e-02
0
1.000000e+00
2.472217e-01
0
3.646784e-01
3.410467e-01
0
0
3.263021e-01
3.415364e-01
4.358816e-01
1.480741e-01
1.290159e-01
0
3.021519e-01
0
0
0
4.936352e-01
0
0
5.080626e-02
4.198761e-01
2.086414e-01
1.361543e-01
0
1.901291e-02
0
0
0
0
8.849133e-02
1.532445e-01
1.795075e-02
6.060137e-02
0
9.482339e-02
2.285902e-01
3.126324e-01
0
1.901161e-01
0
3.532100e-01
0
1.218731e-01
1.102408e-01
4.628621e-01
0
3.229712e-01
0
0
0
0
1.780141e-01
1.789645e-01
1.257317e-01
3.090568e-01
5.925486e-01
3.878118e-01
5.959045e-01
3.035418e-01
0
0
0
0
0
0
3.421340e-01
2.854909e-01
0
9.251298e-02
3.399487e-01
2.801200e-01
0
1.187751e-03
0
0
0
0
0
0
0
0
0
5.204504e-02
0
9.151721e-02
0
0
2.709927e-01
4.052054e-02
1.870851e-01
1.880992e-01
7.284981e-02
5.789521e-01
0
4.305252e-02
2.969838e-01
8.803911e-01
0
1.823827e-01
1.056529e-01
2.315961e-01
0
4.255679e-02
0
0
0
0
0
0
0
0
0
4.935894e-01
0
1.072567e-01
2.472217e-01
1.000000e+00
2.535345e-01
3.854908e-01
7.570384e-01
4.497889e-01
5.515003e-02
0
3.370601e-01
0
0
1.376484e-01
0
5.507527e-01
0
0
4.636414e-02
0
0
0
1.371051e-01
0
0
3.368443e-01
0
1.372684e-01
2.542104e-01
0
0
1.703624e-01
1.437073e-02
4.227910e-02
2.202910e-01
5.642642e-01
0
2.388575e-03
3.419242e-01
3.178474e-01
0
0
1.633147e-01
0
0
0
0
1.317220e-01
2.281766e-01
2.358515e-01
2.066364e-01
2.827402e-01
2.501163e-01
3.121243e-01
2.702077e-01
3.539829e-01
4.128210e-01
4.252853e-01
3.300743e-01
3.738370e-01
4.284812e-01
2.799673e-01
1.505386e-01
2.316523e-01
4.165613e-01
5.503659e-02
1.737015e-01
1.900367e-01
0
0
1.357789e-01
4.614454e-01
2.262791e-01
4.990100e-01
0
2.332141e-01
0
0
0
0
0
0
0
0
0
0
0
0
0
0
4.259174e-01
2.966181e-01
0
0
0
0
8.997353e-02
2.237155e-01
0
1.593471e-01
0
0
0
0
0
2.556150e-01
0
6.093323e-02
3.125564e-01
1.968284e-01
0
0
0
2.677824e-01
9.417324e-02
5.389019e-01
3.789616e-01
2.020158e-01
0
2.535345e-01
1.000000e+00
1.749450e-01
2.697071e-01
1.409855e-01
0
0
0
0
2.813144e-01
3.588929e-01
0
5.992973e-03
0
0
0
0
0
0
0
8.524273e-02
1.639318e-01
0
0
3.337491e-01
2.648664e-03
6.638908e-02
0
0
4.365954e-01
5.060493e-01
9.556414e-02
3.456752e-02
0
1.853785e-01
0
1.884594e-01
0
1.622999e-01
8.672945e-02
8.037390e-02
1.853859e-01
1.118445e-01
1.725264e-01
4.986517e-01
2.416289e-01
5.009722e-01
0
0
7.207329e-02
3.206614e-01
0
1.185349e-01
9.967419e-03
9.557583e-02
0
0
3.860606e-02
0
6.587567e-02
6.262280e-02
0
0
0
0
0
5.122735e-02
8.081380e-02
4.622836e-01
3.658911e-01
2.804801e-01
3.075821e-01
1.445670e-01
0
0
0
0
0
0
0
0
0
0
0
0
0
0
0
0
0
0
6.265054e-02
2.140333e-01
0
1.560128e-01
8.135783e-02
2.283709e-01
1.722130e-01
3.053744e-01
2.109787e-01
3.198312e-01
0
2.169091e-01
0
2.227558e-01
0
0
1.604524e-01
2.228127e-01
0
0
0
3.305421e-01
1.381781e-01
5.351419e-01
3.646784e-01
3.854908e-01
1.749450e-01
1.000000e+00
2.387070e-01
0
2.149232e-01
4.737072e-02
4.200999e-01
0
0
3.748434e-01
0
4.065009e-01
0
0
0
0
1.009575e-02
0
0
7.656621e-02
0
2.874998e-01
0
2.940244e-01
2.904118e-01
2.143803e-02
0
0
0
1.234093e-01
3.171681e-02
1.908698e-01
0
0
3.956883e-01
9.952556e-02
0
0
0
2.451282e-01
0
0
1.913236e-01
1.389158e-01
3.080700e-02
0
0
0
0
0
9.341105e-03
9.166587e-02
2.093874e-01
6.419303e-02
6.968554e-01
2.685097e-01
5.712898e-01
0
0
0
5.714301e-02
0
0
0
5.112126e-01
3.155712e-01
0
7.827794e-02
4.649270e-01
3.887675e-01
7.915261e-02
3.122434e-01
0
0
0
0
0
0
0
0
1.000016e-01
3.138860e-01
1.782690e-01
2.950363e-01
0
0
3.472169e-01
0
1.378111e-01
1.008942e-01
1.036881e-01
2.452891e-01
0
0
3.670473e-01
7.678492e-01
0
0
0
0
0
6.398201e-03
0
1.622816e-02
0
0
0
0
0
0
0
2.920312e-01
0
0
3.410467e-01
7.570384e-01
2.697071e-01
2.387070e-01
1
4.919824e-01
0
0
1.229061e-03
4.694183e-02
0
7.455171e-02
1.770101e-02
3.595555e-01
0
0
0
1.553259e-01
0
0
5.574344e-02
0
2.420225e-02
2.424152e-01
0
0
1.166701e-02
0
0
0
1.354065e-02
3.122123e-02
5.628273e-01
3.703280e-01
0
8.146644e-02
0
2.708423e-01
0
3.672815e-01
0
5.134669e-01
2.261868e-01
5.694135e-01
3.690454e-01
4.858572e-01
6.298685e-02
1.655560e-01
2.418410e-01
1.292450e-01
8.729851e-02
0
1.143489e-01
4.817849e-01
0
0
2.097254e-01
0
3.494630e-01
2.604838e-01
2.009581e-02
1.908102e-01
0
0
0
0
0
0
0
8.186493e-02
8.306849e-02
2.679933e-01
0
0
0
0
0
0
0
0
0
0
0
1.299489e-01
4.113752e-01
4.725330e-01
0
0
5.333845e-01
4.947374e-01
6.579933e-01
5.048271e-01
5.226217e-01
4.860260e-01
1.062409e-01
0
0
5.129047e-01
0
0
1.512813e-01
2.692964e-01
0
3.037784e-01
0
3.461386e-02
0
0
0
0
8.612864e-04
2.660230e-04
2.010890e-01
1.987611e-01
0
0
0
4.497889e-01
1.409855e-01
0
4.919824e-01
1
1.103894e-01
0
0
0
3.331239e-02
3.014101e-01
0
1.593364e-01
0
0
8.907498e-02
0
0
0
0
0
2.623178e-02
0
0
0
4.267124e-01
6.716105e-02
1.702420e-01
3.154395e-02
0
1.197975e-01
1.415339e-01
0
0
5.303601e-01
0
7.969917e-02
2.607366e-02
5.816720e-01
0
2.970996e-01
3.166671e-01
4.794956e-01
2.409978e-01
3.803340e-01
0
2.987790e-01
1.292801e-01
4.656272e-02
1.774179e-01
2.434564e-01
1.897086e-02
9.398993e-02
0
0
0
0
0
1.286792e-01
2.018233e-01
2.292907e-01
0
0
0
0
0
2.467935e-02
0
0
2.302980e-02
0
1.240096e-01
0
0
0
0
0
0
0
0
0
0
0
0
0
0
0
0
2.038287e-01
5.795129e-01
5.550681e-01
3.543681e-01
4.445676e-01
1.502622e-01
3.093018e-01
0
0
2.117696e-01
4.357045e-01
5.865041e-01
4.260457e-01
0
1.415151e-01
1.892446e-01
3.125285e-01
0
0
3.929374e-01
5.214074e-01
2.559180e-01
0
1.583550e-01
0
0
2.291404e-01
0
5.515003e-02
0
2.149232e-01
0
1.103894e-01
1
3.889136e-01
2.913956e-01
4.754446e-02
0
9.256665e-02
0
1.865306e-01
5.145174e-01
3.121368e-01
7.666873e-01
1.528893e-01
7.393848e-01
7.058604e-01
0
0
0
1.780431e-01
0
0
4.563436e-01
3.079002e-01
3.287441e-01
2.351363e-01
0
0
0
0
2.997136e-01
0
0
0
4.938816e-01
0
2.724029e-01
3.356449e-02
2.610382e-01
0
2.583786e-01
0
4.692384e-02
0
0
0
0
0
0
0
0
0
0
0
0
0
0
0
0
0
0
0
3.338694e-01
4.549753e-01
3.347720e-01
0
1.836653e-01
0
6.165832e-01
2.056592e-01
6.602370e-02
3.831529e-02
0
0
8.020791e-02
1.727593e-01
9.998688e-02
1.209894e-01
9.851901e-02
2.534850e-01
5.274425e-02
2.879669e-01
1.570603e-01
2.123739e-01
0
0
5.561862e-03
0
0
0
0
0
2.839583e-01
0
3.893613e-01
2.587787e-01
1.265225e-01
1.913486e-01
6.894205e-02
0
2.967939e-01
2.107106e-01
0
0
6.109098e-01
6.972007e-02
9.909682e-02
2.238850e-02
0
0
0
0
3.263021e-01
0
0
4.737072e-02
0
0
3.889136e-01
1
2.081131e-01
8.174012e-01
0
0
1.026468e-01
1.690913e-02
2.641978e-01
4.604845e-01
1.365521e-01
8.400582e-01
1.319365e-01
5.051314e-01
0
0
1.219570e-01
2.635186e-01
6.612481e-04
0
0
0
7.294648e-02
0
0
0
0
0
0
1.048373e-01
7.846317e-02
2.444361e-01
2.204008e-02
0
1.116990e-01
1.858874e-02
0
0
0
1.210735e-01
0
1.938322e-01
0
0
0
0
0
0
2.995481e-01
4.265569e-01
1.173100e-01
3.166209e-01
8.993027e-02
1.425097e-02
0
0
0
0
0
0
3.164706e-01
4.088816e-01
0
1.457334e-01
3.176590e-02
0
7.364905e-02
0
0
0
2.476938e-01
2.597848e-01
0
0
0
0
0
0
0
2.759335e-02
0
0
0
0
0
0
0
3.077205e-02
0
0
4.257445e-01
1.626670e-01
5.633485e-01
5.973992e-01
0
1.723110e-01
0
0
0
1.047191e-02
0
0
2.919715e-01
2.356890e-01
0
0
0
7.908716e-02
0
1.006821e-01
3.415364e-01
3.370601e-01
0
4.200999e-01
1.229061e-03
0
2.913956e-01
2.081131e-01
1.000000e+00
1.680179e-01
0
0
0
2.195281e-01
0
0
2.427227e-01
2.785175e-01
4.307321e-02
2.657260e-01
1.011588e-01
2.083856e-01
0
3.279805e-01
0
3.496669e-02
0
0
0
1.666323e-01
0
0
0
0
3.217250e-01
0
1.944210e-02
0
3.649506e-01
0
3.226314e-01
0
1.109220e-01
0
2.590145e-01
0
9.636382e-03
0
0
0
0
0
0
0
2.204044e-01
0
0
0
0
0
0
0
0
0
0
0
4.864917e-01
5.725435e-01
3.808676e-01
8.226590e-02
2.379265e-01
1.973550e-01
4.372417e-01
2.732301e-01
1.447234e-01
1.335609e-01
5.097752e-02
5.540882e-02
1.569605e-01
2.747602e-01
1.313597e-01
1.973297e-01
2.125246e-01
4.546034e-01
1.131369e-01
5.407560e-01
1.892082e-01
4.454176e-01
0
0
0
0
0
0
0
0
4.504331e-01
1.126310e-01
2.553211e-01
1.644522e-01
0
6.197668e-02
1.101280e-01
0
2.449349e-01
1.431146e-01
0
0
3.599193e-01
0
0
1.586352e-02
0
0
0
0
4.358816e-01
0
0
0
4.694183e-02
0
4.754446e-02
8.174012e-01
1.680179e-01
1
6.200919e-02
0
2.870802e-01
4.472713e-02
0
3.550395e-01
0
8.438871e-01
0
2.038788e-01
0
7.129145e-02
2.516748e-01
2.792472e-01
4.209298e-02
0
0
0
6.682560e-02
0
0
0
0
0
1.774173e-01
0
0
0
0
0
9.016458e-03
0
0
0
0
0
0
0
0
1.742981e-02
0
1.968683e-02
0
0
3.582719e-01
2.918740e-01
1.757509e-01
1.775417e-01
0
0
0
7.251036e-02
2.005284e-01
0
1.132486e-02
2.025038e-01
7.630851e-02
2.360463e-02
5.620972e-01
5.486726e-01
5.806896e-02
6.428182e-01
2.410125e-01
1.753771e-01
2.075136e-01
2.491795e-01
1.590219e-01
2.902426e-01
2.689720e-01
2.287872e-01
6.597388e-02
3.392568e-01
0
2.124963e-01
0
2.726957e-01
0
2.855960e-01
0
0
0
0
0
0
0
0
3.997667e-02
3.580782e-02
2.084672e-04
0
1.032969e-01
1.953262e-01
0
0
0
1.088669e-01
2.061498e-01
2.630746e-01
0
0
7.184052e-02
4.287574e-01
1.629488e-01
0
3.357000e-02
0
1.480741e-01
0
2.813144e-01
0
0
3.331239e-02
0
0
0
6.200919e-02
1
6.110852e-01
5.397259e-01
2.367335e-01
0
0
0
0
0
0
4.361316e-01
4.122631e-01
7.512208e-01
2.144985e-01
3.802756e-01
1.356209e-01
0
0
0
1.965003e-01
6.968038e-01
2.577193e-01
0
1.844918e-02
0
0
0
6.335313e-02
0
0
0
0
0
3.044398e-02
0
1.308147e-01
9.121084e-02
2.308585e-02
2.020084e-01
2.565582e-01
1.547486e-01
3.817344e-01
0
2.036608e-01
8.657931e-02
6.491431e-02
4.740782e-02
3.736188e-02
2.219860e-02
1.718078e-01
2.433745e-01
3.999427e-01
1.618881e-01
0
0
1.413934e-01
0
0
5.630558e-01
8.343195e-01
5.126709e-01
7.160372e-01
3.207978e-01
3.507018e-01
0
0
0
0
0
0
0
0
0
0
0
1.011014e-01
0
0
0
1.695478e-01
0
0
0
7.835140e-02
0
0
0
2.850926e-01
0
0
5.174324e-01
5.092387e-01
0
1.198226e-01
0
3.361278e-01
0
6.372433e-04
0
0
2.014704e-01
3.716611e-01
3.797004e-01
2.937306e-01
2.542047e-01
3.631628e-02
1.290159e-01
1.376484e-01
3.588929e-01
3.748434e-01
7.455171e-02
3.014101e-01
9.256665e-02
0
0
0
6.110852e-01
1
3.999051e-01
5.727586e-01
0
0
0
0
0
0
1.643791e-01
2.284564e-01
4.677297e-01
2.616942e-01
7.017171e-02
3.519406e-01
4.096293e-01
1.486666e-01
0
0
4.059165e-01
3.816357e-01
0
0
0
0
0
0
0
0
0
0
0
0
0
0
0
0
0
0
0
0
0
0
0
0
2.028204e-01
1.160793e-01
0
0
0
0
0
0
0
1.627058e-01
3.780512e-01
3.596715e-01
3.886417e-01
3.491756e-01
0
4.555550e-01
3.196659e-02
1.695447e-01
3.802411e-01
3.909580e-01
1.943712e-01
2.880234e-01
3.953428e-01
4.374182e-01
2.049092e-01
2.853337e-01
2.937852e-01
3.780286e-01
3.289609e-02
3.567607e-01
2.483670e-01
4.628670e-01
0
0
0
0
0
0
0
0
0
1.847052e-01
1.863640e-01
2.365946e-01
0
0
0
0
0
0
0
0
1.318040e-01
0
0
7.667898e-02
6.476305e-02
0
0
0
0
0
0
0
1.770101e-02
0
0
1.026468e-01
0
2.870802e-01
5.397259e-01
3.999051e-01
1
4.218911e-01
4.101957e-02
3.615429e-01
0
1.465512e-01
0
0
4.493279e-01
3.985274e-01
5.384583e-01
5.350608e-01
2.082255e-01
4.624682e-01
1.281296e-01
1.488750e-01
0
3.276626e-01
2.543070e-01
0
0
0
0
0
0
0
0
0
0
1.038715e-02
0
0
0
0
0
0
0
0
0
0
0
0
0
6.122307e-02
3.324503e-01
2.888122e-01
1.101781e-01
3.712304e-02
0
0
0
0
0
0
4.235387e-01
4.806706e-01
1.910005e-01
3.746738e-01
3.843743e-01
4.902554e-01
6.343369e-02
6.948553e-02
0
0
5.217111e-02
2.824515e-02
0
0
0
0
0
2.149070e-01
0
1.142054e-02
0
5.911381e-02
0
0
4.539149e-02
0
0
1.956924e-01
0
0
2.177647e-01
6.855860e-01
3.125490e-01
4.153694e-01
2.956337e-01
3.323668e-01
0
0
0
0
0
0
1.101048e-01
0
0
0
2.409911e-02
1.957723e-01
0
0
3.021519e-01
5.507527e-01
5.992973e-03
4.065009e-01
3.595555e-01
1.593364e-01
1.865306e-01
1.690913e-02
2.195281e-01
4.472713e-02
2.367335e-01
5.727586e-01
4.218911e-01
1
0
1.166195e-01
0
1.688900e-01
2.972298e-02
9.662504e-03
5.240621e-01
2.770923e-01
4.080614e-01
6.149371e-01
1.145319e-01
3.818083e-01
3.266427e-01
1.489748e-02
0
4.672630e-01
1.555967e-01
0
1.859431e-01
0
0
3.385959e-01
0
0
1.882020e-01
2.863193e-01
0
0
2.110684e-01
1.957329e-01
0
0
0
0
2.153908e-01
2.128235e-01
1.443063e-01
1.504621e-02
1.925734e-01
4.006166e-02
0
0
0
0
0
0
2.273277e-01
1.701936e-01
0
1.909690e-01
1.729595e-01
4.649590e-02
0
0
0
0
0
0
0
0
2.988428e-01
2.170602e-01
1.954150e-02
2.253506e-02
3.029582e-01
2.986557e-01
2.941399e-01
3.899177e-02
1.866860e-01
0
1.036394e-01
0
2.991237e-01
3.400037e-03
6.405941e-03
2.002142e-01
3.505638e-01
3.971874e-01
2.248482e-01
0
2.433199e-01
2.336969e-01
0
0
2.768035e-01
3.206365e-01
5.958748e-02
0
2.579222e-01
5.036879e-02
9.130030e-02
3.093191e-02
0
0
5.692012e-01
6.614048e-01
3.545591e-01
0
1.296041e-01
0
0
1.734883e-01
0
0
0
0
0
0
5.145174e-01
2.641978e-01
0
0
0
0
4.101957e-02
0
1.000000e+00
5.982766e-01
6.398591e-01
1.570864e-02
8.003717e-01
7.123744e-01
7.435545e-02
0
0
0
1.187395e-01
0
1.114353e-01
5.808116e-01
4.202623e-01
2.012274e-01
0
0
0
0
0
0
0
0
0
0
0
1.599082e-02
9.020937e-02
0
1.491962e-01
0
0
0
0
9.077925e-02
0
0
0
0
0
0
0
0
0
0
0
0
0
0
2.162567e-01
1.098358e-01
1.522838e-01
2.158255e-01
3.726148e-02
0
0
0
0
0
2.603110e-01
1.977023e-01
1.715200e-02
4.537226e-02
3.257516e-01
3.652894e-01
3.276112e-01
1.954260e-01
3.561252e-01
3.115956e-01
2.470281e-01
2.003530e-01
2.837522e-01
3.090064e-01
0
0
1.803865e-01
2.379981e-01
0
0
0
0
0
0
1.812276e-01
2.330759e-01
1.504962e-01
0
3.876775e-02
0
3.277080e-02
0
0
0
4.127012e-01
2.559803e-01
1.957586e-01
3.150153e-02
1.823133e-01
0
0
0
0
0
0
0
0
0
3.121368e-01
4.604845e-01
0
3.550395e-01
0
0
3.615429e-01
1.166195e-01
5.982766e-01
1.000000e+00
3.586298e-01
2.954461e-01
5.180440e-01
5.438498e-01
1.010190e-01
0
8.093837e-02
2.821940e-01
2.680122e-01
0
1.113307e-01
2.874784e-01
5.202876e-01
4.826315e-01
0
0
2.861241e-01
0
0
6.364088e-01
0
1.139875e-01
0
5.860909e-01
0
2.294918e-01
3.454951e-02
4.872913e-01
7.918253e-02
2.732052e-01
0
2.175277e-01
1.637911e-01
1.422748e-01
8.786609e-02
9.594089e-02
3.206694e-01
1.943011e-01
0
0
0
0
0
3.052113e-01
0
7.652034e-02
0
3.926978e-03
0
0
0
0
0
0
0
0
0
0
0
0
0
0
0
0
0
0
0
0
0
0
0
0
3.220302e-01
4.347227e-01
6.751056e-01
7.228916e-01
4.691356e-01
3.475190e-01
4.067829e-01
4.289558e-01
0
0
1.812863e-01
4.327538e-01
2.745615e-01
9.212954e-02
0
5.277867e-02
5.670231e-03
0
0
0
2.515125e-01
7.721727e-01
1.357852e-01
0
1.209075e-01
0
0
1.457850e-01
0
4.636414e-02
0
0
0
8.907498e-02
7.666873e-01
1.365521e-01
2.427227e-01
0
0
0
0
0
6.398591e-01
3.586298e-01
1
0
8.238063e-01
7.107863e-01
2.160422e-02
0
0
7.199041e-03
0
0
3.158281e-01
2.682691e-01
2.900297e-01
2.178026e-01
0
0
0
0
3.473161e-01
0
0
0
4.270602e-01
0
2.243862e-01
0
4.244902e-02
0
6.859507e-02
0
0
0
0
0
0
0
0
0
1.321042e-01
0
0
0
0
0
0
0
0
0
0
0
6.604893e-01
6.954855e-01
2.057571e-01
0
1.656656e-01
7.335478e-02
5.293463e-01
2.376120e-01
1.209168e-01
1.104813e-01
1.394911e-01
9.601593e-02
9.408263e-02
2.933496e-01
1.591924e-01
2.932234e-01
2.816757e-01
5.441577e-01
1.243117e-01
3.387211e-01
2.371753e-01
4.433076e-01
0
0
0
0
0
0
0
0
5.645599e-01
1.306520e-01
5.263740e-01
3.761370e-01
0
1.060308e-01
1.791980e-01
0
3.339378e-01
1.214262e-01
2.877711e-02
0
4.935992e-01
0
0
0
0
0
0
0
4.936352e-01
0
0
0
1.553259e-01
0
1.528893e-01
8.400582e-01
2.785175e-01
8.438871e-01
0
0
1.465512e-01
1.688900e-01
1.570864e-02
2.954461e-01
0
1
0
4.483809e-01
7.992396e-02
1.212206e-01
2.950620e-01
3.713355e-01
1.769858e-02
0
0
0
0
1.283280e-01
0
0
7.213959e-02
0
0
4.747657e-01
0
0
0
4.088912e-01
0
0
1.521458e-01
3.234422e-01
0
1.067275e-01
0
2.953030e-02
1.029154e-01
1.041089e-01
5.557307e-02
1.313580e-01
2.324165e-01
5.954819e-02
0
0
0
0
0
1.385263e-01
1.217513e-01
1.337069e-01
0
0
2.405265e-01
1.194421e-01
0
0
0
0
0
0
0
0
0
0
0
0
0
0
0
0
0
0
0
0
0
0
8.962668e-03
2.620725e-01
4.561418e-01
5.863552e-01
2.623614e-01
1.215130e-01
2.688290e-01
4.297750e-01
0
0
3.360983e-01
5.583739e-01
3.533602e-01
3.104529e-02
0
7.133578e-02
1.417454e-01
1.558125e-01
0
0
4.712523e-01
8.127526e-01
1.784972e-01
0
1.280929e-01
0
0
2.186018e-01
0
0
0
1.009575e-02
0
0
7.393848e-01
1.319365e-01
4.307321e-02
0
0
0
0
2.972298e-02
8.003717e-01
5.180440e-01
8.238063e-01
0
1
7.466952e-01
2.224293e-01
0
0
2.030623e-01
0
0
2.655560e-01
4.644807e-01
2.856242e-01
3.018462e-01
0
0
0
0
0
2.895221e-01
0
0
2.221668e-01
2.055077e-01
0
5.628729e-03
4.524657e-02
6.766804e-03
0
0
0
0
0
0
0
0
3.170001e-02
0
0
0
0
0
0
0
0
0
0
6.243489e-02
0
0
2.090277e-01
3.383158e-01
0
0
0
0
3.191241e-02
0
1.060687e-01
5.439101e-03
5.902487e-02
4.953069e-03
8.895087e-02
2.473492e-01
1.318702e-01
3.572353e-02
2.184183e-01
1.612388e-01
1.166171e-01
0
1.452100e-01
1.049732e-01
0
0
4.101614e-01
3.259591e-01
6.028924e-02
2.958550e-02
0
0
5.877456e-03
0
5.604811e-01
5.678437e-01
9.011296e-02
0
1.491021e-01
0
1.904180e-01
2.635418e-02
0
0
6.459504e-01
5.412123e-01
1.013146e-01
0
0
0
0
0
0
0
0
0
0
0
7.058604e-01
5.051314e-01
2.657260e-01
2.038788e-01
0
0
0
9.662504e-03
7.123744e-01
5.438498e-01
7.107863e-01
4.483809e-01
7.466952e-01
1
2.090010e-01
0
0
2.291425e-01
0
0
1.950099e-02
1.289023e-01
2.867454e-01
3.859756e-01
0
0
0
0
0
0
0
0
0
0
0
0
0
0
0
0
0
0
0
0
0
0
2.547636e-01
0
0
8.773255e-02
3.299378e-01
3.331224e-01
1.390288e-01
8.206786e-02
0
0
0
0
1.650919e-01
1.575489e-01
4.064364e-01
3.662116e-01
5.753042e-02
6.499082e-02
0
2.418267e-01
0
0
2.837297e-01
2.985862e-01
4.252006e-01
4.421267e-01
2.229098e-01
3.750627e-01
1.949333e-01
3.706600e-01
1.315024e-01
2.209875e-01
0
0
2.790651e-02
2.284592e-01
0
0
0
0
0
0
0
0
1.628593e-01
2.376347e-01
5.431380e-01
5.596189e-01
2.081025e-02
1.100306e-02
0
0
0
0
0
0
8.964882e-02
8.848769e-02
0
0
0
0
0
0
5.080626e-02
1.371051e-01
0
0
5.574344e-02
0
0
0
1.011588e-01
0
4.361316e-01
1.643791e-01
4.493279e-01
5.240621e-01
7.435545e-02
1.010190e-01
2.160422e-02
7.992396e-02
2.224293e-01
2.090010e-01
1
5.395710e-01
5.404303e-01
5.415260e-01
2.476252e-01
0
0
0
0
6.238013e-01
4.805371e-01
9.370039e-02
0
0
2.718772e-01
0
3.082329e-01
0
0
0
0
0
0
0
0
0
0
0
0
0
0
0
0
0
4.787049e-01
4.033790e-01
4.294843e-01
6.355003e-01
1.837728e-01
9.384715e-02
0
0
3.369760e-01
1.881299e-01
0
3.095732e-04
3.981404e-01
3.880619e-01
2.464824e-01
3.202435e-01
1.142381e-01
3.401401e-01
0
0
3.897397e-01
4.196558e-01
5.307053e-01
4.779729e-01
2.652645e-01
3.954295e-01
2.148357e-01
3.161679e-01
6.696143e-02
1.037907e-01
0
0
8.360675e-02
2.492068e-01
0
0
0
0
0
0
0
0
3.949789e-01
1.332246e-01
4.469892e-01
2.653316e-01
0
0
0
0
0
0
0
0
1.197160e-01
0
0
2.038830e-02
0
0
7.544335e-03
0
4.198761e-01
0
8.524273e-02
7.656621e-02
0
0
0
0
2.083856e-01
7.129145e-02
4.122631e-01
2.284564e-01
3.985274e-01
2.770923e-01
0
0
0
1.212206e-01
0
0
5.395710e-01
1.000000e+00
2.578579e-01
1.881073e-01
0
2.083844e-01
0
0
0
0
5.039950e-01
3.300490e-01
0
0
1.250289e-01
0
0
0
0
0
7.111073e-02
0
0
0
0
0
0
0
0
0
0
0
0
0
1.880028e-01
0
1.535179e-01
3.832463e-02
0
0
0
0
0
0
6.567519e-02
2.454292e-01
3.128245e-01
2.239592e-01
5.213441e-01
3.886014e-01
1.247243e-01
6.258775e-01
3.971060e-01
2.892228e-01
2.361352e-01
3.041979e-01
2.054947e-01
3.163799e-01
2.799849e-01
3.056433e-01
1.775824e-01
4.367704e-01
1.598118e-03
3.580024e-01
0
1.444041e-01
2.457498e-02
3.524288e-01
0
0
0
0
0
0
0
0
1.523354e-01
1.348943e-01
1.718584e-01
1.196660e-01
1.071232e-01
3.150314e-01
0
0
1.022270e-01
1.002077e-01
2.597320e-01
1.596258e-01
0
0
4.822579e-02
3.309701e-01
0
0
0
0
2.086414e-01
0
1.639318e-01
0
2.420225e-02
2.623178e-02
0
1.219570e-01
0
2.516748e-01
7.512208e-01
4.677297e-01
5.384583e-01
4.080614e-01
0
8.093837e-02
0
2.950620e-01
0
0
5.404303e-01
2.578579e-01
1
4.005530e-01
4.192235e-01
0
0
0
0
4.110539e-01
3.571001e-01
7.310446e-03
0
0
0
0
0
0
0
0
0
0
0
0
0
0
0
0
0
0
0
0
0
0
0
0
2.514999e-01
1.555019e-01
1.036423e-01
0
0
0
0
0
1.951510e-01
4.106745e-01
5.796682e-01
7.136125e-01
3.210500e-01
2.472780e-01
3.211499e-01
3.390557e-01
3.009282e-01
3.164644e-01
0
0
2.436603e-01
2.615903e-01
0
8.022508e-02
0
9.260683e-02
2.616209e-02
1.105525e-01
0
1.101782e-02
0
9.372499e-03
0
0
0
0
0
6.262223e-02
0
0
3.160615e-01
4.534845e-01
4.759237e-01
6.503037e-01
3.689370e-01
2.598985e-01
0
0
0
1.666488e-01
0
0
4.464244e-01
1.865056e-01
0
0
0
0
0
0
1.361543e-01
3.368443e-01
0
2.874998e-01
2.424152e-01
0
1.780431e-01
2.635186e-01
3.279805e-01
2.792472e-01
2.144985e-01
2.616942e-01
5.350608e-01
6.149371e-01
0
2.821940e-01
7.199041e-03
3.713355e-01
2.030623e-01
2.291425e-01
5.415260e-01
1.881073e-01
4.005530e-01
1
4.472402e-02
0
1.349396e-01
0
0
3.936275e-01
0
0
0
0
2.806342e-01
0
0
0
9.663020e-03
0
2.407143e-02
0
1.832082e-01
0
0
0
0
0
0
0
1.610995e-01
0
0
0
0
0
0
0
0
0
2.385236e-01
9.093258e-02
0
0
2.883811e-01
1.363359e-01
0
0
2.064029e-01
0
0
1.790042e-01
8.459948e-02
7.458389e-02
4.087020e-01
4.063495e-01
2.477144e-01
3.416631e-01
4.675358e-01
4.451017e-01
4.766426e-01
5.497572e-01
2.483531e-01
3.688802e-01
1.454186e-01
0
3.993988e-01
4.927119e-01
0
0
0
0
0
0
0
0
0
0
1.007880e-01
0
5.452681e-02
0
2.325883e-01
3.017108e-02
2.780207e-01
7.844680e-02
3.103198e-01
3.089125e-01
9.908066e-02
0
2.235910e-01
4.309343e-01
1.410501e-01
0
2.116712e-02
0
0
0
0
0
0
0
0
6.612481e-04
0
4.209298e-02
3.802756e-01
7.017171e-02
2.082255e-01
1.145319e-01
1.187395e-01
2.680122e-01
0
1.769858e-02
0
0
2.476252e-01
0
4.192235e-01
4.472402e-02
1.000000e+00
1.002555e-01
0
1.513001e-01
1.271199e-01
3.432789e-01
1.413246e-01
0
3.434419e-02
1.098031e-01
0
0
0
2.129966e-01
0
0
2.414737e-02
1.126378e-02
9.485012e-02
0
1.393978e-01
1.439807e-01
2.158235e-01
1.041859e-01
0
0
0
0
0
4.886841e-02
0
3.336026e-02
0
1.479306e-01
0
1.320003e-01
3.116049e-02
2.141981e-01
0
0
0
0
0
0
0
2.761432e-01
0
1.946906e-01
0
0
3.721731e-02
5.851120e-02
0
2.238103e-02
4.938569e-02
4.044295e-02
0
0
3.640857e-02
1.346766e-01
0
1.551510e-01
1.183560e-01
2.296277e-01
0
0
0
0
0
1.113409e-02
0
7.368177e-02
0
1.781468e-01
0
0
0
0
1.586878e-02
1.236808e-01
0
0
0
0
0
0
0
1.714119e-01
2.142062e-01
3.906563e-01
9.643732e-02
3.950534e-01
1.901291e-02
1.372684e-01
3.337491e-01
2.940244e-01
0
0
0
0
3.496669e-02
0
1.356209e-01
3.519406e-01
4.624682e-01
3.818083e-01
0
0
0
0
0
0
0
2.083844e-01
0
0
1.002555e-01
1
4.058795e-01
4.654511e-01
3.613041e-01
1.490099e-01
1.867863e-01
0
4.316617e-01
3.533625e-01
0
3.797059e-01
0
2.727529e-01
0
6.105939e-01
0
3.938125e-01
2.263828e-01
5.397001e-01
2.728417e-01
4.982318e-01
1.081985e-01
3.696742e-01
3.899679e-01
2.219850e-01
1.818840e-01
3.857693e-01
1.488953e-01
5.120577e-01
0
0
0
0
1.465168e-01
4.974589e-01
2.993263e-01
5.340391e-01
0
0
0
0
0
0
0
2.746131e-01
2.223388e-01
8.113405e-02
0
2.403161e-02
0
0
0
0
0
0
0
0
0
0
0
0
0
0
2.015987e-01
5.566831e-01
4.123256e-01
5.300133e-01
3.520221e-01
7.027598e-01
1.901312e-01
3.988274e-01
0
2.946318e-01
0
0
4.740790e-01
3.108294e-01
0
2.484483e-01
0
7.894130e-02
0
0
0
1.891737e-01
1.786243e-02
0
3.183141e-01
2.060370e-01
2.325080e-01
3.683544e-01
0
2.542104e-01
2.648664e-03
2.904118e-01
1.166701e-02
4.267124e-01
4.563436e-01
0
0
0
0
4.096293e-01
1.281296e-01
3.266427e-01
1.114353e-01
1.113307e-01
3.158281e-01
0
2.655560e-01
1.950099e-02
0
0
0
1.349396e-01
0
4.058795e-01
1
4.933345e-01
2.865605e-01
3.810202e-02
0
6.425823e-02
4.992660e-01
4.325370e-01
0
2.999658e-01
0
3.423824e-02
0
3.838303e-01
0
1.376607e-01
4.003424e-01
4.567321e-01
1.814986e-01
2.304479e-01
9.784314e-02
1.848529e-01
5.913402e-01
5.611553e-01
3.999716e-01
3.556439e-01
2.321206e-01
2.932807e-01
0
0
0
0
0
2.690185e-01
5.700635e-01
6.492165e-01
0
0
6.348333e-02
0
0
0
0
0
0
0
0
0
0
0
0
0
0
0
0
0
0
0
8.101906e-02
0
0
0
2.905893e-01
5.795136e-01
3.313070e-01
3.674232e-01
3.754898e-01
1.431572e-01
3.166541e-01
4.514846e-01
0
0
0
0
1.938851e-01
9.126058e-03
4.044197e-02
2.389414e-01
0
5.874536e-02
3.162072e-02
0
0
2.146483e-01
5.271309e-01
1.801227e-01
5.543271e-01
2.548785e-01
2.926970e-01
4.342143e-01
0
0
6.638908e-02
2.143803e-02
0
6.716105e-02
3.079002e-01
0
0
0
0
1.486666e-01
1.488750e-01
1.489748e-02
5.808116e-01
2.874784e-01
2.682691e-01
0
4.644807e-01
1.289023e-01
0
0
0
0
1.513001e-01
4.654511e-01
4.933345e-01
1
5.470341e-01
1.845181e-01
2.101239e-02
0
4.362650e-01
2.414165e-01
0
1.977076e-01
0
1.477750e-01
2.749742e-01
4.766027e-01
1.650780e-01
3.607153e-01
4.716279e-01
4.857065e-01
5.836418e-01
2.944355e-01
1.041139e-01
1.238994e-01
7.366924e-02
4.765057e-02
2.160891e-01
0
0
4.740277e-02
0
0
0
0
0
0
2.177953e-01
2.581437e-01
0
0
0
0
0
0
0
0
0
0
0
0
0
0
0
0
1.029600e-01
4.201775e-02
6.578568e-02
0
2.332297e-01
2.011533e-01
4.644863e-01
3.180193e-01
2.428314e-01
2.451778e-01
1.447863e-01
2.263139e-01
3.444094e-01
3.076637e-01
3.420431e-01
1.922303e-01
0
1.903771e-01
0
0
0
0
0
0
4.178418e-01
2.516727e-01
3.508897e-02
1.808157e-02
0
4.018474e-02
0
1.834136e-02
1.667203e-01
3.728613e-02
2.301925e-01
2.028214e-01
0
1.463933e-01
0
0
0
0
0
1.702420e-01
3.287441e-01
7.294648e-02
0
6.682560e-02
0
0
0
0
4.202623e-01
5.202876e-01
2.900297e-01
0
2.856242e-01
2.867454e-01
0
0
0
0
1.271199e-01
3.613041e-01
2.865605e-01
5.470341e-01
1
3.513432e-01
0
0
0
0
0
0
0
0
0
0
0
0
0
0
0
0
0
0
0
0
0
0
3.985785e-02
0
0
0
0
0
0
0
0
0
0
0
0
0
2.106092e-01
2.124087e-01
0
0
0
0
0
0
1.605158e-01
1.562300e-01
1.573881e-01
2.455941e-01
2.109559e-01
3.179156e-01
1.916096e-01
2.542370e-01
2.439863e-01
3.786629e-01
7.719199e-02
6.909017e-02
1.125603e-01
3.535831e-01
0
0
1.877341e-01
6.245715e-02
0
0
0
0
0
2.156296e-01
3.585277e-01
4.744950e-01
1.472124e-01
2.153376e-01
0
0
0
0
0
6.579031e-03
3.037679e-02
4.847418e-03
0
0
2.946787e-03
3.603723e-03
0
0
0
1.703624e-01
0
0
0
3.154395e-02
2.351363e-01
0
1.666323e-01
0
1.965003e-01
0
3.276626e-01
4.672630e-01
2.012274e-01
4.826315e-01
2.178026e-01
1.283280e-01
3.018462e-01
3.859756e-01
6.238013e-01
0
4.110539e-01
3.936275e-01
3.432789e-01
1.490099e-01
3.810202e-02
1.845181e-01
3.513432e-01
1.000000e+00
1.572004e-01
0
0
0
1.709251e-01
0
1.498334e-01
0
0
0
0
0
0
0
0
0
0
0
0
8.559326e-02
0
1.019027e-02
1.461901e-01
0
4.357181e-01
5.131594e-01
3.676116e-01
4.167981e-01
1.103676e-01
1.881527e-01
0
0
4.749342e-01
0
1.330294e-01
6.646216e-02
0
0
2.578334e-01
3.081650e-01
0
3.734152e-01
0
0
1.443193e-01
1.679422e-01
1.427696e-01
2.039121e-01
1.659433e-01
1.524449e-01
1.352916e-04
1.840776e-01
0
1.010558e-01
0
4.496958e-02
0
1.273433e-01
0
0
0
0
0
0
5.638005e-02
0
0
5.459598e-02
4.140108e-02
0
0
0
0
0
0
0
1.755669e-01
2.281081e-01
0
0
1.029232e-01
4.135109e-01
1.949911e-01
1.636175e-01
5.219303e-02
0
8.849133e-02
1.437073e-02
4.365954e-01
0
1.354065e-02
0
0
0
0
0
6.968038e-01
4.059165e-01
2.543070e-01
1.555967e-01
0
0
0
0
0
0
4.805371e-01
5.039950e-01
3.571001e-01
0
1.413246e-01
1.867863e-01
0
2.101239e-02
0
1.572004e-01
1
5.654441e-01
1.685356e-01
2.216095e-01
1.369930e-01
2.378132e-01
1.052094e-01
1.843191e-01
0
2.053221e-02
0
0
0
1.850297e-01
0
1.766215e-01
1.628426e-01
3.406756e-01
4.242886e-01
3.325141e-01
4.004173e-01
5.704421e-01
1.667960e-01
1.987447e-01
4.023528e-01
4.523653e-01
1.674010e-01
1.969693e-01
1.995618e-01
3.103552e-01
2.748404e-01
3.646888e-01
5.390697e-01
1.964508e-01
1.588100e-01
1.606429e-01
0
0
1.758896e-01
3.848141e-01
3.303869e-01
2.987337e-01
3.864466e-02
1.941152e-03
0
0
0
0
0
0
0
0
0
0
0
0
0
0
3.156174e-01
4.018130e-01
2.115684e-03
1.132768e-01
2.541697e-01
4.485741e-02
4.928414e-01
3.967010e-01
0
0
0
0
1.920537e-01
2.181359e-01
0
1.031272e-01
4.240354e-04
0
1.096320e-01
0
0
1.414265e-02
1.505316e-01
2.358878e-01
3.279277e-01
2.087830e-01
5.282599e-01
1.070812e-01
1.532445e-01
4.227910e-02
5.060493e-01
1.234093e-01
3.122123e-02
1.197975e-01
0
0
0
0
2.577193e-01
3.816357e-01
0
0
0
0
0
0
0
0
9.370039e-02
3.300490e-01
7.310446e-03
0
0
0
6.425823e-02
0
0
0
5.654441e-01
1.000000e+00
