1
5.059398e-01
1.912056e-01
1.494683e-01
0
0
3.515624e-01
1.406986e-01
0
0
5.670509e-01
5.860745e-01
4.050592e-01
4.162694e-01
8.433425e-02
0
0
0
6.290061e-01
3.974875e-01
3.617320e-02
5.964621e-03
4.482561e-03
0
2.354860e-01
1.340393e-01
1.422184e-01
5.598786e-02
0
0
2.157509e-01
0
2.880670e-03
0
0
0
0
1.151409e-02
0
2.413361e-01
0
0
0
0
0
0
0
0
6.061613e-02
2.815810e-02
2.331707e-01
4.707320e-01
3.488365e-01
2.579428e-01
2.773494e-02
1.949984e-01
2.785604e-01
3.202327e-01
3.991696e-01
2.563486e-01
5.313367e-02
2.610711e-02
5.577610e-02
4.489905e-01
0
2.997559e-01
0
0
4.532035e-02
2.479013e-01
0
2.319028e-02
4.804474e-03
0
1.042703e-01
0
0
0
0
0
0
0
0
0
0
8.536720e-02
0
0
3.264156e-01
4.926701e-01
0
9.756927e-02
0
0
9.293883e-02
0
0
2.453807e-01
0
0
1.647303e-01
0
6.369028e-02
0
1.051939e-01
4.405408e-02
0
0
1.604559e-01
2.078966e-01
2.237474e-01
6.023578e-02
3.231729e-01
0
4.249766e-01
4.279775e-02
5.059398e-01
1.000000e+00
2.207074e-01
0
4.174415e-01
1.172222e-01
1.528900e-02
0
0
0
2.439320e-01
3.704437e-01
0
6.978512e-02
2.227043e-01
0
1.349314e-01
6.990872e-02
7.471580e-01
5.753140e-01
1.190020e-01
1.646826e-01
1.196294e-01
7.996898e-02
3.932672e-01
3.265675e-01
4.088004e-01
4.670942e-01
7.452378e-02
7.258955e-05
1.798387e-01
0
2.355103e-01
0
0
0
0
1.221487e-01
1.184482e-02
2.891990e-01
0
0
0
0
0
0
0
0
2.805359e-02
0
2.007475e-01
1.885819e-01
3.965031e-01
1.076401e-01
1.113415e-01
0
6.143583e-01
5.651844e-01
0
0
0
0
0
1.371188e-01
0
2.240053e-01
0
0
2.289788e-01
1.035216e-01
6.717744e-02
0
0
0
0
0
0
0
2.420852e-01
1.611220e-01
3.007025e-01
4.140714e-01
7.298820e-02
1.139365e-01
2.453492e-02
0
1.734163e-01
0
2.724155e-01
3.569933e-01
0
0
0
0
2.570161e-01
2.741756e-01
6.830666e-02
3.281765e-01
3.558530e-03
0
0
0
0
0
2.095755e-01
2.314545e-01
0
0
3.814066e-01
4.325223e-01
4.845021e-01
2.301296e-01
0
0
3.942887e-01
2.835339e-01
1.912056e-01
2.207074e-01
1
4.994773e-01
5.731166e-01
3.204132e-01
7.457855e-01
1.045170e-01
3.830757e-01
3.571734e-01
3.624464e-01
0
3.203282e-01
1.673237e-01
4.572939e-01
0
0
0
4.164855e-01
1.423804e-01
2.152565e-01
2.555173e-01
6.793269e-01
6.979370e-01
7.504925e-01
7.558755e-01
4.589017e-01
4.831540e-01
0
0
7.333945e-01
2.284480e-01
0
0
3.807032e-01
1.416494e-01
0
0
0
0
0
0
0
0
0
0
0
0
0
0
0
0
4.089632e-03
1.536313e-01
0
0
0
0
0
0
0
1.162933e-01
0
0
4.639386e-01
6.205476e-01
0
0
0
0
1.300531e-01
0
0
0
0
0
0
0
0
0
0
7.482258e-02
0
0
3.677379e-01
3.459970e-01
0
0
3.813422e-01
0
0
4.254810e-01
1.598653e-01
3.685635e-01
6.286328e-03
5.053120e-01
0
2.402347e-01
0
0
4.072170e-03
3.516086e-01
0
0
2.650216e-01
4.250388e-01
0
2.125242e-01
3.956596e-01
4.136932e-01
3.614321e-01
0
0
0
1.024545e-01
2.226106e-01
1.494683e-01
0
4.994773e-01
1.000000e+00
2.025633e-01
5.729789e-01
5.936457e-01
7.276226e-01
3.862333e-01
6.840221e-01
2.361192e-01
2.854430e-01
5.052024e-01
4.397450e-01
2.607579e-01
2.366002e-01
0
0
3.029673e-01
3.772513e-01
8.435876e-02
2.550008e-01
5.221121e-01
5.895506e-01
3.240326e-01
2.240212e-01
1.772011e-01
6.340450e-02
0
0
3.485308e-01
3.755178e-01
0
0
3.799050e-01
4.014745e-01
0
0
0
0
0
0
0
0
0
0
0
0
0
0
0
0
6.459774e-02
1.340259e-01
0
0
0
0
0
0
6.877117e-02
4.529503e-01
0
7.683071e-02
4.390673e-01
4.877177e-01
1.720964e-01
1.078124e-01
7.697009e-03
2.173533e-01
1.613891e-02
3.637627e-01
0
8.795571e-02
0
2.269489e-01
0
0
0
0
0
2.659734e-02
0
0
4.786926e-01
6.004524e-01
0
3.884514e-03
1.518762e-01
2.424431e-01
3.028761e-01
1.444190e-01
2.909981e-01
8.841309e-02
3.559642e-02
3.144027e-01
0
5.332410e-02
0
0
0
3.534318e-01
0
0
0
9.539008e-02
4.077488e-02
2.547664e-01
2.683664e-01
3.858701e-01
2.603161e-01
0
0
0
1.706307e-01
1.669776e-01
0
4.174415e-01
5.731166e-01
2.025633e-01
1.000000e+00
5.123935e-01
4.605065e-01
0
5.292343e-01
3.672493e-01
0
0
5.240061e-02
8.278968e-02
4.390861e-01
0
0
0
4.720462e-01
4.203693e-01
5.772068e-01
4.748916e-01
4.324478e-01
4.823031e-01
7.377913e-01
8.568294e-01
8.818345e-01
8.151905e-01
0
0
2.429096e-01
0
6.477492e-02
0
4.550865e-01
1.248231e-01
0
0
0
0
0
0
0
0
0
0
0
0
0
0
0
0
8.022787e-02
1.047002e-01
0
0
0
0
0
0
0
9.075834e-02
0
0
5.233059e-01
6.220198e-01
0
0
1.005676e-02
0
1.617575e-01
0
0
0
0
0
0
0
0
0
0
3.301952e-01
0
0
4.012510e-01
2.747844e-01
1.212268e-01
5.592339e-02
3.033218e-01
5.696534e-02
7.621826e-02
1.946094e-01
2.569096e-01
2.327289e-01
1.187997e-01
4.544168e-01
0
4.107046e-01
0
0
1.993827e-01
1.463645e-01
0
0
4.234525e-01
4.083862e-01
0
0
1.666339e-02
2.759052e-01
3.993180e-01
0
0
0
1.054459e-01
3.518328e-01
0
1.172222e-01
3.204132e-01
5.729789e-01
5.123935e-01
1
2.524544e-01
5.805207e-01
7.762470e-01
7.954255e-01
1.786592e-01
3.435319e-01
2.714148e-01
5.336157e-01
7.286086e-01
5.376951e-01
0
0
4.064820e-01
4.935901e-01
1.272016e-01
2.216280e-01
6.350341e-01
6.733168e-01
2.301849e-01
3.156609e-01
4.314444e-01
5.307780e-01
0
0
1.492391e-01
9.157330e-02
0
0
4.024541e-01
3.606178e-01
0
0
0
0
0
0
0
0
0
0
0
0
0
0
0
0
0
0
0
0
0
0
0
0
0
3.470007e-01
0
0
4.912230e-01
2.881386e-01
0
0
1.965982e-01
1.000717e-01
3.097328e-02
2.580803e-01
0
0
0
0
0
0
0
1.535141e-01
1.385786e-01
5.102905e-01
0
0
6.392628e-01
4.820579e-01
4.508803e-02
0
0
0
2.541380e-01
0
6.542378e-01
2.104574e-01
7.607028e-02
5.436757e-01
0
1.209623e-01
0
0
0
2.306576e-01
0
0
0
1.357810e-01
0
4.367435e-02
9.987675e-02
1.862973e-01
3.535036e-01
0
0
0
6.397669e-02
1.629886e-01
3.515624e-01
1.528900e-02
7.457855e-01
5.936457e-01
4.605065e-01
2.524544e-01
1.000000e+00
3.643500e-01
3.300210e-01
4.718778e-01
9.967990e-02
8.321275e-02
6.599207e-01
2.919915e-01
3.144019e-01
0
0
0
4.151752e-01
3.195301e-01
3.385908e-01
4.081381e-01
3.253504e-01
4.101529e-01
5.779465e-01
6.211326e-01
4.545565e-01
3.797059e-01
0
0
3.629169e-01
1.117319e-02
0
0
4.071229e-01
3.129588e-01
0
0
0
0
0
0
0
0
0
0
0
0
0
0
0
3.869073e-02
1.719541e-01
4.751366e-01
0
0
0
0
1.165750e-01
2.936760e-02
1.185215e-01
3.657104e-01
0
0
3.851499e-01
6.561590e-01
1.405494e-01
1.034225e-01
0
1.760144e-01
2.916186e-03
9.016544e-02
0
0
0
0
0
0
0
0
0
0
0
0
1.747081e-01
3.219577e-01
0
0
2.906022e-01
1.242966e-04
3.378741e-01
6.491131e-01
2.361423e-01
3.186241e-01
0
2.905277e-01
0
2.963051e-01
0
0
4.176291e-01
1.998665e-01
0
0
2.920493e-01
2.229542e-01
0
4.031484e-01
4.680234e-02
2.322550e-01
1.092497e-01
0
0
0
2.310926e-01
2.455486e-01
1.406986e-01
0
1.045170e-01
7.276226e-01
0
5.805207e-01
3.643500e-01
1
3.955255e-01
7.900412e-01
9.718985e-02
6.068255e-01
5.405810e-01
7.230926e-01
3.367601e-01
5.985378e-01
0
0
3.407658e-01
4.896216e-01
1.004644e-01
2.948537e-01
1.450304e-01
2.491114e-01
0
0
1.360802e-01
1.443723e-01
0
0
0
5.275393e-02
0
0
1.356480e-01
1.987824e-01
0
0
0
0
0
2.354410e-04
0
0
0
0
0
0
0
0
0
0
0
2.170511e-01
0
0
0
0
0
2.885887e-01
2.101040e-01
6.982889e-01
0
2.902744e-01
6.303402e-02
1.933948e-01
0
0
2.518947e-01
5.437860e-01
1.798789e-02
4.790847e-01
1.125610e-01
2.439778e-01
0
3.089056e-01
0
0
0
0
0
2.713904e-02
0
0
1.227535e-01
3.725364e-01
0
0
0
4.741383e-02
5.721094e-01
3.256273e-02
4.318549e-01
7.593091e-02
2.248466e-02
2.864145e-01
0
1.028604e-01
0
0
1.907738e-01
1.491178e-01
1.073765e-02
0
0
0
2.146453e-01
2.517300e-01
0
5.326219e-03
1.535537e-01
0
0
0
9.782813e-02
2.303389e-01
0
0
3.830757e-01
3.862333e-01
5.292343e-01
7.762470e-01
3.300210e-01
3.955255e-01
1.000000e+00
7.403327e-01
0
0
2.769394e-01
3.280376e-01
7.051984e-01
3.979601e-01
0
0
7.113891e-02
2.339741e-01
1.481268e-01
2.524453e-01
5.017125e-01
6.188746e-01
2.926313e-01
3.836255e-01
3.254524e-01
5.437723e-01
0
0
1.307115e-01
0
0
0
5.968465e-01
4.291943e-01
0
0
0
0
0
8.758701e-02
0
0
0
0
0
0
0
0
0
0
0
1.366848e-01
0
0
0
0
0
0
0
2.644749e-01
0
0
6.253243e-01
2.013000e-01
1.366726e-02
0
0
5.770578e-02
0
0
0
0
0
0
0
0
0
0
0
2.774960e-01
0
0
4.628251e-01
2.365059e-01
0
4.756578e-02
0
0
4.522020e-01
2.653873e-01
6.440854e-01
4.709708e-01
2.352881e-01
6.627996e-01
0
2.422501e-01
0
0
7.951906e-02
2.414247e-01
0
0
2.491824e-01
4.077159e-01
6.603052e-02
4.648599e-01
6.221026e-02
2.220311e-01
2.962684e-01
0
0
0
2.690624e-01
4.543347e-01
0
0
3.571734e-01
6.840221e-01
3.672493e-01
7.954255e-01
4.718778e-01
7.900412e-01
7.403327e-01
1
5.300396e-02
3.522690e-01
5.265303e-01
5.824759e-01
5.364402e-01
4.840996e-01
0
0
3.428703e-01
4.149492e-01
4.021893e-02
2.219516e-01
4.084079e-01
4.456272e-01
2.892114e-01
2.847812e-01
2.858923e-01
3.642680e-01
0
0
1.954785e-01
5.193978e-02
0
0
5.198776e-01
3.886321e-01
0
0
0
0
0
0
0
0
0
0
0
0
0
0
0
0
0
2.081772e-01
0
0
0
0
0
0
1.671518e-02
6.135071e-01
0
0
3.970876e-01
3.741027e-01
0
0
1.124925e-01
3.080854e-01
0
1.958587e-01
0
0
0
0
0
0
0
0
0
2.266080e-01
0
0
3.436384e-01
4.025735e-01
0
0
0
0
5.248796e-01
1.275517e-01
5.374581e-01
2.559216e-01
1.297813e-01
6.269877e-01
0
3.014678e-01
0
0
1.682722e-01
1.615794e-01
0
0
0
1.194472e-01
7.683105e-02
2.867065e-01
0
9.974994e-02
3.285215e-01
0
0
0
2.273722e-01
4.589155e-01
5.670509e-01
2.439320e-01
3.624464e-01
2.361192e-01
0
1.786592e-01
9.967990e-02
9.718985e-02
0
5.300396e-02
1
5.044146e-01
3.453360e-01
4.656166e-01
3.915783e-01
1.116214e-01
7.774451e-02
1.272977e-02
3.808445e-01
1.026226e-01
0
0
5.584349e-01
4.279176e-01
9.857101e-02
2.306740e-02
0
0
1.197233e-01
2.441070e-01
5.564422e-01
3.347809e-01
0
0
0
0
1.502086e-02
0
0
0
1.411360e-01
0
0
0
0
0
0
0
0
0
0
0
0
0
0
0
1.270620e-01
1.371628e-01
0
0
0
0
2.148494e-01
4.045030e-01
0
9.007670e-02
0
0
3.764077e-02
2.516379e-02
4.214616e-02
2.044387e-01
4.426304e-02
2.297658e-02
6.772028e-02
0
0
0
8.952608e-02
2.774335e-01
2.898246e-01
8.908505e-02
4.894462e-01
7.710790e-02
1.652902e-01
2.602295e-01
0
0
1.607942e-01
1.639288e-01
0
4.089889e-02
1.394451e-01
6.158921e-02
0
4.844302e-02
0
0
0
0
0
3.233334e-01
0
0
0
5.922709e-02
6.007991e-02
0
4.483177e-01
9.445670e-02
1.791701e-01
0
0
0
0
0
5.860745e-01
3.704437e-01
0
2.854430e-01
0
3.435319e-01
8.321275e-02
6.068255e-01
0
3.522690e-01
5.044146e-01
1.000000e+00
3.831274e-01
8.218491e-01
3.879944e-01
5.269983e-01
9.823811e-02
0
6.964621e-01
6.137051e-01
1.915178e-01
2.463733e-01
1.200195e-01
8.370359e-02
0
0
2.906467e-01
2.422501e-01
1.869848e-01
2.751638e-01
3.177444e-02
0
0
0
0
0
0
0
0
0
0
0
0
0
0
0
0
0
0
0
0
0
9.131277e-02
0
0
0
3.697859e-01
3.806133e-01
3.989426e-02
1.443961e-01
4.190047e-02
3.162492e-01
3.602540e-01
6.458669e-01
0
9.486154e-02
0
0
5.364522e-01
5.819328e-01
1.522244e-01
4.864210e-01
2.761683e-01
2.410723e-01
1.316950e-01
1.512740e-01
0
0
8.823839e-02
2.543944e-01
2.909307e-01
1.709647e-01
0
0
0
1.404567e-01
0
0
0
3.466652e-01
4.408076e-02
0
2.277195e-01
0
0
0
0
7.044269e-02
0
0
1.558140e-01
1.547117e-01
1.595703e-01
0
0
0
0
0
0
0
2.693268e-01
0
2.564417e-02
0
6.667858e-02
0
4.050592e-01
0
3.203282e-01
5.052024e-01
5.240061e-02
2.714148e-01
6.599207e-01
5.405810e-01
2.769394e-01
5.265303e-01
3.453360e-01
3.831274e-01
1
6.119523e-01
4.127447e-01
3.762147e-01
0
0
1.959874e-01
1.604332e-01
1.311827e-01
1.681139e-01
3.400200e-01
3.014996e-01
2.744570e-01
2.023202e-01
1.536187e-01
3.666114e-02
0
0
2.936023e-01
2.444253e-01
0
0
1.943724e-01
1.835726e-01
0
0
0
0
0
0
0
0
0
0
0
0
0
0
0
3.548171e-02
0
3.107246e-01
0
0
0
0
1.436808e-01
2.263266e-01
4.414094e-01
5.951221e-01
0
1.947463e-01
2.158006e-01
4.779539e-01
0
1.129504e-01
0
2.499554e-01
0
2.572020e-01
0
7.313822e-02
2.382557e-02
1.216467e-01
0
0
0
0
0
0
0
0
1.021792e-01
3.434598e-01
0
0
9.876832e-02
1.441880e-02
4.414260e-01
5.769038e-01
4.695473e-01
2.736375e-01
0
6.583162e-03
0
0
0
0
2.974970e-01
4.338295e-01
2.490437e-02
3.502980e-02
0
0
8.370122e-02
4.230000e-01
0
0
0
0
4.699568e-02
0
1.053211e-01
0
4.162694e-01
6.978512e-02
1.673237e-01
4.397450e-01
8.278968e-02
5.336157e-01
2.919915e-01
7.230926e-01
3.280376e-01
5.824759e-01
4.656166e-01
8.218491e-01
6.119523e-01
1
6.087352e-01
7.435534e-01
0
0
5.337828e-01
5.263296e-01
2.523705e-01
2.749179e-01
3.596636e-01
3.874042e-01
5.942158e-02
1.355106e-01
3.312599e-01
3.225051e-01
0
1.529361e-02
1.229389e-01
9.377449e-03
0
0
0
0
0
0
0
0
0
0
0
0
0
0
0
0
0
0
0
0
0
0
0
0
0
3.085513e-02
0
9.720056e-02
7.728138e-02
4.771747e-01
1.864749e-01
5.454368e-01
0
2.301418e-01
0
0
3.574134e-01
5.290558e-01
0
3.155455e-01
7.574481e-02
9.489935e-02
0
0
0
0
0
0
2.403584e-02
5.787040e-02
0
0
1.763527e-02
3.789627e-01
0
0
0
4.142106e-02
3.045535e-01
1.251802e-01
6.318177e-01
3.217708e-01
0
1.822370e-01
0
1.960528e-01
0
0
2.625216e-01
3.092414e-01
2.798354e-01
0
0
0
1.327648e-02
2.770379e-01
0
7.638999e-03
3.617975e-01
0
1.652859e-02
0
1.464643e-01
8.518099e-02
8.433425e-02
2.227043e-01
4.572939e-01
2.607579e-01
4.390861e-01
7.286086e-01
3.144019e-01
3.367601e-01
7.051984e-01
5.364402e-01
3.915783e-01
3.879944e-01
4.127447e-01
6.087352e-01
1
5.066853e-01
0
0
4.571284e-01
2.928022e-01
9.050035e-02
9.293965e-02
6.597681e-01
6.643718e-01
3.623624e-01
3.926648e-01
3.846600e-01
5.777972e-01
0
0
3.022930e-01
4.782840e-02
0
0
1.272211e-01
0
0
0
0
0
0
0
0
0
0
0
0
0
0
0
0
0
0
0
0
0
0
0
0
0
0
1.887980e-01
0
8.276476e-02
2.964356e-01
3.153226e-01
0
0
3.468501e-02
2.213916e-02
0
1.293690e-01
0
0
0
0
0
0
0
1.258411e-01
1.022329e-01
2.944971e-01
6.459695e-02
0
4.366831e-01
2.555692e-01
2.868970e-02
0
1.439723e-01
0
1.304141e-01
1.772180e-01
6.483519e-01
2.999463e-01
0
4.719424e-01
0
2.916741e-02
0
0
1.195753e-01
2.623116e-01
0
0
2.102265e-01
1.382202e-01
0
1.410773e-01
2.347276e-01
1.559110e-01
2.712719e-01
0
0
0
1.304128e-01
5.222974e-02
0
0
0
2.366002e-01
0
5.376951e-01
0
5.985378e-01
3.979601e-01
4.840996e-01
1.116214e-01
5.269983e-01
3.762147e-01
7.435534e-01
5.066853e-01
1.000000e+00
4.425174e-02
0
1.129157e-01
2.159837e-01
3.647107e-02
1.113716e-01
2.182710e-01
2.149471e-01
0
0
1.284795e-02
6.905830e-02
9.714993e-02
2.611944e-01
0
1.387484e-01
0
0
0
6.848332e-02
0
0
0
0
2.235206e-01
1.481692e-01
0
0
0
0
0
0
0
0
0
0
0
0
0
0
0
6.707823e-02
0
0
2.930712e-01
3.722798e-01
4.020864e-01
3.842551e-01
0
0
0
0
3.154243e-01
3.776076e-01
0
3.671756e-01
2.538312e-01
2.817428e-01
3.948142e-02
1.852318e-01
0
0
0
1.618692e-01
1.715804e-01
1.817361e-01
0
1.720451e-01
6.995330e-02
1.941712e-01
0
4.654631e-02
0
0
4.666838e-01
0
6.582717e-01
1.947327e-01
0
0
0
0
0
0
1.619098e-01
2.316739e-01
3.420940e-01
1.274914e-01
0
0
2.731212e-01
2.847612e-01
0
0
1.193731e-01
0
0
2.103250e-02
0
0
0
1.349314e-01
0
0
0
0
0
0
0
0
7.774451e-02
9.823811e-02
0
0
0
4.425174e-02
1
7.449646e-01
0
0
0
0
0
0
0
0
0
0
8.383732e-01
6.843508e-01
0
3.751335e-03
2.410662e-01
2.104456e-01
0
0
2.418784e-01
2.665849e-01
6.273966e-02
3.378546e-01
4.584781e-01
4.194587e-01
4.392250e-01
5.604694e-01
2.708083e-01
3.237847e-01
5.073989e-01
3.213814e-01
4.603287e-01
2.658450e-01
1.980260e-01
0
1.455786e-02
0
3.405027e-01
3.334437e-01
7.448401e-01
5.623187e-01
0
0
0
0
6.380568e-01
2.744485e-01
0
0
0
0
4.213694e-01
9.009971e-02
2.400064e-01
3.251315e-01
4.504450e-01
4.060675e-01
3.655932e-01
2.326267e-01
3.226755e-01
3.968027e-01
8.173052e-01
6.132694e-01
7.668594e-01
2.299169e-01
5.521296e-01
3.454326e-01
0
0
9.243438e-02
0
0
0
0
0
0
0
0
0
0
0
5.906845e-01
5.499203e-01
0
0
6.579757e-02
3.060470e-01
0
0
7.438381e-02
0
6.429557e-02
0
0
4.227633e-01
1.224106e-01
2.763085e-01
0
0
0
6.990872e-02
0
0
0
0
0
0
0
0
1.272977e-02
0
0
0
0
0
7.449646e-01
1
0
0
0
0
0
0
0
0
0
0
7.407389e-01
7.314060e-01
0
1.576233e-01
3.495685e-01
2.387983e-01
0
0
2.293143e-01
3.404373e-01
2.336889e-01
2.658702e-01
5.360696e-01
4.164969e-01
3.299439e-01
4.079209e-01
3.625648e-01
3.323805e-01
4.099902e-01
2.478819e-01
2.070397e-01
6.239666e-02
0
0
0
0
2.843533e-01
2.614811e-01
6.086928e-01
5.701435e-01
0
0
0
0
5.205507e-01
1.471160e-01
0
0
0
0
1.607033e-01
0
4.449224e-01
2.292596e-01
4.695886e-01
5.073760e-01
4.828042e-01
2.982613e-01
4.018627e-01
4.808025e-01
7.933962e-01
6.983393e-01
6.886033e-01
4.504214e-01
4.739890e-01
4.981672e-01
0
0
3.529082e-01
3.065189e-01
0
7.675782e-02
0
0
0
0
0
0
4.377672e-02
0
5.784328e-01
2.335226e-01
0
0
0
0
0
0
1.377204e-01
0
0
0
0
1.678914e-01
0
1.652177e-01
0
0
6.290061e-01
7.471580e-01
4.164855e-01
3.029673e-01
4.720462e-01
4.064820e-01
4.151752e-01
3.407658e-01
7.113891e-02
3.428703e-01
3.808445e-01
6.964621e-01
1.959874e-01
5.337828e-01
4.571284e-01
1.129157e-01
0
0
1
7.501271e-01
2.786070e-01
3.321322e-01
2.693201e-01
2.486859e-01
4.368054e-01
4.683164e-01
6.061958e-01
6.001107e-01
0
0
1.987638e-01
0
1.691129e-01
4.238642e-02
0
0
0
0
0
0
0
0
0
0
0
0
0
0
0
0
0
0
2.811279e-01
1.250038e-01
0
0
3.385419e-01
3.353349e-01
0
0
0
1.791206e-01
0
3.906987e-01
0
4.613168e-01
0
0
3.417155e-01
3.194584e-01
1.642798e-01
2.215773e-01
5.529350e-02
0
0
0
0
0
0
7.983559e-02
9.668048e-02
2.845472e-01
0
0
6.836615e-02
1.150800e-01
0
0
2.080089e-01
2.953925e-01
0
0
1.798816e-02
0
0
3.130565e-01
0
3.501015e-01
0
0
1.843879e-01
0
2.391380e-02
0
1.675283e-01
0
0
0
1.449097e-01
2.983024e-01
4.985383e-01
0
0
0
2.588300e-01
1.969516e-01
3.974875e-01
5.753140e-01
1.423804e-01
3.772513e-01
4.203693e-01
4.935901e-01
3.195301e-01
4.896216e-01
2.339741e-01
4.149492e-01
1.026226e-01
6.137051e-01
1.604332e-01
5.263296e-01
2.928022e-01
2.159837e-01
0
0
7.501271e-01
1
5.334198e-01
6.740792e-01
1.244595e-01
2.565871e-01
1.408345e-01
2.771280e-01
6.095450e-01
5.554778e-01
0
0
0
0
1.953642e-01
1.640427e-01
0
0
0
0
0
0
0
0
0
0
0
0
0
0
0
0
0
0
3.311158e-01
1.613344e-01
0
0
2.260278e-01
1.901681e-01
0
0
0
1.269077e-01
0
2.619565e-01
0
1.925674e-01
0
0
6.186282e-01
6.228575e-01
1.670001e-01
3.140129e-01
1.682565e-01
8.620799e-02
0
1.537838e-01
0
0
0
0
9.205551e-02
1.937304e-01
0
0
1.451356e-01
1.403879e-01
0
0
0
2.639268e-01
7.009734e-02
0
1.153765e-01
0
2.924894e-01
1.573290e-01
0
4.235116e-01
0
0
1.359111e-01
6.936630e-02
0
0
1.578726e-01
1.408419e-01
0
0
1.160995e-01
3.675717e-01
4.604931e-01
0
8.030513e-02
0
3.811453e-01
3.038640e-01
3.617320e-02
1.190020e-01
2.152565e-01
8.435876e-02
5.772068e-01
1.272016e-01
3.385908e-01
1.004644e-01
1.481268e-01
4.021893e-02
0
1.915178e-01
1.311827e-01
2.523705e-01
9.050035e-02
3.647107e-02
0
0
2.786070e-01
5.334198e-01
1.000000e+00
8.667288e-01
9.309436e-02
2.261052e-01
3.011378e-01
5.444630e-01
7.914810e-01
5.957110e-01
0
0
2.449475e-02
0
0
3.982362e-02
0
0
0
0
0
0
0
0
0
0
0
0
0
0
0
0
5.336102e-02
0
1.763720e-01
6.960780e-02
0
0
0
0
9.297596e-02
0
0
7.222414e-02
0
0
8.842106e-02
2.904418e-01
3.844243e-02
0
4.035974e-01
4.044299e-01
3.434991e-01
5.848222e-02
9.028155e-02
0
0
1.776232e-02
0
0
0
0
0
0
0
2.276549e-02
4.648841e-02
1.553969e-01
0
8.276545e-02
0
8.974906e-02
2.206702e-01
2.357695e-01
2.152379e-01
3.221934e-01
4.148256e-02
0
0
3.799138e-01
0
0
3.751127e-01
4.070018e-01
2.986601e-01
2.864236e-01
3.601849e-01
2.195547e-01
0
2.452770e-01
0
8.883952e-02
2.825540e-01
0
3.591895e-01
0
2.919076e-02
1.694065e-01
5.964621e-03
1.646826e-01
2.555173e-01
2.550008e-01
4.748916e-01
2.216280e-01
4.081381e-01
2.948537e-01
2.524453e-01
2.219516e-01
0
2.463733e-01
1.681139e-01
2.749179e-01
9.293965e-02
1.113716e-01
0
0
3.321322e-01
6.740792e-01
8.667288e-01
1
6.605215e-02
2.254987e-01
1.847995e-01
3.979067e-01
6.537135e-01
5.369342e-01
0
0
0
0
1.058530e-01
1.008748e-01
0
0
0
0
0
0
0
1.885856e-01
0
0
0
0
0
0
0
0
5.227097e-02
0
3.018522e-01
3.176711e-01
0
0
9.485816e-02
0
2.387567e-03
0
0
8.833211e-02
0
0
1.024908e-01
1.426712e-01
0
0
5.783693e-01
6.858091e-01
4.458861e-01
3.348373e-01
2.996182e-01
1.356911e-01
3.172477e-02
2.558730e-01
0
0
0
0
0
0
0
6.803027e-02
6.807085e-02
0
0
9.849617e-02
0
1.172656e-01
2.976794e-01
1.612918e-01
8.297595e-02
1.707921e-01
6.130667e-02
0
0
2.748729e-01
0
0
2.808517e-01
4.072916e-01
9.990573e-02
8.264951e-02
1.978774e-01
1.098463e-01
0
3.063429e-01
0
1.479064e-01
2.235891e-01
0
1.361911e-01
0
1.134715e-01
2.830159e-01
4.482561e-03
1.196294e-01
6.793269e-01
5.221121e-01
4.324478e-01
6.350341e-01
3.253504e-01
1.450304e-01
5.017125e-01
4.084079e-01
5.584349e-01
1.200195e-01
3.400200e-01
3.596636e-01
6.597681e-01
2.182710e-01
0
0
2.693201e-01
1.244595e-01
9.309436e-02
6.605215e-02
1
9.208347e-01
5.653844e-01
5.274077e-01
3.222414e-01
3.065025e-01
0
0
7.424655e-01
5.306968e-01
0
0
2.667529e-01
1.658310e-01
0
0
0
0
0
0
0
0
0
0
0
0
0
0
0
0
0
0
0
0
0
0
0
0
0
1.093961e-01
0
0
5.633081e-01
4.982776e-01
0
0
0
0
0
6.769059e-02
0
0
0
0
0
0
0
8.693087e-02
1.338500e-02
3.113914e-01
1.134185e-01
1.163041e-01
6.989099e-01
5.545476e-01
4.278253e-02
9.244845e-02
3.810849e-01
0
0
1.406230e-01
4.651055e-01
3.418804e-01
0
3.696298e-01
0
6.582776e-03
0
0
0
6.264891e-01
0
0
0
3.208853e-01
0
1.233548e-01
4.994808e-01
3.624433e-01
4.247327e-01
0
0
0
1.228775e-02
0
0
7.996898e-02
6.979370e-01
5.895506e-01
4.823031e-01
6.733168e-01
4.101529e-01
2.491114e-01
6.188746e-01
4.456272e-01
4.279176e-01
8.370359e-02
3.014996e-01
3.874042e-01
6.643718e-01
2.149471e-01
0
0
2.486859e-01
2.565871e-01
2.261052e-01
2.254987e-01
9.208347e-01
1
5.077589e-01
5.508791e-01
4.165086e-01
4.051027e-01
0
0
6.053704e-01
3.972568e-01
0
0
2.599802e-01
2.241690e-01
0
0
0
0
0
0
0
0
0
0
0
0
0
0
0
0
0
0
0
0
0
0
0
0
0
9.785967e-02
0
0
5.761870e-01
4.476565e-01
7.322310e-02
0
0
0
3.014385e-02
4.733294e-02
0
0
0
0
0
0
0
0
0
2.415643e-01
0
7.889483e-02
7.067718e-01
6.305979e-01
0
1.216555e-01
2.825511e-01
0
0
2.657222e-01
5.642588e-01
4.821300e-01
7.403860e-02
4.034487e-01
0
1.006599e-01
0
0
0
6.150457e-01
0
0
2.012511e-01
4.545254e-01
0
2.630537e-01
5.295061e-01
5.070290e-01
4.499503e-01
0
0
0
9.930597e-02
0
2.354860e-01
3.932672e-01
7.504925e-01
3.240326e-01
7.377913e-01
2.301849e-01
5.779465e-01
0
2.926313e-01
2.892114e-01
9.857101e-02
0
2.744570e-01
5.942158e-02
3.623624e-01
0
0
0
4.368054e-01
1.408345e-01
3.011378e-01
1.847995e-01
5.653844e-01
5.077589e-01
1
8.560019e-01
5.967867e-01
4.633166e-01
0
0
6.199698e-01
5.033595e-02
0
0
3.421357e-01
0
0
0
1.961558e-01
0
0
0
0
0
0
0
0
0
0
0
0
1.072007e-01
2.379279e-01
1.537837e-01
0
0
0
0
0
0
0
1.816451e-01
0
0
4.741877e-01
8.864830e-01
0
0
0
0
0
0
0
0
0
0
0
0
0
0
0
8.830448e-02
0
0
2.875404e-01
3.457989e-01
1.527240e-01
1.496276e-01
6.614880e-01
1.645082e-01
0
2.258828e-01
4.235823e-02
1.490338e-01
0
4.019636e-01
0
3.299309e-01
0
0
1.312783e-02
2.199913e-01
0
0
3.577651e-01
3.559284e-01
0
6.244858e-02
2.767402e-01
4.055884e-01
4.357633e-01
0
0
0
2.155977e-01
2.543526e-01
1.340393e-01
3.265675e-01
7.558755e-01
2.240212e-01
8.568294e-01
3.156609e-01
6.211326e-01
0
3.836255e-01
2.847812e-01
2.306740e-02
0
2.023202e-01
1.355106e-01
3.926648e-01
0
0
0
4.683164e-01
2.771280e-01
5.444630e-01
3.979067e-01
5.274077e-01
5.508791e-01
8.560019e-01
1
7.977842e-01
7.157911e-01
0
0
4.893744e-01
0
0
0
3.139602e-01
7.498357e-02
0
0
0
0
0
0
0
0
0
0
0
0
0
0
0
0
5.414120e-02
6.562682e-02
0
0
0
0
0
0
0
9.933639e-02
0
0
4.186793e-01
7.388835e-01
1.728430e-02
0
0
0
5.909823e-02
0
0
0
0
0
0
0
0
0
0
8.866605e-02
0
0
2.889429e-01
3.711628e-01
2.093585e-02
1.173239e-01
4.594151e-01
0
1.523419e-02
3.940841e-01
2.714647e-01
4.446719e-01
1.368965e-02
4.192984e-01
0
5.344213e-01
0
0
2.505513e-01
2.766794e-01
0
0
4.634462e-01
4.768697e-01
0
1.874093e-01
4.958702e-02
3.306518e-01
5.416991e-01
0
0
0
2.071279e-01
3.302361e-01
1.422184e-01
4.088004e-01
4.589017e-01
1.772011e-01
8.818345e-01
4.314444e-01
4.545565e-01
1.360802e-01
3.254524e-01
2.858923e-01
0
2.906467e-01
1.536187e-01
3.312599e-01
3.846600e-01
1.284795e-02
0
0
6.061958e-01
6.095450e-01
7.914810e-01
6.537135e-01
3.222414e-01
4.165086e-01
5.967867e-01
7.977842e-01
1
8.332378e-01
0
0
1.453116e-01
0
0
0
1.410816e-01
0
0
0
0
0
0
0
0
0
0
0
0
0
0
0
0
0
8.010863e-02
4.407314e-02
0
0
5.224776e-03
0
0
0
0
2.059439e-01
0
0
2.506722e-01
5.869392e-01
0
0
2.266067e-01
2.020259e-01
3.360090e-01
0
0
0
0
0
0
0
0
0
0
1.964488e-01
0
0
2.369560e-01
3.368380e-01
0
3.319366e-03
1.364407e-01
1.127071e-01
1.112317e-01
2.165041e-01
3.209232e-01
2.753890e-01
2.992730e-02
2.249945e-01
0
4.460513e-01
0
0
3.352783e-01
2.402846e-01
1.132879e-01
0
4.164857e-01
2.585076e-01
0
0
0
1.575552e-01
4.095890e-01
0
8.633208e-02
0
1.859210e-02
2.101253e-01
5.598786e-02
4.670942e-01
4.831540e-01
6.340450e-02
8.151905e-01
5.307780e-01
3.797059e-01
1.443723e-01
5.437723e-01
3.642680e-01
0
2.422501e-01
3.666114e-02
3.225051e-01
5.777972e-01
6.905830e-02
0
0
6.001107e-01
5.554778e-01
5.957110e-01
5.369342e-01
3.065025e-01
4.051027e-01
4.633166e-01
7.157911e-01
8.332378e-01
1
0
0
9.424726e-02
0
0
0
2.028707e-01
0
0
0
0
0
0
0
0
0
0
0
0
0
0
0
0
0
0
1.449677e-01
0
0
0
0
0
0
0
1.347521e-01
0
0
2.070577e-01
3.472313e-01
0
0
1.671751e-01
1.705006e-01
2.357604e-01
0
0
0
0
0
0
0
0
0
0
3.319781e-01
0
0
1.340998e-01
1.165394e-01
0
0
0
0
1.089050e-01
1.933271e-01
3.608562e-01
3.537230e-01
2.118585e-01
5.356391e-01
0
5.373603e-01
0
0
3.743115e-01
5.272052e-02
1.401322e-01
0
5.272077e-01
4.022594e-01
0
1.143321e-01
0
1.774709e-01
4.933797e-01
0
0
0
2.077982e-01
4.539387e-01
0
7.452378e-02
0
0
0
0
0
0
0
0
1.197233e-01
1.869848e-01
0
0
0
9.714993e-02
8.383732e-01
7.407389e-01
0
0
0
0
0
0
0
0
0
0
1
8.720174e-01
0
0
4.751008e-01
5.065747e-01
0
0
2.257324e-01
3.441412e-01
0
2.517102e-01
6.913762e-01
5.003686e-01
3.169921e-01
4.487654e-01
2.115210e-01
2.981084e-01
4.166775e-01
2.650842e-01
3.767861e-01
1.106398e-01
5.802217e-02
0
0
0
2.647090e-01
3.572909e-01
6.429339e-01
6.334864e-01
3.491481e-02
8.746873e-02
3.338079e-02
0
8.107537e-01
5.283339e-01
0
0
0
0
4.155555e-01
1.385520e-01
3.814387e-01
3.179014e-01
6.708647e-01
5.890170e-01
5.261559e-01
3.551017e-01
3.786062e-01
4.223187e-01
7.596080e-01
5.412395e-01
7.697350e-01
2.427923e-01
4.296545e-01
4.470158e-01
0
0
0
0
0
0
0
0
0
0
0
0
0
0
7.032399e-01
5.839858e-01
0
0
2.121548e-01
2.110022e-01
0
0
1.627550e-01
0
0
0
0
2.398970e-01
1.011862e-01
3.078495e-01
0
0
0
7.258955e-05
0
0
0
0
0
0
0
0
2.441070e-01
2.751638e-01
0
1.529361e-02
0
2.611944e-01
6.843508e-01
7.314060e-01
0
0
0
0
0
0
0
0
0
0
8.720174e-01
1
0
1.121190e-01
3.470304e-01
4.073568e-01
0
0
1.987250e-01
1.297434e-01
0
5.729833e-02
7.430042e-01
4.274302e-01
7.928980e-02
2.722584e-01
1.008115e-01
1.774716e-01
2.351475e-01
6.143191e-02
1.418131e-01
0
0
0
0
0
1.588253e-01
2.484344e-01
4.726680e-01
5.591956e-01
0
3.458930e-02
8.016605e-02
0
7.918697e-01
5.579458e-01
0
0
0
8.495366e-02
4.208436e-01
1.287395e-01
3.905391e-01
4.995123e-01
7.422278e-01
7.146659e-01
5.974303e-01
4.943484e-01
3.905151e-01
4.057532e-01
6.589574e-01
6.368858e-01
7.819438e-01
3.474485e-01
4.542132e-01
4.884730e-01
0
0
2.758089e-02
1.296985e-01
0
4.577438e-02
0
0
0
0
0
0
0
0
5.316705e-01
3.715962e-01
0
0
0
1.969524e-02
0
0
3.015394e-01
0
5.027429e-02
0
0
2.888472e-02
0
3.374250e-01
0
0
2.157509e-01
1.798387e-01
7.333945e-01
3.485308e-01
2.429096e-01
1.492391e-01
3.629169e-01
0
1.307115e-01
1.954785e-01
5.564422e-01
3.177444e-02
2.936023e-01
1.229389e-01
3.022930e-01
0
0
0
1.987638e-01
0
2.449475e-02
0
7.424655e-01
6.053704e-01
6.199698e-01
4.893744e-01
1.453116e-01
9.424726e-02
0
0
1
5.238205e-01
0
0
1.764252e-01
0
6.195679e-02
0
9.115016e-02
0
0
0
0
0
0
0
0
0
0
0
0
0
0
0
0
0
0
0
0
0
0
7.347943e-02
0
0
3.461397e-01
4.710494e-01
0
0
0
0
0
0
0
0
0
0
0
0
0
5.159082e-02
0
5.231077e-02
3.005073e-01
0
4.256493e-01
3.191466e-01
1.442198e-02
0
3.972026e-01
0
0
1.097633e-01
3.966889e-02
2.351152e-01
0
3.484460e-01
0
1.614142e-01
0
0
0
5.445822e-01
0
0
0
4.031154e-01
0
4.872398e-02
5.808035e-01
3.002392e-01
3.914741e-01
0
0
0
1.308602e-02
0
0
0
2.284480e-01
3.755178e-01
0
9.157330e-02
1.117319e-02
5.275393e-02
0
5.193978e-02
3.347809e-01
0
2.444253e-01
9.377449e-03
4.782840e-02
1.387484e-01
3.751335e-03
1.576233e-01
0
0
0
0
5.306968e-01
3.972568e-01
5.033595e-02
0
0
0
0
1.121190e-01
5.238205e-01
1.000000e+00
0
0
1.434187e-01
2.631540e-01
1.457802e-01
0
3.091823e-02
0
7.134141e-02
0
0
1.579624e-02
1.214690e-01
5.716757e-02
0
0
0
0
0
0
0
0
1.453282e-02
0
0
0
0
0
8.643304e-02
1.148042e-02
1.517356e-02
0
3.337662e-01
9.546581e-02
2.754312e-01
2.473400e-01
0
0
2.448953e-02
3.371005e-01
0
3.982004e-02
9.226874e-02
8.667950e-02
8.177062e-03
2.969975e-02
0
2.729651e-01
3.355119e-02
3.291949e-03
2.359482e-01
6.599635e-02
4.775822e-01
3.799749e-01
4.598996e-02
4.317796e-02
2.169814e-01
4.541507e-02
0
6.331199e-02
1.751924e-01
9.042963e-02
0
0
0
0
0
0
0
5.529608e-01
0
7.430111e-02
0
0
1.798457e-01
1.043235e-02
2.986649e-01
0
0
0
0
0
0
0
2.880670e-03
2.355103e-01
0
0
6.477492e-02
0
0
0
0
0
0
0
0
0
0
0
2.410662e-01
3.495685e-01
1.691129e-01
1.953642e-01
0
1.058530e-01
0
0
0
0
0
0
4.751008e-01
3.470304e-01
0
0
1.000000e+00
8.265451e-01
2.344929e-01
1.315047e-01
8.557569e-02
1.712286e-01
2.052986e-01
2.475844e-01
3.068427e-01
3.215328e-01
0
0
0
0
5.500676e-03
0
1.459355e-04
0
1.167298e-01
0
9.253423e-02
9.487117e-02
5.328252e-02
6.916768e-02
4.059388e-01
5.466602e-01
0
0
8.506617e-02
0
2.678380e-01
3.333329e-01
0
0
3.409915e-02
0
2.459567e-01
5.685497e-02
5.698645e-02
9.813535e-02
3.874353e-01
4.499400e-01
2.263554e-01
4.299813e-01
5.294601e-02
4.437142e-03
4.291928e-01
2.056117e-01
2.903690e-01
1.808643e-01
0
1.413972e-01
0
0
0
0
0
1.196563e-01
0
0
0
0
0
7.505558e-03
1.633644e-01
5.097781e-02
4.426512e-01
1.846294e-01
0
0
0
0
0
0
0
0
0
0
0
0
0
4.320451e-02
4.020785e-02
2.026682e-01
0
0
0
0
0
0
0
0
0
0
0
0
0
0
0
0
2.104456e-01
2.387983e-01
4.238642e-02
1.640427e-01
3.982362e-02
1.008748e-01
0
0
0
0
0
0
5.065747e-01
4.073568e-01
0
0
8.265451e-01
1
1.314854e-01
2.745023e-01
0
0
0
0
3.401886e-01
1.261561e-01
0
0
1.056910e-01
0
0
0
4.704436e-02
0
1.106858e-01
0
4.452943e-02
0
0
7.736188e-02
1.930391e-01
3.867187e-01
3.717751e-02
1.330834e-02
3.965004e-01
0
4.267068e-01
3.978634e-01
0
0
3.093951e-01
2.737431e-01
2.642589e-01
4.793169e-02
1.704683e-01
2.779850e-01
4.882545e-01
4.418304e-01
4.076203e-01
5.785615e-01
1.884070e-01
1.169662e-01
2.563420e-01
1.421926e-01
2.125627e-01
0
0
0
0
0
2.560217e-02
0
0
1.015739e-01
8.947897e-03
0
0
0
0
0
0
0
4.123433e-01
4.017467e-01
1.418281e-01
0
1.628754e-01
3.479718e-02
0
0
0
0
0
0
0
0
1.007315e-01
3.275290e-01
0
0
0
0
3.807032e-01
3.799050e-01
4.550865e-01
4.024541e-01
4.071229e-01
1.356480e-01
5.968465e-01
5.198776e-01
0
0
1.943724e-01
0
1.272211e-01
0
0
0
0
0
0
0
2.667529e-01
2.599802e-01
3.421357e-01
3.139602e-01
1.410816e-01
2.028707e-01
0
0
1.764252e-01
1.434187e-01
2.344929e-01
1.314854e-01
1.000000e+00
7.501690e-01
0
0
3.112015e-01
0
0
1.753900e-02
0
0
1.445273e-01
0
0
0
0
0
0
0
0
1.352227e-01
0
0
0
0
0
0
3.195250e-02
3.594998e-01
0
0
7.889810e-01
3.556440e-01
4.225724e-01
2.149250e-01
0
0
0
0
0
0
0
0
0
0
0
0
0
1.024685e-01
0
0
3.121496e-01
2.135145e-01
1.194782e-01
1.610688e-02
0
0
2.969526e-01
2.978479e-01
2.304143e-01
2.441498e-01
1.624896e-01
5.725543e-01
0
1.573997e-01
0
0
0
0
0
0
6.172241e-02
3.319715e-01
0
2.347606e-01
0
0
0
0
0
0
0
3.761567e-01
0
0
1.416494e-01
4.014745e-01
1.248231e-01
3.606178e-01
3.129588e-01
1.987824e-01
4.291943e-01
3.886321e-01
0
0
1.835726e-01
0
0
6.848332e-02
0
0
0
0
0
0
1.658310e-01
2.241690e-01
0
7.498357e-02
0
0
0
0
0
2.631540e-01
1.315047e-01
2.745023e-01
7.501690e-01
1
8.767262e-02
0
9.041540e-02
0
2.880877e-01
6.805639e-02
0
0
2.520565e-01
0
0
0
0
0
0
0
0
0
0
0
0
0
0
1.691775e-03
3.450608e-01
3.229132e-01
0
0
6.557232e-01
6.778438e-02
7.803935e-01
6.899776e-01
0
0
9.980906e-03
0
0
1.415187e-01
0
1.914812e-01
2.802345e-01
0
0
0
0
0
0
0
3.520558e-01
3.103876e-01
8.696152e-02
6.918611e-02
0
0
3.946865e-01
4.188745e-01
3.956136e-01
3.493881e-01
0
2.566880e-01
0
8.717115e-04
0
0
5.547091e-02
8.062483e-02
0
0
0
9.274671e-02
3.317243e-01
3.322052e-01
0
0
0
0
0
0
0
3.750050e-02
0
0
0
0
0
0
0
0
0
0
1.502086e-02
0
0
0
0
0
2.418784e-01
2.293143e-01
0
0
0
0
0
0
0
0
0
0
2.257324e-01
1.987250e-01
6.195679e-02
1.457802e-01
8.557569e-02
0
0
8.767262e-02
1
5.440325e-01
3.858626e-01
6.686314e-01
4.884166e-01
3.854239e-01
3.154885e-01
3.927043e-01
2.681659e-01
3.131686e-01
3.245952e-01
3.552065e-01
2.396715e-01
2.892032e-01
2.118070e-01
2.328179e-01
0
1.236697e-01
3.787770e-01
5.169088e-01
1.457084e-01
0
2.116785e-01
2.759795e-01
0
0
2.890572e-02
0
0
0
1.750557e-01
2.449232e-01
0
6.374810e-02
5.193028e-03
0
2.247060e-01
2.678666e-01
2.399805e-01
1.519664e-01
5.708310e-01
5.117229e-01
3.025747e-01
2.853934e-03
6.306647e-02
0
3.784509e-01
1.366706e-01
0
0
0
9.519409e-02
0
0
0
8.351438e-02
0
7.549613e-03
2.647807e-01
0
4.329377e-01
0
3.795750e-01
4.800851e-01
0
7.336135e-02
0
5.876672e-02
0
1.520279e-01
4.100846e-01
1.589785e-01
1.541824e-01
0
0
3.434493e-01
1.837913e-01
9.674836e-02
5.896910e-03
0
1.151409e-02
1.221487e-01
0
0
0
0
0
0
0
0
0
0
0
0
0
0
2.665849e-01
3.404373e-01
0
0
0
0
0
0
0
0
0
0
3.441412e-01
1.297434e-01
0
0
1.712286e-01
0
0
0
5.440325e-01
1
2.892332e-01
7.113792e-01
2.716494e-01
4.600379e-01
4.379404e-01
4.341337e-01
2.653733e-01
3.522614e-01
5.031954e-01
4.646676e-01
3.778098e-01
4.637505e-01
9.385544e-02
3.044147e-01
0
1.698199e-01
3.483674e-01
4.785656e-01
3.010028e-01
1.952849e-01
8.496275e-02
3.939674e-01
0
0
5.198458e-02
0
0
0
0
0
0
6.337690e-02
8.080222e-02
0
0
5.277669e-02
0
0
2.358090e-01
3.609589e-01
3.957081e-01
0
2.018425e-01
8.342316e-02
3.988415e-01
1.749105e-01
0
0
0
1.102081e-01
0
4.247998e-02
0
0
0
0
4.429486e-01
4.923465e-02
6.251909e-01
1.684281e-01
5.393762e-01
2.504471e-01
0
0
0
0
0
1.969589e-01
7.834555e-02
0
0
0
0
4.485085e-01
1.756157e-01
0
3.449527e-02
3.378210e-01
0
1.184482e-02
0
0
0
0
0
0
0
0
0
0
0
0
0
0
6.273966e-02
2.336889e-01
0
0
0
0
0
0
1.961558e-01
0
0
0
0
0
9.115016e-02
3.091823e-02
2.052986e-01
0
3.112015e-01
9.041540e-02
3.858626e-01
2.892332e-01
1
5.637834e-01
0
0
3.733948e-01
2.968938e-01
3.981306e-01
2.447661e-01
3.110770e-01
3.421540e-01
2.484953e-01
3.729484e-01
3.830009e-01
3.803851e-01
1.563619e-01
2.760595e-01
4.115092e-01
3.259402e-01
8.611911e-02
5.057955e-02
4.380055e-02
0
1.168410e-01
0
0
0
2.169284e-01
2.910516e-02
1.227994e-01
7.428639e-02
0
0
0
0
0
0
0
0
2.617424e-01
3.011844e-01
1.833295e-01
5.855047e-02
0
0
1.924524e-01
0
0
0
5.342558e-01
3.294101e-02
4.026725e-01
1.153973e-02
0
0
0
0
6.338555e-02
3.292199e-02
3.551289e-01
0
2.691370e-01
1.685744e-01
0
0
0
0
0
6.373248e-02
0
0
9.939321e-02
0
0
3.424959e-01
0
8.879220e-02
3.451292e-02
4.019268e-02
2.413361e-01
2.891990e-01
0
0
0
0
0
0
0
0
0
0
0
0
0
0
3.378546e-01
2.658702e-01
0
0
0
0
0
0
0
0
0
0
2.517102e-01
5.729833e-02
0
0
2.475844e-01
0
0
0
6.686314e-01
7.113792e-01
5.637834e-01
1.000000e+00
2.557511e-01
4.327010e-01
2.638202e-01
3.596164e-01
9.573991e-03
1.012907e-01
3.470351e-01
2.990707e-01
3.520725e-01
4.147387e-01
3.951868e-01
5.083657e-01
1.552632e-01
4.607075e-01
4.131232e-01
5.454984e-01
5.368390e-01
3.614292e-01
2.414514e-01
1.959197e-01
0
0
0
0
0
0
0
0
0
8.619907e-02
0
0
7.643602e-02
1.209429e-01
1.165586e-01
0
2.691209e-01
2.914508e-01
4.647762e-01
1.060740e-01
1.240804e-01
0
3.930984e-01
7.970964e-02
0
0
0
0
0
9.893668e-02
0
0
0
0
2.832862e-01
0
4.299951e-01
1.074450e-01
4.380679e-01
3.599701e-01
0
0
0
0
0
8.976318e-02
2.247366e-01
0
2.695880e-02
0
0
4.609228e-01
2.342562e-01
0
3.254439e-01
2.844328e-01
0
0
0
0
0
0
0
0
0
0
1.411360e-01
0
0
0
0
2.235206e-01
4.584781e-01
5.360696e-01
0
0
0
0
0
0
0
0
0
0
6.913762e-01
7.430042e-01
0
7.134141e-02
3.068427e-01
3.401886e-01
0
2.880877e-01
4.884166e-01
2.716494e-01
0
2.557511e-01
1
7.209902e-01
1.340660e-02
1.242381e-01
1.328622e-01
1.656051e-01
3.608496e-02
0
0
0
0
0
0
0
0
9.887463e-02
1.942750e-01
2.620322e-01
6.752607e-02
2.112859e-01
2.460747e-01
0
5.464755e-01
4.064068e-01
0
0
2.379737e-01
4.300786e-01
1.547040e-01
1.182768e-01
3.055986e-01
2.360321e-01
7.051885e-01
7.605561e-01
5.667296e-01
4.274686e-01
5.198830e-01
3.867203e-01
4.945379e-01
3.310460e-01
4.269140e-01
0
3.965658e-01
4.149522e-01
0
0
0
1.876502e-01
0
0
0
0
0
0
0
0
0
0
3.549026e-01
4.489983e-01
0
6.044465e-02
6.921508e-02
2.893606e-02
0
0
6.438481e-01
1.106223e-01
0
0
0
0
0
1.758550e-01
0
0
0
0
0
0
0
0
0
2.354410e-04
8.758701e-02
0
0
0
0
0
0
1.481692e-01
4.194587e-01
4.164969e-01
0
0
0
1.885856e-01
0
0
0
0
0
0
5.003686e-01
4.274302e-01
0
0
3.215328e-01
1.261561e-01
1.753900e-02
6.805639e-02
3.854239e-01
4.600379e-01
0
4.327010e-01
7.209902e-01
1
0
0
0
0
0
0
0
0
0
0
0
2.269394e-01
0
0
2.618736e-01
2.955656e-01
7.488512e-02
2.096239e-01
0
1.313553e-01
2.023225e-01
1.830614e-01
0
0
0
3.569207e-02
1.120949e-01
2.910555e-01
2.406141e-01
3.015833e-02
5.100118e-01
6.333783e-01
2.422753e-01
3.051606e-01
2.063834e-01
8.258403e-02
4.085338e-01
6.779038e-02
2.511426e-01
3.693706e-02
3.042368e-01
5.122739e-01
0
0
0
4.541892e-01
0
0
3.912699e-02
0
0
0
0
2.139895e-02
4.549008e-02
0
1.988382e-01
2.411396e-01
0
0
7.202168e-02
0
0
0
4.669750e-01
3.173222e-01
0
0
0
0
0
0
0
2.245213e-01
0
0
0
0
0
0
0
0
0
0
0
0
0
0
0
0
4.392250e-01
3.299439e-01
0
0
0
0
0
0
0
0
0
0
3.169921e-01
7.928980e-02
0
0
0
0
0
0
3.154885e-01
4.379404e-01
3.733948e-01
2.638202e-01
1.340660e-02
0
1.000000e+00
9.172970e-01
8.440844e-01
9.024470e-01
9.215448e-01
9.514720e-01
8.577260e-01
7.980063e-01
3.661419e-01
2.442977e-01
0
0
7.112517e-01
6.124838e-01
1.476216e-01
0
5.241754e-02
7.555713e-02
0
0
2.365238e-01
0
0
0
5.078392e-02
2.259164e-02
0
0
0
0
0
0
0
0
4.543908e-01
5.881862e-01
3.362840e-01
1.133831e-01
2.142247e-01
0
3.251332e-01
1.381009e-02
0
0
2.027947e-01
0
0
0
0
0
0
0
1.482585e-01
0
5.087627e-01
0
7.326032e-01
5.754217e-01
0
0
2.640221e-01
3.849073e-01
0
0
0
0
0
0
0
7.676028e-01
4.216977e-01
4.427151e-01
0
0
0
0
0
0
0
0
0
0
0
0
0
0
0
0
0
0
5.604694e-01
4.079209e-01
0
0
0
0
0
0
0
0
0
0
4.487654e-01
2.722584e-01
0
1.579624e-02
0
0
0
0
3.927043e-01
4.341337e-01
2.968938e-01
3.596164e-01
1.242381e-01
0
9.172970e-01
1
6.735194e-01
8.417153e-01
9.452694e-01
8.965023e-01
8.999192e-01
8.044705e-01
4.894247e-01
3.082789e-01
0
0
8.446450e-01
7.642761e-01
2.931633e-01
9.527281e-02
1.324666e-01
3.778005e-02
0
0
4.209630e-01
0
0
0
0
0
0
0
0
0
0
0
1.335804e-01
0
4.795050e-01
6.717812e-01
4.111449e-01
2.397350e-01
3.705108e-01
0
4.645024e-01
1.636430e-01
0
0
1.735299e-01
0
0
0
0
0
0
0
1.330552e-01
0
4.946774e-01
0
7.713967e-01
6.500038e-01
0
0
1.648804e-01
4.425957e-01
0
0
0
0
3.041152e-02
0
0
8.105628e-01
4.179658e-01
5.464247e-01
0
0
0
0
0
0
0
0
0
0
0
0
0
0
0
0
0
0
2.708083e-01
3.625648e-01
0
0
0
0
0
0
0
0
0
0
2.115210e-01
1.008115e-01
0
1.214690e-01
0
1.056910e-01
1.445273e-01
2.520565e-01
2.681659e-01
2.653733e-01
3.981306e-01
9.573991e-03
1.328622e-01
0
8.440844e-01
6.735194e-01
1
8.931776e-01
6.585148e-01
7.407998e-01
5.089063e-01
5.006008e-01
4.451001e-02
0
0
0
4.124872e-01
2.894020e-01
0
0
0
1.883155e-02
1.745204e-02
0
7.397469e-02
0
1.206227e-01
0
4.695543e-01
3.527957e-01
0
0
3.235557e-02
0
0
0
8.005701e-03
0
6.422312e-01
6.322704e-01
2.679449e-01
1.053839e-01
1.266925e-01
2.294051e-02
1.940095e-01
0
4.819362e-02
0
4.159123e-01
6.216040e-02
0
0
0
0
0
0
9.235493e-02
0
3.477138e-01
0
5.491188e-01
4.036426e-01
0
0
7.466562e-02
1.746886e-01
0
1.977374e-02
2.595584e-02
0
0
0
0
5.341377e-01
1.426410e-01
4.050170e-01
0
0
0
0
0
0
0
0
0
0
0
0
0
0
0
0
0
0
3.237847e-01
3.323805e-01
0
0
0
0
0
0
0
0
0
0
2.981084e-01
1.774716e-01
0
5.716757e-02
0
0
0
0
3.131686e-01
3.522614e-01
2.447661e-01
1.012907e-01
1.656051e-01
0
9.024470e-01
8.417153e-01
8.931776e-01
1
7.730485e-01
8.709041e-01
7.019560e-01
7.285201e-01
1.828270e-01
7.633483e-02
0
0
5.754650e-01
5.351617e-01
0
0
1.216210e-01
1.866214e-01
0
0
2.208608e-01
0
0
0
3.022816e-01
3.196521e-01
0
0
8.233480e-02
0
0
0
9.408173e-02
0
6.548713e-01
6.717786e-01
2.510580e-01
9.854932e-02
1.636951e-01
0
2.694292e-01
5.968937e-02
0
0
2.767833e-01
7.391007e-02
0
0
0
0
0
2.621715e-02
7.152903e-02
0
4.007897e-01
0
6.327242e-01
5.567149e-01
0
0
2.553137e-01
3.793592e-01
0
0
1.668619e-01
0
0
0
0
6.042706e-01
2.885030e-01
4.993092e-01
0
0
0
0
0
0
0
0
0
0
0
0
0
0
0
0
0
0
5.073989e-01
4.099902e-01
0
0
0
0
0
0
0
0
0
0
4.166775e-01
2.351475e-01
0
0
5.500676e-03
0
0
0
3.245952e-01
5.031954e-01
3.110770e-01
3.470351e-01
3.608496e-02
0
9.215448e-01
9.452694e-01
6.585148e-01
7.730485e-01
1.000000e+00
9.008800e-01
9.050634e-01
7.745579e-01
4.698833e-01
3.314987e-01
5.713367e-03
0
8.592641e-01
7.557007e-01
2.876743e-01
1.286749e-01
0
0
0
0
3.790274e-01
0
0
0
0
0
9.017246e-03
0
0
0
0
0
0
0
3.183631e-01
5.333497e-01
4.300602e-01
2.603538e-01
4.079316e-01
1.626503e-01
4.404753e-01
1.618248e-01
0
0
1.110873e-01
0
0
6.975646e-02
0
0
0
0
2.114685e-01
0
6.102832e-01
0
8.298274e-01
5.434658e-01
0
0
1.339888e-01
2.849809e-01
0
0
0
0
0
0
0
7.827155e-01
3.179129e-01
4.239904e-01
0
0
0
0
0
0
0
0
0
0
0
0
0
0
0
0
0
0
3.213814e-01
2.478819e-01
0
0
0
0
0
0
0
0
0
0
2.650842e-01
6.143191e-02
0
0
0
0
0
0
3.552065e-01
4.646676e-01
3.421540e-01
2.990707e-01
0
0
9.514720e-01
8.965023e-01
7.407998e-01
8.709041e-01
9.008800e-01
1.000000e+00
8.992320e-01
8.529815e-01
4.129787e-01
3.928067e-01
0
0
7.542964e-01
7.395720e-01
1.145631e-01
0
2.464651e-01
2.690081e-01
0
0
2.602624e-01
0
0
0
4.918355e-02
9.870463e-02
0
0
0
0
0
0
5.558538e-02
0
4.223635e-01
6.196277e-01
2.156846e-01
8.780774e-03
8.785357e-02
0
2.697332e-01
0
0
0
1.100596e-01
0
0
0
0
0
0
0
1.449972e-01
0
5.959365e-01
0
7.397956e-01
5.857428e-01
4.705066e-02
0
3.398380e-01
3.996126e-01
0
0
0
0
0
0
0
7.288843e-01
4.882864e-01
4.951689e-01
0
0
6.061613e-02
2.805359e-02
0
0
0
0
0
0
0
0
0
0
0
0
0
0
4.603287e-01
2.070397e-01
0
0
0
0
0
0
0
0
0
0
3.767861e-01
1.418131e-01
0
0
1.459355e-04
4.704436e-02
0
0
2.396715e-01
3.778098e-01
2.484953e-01
3.520725e-01
0
0
8.577260e-01
8.999192e-01
5.089063e-01
7.019560e-01
9.050634e-01
8.992320e-01
1.000000e+00
8.538672e-01
6.464549e-01
5.139082e-01
2.546640e-01
0
8.491902e-01
8.296729e-01
3.339047e-01
1.618457e-01
2.596522e-01
1.507734e-01
0
0
3.872242e-01
0
0
0
0
0
7.974951e-02
0
0
0
0
0
7.397689e-02
0
2.696995e-01
4.846596e-01
2.973144e-01
1.141706e-01
2.453075e-01
0
2.492919e-01
1.006707e-02
0
0
6.393811e-02
0
0
1.480471e-01
0
0
0
0
1.510176e-01
0
5.380740e-01
0
7.806738e-01
6.641780e-01
7.537146e-02
0
3.473564e-01
4.736369e-01
0
0
0
0
0
0
0
7.848147e-01
5.457373e-01
5.443635e-01
0
0
2.815810e-02
0
0
0
0
0
0
0
0
0
0
0
0
0
0
0
2.658450e-01
6.239666e-02
0
0
0
0
0
0
0
0
0
0
1.106398e-01
0
0
0
0
0
0
0
2.892032e-01
4.637505e-01
3.729484e-01
4.147387e-01
0
0
7.980063e-01
8.044705e-01
5.006008e-01
7.285201e-01
7.745579e-01
8.529815e-01
8.538672e-01
1
4.931594e-01
6.591569e-01
1.395439e-01
2.552138e-02
6.860400e-01
7.146044e-01
9.377991e-02
0
3.134009e-01
3.324621e-01
0
0
2.520783e-02
0
0
0
0
0
0
0
0
0
0
0
0
0
2.855410e-01
4.237635e-01
1.419801e-01
0
0
0
3.700474e-01
0
0
0
1.210398e-01
0
0
0
0
0
0
0
2.061879e-01
0
4.847357e-01
0
5.198873e-01
5.043720e-01
9.913543e-02
0
2.722647e-01
3.711105e-01
5.627192e-02
0
3.123452e-02
0
6.386445e-03
0
0
6.757043e-01
3.782551e-01
3.098621e-01
0
0
2.331707e-01
2.007475e-01
0
0
0
0
0
0
0
0
0
0
0
0
0
0
1.980260e-01
0
0
0
5.336102e-02
5.227097e-02
0
0
0
0
0
0
5.802217e-02
0
0
0
1.167298e-01
1.106858e-01
0
0
2.118070e-01
9.385544e-02
3.830009e-01
3.951868e-01
0
0
3.661419e-01
4.894247e-01
4.451001e-02
1.828270e-01
4.698833e-01
4.129787e-01
6.464549e-01
4.931594e-01
1
6.753268e-01
7.871137e-01
3.443546e-01
7.441389e-01
6.856366e-01
2.750323e-01
2.548931e-01
4.139809e-01
0
0
0
8.286329e-02
0
0
0
0
0
1.183709e-02
3.217015e-02
0
0
3.949113e-02
0
1.878003e-01
1.153168e-01
0
1.963705e-01
0
0
0
0
0
9.848081e-03
0
0
2.543545e-02
0
3.562002e-01
4.823162e-01
0
0
0
0
1.172075e-01
0
4.965351e-01
0
3.985499e-01
5.121356e-01
4.342691e-02
0
3.121960e-02
4.612464e-01
2.010230e-01
0
0
0
1.436238e-01
2.457324e-01
0
4.291850e-01
4.204684e-01
4.763442e-01
2.901415e-01
0
4.707320e-01
1.885819e-01
0
0
0
0
3.869073e-02
0
0
0
0
0
3.548171e-02
0
0
0
0
0
0
0
0
0
0
0
1.072007e-01
0
0
0
0
0
0
0
0
0
0
0
2.328179e-01
3.044147e-01
3.803851e-01
5.083657e-01
0
0
2.442977e-01
3.082789e-01
0
7.633483e-02
3.314987e-01
3.928067e-01
5.139082e-01
6.591569e-01
6.753268e-01
1
5.981602e-01
5.128296e-01
5.054852e-01
5.955217e-01
5.572322e-02
0
4.152610e-01
3.195265e-01
0
0
0
0
0
2.993046e-02
0
0
0
1.051812e-01
0
0
0
0
0
0
0
4.940248e-02
0
0
0
0
9.169849e-03
0
0
0
0
0
2.456682e-01
3.965760e-01
8.721818e-02
1.414663e-02
0
0
4.018576e-01
0
5.250988e-01
1.288944e-01
1.057414e-01
1.553301e-01
1.369649e-01
0
0
1.478977e-01
1.350673e-01
1.274554e-01
0
1.492817e-02
1.793130e-01
2.276668e-01
0
3.998345e-01
3.348485e-01
7.074872e-02
4.768869e-01
2.290553e-01
3.488365e-01
3.965031e-01
4.089632e-03
6.459774e-02
8.022787e-02
0
1.719541e-01
0
0
0
0
9.131277e-02
0
0
0
0
1.455786e-02
0
2.811279e-01
3.311158e-01
1.763720e-01
3.018522e-01
0
0
2.379279e-01
5.414120e-02
8.010863e-02
0
0
0
0
0
9.253423e-02
4.452943e-02
0
0
0
0
1.563619e-01
1.552632e-01
0
0
0
0
0
0
5.713367e-03
0
2.546640e-01
1.395439e-01
7.871137e-01
5.981602e-01
1
4.798143e-01
3.443151e-01
3.053848e-01
2.736766e-01
2.756203e-01
2.659184e-01
0
0
0
0
0
0
1.593959e-01
0
0
2.181984e-01
2.840287e-01
0
2.462680e-01
7.152747e-02
0
9.030263e-02
2.634406e-01
0
0
0
0
0
0
0
0
0
0
2.088837e-02
0
4.514765e-01
5.602995e-01
5.904190e-02
0
0
0
1.340843e-03
0
1.525455e-01
0
0
1.028133e-01
1.164756e-01
0
0
2.108498e-01
1.555347e-01
0
0
0
2.889415e-01
4.502711e-01
0
5.772605e-02
1.285239e-01
2.261305e-01
3.792004e-01
6.883469e-02
2.579428e-01
1.076401e-01
1.536313e-01
1.340259e-01
1.047002e-01
0
4.751366e-01
2.170511e-01
1.366848e-01
2.081772e-01
0
0
3.107246e-01
0
0
0
0
0
1.250038e-01
1.613344e-01
6.960780e-02
3.176711e-01
0
0
1.537837e-01
6.562682e-02
4.407314e-02
1.449677e-01
0
0
0
0
9.487117e-02
0
1.352227e-01
0
1.236697e-01
1.698199e-01
2.760595e-01
4.607075e-01
0
2.269394e-01
0
0
0
0
0
0
0
2.552138e-02
3.443546e-01
5.128296e-01
4.798143e-01
1
0
6.581387e-02
8.298538e-03
2.854599e-02
3.143445e-01
2.759813e-01
2.077206e-01
1.229837e-01
0
0
0
9.363848e-02
0
0
0
3.701030e-01
1.610349e-02
9.596523e-02
3.071079e-02
0
0
2.296197e-01
0
0
0
0
0
0
0
0
0
0
0
0
0
2.159192e-01
4.796144e-01
3.691789e-01
0
0
1.675858e-01
3.656063e-02
4.733763e-02
5.482105e-02
0
6.084404e-02
4.087675e-01
0
0
0
2.218168e-01
0
2.080896e-01
3.009225e-01
0
8.120797e-03
0
0
2.421345e-02
0
4.066326e-01
4.459307e-01
2.773494e-02
1.113415e-01
0
0
0
0
0
0
0
0
0
0
0
0
0
0
3.405027e-01
2.843533e-01
0
0
0
0
0
0
0
0
0
0
2.647090e-01
1.588253e-01
0
1.453282e-02
5.328252e-02
0
0
0
3.787770e-01
3.483674e-01
4.115092e-01
4.131232e-01
0
0
7.112517e-01
8.446450e-01
4.124872e-01
5.754650e-01
8.592641e-01
7.542964e-01
8.491902e-01
6.860400e-01
7.441389e-01
5.054852e-01
3.443151e-01
0
1
8.700926e-01
2.811583e-01
2.130370e-01
1.778864e-01
0
0
0
3.131671e-01
0
0
0
0
0
0
0
0
0
0
0
8.685512e-02
0
2.553638e-01
4.864194e-01
2.523736e-01
1.655017e-01
2.550382e-01
5.614142e-02
2.713355e-01
2.428459e-01
0
0
1.327648e-01
9.101931e-02
2.280826e-01
3.564809e-01
0
0
0
0
2.058688e-01
0
6.973692e-01
0
7.395466e-01
5.204860e-01
0
0
0
3.010690e-01
0
2.034922e-02
0
0
1.554055e-01
1.808897e-01
0
7.045326e-01
2.981204e-01
5.502064e-01
8.705905e-02
0
1.949984e-01
0
0
0
0
0
0
0
0
0
0
0
0
0
0
0
3.334437e-01
2.614811e-01
0
0
0
0
0
0
0
0
0
0
3.572909e-01
2.484344e-01
0
0
6.916768e-02
7.736188e-02
0
0
5.169088e-01
4.785656e-01
3.259402e-01
5.454984e-01
9.887463e-02
0
6.124838e-01
7.642761e-01
2.894020e-01
5.351617e-01
7.557007e-01
7.395720e-01
8.296729e-01
7.146044e-01
6.856366e-01
5.955217e-01
3.053848e-01
6.581387e-02
8.700926e-01
1
3.193827e-01
2.273298e-01
4.069315e-01
2.866869e-01
3.962374e-02
0
3.660144e-01
0
0
0
0
0
3.062995e-02
2.136701e-02
0
0
1.329106e-01
0
2.824658e-01
9.289466e-02
3.312374e-01
5.050498e-01
2.944324e-01
1.680371e-01
2.017406e-01
0
2.269885e-01
7.479557e-02
0
0
0
0
0
4.495758e-01
0
0
0
0
1.505326e-01
0
6.212704e-01
0
7.626029e-01
6.715983e-01
0
0
9.089566e-02
3.107813e-01
0
0
8.296340e-02
0
0
0
0
6.185199e-01
3.730261e-01
4.635565e-01
1.901912e-02
0
2.785604e-01
6.143583e-01
0
0
0
0
0
0
0
0
1.270620e-01
3.697859e-01
0
0
0
0
7.448401e-01
6.086928e-01
3.385419e-01
2.260278e-01
0
9.485816e-02
0
0
0
0
5.224776e-03
0
6.429339e-01
4.726680e-01
0
0
4.059388e-01
1.930391e-01
0
0
1.457084e-01
3.010028e-01
8.611911e-02
5.368390e-01
1.942750e-01
2.618736e-01
1.476216e-01
2.931633e-01
0
0
2.876743e-01
1.145631e-01
3.339047e-01
9.377991e-02
2.750323e-01
5.572322e-02
2.736766e-01
8.298538e-03
2.811583e-01
3.193827e-01
1
7.835317e-01
3.096151e-02
0
0
0
4.636489e-01
3.568247e-01
0
0
0
0
5.285751e-01
2.666044e-01
2.395739e-01
2.441174e-01
4.129763e-01
3.352608e-01
3.497518e-01
2.010953e-01
1.231586e-01
2.217523e-01
7.531093e-01
5.403479e-01
6.257621e-01
2.631163e-01
2.970381e-01
2.657720e-01
0
0
9.448468e-02
0
0
2.881265e-01
0
0
0
0
0
0
0
0
4.677729e-01
2.272203e-01
0
0
0
0
0
0
0
0
3.957724e-02
0
1.008394e-02
3.768845e-01
1.741364e-01
5.812798e-02
0
0
3.202327e-01
5.651844e-01
0
0
0
0
0
0
0
0
1.371628e-01
3.806133e-01
0
3.085513e-02
0
6.707823e-02
5.623187e-01
5.701435e-01
3.353349e-01
1.901681e-01
0
0
0
0
0
0
0
0
6.334864e-01
5.591956e-01
0
0
5.466602e-01
3.867187e-01
0
0
0
1.952849e-01
5.057955e-02
3.614292e-01
2.620322e-01
2.955656e-01
0
9.527281e-02
0
0
1.286749e-01
0
1.618457e-01
0
2.548931e-01
0
2.756203e-01
2.854599e-02
2.130370e-01
2.273298e-01
7.835317e-01
1
8.771201e-02
0
6.478017e-02
0
6.067309e-01
5.686788e-01
0
0
0
0
2.317387e-01
9.447943e-02
1.078345e-01
1.903588e-01
4.778910e-01
4.711555e-01
4.475839e-01
3.254646e-01
0
1.159298e-01
4.992794e-01
4.262594e-01
5.165486e-01
2.735844e-01
2.145453e-01
3.769112e-01
0
0
1.327686e-01
9.248626e-02
5.362405e-02
4.182175e-01
0
0
0
0
0
0
0
0
4.076326e-01
1.464844e-01
0
0
0
0
0
0
0
0
0
0
0
5.086442e-02
0
1.847277e-01
7.751559e-02
0
3.991696e-01
0
0
0
0
0
1.165750e-01
0
0
0
0
3.989426e-02
1.436808e-01
0
0
0
0
0
0
0
9.297596e-02
2.387567e-03
0
0
0
0
0
0
3.491481e-02
0
0
0
0
3.717751e-02
0
0
2.116785e-01
8.496275e-02
4.380055e-02
2.414514e-01
6.752607e-02
7.488512e-02
5.241754e-02
1.324666e-01
0
1.216210e-01
0
2.464651e-01
2.596522e-01
3.134009e-01
4.139809e-01
4.152610e-01
2.659184e-01
3.143445e-01
1.778864e-01
4.069315e-01
3.096151e-02
8.771201e-02
1.000000e+00
6.752366e-01
4.553985e-01
1.265458e-02
1.380983e-01
2.277472e-01
0
1.214070e-02
1.440920e-01
3.859770e-01
0
1.566720e-01
3.801387e-02
0
3.132973e-01
1.649209e-01
4.755646e-01
2.535662e-01
6.782476e-02
1.986357e-01
0
0
0
0
0
6.153382e-02
0
0
0
7.907442e-02
1.336237e-01
1.940473e-01
1.419016e-01
3.128708e-01
0
0
0
0
1.370865e-01
0
5.806271e-02
3.891322e-01
3.585188e-01
0
4.478910e-01
5.673510e-01
1.895021e-01
0
2.036019e-01
2.062355e-01
0
0
0
0
4.849885e-01
3.216411e-01
7.861923e-02
0
2.563486e-01
0
0
0
0
0
2.936760e-02
2.885887e-01
0
0
0
1.443961e-01
2.263266e-01
9.720056e-02
0
0
0
0
0
0
0
0
0
0
0
0
0
0
8.746873e-02
3.458930e-02
0
0
0
1.330834e-02
0
1.691775e-03
2.759795e-01
3.939674e-01
0
1.959197e-01
2.112859e-01
2.096239e-01
7.555713e-02
3.778005e-02
1.883155e-02
1.866214e-01
0
2.690081e-01
1.507734e-01
3.324621e-01
0
3.195265e-01
0
2.759813e-01
0
2.866869e-01
0
0
6.752366e-01
1
4.887816e-01
4.572106e-01
6.309228e-02
2.938557e-01
0
0
1.386265e-01
4.449738e-01
0
1.891249e-01
3.867444e-02
0
2.261652e-01
3.042411e-01
2.986304e-01
2.930349e-01
1.142100e-01
2.351864e-01
0
0
0
0
0
0
0
0
0
0
0
3.557641e-03
3.127806e-01
2.417398e-01
0
0
0
0
1.468075e-01
0
8.460092e-02
2.796282e-01
3.067884e-01
0
3.676980e-01
2.354721e-01
0
0
3.012054e-01
1.457313e-01
0
0
0
0
2.696348e-01
3.090215e-02
0
0
5.313367e-02
0
0
6.877117e-02
0
0
1.185215e-01
2.101040e-01
0
1.671518e-02
0
4.190047e-02
4.414094e-01
7.728138e-02
0
2.930712e-01
0
0
0
0
0
0
0
0
0
0
0
0
3.338079e-02
8.016605e-02
0
8.643304e-02
8.506617e-02
3.965004e-01
3.195250e-02
3.450608e-01
0
0
1.168410e-01
0
2.460747e-01
0
0
0
1.745204e-02
0
0
0
0
0
0
0
0
2.077206e-01
0
3.962374e-02
0
6.478017e-02
4.553985e-01
4.887816e-01
1
3.418213e-01
2.198438e-01
3.470115e-01
0
0
3.776106e-01
5.932642e-01
0
0
0
2.186239e-01
2.998064e-01
3.903053e-01
4.847432e-01
5.593623e-01
8.807392e-02
1.091253e-01
0
0
0
0
0
0
0
0
1.850718e-01
0
6.788409e-02
0
4.299668e-01
2.790947e-01
1.566897e-01
0
0
0
0
0
0
3.488846e-01
3.408679e-01
0
2.876553e-01
2.732767e-01
0
0
3.145433e-01
1.181770e-01
0
0
0
0
1.374742e-01
3.779207e-01
0
0
2.610711e-02
0
1.162933e-01
4.529503e-01
9.075834e-02
3.470007e-01
3.657104e-01
6.982889e-01
2.644749e-01
6.135071e-01
0
3.162492e-01
5.951221e-01
4.771747e-01
1.887980e-01
3.722798e-01
0
0
1.791206e-01
1.269077e-01
7.222414e-02
8.833211e-02
1.093961e-01
9.785967e-02
1.816451e-01
9.933639e-02
2.059439e-01
1.347521e-01
0
0
7.347943e-02
1.148042e-02
0
0
3.594998e-01
3.229132e-01
0
0
0
0
0
1.313553e-01
0
0
0
0
0
0
0
0
0
0
0
1.229837e-01
0
0
0
0
1.265458e-02
4.572106e-01
3.418213e-01
1.000000e+00
0
2.148638e-01
3.034469e-01
4.650386e-01
1.088771e-01
2.057865e-01
0
1.267556e-01
6.520078e-02
1.414000e-01
4.130741e-02
2.947898e-01
1.456897e-02
2.101109e-01
0
0
0
0
0
0
0
0
0
3.095399e-01
0
1.362353e-02
0
0
4.290543e-01
1.947818e-01
3.541020e-01
1.206850e-01
0
3.047854e-01
0
1.554547e-01
0
0
2.122561e-01
1.388226e-01
9.463566e-02
0
0
0
8.545732e-02
2.132818e-01
0
0
4.335063e-03
0
0
0
0
1.071345e-01
5.577610e-02
0
0
0
0
0
0
0
0
0
2.148494e-01
3.602540e-01
0
1.864749e-01
0
4.020864e-01
6.380568e-01
5.205507e-01
0
0
0
0
0
0
0
0
0
0
8.107537e-01
7.918697e-01
0
1.517356e-02
2.678380e-01
4.267068e-01
0
0
2.890572e-02
5.198458e-02
0
0
5.464755e-01
2.023225e-01
2.365238e-01
4.209630e-01
7.397469e-02
2.208608e-01
3.790274e-01
2.602624e-01
3.872242e-01
2.520783e-02
8.286329e-02
0
0
0
3.131671e-01
3.660144e-01
4.636489e-01
6.067309e-01
1.380983e-01
6.309228e-02
2.198438e-01
0
1
6.602740e-01
0
0
0
4.299094e-02
4.067519e-01
1.106158e-01
6.129005e-02
2.429253e-01
5.676025e-01
4.980998e-01
5.083172e-01
2.983091e-01
1.358630e-01
3.383301e-01
4.438399e-01
4.533357e-01
6.370547e-01
1.473623e-01
2.924289e-01
4.278342e-01
0
0
0
0
0
1.336638e-01
0
0
0
0
0
0
0
0
5.948788e-01
5.143924e-01
0
0
3.311764e-01
3.915987e-01
0
0
8.992818e-02
0
0
0
0
1.820300e-01
2.543689e-01
5.375456e-01
0
0
4.489905e-01
1.371188e-01
0
7.683071e-02
0
0
0
2.902744e-01
0
0
4.045030e-01
6.458669e-01
1.947463e-01
5.454368e-01
8.276476e-02
3.842551e-01
2.744485e-01
1.471160e-01
3.906987e-01
2.619565e-01
0
0
0
0
0
0
0
0
5.283339e-01
5.579458e-01
0
0
3.333329e-01
3.978634e-01
0
0
0
0
0
0
4.064068e-01
1.830614e-01
0
0
0
0
0
0
0
0
0
0
0
0
0
0
3.568247e-01
5.686788e-01
2.277472e-01
2.938557e-01
3.470115e-01
2.148638e-01
6.602740e-01
1
0
0
0
6.470435e-02
3.278885e-01
2.306250e-01
1.315298e-02
3.340777e-01
5.670075e-01
6.019904e-01
4.280745e-01
3.699273e-01
0
0
1.703928e-01
2.130824e-01
3.036995e-01
0
1.701285e-01
1.532175e-01
0
0
0
0
0
4.225001e-02
0
0
2.729175e-02
0
0
0
0
0
7.285586e-02
1.188058e-01
5.815004e-02
0
3.312578e-01
1.015857e-01
0
0
7.986156e-02
0
0
0
6.259468e-02
0
1.007177e-01
1.090429e-01
0
0
0
0
4.639386e-01
4.390673e-01
5.233059e-01
4.912230e-01
3.851499e-01
6.303402e-02
6.253243e-01
3.970876e-01
0
0
2.158006e-01
0
2.964356e-01
0
0
0
0
0
8.842106e-02
1.024908e-01
5.633081e-01
5.761870e-01
4.741877e-01
4.186793e-01
2.506722e-01
2.070577e-01
0
0
3.461397e-01
3.337662e-01
0
0
7.889810e-01
6.557232e-01
0
0
2.169284e-01
0
0
0
0
0
1.206227e-01
0
0
0
0
0
0
0
0
0
0
0
0
0
0
0
0
3.034469e-01
0
0
1.000000e+00
4.683605e-01
5.052140e-01
2.187669e-01
0
0
5.669715e-02
0
0
0
0
0
0
0
0
0
0
9.156927e-02
0
0
6.930113e-01
3.143323e-01
3.462471e-01
2.131897e-01
2.266693e-01
0
1.325530e-01
2.667786e-01
2.854778e-01
1.908010e-01
0
3.914620e-01
0
0
0
0
0
3.733982e-01
0
0
7.916498e-02
2.870750e-01
0
1.888515e-01
2.094166e-01
1.253030e-01
0
0
0
0
0
3.866583e-02
2.997559e-01
2.240053e-01
6.205476e-01
4.877177e-01
6.220198e-01
2.881386e-01
6.561590e-01
1.933948e-01
2.013000e-01
3.741027e-01
9.007670e-02
9.486154e-02
4.779539e-01
2.301418e-01
3.153226e-01
0
0
0
4.613168e-01
1.925674e-01
2.904418e-01
1.426712e-01
4.982776e-01
4.476565e-01
8.864830e-01
7.388835e-01
5.869392e-01
3.472313e-01
0
0
4.710494e-01
9.546581e-02
0
0
3.556440e-01
6.778438e-02
0
0
2.910516e-02
0
0
0
0
0
0
0
0
0
0
0
0
2.993046e-02
1.593959e-01
9.363848e-02
0
0
0
0
1.214070e-02
0
0
4.650386e-01
0
0
4.683605e-01
1.000000e+00
4.571489e-02
0
0
0
0
0
0
0
0
0
0
0
0
0
0
0
0
0
2.707489e-01
5.490480e-01
1.609655e-01
4.320993e-02
6.133727e-01
2.185104e-01
9.197928e-02
2.725082e-01
1.832697e-01
1.103234e-01
0
2.785209e-01
0
2.468753e-01
0
0
1.087600e-01
1.957689e-01
0
0
2.620323e-01
1.399548e-01
0
3.533733e-02
7.648061e-02
2.345545e-01
2.885183e-01
0
0
0
7.846502e-02
1.026179e-01
0
0
0
1.720964e-01
0
0
1.405494e-01
0
1.366726e-02
0
0
0
0
0
0
0
0
0
0
0
3.844243e-02
0
0
7.322310e-02
0
1.728430e-02
0
0
0
0
0
2.754312e-01
3.409915e-02
3.093951e-01
4.225724e-01
7.803935e-01
1.750557e-01
0
1.227994e-01
0
2.379737e-01
0
5.078392e-02
0
4.695543e-01
3.022816e-01
0
4.918355e-02
0
0
0
0
0
0
0
0
0
0
1.440920e-01
1.386265e-01
3.776106e-01
1.088771e-01
0
0
5.052140e-01
4.571489e-02
1
8.666185e-01
0
0
1.198651e-01
0
8.967652e-02
1.592021e-01
2.420952e-01
2.677916e-01
4.762935e-01
3.453875e-01
0
0
0
0
0
0
2.675700e-01
3.031838e-01
1.859728e-01
2.470471e-01
2.844064e-02
0
2.060367e-01
3.596075e-01
1.711358e-01
2.526534e-01
0
0
6.696507e-02
0
0
9.663960e-02
0
1.394982e-01
0
9.669354e-02
4.511240e-02
4.135465e-02
1.730921e-01
2.108946e-01
0
0
0
0
0
3.354011e-01
0
0
0
0
0
1.078124e-01
0
0
1.034225e-01
0
0
0
0
0
1.129504e-01
0
0
0
0
0
0
0
0
0
0
0
0
0
0
0
0
8.495366e-02
0
2.473400e-01
0
2.737431e-01
2.149250e-01
6.899776e-01
2.449232e-01
0
7.428639e-02
0
4.300786e-01
3.569207e-02
2.259164e-02
0
3.527957e-01
3.196521e-01
0
9.870463e-02
0
0
0
0
0
0
0
0
0
0
3.859770e-01
4.449738e-01
5.932642e-01
2.057865e-01
4.299094e-02
6.470435e-02
2.187669e-01
0
8.666185e-01
1
0
0
1.105954e-01
0
2.344217e-01
2.779901e-01
4.268107e-01
2.859785e-01
5.120387e-01
4.100460e-01
0
0
0
0
0
0
2.016659e-02
2.538517e-01
1.339935e-01
9.807302e-02
0
0
1.729195e-01
4.477459e-01
1.829911e-01
2.249696e-01
0
0
0
0
0
2.367766e-01
4.920246e-02
2.337989e-02
1.446061e-01
1.514872e-01
0
0
4.133922e-01
1.968856e-01
0
0
0
0
3.189215e-02
3.396596e-01
0
0
4.532035e-02
2.289788e-01
0
7.697009e-03
1.005676e-02
1.965982e-01
0
2.518947e-01
0
1.124925e-01
3.764077e-02
5.364522e-01
0
3.574134e-01
3.468501e-02
3.154243e-01
4.213694e-01
1.607033e-01
3.417155e-01
6.186282e-01
4.035974e-01
5.783693e-01
0
0
0
0
2.266067e-01
1.671751e-01
4.155555e-01
4.208436e-01
0
0
2.459567e-01
2.642589e-01
0
0
0
0
0
0
1.547040e-01
1.120949e-01
0
0
0
0
9.017246e-03
0
7.974951e-02
0
1.183709e-02
0
2.181984e-01
0
0
3.062995e-02
5.285751e-01
2.317387e-01
0
0
0
0
4.067519e-01
3.278885e-01
0
0
0
0
1
7.236092e-01
2.805767e-01
5.634971e-01
4.522275e-01
3.114754e-01
1.338653e-01
3.291647e-01
4.287646e-02
0
4.457209e-01
3.832031e-01
5.545699e-01
2.770911e-01
0
1.420959e-01
7.521439e-02
0
0
0
0
1.430266e-01
0
0
0
0
0
0
0
8.336149e-02
1.854577e-01
1.257071e-01
1.038199e-01
1.994950e-01
1.749282e-01
5.360659e-02
0
0
7.288708e-03
0
0
1.443519e-03
1.972447e-01
1.089518e-01
1.754666e-01
6.463897e-03
0
2.206580e-02
2.479013e-01
1.035216e-01
0
2.173533e-01
0
1.000717e-01
1.760144e-01
5.437860e-01
5.770578e-02
3.080854e-01
2.516379e-02
5.819328e-01
2.499554e-01
5.290558e-01
2.213916e-02
3.776076e-01
9.009971e-02
0
3.194584e-01
6.228575e-01
4.044299e-01
6.858091e-01
0
0
0
0
2.020259e-01
1.705006e-01
1.385520e-01
1.287395e-01
0
0
5.685497e-02
4.793169e-02
0
0
6.374810e-02
6.337690e-02
0
8.619907e-02
1.182768e-01
2.910555e-01
0
0
0
0
0
0
0
0
3.217015e-02
1.051812e-01
2.840287e-01
3.701030e-01
0
2.136701e-02
2.666044e-01
9.447943e-02
1.566720e-01
1.891249e-01
0
1.267556e-01
1.106158e-01
2.306250e-01
0
0
0
0
7.236092e-01
1
2.581866e-01
4.958811e-01
4.047582e-01
2.897200e-01
7.354675e-02
3.441464e-01
0
0
8.122620e-02
0
1.241673e-01
0
0
6.782029e-02
0
0
0
0
0
2.282827e-01
3.833760e-01
0
4.717202e-02
5.351594e-02
7.372831e-02
0
0
1.567989e-01
0
5.112771e-02
2.773291e-01
2.148256e-01
1.722473e-01
8.036680e-02
0
0
1.894197e-01
2.495512e-01
0
0
1.371250e-01
0
1.846292e-01
0
1.912341e-01
2.957289e-01
0
6.717744e-02
1.300531e-01
1.613891e-02
1.617575e-01
3.097328e-02
2.916186e-03
1.798789e-02
0
0
4.214616e-02
1.522244e-01
0
0
0
0
2.400064e-01
4.449224e-01
1.642798e-01
1.670001e-01
3.434991e-01
4.458861e-01
0
3.014385e-02
0
5.909823e-02
3.360090e-01
2.357604e-01
3.814387e-01
3.905391e-01
0
2.448953e-02
5.698645e-02
1.704683e-01
0
9.980906e-03
5.193028e-03
8.080222e-02
0
0
3.055986e-01
2.406141e-01
0
0
3.235557e-02
8.233480e-02
0
0
0
0
0
0
0
1.610349e-02
0
0
2.395739e-01
1.078345e-01
3.801387e-02
3.867444e-02
0
6.520078e-02
6.129005e-02
1.315298e-02
5.669715e-02
0
1.198651e-01
1.105954e-01
2.805767e-01
2.581866e-01
1.000000e+00
4.986233e-01
5.405153e-01
3.093424e-01
4.644172e-01
3.265673e-01
3.392476e-01
1.873760e-01
2.971051e-01
2.229313e-01
2.737365e-01
2.287339e-01
0
2.444759e-01
1.108610e-01
0
5.825176e-02
1.618470e-01
0
1.348460e-01
0
0
0
0
0
0
0
0
4.839468e-03
3.571111e-03
0
2.364385e-01
0
0
0
0
1.637931e-01
0
0
0
0
0
0
0
0
0
2.319028e-02
0
0
3.637627e-01
0
2.580803e-01
9.016544e-02
4.790847e-01
0
1.958587e-01
2.044387e-01
4.864210e-01
2.572020e-01
3.155455e-01
1.293690e-01
3.671756e-01
3.251315e-01
2.292596e-01
2.215773e-01
3.140129e-01
5.848222e-02
3.348373e-01
6.769059e-02
4.733294e-02
0
0
0
0
3.179014e-01
4.995123e-01
0
3.371005e-01
9.813535e-02
2.779850e-01
0
0
0
0
0
0
2.360321e-01
3.015833e-02
0
0
0
0
0
0
0
0
0
0
2.462680e-01
9.596523e-02
0
0
2.441174e-01
1.903588e-01
0
0
2.186239e-01
1.414000e-01
2.429253e-01
3.340777e-01
0
0
0
0
5.634971e-01
4.958811e-01
4.986233e-01
1
6.304631e-01
4.956756e-01
4.745529e-01
6.937449e-01
4.126609e-02
0
2.791286e-01
4.536007e-01
3.513488e-01
9.315289e-02
0
0
2.771343e-01
0
0
0
0
2.670683e-01
1.294441e-01
0
0
0
0
0
0
0
0
1.055581e-01
0
2.618450e-01
0
3.909010e-03
0
0
2.142342e-01
0
1.322088e-01
0
0
0
0
0
0
0
4.804474e-03
0
0
0
0
0
0
1.125610e-01
0
0
4.426304e-02
2.761683e-01
0
7.574481e-02
0
2.538312e-01
4.504450e-01
4.695886e-01
5.529350e-02
1.682565e-01
9.028155e-02
2.996182e-01
0
0
0
0
0
0
6.708647e-01
7.422278e-01
0
0
3.874353e-01
4.882545e-01
0
0
2.247060e-01
0
0
7.643602e-02
7.051885e-01
5.100118e-01
0
0
0
0
0
0
0
0
3.949113e-02
0
7.152747e-02
3.071079e-02
0
1.329106e-01
4.129763e-01
4.778910e-01
3.132973e-01
2.261652e-01
2.998064e-01
4.130741e-02
5.676025e-01
5.670075e-01
0
0
8.967652e-02
2.344217e-01
4.522275e-01
4.047582e-01
5.405153e-01
6.304631e-01
1
8.605450e-01
8.554577e-01
7.952882e-01
3.209358e-01
2.803889e-01
3.559077e-01
2.608916e-01
3.237732e-01
0
1.149673e-02
3.847871e-01
0
0
0
1.673673e-01
0
1.084854e-01
0
0
0
0
0
0
0
0
2.499140e-01
3.990345e-01
0
8.583752e-02
1.885549e-01
1.855639e-01
0
0
3.467325e-01
0
0
0
0
0
0
3.015356e-01
0
0
0
0
0
8.795571e-02
0
0
0
2.439778e-01
0
0
2.297658e-02
2.410723e-01
7.313822e-02
9.489935e-02
0
2.817428e-01
4.060675e-01
5.073760e-01
0
8.620799e-02
0
1.356911e-01
0
0
0
0
0
0
5.890170e-01
7.146659e-01
0
3.982004e-02
4.499400e-01
4.418304e-01
0
1.415187e-01
2.678666e-01
5.277669e-02
0
1.209429e-01
7.605561e-01
6.333783e-01
0
0
0
0
0
0
0
0
0
0
0
0
0
0
3.352608e-01
4.711555e-01
1.649209e-01
3.042411e-01
3.903053e-01
2.947898e-01
4.980998e-01
6.019904e-01
0
0
1.592021e-01
2.779901e-01
3.114754e-01
2.897200e-01
3.093424e-01
4.956756e-01
8.605450e-01
1
7.335947e-01
8.030991e-01
2.593689e-01
2.904272e-01
3.670109e-01
2.489002e-01
2.759890e-01
0
1.519496e-01
2.967274e-01
0
0
0
2.034038e-01
0
0
0
0
0
0
0
0
0
0
1.714480e-01
2.112370e-01
0
9.353566e-02
2.580024e-02
0
0
0
3.509533e-01
0
0
0
0
0
0
1.837102e-01
0
0
1.042703e-01
0
0
0
0
0
0
0
0
0
6.772028e-02
1.316950e-01
2.382557e-02
0
0
3.948142e-02
3.655932e-01
4.828042e-01
0
0
0
3.172477e-02
0
0
0
0
0
0
5.261559e-01
5.974303e-01
0
9.226874e-02
2.263554e-01
4.076203e-01
0
0
2.399805e-01
0
0
1.165586e-01
5.667296e-01
2.422753e-01
0
1.335804e-01
8.005701e-03
9.408173e-02
0
5.558538e-02
7.397689e-02
0
1.878003e-01
0
9.030263e-02
0
8.685512e-02
2.824658e-01
3.497518e-01
4.475839e-01
4.755646e-01
2.986304e-01
4.847432e-01
1.456897e-02
5.083172e-01
4.280745e-01
0
0
2.420952e-01
4.268107e-01
1.338653e-01
7.354675e-02
4.644172e-01
4.745529e-01
8.554577e-01
7.335947e-01
1.000000e+00
7.480112e-01
4.408729e-01
5.681562e-01
2.229796e-01
1.875320e-01
1.133472e-01
0
0
1.929639e-01
0
0
1.354775e-01
9.238694e-02
0
2.344104e-01
0
0
0
0
0
0
0
0
2.581427e-01
4.281828e-01
0
7.366935e-02
8.278998e-02
2.628566e-01
0
0
2.513740e-01
0
0
0
0
0
7.982358e-02
5.060903e-01
0
0
0
0
0
2.269489e-01
0
0
0
3.089056e-01
0
0
0
1.512740e-01
1.216467e-01
0
0
1.852318e-01
2.326267e-01
2.982613e-01
0
1.537838e-01
1.776232e-02
2.558730e-01
0
0
0
0
0
0
3.551017e-01
4.943484e-01
0
8.667950e-02
4.299813e-01
5.785615e-01
0
1.914812e-01
1.519664e-01
0
0
0
4.274686e-01
3.051606e-01
0
0
0
0
0
0
0
0
1.153168e-01
0
2.634406e-01
2.296197e-01
0
9.289466e-02
2.010953e-01
3.254646e-01
2.535662e-01
2.930349e-01
5.593623e-01
2.101109e-01
2.983091e-01
3.699273e-01
0
0
2.677916e-01
2.859785e-01
3.291647e-01
3.441464e-01
3.265673e-01
6.937449e-01
7.952882e-01
8.030991e-01
7.480112e-01
1
2.208651e-01
2.040591e-01
1.649593e-01
1.442144e-01
4.736146e-02
0
0
0
0
0
0
2.461917e-02
0
2.155465e-01
2.087246e-01
0
0
0
0
0
0
0
1.309074e-01
2.993858e-01
0
0
0
7.069474e-02
0
0
2.127898e-01
0
0
0
0
0
0
3.111759e-01
0
0
0
0
0
0
0
0
0
0
0
0
0
0
0
0
0
0
3.226755e-01
4.018627e-01
0
0
0
0
0
0
0
0
0
0
3.786062e-01
3.905151e-01
0
8.177062e-03
5.294601e-02
1.884070e-01
0
2.802345e-01
5.708310e-01
2.358090e-01
2.617424e-01
2.691209e-01
5.198830e-01
2.063834e-01
4.543908e-01
4.795050e-01
6.422312e-01
6.548713e-01
3.183631e-01
4.223635e-01
2.696995e-01
2.855410e-01
0
0
0
0
2.553638e-01
3.312374e-01
1.231586e-01
0
6.782476e-02
1.142100e-01
8.807392e-02
0
1.358630e-01
0
0
0
4.762935e-01
5.120387e-01
4.287646e-02
0
3.392476e-01
4.126609e-02
3.209358e-01
2.593689e-01
4.408729e-01
2.208651e-01
1
7.839191e-01
4.300143e-01
2.074551e-01
2.143117e-01
0
2.233005e-01
1.976800e-02
7.698031e-02
0
3.289289e-01
2.199270e-02
0
0
0
0
0
0
4.247474e-02
0
1.432813e-01
0
4.538494e-01
4.875052e-01
0
0
0
3.034066e-02
0
0
4.006142e-01
0
2.617155e-02
0
0
4.077125e-01
1.091224e-01
4.221583e-01
0
0
0
0
0
0
0
0
0
0
0
0
0
0
0
0
0
0
3.968027e-01
4.808025e-01
0
0
0
0
0
0
0
0
0
0
4.223187e-01
4.057532e-01
0
2.969975e-02
4.437142e-03
1.169662e-01
0
0
5.117229e-01
3.609589e-01
3.011844e-01
2.914508e-01
3.867203e-01
8.258403e-02
5.881862e-01
6.717812e-01
6.322704e-01
6.717786e-01
5.333497e-01
6.196277e-01
4.846596e-01
4.237635e-01
1.963705e-01
4.940248e-02
0
0
4.864194e-01
5.050498e-01
2.217523e-01
1.159298e-01
1.986357e-01
2.351864e-01
1.091253e-01
0
3.383301e-01
0
0
0
3.453875e-01
4.100460e-01
0
0
1.873760e-01
0
2.803889e-01
2.904272e-01
5.681562e-01
2.040591e-01
7.839191e-01
1.000000e+00
2.974820e-01
6.509529e-02
1.618032e-01
0
3.106059e-01
7.672171e-02
0
0
3.226720e-01
7.011807e-02
0
0
0
0
0
0
6.683038e-02
0
3.662273e-01
0
5.530091e-01
4.812239e-01
0
0
0
2.008790e-01
0
0
3.761790e-02
0
7.915710e-02
0
0
5.307292e-01
2.844609e-01
6.194085e-01
0
0
0
2.420852e-01
0
0
0
0
0
0
0
0
8.952608e-02
8.823839e-02
0
0
0
0
8.173052e-01
7.933962e-01
0
0
0
0
0
0
0
0
0
0
7.596080e-01
6.589574e-01
0
0
4.291928e-01
2.563420e-01
0
0
3.025747e-01
3.957081e-01
1.833295e-01
4.647762e-01
4.945379e-01
4.085338e-01
3.362840e-01
4.111449e-01
2.679449e-01
2.510580e-01
4.300602e-01
2.156846e-01
2.973144e-01
1.419801e-01
0
0
0
0
2.523736e-01
2.944324e-01
7.531093e-01
4.992794e-01
0
0
0
0
4.438399e-01
1.703928e-01
0
0
0
0
4.457209e-01
8.122620e-02
2.971051e-01
2.791286e-01
3.559077e-01
3.670109e-01
2.229796e-01
1.649593e-01
4.300143e-01
2.974820e-01
1
8.122668e-01
8.426504e-01
4.496641e-01
5.389365e-01
2.397696e-01
0
0
2.003821e-01
0
0
0
0
0
0
0
0
0
0
0
6.215046e-01
3.310784e-01
0
0
0
0
0
0
2.264368e-01
0
0
0
0
4.170781e-01
0
0
0
0
0
1.611220e-01
0
0
0
1.535141e-01
0
0
0
0
2.774335e-01
2.543944e-01
0
0
1.258411e-01
1.618692e-01
6.132694e-01
6.983393e-01
7.983559e-02
0
0
0
8.693087e-02
0
0
0
0
0
5.412395e-01
6.368858e-01
5.159082e-02
2.729651e-01
2.056117e-01
1.421926e-01
0
0
2.853934e-03
0
5.855047e-02
1.060740e-01
3.310460e-01
6.779038e-02
1.133831e-01
2.397350e-01
1.053839e-01
9.854932e-02
2.603538e-01
8.780774e-03
1.141706e-01
0
0
0
0
0
1.655017e-01
1.680371e-01
5.403479e-01
4.262594e-01
0
0
0
0
4.533357e-01
2.130824e-01
0
0
0
0
3.832031e-01
0
2.229313e-01
4.536007e-01
2.608916e-01
2.489002e-01
1.875320e-01
1.442144e-01
2.074551e-01
6.509529e-02
8.122668e-01
1
8.203306e-01
5.630359e-01
4.767046e-01
1.754290e-01
2.634174e-01
0
3.708811e-01
0
0
1.075411e-01
0
0
0
0
0
0
0
0
3.759623e-01
9.018850e-02
0
0
0
0
0
0
2.942477e-01
0
1.136541e-01
0
0
1.780020e-01
0
0
0
0
0
3.007025e-01
0
0
0
1.385786e-01
0
0
0
0
2.898246e-01
2.909307e-01
0
2.403584e-02
1.022329e-01
1.715804e-01
7.668594e-01
6.886033e-01
9.668048e-02
9.205551e-02
0
0
1.338500e-02
0
0
0
0
0
7.697350e-01
7.819438e-01
0
3.355119e-02
2.903690e-01
2.125627e-01
0
0
6.306647e-02
2.018425e-01
0
1.240804e-01
4.269140e-01
2.511426e-01
2.142247e-01
3.705108e-01
1.266925e-01
1.636951e-01
4.079316e-01
8.785357e-02
2.453075e-01
0
0
0
0
0
2.550382e-01
2.017406e-01
6.257621e-01
5.165486e-01
0
0
0
0
6.370547e-01
3.036995e-01
0
0
0
0
5.545699e-01
1.241673e-01
2.737365e-01
3.513488e-01
3.237732e-01
2.759890e-01
1.133472e-01
4.736146e-02
2.143117e-01
1.618032e-01
8.426504e-01
8.203306e-01
1
6.787643e-01
5.480637e-01
4.074972e-01
9.741518e-02
0
6.961550e-02
0
0
4.500337e-02
0
0
0
0
0
0
0
0
5.445826e-01
2.118002e-01
0
0
0
0
0
0
9.125543e-02
0
1.498014e-01
0
6.263308e-03
3.326272e-01
0
5.544090e-02
0
0
0
4.140714e-01
7.482258e-02
2.659734e-02
3.301952e-01
5.102905e-01
0
2.713904e-02
2.774960e-01
2.266080e-01
8.908505e-02
1.709647e-01
0
5.787040e-02
2.944971e-01
1.817361e-01
2.299169e-01
4.504214e-01
2.845472e-01
1.937304e-01
0
0
3.113914e-01
2.415643e-01
8.830448e-02
8.866605e-02
1.964488e-01
3.319781e-01
2.427923e-01
3.474485e-01
5.231077e-02
3.291949e-03
1.808643e-01
0
1.024685e-01
0
0
8.342316e-02
0
0
0
3.693706e-02
0
0
2.294051e-02
0
1.626503e-01
0
0
0
0
0
0
0
5.614142e-02
0
2.631163e-01
2.735844e-01
0
0
0
0
1.473623e-01
0
9.156927e-02
0
0
0
2.770911e-01
0
2.287339e-01
9.315289e-02
0
0
0
0
0
0
4.496641e-01
5.630359e-01
6.787643e-01
1
2.419753e-01
4.271612e-01
3.004742e-01
3.866256e-02
2.049662e-01
2.839226e-01
0
1.127449e-01
0
0
1.578687e-02
0
2.901376e-02
3.955302e-01
1.672766e-02
0
1.955694e-01
0
0
0
0
0
0
3.493909e-03
0
0
1.205167e-01
1.579760e-01
3.744510e-01
2.667626e-02
0
0
0
1.735850e-01
0
7.298820e-02
0
0
0
0
0
0
0
0
4.894462e-01
0
0
0
6.459695e-02
0
5.521296e-01
4.739890e-01
0
0
0
0
1.134185e-01
0
0
0
0
0
4.296545e-01
4.542132e-01
3.005073e-01
2.359482e-01
0
0
0
0
3.784509e-01
3.988415e-01
1.924524e-01
3.930984e-01
3.965658e-01
3.042368e-01
3.251332e-01
4.645024e-01
1.940095e-01
2.694292e-01
4.404753e-01
2.697332e-01
2.492919e-01
3.700474e-01
0
9.169849e-03
0
0
2.713355e-01
2.269885e-01
2.970381e-01
2.145453e-01
0
0
0
0
2.924289e-01
1.701285e-01
0
0
0
0
0
0
0
0
1.149673e-02
1.519496e-01
0
0
2.233005e-01
3.106059e-01
5.389365e-01
4.767046e-01
5.480637e-01
2.419753e-01
1
3.117367e-01
0
0
8.492067e-02
3.298388e-02
0
0
0
0
0
0
1.512138e-02
1.273212e-01
8.965079e-03
0
3.093912e-01
1.445082e-01
0
0
0
0
0
0
2.707063e-01
0
3.925693e-01
0
0
3.337114e-01
0
0
0
0
0
1.139365e-01
0
0
0
0
0
0
0
0
7.710790e-02
0
0
0
0
1.720451e-01
3.454326e-01
4.981672e-01
0
0
2.276549e-02
6.803027e-02
1.163041e-01
7.889483e-02
0
0
0
0
4.470158e-01
4.884730e-01
0
6.599635e-02
1.413972e-01
0
0
0
1.366706e-01
1.749105e-01
0
7.970964e-02
4.149522e-01
5.122739e-01
1.381009e-02
1.636430e-01
0
5.968937e-02
1.618248e-01
0
1.006707e-02
0
9.848081e-03
0
0
0
2.428459e-01
7.479557e-02
2.657720e-01
3.769112e-01
6.153382e-02
0
0
0
4.278342e-01
1.532175e-01
0
0
0
0
1.420959e-01
6.782029e-02
2.444759e-01
0
3.847871e-01
2.967274e-01
1.929639e-01
0
1.976800e-02
7.672171e-02
2.397696e-01
1.754290e-01
4.074972e-01
4.271612e-01
3.117367e-01
1.000000e+00
0
0
0
7.835543e-01
0
0
0
0
0
0
0
0
1.666031e-01
0
2.467213e-01
3.880574e-02
0
1.480208e-01
1.436145e-02
1.304132e-01
8.693449e-02
0
9.091764e-02
5.983613e-02
9.560271e-02
1.751271e-01
3.270469e-01
0
0
1.477955e-01
0
0
0
2.453492e-02
3.677379e-01
4.786926e-01
4.012510e-01
6.392628e-01
1.747081e-01
1.227535e-01
4.628251e-01
3.436384e-01
1.652902e-01
0
1.021792e-01
1.763527e-02
4.366831e-01
6.995330e-02
0
0
6.836615e-02
1.451356e-01
4.648841e-02
6.807085e-02
6.989099e-01
7.067718e-01
2.875404e-01
2.889429e-01
2.369560e-01
1.340998e-01
0
0
4.256493e-01
4.775822e-01
0
0
3.121496e-01
3.520558e-01
0
0
0
0
0
0
0
0
4.819362e-02
0
0
0
0
0
0
0
0
0
0
0
0
0
0
0
0
0
0
0
6.930113e-01
2.707489e-01
2.675700e-01
2.016659e-02
7.521439e-02
0
1.108610e-01
2.771343e-01
0
0
0
0
7.698031e-02
0
0
2.634174e-01
9.741518e-02
3.004742e-01
0
0
1
4.655095e-01
4.512086e-01
0
3.310761e-01
0
0
0
3.449426e-01
3.807029e-02
0
2.026724e-01
0
0
0
0
0
5.073142e-01
0
0
0
1.763829e-01
0
0
4.984985e-01
2.607196e-01
9.569693e-02
0
0
0
0
0
8.536720e-02
0
3.459970e-01
6.004524e-01
2.747844e-01
4.820579e-01
3.219577e-01
3.725364e-01
2.365059e-01
4.025735e-01
2.602295e-01
1.404567e-01
3.434598e-01
3.789627e-01
2.555692e-01
1.941712e-01
0
0
1.150800e-01
1.403879e-01
1.553969e-01
0
5.545476e-01
6.305979e-01
3.457989e-01
3.711628e-01
3.368380e-01
1.165394e-01
0
0
3.191466e-01
3.799749e-01
0
0
2.135145e-01
3.103876e-01
0
0
0
0
0
0
0
0
0
0
0
0
0
0
0
0
0
0
0
0
0
0
0
0
0
3.095399e-01
0
0
3.143323e-01
5.490480e-01
3.031838e-01
2.538517e-01
0
0
0
0
0
0
0
0
0
0
0
0
0
3.866256e-02
0
0
4.655095e-01
1
0
0
2.949502e-01
1.753221e-01
2.279517e-01
2.867171e-01
6.056443e-01
4.513244e-01
1.031147e-01
1.580010e-01
0
1.467909e-01
0
0
0
3.388775e-01
0
0
6.110560e-02
2.530366e-01
0
6.805966e-02
8.887906e-02
2.438876e-01
2.823748e-01
0
0
0
0
0
0
1.734163e-01
0
0
1.212268e-01
4.508803e-02
0
0
0
0
0
0
0
0
2.868970e-02
0
9.243438e-02
3.529082e-01
0
0
0
0
4.278253e-02
0
1.527240e-01
2.093585e-02
0
0
0
2.758089e-02
1.442198e-02
4.598996e-02
0
2.560217e-02
1.194782e-01
8.696152e-02
0
0
5.342558e-01
0
0
0
2.027947e-01
1.735299e-01
4.159123e-01
2.767833e-01
1.110873e-01
1.100596e-01
6.393811e-02
1.210398e-01
2.543545e-02
0
2.088837e-02
0
1.327648e-01
0
9.448468e-02
1.327686e-01
0
0
1.850718e-01
0
0
0
3.462471e-01
1.609655e-01
1.859728e-01
1.339935e-01
0
0
5.825176e-02
0
0
0
1.354775e-01
0
3.289289e-01
3.226720e-01
2.003821e-01
3.708811e-01
6.961550e-02
2.049662e-01
8.492067e-02
0
4.512086e-01
0
1
2.703767e-02
4.638497e-01
0
0
0
0
0
0
7.493953e-02
0
0
8.023390e-02
0
0
0
0
0
0
0
0
0
1.764967e-01
0
0
1.856808e-01
0
2.604155e-01
0
0
0
0
0
3.884514e-03
5.592339e-02
0
0
0
4.756578e-02
0
0
0
0
0
0
4.654631e-02
0
3.065189e-01
0
0
8.276545e-02
9.849617e-02
9.244845e-02
1.216555e-01
1.496276e-01
1.173239e-01
3.319366e-03
0
0
1.296985e-01
0
4.317796e-02
0
0
1.610688e-02
6.918611e-02
9.519409e-02
1.102081e-01
3.294101e-02
0
1.876502e-01
4.541892e-01
0
0
6.216040e-02
7.391007e-02
0
0
0
0
0
0
0
0
9.101931e-02
0
0
9.248626e-02
7.907442e-02
0
0
1.362353e-02
0
0
2.131897e-01
4.320993e-02
2.470471e-01
9.807302e-02
0
0
1.618470e-01
0
1.673673e-01
2.034038e-01
9.238694e-02
2.461917e-02
2.199270e-02
7.011807e-02
0
0
0
2.839226e-01
3.298388e-02
7.835543e-01
0
0
2.703767e-02
1
9.352032e-03
0
0
0
0
3.611140e-02
0
5.504116e-02
3.053511e-01
7.050938e-02
7.946705e-03
0
0
1.565205e-01
0
0
1.910323e-01
5.483262e-02
7.760020e-02
2.196670e-01
5.505983e-02
2.431690e-01
3.522900e-01
0
0
1.163990e-01
3.774949e-02
1.639228e-01
3.264156e-01
2.724155e-01
3.813422e-01
1.518762e-01
3.033218e-01
0
2.906022e-01
0
0
0
1.607942e-01
0
9.876832e-02
0
1.439723e-01
0
0
0
2.080089e-01
0
0
0
3.810849e-01
2.825511e-01
6.614880e-01
4.594151e-01
1.364407e-01
0
0
0
3.972026e-01
2.169814e-01
0
0
0
0
0
0
4.026725e-01
0
0
0
0
0
0
0
0
0
0
0
3.562002e-01
2.456682e-01
4.514765e-01
0
2.280826e-01
0
0
5.362405e-02
1.336237e-01
0
6.788409e-02
0
0
0
2.266693e-01
6.133727e-01
2.844064e-02
0
0
0
0
0
0
0
0
0
0
0
0
0
0
0
0
0
3.310761e-01
2.949502e-01
4.638497e-01
9.352032e-03
1
3.650248e-01
0
1.062240e-01
0
0
0
0
0
0
0
0
0
3.216022e-02
0
2.678185e-02
2.153809e-01
1.066163e-01
0
0
3.654244e-01
4.496248e-01
1.413176e-01
0
0
1.899636e-01
2.069622e-01
0
4.926701e-01
3.569933e-01
0
2.424431e-01
5.696534e-02
0
1.242966e-04
4.741383e-02
0
0
1.639288e-01
3.466652e-01
1.441880e-02
4.142106e-02
0
0
0
7.675782e-02
2.953925e-01
2.639268e-01
8.974906e-02
1.172656e-01
0
0
1.645082e-01
0
1.127071e-01
0
0
4.577438e-02
0
4.541507e-02
1.196563e-01
1.015739e-01
0
0
0
4.247998e-02
1.153973e-02
9.893668e-02
0
0
0
0
0
0
6.975646e-02
0
1.480471e-01
0
4.823162e-01
3.965760e-01
5.602995e-01
2.159192e-01
3.564809e-01
4.495758e-01
2.881265e-01
4.182175e-01
1.940473e-01
3.557641e-03
0
0
1.336638e-01
4.225001e-02
0
2.185104e-01
0
0
1.430266e-01
2.282827e-01
1.348460e-01
2.670683e-01
1.084854e-01
0
2.344104e-01
2.155465e-01
0
0
0
1.075411e-01
4.500337e-02
1.127449e-01
0
0
0
1.753221e-01
0
0
3.650248e-01
1
0
0
0
0
3.999253e-03
0
2.671240e-01
0
1.308473e-01
0
0
0
0
0
0
0
0
0
6.594317e-02
1.764250e-01
1.480267e-02
2.198543e-02
0
4.019114e-02
1.342398e-01
0
0
0
0
3.028761e-01
7.621826e-02
2.541380e-01
3.378741e-01
5.721094e-01
4.522020e-01
5.248796e-01
0
4.408076e-02
4.414260e-01
3.045535e-01
1.304141e-01
4.666838e-01
0
0
0
7.009734e-02
2.206702e-01
2.976794e-01
0
0
0
1.523419e-02
1.112317e-01
1.089050e-01
0
0
0
0
0
8.947897e-03
2.969526e-01
3.946865e-01
0
0
0
0
0
3.912699e-02
0
0
0
0
0
0
0
0
0
8.721818e-02
5.904190e-02
4.796144e-01
0
0
0
0
1.419016e-01
3.127806e-01
4.299668e-01
4.290543e-01
0
0
1.325530e-01
9.197928e-02
2.060367e-01
1.729195e-01
0
3.833760e-01
0
1.294441e-01
0
0
0
2.087246e-01
0
0
0
0
0
0
0
0
0
2.279517e-01
0
0
0
0
1
4.660330e-01
5.118644e-01
3.423155e-01
0
2.495792e-02
0
3.861658e-02
0
0
5.950903e-01
2.012579e-02
2.846065e-01
1.425984e-01
9.721245e-02
0
2.637149e-01
5.098060e-01
0
0
0
0
5.438629e-02
0
9.087816e-02
3.130467e-01
9.756927e-02
0
4.254810e-01
1.444190e-01
1.946094e-01
0
6.491131e-01
3.256273e-02
2.653873e-01
1.275517e-01
4.089889e-02
0
5.769038e-01
1.251802e-01
1.772180e-01
0
0
0
0
0
2.357695e-01
1.612918e-01
1.406230e-01
2.657222e-01
2.258828e-01
3.940841e-01
2.165041e-01
1.933271e-01
0
0
1.097633e-01
6.331199e-02
0
0
2.978479e-01
4.188745e-01
8.351438e-02
0
0
0
0
0
0
0
0
0
0
0
0
0
0
1.414663e-02
0
3.691789e-01
0
0
0
0
3.128708e-01
2.417398e-01
2.790947e-01
1.947818e-01
0
0
2.667786e-01
2.725082e-01
3.596075e-01
4.477459e-01
0
0
0
0
0
0
0
0
0
0
0
0
0
0
0
0
0
2.867171e-01
0
0
1.062240e-01
0
4.660330e-01
1
4.667520e-01
6.799859e-01
0
1.111595e-02
0
1.214139e-01
0
6.091219e-02
4.972862e-01
2.756863e-01
1.878483e-01
2.629893e-01
3.766652e-01
2.731097e-01
2.294065e-01
6.019371e-01
0
0
0
0
2.715944e-01
0
6.419617e-02
3.047108e-02
0
0
1.598653e-01
2.909981e-01
2.569096e-01
6.542378e-01
2.361423e-01
4.318549e-01
6.440854e-01
5.374581e-01
1.394451e-01
2.277195e-01
4.695473e-01
6.318177e-01
6.483519e-01
6.582717e-01
0
0
1.798816e-02
1.153765e-01
2.152379e-01
8.297595e-02
4.651055e-01
5.642588e-01
4.235823e-02
2.714647e-01
3.209232e-01
3.608562e-01
0
0
3.966889e-02
1.751924e-01
0
0
2.304143e-01
3.956136e-01
0
0
0
0
0
0
0
0
0
0
0
0
0
0
0
0
0
0
0
0
0
0
0
0
1.566897e-01
3.541020e-01
0
2.729175e-02
2.854778e-01
1.832697e-01
1.711358e-01
1.829911e-01
0
4.717202e-02
0
0
0
0
0
0
0
0
0
0
0
1.578687e-02
0
0
3.449426e-01
6.056443e-01
0
0
0
0
5.118644e-01
4.667520e-01
1
7.120062e-01
0
2.629483e-01
0
1.355517e-01
0
0
3.162937e-01
3.614231e-01
2.712830e-01
9.906052e-02
1.375538e-01
1.625540e-01
1.202103e-01
4.063616e-01
0
0
1.716800e-01
0
2.830142e-02
0
0
0
0
0
3.685635e-01
8.841309e-02
2.327289e-01
2.104574e-01
3.186241e-01
7.593091e-02
4.709708e-01
2.559216e-01
6.158921e-02
0
2.736375e-01
3.217708e-01
2.999463e-01
1.947327e-01
0
0
0
0
3.221934e-01
1.707921e-01
3.418804e-01
4.821300e-01
1.490338e-01
4.446719e-01
2.753890e-01
3.537230e-01
0
0
2.351152e-01
9.042963e-02
0
0
2.441498e-01
3.493881e-01
7.549613e-03
0
0
0
0
0
0
0
0
2.621715e-02
0
0
0
0
0
0
0
0
0
0
0
0
0
0
0
1.206850e-01
0
0
1.908010e-01
1.103234e-01
2.526534e-01
2.249696e-01
0
5.351594e-02
0
0
0
0
0
0
0
0
0
0
0
0
0
0
3.807029e-02
4.513244e-01
0
3.611140e-02
0
0
3.423155e-01
6.799859e-01
7.120062e-01
1
2.032957e-01
3.011875e-01
0
4.643831e-01
0
0
3.329011e-01
3.822414e-01
3.105121e-01
1.892329e-01
3.732979e-01
5.425495e-01
1.392248e-01
6.779812e-01
0
8.226365e-02
3.271485e-01
0
2.616822e-01
0
1.361585e-01
2.326830e-01
9.293883e-02
2.570161e-01
6.286328e-03
3.559642e-02
1.187997e-01
7.607028e-02
0
2.248466e-02
2.352881e-01
1.297813e-01
0
0
0
0
0
0
0
0
0
2.924894e-01
4.148256e-02
6.130667e-02
0
7.403860e-02
0
1.368965e-02
2.992730e-02
2.118585e-01
0
0
0
0
0
0
1.624896e-01
0
2.647807e-01
4.429486e-01
6.338555e-02
2.832862e-01
0
0
1.482585e-01
1.330552e-01
9.235493e-02
7.152903e-02
2.114685e-01
1.449972e-01
1.510176e-01
2.061879e-01
1.172075e-01
4.018576e-01
1.340843e-03
1.675858e-01
2.058688e-01
1.505326e-01
0
0
0
0
0
0
0
0
0
0
0
0
0
7.372831e-02
0
0
0
0
0
0
4.247474e-02
6.683038e-02
0
0
0
2.901376e-02
1.512138e-02
0
0
1.031147e-01
0
0
0
3.999253e-03
0
0
0
2.032957e-01
1.000000e+00
3.960712e-01
6.125017e-01
5.464119e-01
8.595159e-02
0
0
0
0
0
3.124335e-01
7.693635e-01
0
1.377138e-01
2.445170e-01
4.482363e-01
3.310458e-01
4.801527e-01
2.032070e-01
0
5.706382e-01
5.483652e-01
0
2.741756e-01
5.053120e-01
3.144027e-01
4.544168e-01
5.436757e-01
2.905277e-01
2.864145e-01
6.627996e-01
6.269877e-01
4.844302e-02
0
6.583162e-03
1.822370e-01
4.719424e-01
0
0
0
3.130565e-01
1.573290e-01
0
0
3.696298e-01
4.034487e-01
4.019636e-01
4.192984e-01
2.249945e-01
5.356391e-01
0
0
3.484460e-01
0
7.505558e-03
0
5.725543e-01
2.566880e-01
0
4.923465e-02
3.292199e-02
0
0
2.139895e-02
0
0
0
0
0
0
0
0
0
0
0
3.656063e-02
0
0
0
0
0
0
0
3.047854e-01
0
0
3.914620e-01
2.785209e-01
0
0
0
0
0
0
0
0
0
0
0
0
0
0
0
3.955302e-01
1.273212e-01
0
2.026724e-01
1.580010e-01
7.493953e-02
5.504116e-02
0
0
2.495792e-02
1.111595e-02
2.629483e-01
3.011875e-01
3.960712e-01
1
0
5.650808e-01
0
0
0
0
0
0
2.546367e-01
5.403398e-01
0
1.970123e-01
1.300898e-01
3.409126e-01
5.652246e-01
0
0
0
3.435909e-01
6.450555e-01
0
6.830666e-02
0
0
0
0
0
0
0
0
0
0
0
0
0
0
0
4.377672e-02
0
0
0
0
0
0
0
0
0
0
0
0
0
0
1.633644e-01
0
0
0
4.329377e-01
6.251909e-01
3.551289e-01
4.299951e-01
0
4.549008e-02
5.087627e-01
4.946774e-01
3.477138e-01
4.007897e-01
6.102832e-01
5.959365e-01
5.380740e-01
4.847357e-01
4.965351e-01
5.250988e-01
1.525455e-01
4.733763e-02
6.973692e-01
6.212704e-01
0
0
1.370865e-01
1.468075e-01
0
0
0
0
0
0
6.696507e-02
0
0
0
0
0
0
0
0
0
1.432813e-01
3.662273e-01
0
0
0
1.672766e-02
8.965079e-03
1.666031e-01
0
0
0
3.053511e-01
0
2.671240e-01
0
0
0
0
6.125017e-01
0
1
2.784215e-01
5.466846e-01
1.895872e-01
0
0
0
0
1.813783e-01
3.650388e-01
0
0
0
2.740993e-01
1.428657e-01
4.957654e-01
2.416629e-01
2.428501e-01
3.349330e-01
3.605693e-01
2.453807e-01
3.281765e-01
2.402347e-01
5.332410e-02
4.107046e-01
1.209623e-01
2.963051e-01
1.028604e-01
2.422501e-01
3.014678e-01
0
7.044269e-02
0
1.960528e-01
2.916741e-02
0
0
0
3.501015e-01
4.235116e-01
3.799138e-01
2.748729e-01
6.582776e-03
1.006599e-01
3.299309e-01
5.344213e-01
4.460513e-01
5.373603e-01
0
0
1.614142e-01
0
5.097781e-02
0
1.573997e-01
8.717115e-04
0
1.684281e-01
0
1.074450e-01
0
0
0
0
0
0
0
0
0
0
0
1.288944e-01
0
5.482105e-02
0
0
0
0
0
0
0
1.554547e-01
0
0
0
2.468753e-01
0
0
8.336149e-02
1.567989e-01
0
0
0
0
0
0
0
0
0
0
0
0
0
0
0
1.467909e-01
0
7.050938e-02
0
0
3.861658e-02
1.214139e-01
1.355517e-01
4.643831e-01
5.464119e-01
5.650808e-01
2.784215e-01
1
0
0
3.175711e-01
0
2.104344e-01
0
4.294079e-01
6.484379e-01
0
3.591370e-01
0
3.561205e-01
7.494777e-01
1.012897e-01
3.335075e-01
0
5.954780e-01
7.066567e-01
0
3.558530e-03
0
0
0
0
0
0
0
0
0
0
0
0
0
0
5.906845e-01
5.784328e-01
0
0
0
0
0
0
0
0
0
0
7.032399e-01
5.316705e-01
0
0
4.426512e-01
4.123433e-01
0
0
3.795750e-01
5.393762e-01
2.691370e-01
4.380679e-01
3.549026e-01
1.988382e-01
7.326032e-01
7.713967e-01
5.491188e-01
6.327242e-01
8.298274e-01
7.397956e-01
7.806738e-01
5.198873e-01
3.985499e-01
1.057414e-01
0
0
7.395466e-01
7.626029e-01
4.677729e-01
4.076326e-01
5.806271e-02
8.460092e-02
0
0
5.948788e-01
7.285586e-02
0
0
0
0
1.854577e-01
0
4.839468e-03
0
2.499140e-01
1.714480e-01
2.581427e-01
1.309074e-01
4.538494e-01
5.530091e-01
6.215046e-01
3.759623e-01
5.445826e-01
1.955694e-01
3.093912e-01
2.467213e-01
0
0
8.023390e-02
7.946705e-03
0
1.308473e-01
0
0
0
0
8.595159e-02
0
5.466846e-01
0
1
6.817275e-01
0
0
2.046074e-01
1.643751e-01
0
0
5.842297e-03
0
0
0
0
6.342992e-01
2.781505e-01
4.941809e-01
0
0
0
0
0
0
0
0
0
0
0
0
0
0
0
0
0
0
5.499203e-01
2.335226e-01
0
0
0
0
0
0
0
0
0
0
5.839858e-01
3.715962e-01
0
0
1.846294e-01
4.017467e-01
0
0
4.800851e-01
2.504471e-01
1.685744e-01
3.599701e-01
4.489983e-01
2.411396e-01
5.754217e-01
6.500038e-01
4.036426e-01
5.567149e-01
5.434658e-01
5.857428e-01
6.641780e-01
5.043720e-01
5.121356e-01
1.553301e-01
1.028133e-01
6.084404e-02
5.204860e-01
6.715983e-01
2.272203e-01
1.464844e-01
3.891322e-01
2.796282e-01
3.488846e-01
0
5.143924e-01
1.188058e-01
0
0
9.663960e-02
2.367766e-01
1.257071e-01
5.112771e-02
3.571111e-03
1.055581e-01
3.990345e-01
2.112370e-01
4.281828e-01
2.993858e-01
4.875052e-01
4.812239e-01
3.310784e-01
9.018850e-02
2.118002e-01
0
1.445082e-01
3.880574e-02
0
0
0
0
0
0
0
6.091219e-02
0
0
0
0
1.895872e-01
0
6.817275e-01
1.000000e+00
2.029612e-01
0
4.227768e-01
6.441920e-01
0
0
2.572986e-01
0
0
0
0
4.427924e-01
5.390664e-01
6.000594e-01
0
0
1.647303e-01
0
4.072170e-03
0
1.993827e-01
0
4.176291e-01
1.907738e-01
7.951906e-02
1.682722e-01
0
1.558140e-01
2.974970e-01
2.625216e-01
1.195753e-01
1.619098e-01
0
0
1.843879e-01
1.359111e-01
3.751127e-01
2.808517e-01
0
0
1.312783e-02
2.505513e-01
3.352783e-01
3.743115e-01
0
0
0
0
0
1.418281e-01
0
5.547091e-02
0
0
0
0
0
0
0
0
0
0
0
4.705066e-02
7.537146e-02
9.913543e-02
4.342691e-02
1.369649e-01
1.164756e-01
4.087675e-01
0
0
0
0
3.585188e-01
3.067884e-01
3.408679e-01
2.122561e-01
0
5.815004e-02
0
1.087600e-01
0
4.920246e-02
1.038199e-01
2.773291e-01
0
0
0
0
0
0
0
0
0
0
0
0
0
0
0
0
0
0
0
0
5.950903e-01
4.972862e-01
3.162937e-01
3.329011e-01
0
0
0
3.175711e-01
0
2.029612e-01
1
0
7.319296e-01
2.924479e-01
2.908803e-01
0
6.725220e-02
2.782310e-01
0
0
0
0
4.891344e-01
0
6.573377e-02
2.170642e-01
0
0
3.516086e-01
3.534318e-01
1.463645e-01
2.306576e-01
1.998665e-01
1.491178e-01
2.414247e-01
1.615794e-01
3.233334e-01
1.547117e-01
4.338295e-01
3.092414e-01
2.623116e-01
2.316739e-01
0
0
0
6.936630e-02
4.070018e-01
4.072916e-01
6.264891e-01
6.150457e-01
2.199913e-01
2.766794e-01
2.402846e-01
5.272052e-02
0
0
5.445822e-01
5.529608e-01
0
0
0
8.062483e-02
7.336135e-02
0
0
0
6.044465e-02
0
0
0
0
0
0
0
0
0
0
0
0
0
0
0
0
0
0
0
0
1.388226e-01
0
0
3.733982e-01
1.957689e-01
1.394982e-01
2.337989e-02
1.994950e-01
2.148256e-01
2.364385e-01
2.618450e-01
8.583752e-02
9.353566e-02
7.366935e-02
0
0
0
0
0
0
0
0
1.480208e-01
5.073142e-01
3.388775e-01
0
1.565205e-01
3.216022e-02
0
2.012579e-02
2.756863e-01
3.614231e-01
3.822414e-01
0
0
0
0
0
0
0
1
0
1.882801e-01
0
1.606894e-01
9.384617e-02
3.192706e-01
3.039515e-01
0
1.345327e-01
0
0
0
0
0
6.369028e-02
0
0
0
0
0
0
1.073765e-02
0
0
0
1.595703e-01
2.490437e-02
2.798354e-01
0
3.420940e-01
6.579757e-02
0
2.391380e-02
0
2.986601e-01
9.990573e-02
0
0
0
0
1.132879e-01
1.401322e-01
2.121548e-01
0
0
0
0
1.628754e-01
0
0
0
0
0
0
6.921508e-02
7.202168e-02
2.640221e-01
1.648804e-01
7.466562e-02
2.553137e-01
1.339888e-01
3.398380e-01
3.473564e-01
2.722647e-01
3.121960e-02
0
0
0
0
9.089566e-02
0
0
4.478910e-01
3.676980e-01
2.876553e-01
9.463566e-02
3.311764e-01
3.312578e-01
0
0
0
1.446061e-01
1.749282e-01
1.722473e-01
0
0
1.885549e-01
2.580024e-02
8.278998e-02
0
0
0
0
0
0
0
0
1.436145e-02
0
0
0
0
0
0
2.846065e-01
1.878483e-01
2.712830e-01
3.105121e-01
0
0
0
2.104344e-01
2.046074e-01
4.227768e-01
7.319296e-01
0
1
5.652364e-01
2.910471e-01
0
6.021834e-02
2.145210e-01
0
0
0
1.061150e-02
5.809645e-01
2.744588e-01
0
0
0
0
0
0
0
0
0
0
0
0
0
0
3.502980e-02
0
0
1.274914e-01
3.060470e-01
0
0
0
2.864236e-01
8.264951e-02
0
0
0
0
0
0
2.110022e-01
1.969524e-02
0
7.430111e-02
0
3.479718e-02
0
0
5.876672e-02
0
0
0
2.893606e-02
0
3.849073e-01
4.425957e-01
1.746886e-01
3.793592e-01
2.849809e-01
3.996126e-01
4.736369e-01
3.711105e-01
4.612464e-01
1.478977e-01
2.108498e-01
0
3.010690e-01
3.107813e-01
0
0
5.673510e-01
2.354721e-01
2.732767e-01
0
3.915987e-01
1.015857e-01
0
0
9.669354e-02
1.514872e-01
5.360659e-02
8.036680e-02
0
3.909010e-03
1.855639e-01
0
2.628566e-01
7.069474e-02
3.034066e-02
2.008790e-01
0
0
0
0
0
1.304132e-01
0
0
0
0
2.678185e-02
0
1.425984e-01
2.629893e-01
9.906052e-02
1.892329e-01
0
0
0
0
1.643751e-01
6.441920e-01
2.924479e-01
1.882801e-01
5.652364e-01
1
2.050818e-01
0
0
1.987064e-01
0
0
0
1.599532e-01
6.405931e-01
5.464961e-01
0
0
1.051939e-01
2.095755e-01
2.650216e-01
0
4.234525e-01
0
2.920493e-01
0
2.491824e-01
0
0
0
0
0
2.102265e-01
0
0
0
1.675283e-01
1.578726e-01
3.601849e-01
1.978774e-01
0
2.012511e-01
3.577651e-01
4.634462e-01
4.164857e-01
5.272077e-01
0
0
0
0
0
0
6.172241e-02
0
0
0
0
0
0
0
0
0
0
0
0
0
0
5.627192e-02
2.010230e-01
1.350673e-01
1.555347e-01
2.218168e-01
0
0
0
0
1.895021e-01
0
0
0
0
0
7.916498e-02
2.620323e-01
4.511240e-02
0
0
0
0
0
0
0
0
0
0
0
0
0
0
0
0
8.693449e-02
0
6.110560e-02
0
1.910323e-01
2.153809e-01
0
9.721245e-02
3.766652e-01
1.375538e-01
3.732979e-01
3.124335e-01
2.546367e-01
1.813783e-01
4.294079e-01
0
0
2.908803e-01
0
2.910471e-01
2.050818e-01
1
4.793592e-01
0
3.705800e-01
3.122157e-02
4.650406e-01
2.912889e-01
0
2.449521e-01
4.590815e-02
4.291752e-01
3.132340e-01
4.405408e-02
2.314545e-01
4.250388e-01
9.539008e-02
4.083862e-01
1.357810e-01
2.229542e-01
0
4.077159e-01
1.194472e-01
5.922709e-02
0
0
0
1.382202e-01
0
0
0
0
1.408419e-01
2.195547e-01
1.098463e-01
3.208853e-01
4.545254e-01
3.559284e-01
4.768697e-01
2.585076e-01
4.022594e-01
0
0
4.031154e-01
0
0
0
3.319715e-01
9.274671e-02
1.520279e-01
1.969589e-01
6.373248e-02
8.976318e-02
0
0
0
0
1.977374e-02
0
0
0
0
0
0
1.274554e-01
0
0
2.034922e-02
0
0
0
0
0
0
0
0
0
2.870750e-01
1.399548e-01
4.135465e-02
0
0
0
0
0
0
0
0
0
0
0
0
0
0
3.493909e-03
0
0
1.763829e-01
2.530366e-01
0
5.483262e-02
1.066163e-01
0
0
2.731097e-01
1.625540e-01
5.425495e-01
7.693635e-01
5.403398e-01
3.650388e-01
6.484379e-01
0
0
0
1.606894e-01
0
0
4.793592e-01
1
0
3.671389e-01
3.131951e-01
5.408546e-01
5.448625e-01
2.734518e-01
1.588115e-01
0
5.388855e-01
5.333803e-01
0
0
0
4.077488e-02
0
0
0
2.146453e-01
6.603052e-02
7.683105e-02
6.007991e-02
0
8.370122e-02
1.327648e-02
0
2.731212e-01
7.438381e-02
1.377204e-01
0
0
0
0
0
0
0
0
0
0
1.627550e-01
3.015394e-01
0
1.798457e-01
0
0
0
3.317243e-01
4.100846e-01
7.834555e-02
0
2.247366e-01
6.438481e-01
4.669750e-01
0
0
2.595584e-02
1.668619e-01
0
0
0
3.123452e-02
0
0
0
2.080896e-01
0
8.296340e-02
0
0
2.036019e-01
3.012054e-01
3.145433e-01
8.545732e-02
8.992818e-02
7.986156e-02
0
0
1.730921e-01
4.133922e-01
7.288708e-03
1.894197e-01
1.637931e-01
2.142342e-01
3.467325e-01
3.509533e-01
2.513740e-01
2.127898e-01
4.006142e-01
3.761790e-02
2.264368e-01
2.942477e-01
9.125543e-02
0
2.707063e-01
9.091764e-02
0
0
0
7.760020e-02
0
0
2.637149e-01
2.294065e-01
1.202103e-01
1.392248e-01
0
0
0
0
5.842297e-03
2.572986e-01
6.725220e-02
9.384617e-02
6.021834e-02
0
0
0
1
3.296178e-01
0
0
0
0
0
0
0
0
0
0
2.125242e-01
2.547664e-01
0
4.367435e-02
4.031484e-01
2.517300e-01
4.648599e-01
2.867065e-01
0
0
4.230000e-01
2.770379e-01
1.410773e-01
2.847612e-01
0
0
0
0
2.452770e-01
3.063429e-01
1.233548e-01
2.630537e-01
6.244858e-02
1.874093e-01
0
1.143321e-01
0
0
4.872398e-02
1.043235e-02
0
0
2.347606e-01
3.322052e-01
1.589785e-01
0
0
0
1.106223e-01
3.173222e-01
0
0
0
0
0
0
0
0
0
1.492817e-02
0
3.009225e-01
0
0
0
0
2.062355e-01
1.457313e-01
1.181770e-01
2.132818e-01
0
0
1.888515e-01
3.533733e-02
2.108946e-01
1.968856e-01
0
2.495512e-01
0
0
0
0
0
0
0
0
0
0
0
0
0
5.983613e-02
0
6.805966e-02
0
2.196670e-01
0
0
5.098060e-01
6.019371e-01
4.063616e-01
6.779812e-01
1.377138e-01
1.970123e-01
0
3.591370e-01
0
0
2.782310e-01
3.192706e-01
2.145210e-01
1.987064e-01
3.705800e-01
3.671389e-01
3.296178e-01
1
0
1.822117e-01
2.297331e-01
0
1.700231e-01
0
4.727034e-01
4.299571e-01
1.604559e-01
3.814066e-01
3.956596e-01
2.683664e-01
1.666339e-02
9.987675e-02
4.680234e-02
0
6.221026e-02
0
4.483177e-01
0
0
0
2.347276e-01
0
6.429557e-02
0
1.449097e-01
1.160995e-01
0
0
4.994808e-01
5.295061e-01
2.767402e-01
4.958702e-02
0
0
0
5.027429e-02
5.808035e-01
2.986649e-01
0
0
0
0
1.541824e-01
0
9.939321e-02
2.695880e-02
0
0
0
3.041152e-02
0
0
0
0
0
6.386445e-03
1.436238e-01
1.793130e-01
2.889415e-01
0
1.554055e-01
0
3.957724e-02
0
0
0
0
0
0
0
2.094166e-01
7.648061e-02
0
0
0
0
0
1.322088e-01
0
0
0
0
2.617155e-02
7.915710e-02
0
1.136541e-01
1.498014e-01
1.205167e-01
3.925693e-01
9.560271e-02
4.984985e-01
8.887906e-02
1.764967e-01
5.505983e-02
3.654244e-01
6.594317e-02
0
0
0
0
2.445170e-01
1.300898e-01
0
0
0
0
0
3.039515e-01
0
0
3.122157e-02
3.131951e-01
0
0
1
6.409564e-01
2.048494e-01
1.202544e-01
0
0
1.685996e-01
0
2.078966e-01
4.325223e-01
4.136932e-01
3.858701e-01
2.759052e-01
1.862973e-01
2.322550e-01
5.326219e-03
2.220311e-01
9.974994e-02
9.445670e-02
0
0
7.638999e-03
1.559110e-01
0
0
0
2.983024e-01
3.675717e-01
8.883952e-02
1.479064e-01
3.624433e-01
5.070290e-01
4.055884e-01
3.306518e-01
1.575552e-01
1.774709e-01
0
0
3.002392e-01
0
0
0
0
0
0
0
0
0
0
0
0
0
0
0
0
0
0
0
2.457324e-01
2.276668e-01
4.502711e-01
8.120797e-03
1.808897e-01
0
0
0
0
0
0
0
0
0
1.253030e-01
2.345545e-01
0
0
1.443519e-03
0
0
0
0
0
0
0
0
0
0
0
0
1.579760e-01
0
1.751271e-01
2.607196e-01
2.438876e-01
0
2.431690e-01
4.496248e-01
1.764250e-01
0
0
0
8.226365e-02
4.482363e-01
3.409126e-01
2.740993e-01
3.561205e-01
0
0
0
0
0
0
4.650406e-01
5.408546e-01
0
1.822117e-01
6.409564e-01
1.000000e+00
6.116464e-01
0
0
1.877306e-02
6.090495e-01
3.047534e-01
2.237474e-01
4.845021e-01
3.614321e-01
2.603161e-01
3.993180e-01
3.535036e-01
1.092497e-01
1.535537e-01
2.962684e-01
3.285215e-01
1.791701e-01
2.693268e-01
0
3.617975e-01
2.712719e-01
1.193731e-01
0
0
4.985383e-01
4.604931e-01
2.825540e-01
2.235891e-01
4.247327e-01
4.499503e-01
4.357633e-01
5.416991e-01
4.095890e-01
4.933797e-01
0
0
3.914741e-01
0
0
0
0
0
0
0
0
0
0
0
0
0
0
0
0
0
0
0
0
0
0
0
0
0
1.008394e-02
0
0
0
0
4.335063e-03
0
6.259468e-02
0
2.885183e-01
0
0
1.972447e-01
1.371250e-01
0
0
0
0
0
0
0
0
0
0
6.263308e-03
3.744510e-01
0
3.270469e-01
9.569693e-02
2.823748e-01
0
3.522900e-01
1.413176e-01
1.480267e-02
0
0
1.716800e-01
3.271485e-01
3.310458e-01
5.652246e-01
1.428657e-01
7.494777e-01
0
0
0
1.345327e-01
0
0
2.912889e-01
5.448625e-01
0
2.297331e-01
2.048494e-01
6.116464e-01
1
0
0
0
5.692183e-01
5.488002e-01
6.023578e-02
2.301296e-01
0
0
0
0
0
0
0
0
0
0
0
0
0
0
4.227633e-01
1.678914e-01
0
0
0
0
0
0
0
0
0
0
2.398970e-01
2.888472e-02
0
0
0
0
0
0
3.434493e-01
4.485085e-01
3.424959e-01
4.609228e-01
0
0
7.676028e-01
8.105628e-01
5.341377e-01
6.042706e-01
7.827155e-01
7.288843e-01
7.848147e-01
6.757043e-01
4.291850e-01
3.998345e-01
5.772605e-02
0
7.045326e-01
6.185199e-01
3.768845e-01
5.086442e-02
0
0
0
0
1.820300e-01
0
0
0
0
0
1.089518e-01
0
0
0
0
0
0
0
4.077125e-01
5.307292e-01
4.170781e-01
1.780020e-01
3.326272e-01
2.667626e-02
3.337114e-01
0
0
0
1.856808e-01
0
0
2.198543e-02
0
0
0
0
4.801527e-01
0
4.957654e-01
1.012897e-01
6.342992e-01
4.427924e-01
0
0
1.061150e-02
1.599532e-01
0
2.734518e-01
0
0
1.202544e-01
0
0
1.000000e+00
5.207986e-01
3.360912e-01
6.897306e-02
0
3.231729e-01
0
0
0
0
0
0
0
0
0
0
2.564417e-02
4.699568e-02
1.652859e-02
0
0
1.224106e-01
0
0
8.030513e-02
3.591895e-01
1.361911e-01
0
0
0
0
8.633208e-02
0
1.011862e-01
0
0
0
0
1.007315e-01
0
0
1.837913e-01
1.756157e-01
0
2.342562e-01
0
0
4.216977e-01
4.179658e-01
1.426410e-01
2.885030e-01
3.179129e-01
4.882864e-01
5.457373e-01
3.782551e-01
4.204684e-01
3.348485e-01
1.285239e-01
2.421345e-02
2.981204e-01
3.730261e-01
1.741364e-01
0
4.849885e-01
2.696348e-01
1.374742e-01
0
2.543689e-01
1.007177e-01
0
0
0
3.189215e-02
1.754666e-01
1.846292e-01
0
0
0
0
7.982358e-02
0
1.091224e-01
2.844609e-01
0
0
0
0
0
0
0
0
0
0
0
0
5.438629e-02
2.715944e-01
2.830142e-02
2.616822e-01
2.032070e-01
0
2.416629e-01
3.335075e-01
2.781505e-01
5.390664e-01
4.891344e-01
0
5.809645e-01
6.405931e-01
2.449521e-01
1.588115e-01
0
1.700231e-01
0
0
0
5.207986e-01
1
4.002906e-01
2.131742e-01
0
0
0
0
0
0
0
0
0
0
0
0
0
0
0
0
2.103250e-02
2.763085e-01
1.652177e-01
0
0
0
0
0
0
0
0
0
0
3.078495e-01
3.374250e-01
0
0
4.320451e-02
3.275290e-01
0
0
9.674836e-02
0
8.879220e-02
0
1.758550e-01
0
4.427151e-01
5.464247e-01
4.050170e-01
4.993092e-01
4.239904e-01
4.951689e-01
5.443635e-01
3.098621e-01
4.763442e-01
7.074872e-02
2.261305e-01
0
5.502064e-01
4.635565e-01
5.812798e-02
1.847277e-01
3.216411e-01
3.090215e-02
3.779207e-01
0
5.375456e-01
1.090429e-01
0
0
3.354011e-01
3.396596e-01
6.463897e-03
0
0
0
3.015356e-01
1.837102e-01
5.060903e-01
3.111759e-01
4.221583e-01
6.194085e-01
0
0
5.544090e-02
0
0
1.477955e-01
0
0
2.604155e-01
1.163990e-01
1.899636e-01
4.019114e-02
0
0
0
0
0
0
2.428501e-01
0
4.941809e-01
6.000594e-01
0
0
2.744588e-01
5.464961e-01
4.590815e-02
0
0
0
0
1.877306e-02
0
3.360912e-01
4.002906e-01
1.000000e+00
0
0
4.249766e-01
3.942887e-01
1.024545e-01
1.706307e-01
1.054459e-01
6.397669e-02
2.310926e-01
9.782813e-02
2.690624e-01
2.273722e-01
0
6.667858e-02
1.053211e-01
1.464643e-01
1.304128e-01
0
0
0
2.588300e-01
3.811453e-01
2.919076e-02
1.134715e-01
1.228775e-02
9.930597e-02
2.155977e-01
2.071279e-01
1.859210e-02
2.077982e-01
0
0
1.308602e-02
0
4.020785e-02
0
0
0
5.896910e-03
3.449527e-02
3.451292e-02
3.254439e-01
0
0
0
0
0
0
0
0
0
0
2.901415e-01
4.768869e-01
3.792004e-01
4.066326e-01
8.705905e-02
1.901912e-02
0
7.751559e-02
7.861923e-02
0
0
0
0
0
0
7.846502e-02
0
0
0
1.912341e-01
0
0
0
0
0
0
0
0
0
0
0
0
0
0
0
0
0
3.774949e-02
2.069622e-01
1.342398e-01
9.087816e-02
6.419617e-02
0
1.361585e-01
5.706382e-01
3.435909e-01
3.349330e-01
5.954780e-01
0
0
6.573377e-02
0
0
0
4.291752e-01
5.388855e-01
0
4.727034e-01
1.685996e-01
6.090495e-01
5.692183e-01
6.897306e-02
2.131742e-01
0
1
6.643557e-01
4.279775e-02
2.835339e-01
2.226106e-01
1.669776e-01
3.518328e-01
1.629886e-01
2.455486e-01
2.303389e-01
4.543347e-01
4.589155e-01
0
0
0
8.518099e-02
5.222974e-02
0
0
0
1.969516e-01
3.038640e-01
1.694065e-01
2.830159e-01
0
0
2.543526e-01
3.302361e-01
2.101253e-01
4.539387e-01
0
0
0
0
2.026682e-01
0
3.761567e-01
3.750050e-02
0
3.378210e-01
4.019268e-02
2.844328e-01
0
2.245213e-01
0
0
0
0
0
0
0
0
0
2.290553e-01
6.883469e-02
4.459307e-01
0
0
0
0
0
0
0
1.071345e-01
0
0
3.866583e-02
1.026179e-01
0
0
2.206580e-02
2.957289e-01
0
0
0
0
0
0
0
0
0
0
0
1.735850e-01
0
0
0
0
0
1.639228e-01
0
0
3.130467e-01
3.047108e-02
0
2.326830e-01
5.483652e-01
6.450555e-01
3.605693e-01
7.066567e-01
0
0
2.170642e-01
0
0
0
3.132340e-01
5.333803e-01
0
4.299571e-01
0
3.047534e-01
5.488002e-01
0
0
0
6.643557e-01
1
