1
4.087659e-01
2.886282e-01
1.480675e-01
0
0
4.206801e-01
6.776116e-02
0
0
5.512866e-01
4.663226e-01
4.078385e-01
3.692583e-01
5.674071e-02
0
0
0
5.220870e-01
3.449212e-01
1.348203e-01
1.018390e-01
1.395851e-01
1.356278e-01
2.458997e-01
2.146217e-01
1.589672e-01
5.149398e-02
0
0
3.197824e-01
0
0
0
0
0
6.375460e-02
0
0
1.416647e-01
0
0
0
0
0
0
0
0
1.160431e-01
5.873418e-02
2.723539e-01
4.336575e-01
3.267992e-01
1.388158e-01
1.175062e-01
2.223129e-01
1.111507e-01
1.116293e-01
2.938204e-01
1.096190e-01
0
0
0
3.625671e-01
0
3.064720e-01
0
0
2.104550e-02
2.117925e-01
0
0
0
0
9.373118e-02
0
0
0
0
0
0
0
0
0
0
2.028444e-01
0
0
3.483107e-01
3.457552e-01
0
3.427289e-01
0
1.094548e-01
1.252807e-01
0
2.071418e-03
2.332357e-01
0
0
1.942962e-01
0
1.279581e-01
1.188652e-01
2.181351e-01
1.870510e-01
0
5.440182e-02
2.285243e-01
3.409082e-01
2.263633e-01
9.115798e-02
4.391899e-01
0
3.799248e-01
0
4.087659e-01
1
2.846338e-01
0
3.930766e-01
2.446070e-01
6.903055e-02
0
0
4.148841e-02
1.778870e-01
1.932162e-01
0
6.861187e-02
2.305299e-01
0
2.833477e-02
0
7.459134e-01
6.292585e-01
2.071353e-01
3.335617e-01
2.922055e-01
3.241944e-01
3.495512e-01
3.701485e-01
4.294490e-01
5.102043e-01
6.117591e-02
0
2.710698e-01
0
1.763123e-01
0
0
0
0
4.983482e-04
0
1.468678e-01
0
0
0
2.616242e-02
0
0
1.049177e-01
0
1.224482e-01
0
1.829654e-01
9.924142e-02
3.514781e-01
0
1.896510e-01
0
4.759353e-01
4.009627e-01
0
0
0
0
0
7.692769e-02
0
2.203353e-01
0
0
2.454998e-01
1.347577e-01
1.356803e-01
0
0
0
0
0
0
0
0
0
1.533229e-01
2.731369e-01
1.599837e-02
1.971385e-01
0
0
0
5.959553e-02
1.883076e-01
7.130097e-02
0
0
0
0
3.154901e-01
2.042366e-01
1.412683e-01
2.940452e-01
1.246250e-02
0
0
0
0
0
3.521423e-01
3.740768e-01
0
0
4.624912e-01
5.979616e-01
5.015758e-01
2.730118e-01
9.129693e-02
0
3.099157e-01
1.650259e-01
2.886282e-01
2.846338e-01
1
5.219370e-01
5.674251e-01
2.846682e-01
7.431611e-01
1.460940e-01
3.687409e-01
3.608863e-01
4.054685e-01
1.182734e-01
3.283195e-01
2.038998e-01
4.690758e-01
0
0
0
4.434325e-01
1.503921e-01
1.808999e-01
2.151646e-01
6.481005e-01
6.666073e-01
7.575749e-01
7.447342e-01
4.551082e-01
4.776859e-01
0
0
7.199448e-01
1.727624e-01
0
0
3.572189e-01
9.367795e-02
0
0
0
0
0
0
0
0
0
0
0
0
0
0
0
0
1.890723e-02
2.187852e-01
0
0
0
0
0
0
0
1.533363e-01
0
0
4.356440e-01
6.332800e-01
0
0
0
0
1.295282e-01
0
0
0
0
0
0
0
0
0
0
1.117390e-01
0
0
3.474148e-01
3.076783e-01
0
0
3.591369e-01
2.138819e-02
0
3.773653e-01
9.673905e-02
3.152120e-01
8.111221e-03
5.522156e-01
0
2.500189e-01
0
0
0
3.213721e-01
0
0
2.295738e-01
4.038676e-01
0
1.692618e-01
4.015042e-01
3.731391e-01
3.646252e-01
0
0
0
1.411314e-01
2.768562e-01
1.480675e-01
0
5.219370e-01
1
2.147318e-01
5.471855e-01
6.012782e-01
6.974012e-01
3.988480e-01
6.637393e-01
2.356583e-01
3.275970e-01
5.028009e-01
4.346381e-01
2.679899e-01
2.311905e-01
0
0
2.858488e-01
3.324625e-01
9.984135e-02
2.593058e-01
5.584534e-01
6.342554e-01
3.337929e-01
2.425857e-01
1.853487e-01
7.671435e-02
0
0
3.678553e-01
4.402853e-01
0
0
3.539902e-01
4.314613e-01
0
0
0
0
0
0
0
0
0
0
0
0
0
0
0
0
5.062079e-02
1.298279e-01
0
0
0
0
0
0
5.821212e-02
4.465107e-01
0
7.335463e-02
4.517668e-01
4.993884e-01
1.571430e-01
9.575021e-02
0
2.020358e-01
2.188585e-02
3.554102e-01
0
7.349354e-02
0
2.229103e-01
0
0
0
0
0
1.407136e-02
0
0
4.740313e-01
6.238671e-01
0
3.113110e-03
1.481178e-01
2.103774e-01
3.109298e-01
1.906421e-01
3.145209e-01
1.354721e-01
3.530546e-02
3.186072e-01
0
4.818261e-02
0
0
0
3.671183e-01
0
0
0
1.105480e-01
3.463125e-02
2.735679e-01
2.671568e-01
3.775261e-01
2.582667e-01
0
0
0
1.614611e-01
1.673105e-01
0
3.930766e-01
5.674251e-01
2.147318e-01
1.000000e+00
4.199875e-01
4.479231e-01
0
5.183895e-01
3.115484e-01
0
2.776663e-02
2.683460e-02
6.244365e-02
4.111334e-01
0
0
0
3.904638e-01
3.337840e-01
5.766627e-01
4.234365e-01
3.929561e-01
4.611490e-01
7.298186e-01
8.540953e-01
8.673746e-01
7.693835e-01
0
0
2.222394e-01
0
8.269263e-02
2.025325e-02
4.601358e-01
1.319163e-01
0
0
0
0
0
0
0
0
0
0
0
0
0
0
0
0
8.114357e-02
1.364985e-01
0
0
0
0
0
0
0
6.093558e-02
0
0
5.400935e-01
6.009907e-01
3.191909e-02
0
1.364129e-02
0
1.517542e-01
0
0
0
0
0
0
0
0
0
0
3.510765e-01
0
0
4.222637e-01
2.584973e-01
1.651993e-01
3.640590e-02
2.975868e-01
9.941276e-02
4.291314e-02
1.536145e-01
1.967304e-01
2.110830e-01
1.246687e-01
4.688160e-01
0
4.083524e-01
0
0
1.657759e-01
1.619631e-01
0
0
4.003920e-01
4.256316e-01
0
0
3.001412e-02
2.527461e-01
3.774493e-01
0
0
0
1.218549e-01
3.792991e-01
0
2.446070e-01
2.846682e-01
5.471855e-01
4.199875e-01
1
2.624157e-01
6.698395e-01
7.392006e-01
8.267641e-01
1.696113e-01
4.308463e-01
3.240336e-01
5.882793e-01
7.262916e-01
5.749202e-01
0
0
5.404985e-01
5.901642e-01
1.193083e-01
3.054790e-01
6.553167e-01
7.292746e-01
1.476358e-01
2.461117e-01
4.052504e-01
5.496881e-01
0
0
1.608839e-01
1.022980e-01
0
0
2.052469e-01
2.865426e-01
0
0
0
0
0
0
0
0
0
0
0
0
0
0
0
0
0
0
0
0
0
0
0
0
0
4.371471e-01
0
1.000414e-01
3.774774e-01
2.750276e-01
0
0
2.300642e-01
1.937502e-01
1.005366e-01
3.343719e-01
0
0
0
0
0
0
0
0
8.374005e-02
4.072920e-01
0
0
4.935454e-01
4.331118e-01
0
0
0
0
3.138245e-01
2.151259e-02
7.152553e-01
2.538056e-01
1.209015e-01
5.191213e-01
0
9.072904e-02
0
0
0
1.393496e-01
0
0
1.856267e-02
1.429432e-01
0
0
1.298615e-01
2.258751e-01
3.495089e-01
0
0
0
3.823467e-02
1.346646e-01
4.206801e-01
6.903055e-02
7.431611e-01
6.012782e-01
4.479231e-01
2.624157e-01
1
4.018388e-01
3.285256e-01
4.876164e-01
1.144988e-01
1.645923e-01
6.696733e-01
3.262547e-01
3.317382e-01
0
0
0
4.534121e-01
3.324013e-01
3.313678e-01
4.059390e-01
3.229381e-01
4.145002e-01
5.674695e-01
6.123413e-01
4.556291e-01
3.926168e-01
0
0
3.605409e-01
0
0
0
3.462041e-01
2.904585e-01
0
0
0
0
0
0
0
0
0
0
0
0
0
0
0
4.091754e-02
1.685127e-01
5.013914e-01
0
0
0
0
8.384057e-02
3.491577e-02
1.131599e-01
4.037512e-01
0
0
3.545552e-01
6.665212e-01
7.088426e-02
4.930153e-02
0
2.060503e-01
1.949552e-02
1.190067e-01
0
0
0
1.871655e-02
0
0
0
0
0
0
0
0
1.431421e-01
3.027597e-01
0
0
2.501899e-01
0
3.432323e-01
6.923778e-01
2.386826e-01
3.349757e-01
0
3.109361e-01
0
2.930819e-01
0
0
4.218090e-01
1.688480e-01
0
0
2.895705e-01
2.150865e-01
0
3.872609e-01
4.831765e-02
2.182658e-01
1.131619e-01
0
0
0
2.418487e-01
2.667761e-01
6.776116e-02
0
1.460940e-01
6.974012e-01
0
6.698395e-01
4.018388e-01
1
4.335076e-01
8.205892e-01
5.657362e-02
5.734070e-01
5.729697e-01
7.272525e-01
3.693220e-01
6.293973e-01
0
0
4.134754e-01
5.430995e-01
1.624782e-01
4.206417e-01
2.790992e-01
4.215489e-01
0
0
1.566425e-01
2.154923e-01
0
0
5.027416e-02
1.899410e-01
0
0
6.952656e-03
2.268001e-01
0
0
0
0
0
0
0
0
0
0
0
0
0
0
0
0
0
9.058781e-02
0
0
0
0
0
7.011746e-02
2.794785e-02
7.193781e-01
0
2.892163e-01
4.988257e-02
2.031460e-01
0
0
2.501601e-01
5.465107e-01
8.812708e-02
5.070113e-01
1.169373e-01
1.085927e-01
0
3.077133e-01
0
0
0
0
0
0
0
0
6.885035e-02
4.119756e-01
0
0
0
0
6.490818e-01
2.289619e-01
6.084565e-01
2.886588e-01
6.378328e-02
2.505896e-01
0
6.661566e-02
0
0
2.363417e-01
1.381801e-01
1.052027e-01
0
0
0
8.240905e-02
2.895216e-01
0
9.637515e-02
1.648612e-01
0
0
0
2.188277e-02
1.540686e-01
0
0
3.687409e-01
3.988480e-01
5.183895e-01
7.392006e-01
3.285256e-01
4.335076e-01
1.000000e+00
7.420124e-01
0
4.345178e-02
2.970928e-01
3.620873e-01
7.216366e-01
4.021249e-01
0
0
1.248325e-01
2.440533e-01
1.309375e-01
2.406607e-01
4.894238e-01
6.127554e-01
2.773085e-01
3.595932e-01
3.209545e-01
5.524263e-01
0
0
1.204695e-01
0
0
0
5.368146e-01
4.095379e-01
0
0
0
0
0
1.044628e-01
0
0
0
0
0
0
0
0
0
0
0
1.700459e-01
0
0
0
0
0
0
0
3.061229e-01
0
0
5.988201e-01
2.016106e-01
0
0
0
8.537474e-02
0
0
0
0
0
0
0
0
0
0
0
2.855545e-01
0
0
4.320188e-01
2.031672e-01
0
1.103354e-02
0
0
4.511072e-01
2.520317e-01
6.299937e-01
4.910507e-01
2.432218e-01
6.975612e-01
0
2.380498e-01
0
0
7.901772e-02
2.119617e-01
0
0
2.344460e-01
4.010305e-01
6.192099e-02
4.440350e-01
5.939812e-02
1.886879e-01
2.941986e-01
0
0
0
2.861269e-01
4.943113e-01
0
4.148841e-02
3.608863e-01
6.637393e-01
3.115484e-01
8.267641e-01
4.876164e-01
8.205892e-01
7.420124e-01
1
2.791144e-02
3.430179e-01
5.482754e-01
6.024911e-01
5.437319e-01
5.144947e-01
0
0
4.130014e-01
4.806778e-01
7.065883e-02
3.207959e-01
4.852941e-01
5.681670e-01
2.226950e-01
2.590338e-01
2.781017e-01
3.923991e-01
0
0
2.344985e-01
1.358243e-01
0
0
3.500459e-01
3.858530e-01
0
0
0
0
0
0
0
0
0
0
0
0
0
0
0
0
0
1.119536e-01
0
0
0
0
0
0
0
6.426821e-01
0
0
3.503880e-01
3.584251e-01
0
0
1.339738e-01
3.508963e-01
0
2.521844e-01
0
0
0
1.767819e-02
0
0
0
0
0
1.240428e-01
0
0
2.718904e-01
4.101250e-01
0
0
0
0
5.763757e-01
2.518406e-01
6.513809e-01
4.066192e-01
1.714277e-01
5.894997e-01
0
2.597969e-01
0
0
1.868057e-01
1.313289e-01
0
0
0
1.742920e-01
0
2.993997e-01
0
1.723413e-01
3.245661e-01
0
0
0
1.728051e-01
3.979455e-01
5.512866e-01
1.778870e-01
4.054685e-01
2.356583e-01
0
1.696113e-01
1.144988e-01
5.657362e-02
0
2.791144e-02
1
5.073304e-01
3.323622e-01
4.300461e-01
3.810177e-01
9.258515e-02
4.894881e-02
0
3.005095e-01
5.603071e-02
0
0
6.294315e-01
5.153576e-01
9.841343e-02
4.853799e-02
0
0
9.554218e-02
2.194943e-01
6.032535e-01
4.622665e-01
0
0
0
0
6.573934e-02
0
0
0
1.341214e-01
0
0
0
0
0
0
0
0
0
0
0
0
0
0
0
5.485500e-02
5.289379e-02
0
0
0
0
1.958913e-01
3.701526e-01
0
7.989648e-02
0
0
1.935434e-02
0
4.854099e-02
1.862376e-01
2.493597e-02
0
5.578024e-02
0
0
5.867540e-03
2.409035e-02
2.080431e-01
2.600989e-01
4.961771e-02
4.787894e-01
9.010880e-02
1.945851e-01
3.069875e-01
0
0
1.653413e-01
1.043762e-01
0
1.296881e-01
1.918641e-01
1.794285e-01
0
2.494936e-02
0
0
0
0
0
3.795510e-01
0
0
0
1.143236e-01
5.999139e-02
0
4.724785e-01
1.209336e-01
1.673108e-01
0
0
0
0
0
4.663226e-01
1.932162e-01
1.182734e-01
3.275970e-01
2.776663e-02
4.308463e-01
1.645923e-01
5.734070e-01
4.345178e-02
3.430179e-01
5.073304e-01
1
4.287568e-01
8.496805e-01
4.284414e-01
5.760933e-01
0
0
5.845839e-01
5.581810e-01
3.966912e-01
4.254669e-01
3.587420e-01
3.863972e-01
0
7.493976e-02
3.627050e-01
2.920623e-01
1.180376e-01
1.698565e-01
1.801753e-01
1.730422e-01
0
0
0
0
0
0
0
0
0
0
0
0
0
0
0
0
0
0
0
0
3.026455e-03
0
0
0
1.276786e-01
6.825071e-02
0
0
0
2.340258e-01
3.253322e-01
5.891564e-01
0
7.960367e-02
0
0
5.806265e-01
5.732529e-01
2.184706e-01
5.222668e-01
2.618170e-01
5.904011e-02
1.186100e-01
8.991775e-02
0
0
0
8.717861e-03
1.717067e-01
2.806329e-02
0
2.630650e-03
5.298292e-02
3.322361e-01
0
0
0
1.441042e-01
1.542426e-01
8.685157e-02
5.170189e-01
2.522322e-01
0
0
0
2.158081e-02
0
0
2.232947e-01
3.676242e-01
2.802961e-01
1.046230e-01
0
0
0
0
2.594409e-02
1.674069e-02
2.850583e-01
0
1.457443e-01
0
0
0
4.078385e-01
0
3.283195e-01
5.028009e-01
2.683460e-02
3.240336e-01
6.696733e-01
5.729697e-01
2.970928e-01
5.482754e-01
3.323622e-01
4.287568e-01
1
6.252723e-01
4.311866e-01
3.933092e-01
0
0
2.489153e-01
2.105476e-01
1.539291e-01
2.280186e-01
3.903268e-01
3.744584e-01
2.343132e-01
1.859841e-01
1.514662e-01
7.168597e-02
0
0
3.243818e-01
3.202239e-01
0
0
1.169644e-01
1.888624e-01
0
0
0
0
0
0
0
0
0
0
0
0
0
0
0
0
0
2.642098e-01
0
0
0
0
2.726701e-02
1.430869e-01
3.515680e-01
6.197135e-01
0
2.364480e-01
1.965057e-01
4.693342e-01
0
3.262535e-02
0
2.688009e-01
0
2.910345e-01
0
3.677957e-02
4.885126e-02
1.485142e-01
0
0
0
0
0
0
0
0
6.949592e-02
3.428555e-01
0
0
3.224067e-02
0
4.848497e-01
6.997727e-01
5.483475e-01
3.834276e-01
0
7.413962e-03
0
0
0
0
3.124292e-01
4.164198e-01
6.048497e-02
4.063516e-02
0
0
2.943274e-02
4.324004e-01
0
0
0
0
8.236931e-02
0
6.961617e-02
0
3.692583e-01
6.861187e-02
2.038998e-01
4.346381e-01
6.244365e-02
5.882793e-01
3.262547e-01
7.272525e-01
3.620873e-01
6.024911e-01
4.300461e-01
8.496805e-01
6.252723e-01
1
6.162579e-01
7.617506e-01
0
0
5.406636e-01
5.446214e-01
3.081391e-01
3.747041e-01
4.730638e-01
5.472794e-01
2.574000e-02
1.535707e-01
3.425508e-01
3.545940e-01
0
0
1.798271e-01
1.273847e-01
0
0
0
0
0
0
0
0
0
0
0
0
0
0
0
0
0
0
0
0
0
0
0
0
0
0
0
0
0
4.846636e-01
1.409828e-01
5.379052e-01
0
2.301953e-01
0
0
3.636115e-01
5.421782e-01
0
3.426229e-01
8.429214e-02
0
0
0
0
0
0
0
0
0
0
0
0
4.349869e-01
0
0
0
0
3.693803e-01
2.882370e-01
7.685645e-01
5.539842e-01
0
1.451857e-01
0
1.698692e-01
0
0
2.888313e-01
3.218785e-01
3.431780e-01
3.858056e-02
5.112103e-02
0
0
3.378115e-01
0
9.924889e-02
3.677051e-01
0
9.157867e-02
0
8.909462e-02
1.501680e-02
5.674071e-02
2.305299e-01
4.690758e-01
2.679899e-01
4.111334e-01
7.262916e-01
3.317382e-01
3.693220e-01
7.216366e-01
5.437319e-01
3.810177e-01
4.284414e-01
4.311866e-01
6.162579e-01
1
5.102947e-01
0
0
4.627498e-01
3.079763e-01
1.127346e-01
1.463777e-01
7.124979e-01
7.507811e-01
3.212864e-01
3.787212e-01
3.755117e-01
5.865560e-01
0
0
3.320023e-01
1.117044e-01
0
0
7.106888e-02
0
0
0
0
0
0
0
0
0
0
0
0
0
0
0
0
0
0
0
0
0
0
0
0
0
0
2.128875e-01
0
1.138394e-01
2.892682e-01
3.006944e-01
0
0
4.243148e-02
4.396904e-02
0
1.628631e-01
0
0
0
0
0
0
0
1.727226e-02
6.637828e-02
2.324481e-01
5.304781e-02
0
4.090294e-01
2.596849e-01
0
0
8.300320e-02
0
1.790361e-01
2.628001e-01
7.162728e-01
4.156024e-01
0
4.671016e-01
0
1.922240e-03
0
0
1.279612e-01
2.620862e-01
1.187599e-02
0
2.475631e-01
1.814533e-01
0
1.559378e-01
2.620328e-01
1.807190e-01
2.601757e-01
0
0
0
9.725446e-02
2.721996e-02
0
0
0
2.311905e-01
0
5.749202e-01
0
6.293973e-01
4.021249e-01
5.144947e-01
9.258515e-02
5.760933e-01
3.933092e-01
7.617506e-01
5.102947e-01
1
6.645654e-03
0
1.944584e-01
2.972430e-01
5.205634e-02
1.909219e-01
2.784740e-01
3.078652e-01
0
0
1.760404e-02
1.000237e-01
1.217963e-01
2.243857e-01
0
1.913475e-01
0
0
0
5.348223e-02
0
0
0
0
1.619849e-01
9.213934e-02
0
0
0
0
0
0
0
0
0
0
0
0
0
0
0
1.045015e-02
0
0
1.678122e-01
4.069181e-01
3.752411e-01
4.136470e-01
0
0
0
0
3.334265e-01
4.189399e-01
0
4.025944e-01
2.757492e-01
2.358219e-01
7.152746e-02
2.096863e-01
0
0
0
0
1.122427e-01
1.176925e-01
0
1.955221e-01
1.723537e-02
2.068564e-01
0
7.019250e-02
0
0
4.956373e-01
1.570430e-02
7.314306e-01
3.015557e-01
0
0
0
0
0
0
1.750721e-01
1.963081e-01
3.793161e-01
1.282718e-01
0
0
1.737961e-01
2.934817e-01
0
0
1.331156e-01
0
0
6.018617e-02
0
0
0
2.833477e-02
0
0
0
0
0
0
0
0
4.894881e-02
0
0
0
0
6.645654e-03
1
7.151670e-01
0
0
0
0
0
0
0
0
0
0
7.978450e-01
6.655055e-01
0
9.631140e-02
1.934546e-01
1.901116e-01
0
0
3.054224e-01
2.385210e-01
1.070236e-01
3.183343e-01
4.599771e-01
3.962094e-01
5.100715e-01
6.165420e-01
3.694599e-01
4.175126e-01
5.418686e-01
3.668255e-01
4.630824e-01
2.786750e-01
2.289181e-01
0
0
0
3.929986e-01
3.438989e-01
7.561579e-01
5.648354e-01
0
0
0
0
6.203450e-01
1.756912e-01
0
0
0
0
3.898763e-01
1.371762e-02
2.199774e-01
2.676230e-01
4.158663e-01
3.625095e-01
3.344344e-01
1.728014e-01
3.610259e-01
4.058240e-01
7.648786e-01
5.671871e-01
7.577021e-01
2.231101e-01
5.399934e-01
3.712460e-01
0
0
8.450313e-02
0
0
0
0
0
0
0
0
0
0
0
5.937133e-01
6.122807e-01
0
6.097979e-02
8.346016e-02
3.885228e-01
0
0
9.205059e-02
0
5.933105e-02
0
0
4.266952e-01
1.361284e-01
3.115076e-01
0
0
0
0
0
0
0
0
0
0
0
0
0
0
0
0
0
0
7.151670e-01
1
0
0
0
0
0
0
0
0
0
0
6.140709e-01
6.977407e-01
0
3.010845e-01
2.565288e-01
2.490687e-01
2.870141e-02
8.547309e-03
3.072874e-01
3.078807e-01
3.559269e-01
2.348577e-01
5.719150e-01
4.132039e-01
3.582009e-01
4.349065e-01
4.946712e-01
4.438889e-01
3.794351e-01
2.478133e-01
1.540536e-01
5.224990e-02
4.391974e-02
0
0
0
3.270729e-01
2.577914e-01
5.280740e-01
4.932236e-01
2.188800e-02
0
1.827392e-02
0
4.773343e-01
0
5.420536e-02
0
2.416397e-01
2.122312e-01
7.665064e-02
0
3.637076e-01
9.580038e-02
3.675307e-01
4.729194e-01
3.807318e-01
1.920430e-01
4.029255e-01
4.475720e-01
8.097868e-01
7.268786e-01
6.667804e-01
4.360489e-01
4.305849e-01
4.779140e-01
1.146292e-01
0
3.980012e-01
3.357719e-01
0
1.455791e-01
0
0
0
0
0
0
4.689252e-02
0
5.341591e-01
2.906750e-01
0
1.242098e-01
0
6.394685e-02
0
0
2.415390e-01
0
0
0
0
1.515135e-01
0
1.916745e-01
0
0
5.220870e-01
7.459134e-01
4.434325e-01
2.858488e-01
3.904638e-01
5.404985e-01
4.534121e-01
4.134754e-01
1.248325e-01
4.130014e-01
3.005095e-01
5.845839e-01
2.489153e-01
5.406636e-01
4.627498e-01
1.944584e-01
0
0
1.000000e+00
8.051827e-01
3.457076e-01
5.054255e-01
4.314367e-01
4.905834e-01
3.338785e-01
4.518506e-01
5.846584e-01
6.277771e-01
0
0
2.810787e-01
0
1.164691e-01
0
0
0
0
0
0
0
0
0
0
0
0
0
0
0
0
0
0
0
2.015622e-01
0
0
0
1.436148e-01
1.126033e-01
0
0
0
2.295544e-01
0
3.786694e-01
0
4.308045e-01
0
0
3.508233e-01
3.655963e-01
2.508746e-01
2.907878e-01
8.451624e-02
0
0
0
0
0
0
0
0
9.668409e-02
0
3.787727e-03
0
1.737127e-01
0
0
6.067364e-02
0
0
8.169456e-02
2.704549e-01
7.675837e-02
3.366317e-02
2.391038e-01
0
2.799812e-01
0
0
2.181658e-01
0
1.373751e-01
0
3.059373e-01
1.061576e-01
0
0
2.171514e-01
4.393182e-01
4.837668e-01
0
2.673453e-02
0
1.471728e-01
6.922580e-02
3.449212e-01
6.292585e-01
1.503921e-01
3.324625e-01
3.337840e-01
5.901642e-01
3.324013e-01
5.430995e-01
2.440533e-01
4.806778e-01
5.603071e-02
5.581810e-01
2.105476e-01
5.446214e-01
3.079763e-01
2.972430e-01
0
0
8.051827e-01
1.000000e+00
5.272408e-01
7.534431e-01
2.493649e-01
4.228991e-01
7.462463e-02
2.538244e-01
5.746214e-01
5.727613e-01
0
0
0
0
1.634581e-01
5.526455e-02
0
0
0
0
0
0
0
0
0
0
0
0
0
0
0
0
0
0
2.737455e-01
8.692351e-03
0
0
1.125038e-01
5.434207e-02
0
0
0
2.084119e-01
0
2.696028e-01
0
1.960283e-01
0
0
5.938365e-01
6.408153e-01
2.250138e-01
3.624824e-01
1.957974e-01
0
9.134123e-03
1.696486e-01
0
0
0
0
0
6.160182e-02
0
0
3.419305e-02
1.690694e-01
0
0
0
0
1.698172e-01
0
2.972521e-01
1.001000e-01
3.154811e-01
1.048716e-01
0
3.581881e-01
0
0
1.685417e-01
7.376634e-03
9.879446e-02
0
2.557288e-01
1.935229e-01
0
0
1.569652e-01
4.613842e-01
4.511005e-01
0
1.797414e-01
0
2.885351e-01
1.941618e-01
1.348203e-01
2.071353e-01
1.808999e-01
9.984135e-02
5.766627e-01
1.193083e-01
3.313678e-01
1.624782e-01
1.309375e-01
7.065883e-02
0
3.966912e-01
1.539291e-01
3.081391e-01
1.127346e-01
5.205634e-02
0
0
3.457076e-01
5.272408e-01
1
8.281203e-01
3.038525e-02
1.560104e-01
2.972138e-01
5.230620e-01
8.076500e-01
6.103303e-01
0
0
0
0
1.334448e-02
7.330860e-02
0
0
0
0
0
0
0
0
0
0
0
0
0
0
0
0
3.028238e-02
0
1.944218e-01
1.391831e-01
0
0
9.719026e-02
0
1.190577e-01
0
0
1.319710e-01
0
7.406157e-02
3.825155e-02
3.029441e-01
0
0
4.333835e-01
4.523900e-01
3.493826e-01
9.121997e-02
1.161953e-01
6.628327e-03
0
6.608529e-02
0
0
0
0
0
0
0
0
1.276823e-02
1.001177e-01
0
3.213271e-02
0
1.391880e-01
2.061192e-01
1.601182e-01
1.586110e-01
2.460136e-01
4.307459e-02
0
0
3.964154e-01
0
0
3.753093e-01
3.648418e-01
2.759845e-01
2.434136e-01
3.270381e-01
1.740947e-01
0
1.892021e-01
0
3.696420e-02
2.918068e-01
0
3.329439e-01
0
6.924099e-02
2.315442e-01
1.018390e-01
3.335617e-01
2.151646e-01
2.593058e-01
4.234365e-01
3.054790e-01
4.059390e-01
4.206417e-01
2.406607e-01
3.207959e-01
0
4.254669e-01
2.280186e-01
3.747041e-01
1.463777e-01
1.909219e-01
0
0
5.054255e-01
7.534431e-01
8.281203e-01
1
6.571836e-02
2.293316e-01
1.442764e-01
3.453665e-01
6.512494e-01
5.767817e-01
0
0
0
0
1.614728e-01
7.956825e-02
0
0
0
0
0
0
0
1.687165e-01
0
0
0
0
0
0
0
0
0
0
3.040807e-01
3.209629e-01
0
0
1.705470e-01
2.508864e-02
0
0
0
2.139460e-01
0
1.087417e-01
0
1.641584e-01
0
0
6.105715e-01
7.616189e-01
4.715674e-01
4.050591e-01
3.441502e-01
1.626728e-01
8.599103e-02
3.198801e-01
0
0
0
0
0
0
0
5.792618e-02
0
0
0
6.782023e-02
0
3.797679e-02
3.252421e-01
1.377088e-01
1.177173e-01
1.215808e-01
8.715911e-02
0
0
2.705356e-01
0
0
2.938436e-01
2.973369e-01
1.274869e-01
0
2.048765e-01
6.875192e-02
0
2.300991e-01
0
1.568130e-01
2.507962e-01
0
1.507634e-01
0
1.299812e-01
3.013496e-01
1.395851e-01
2.922055e-01
6.481005e-01
5.584534e-01
3.929561e-01
6.553167e-01
3.229381e-01
2.790992e-01
4.894238e-01
4.852941e-01
6.294315e-01
3.587420e-01
3.903268e-01
4.730638e-01
7.124979e-01
2.784740e-01
0
0
4.314367e-01
2.493649e-01
3.038525e-02
6.571836e-02
1
9.232620e-01
5.446482e-01
4.737247e-01
3.216119e-01
3.319991e-01
0
0
7.281070e-01
4.731835e-01
0
0
1.713031e-01
5.461772e-02
0
0
0
0
0
0
0
0
0
0
0
0
0
0
0
0
0
0
0
0
0
0
0
0
0
2.262404e-01
0
6.628908e-02
4.777118e-01
5.251351e-01
0
0
0
0
2.223123e-02
1.489373e-01
0
0
0
0
0
0
0
1.010530e-01
7.059610e-02
3.531395e-01
1.582470e-01
9.310896e-02
6.251139e-01
5.060463e-01
4.849288e-02
4.155948e-02
3.057856e-01
0
0
3.260182e-02
4.343759e-01
2.410893e-01
0
4.306302e-01
0
1.472924e-02
0
0
0
5.466238e-01
0
0
0
2.721590e-01
0
2.770504e-02
5.267672e-01
3.486496e-01
4.580403e-01
0
0
0
6.068298e-02
0
1.356278e-01
3.241944e-01
6.666073e-01
6.342554e-01
4.611490e-01
7.292746e-01
4.145002e-01
4.215489e-01
6.127554e-01
5.681670e-01
5.153576e-01
3.863972e-01
3.744584e-01
5.472794e-01
7.507811e-01
3.078652e-01
0
0
4.905834e-01
4.228991e-01
1.560104e-01
2.293316e-01
9.232620e-01
1
5.095954e-01
5.099883e-01
4.453155e-01
4.692538e-01
0
0
5.807332e-01
2.694366e-01
0
0
1.424212e-01
7.475833e-02
0
0
0
0
0
0
0
0
0
0
0
0
0
0
0
0
0
0
0
0
0
0
0
0
0
2.606365e-01
0
1.179764e-02
4.626519e-01
5.077745e-01
0
0
1.978243e-02
7.516835e-02
5.639521e-02
1.425168e-01
0
0
0
0
0
0
0
0
0
3.112709e-01
0
5.290621e-02
6.089252e-01
5.817030e-01
0
6.379335e-02
2.080323e-01
0
0
1.443351e-01
5.337055e-01
3.735761e-01
9.208438e-02
4.891253e-01
0
1.310641e-01
0
0
0
5.009463e-01
0
0
1.690544e-01
3.856870e-01
0
1.443235e-01
5.470600e-01
4.926809e-01
5.139025e-01
0
0
0
1.757375e-01
5.881576e-02
2.458997e-01
3.495512e-01
7.575749e-01
3.337929e-01
7.298186e-01
1.476358e-01
5.674695e-01
0
2.773085e-01
2.226950e-01
9.841343e-02
0
2.343132e-01
2.574000e-02
3.212864e-01
0
0
0
3.338785e-01
7.462463e-02
2.972138e-01
1.442764e-01
5.446482e-01
5.095954e-01
1
8.621699e-01
5.746702e-01
4.046698e-01
0
0
6.129125e-01
5.213686e-02
0
0
3.523609e-01
0
0
0
2.173951e-01
0
0
0
0
0
0
0
0
0
0
0
0
1.190246e-01
2.438067e-01
1.690411e-01
0
0
0
0
0
0
0
1.318743e-01
0
0
4.991353e-01
8.696016e-01
0
0
0
0
0
0
0
0
0
0
0
0
0
0
0
9.644487e-02
0
0
3.158530e-01
3.494008e-01
1.812290e-01
1.510473e-01
6.574840e-01
1.961018e-01
0
2.043965e-01
0
1.403205e-01
0
3.997641e-01
0
3.270974e-01
0
0
0
2.491069e-01
0
0
3.436627e-01
3.844604e-01
0
8.055843e-02
3.055491e-01
4.059438e-01
4.149169e-01
0
0
0
2.298449e-01
2.611262e-01
2.146217e-01
3.701485e-01
7.447342e-01
2.425857e-01
8.540953e-01
2.461117e-01
6.123413e-01
0
3.595932e-01
2.590338e-01
4.853799e-02
7.493976e-02
1.859841e-01
1.535707e-01
3.787212e-01
0
0
0
4.518506e-01
2.538244e-01
5.230620e-01
3.453665e-01
4.737247e-01
5.099883e-01
8.621699e-01
1
7.958012e-01
6.849287e-01
0
0
4.587342e-01
0
0
0
3.061470e-01
3.050796e-02
0
0
0
0
0
0
0
0
0
0
0
0
0
0
0
0
8.083700e-02
1.217595e-01
0
0
0
0
0
0
0
1.055040e-01
0
0
4.000400e-01
7.428999e-01
2.882665e-02
0
0
0
4.919853e-02
0
0
0
0
0
0
0
0
0
0
1.310333e-01
0
0
2.848247e-01
3.413065e-01
7.558846e-02
8.960377e-02
4.459578e-01
6.272569e-02
0
3.231353e-01
1.839705e-01
4.030837e-01
1.969082e-02
4.533394e-01
0
5.565226e-01
0
0
2.165720e-01
2.583974e-01
0
0
4.325826e-01
4.715344e-01
0
1.588786e-01
6.200073e-02
3.099405e-01
5.453571e-01
0
0
0
2.572337e-01
3.826820e-01
1.589672e-01
4.294490e-01
4.551082e-01
1.853487e-01
8.673746e-01
4.052504e-01
4.556291e-01
1.566425e-01
3.209545e-01
2.781017e-01
0
3.627050e-01
1.514662e-01
3.425508e-01
3.755117e-01
1.760404e-02
0
0
5.846584e-01
5.746214e-01
8.076500e-01
6.512494e-01
3.216119e-01
4.453155e-01
5.746702e-01
7.958012e-01
1
8.180088e-01
0
0
1.390445e-01
0
0
6.005037e-03
1.057975e-01
0
0
0
0
0
0
0
0
0
0
0
0
0
0
0
0
0
7.999680e-02
3.300384e-02
0
0
9.376447e-03
0
0
0
0
2.116709e-01
0
0
2.370927e-01
5.786700e-01
0
0
2.462053e-01
2.332293e-01
3.470022e-01
3.122906e-03
0
0
0
0
0
0
0
0
0
1.845220e-01
0
0
2.235306e-01
3.360192e-01
0
1.728396e-03
1.013720e-01
8.183243e-02
1.105311e-01
2.257627e-01
3.211210e-01
3.133459e-01
4.836298e-02
2.239419e-01
0
4.416341e-01
0
0
3.226601e-01
2.340214e-01
1.049160e-01
0
4.270293e-01
2.788414e-01
0
0
0
1.761590e-01
4.058628e-01
0
9.916919e-02
0
1.844857e-02
2.086552e-01
5.149398e-02
5.102043e-01
4.776859e-01
7.671435e-02
7.693835e-01
5.496881e-01
3.926168e-01
2.154923e-01
5.524263e-01
3.923991e-01
0
2.920623e-01
7.168597e-02
3.545940e-01
5.865560e-01
1.000237e-01
0
0
6.277771e-01
5.727613e-01
6.103303e-01
5.767817e-01
3.319991e-01
4.692538e-01
4.046698e-01
6.849287e-01
8.180088e-01
1
0
0
1.090607e-01
0
0
0
1.178576e-01
0
0
0
0
0
0
0
0
0
0
0
0
0
0
0
0
0
0
1.052138e-01
0
0
0
0
0
0
0
1.806539e-01
0
0
1.754334e-01
3.268723e-01
0
0
1.906440e-01
2.201922e-01
2.774705e-01
0
0
0
0
0
0
0
0
0
0
2.735548e-01
0
0
9.621648e-02
1.003646e-01
0
0
0
0
1.551292e-01
2.495156e-01
4.205300e-01
4.408479e-01
2.486212e-01
5.367176e-01
0
5.081903e-01
0
0
3.733034e-01
2.811131e-02
1.561598e-01
0
5.601007e-01
4.438475e-01
0
1.091375e-01
0
2.072491e-01
4.835934e-01
0
1.821883e-02
0
1.860915e-01
4.416299e-01
0
6.117591e-02
0
0
0
0
0
0
0
0
9.554218e-02
1.180376e-01
0
0
0
1.217963e-01
7.978450e-01
6.140709e-01
0
0
0
0
0
0
0
0
0
0
1
8.373139e-01
0
0
4.542905e-01
4.550488e-01
0
0
2.764315e-01
2.941273e-01
0
1.864549e-01
6.347389e-01
4.282980e-01
4.054913e-01
5.018591e-01
2.912788e-01
3.729255e-01
4.790051e-01
3.339916e-01
4.042851e-01
1.238307e-01
4.074307e-02
0
0
0
2.912353e-01
3.499235e-01
6.210995e-01
6.446085e-01
0
0
0
0
7.883921e-01
5.125780e-01
0
0
0
0
4.063854e-01
1.199483e-01
4.066929e-01
3.195617e-01
6.630081e-01
5.303629e-01
5.323900e-01
3.364756e-01
4.524269e-01
4.526725e-01
5.800347e-01
3.791087e-01
7.188175e-01
1.908843e-01
4.055617e-01
4.668896e-01
0
0
0
3.169851e-02
0
0
0
0
0
0
0
0
0
0
7.061099e-01
6.338721e-01
0
0
2.737323e-01
2.486514e-01
0
0
1.046916e-01
0
0
0
0
2.495850e-01
1.459269e-01
3.416748e-01
0
0
0
0
0
0
0
0
0
0
0
0
2.194943e-01
1.698565e-01
0
0
0
2.243857e-01
6.655055e-01
6.977407e-01
0
0
0
0
0
0
0
0
0
0
8.373139e-01
1
0
2.504606e-01
2.983542e-01
3.866386e-01
0
0
2.688920e-01
8.350656e-02
0
7.151432e-03
7.489909e-01
3.919147e-01
1.453148e-01
3.280977e-01
2.041071e-01
2.770659e-01
2.746467e-01
1.077816e-01
1.432460e-01
0
0
0
0
0
2.094648e-01
2.550958e-01
4.235628e-01
5.356279e-01
0
0
5.561468e-02
0
7.835638e-01
4.735012e-01
0
0
4.995046e-02
1.588892e-01
3.862929e-01
3.926295e-02
3.826840e-01
4.461435e-01
7.147581e-01
6.888533e-01
5.757045e-01
4.429358e-01
4.481802e-01
4.226370e-01
5.954086e-01
5.819640e-01
7.703548e-01
3.356368e-01
4.376517e-01
5.192069e-01
2.134302e-02
0
1.219192e-02
1.805119e-01
0
2.230199e-02
0
0
0
0
0
0
0
0
5.372018e-01
4.352975e-01
0
3.179627e-02
1.849196e-02
9.402698e-02
0
0
3.154281e-01
0
4.360716e-02
0
0
2.422978e-02
0
3.810886e-01
0
0
3.197824e-01
2.710698e-01
7.199448e-01
3.678553e-01
2.222394e-01
1.608839e-01
3.605409e-01
5.027416e-02
1.204695e-01
2.344985e-01
6.032535e-01
1.801753e-01
3.243818e-01
1.798271e-01
3.320023e-01
0
0
0
2.810787e-01
0
0
0
7.281070e-01
5.807332e-01
6.129125e-01
4.587342e-01
1.390445e-01
1.090607e-01
0
0
1
5.102123e-01
0
0
1.379483e-01
0
1.122045e-02
0
5.754188e-02
0
0
0
0
0
0
0
0
0
0
0
0
3.934787e-04
0
0
0
0
0
0
0
0
0
1.422380e-01
0
0
2.990226e-01
4.846144e-01
0
0
0
0
0
0
0
0
0
0
0
0
0
9.017666e-02
0
7.162999e-02
3.317711e-01
0
3.835196e-01
2.730993e-01
4.014099e-02
0
3.510106e-01
0
0
4.626779e-02
9.175202e-03
1.656638e-01
0
3.954101e-01
0
1.636187e-01
0
0
0
5.017835e-01
0
0
0
3.791905e-01
0
0
5.864250e-01
2.585020e-01
3.988649e-01
0
0
0
3.996183e-02
2.552239e-02
0
0
1.727624e-01
4.402853e-01
0
1.022980e-01
0
1.899410e-01
0
1.358243e-01
4.622665e-01
1.730422e-01
3.202239e-01
1.273847e-01
1.117044e-01
1.913475e-01
9.631140e-02
3.010845e-01
0
0
0
0
4.731835e-01
2.694366e-01
5.213686e-02
0
0
0
0
2.504606e-01
5.102123e-01
1.000000e+00
0
0
1.274263e-01
1.433667e-01
7.033886e-03
0
3.968731e-02
0
9.742794e-02
0
0
0
0
0
0
0
0
0
0
0
0
0
0
0
0
0
0
0
2.125226e-01
1.502411e-01
1.056093e-01
8.309557e-02
2.576451e-01
1.347016e-01
1.189345e-01
1.591824e-01
0
0
2.616940e-02
4.272191e-01
4.291482e-02
2.224265e-01
1.395011e-01
1.818551e-01
0
0
9.871757e-02
4.633067e-01
1.618635e-01
1.037942e-01
3.272453e-01
0
4.423271e-01
3.028085e-01
1.639725e-01
0
1.974993e-01
1.793444e-01
0
0
6.381263e-02
0
0
0
0
0
0
0
0
4.920329e-01
0
0
0
0
2.033622e-01
0
2.849045e-01
0
0
0
0
0
0
0
0
1.763123e-01
0
0
8.269263e-02
0
0
0
0
0
0
0
0
0
0
0
1.934546e-01
2.565288e-01
1.164691e-01
1.634581e-01
1.334448e-02
1.614728e-01
0
0
0
0
0
0
4.542905e-01
2.983542e-01
0
0
1.000000e+00
8.100751e-01
2.148366e-01
2.095137e-01
1.571131e-01
1.181458e-01
1.625773e-01
1.879718e-01
2.794619e-01
2.684536e-01
0
0
5.456005e-02
0
5.701936e-02
0
2.531299e-02
0
1.222093e-01
0
6.447692e-02
2.345426e-02
9.531426e-02
7.084737e-02
3.425839e-01
5.179319e-01
0
0
1.104228e-02
0
2.326429e-01
2.789830e-01
0
0
6.816654e-02
0
2.325135e-01
2.330446e-02
7.124517e-02
8.338412e-02
3.755549e-01
3.936690e-01
2.205514e-01
4.113206e-01
1.237368e-01
3.396723e-02
2.952117e-01
8.364823e-02
2.320892e-01
1.285572e-01
0
1.736015e-01
0
0
0
4.160551e-02
0
2.499361e-02
0
0
0
0
0
0
1.926616e-01
3.622669e-02
4.487951e-01
2.419943e-01
3.927590e-03
0
2.277442e-02
0
0
0
0
0
0
4.394253e-02
0
0
0
8.960285e-02
0
1.562232e-01
0
0
0
0
2.025325e-02
0
0
0
0
0
0
0
0
0
0
0
1.901116e-01
2.490687e-01
0
5.526455e-02
7.330860e-02
7.956825e-02
0
0
0
0
6.005037e-03
0
4.550488e-01
3.866386e-01
0
0
8.100751e-01
1
1.868307e-01
3.519562e-01
0
0
5.077027e-02
0
3.457009e-01
1.108723e-01
0
0
1.577172e-01
0
0
0
3.457153e-02
0
1.381970e-01
0
3.820849e-02
0
2.481548e-02
8.144163e-02
1.643704e-01
3.941871e-01
7.012198e-02
3.510524e-03
3.956533e-01
0
4.084786e-01
3.216754e-01
2.412878e-03
0
3.812624e-01
3.250530e-01
2.284865e-01
0
1.406820e-01
2.170091e-01
4.500320e-01
4.250563e-01
3.716381e-01
5.298241e-01
1.890707e-01
1.023306e-01
2.635262e-01
1.612167e-01
1.994716e-01
0
0
0
0
0
4.613717e-02
0
0
1.332410e-01
0
0
0
0
0
0
0
0
4.056231e-01
4.315312e-01
1.514439e-01
0
1.667274e-01
7.787250e-02
0
0
0
0
0
0
0
0
9.472196e-02
3.405872e-01
0
0
0
0
3.572189e-01
3.539902e-01
4.601358e-01
2.052469e-01
3.462041e-01
6.952656e-03
5.368146e-01
3.500459e-01
0
0
1.169644e-01
0
7.106888e-02
0
0
2.870141e-02
0
0
0
0
1.713031e-01
1.424212e-01
3.523609e-01
3.061470e-01
1.057975e-01
1.178576e-01
0
0
1.379483e-01
1.274263e-01
2.148366e-01
1.868307e-01
1.000000e+00
7.706796e-01
0
3.444421e-02
4.122877e-01
0
6.205860e-03
9.490664e-02
0
0
1.441822e-01
0
0
0
0
0
0
0
0
2.100800e-01
0
0
0
0
0
7.270841e-03
1.812766e-01
2.291237e-01
0
0
8.047673e-01
3.036010e-01
5.411947e-01
3.541586e-01
0
0
0
0
0
0
0
0
0
0
4.429528e-02
6.559331e-02
0
1.553309e-01
0
0
3.720106e-01
1.867667e-01
2.478122e-01
0
8.332535e-02
0
1.963961e-01
2.229405e-01
9.013036e-02
1.880217e-01
1.134157e-01
5.495575e-01
0
1.474352e-01
0
0
0
6.667759e-02
0
0
0
3.027368e-01
5.615692e-02
2.421890e-01
0
0
0
0
0
0
0
3.998111e-01
0
0
9.367795e-02
4.314613e-01
1.319163e-01
2.865426e-01
2.904585e-01
2.268001e-01
4.095379e-01
3.858530e-01
0
0
1.888624e-01
0
0
5.348223e-02
0
8.547309e-03
0
0
0
0
5.461772e-02
7.475833e-02
0
3.050796e-02
0
0
0
0
0
1.433667e-01
2.095137e-01
3.519562e-01
7.706796e-01
1
0
0
1.617037e-01
0
3.475260e-01
1.668946e-01
0
0
1.603254e-01
0
0
0
0
0
0
0
0
1.139029e-01
0
0
0
0
0
1.737723e-01
4.841534e-01
3.685184e-01
0
0
6.428029e-01
7.687044e-02
7.284960e-01
6.697253e-01
0
0
0
0
0
3.035550e-01
0
2.389674e-01
1.793364e-01
0
0
6.440522e-02
0
0
0
0
3.485637e-01
2.467147e-01
2.206261e-01
0
0
0
3.413056e-01
2.948036e-01
2.667442e-01
1.963341e-01
0
3.334369e-01
0
2.343160e-02
0
0
3.543317e-02
3.225850e-02
0
0
0
0
3.910180e-01
2.657129e-01
0
0
0
0
0
0
0
1.364273e-01
6.375460e-02
0
0
0
0
0
0
0
0
0
6.573934e-02
0
0
0
0
0
3.054224e-01
3.072874e-01
0
0
0
0
0
0
0
0
0
0
2.764315e-01
2.688920e-01
1.122045e-02
7.033886e-03
1.571131e-01
0
0
0
1.000000e+00
6.515286e-01
3.924098e-01
8.098505e-01
5.076394e-01
4.593703e-01
2.530897e-01
3.580759e-01
1.701304e-01
2.371179e-01
2.954384e-01
3.143947e-01
2.321416e-01
2.963960e-01
2.089872e-01
3.149793e-01
0
2.277115e-01
3.557495e-01
5.405911e-01
3.374489e-01
1.173530e-01
2.448511e-01
3.682254e-01
0
0
6.842771e-02
0
0
0
5.467915e-02
1.618365e-01
1.946343e-02
1.180492e-01
0
0
2.638331e-01
3.829328e-01
2.682861e-01
1.880056e-01
5.210514e-01
4.935495e-01
4.149080e-01
1.063505e-01
1.351455e-01
0
4.375173e-01
1.176896e-01
0
0
0
5.710190e-02
0
5.661219e-02
0
0
0
0
2.573896e-01
0
4.235096e-01
0
4.064397e-01
4.401475e-01
0
0
0
0
0
6.483300e-02
4.006927e-01
7.704597e-02
1.230152e-01
0
0
3.404417e-01
1.450504e-01
3.470968e-02
7.527077e-02
4.109586e-02
0
4.983482e-04
0
0
0
0
0
0
0
0
0
0
0
0
0
0
2.385210e-01
3.078807e-01
0
0
0
0
0
0
0
0
0
0
2.941273e-01
8.350656e-02
0
0
1.181458e-01
0
3.444421e-02
0
6.515286e-01
1
3.060318e-01
6.942131e-01
2.780250e-01
4.420391e-01
5.198788e-01
4.943141e-01
3.812227e-01
4.624959e-01
5.428514e-01
5.233870e-01
3.850788e-01
4.809937e-01
1.247360e-01
2.804210e-01
0
1.261994e-01
4.052688e-01
4.929829e-01
2.327396e-01
8.627897e-02
8.440914e-02
3.553770e-01
0
0
1.392993e-02
0
0
0
0
0
0
0
6.712502e-02
0
0
0
0
0
2.909892e-01
3.839233e-01
3.425446e-01
0
1.644513e-01
5.450576e-02
3.816113e-01
2.035438e-01
0
0
0
1.598953e-01
0
1.741588e-02
0
0
0
3.217470e-02
4.440081e-01
1.003081e-02
6.594292e-01
1.619232e-01
5.430880e-01
3.136574e-01
0
0
0
0
1.377331e-02
2.750070e-01
9.790310e-02
0
0
0
0
4.612012e-01
2.002298e-01
0
0
3.051986e-01
0
0
0
0
0
0
0
0
0
0
0
0
0
0
0
0
1.070236e-01
3.559269e-01
0
0
0
0
0
0
2.173951e-01
0
0
0
0
0
5.754188e-02
3.968731e-02
1.625773e-01
5.077027e-02
4.122877e-01
1.617037e-01
3.924098e-01
3.060318e-01
1
5.751144e-01
0
7.181592e-02
3.118113e-01
2.694985e-01
4.215684e-01
2.663456e-01
2.274618e-01
2.701224e-01
1.715309e-01
3.262024e-01
4.099314e-01
3.754564e-01
1.508194e-01
3.101279e-01
4.008477e-01
3.132250e-01
9.539051e-02
5.321853e-02
2.198901e-01
9.636082e-02
2.291328e-01
0
0
0
2.902304e-01
0
3.334535e-01
2.634027e-01
0
0
0
0
0
0
0
0
1.972211e-01
2.431796e-01
3.557612e-01
2.402921e-01
0
0
1.861955e-01
0
4.680154e-02
0
5.931166e-01
3.552355e-02
4.617961e-01
1.682031e-01
0
0
0
0
2.069020e-02
1.397753e-02
3.160157e-01
0
2.373869e-01
1.792680e-01
0
0
0
0
0
6.627378e-02
8.218665e-02
0
7.761575e-02
0
0
2.991359e-01
0
8.332491e-02
4.787980e-02
4.997927e-02
1.416647e-01
1.468678e-01
0
0
0
0
0
0
0
0
0
0
0
0
0
0
3.183343e-01
2.348577e-01
0
0
0
0
0
0
0
0
0
0
1.864549e-01
7.151432e-03
0
0
1.879718e-01
0
0
0
8.098505e-01
6.942131e-01
5.751144e-01
1
2.753538e-01
4.266424e-01
3.419417e-01
4.269535e-01
1.130892e-01
2.074038e-01
3.874026e-01
3.600395e-01
3.690733e-01
4.394474e-01
4.511920e-01
4.971696e-01
1.503829e-01
4.152467e-01
4.985763e-01
5.759717e-01
4.955972e-01
2.717013e-01
2.484141e-01
1.535754e-01
0
0
0
0
0
0
0
0
0
1.772436e-02
0
0
4.464254e-02
5.252558e-02
7.781910e-02
0
3.385913e-01
3.222465e-01
4.186880e-01
6.110382e-02
8.265428e-02
0
3.735540e-01
1.345714e-01
0
0
0
6.501385e-02
0
8.732585e-02
0
0
0
0
2.799940e-01
0
4.743392e-01
1.040379e-01
4.450446e-01
4.486361e-01
0
0
0
0
0
1.693113e-01
2.445481e-01
7.636280e-02
5.015060e-02
0
0
4.747088e-01
2.676377e-01
1.083720e-02
2.995056e-01
2.291151e-01
0
0
0
0
0
0
0
0
0
0
1.341214e-01
0
0
0
0
1.619849e-01
4.599771e-01
5.719150e-01
0
0
0
0
0
0
0
0
0
0
6.347389e-01
7.489909e-01
0
9.742794e-02
2.794619e-01
3.457009e-01
6.205860e-03
3.475260e-01
5.076394e-01
2.780250e-01
0
2.753538e-01
1
7.316706e-01
2.074874e-03
1.237295e-01
1.611348e-01
1.937277e-01
1.507147e-02
0
0
0
0
0
0
0
0
1.020560e-01
1.999032e-01
2.863082e-01
1.405934e-01
2.487180e-01
2.849434e-01
0
5.363742e-01
3.338206e-01
0
0
3.275322e-01
4.815380e-01
1.153152e-01
4.108716e-02
2.558733e-01
1.640781e-01
6.532489e-01
7.885768e-01
5.139106e-01
3.716000e-01
4.935016e-01
3.533466e-01
5.435095e-01
3.918293e-01
4.415670e-01
0
3.873754e-01
4.014190e-01
0
0
0
1.977719e-01
0
0
0
0
0
0
0
0
0
0
3.401224e-01
4.578215e-01
0
1.172113e-01
4.870838e-02
6.126949e-02
0
0
6.588351e-01
1.510970e-01
0
0
0
0
0
1.663714e-01
0
0
0
0
0
0
0
0
0
0
1.044628e-01
0
0
0
0
0
0
9.213934e-02
3.962094e-01
4.132039e-01
0
0
0
1.687165e-01
0
0
0
0
0
0
4.282980e-01
3.919147e-01
0
0
2.684536e-01
1.108723e-01
9.490664e-02
1.668946e-01
4.593703e-01
4.420391e-01
7.181592e-02
4.266424e-01
7.316706e-01
1
4.179004e-03
2.269217e-03
7.017749e-02
7.047916e-02
0
0
0
0
0
0
0
2.068734e-01
0
0
2.085929e-01
2.292429e-01
1.106570e-01
1.856449e-01
0
2.458994e-02
1.648915e-01
5.249435e-02
3.992076e-02
0
1.353008e-01
1.385565e-01
6.750341e-02
1.983770e-01
2.032422e-01
0
4.649754e-01
6.082702e-01
1.958238e-01
2.313383e-01
2.266757e-01
7.559019e-02
3.995122e-01
7.684937e-02
2.249970e-01
3.793362e-02
2.823625e-01
5.400616e-01
0
0
0
5.126173e-01
0
0
1.624058e-02
0
0
4.209390e-02
0
0
5.830754e-02
0
1.927573e-01
2.884079e-01
0
6.454959e-02
7.870130e-02
6.525696e-02
1.622967e-02
0
4.869719e-01
4.204932e-01
0
0
0
0
0
0
0
1.960972e-01
0
0
0
0
0
0
0
0
0
0
0
0
0
0
0
0
5.100715e-01
3.582009e-01
0
0
0
0
0
0
0
0
0
0
4.054913e-01
1.453148e-01
0
0
0
0
0
0
2.530897e-01
5.198788e-01
3.118113e-01
3.419417e-01
2.074874e-03
4.179004e-03
1
9.135080e-01
8.157711e-01
8.812641e-01
9.241816e-01
9.498441e-01
8.731594e-01
8.156052e-01
3.369673e-01
3.029343e-01
0
0
6.808965e-01
6.229078e-01
3.177033e-01
9.495509e-02
4.008447e-02
1.305403e-01
0
0
2.944480e-01
0
0
0
0
0
0
0
0
0
0
0
6.697544e-03
0
4.243461e-01
5.917427e-01
3.805534e-01
1.509603e-01
2.824633e-01
2.949799e-02
3.765380e-01
0
0
0
2.265823e-01
0
0
0
0
0
0
0
1.586912e-01
0
5.028733e-01
0
7.672892e-01
5.450168e-01
0
0
2.625390e-01
3.070903e-01
0
0
0
0
0
0
0
7.902926e-01
4.099930e-01
4.132796e-01
0
0
0
2.616242e-02
0
0
0
0
0
0
0
0
0
0
0
0
0
0
6.165420e-01
4.349065e-01
0
0
0
0
0
0
0
0
0
0
5.018591e-01
3.280977e-01
0
0
0
0
0
0
3.580759e-01
4.943141e-01
2.694985e-01
4.269535e-01
1.237295e-01
2.269217e-03
9.135080e-01
1.000000e+00
6.518055e-01
8.351041e-01
9.388671e-01
8.891389e-01
8.988206e-01
8.125232e-01
4.759765e-01
3.563287e-01
1.691725e-02
0
8.300224e-01
7.727179e-01
4.392045e-01
2.591896e-01
1.358446e-01
8.413507e-02
0
0
4.652914e-01
0
0
0
0
0
4.939214e-03
0
0
0
0
0
1.551906e-01
0
4.526846e-01
6.676499e-01
4.534086e-01
2.758779e-01
4.286940e-01
4.456091e-02
5.029447e-01
1.489207e-01
0
0
1.994861e-01
0
0
4.942921e-02
0
0
0
0
1.315619e-01
0
4.873825e-01
0
7.915225e-01
6.346977e-01
0
0
1.559357e-01
3.994420e-01
0
0
0
0
1.476718e-02
0
0
8.193886e-01
4.017285e-01
5.294092e-01
0
0
0
0
0
0
0
0
0
0
0
0
0
0
0
0
0
0
3.694599e-01
4.946712e-01
0
0
0
0
0
0
0
0
0
0
2.912788e-01
2.041071e-01
0
0
5.456005e-02
1.577172e-01
1.441822e-01
1.603254e-01
1.701304e-01
3.812227e-01
4.215684e-01
1.130892e-01
1.611348e-01
7.017749e-02
8.157711e-01
6.518055e-01
1
8.779986e-01
6.308051e-01
7.083285e-01
4.955231e-01
5.098986e-01
1.853961e-02
0
0
0
3.617676e-01
2.941309e-01
5.360589e-02
0
0
1.558984e-01
1.221370e-01
0
1.466339e-01
0
4.868633e-02
0
3.546309e-01
2.885828e-01
0
0
2.072012e-02
0
0
0
2.940148e-02
0
5.877167e-01
6.220185e-01
4.366559e-01
2.700430e-01
2.404575e-01
1.192919e-01
2.593917e-01
0
0
0
5.363443e-01
0
0
0
0
0
0
0
7.976537e-02
0
3.208931e-01
0
5.891540e-01
3.475528e-01
0
0
3.694082e-02
7.395990e-02
0
0
4.606478e-02
0
0
0
0
5.521515e-01
8.060313e-02
3.471282e-01
0
0
0
0
0
0
0
0
0
0
0
0
0
0
0
0
0
0
4.175126e-01
4.438889e-01
0
0
0
0
0
0
0
0
0
0
3.729255e-01
2.770659e-01
0
0
0
0
0
0
2.371179e-01
4.624959e-01
2.663456e-01
2.074038e-01
1.937277e-01
7.047916e-02
8.812641e-01
8.351041e-01
8.779986e-01
1
7.538607e-01
8.511564e-01
7.003337e-01
7.502997e-01
1.731692e-01
1.487770e-01
0
0
5.472207e-01
5.566044e-01
1.197952e-01
0
1.854724e-01
3.171370e-01
8.304703e-02
0
2.949967e-01
0
0
0
1.999332e-01
2.575536e-01
0
0
6.984533e-02
0
0
0
1.173083e-01
0
6.084515e-01
6.649985e-01
4.005284e-01
2.392529e-01
2.678616e-01
5.463996e-02
3.326590e-01
1.769876e-02
0
0
3.717679e-01
1.312888e-02
0
0
0
0
0
0
5.886229e-02
0
3.838703e-01
0
6.730109e-01
5.238956e-01
0
0
2.297138e-01
3.124845e-01
0
0
1.825942e-01
0
0
0
0
6.217920e-01
2.442525e-01
4.615670e-01
0
0
0
1.049177e-01
0
0
0
0
0
0
0
0
0
0
0
0
0
0
5.418686e-01
3.794351e-01
0
0
0
0
0
0
0
0
0
0
4.790051e-01
2.746467e-01
0
0
5.701936e-02
0
0
0
2.954384e-01
5.428514e-01
2.274618e-01
3.874026e-01
1.507147e-02
0
9.241816e-01
9.388671e-01
6.308051e-01
7.538607e-01
1
9.004799e-01
9.104507e-01
7.765094e-01
4.374297e-01
3.634882e-01
3.434423e-02
0
8.350746e-01
7.524067e-01
4.108856e-01
2.766968e-01
0
0
0
0
4.098296e-01
0
0
0
0
0
5.074145e-02
0
0
0
0
0
2.173414e-02
0
3.102331e-01
5.389464e-01
4.007329e-01
2.228514e-01
4.397726e-01
1.840213e-01
4.671307e-01
1.574288e-01
0
0
9.095832e-02
0
0
6.179257e-02
0
0
0
0
2.248455e-01
0
6.077257e-01
0
8.420417e-01
5.246229e-01
0
0
1.396595e-01
2.248891e-01
0
0
0
0
0
0
0
7.876592e-01
3.186017e-01
4.133622e-01
0
0
0
0
0
0
0
0
0
0
0
0
0
0
0
0
0
0
3.668255e-01
2.478133e-01
0
0
0
0
0
0
0
0
0
0
3.339916e-01
1.077816e-01
0
0
0
0
0
0
3.143947e-01
5.233870e-01
2.701224e-01
3.600395e-01
0
0
9.498441e-01
8.891389e-01
7.083285e-01
8.511564e-01
9.004799e-01
1.000000e+00
9.097856e-01
8.629721e-01
3.862016e-01
4.423772e-01
0
0
7.306776e-01
7.456048e-01
2.480412e-01
5.704855e-02
2.055342e-01
2.988185e-01
0
0
3.010558e-01
0
0
0
0
0
0
0
0
0
0
0
9.399147e-02
0
4.040861e-01
6.242937e-01
2.291051e-01
1.618480e-02
1.285425e-01
0
3.050678e-01
0
0
0
1.090105e-01
0
0
0
0
0
0
0
1.557227e-01
0
5.940925e-01
0
7.621898e-01
5.627511e-01
4.895256e-02
0
3.420964e-01
3.343951e-01
0
0
0
0
0
0
0
7.392646e-01
4.842137e-01
4.795888e-01
0
0
1.160431e-01
1.224482e-01
0
0
0
0
0
0
0
0
0
0
0
0
0
0
4.630824e-01
1.540536e-01
0
0
0
0
0
0
0
0
0
0
4.042851e-01
1.432460e-01
0
0
2.531299e-02
3.457153e-02
0
0
2.321416e-01
3.850788e-01
1.715309e-01
3.690733e-01
0
0
8.731594e-01
8.988206e-01
4.955231e-01
7.003337e-01
9.104507e-01
9.097856e-01
1
8.515401e-01
6.161212e-01
5.283382e-01
2.758506e-01
0
8.399964e-01
8.202062e-01
4.118013e-01
2.444141e-01
1.828444e-01
1.143540e-01
0
0
3.886950e-01
0
0
0
0
0
1.107419e-01
0
0
0
0
0
9.897480e-02
0
2.786852e-01
4.911488e-01
2.360370e-01
4.855792e-02
2.411876e-01
0
2.552951e-01
3.000266e-02
0
0
2.134201e-02
0
0
1.176390e-01
0
0
0
0
1.594511e-01
0
5.402595e-01
0
7.806529e-01
6.602458e-01
8.153401e-02
0
3.607865e-01
4.422926e-01
0
0
0
0
0
0
0
7.780067e-01
5.540972e-01
5.498214e-01
0
0
5.873418e-02
0
0
0
0
0
0
0
0
0
0
0
0
0
0
0
2.786750e-01
5.224990e-02
0
0
0
0
0
0
0
0
0
0
1.238307e-01
0
0
0
0
0
0
0
2.963960e-01
4.809937e-01
3.262024e-01
4.394474e-01
0
0
8.156052e-01
8.125232e-01
5.098986e-01
7.502997e-01
7.765094e-01
8.629721e-01
8.515401e-01
1.000000e+00
4.861770e-01
6.783185e-01
1.587603e-01
2.783335e-02
6.900355e-01
7.159729e-01
1.372723e-01
0
2.764633e-01
3.282662e-01
0
0
2.891602e-02
0
0
0
0
0
0
0
0
0
0
0
0
0
2.906272e-01
4.284898e-01
1.339938e-01
0
3.517230e-03
0
3.789619e-01
0
0
0
1.056443e-01
0
0
0
0
0
0
0
2.081424e-01
0
4.897007e-01
0
5.251894e-01
5.119773e-01
9.534073e-02
0
2.721014e-01
3.655053e-01
5.459339e-02
0
1.073963e-02
0
1.061095e-02
0
0
6.750142e-01
3.811644e-01
3.185501e-01
0
0
2.723539e-01
1.829654e-01
0
0
0
0
0
0
0
0
0
0
0
0
0
0
2.289181e-01
4.391974e-02
0
0
3.028238e-02
0
0
0
0
0
0
0
4.074307e-02
0
0
0
1.222093e-01
1.381970e-01
0
0
2.089872e-01
1.247360e-01
4.099314e-01
4.511920e-01
0
0
3.369673e-01
4.759765e-01
1.853961e-02
1.731692e-01
4.374297e-01
3.862016e-01
6.161212e-01
4.861770e-01
1
7.068200e-01
8.029665e-01
3.811730e-01
7.493389e-01
6.881238e-01
3.579662e-01
3.600305e-01
4.477161e-01
1.182454e-02
3.115937e-02
0
9.227955e-02
0
0
0
0
0
1.206128e-02
2.168571e-02
0
0
3.863871e-02
0
1.656424e-01
9.727565e-02
0
1.752787e-01
9.779800e-02
0
0
0
0
2.446464e-02
0
0
7.142794e-02
0
3.844478e-01
5.493252e-01
0
0
0
0
9.535884e-02
0
4.879961e-01
0
3.970065e-01
5.113995e-01
2.042228e-02
0
7.454271e-04
4.685102e-01
1.666575e-01
0
0
0
1.327234e-01
2.311798e-01
0
4.112379e-01
3.888217e-01
4.735332e-01
3.203426e-01
0
4.336575e-01
9.924142e-02
0
0
0
0
4.091754e-02
0
0
0
0
0
0
0
0
0
0
0
0
0
0
0
0
0
1.190246e-01
0
0
0
0
0
3.934787e-04
0
0
0
0
0
3.149793e-01
2.804210e-01
3.754564e-01
4.971696e-01
0
0
3.029343e-01
3.563287e-01
0
1.487770e-01
3.634882e-01
4.423772e-01
5.283382e-01
6.783185e-01
7.068200e-01
1
5.973379e-01
4.800286e-01
5.674609e-01
6.156573e-01
0
0
3.877764e-01
2.809188e-01
0
0
0
0
0
1.646918e-02
0
0
0
6.671397e-02
0
0
0
0
0
0
0
7.143903e-02
0
0
0
0
0
0
0
0
0
0
2.748530e-01
3.676400e-01
7.117245e-02
7.960677e-02
0
0
4.020676e-01
0
5.590023e-01
1.274333e-01
1.092315e-01
2.125635e-01
1.286633e-01
0
0
2.223250e-01
1.652833e-01
1.852021e-01
0
8.714575e-02
2.016126e-01
2.791447e-01
0
4.088570e-01
3.632785e-01
1.239968e-01
4.633834e-01
1.860264e-01
3.267992e-01
3.514781e-01
1.890723e-02
5.062079e-02
8.114357e-02
0
1.685127e-01
0
0
0
0
3.026455e-03
0
0
0
0
0
0
2.015622e-01
2.737455e-01
1.944218e-01
3.040807e-01
0
0
2.438067e-01
8.083700e-02
7.999680e-02
0
0
0
0
0
6.447692e-02
3.820849e-02
0
0
0
0
1.508194e-01
1.503829e-01
0
0
0
1.691725e-02
0
0
3.434423e-02
0
2.758506e-01
1.587603e-01
8.029665e-01
5.973379e-01
1
4.451027e-01
3.966588e-01
3.255497e-01
2.615733e-01
2.538560e-01
2.375224e-01
0
0
0
0
0
0
1.531246e-01
0
0
2.166844e-01
2.701835e-01
0
2.185761e-01
7.096242e-02
0
7.731121e-02
2.377968e-01
0
0
0
0
0
0
0
0
0
0
0
0
4.564201e-01
5.222651e-01
3.812232e-02
0
0
0
2.353717e-03
0
1.822986e-01
0
0
1.458094e-01
1.049018e-01
0
0
2.598768e-01
1.794351e-01
0
0
0
3.099047e-01
5.011478e-01
0
6.279843e-02
1.545538e-01
2.768916e-01
3.715361e-01
2.633998e-02
1.388158e-01
0
2.187852e-01
1.298279e-01
1.364985e-01
0
5.013914e-01
9.058781e-02
1.700459e-01
1.119536e-01
0
0
2.642098e-01
0
0
0
0
0
0
8.692351e-03
1.391831e-01
3.209629e-01
0
0
1.690411e-01
1.217595e-01
3.300384e-02
1.052138e-01
0
0
0
0
2.345426e-02
0
2.100800e-01
1.139029e-01
2.277115e-01
1.261994e-01
3.101279e-01
4.152467e-01
0
2.068734e-01
0
0
0
0
0
0
0
2.783335e-02
3.811730e-01
4.800286e-01
4.451027e-01
1
0
7.012059e-02
0
0
3.195304e-01
2.515521e-01
2.025941e-01
2.091824e-03
0
0
8.736702e-02
6.204714e-02
0
3.191938e-03
0
2.793902e-01
3.390578e-03
3.268308e-02
0
0
0
1.802854e-01
0
0
0
0
0
0
0
0
0
0
0
0
3.054648e-02
1.756648e-01
4.852454e-01
5.446472e-01
0
0
1.684959e-01
0
6.994290e-02
2.966941e-02
0
1.359364e-01
4.145073e-01
0
0
2.435773e-02
2.648514e-01
6.591340e-02
2.552407e-01
4.350576e-01
0
3.357251e-02
0
0
4.596054e-02
0
3.683474e-01
4.126001e-01
1.175062e-01
1.896510e-01
0
0
0
0
0
0
0
0
0
0
0
0
0
0
3.929986e-01
3.270729e-01
0
0
0
0
0
0
0
0
0
0
2.912353e-01
2.094648e-01
0
0
9.531426e-02
2.481548e-02
0
0
3.557495e-01
4.052688e-01
4.008477e-01
4.985763e-01
0
0
6.808965e-01
8.300224e-01
3.617676e-01
5.472207e-01
8.350746e-01
7.306776e-01
8.399964e-01
6.900355e-01
7.493389e-01
5.674609e-01
3.966588e-01
0
1.000000e+00
8.841414e-01
4.311308e-01
3.971833e-01
2.108120e-01
0
0
0
3.448629e-01
0
0
0
0
0
0
0
0
0
0
0
9.560542e-02
0
2.133713e-01
4.721707e-01
3.304349e-01
2.196198e-01
3.118705e-01
1.204621e-01
3.017862e-01
2.507143e-01
0
0
1.636857e-01
8.453653e-02
2.293500e-01
4.311971e-01
0
0
0
0
1.960614e-01
0
6.952221e-01
0
7.535686e-01
5.048483e-01
0
0
0
2.593343e-01
0
0
0
0
1.477934e-01
1.725789e-01
0
6.976559e-01
2.751048e-01
5.436300e-01
1.408442e-01
0
2.223129e-01
0
0
0
0
0
0
0
0
0
0
0
0
0
0
0
3.438989e-01
2.577914e-01
0
0
0
0
0
0
0
0
0
0
3.499235e-01
2.550958e-01
0
0
7.084737e-02
8.144163e-02
0
0
5.405911e-01
4.929829e-01
3.132250e-01
5.759717e-01
1.020560e-01
0
6.229078e-01
7.727179e-01
2.941309e-01
5.566044e-01
7.524067e-01
7.456048e-01
8.202062e-01
7.159729e-01
6.881238e-01
6.156573e-01
3.255497e-01
7.012059e-02
8.841414e-01
1
3.779884e-01
2.914097e-01
3.848662e-01
2.887480e-01
3.210687e-02
0
3.658210e-01
0
0
0
0
0
3.675815e-02
2.720172e-02
0
0
1.377835e-01
0
2.743444e-01
8.304861e-02
3.304226e-01
5.016833e-01
2.989110e-01
1.638247e-01
2.101697e-01
0
2.305354e-01
9.429384e-02
0
0
0
0
1.540454e-02
4.598038e-01
0
0
0
0
1.422467e-01
0
6.250643e-01
0
7.624801e-01
6.870401e-01
0
0
8.691388e-02
3.164138e-01
0
0
7.533344e-02
0
0
0
0
6.112398e-01
3.696544e-01
4.762770e-01
3.339088e-02
0
1.111507e-01
4.759353e-01
0
0
0
0
0
0
0
0
5.485500e-02
1.276786e-01
0
0
0
0
7.561579e-01
5.280740e-01
1.436148e-01
1.125038e-01
9.719026e-02
1.705470e-01
0
0
0
0
9.376447e-03
0
6.210995e-01
4.235628e-01
0
0
3.425839e-01
1.643704e-01
0
0
3.374489e-01
2.327396e-01
9.539051e-02
4.955972e-01
1.999032e-01
2.085929e-01
3.177033e-01
4.392045e-01
5.360589e-02
1.197952e-01
4.108856e-01
2.480412e-01
4.118013e-01
1.372723e-01
3.579662e-01
0
2.615733e-01
0
4.311308e-01
3.779884e-01
1
7.145280e-01
0
0
0
0
4.352293e-01
1.981034e-01
0
0
0
0
5.415625e-01
1.969923e-01
2.571164e-01
1.960321e-01
4.092552e-01
2.209387e-01
3.417128e-01
1.335672e-01
2.768640e-01
3.096450e-01
6.291148e-01
3.937904e-01
5.908780e-01
1.999578e-01
2.694066e-01
3.774625e-01
0
0
0
3.867410e-02
0
1.874704e-01
0
0
0
0
0
0
5.119869e-02
0
5.171722e-01
3.848748e-01
0
1.659737e-02
2.124382e-02
1.562202e-01
0
0
0
0
9.122822e-02
0
0
4.397488e-01
2.732873e-01
1.834361e-01
0
0
1.116293e-01
4.009627e-01
0
0
0
0
0
0
0
0
5.289379e-02
6.825071e-02
0
0
0
1.045015e-02
5.648354e-01
4.932236e-01
1.126033e-01
5.434207e-02
0
2.508864e-02
0
0
0
0
0
0
6.446085e-01
5.356279e-01
0
0
5.179319e-01
3.941871e-01
0
0
1.173530e-01
8.627897e-02
5.321853e-02
2.717013e-01
2.863082e-01
2.292429e-01
9.495509e-02
2.591896e-01
0
0
2.766968e-01
5.704855e-02
2.444141e-01
0
3.600305e-01
0
2.538560e-01
0
3.971833e-01
2.914097e-01
7.145280e-01
1
6.637995e-03
0
0
0
6.307467e-01
4.464582e-01
0
0
0
0
2.095544e-01
0
1.347228e-01
1.376228e-01
5.035619e-01
3.662701e-01
4.826444e-01
2.797530e-01
1.796984e-03
2.206140e-01
3.306734e-01
2.532573e-01
4.710252e-01
1.898255e-01
1.717725e-01
5.451665e-01
0
0
1.530845e-02
2.530868e-01
1.205795e-01
2.984372e-01
0
0
0
0
0
0
7.234229e-02
0
4.829113e-01
3.439869e-01
0
0
0
1.853428e-01
0
0
0
0
2.801031e-02
5.020114e-02
0
8.756933e-02
8.643428e-02
3.735469e-01
0
0
2.938204e-01
0
0
0
0
0
8.384057e-02
0
0
0
0
0
2.726701e-02
0
0
0
0
2.188800e-02
0
0
1.190577e-01
0
0
0
0
0
0
0
0
0
0
0
0
7.012198e-02
0
0
2.448511e-01
8.440914e-02
2.198901e-01
2.484141e-01
1.405934e-01
1.106570e-01
4.008447e-02
1.358446e-01
0
1.854724e-01
0
2.055342e-01
1.828444e-01
2.764633e-01
4.477161e-01
3.877764e-01
2.375224e-01
3.195304e-01
2.108120e-01
3.848662e-01
0
6.637995e-03
1
7.068312e-01
5.033085e-01
0
1.121405e-01
4.511920e-02
0
0
3.912006e-01
5.471109e-01
0
0
0
0
2.105234e-01
1.514485e-01
3.490826e-01
1.369464e-01
2.694164e-02
1.448252e-01
0
0
0
0
0
6.015865e-02
0
0
0
1.038420e-01
2.563927e-01
3.146235e-01
4.468672e-02
3.226199e-01
0
2.585947e-02
0
0
1.206791e-01
0
3.811659e-02
4.000451e-01
2.972931e-01
3.652844e-02
3.527507e-01
6.388730e-01
1.391704e-01
0
3.028872e-01
2.922411e-01
0
0
0
0
3.981992e-01
3.079439e-01
6.646987e-02
0
1.096190e-01
0
0
0
0
0
3.491577e-02
7.011746e-02
0
0
0
0
1.430869e-01
0
0
0
0
0
0
0
0
0
0
0
0
0
0
0
0
0
0
0
0
3.510524e-03
7.270841e-03
1.737723e-01
3.682254e-01
3.553770e-01
9.636082e-02
1.535754e-01
2.487180e-01
1.856449e-01
1.305403e-01
8.413507e-02
1.558984e-01
3.171370e-01
0
2.988185e-01
1.143540e-01
3.282662e-01
1.182454e-02
2.809188e-01
0
2.515521e-01
0
2.887480e-01
0
0
7.068312e-01
1
5.141914e-01
2.711085e-01
1.283353e-02
1.021560e-01
0
0
3.911725e-01
6.139582e-01
0
1.927922e-02
0
0
1.336511e-01
2.340090e-01
2.162481e-01
1.807479e-01
1.329197e-01
2.199042e-01
0
0
0
0
0
0
0
6.341836e-02
0
0
0
5.019079e-02
2.779617e-01
3.933810e-01
0
1.807015e-01
0
0
1.529476e-01
0
6.149216e-02
3.482096e-01
3.069290e-01
0
3.558708e-01
3.783482e-01
0
0
3.820120e-01
2.877518e-01
0
0
0
0
2.605898e-01
6.096464e-02
0
0
0
0
0
5.821212e-02
0
0
1.131599e-01
2.794785e-02
0
0
0
0
3.515680e-01
0
0
1.678122e-01
0
1.827392e-02
0
0
0
0
0
0
0
0
0
0
0
5.561468e-02
0
2.125226e-01
1.104228e-02
3.956533e-01
1.812766e-01
4.841534e-01
0
0
2.291328e-01
0
2.849434e-01
0
0
0
1.221370e-01
8.304703e-02
0
0
0
0
3.115937e-02
0
0
2.025941e-01
0
3.210687e-02
0
0
5.033085e-01
5.141914e-01
1
1.764819e-01
1.927004e-01
2.048608e-01
1.190869e-01
0
5.700993e-01
7.132890e-01
0
0
0
1.060279e-01
2.087484e-01
3.637603e-01
3.947305e-01
4.642373e-01
8.391374e-02
8.370761e-02
0
5.580463e-02
0
0
0
0
4.101621e-03
1.755739e-02
2.428438e-01
0
1.615571e-01
1.279429e-02
3.759062e-01
3.720304e-01
1.338467e-01
0
0
0
0
0
0
3.857366e-01
3.176949e-01
0
2.451173e-01
3.822028e-01
0
0
3.926364e-01
2.166394e-01
0
0
0
0
1.068317e-01
3.789652e-01
0
0
0
0
1.533363e-01
4.465107e-01
6.093558e-02
4.371471e-01
4.037512e-01
7.193781e-01
3.061229e-01
6.426821e-01
0
2.340258e-01
6.197135e-01
4.846636e-01
2.128875e-01
4.069181e-01
0
0
2.295544e-01
2.084119e-01
1.319710e-01
2.139460e-01
2.262404e-01
2.606365e-01
1.318743e-01
1.055040e-01
2.116709e-01
1.806539e-01
0
0
1.422380e-01
1.502411e-01
0
0
2.291237e-01
3.685184e-01
0
0
0
0
0
2.458994e-02
0
0
0
0
0
0
0
0
0
0
0
2.091824e-03
0
0
0
0
0
2.711085e-01
1.764819e-01
1
0
2.135149e-01
2.986939e-01
4.570553e-01
2.454255e-02
8.971641e-02
0
1.503836e-01
1.288081e-01
1.861170e-01
5.031520e-02
1.895581e-01
4.413716e-02
2.222705e-01
0
0
0
0
0
0
0
0
0
3.531928e-01
0
5.150048e-02
0
0
5.100537e-01
3.887381e-01
5.196807e-01
3.308594e-01
0
2.691424e-01
0
1.152481e-01
0
0
2.435052e-01
1.453153e-01
1.682016e-01
0
0
0
0
2.653129e-01
0
0
8.772223e-03
0
0
0
0
3.292280e-02
0
0
0
0
0
0
0
0
0
0
1.958913e-01
3.253322e-01
0
1.409828e-01
0
3.752411e-01
6.203450e-01
4.773343e-01
0
0
0
0
0
0
0
0
0
0
7.883921e-01
7.835638e-01
0
1.056093e-01
2.326429e-01
4.084786e-01
0
0
6.842771e-02
1.392993e-02
0
0
5.363742e-01
1.648915e-01
2.944480e-01
4.652914e-01
1.466339e-01
2.949967e-01
4.098296e-01
3.010558e-01
3.886950e-01
2.891602e-02
9.227955e-02
0
0
0
3.448629e-01
3.658210e-01
4.352293e-01
6.307467e-01
1.121405e-01
1.283353e-02
1.927004e-01
0
1
6.198216e-01
0
0
0
8.497126e-02
3.810669e-01
5.332055e-02
5.749140e-02
2.074905e-01
5.418518e-01
4.700589e-01
4.905029e-01
2.619708e-01
1.703990e-01
3.500946e-01
3.772052e-01
3.938061e-01
6.185396e-01
1.225894e-01
2.736249e-01
4.394322e-01
0
0
0
2.314639e-02
0
9.732305e-02
0
0
1.572768e-02
0
0
0
0
0
5.941506e-01
5.661585e-01
0
0
3.566404e-01
4.657818e-01
0
0
9.419244e-02
0
0
0
0
1.843545e-01
2.735633e-01
5.751679e-01
0
0
3.625671e-01
7.692769e-02
0
7.335463e-02
0
1.000414e-01
0
2.892163e-01
0
0
3.701526e-01
5.891564e-01
2.364480e-01
5.379052e-01
1.138394e-01
4.136470e-01
1.756912e-01
0
3.786694e-01
2.696028e-01
7.406157e-02
1.087417e-01
6.628908e-02
1.179764e-02
0
0
0
0
5.125780e-01
4.735012e-01
0
8.309557e-02
2.789830e-01
3.216754e-01
0
0
0
0
0
0
3.338206e-01
5.249435e-02
0
0
0
0
0
0
0
0
0
0
0
0
0
0
1.981034e-01
4.464582e-01
4.511920e-02
1.021560e-01
2.048608e-01
2.135149e-01
6.198216e-01
1
0
0
0
1.965017e-02
3.114593e-01
1.970262e-01
6.521340e-02
3.463864e-01
5.564018e-01
4.917925e-01
4.430702e-01
3.505573e-01
0
1.567961e-02
0
0
1.856637e-01
0
1.176641e-01
1.844274e-01
0
0
0
0
0
0
0
6.389098e-03
2.286488e-01
9.871371e-03
0
0
0
0
6.256317e-02
1.890019e-01
1.149168e-01
5.899176e-03
4.319681e-01
1.848499e-01
0
0
7.144747e-03
4.961090e-02
0
0
6.345969e-02
0
1.843276e-01
1.716437e-01
0
0
0
0
4.356440e-01
4.517668e-01
5.400935e-01
3.774774e-01
3.545552e-01
4.988257e-02
5.988201e-01
3.503880e-01
0
0
1.965057e-01
0
2.892682e-01
0
0
5.420536e-02
0
0
3.825155e-02
0
4.777118e-01
4.626519e-01
4.991353e-01
4.000400e-01
2.370927e-01
1.754334e-01
0
0
2.990226e-01
2.576451e-01
0
2.412878e-03
8.047673e-01
6.428029e-01
0
0
2.902304e-01
0
0
3.992076e-02
0
0
4.868633e-02
0
0
0
0
0
0
0
0
8.736702e-02
0
0
0
0
0
0
1.190869e-01
2.986939e-01
0
0
1.000000e+00
4.712378e-01
5.047038e-01
2.606983e-01
0
0
2.214970e-02
0
0
2.963452e-02
0
0
0
0
0
5.957201e-02
0
1.735020e-01
0
0
7.002386e-01
2.621772e-01
4.645007e-01
1.527218e-01
2.554317e-01
0
7.022505e-02
1.461399e-01
1.544285e-01
4.474915e-02
0
4.437321e-01
0
0
0
0
0
3.628830e-01
0
0
0
2.283622e-01
0
1.381528e-01
1.774410e-01
2.456302e-02
0
0
0
0
0
1.162223e-01
3.064720e-01
2.203353e-01
6.332800e-01
4.993884e-01
6.009907e-01
2.750276e-01
6.665212e-01
2.031460e-01
2.016106e-01
3.584251e-01
7.989648e-02
7.960367e-02
4.693342e-01
2.301953e-01
3.006944e-01
0
0
0
4.308045e-01
1.960283e-01
3.029441e-01
1.641584e-01
5.251351e-01
5.077745e-01
8.696016e-01
7.428999e-01
5.786700e-01
3.268723e-01
0
0
4.846144e-01
1.347016e-01
0
0
3.036010e-01
7.687044e-02
0
0
0
0
0
0
0
0
0
0
0
0
0
0
0
1.646918e-02
1.531246e-01
6.204714e-02
0
0
0
0
0
0
0
4.570553e-01
0
0
4.712378e-01
1
5.092617e-02
0
0
0
0
0
0
0
0
0
0
0
0
0
0
0
0
0
2.647206e-01
5.729017e-01
1.203889e-01
5.584422e-02
5.707288e-01
1.588642e-01
9.933805e-02
3.195141e-01
2.040198e-01
1.551394e-01
0
2.671549e-01
0
2.353971e-01
0
0
9.325495e-02
2.029535e-01
0
0
2.853978e-01
1.744672e-01
0
5.221819e-02
1.120355e-01
2.727928e-01
2.817120e-01
0
0
0
6.723137e-02
8.028288e-02
0
0
0
1.571430e-01
3.191909e-02
0
7.088426e-02
0
0
0
0
0
0
0
0
0
0
2.416397e-01
0
0
0
0
0
0
0
2.882665e-02
0
0
0
4.995046e-02
0
1.189345e-01
6.816654e-02
3.812624e-01
5.411947e-01
7.284960e-01
5.467915e-02
0
3.334535e-01
0
3.275322e-01
1.353008e-01
0
0
3.546309e-01
1.999332e-01
0
0
0
0
0
0
0
0
0
0
0
0
3.912006e-01
3.911725e-01
5.700993e-01
2.454255e-02
0
0
5.047038e-01
5.092617e-02
1
8.967399e-01
0
0
1.159912e-02
0
4.138331e-02
3.154935e-01
1.638565e-01
2.130120e-01
2.667841e-01
2.104934e-01
9.125042e-02
1.062068e-01
0
0
0
0
3.156472e-01
2.342800e-01
4.041505e-01
1.628487e-01
1.597925e-01
5.414560e-02
5.082528e-02
1.421501e-01
0
3.367136e-02
0
0
0
0
0
1.066406e-02
0
1.521124e-01
0
4.837913e-02
0
0
3.072849e-01
1.512416e-01
0
0
0
0
0
2.121374e-01
0
0
0
0
0
9.575021e-02
0
0
4.930153e-02
0
0
0
0
0
3.262535e-02
0
0
0
0
2.122312e-01
0
0
0
0
0
0
0
0
0
0
0
1.588892e-01
0
1.591824e-01
0
3.250530e-01
3.541586e-01
6.697253e-01
1.618365e-01
0
2.634027e-01
0
4.815380e-01
1.385565e-01
0
0
2.885828e-01
2.575536e-01
0
0
0
0
0
0
0
3.191938e-03
0
0
0
0
5.471109e-01
6.139582e-01
7.132890e-01
8.971641e-02
8.497126e-02
1.965017e-02
2.606983e-01
0
8.967399e-01
1
0
0
1.712182e-02
0
1.612292e-01
3.816923e-01
3.231503e-01
2.173083e-01
3.392237e-01
2.867475e-01
5.726979e-02
1.025576e-01
0
0
0
0
1.053632e-01
2.069069e-01
3.135484e-01
4.101147e-02
9.951898e-02
1.108103e-02
4.661059e-02
2.979955e-01
0
8.663210e-02
0
0
0
0
0
1.718325e-01
9.755933e-03
7.366233e-02
3.784174e-02
1.398450e-01
0
0
5.008395e-01
1.719506e-01
0
0
0
0
0
2.389689e-01
0
0
2.104550e-02
2.454998e-01
0
0
1.364129e-02
2.300642e-01
0
2.501601e-01
0
1.339738e-01
1.935434e-02
5.806265e-01
0
3.636115e-01
4.243148e-02
3.334265e-01
3.898763e-01
7.665064e-02
3.508233e-01
5.938365e-01
4.333835e-01
6.105715e-01
0
1.978243e-02
0
0
2.462053e-01
1.906440e-01
4.063854e-01
3.862929e-01
0
0
2.325135e-01
2.284865e-01
0
0
1.946343e-02
0
0
0
1.153152e-01
6.750341e-02
0
4.939214e-03
0
0
5.074145e-02
0
1.107419e-01
0
1.206128e-02
0
2.166844e-01
0
0
3.675815e-02
5.415625e-01
2.095544e-01
0
0
0
0
3.810669e-01
3.114593e-01
0
0
0
0
1
7.238522e-01
2.881094e-01
5.604841e-01
4.549316e-01
2.658653e-01
1.399858e-01
3.190890e-01
8.432479e-02
0
3.241555e-01
2.559191e-01
5.160935e-01
2.515699e-01
0
1.726118e-01
5.576917e-02
0
0
0
0
7.368003e-02
0
0
5.568149e-02
0
0
0
0
8.435616e-02
1.894988e-01
1.475798e-01
1.223815e-01
1.982636e-01
2.124885e-01
6.303796e-02
0
0
0
0
0
5.340235e-02
2.139346e-01
1.140990e-01
2.101042e-01
3.355655e-02
0
0
2.117925e-01
1.347577e-01
0
2.020358e-01
0
1.937502e-01
2.060503e-01
5.465107e-01
8.537474e-02
3.508963e-01
0
5.732529e-01
2.688009e-01
5.421782e-01
4.396904e-02
4.189399e-01
1.371762e-02
0
3.655963e-01
6.408153e-01
4.523900e-01
7.616189e-01
0
7.516835e-02
0
0
2.332293e-01
2.201922e-01
1.199483e-01
3.926295e-02
0
0
2.330446e-02
0
0
0
1.180492e-01
0
0
1.772436e-02
4.108716e-02
1.983770e-01
0
0
0
0
0
0
0
0
2.168571e-02
6.671397e-02
2.701835e-01
2.793902e-01
0
2.720172e-02
1.969923e-01
0
0
1.927922e-02
0
1.503836e-01
5.332055e-02
1.970262e-01
0
0
0
0
7.238522e-01
1
2.841183e-01
5.056387e-01
4.089406e-01
1.810880e-01
9.085370e-02
3.265090e-01
0
0
0
0
2.822449e-02
0
0
1.208708e-01
0
0
0
0
0
7.709985e-02
4.279557e-01
1.272305e-01
1.752301e-01
2.235574e-01
9.316765e-02
0
0
1.508255e-01
0
8.701912e-02
3.127730e-01
2.071150e-01
2.457559e-01
9.671436e-02
0
0
8.305251e-02
2.962728e-01
0
7.782864e-02
1.656470e-01
0
2.516911e-01
0
1.500294e-01
2.343371e-01
0
1.356803e-01
1.295282e-01
2.188585e-02
1.517542e-01
1.005366e-01
1.949552e-02
8.812708e-02
0
0
4.854099e-02
2.184706e-01
0
0
0
0
2.199774e-01
3.637076e-01
2.508746e-01
2.250138e-01
3.493826e-01
4.715674e-01
2.223123e-02
5.639521e-02
0
4.919853e-02
3.470022e-01
2.774705e-01
4.066929e-01
3.826840e-01
0
2.616940e-02
7.124517e-02
1.406820e-01
0
0
0
6.712502e-02
0
0
2.558733e-01
2.032422e-01
0
0
2.072012e-02
6.984533e-02
0
0
0
0
0
0
0
3.390578e-03
0
0
2.571164e-01
1.347228e-01
0
0
0
1.288081e-01
5.749140e-02
6.521340e-02
2.214970e-02
0
1.159912e-02
1.712182e-02
2.881094e-01
2.841183e-01
1
5.215499e-01
5.443862e-01
3.056006e-01
4.785247e-01
3.491119e-01
3.577400e-01
1.936383e-01
1.979643e-01
1.362516e-01
2.521565e-01
2.024061e-01
0
2.268120e-01
6.607294e-02
0
1.448096e-02
1.463755e-01
0
5.908720e-02
0
0
0
0
0
0
0
0
3.648764e-03
0
0
1.990366e-01
0
0
0
0
1.060410e-01
0
0
0
0
0
0
0
0
0
0
0
0
3.554102e-01
0
3.343719e-01
1.190067e-01
5.070113e-01
0
2.521844e-01
1.862376e-01
5.222668e-01
2.910345e-01
3.426229e-01
1.628631e-01
4.025944e-01
2.676230e-01
9.580038e-02
2.907878e-01
3.624824e-01
9.121997e-02
4.050591e-01
1.489373e-01
1.425168e-01
0
0
3.122906e-03
0
3.195617e-01
4.461435e-01
0
4.272191e-01
8.338412e-02
2.170091e-01
0
0
0
0
0
0
1.640781e-01
0
0
0
0
0
0
0
0
0
0
0
2.185761e-01
3.268308e-02
0
0
1.960321e-01
1.376228e-01
0
0
1.060279e-01
1.861170e-01
2.074905e-01
3.463864e-01
0
0
0
0
5.604841e-01
5.056387e-01
5.215499e-01
1
6.262255e-01
4.357523e-01
4.856239e-01
6.934986e-01
9.960995e-02
0
9.762040e-02
2.634072e-01
2.821294e-01
3.444255e-02
0
0
2.295899e-01
0
0
0
0
1.255906e-01
1.898470e-01
0
9.336647e-02
0
0
0
0
0
0
1.199788e-01
0
2.437661e-01
0
7.276921e-04
0
0
1.248101e-01
0
1.440620e-01
0
0
0
0
0
0
0
0
0
0
0
0
0
0
1.169373e-01
0
0
2.493597e-02
2.618170e-01
0
8.429214e-02
0
2.757492e-01
4.158663e-01
3.675307e-01
8.451624e-02
1.957974e-01
1.161953e-01
3.441502e-01
0
0
0
0
0
0
6.630081e-01
7.147581e-01
0
4.291482e-02
3.755549e-01
4.500320e-01
0
0
2.638331e-01
0
0
4.464254e-02
6.532489e-01
4.649754e-01
0
0
0
0
0
0
0
0
3.863871e-02
0
7.096242e-02
0
0
1.377835e-01
4.092552e-01
5.035619e-01
2.105234e-01
1.336511e-01
2.087484e-01
5.031520e-02
5.418518e-01
5.564018e-01
0
0
4.138331e-02
1.612292e-01
4.549316e-01
4.089406e-01
5.443862e-01
6.262255e-01
1
8.449081e-01
8.547097e-01
7.889048e-01
3.718721e-01
3.026882e-01
2.327496e-01
1.364282e-01
2.769248e-01
0
0
4.130262e-01
0
0
0
2.046329e-01
0
3.697396e-02
0
0
0
0
0
0
0
0
2.536177e-01
4.288400e-01
0
8.415339e-02
2.296931e-01
2.007351e-01
0
0
2.778023e-01
0
0
0
0
0
8.187685e-03
3.341486e-01
0
0
0
0
0
7.349354e-02
0
0
0
1.085927e-01
0
0
0
5.904011e-02
3.677957e-02
0
0
2.358219e-01
3.625095e-01
4.729194e-01
0
0
6.628327e-03
1.626728e-01
0
0
0
0
0
0
5.303629e-01
6.888533e-01
0
2.224265e-01
3.936690e-01
4.250563e-01
0
3.035550e-01
3.829328e-01
0
0
5.252558e-02
7.885768e-01
6.082702e-01
0
0
0
0
0
0
0
0
0
0
0
0
0
0
2.209387e-01
3.662701e-01
1.514485e-01
2.340090e-01
3.637603e-01
1.895581e-01
4.700589e-01
4.917925e-01
2.963452e-02
0
3.154935e-01
3.816923e-01
2.658653e-01
1.810880e-01
3.056006e-01
4.357523e-01
8.449081e-01
1
7.237206e-01
7.680248e-01
3.376626e-01
3.178095e-01
2.931534e-01
1.928022e-01
2.182427e-01
0
1.110955e-01
3.411611e-01
0
0
0
2.823931e-01
0
0
0
0
0
0
0
0
0
0
1.650588e-01
2.930355e-01
0
2.260545e-01
6.151760e-02
6.765240e-02
0
0
3.821347e-01
1.187780e-01
0
0
0
0
0
2.416442e-01
0
0
9.373118e-02
0
0
0
0
0
0
0
0
0
5.578024e-02
1.186100e-01
4.885126e-02
0
0
7.152746e-02
3.344344e-01
3.807318e-01
0
9.134123e-03
0
8.599103e-02
0
0
0
0
0
0
5.323900e-01
5.757045e-01
0
1.395011e-01
2.205514e-01
3.716381e-01
0
0
2.682861e-01
0
0
7.781910e-02
5.139106e-01
1.958238e-01
6.697544e-03
1.551906e-01
2.940148e-02
1.173083e-01
2.173414e-02
9.399147e-02
9.897480e-02
0
1.656424e-01
0
7.731121e-02
0
9.560542e-02
2.743444e-01
3.417128e-01
4.826444e-01
3.490826e-01
2.162481e-01
3.947305e-01
4.413716e-02
4.905029e-01
4.430702e-01
0
0
1.638565e-01
3.231503e-01
1.399858e-01
9.085370e-02
4.785247e-01
4.856239e-01
8.547097e-01
7.237206e-01
1
7.554860e-01
4.908824e-01
5.885818e-01
1.047627e-01
7.254951e-02
6.950837e-02
0
0
2.046775e-01
0
0
6.707694e-02
1.090371e-01
0
1.413375e-01
0
0
0
0
0
0
0
0
2.573037e-01
4.488038e-01
0
6.267810e-02
1.199508e-01
2.720816e-01
0
0
1.878834e-01
0
0
0
0
0
1.120198e-01
5.292480e-01
0
0
0
0
0
2.229103e-01
0
0
1.871655e-02
3.077133e-01
0
1.767819e-02
0
8.991775e-02
1.485142e-01
0
0
2.096863e-01
1.728014e-01
1.920430e-01
0
1.696486e-01
6.608529e-02
3.198801e-01
0
0
0
0
0
0
3.364756e-01
4.429358e-01
0
1.818551e-01
4.113206e-01
5.298241e-01
0
2.389674e-01
1.880056e-01
0
0
0
3.716000e-01
2.313383e-01
0
0
0
0
0
0
0
0
9.727565e-02
0
2.377968e-01
1.802854e-01
0
8.304861e-02
1.335672e-01
2.797530e-01
1.369464e-01
1.807479e-01
4.642373e-01
2.222705e-01
2.619708e-01
3.505573e-01
0
0
2.130120e-01
2.173083e-01
3.190890e-01
3.265090e-01
3.491119e-01
6.934986e-01
7.889048e-01
7.680248e-01
7.554860e-01
1.000000e+00
2.775522e-01
2.241866e-01
2.056505e-02
1.597779e-02
0
0
0
1.734978e-03
0
0
0
5.376623e-02
0
1.112537e-01
2.624842e-01
0
0
0
0
0
0
0
1.263862e-01
3.292573e-01
1.747055e-02
1.446452e-02
5.396693e-02
9.166417e-02
0
0
1.544430e-01
0
0
0
0
0
0
3.378038e-01
0
0
0
0
0
0
0
0
0
0
0
0
0
0
0
0
0
0
3.610259e-01
4.029255e-01
0
0
0
0
0
0
0
0
0
0
4.524269e-01
4.481802e-01
0
0
1.237368e-01
1.890707e-01
0
1.793364e-01
5.210514e-01
2.909892e-01
1.972211e-01
3.385913e-01
4.935016e-01
2.266757e-01
4.243461e-01
4.526846e-01
5.877167e-01
6.084515e-01
3.102331e-01
4.040861e-01
2.786852e-01
2.906272e-01
0
0
0
0
2.133713e-01
3.304226e-01
2.768640e-01
1.796984e-03
2.694164e-02
1.329197e-01
8.391374e-02
0
1.703990e-01
0
0
0
2.667841e-01
3.392237e-01
8.432479e-02
0
3.577400e-01
9.960995e-02
3.718721e-01
3.376626e-01
4.908824e-01
2.775522e-01
1
7.863592e-01
4.376335e-01
2.129857e-01
2.600487e-01
0
2.596895e-01
0
0
0
3.355764e-01
0
0
0
0
0
0
0
4.295836e-02
0
1.228745e-01
0
4.756241e-01
4.422114e-01
0
0
0
0
0
0
3.371059e-01
0
3.732640e-05
0
0
4.097291e-01
9.199346e-02
3.842643e-01
0
0
0
0
0
0
0
0
0
0
0
0
5.867540e-03
0
0
0
0
0
4.058240e-01
4.475720e-01
0
0
0
0
0
0
0
0
0
0
4.526725e-01
4.226370e-01
0
0
3.396723e-02
1.023306e-01
0
0
4.935495e-01
3.839233e-01
2.431796e-01
3.222465e-01
3.533466e-01
7.559019e-02
5.917427e-01
6.676499e-01
6.220185e-01
6.649985e-01
5.389464e-01
6.242937e-01
4.911488e-01
4.284898e-01
1.752787e-01
7.143903e-02
0
0
4.721707e-01
5.016833e-01
3.096450e-01
2.206140e-01
1.448252e-01
2.199042e-01
8.370761e-02
0
3.500946e-01
1.567961e-02
0
0
2.104934e-01
2.867475e-01
0
0
1.936383e-01
0
3.026882e-01
3.178095e-01
5.885818e-01
2.241866e-01
7.863592e-01
1.000000e+00
2.688774e-01
4.402832e-02
1.701818e-01
0
3.241865e-01
7.418040e-02
0
0
3.029824e-01
5.883539e-02
0
0
0
0
0
0
6.579817e-02
0
3.598156e-01
0
5.607644e-01
4.608721e-01
0
0
0
1.472719e-01
0
0
0
0
6.504876e-02
0
0
5.281681e-01
2.831074e-01
6.081290e-01
0
0
0
0
0
0
0
0
0
0
0
0
2.409035e-02
0
0
0
0
0
7.648786e-01
8.097868e-01
0
0
0
0
0
0
0
0
0
0
5.800347e-01
5.954086e-01
0
9.871757e-02
2.952117e-01
2.635262e-01
4.429528e-02
0
4.149080e-01
3.425446e-01
3.557612e-01
4.186880e-01
5.435095e-01
3.995122e-01
3.805534e-01
4.534086e-01
4.366559e-01
4.005284e-01
4.007329e-01
2.291051e-01
2.360370e-01
1.339938e-01
9.779800e-02
0
0
0
3.304349e-01
2.989110e-01
6.291148e-01
3.306734e-01
0
0
0
0
3.772052e-01
0
0
0
9.125042e-02
5.726979e-02
3.241555e-01
0
1.979643e-01
9.762040e-02
2.327496e-01
2.931534e-01
1.047627e-01
2.056505e-02
4.376335e-01
2.688774e-01
1.000000e+00
8.287742e-01
7.941470e-01
4.305729e-01
4.744053e-01
2.535724e-01
1.139106e-01
0
2.593715e-01
0
0
4.955327e-02
0
0
0
0
0
0
0
0
5.668533e-01
4.117135e-01
0
3.119879e-02
0
0
0
0
3.449671e-01
0
0
0
0
3.836245e-01
0
3.826018e-02
0
0
0
0
0
0
0
0
0
0
0
0
2.080431e-01
8.717861e-03
0
0
1.727226e-02
0
5.671871e-01
7.268786e-01
0
0
0
0
1.010530e-01
0
0
0
0
0
3.791087e-01
5.819640e-01
9.017666e-02
4.633067e-01
8.364823e-02
1.612167e-01
6.559331e-02
6.440522e-02
1.063505e-01
0
2.402921e-01
6.110382e-02
3.918293e-01
7.684937e-02
1.509603e-01
2.758779e-01
2.700430e-01
2.392529e-01
2.228514e-01
1.618480e-02
4.855792e-02
0
0
0
0
0
2.196198e-01
1.638247e-01
3.937904e-01
2.532573e-01
0
0
5.580463e-02
0
3.938061e-01
0
5.957201e-02
0
1.062068e-01
1.025576e-01
2.559191e-01
0
1.362516e-01
2.634072e-01
1.364282e-01
1.928022e-01
7.254951e-02
1.597779e-02
2.129857e-01
4.402832e-02
8.287742e-01
1
7.714985e-01
5.206734e-01
4.119585e-01
1.642959e-01
4.274774e-01
0
4.249645e-01
0
6.124307e-02
1.823449e-01
0
0
0
0
0
0
0
0
3.228611e-01
1.684524e-01
0
1.853096e-01
0
0
0
0
4.154014e-01
0
1.007255e-01
0
0
1.566088e-01
0
1.696254e-02
0
0
0
1.533229e-01
0
0
0
8.374005e-02
0
0
0
0
2.600989e-01
1.717067e-01
0
0
6.637828e-02
1.122427e-01
7.577021e-01
6.667804e-01
0
0
0
0
7.059610e-02
0
0
0
0
0
7.188175e-01
7.703548e-01
0
1.618635e-01
2.320892e-01
1.994716e-01
0
0
1.351455e-01
1.644513e-01
0
8.265428e-02
4.415670e-01
2.249970e-01
2.824633e-01
4.286940e-01
2.404575e-01
2.678616e-01
4.397726e-01
1.285425e-01
2.411876e-01
3.517230e-03
0
0
0
0
3.118705e-01
2.101697e-01
5.908780e-01
4.710252e-01
0
0
0
0
6.185396e-01
1.856637e-01
0
0
0
0
5.160935e-01
2.822449e-02
2.521565e-01
2.821294e-01
2.769248e-01
2.182427e-01
6.950837e-02
0
2.600487e-01
1.701818e-01
7.941470e-01
7.714985e-01
1
6.752764e-01
5.320074e-01
4.330739e-01
1.778218e-01
0
6.657399e-02
7.045815e-03
0
3.739965e-02
0
0
0
0
0
0
0
0
5.439171e-01
2.738953e-01
0
5.055134e-02
0
0
0
0
1.282184e-01
0
1.549763e-01
0
0
3.382335e-01
0
9.322975e-02
0
0
0
2.731369e-01
1.117390e-01
1.407136e-02
3.510765e-01
4.072920e-01
0
0
2.855545e-01
1.240428e-01
4.961771e-02
2.806329e-02
0
0
2.324481e-01
1.176925e-01
2.231101e-01
4.360489e-01
9.668409e-02
6.160182e-02
0
0
3.531395e-01
3.112709e-01
9.644487e-02
1.310333e-01
1.845220e-01
2.735548e-01
1.908843e-01
3.356368e-01
7.162999e-02
1.037942e-01
1.285572e-01
0
1.553309e-01
0
0
5.450576e-02
0
0
0
3.793362e-02
2.949799e-02
4.456091e-02
1.192919e-01
5.463996e-02
1.840213e-01
0
0
0
0
0
0
0
1.204621e-01
0
1.999578e-01
1.898255e-01
0
0
0
0
1.225894e-01
0
1.735020e-01
0
0
0
2.515699e-01
0
2.024061e-01
3.444255e-02
0
0
0
0
0
0
4.305729e-01
5.206734e-01
6.752764e-01
1
2.254985e-01
4.670420e-01
3.710010e-01
1.024469e-01
1.925306e-01
3.442381e-01
0
1.111999e-01
0
0
1.904449e-02
0
2.448350e-02
3.496782e-01
4.743517e-02
0
1.968682e-01
0
0
0
0
0
0
7.031315e-02
0
0
1.474044e-01
2.027649e-01
3.511624e-01
3.382229e-02
0
0
0
1.246269e-01
0
1.599837e-02
0
0
0
0
0
0
0
0
4.787894e-01
0
0
0
5.304781e-02
0
5.399934e-01
4.305849e-01
0
0
0
0
1.582470e-01
0
0
0
0
0
4.055617e-01
4.376517e-01
3.317711e-01
3.272453e-01
0
0
0
0
4.375173e-01
3.816113e-01
1.861955e-01
3.735540e-01
3.873754e-01
2.823625e-01
3.765380e-01
5.029447e-01
2.593917e-01
3.326590e-01
4.671307e-01
3.050678e-01
2.552951e-01
3.789619e-01
0
0
0
0
3.017862e-01
2.305354e-01
2.694066e-01
1.717725e-01
0
0
0
0
2.736249e-01
1.176641e-01
0
0
0
0
0
0
0
0
0
1.110955e-01
0
0
2.596895e-01
3.241865e-01
4.744053e-01
4.119585e-01
5.320074e-01
2.254985e-01
1
3.278916e-01
0
0
6.150147e-02
6.162133e-02
0
0
0
0
0
0
1.206963e-02
1.071078e-01
2.098587e-02
0
3.081012e-01
1.765513e-01
0
1.342056e-02
0
0
0
1.075813e-02
2.607430e-01
0
4.043254e-01
0
0
3.387566e-01
0
0
0
0
0
1.971385e-01
0
0
0
0
0
0
0
0
9.010880e-02
2.630650e-03
0
0
0
1.955221e-01
3.712460e-01
4.779140e-01
3.787727e-03
0
0
5.792618e-02
9.310896e-02
5.290621e-02
0
0
0
0
4.668896e-01
5.192069e-01
0
0
1.736015e-01
0
0
0
1.176896e-01
2.035438e-01
0
1.345714e-01
4.014190e-01
5.400616e-01
0
1.489207e-01
0
1.769876e-02
1.574288e-01
0
3.000266e-02
0
2.446464e-02
0
0
0
2.507143e-01
9.429384e-02
3.774625e-01
5.451665e-01
6.015865e-02
0
0
0
4.394322e-01
1.844274e-01
0
0
0
0
1.726118e-01
1.208708e-01
2.268120e-01
0
4.130262e-01
3.411611e-01
2.046775e-01
1.734978e-03
0
7.418040e-02
2.535724e-01
1.642959e-01
4.330739e-01
4.670420e-01
3.278916e-01
1
0
0
0
7.867348e-01
0
3.716129e-02
0
0
0
0
0
0
1.725886e-01
0
2.598387e-01
2.100357e-02
0
9.236764e-02
1.106270e-02
8.634662e-02
7.181557e-02
0
5.660738e-02
2.463584e-02
9.579520e-02
1.938347e-01
3.502699e-01
0
0
1.480558e-01
0
0
0
0
3.474148e-01
4.740313e-01
4.222637e-01
4.935454e-01
1.431421e-01
6.885035e-02
4.320188e-01
2.718904e-01
1.945851e-01
5.298292e-02
6.949592e-02
0
4.090294e-01
1.723537e-02
0
1.146292e-01
0
3.419305e-02
1.276823e-02
0
6.251139e-01
6.089252e-01
3.158530e-01
2.848247e-01
2.235306e-01
9.621648e-02
0
2.134302e-02
3.835196e-01
4.423271e-01
0
0
3.720106e-01
3.485637e-01
0
0
4.680154e-02
0
0
0
0
0
0
0
0
0
0
0
0
0
0
0
0
0
0
0
0
0
4.101621e-03
0
0
0
7.002386e-01
2.647206e-01
3.156472e-01
1.053632e-01
5.576917e-02
0
6.607294e-02
2.295899e-01
0
0
0
0
0
0
1.139106e-01
4.274774e-01
1.778218e-01
3.710010e-01
0
0
1
4.331717e-01
5.485140e-01
0
3.707990e-01
1.025910e-01
0
0
2.212066e-01
0
0
2.324675e-01
0
0
0
0
0
5.146680e-01
0
0
0
1.286946e-01
0
0
4.589662e-01
1.657508e-01
7.667483e-02
0
0
0
0
0
2.028444e-01
0
3.076783e-01
6.238671e-01
2.584973e-01
4.331118e-01
3.027597e-01
4.119756e-01
2.031672e-01
4.101250e-01
3.069875e-01
3.322361e-01
3.428555e-01
4.349869e-01
2.596849e-01
2.068564e-01
0
0
1.737127e-01
1.690694e-01
1.001177e-01
0
5.060463e-01
5.817030e-01
3.494008e-01
3.413065e-01
3.360192e-01
1.003646e-01
0
0
2.730993e-01
3.028085e-01
0
0
1.867667e-01
2.467147e-01
0
0
0
0
0
0
0
0
0
0
0
0
0
0
0
0
0
0
0
0
0
0
0
6.341836e-02
1.755739e-02
3.531928e-01
0
0
2.621772e-01
5.729017e-01
2.342800e-01
2.069069e-01
0
0
0
0
0
0
0
0
0
0
0
0
0
1.024469e-01
0
0
4.331717e-01
1.000000e+00
1.826729e-02
0
2.830698e-01
2.626407e-01
1.813045e-01
1.806015e-01
5.232492e-01
3.825869e-01
1.023903e-01
1.923939e-01
0
1.725956e-01
0
0
0
2.880856e-01
0
0
9.833514e-03
1.991363e-01
0
1.956105e-03
8.407484e-02
2.159853e-01
3.009652e-01
0
0
0
1.292270e-02
0
0
0
0
0
1.651993e-01
0
0
0
0
0
0
0
0
0
0
0
8.450313e-02
3.980012e-01
0
0
0
0
4.849288e-02
0
1.812290e-01
7.558846e-02
0
0
0
1.219192e-02
4.014099e-02
1.639725e-01
0
4.613717e-02
2.478122e-01
2.206261e-01
0
0
5.931166e-01
0
0
0
2.265823e-01
1.994861e-01
5.363443e-01
3.717679e-01
9.095832e-02
1.090105e-01
2.134201e-02
1.056443e-01
7.142794e-02
0
0
0
1.636857e-01
0
0
1.530845e-02
0
0
2.428438e-01
0
0
0
4.645007e-01
1.203889e-01
4.041505e-01
3.135484e-01
0
0
1.448096e-02
0
0
0
6.707694e-02
0
3.355764e-01
3.029824e-01
2.593715e-01
4.249645e-01
6.657399e-02
1.925306e-01
6.150147e-02
0
5.485140e-01
1.826729e-02
1
4.965915e-02
5.271985e-01
1.869131e-02
0
0
0
0
0
4.109520e-02
0
0
5.919533e-02
0
0
0
0
0
0
0
3.533699e-02
0
1.688783e-01
0
0
1.748392e-01
0
2.802719e-01
0
0
0
5.959553e-02
0
3.113110e-03
3.640590e-02
0
0
0
1.103354e-02
0
0
0
0
0
0
7.019250e-02
0
3.357719e-01
0
0
3.213271e-02
6.782023e-02
4.155948e-02
6.379335e-02
1.510473e-01
8.960377e-02
1.728396e-03
0
3.169851e-02
1.805119e-01
0
0
4.160551e-02
0
0
0
5.710190e-02
1.598953e-01
3.552355e-02
6.501385e-02
1.977719e-01
5.126173e-01
0
0
0
1.312888e-02
0
0
0
0
0
0
0
0
8.453653e-02
0
3.867410e-02
2.530868e-01
1.038420e-01
0
0
5.150048e-02
2.314639e-02
0
1.527218e-01
5.584422e-02
1.628487e-01
4.101147e-02
0
0
1.463755e-01
0
2.046329e-01
2.823931e-01
1.090371e-01
5.376623e-02
0
5.883539e-02
0
0
7.045815e-03
3.442381e-01
6.162133e-02
7.867348e-01
0
0
4.965915e-02
1.000000e+00
9.876947e-04
0
0
0
0
0
0
6.970643e-02
3.045776e-01
9.794950e-02
2.365434e-02
0
0
9.503336e-02
0
0
1.590655e-01
0
6.200073e-02
1.743522e-01
5.087181e-02
2.394580e-01
3.765668e-01
0
0
1.026001e-01
8.891674e-02
1.987229e-01
3.483107e-01
1.883076e-01
3.591369e-01
1.481178e-01
2.975868e-01
0
2.501899e-01
0
0
0
1.653413e-01
0
3.224067e-02
0
8.300320e-02
0
0
0
6.067364e-02
0
0
0
3.057856e-01
2.080323e-01
6.574840e-01
4.459578e-01
1.013720e-01
0
0
0
3.510106e-01
1.974993e-01
0
0
8.332535e-02
0
0
0
4.617961e-01
0
0
0
0
0
0
0
0
0
0
0
3.844478e-01
2.748530e-01
4.564201e-01
3.054648e-02
2.293500e-01
1.540454e-02
0
1.205795e-01
2.563927e-01
0
1.615571e-01
0
0
0
2.554317e-01
5.707288e-01
1.597925e-01
9.951898e-02
0
0
0
0
0
0
0
0
0
0
0
6.124307e-02
0
0
0
0
3.707990e-01
2.830698e-01
5.271985e-01
9.876947e-04
1
4.623238e-01
0
2.059554e-02
0
0
0
0
0
0
0
0
0
6.870676e-02
0
5.730624e-02
1.577338e-01
9.197991e-02
0
0
3.582027e-01
3.970379e-01
1.087542e-01
0
0
1.879670e-01
2.331182e-01
0
3.457552e-01
7.130097e-02
2.138819e-02
2.103774e-01
9.941276e-02
0
0
0
0
0
1.043762e-01
1.441042e-01
0
0
0
0
0
1.455791e-01
0
0
1.391880e-01
3.797679e-02
0
0
1.961018e-01
6.272569e-02
8.183243e-02
0
0
2.230199e-02
0
1.793444e-01
2.499361e-02
1.332410e-01
0
0
5.661219e-02
1.741588e-02
1.682031e-01
8.732585e-02
0
0
0
4.942921e-02
0
0
6.179257e-02
0
1.176390e-01
0
5.493252e-01
3.676400e-01
5.222651e-01
1.756648e-01
4.311971e-01
4.598038e-01
1.874704e-01
2.984372e-01
3.146235e-01
5.019079e-02
1.279429e-02
0
9.732305e-02
0
0
1.588642e-01
5.414560e-02
1.108103e-02
7.368003e-02
7.709985e-02
5.908720e-02
1.255906e-01
3.697396e-02
0
1.413375e-01
1.112537e-01
0
0
4.955327e-02
1.823449e-01
3.739965e-02
1.111999e-01
0
3.716129e-02
1.025910e-01
2.626407e-01
1.869131e-02
0
4.623238e-01
1
0
0
0
0
0
0
2.850806e-01
0
1.176527e-01
3.148616e-02
0
1.496154e-01
0
1.129513e-01
0
0
0
0
7.896841e-02
1.906586e-01
0
1.852864e-02
0
1.076394e-01
9.842432e-02
0
0
0
0
3.109298e-01
4.291314e-02
3.138245e-01
3.432323e-01
6.490818e-01
4.511072e-01
5.763757e-01
0
1.542426e-01
4.848497e-01
3.693803e-01
1.790361e-01
4.956373e-01
0
0
0
1.698172e-01
2.061192e-01
3.252421e-01
0
0
0
0
1.105311e-01
1.551292e-01
0
0
0
0
0
0
1.963961e-01
3.413056e-01
0
0
0
0
0
1.624058e-02
0
0
0
0
0
0
0
0
0
7.117245e-02
3.812232e-02
4.852454e-01
0
0
0
0
4.468672e-02
2.779617e-01
3.759062e-01
5.100537e-01
0
0
7.022505e-02
9.933805e-02
5.082528e-02
4.661059e-02
0
4.279557e-01
0
1.898470e-01
0
0
0
2.624842e-01
0
0
0
0
0
0
0
0
0
1.813045e-01
0
0
0
0
1.000000e+00
4.977897e-01
5.424712e-01
3.507895e-01
2.127003e-02
5.917821e-02
0
2.423193e-02
0
0
6.009762e-01
0
2.969561e-01
9.136970e-02
1.044182e-01
0
1.952975e-01
4.588472e-01
0
0
0
0
6.163925e-02
0
8.801859e-02
3.329003e-01
3.427289e-01
0
3.773653e-01
1.906421e-01
1.536145e-01
2.151259e-02
6.923778e-01
2.289619e-01
2.520317e-01
2.518406e-01
1.296881e-01
8.685157e-02
6.997727e-01
2.882370e-01
2.628001e-01
1.570430e-02
0
0
8.169456e-02
0
1.601182e-01
1.377088e-01
3.260182e-02
1.443351e-01
2.043965e-01
3.231353e-01
2.257627e-01
2.495156e-01
0
0
4.626779e-02
0
0
0
2.229405e-01
2.948036e-01
0
0
0
0
0
0
0
0
0
0
0
0
0
0
0
7.960677e-02
0
5.446472e-01
0
0
0
0
3.226199e-01
3.933810e-01
3.720304e-01
3.887381e-01
0
6.389098e-03
1.461399e-01
3.195141e-01
1.421501e-01
2.979955e-01
0
1.272305e-01
0
0
0
0
0
0
0
0
0
0
0
0
0
0
0
1.806015e-01
0
0
2.059554e-02
0
4.977897e-01
1
4.185558e-01
5.794384e-01
6.047394e-03
1.076829e-01
0
1.486450e-01
0
0
5.423492e-01
1.485926e-01
1.686445e-01
1.413356e-01
3.404088e-01
1.791768e-01
2.167901e-01
5.148008e-01
0
0
0
0
2.433767e-01
0
1.533366e-01
1.466362e-01
0
0
9.673905e-02
3.145209e-01
1.967304e-01
7.152553e-01
2.386826e-01
6.084565e-01
6.299937e-01
6.513809e-01
1.918641e-01
5.170189e-01
5.483475e-01
7.685645e-01
7.162728e-01
7.314306e-01
0
0
2.704549e-01
2.972521e-01
1.586110e-01
1.177173e-01
4.343759e-01
5.337055e-01
0
1.839705e-01
3.211210e-01
4.205300e-01
0
0
9.175202e-03
6.381263e-02
0
0
9.013036e-02
2.667442e-01
0
0
0
0
0
0
0
0
0
0
0
0
0
0
0
0
0
0
0
0
0
0
0
0
1.338467e-01
5.196807e-01
1.572768e-02
2.286488e-01
1.544285e-01
2.040198e-01
0
0
5.568149e-02
1.752301e-01
0
9.336647e-02
0
0
0
0
0
0
0
0
0
1.904449e-02
0
0
2.212066e-01
5.232492e-01
0
0
0
0
5.424712e-01
4.185558e-01
1
6.761704e-01
0
3.275727e-01
0
1.349776e-01
0
0
3.312918e-01
2.277626e-01
2.808581e-01
0
1.213830e-01
9.258264e-02
4.040993e-02
2.932369e-01
0
0
2.000242e-01
0
2.370543e-02
0
5.000437e-03
4.196140e-02
1.094548e-01
0
3.152120e-01
1.354721e-01
2.110830e-01
2.538056e-01
3.349757e-01
2.886588e-01
4.910507e-01
4.066192e-01
1.794285e-01
2.522322e-01
3.834276e-01
5.539842e-01
4.156024e-01
3.015557e-01
0
0
7.675837e-02
1.001000e-01
2.460136e-01
1.215808e-01
2.410893e-01
3.735761e-01
1.403205e-01
4.030837e-01
3.133459e-01
4.408479e-01
0
0
1.656638e-01
0
0
0
1.880217e-01
1.963341e-01
0
3.217470e-02
0
0
0
4.209390e-02
0
0
0
0
0
0
0
0
0
0
0
0
0
0
0
0
2.585947e-02
1.807015e-01
0
3.308594e-01
0
9.871371e-03
4.474915e-02
1.551394e-01
3.367136e-02
8.663210e-02
0
2.235574e-01
0
0
0
0
0
0
0
0
0
0
0
0
0
0
0
3.825869e-01
0
0
0
0
3.507895e-01
5.794384e-01
6.761704e-01
1
2.463729e-01
4.699425e-01
0
5.909364e-01
0
0
3.733273e-01
2.655919e-01
3.049038e-01
3.314666e-02
3.327125e-01
4.895001e-01
1.449505e-01
6.265181e-01
0
0
4.240689e-01
0
2.302396e-01
0
2.883719e-01
4.258466e-01
1.252807e-01
3.154901e-01
8.111221e-03
3.530546e-02
1.246687e-01
1.209015e-01
0
6.378328e-02
2.432218e-01
1.714277e-01
0
0
0
0
0
0
0
0
3.366317e-02
3.154811e-01
4.307459e-02
8.715911e-02
0
9.208438e-02
0
1.969082e-02
4.836298e-02
2.486212e-01
0
0
0
0
0
0
1.134157e-01
0
2.573896e-01
4.440081e-01
2.069020e-02
2.799940e-01
0
0
1.586912e-01
1.315619e-01
7.976537e-02
5.886229e-02
2.248455e-01
1.557227e-01
1.594511e-01
2.081424e-01
9.535884e-02
4.020676e-01
2.353717e-03
1.684959e-01
1.960614e-01
1.422467e-01
0
0
0
0
0
0
0
0
0
0
0
0
0
9.316765e-02
0
0
0
0
0
0
4.295836e-02
6.579817e-02
0
0
0
2.448350e-02
1.206963e-02
0
0
1.023903e-01
0
0
0
0
2.127003e-02
6.047394e-03
0
2.463729e-01
1
4.092114e-01
6.087848e-01
5.504101e-01
8.621676e-02
0
0
0
0
0
3.271924e-01
7.921859e-01
0
1.230020e-01
2.387447e-01
4.464507e-01
3.479318e-01
4.786029e-01
2.110873e-01
0
5.789763e-01
5.644974e-01
0
2.042366e-01
5.522156e-01
3.186072e-01
4.688160e-01
5.191213e-01
3.109361e-01
2.505896e-01
6.975612e-01
5.894997e-01
2.494936e-02
0
7.413962e-03
1.451857e-01
4.671016e-01
0
0
0
2.391038e-01
1.048716e-01
0
0
4.306302e-01
4.891253e-01
3.997641e-01
4.533394e-01
2.239419e-01
5.367176e-01
0
0
3.954101e-01
0
0
0
5.495575e-01
3.334369e-01
0
1.003081e-02
1.397753e-02
0
0
0
0
0
0
0
0
0
0
0
0
0
0
0
0
0
0
0
0
0
0
2.691424e-01
0
0
4.437321e-01
2.671549e-01
0
0
0
0
0
0
0
0
0
0
0
0
0
0
0
3.496782e-01
1.071078e-01
0
2.324675e-01
1.923939e-01
4.109520e-02
6.970643e-02
0
0
5.917821e-02
1.076829e-01
3.275727e-01
4.699425e-01
4.092114e-01
1
0
5.453657e-01
0
0
7.389842e-03
0
0
0
2.926281e-01
6.268652e-01
0
2.576145e-01
1.476041e-01
3.557574e-01
5.483026e-01
0
0
0
3.086042e-01
6.325643e-01
2.071418e-03
1.412683e-01
0
0
0
0
0
0
0
0
0
0
0
0
0
0
0
4.689252e-02
0
0
0
0
0
0
0
0
0
0
0
0
0
0
1.926616e-01
0
0
0
4.235096e-01
6.594292e-01
3.160157e-01
4.743392e-01
0
5.830754e-02
5.028733e-01
4.873825e-01
3.208931e-01
3.838703e-01
6.077257e-01
5.940925e-01
5.402595e-01
4.897007e-01
4.879961e-01
5.590023e-01
1.822986e-01
6.994290e-02
6.952221e-01
6.250643e-01
5.119869e-02
7.234229e-02
1.206791e-01
1.529476e-01
0
0
0
0
0
0
0
0
0
0
0
0
0
0
0
0
1.228745e-01
3.598156e-01
0
0
0
4.743517e-02
2.098587e-02
1.725886e-01
0
0
0
3.045776e-01
0
2.850806e-01
0
0
0
0
6.087848e-01
0
1
2.980206e-01
5.549194e-01
1.705448e-01
0
0
0
0
1.713255e-01
3.441113e-01
0
0
0
2.739816e-01
1.655936e-01
4.916438e-01
2.360826e-01
2.336509e-01
3.679247e-01
3.858163e-01
2.332357e-01
2.940452e-01
2.500189e-01
4.818261e-02
4.083524e-01
9.072904e-02
2.930819e-01
6.661566e-02
2.380498e-01
2.597969e-01
0
2.158081e-02
0
1.698692e-01
1.922240e-03
0
0
0
2.799812e-01
3.581881e-01
3.964154e-01
2.705356e-01
1.472924e-02
1.310641e-01
3.270974e-01
5.565226e-01
4.416341e-01
5.081903e-01
0
0
1.636187e-01
0
3.622669e-02
0
1.474352e-01
2.343160e-02
0
1.619232e-01
0
1.040379e-01
0
0
0
0
0
0
0
0
0
0
0
1.274333e-01
0
2.966941e-02
0
0
0
0
0
0
0
1.152481e-01
0
0
0
2.353971e-01
0
0
8.435616e-02
1.508255e-01
0
0
0
0
0
0
0
0
0
0
0
0
0
0
0
1.725956e-01
0
9.794950e-02
0
0
2.423193e-02
1.486450e-01
1.349776e-01
5.909364e-01
5.504101e-01
5.453657e-01
2.980206e-01
1.000000e+00
0
0
3.047201e-01
0
2.066348e-01
0
4.444074e-01
7.006678e-01
0
4.066950e-01
0
3.855233e-01
7.430637e-01
1.078133e-01
3.488567e-01
0
5.979316e-01
6.974977e-01
0
1.246250e-02
0
0
0
0
0
0
0
0
0
0
0
0
0
0
5.937133e-01
5.341591e-01
0
0
0
0
0
0
0
0
0
0
7.061099e-01
5.372018e-01
0
0
4.487951e-01
4.056231e-01
0
0
4.064397e-01
5.430880e-01
2.373869e-01
4.450446e-01
3.401224e-01
1.927573e-01
7.672892e-01
7.915225e-01
5.891540e-01
6.730109e-01
8.420417e-01
7.621898e-01
7.806529e-01
5.251894e-01
3.970065e-01
1.092315e-01
0
0
7.535686e-01
7.624801e-01
5.171722e-01
4.829113e-01
3.811659e-02
6.149216e-02
0
0
5.941506e-01
6.256317e-02
0
0
0
0
1.894988e-01
0
3.648764e-03
0
2.536177e-01
1.650588e-01
2.573037e-01
1.263862e-01
4.756241e-01
5.607644e-01
5.668533e-01
3.228611e-01
5.439171e-01
1.968682e-01
3.081012e-01
2.598387e-01
0
0
5.919533e-02
2.365434e-02
0
1.176527e-01
0
0
0
0
8.621676e-02
0
5.549194e-01
0
1
7.058255e-01
0
0
2.133340e-01
1.705608e-01
0
0
0
0
0
0
0
6.346496e-01
2.877579e-01
5.132316e-01
0
0
0
0
0
0
0
0
0
0
0
0
0
0
0
0
0
0
6.122807e-01
2.906750e-01
0
0
0
0
0
0
0
0
0
0
6.338721e-01
4.352975e-01
0
0
2.419943e-01
4.315312e-01
0
0
4.401475e-01
3.136574e-01
1.792680e-01
4.486361e-01
4.578215e-01
2.884079e-01
5.450168e-01
6.346977e-01
3.475528e-01
5.238956e-01
5.246229e-01
5.627511e-01
6.602458e-01
5.119773e-01
5.113995e-01
2.125635e-01
1.458094e-01
1.359364e-01
5.048483e-01
6.870401e-01
3.848748e-01
3.439869e-01
4.000451e-01
3.482096e-01
3.857366e-01
0
5.661585e-01
1.890019e-01
0
0
1.066406e-02
1.718325e-01
1.475798e-01
8.701912e-02
0
1.199788e-01
4.288400e-01
2.930355e-01
4.488038e-01
3.292573e-01
4.422114e-01
4.608721e-01
4.117135e-01
1.684524e-01
2.738953e-01
0
1.765513e-01
2.100357e-02
0
0
0
0
0
3.148616e-02
0
0
0
0
0
0
1.705448e-01
0
7.058255e-01
1.000000e+00
2.126527e-01
0
4.189539e-01
6.112664e-01
0
0
2.474913e-01
0
0
0
0
4.397599e-01
5.172386e-01
5.771645e-01
0
0
1.942962e-01
0
0
0
1.657759e-01
0
4.218090e-01
2.363417e-01
7.901772e-02
1.868057e-01
0
2.232947e-01
3.124292e-01
2.888313e-01
1.279612e-01
1.750721e-01
0
0
2.181658e-01
1.685417e-01
3.753093e-01
2.938436e-01
0
0
0
2.165720e-01
3.226601e-01
3.733034e-01
0
0
0
0
3.927590e-03
1.514439e-01
0
3.543317e-02
0
0
0
0
0
0
0
0
0
0
0
4.895256e-02
8.153401e-02
9.534073e-02
2.042228e-02
1.286633e-01
1.049018e-01
4.145073e-01
0
0
0
0
2.972931e-01
3.069290e-01
3.176949e-01
2.435052e-01
0
1.149168e-01
0
9.325495e-02
0
9.755933e-03
1.223815e-01
3.127730e-01
0
0
0
0
0
1.747055e-02
0
0
0
0
0
0
0
0
0
0
0
0
0
0
6.009762e-01
5.423492e-01
3.312918e-01
3.733273e-01
0
7.389842e-03
0
3.047201e-01
0
2.126527e-01
1.000000e+00
0
7.301202e-01
2.994928e-01
2.991137e-01
0
4.937156e-02
2.719663e-01
0
0
0
0
5.015045e-01
0
6.305294e-02
2.233302e-01
0
0
3.213721e-01
3.671183e-01
1.619631e-01
1.393496e-01
1.688480e-01
1.381801e-01
2.119617e-01
1.313289e-01
3.795510e-01
3.676242e-01
4.164198e-01
3.218785e-01
2.620862e-01
1.963081e-01
6.097979e-02
1.242098e-01
0
7.376634e-03
3.648418e-01
2.973369e-01
5.466238e-01
5.009463e-01
2.491069e-01
2.583974e-01
2.340214e-01
2.811131e-02
0
3.179627e-02
5.017835e-01
4.920329e-01
0
0
6.667759e-02
3.225850e-02
0
0
0
0
1.172113e-01
6.454959e-02
0
0
0
0
0
0
0
0
0
0
0
0
0
0
1.659737e-02
0
3.652844e-02
0
0
1.453153e-01
0
5.899176e-03
3.628830e-01
2.029535e-01
1.521124e-01
7.366233e-02
1.982636e-01
2.071150e-01
1.990366e-01
2.437661e-01
8.415339e-02
2.260545e-01
6.267810e-02
1.446452e-02
0
0
3.119879e-02
1.853096e-01
5.055134e-02
0
1.342056e-02
9.236764e-02
5.146680e-01
2.880856e-01
0
9.503336e-02
6.870676e-02
1.496154e-01
0
1.485926e-01
2.277626e-01
2.655919e-01
0
0
0
0
0
0
0
1
0
1.422757e-01
0
8.697608e-02
1.635504e-01
2.694603e-01
2.695615e-01
0
1.270977e-01
0
0
0
0
0
1.279581e-01
0
0
0
0
0
0
1.052027e-01
0
0
0
2.802961e-01
6.048497e-02
3.431780e-01
1.187599e-02
3.793161e-01
8.346016e-02
0
1.373751e-01
9.879446e-02
2.759845e-01
1.274869e-01
0
0
0
0
1.049160e-01
1.561598e-01
2.737323e-01
1.849196e-02
0
0
2.277442e-02
1.667274e-01
0
0
0
0
0
0
4.870838e-02
7.870130e-02
2.625390e-01
1.559357e-01
3.694082e-02
2.297138e-01
1.396595e-01
3.420964e-01
3.607865e-01
2.721014e-01
7.454271e-04
0
0
0
0
8.691388e-02
2.124382e-02
0
3.527507e-01
3.558708e-01
2.451173e-01
1.682016e-01
3.566404e-01
4.319681e-01
0
0
0
3.784174e-02
2.124885e-01
2.457559e-01
0
0
2.296931e-01
6.151760e-02
1.199508e-01
5.396693e-02
0
0
0
0
0
0
0
1.106270e-02
0
0
0
0
0
0
2.969561e-01
1.686445e-01
2.808581e-01
3.049038e-01
0
0
0
2.066348e-01
2.133340e-01
4.189539e-01
7.301202e-01
0
1
5.431110e-01
2.954057e-01
0
1.223462e-02
1.725932e-01
0
0
0
2.191099e-02
5.922904e-01
2.771892e-01
0
0
1.188652e-01
0
0
0
0
0
0
0
0
0
0
1.046230e-01
4.063516e-02
3.858056e-02
0
1.282718e-01
3.885228e-01
6.394685e-02
0
0
2.434136e-01
0
0
0
0
0
0
0
2.486514e-01
9.402698e-02
0
0
0
7.787250e-02
0
0
0
0
0
0
6.126949e-02
6.525696e-02
3.070903e-01
3.994420e-01
7.395990e-02
3.124845e-01
2.248891e-01
3.343951e-01
4.422926e-01
3.655053e-01
4.685102e-01
2.223250e-01
2.598768e-01
2.435773e-02
2.593343e-01
3.164138e-01
1.562202e-01
1.853428e-01
6.388730e-01
3.783482e-01
3.822028e-01
0
4.657818e-01
1.848499e-01
0
0
4.837913e-02
1.398450e-01
6.303796e-02
9.671436e-02
0
7.276921e-04
2.007351e-01
6.765240e-02
2.720816e-01
9.166417e-02
0
1.472719e-01
0
0
0
0
0
8.634662e-02
0
0
0
0
5.730624e-02
1.129513e-01
9.136970e-02
1.413356e-01
0
3.314666e-02
0
0
0
0
1.705608e-01
6.112664e-01
2.994928e-01
1.422757e-01
5.431110e-01
1
1.357333e-01
0
2.799053e-02
1.281814e-01
0
0
0
1.411776e-01
5.962007e-01
4.988020e-01
0
0
2.181351e-01
3.521423e-01
2.295738e-01
0
4.003920e-01
1.856267e-02
2.895705e-01
0
2.344460e-01
0
0
0
0
5.112103e-02
2.475631e-01
0
0
0
3.059373e-01
2.557288e-01
3.270381e-01
2.048765e-01
0
1.690544e-01
3.436627e-01
4.325826e-01
4.270293e-01
5.601007e-01
0
0
0
0
0
0
0
0
0
1.377331e-02
0
0
0
1.622967e-02
0
0
0
0
0
0
0
5.459339e-02
1.666575e-01
1.652833e-01
1.794351e-01
2.648514e-01
0
0
0
0
1.391704e-01
0
0
0
0
0
0
2.853978e-01
0
0
0
0
0
0
0
0
0
0
0
0
0
0
0
0
0
7.181557e-02
0
9.833514e-03
0
1.590655e-01
1.577338e-01
0
1.044182e-01
3.404088e-01
1.213830e-01
3.327125e-01
3.271924e-01
2.926281e-01
1.713255e-01
4.444074e-01
0
0
2.991137e-01
0
2.954057e-01
1.357333e-01
1
4.479881e-01
0
3.114052e-01
2.810080e-02
4.516184e-01
3.179299e-01
0
2.402682e-01
1.667981e-02
4.735798e-01
3.590849e-01
1.870510e-01
3.740768e-01
4.038676e-01
1.105480e-01
4.256316e-01
1.429432e-01
2.150865e-01
0
4.010305e-01
1.742920e-01
1.143236e-01
0
0
0
1.814533e-01
0
0
0
1.061576e-01
1.935229e-01
1.740947e-01
6.875192e-02
2.721590e-01
3.856870e-01
3.844604e-01
4.715344e-01
2.788414e-01
4.438475e-01
0
0
3.791905e-01
0
0
0
3.027368e-01
0
6.483300e-02
2.750070e-01
6.627378e-02
1.693113e-01
0
0
0
0
0
0
0
0
0
0
0
1.852021e-01
0
6.591340e-02
0
0
0
0
0
0
0
0
0
0
2.283622e-01
1.744672e-01
0
0
0
0
0
0
0
0
0
0
0
0
0
0
0
7.031315e-02
1.075813e-02
0
1.286946e-01
1.991363e-01
0
0
9.197991e-02
0
0
1.791768e-01
9.258264e-02
4.895001e-01
7.921859e-01
6.268652e-01
3.441113e-01
7.006678e-01
0
0
0
8.697608e-02
0
0
4.479881e-01
1
0
3.003693e-01
2.965758e-01
4.882139e-01
5.878922e-01
2.711412e-01
1.175835e-01
0
6.296223e-01
6.454281e-01
0
0
0
3.463125e-02
0
0
0
8.240905e-02
6.192099e-02
0
5.999139e-02
0
2.943274e-02
0
0
1.737961e-01
9.205059e-02
2.415390e-01
0
0
0
0
0
0
0
0
0
0
1.046916e-01
3.154281e-01
0
2.033622e-01
0
0
5.615692e-02
3.910180e-01
4.006927e-01
9.790310e-02
8.218665e-02
2.445481e-01
6.588351e-01
4.869719e-01
0
0
4.606478e-02
1.825942e-01
0
0
0
1.073963e-02
0
0
0
2.552407e-01
0
7.533344e-02
0
0
3.028872e-01
3.820120e-01
3.926364e-01
0
9.419244e-02
7.144747e-03
0
0
3.072849e-01
5.008395e-01
0
8.305251e-02
1.060410e-01
1.248101e-01
2.778023e-01
3.821347e-01
1.878834e-01
1.544430e-01
3.371059e-01
0
3.449671e-01
4.154014e-01
1.282184e-01
0
2.607430e-01
5.660738e-02
0
0
3.533699e-02
6.200073e-02
0
0
1.952975e-01
2.167901e-01
4.040993e-02
1.449505e-01
0
0
0
0
0
2.474913e-01
4.937156e-02
1.635504e-01
1.223462e-02
2.799053e-02
0
0
1
3.602050e-01
0
0
0
0
0
0
0
0
5.440182e-02
0
1.692618e-01
2.735679e-01
0
0
3.872609e-01
2.895216e-01
4.440350e-01
2.993997e-01
0
0
4.324004e-01
3.378115e-01
1.559378e-01
2.934817e-01
0
0
0
0
1.892021e-01
2.300991e-01
2.770504e-02
1.443235e-01
8.055843e-02
1.588786e-01
0
1.091375e-01
0
0
0
0
0
0
2.421890e-01
2.657129e-01
7.704597e-02
0
0
7.636280e-02
1.510970e-01
4.204932e-01
0
0
0
0
0
0
0
0
0
8.714575e-02
0
4.350576e-01
0
0
0
0
2.922411e-01
2.877518e-01
2.166394e-01
2.653129e-01
0
4.961090e-02
1.381528e-01
5.221819e-02
1.512416e-01
1.719506e-01
0
2.962728e-01
0
0
0
1.187780e-01
0
0
0
0
0
0
0
0
0
2.463584e-02
0
1.956105e-03
0
1.743522e-01
0
0
4.588472e-01
5.148008e-01
2.932369e-01
6.265181e-01
1.230020e-01
2.576145e-01
0
4.066950e-01
0
0
2.719663e-01
2.694603e-01
1.725932e-01
1.281814e-01
3.114052e-01
3.003693e-01
3.602050e-01
1.000000e+00
0
1.122496e-01
2.522278e-01
0
1.138574e-01
0
5.750620e-01
5.396102e-01
2.285243e-01
4.624912e-01
4.015042e-01
2.671568e-01
3.001412e-02
1.298615e-01
4.831765e-02
0
5.939812e-02
0
4.724785e-01
2.594409e-02
0
0
2.620328e-01
0
5.933105e-02
0
2.171514e-01
1.569652e-01
0
0
5.267672e-01
5.470600e-01
3.055491e-01
6.200073e-02
0
0
0
4.360716e-02
5.864250e-01
2.849045e-01
0
0
0
0
1.230152e-01
0
7.761575e-02
5.015060e-02
0
0
0
1.476718e-02
0
0
0
0
0
1.061095e-02
1.327234e-01
2.016126e-01
3.099047e-01
0
1.477934e-01
0
9.122822e-02
2.801031e-02
0
0
0
0
0
0
1.774410e-01
1.120355e-01
0
0
0
0
0
1.440620e-01
0
0
0
0
3.732640e-05
6.504876e-02
0
1.007255e-01
1.549763e-01
1.474044e-01
4.043254e-01
9.579520e-02
4.589662e-01
8.407484e-02
1.688783e-01
5.087181e-02
3.582027e-01
7.896841e-02
0
0
0
0
2.387447e-01
1.476041e-01
0
0
0
0
0
2.695615e-01
0
0
2.810080e-02
2.965758e-01
0
0
1
6.337447e-01
2.327914e-01
1.123756e-01
0
0
1.917045e-01
0
3.409082e-01
5.979616e-01
3.731391e-01
3.775261e-01
2.527461e-01
2.258751e-01
2.182658e-01
9.637515e-02
1.886879e-01
1.723413e-01
1.209336e-01
1.674069e-02
0
9.924889e-02
1.807190e-01
0
0
0
4.393182e-01
4.613842e-01
3.696420e-02
1.568130e-01
3.486496e-01
4.926809e-01
4.059438e-01
3.099405e-01
1.761590e-01
2.072491e-01
0
0
2.585020e-01
0
4.394253e-02
0
0
0
0
0
0
0
0
0
0
0
0
0
0
0
0
0
2.311798e-01
2.791447e-01
5.011478e-01
3.357251e-02
1.725789e-01
0
0
5.020114e-02
0
0
0
0
0
0
2.456302e-02
2.727928e-01
0
0
5.340235e-02
7.782864e-02
0
0
0
0
0
0
0
0
0
0
0
2.027649e-01
0
1.938347e-01
1.657508e-01
2.159853e-01
0
2.394580e-01
3.970379e-01
1.906586e-01
0
0
0
0
4.464507e-01
3.557574e-01
2.739816e-01
3.855233e-01
0
0
0
0
0
0
4.516184e-01
4.882139e-01
0
1.122496e-01
6.337447e-01
1
6.518135e-01
0
0
1.822170e-03
6.605711e-01
3.314171e-01
2.263633e-01
5.015758e-01
3.646252e-01
2.582667e-01
3.774493e-01
3.495089e-01
1.131619e-01
1.648612e-01
2.941986e-01
3.245661e-01
1.673108e-01
2.850583e-01
0
3.677051e-01
2.601757e-01
1.331156e-01
0
0
4.837668e-01
4.511005e-01
2.918068e-01
2.507962e-01
4.580403e-01
5.139025e-01
4.149169e-01
5.453571e-01
4.058628e-01
4.835934e-01
0
0
3.988649e-01
0
0
0
0
0
0
0
0
0
0
0
0
0
0
0
0
0
0
0
0
0
0
0
0
0
0
0
0
0
0
8.772223e-03
0
6.345969e-02
0
2.817120e-01
0
0
2.139346e-01
1.656470e-01
0
0
0
0
0
0
0
0
0
0
0
3.511624e-01
0
3.502699e-01
7.667483e-02
3.009652e-01
0
3.765668e-01
1.087542e-01
0
0
0
2.000242e-01
4.240689e-01
3.479318e-01
5.483026e-01
1.655936e-01
7.430637e-01
0
0
0
1.270977e-01
0
0
3.179299e-01
5.878922e-01
0
2.522278e-01
2.327914e-01
6.518135e-01
1
0
0
0
5.666003e-01
5.308451e-01
9.115798e-02
2.730118e-01
0
0
0
0
0
0
0
0
0
0
0
0
0
0
4.266952e-01
1.515135e-01
0
0
0
0
0
0
0
0
0
0
2.495850e-01
2.422978e-02
0
0
0
0
0
0
3.404417e-01
4.612012e-01
2.991359e-01
4.747088e-01
0
0
7.902926e-01
8.193886e-01
5.521515e-01
6.217920e-01
7.876592e-01
7.392646e-01
7.780067e-01
6.750142e-01
4.112379e-01
4.088570e-01
6.279843e-02
0
6.976559e-01
6.112398e-01
4.397488e-01
8.756933e-02
0
0
0
0
1.843545e-01
0
0
0
0
0
1.140990e-01
0
0
0
0
0
0
0
4.097291e-01
5.281681e-01
3.836245e-01
1.566088e-01
3.382335e-01
3.382229e-02
3.387566e-01
0
0
0
1.748392e-01
0
0
1.852864e-02
0
0
0
0
4.786029e-01
0
4.916438e-01
1.078133e-01
6.346496e-01
4.397599e-01
0
0
2.191099e-02
1.411776e-01
0
2.711412e-01
0
0
1.123756e-01
0
0
1
5.203226e-01
3.292517e-01
7.656447e-02
0
4.391899e-01
9.129693e-02
0
0
0
0
0
0
0
0
0
1.457443e-01
8.236931e-02
9.157867e-02
0
0
1.361284e-01
0
2.673453e-02
1.797414e-01
3.329439e-01
1.507634e-01
0
0
0
0
9.916919e-02
1.821883e-02
1.459269e-01
0
0
0
0
9.472196e-02
0
0
1.450504e-01
2.002298e-01
0
2.676377e-01
0
0
4.099930e-01
4.017285e-01
8.060313e-02
2.442525e-01
3.186017e-01
4.842137e-01
5.540972e-01
3.811644e-01
3.888217e-01
3.632785e-01
1.545538e-01
4.596054e-02
2.751048e-01
3.696544e-01
2.732873e-01
8.643428e-02
3.981992e-01
2.605898e-01
1.068317e-01
0
2.735633e-01
1.843276e-01
0
0
0
0
2.101042e-01
2.516911e-01
0
0
8.187685e-03
0
1.120198e-01
0
9.199346e-02
2.831074e-01
0
0
0
0
0
0
0
0
0
0
0
0
6.163925e-02
2.433767e-01
2.370543e-02
2.302396e-01
2.110873e-01
0
2.360826e-01
3.488567e-01
2.877579e-01
5.172386e-01
5.015045e-01
0
5.922904e-01
5.962007e-01
2.402682e-01
1.175835e-01
0
1.138574e-01
0
0
0
5.203226e-01
1
3.853158e-01
2.451809e-01
0
0
0
0
0
0
0
0
0
0
0
0
0
0
0
0
6.018617e-02
3.115076e-01
1.916745e-01
0
0
0
0
0
0
0
0
0
0
3.416748e-01
3.810886e-01
0
0
8.960285e-02
3.405872e-01
0
0
3.470968e-02
0
8.332491e-02
1.083720e-02
1.663714e-01
0
4.132796e-01
5.294092e-01
3.471282e-01
4.615670e-01
4.133622e-01
4.795888e-01
5.498214e-01
3.185501e-01
4.735332e-01
1.239968e-01
2.768916e-01
0
5.436300e-01
4.762770e-01
1.834361e-01
3.735469e-01
3.079439e-01
6.096464e-02
3.789652e-01
0
5.751679e-01
1.716437e-01
0
0
2.121374e-01
2.389689e-01
3.355655e-02
0
0
0
3.341486e-01
2.416442e-01
5.292480e-01
3.378038e-01
3.842643e-01
6.081290e-01
3.826018e-02
1.696254e-02
9.322975e-02
0
0
1.480558e-01
0
0
2.802719e-01
1.026001e-01
1.879670e-01
1.076394e-01
0
0
0
0
0
0
2.336509e-01
0
5.132316e-01
5.771645e-01
0
0
2.771892e-01
4.988020e-01
1.667981e-02
0
0
0
0
1.822170e-03
0
3.292517e-01
3.853158e-01
1
0
0
3.799248e-01
3.099157e-01
1.411314e-01
1.614611e-01
1.218549e-01
3.823467e-02
2.418487e-01
2.188277e-02
2.861269e-01
1.728051e-01
0
0
6.961617e-02
8.909462e-02
9.725446e-02
0
0
0
1.471728e-01
2.885351e-01
6.924099e-02
1.299812e-01
6.068298e-02
1.757375e-01
2.298449e-01
2.572337e-01
1.844857e-02
1.860915e-01
0
0
3.996183e-02
0
0
0
0
0
7.527077e-02
0
4.787980e-02
2.995056e-01
0
0
0
0
0
0
0
0
0
0
3.203426e-01
4.633834e-01
3.715361e-01
3.683474e-01
1.408442e-01
3.339088e-02
0
0
6.646987e-02
0
0
0
0
0
0
6.723137e-02
0
0
0
1.500294e-01
0
0
0
0
0
0
0
0
0
0
0
0
0
0
0
1.292270e-02
0
8.891674e-02
2.331182e-01
9.842432e-02
8.801859e-02
1.533366e-01
5.000437e-03
2.883719e-01
5.789763e-01
3.086042e-01
3.679247e-01
5.979316e-01
0
0
6.305294e-02
0
0
0
4.735798e-01
6.296223e-01
0
5.750620e-01
1.917045e-01
6.605711e-01
5.666003e-01
7.656447e-02
2.451809e-01
0
1
6.394533e-01
0
1.650259e-01
2.768562e-01
1.673105e-01
3.792991e-01
1.346646e-01
2.667761e-01
1.540686e-01
4.943113e-01
3.979455e-01
0
0
0
1.501680e-02
2.721996e-02
0
0
0
6.922580e-02
1.941618e-01
2.315442e-01
3.013496e-01
0
5.881576e-02
2.611262e-01
3.826820e-01
2.086552e-01
4.416299e-01
0
0
2.552239e-02
0
1.562232e-01
0
3.998111e-01
1.364273e-01
4.109586e-02
3.051986e-01
4.997927e-02
2.291151e-01
0
1.960972e-01
0
0
0
0
0
0
0
0
0
1.860264e-01
2.633998e-02
4.126001e-01
0
0
0
0
0
0
0
3.292280e-02
0
0
1.162223e-01
8.028288e-02
0
0
0
2.343371e-01
0
0
0
0
0
0
0
0
0
0
0
1.246269e-01
0
0
0
0
0
1.987229e-01
0
0
3.329003e-01
1.466362e-01
4.196140e-02
4.258466e-01
5.644974e-01
6.325643e-01
3.858163e-01
6.974977e-01
0
0
2.233302e-01
0
0
0
3.590849e-01
6.454281e-01
0
5.396102e-01
0
3.314171e-01
5.308451e-01
0
0
0
6.394533e-01
1
