1.000000e+00
5.376212e-01
2.013735e-01
1.537921e-01
0
0
3.364667e-01
3.507582e-02
0
0
5.250347e-01
5.144426e-01
4.562885e-01
3.552003e-01
0
0
0
0
5.493360e-01
3.770409e-01
1.084715e-01
9.723947e-02
0
1.357174e-01
1.273946e-01
9.412204e-02
1.955095e-01
9.697430e-02
0
0
1.814891e-01
0
0
0
0
0
0
0
0
3.711940e-02
0
0
0
0
0
0
0
0
7.915384e-02
2.935094e-02
2.135688e-01
3.556727e-01
2.918096e-01
2.667212e-02
0
1.271637e-01
2.172767e-01
3.618115e-01
3.855487e-01
3.050993e-01
1.610438e-01
0
1.528917e-01
4.186419e-01
0
3.328485e-01
0
0
1.852939e-01
3.338563e-01
0
0
0
0
1.292850e-02
0
0
0
0
0
0
0
0
0
0
8.895273e-02
0
0
3.550104e-01
9.176559e-02
0
2.673272e-01
0
6.664444e-02
3.255299e-01
5.481848e-02
4.673112e-02
3.731019e-01
0
5.799772e-02
2.462729e-01
0
2.463713e-01
3.340587e-01
4.328257e-01
3.424708e-01
0
1.430387e-01
2.682413e-01
4.323639e-01
4.187275e-01
2.037699e-01
5.020049e-01
5.177588e-02
4.686238e-01
1.446343e-01
5.376212e-01
1
2.965162e-02
0
1.308743e-01
1.923274e-01
4.344140e-04
0
0
0
1.822462e-01
2.802350e-01
2.216210e-02
8.622406e-02
9.261784e-02
0
0
0
7.387001e-01
6.743399e-01
6.210170e-02
2.901677e-01
4.002090e-02
2.333182e-01
1.555069e-02
6.368756e-02
2.819654e-01
4.275339e-01
1.381665e-01
0
8.212577e-02
0
1.819705e-01
0
0
0
0
0
0
9.448604e-02
0
0
0
5.951512e-03
0
0
1.038945e-01
0
1.333498e-01
0
1.308732e-01
9.204682e-02
2.869404e-01
0
7.356904e-02
0
4.991869e-01
5.250402e-01
0
0
0
0
1.142054e-01
2.577690e-01
0
8.469687e-02
0
0
3.989129e-01
3.005333e-01
0
0
0
0
0
0
0
0
0
0
1.391208e-01
1.115246e-01
0
0
0
0
0
0
1.054294e-01
0
0
0
0
0
5.181347e-01
2.820210e-01
1.983226e-01
3.813216e-01
1.163257e-01
0
0
0
0
0
4.368350e-01
4.469514e-01
0
0
4.598203e-01
5.915187e-01
5.639919e-01
4.139740e-01
2.526577e-01
1.331213e-01
4.582445e-01
2.848506e-01
2.013735e-01
2.965162e-02
1.000000e+00
6.378051e-01
3.058102e-01
3.126475e-01
8.057887e-01
3.728215e-01
3.966895e-01
4.915293e-01
3.872343e-01
9.832150e-02
4.653653e-01
2.112011e-01
3.648953e-01
0
0
0
3.054544e-01
1.893111e-01
4.238254e-02
2.403516e-01
5.616533e-01
5.913267e-01
5.618991e-01
5.433127e-01
1.641401e-01
2.384233e-01
0
0
6.767376e-01
2.573645e-01
0
0
3.581110e-01
3.715575e-01
1.224540e-01
0
0
0
0
0
0
0
0
0
0
0
0
0
0
0
0
3.120724e-01
0
0
0
0
0
0
0
3.039580e-01
0
0
4.416672e-01
4.338833e-01
9.694939e-02
9.017186e-02
0
7.992252e-02
6.607922e-02
1.454102e-01
0
0
0
0
4.123154e-03
0
0
0
0
0
0
0
3.520172e-01
2.279334e-01
0
0
1.152466e-01
0
6.669813e-02
5.391028e-01
1.828398e-01
3.675657e-01
8.666670e-02
3.831852e-01
0
1.367332e-01
0
0
0
3.861925e-01
0
0
0
3.126302e-01
1.590946e-01
2.922009e-01
3.861636e-01
1.743465e-01
8.764461e-02
0
0
0
1.705379e-01
1.548390e-01
1.537921e-01
0
6.378051e-01
1
2.668217e-01
5.542617e-01
6.163996e-01
7.106030e-01
4.305314e-01
6.269914e-01
2.548781e-01
3.596638e-01
5.164349e-01
4.525000e-01
3.038483e-01
2.011079e-01
0
0
3.183080e-01
3.565441e-01
1.299848e-01
3.090231e-01
5.736970e-01
6.799015e-01
3.939075e-01
2.571509e-01
2.169187e-01
1.127674e-01
0
0
3.993675e-01
4.440814e-01
0
0
3.580420e-01
3.869556e-01
0
0
0
0
0
0
0
0
0
0
0
0
0
0
0
0
0
9.109918e-02
0
0
0
0
0
0
1.050122e-01
4.642201e-01
0
1.296039e-01
4.448074e-01
5.769289e-01
1.533731e-01
7.382661e-02
3.439793e-02
2.319028e-01
3.070416e-02
3.610464e-01
0
8.086871e-02
0
3.029034e-01
0
0
0
0
0
0
0
0
4.697269e-01
5.656402e-01
0
0
1.030589e-01
7.535310e-02
3.559128e-01
2.213985e-01
3.324935e-01
1.775631e-01
8.029548e-02
3.363694e-01
0
5.022058e-02
0
0
0
3.796879e-01
0
0
0
1.474118e-01
0
2.693297e-01
2.594461e-01
3.048420e-01
2.287114e-01
0
0
0
1.422348e-01
1.961091e-01
0
1.308743e-01
3.058102e-01
2.668217e-01
1
3.736864e-01
4.023877e-01
7.879219e-02
4.836136e-01
3.144669e-01
0
0
3.093772e-02
0
2.062390e-01
0
0
0
1.588414e-01
3.571379e-01
5.437571e-01
4.237779e-01
1.844686e-01
3.302793e-01
5.584798e-01
7.802628e-01
7.893915e-01
6.194838e-01
0
0
0
0
9.346215e-02
1.651729e-01
4.512990e-01
4.351905e-01
0
0
4.923661e-02
0
0
0
0
0
0
0
0
0
0
0
0
0
7.567272e-02
2.404947e-01
0
0
0
0
0
0
0
1.062100e-01
0
0
5.656687e-01
4.076225e-01
3.344090e-01
1.024998e-01
5.811701e-02
0
2.482485e-02
0
0
0
0
0
0
0
0
0
0
4.973542e-02
0
0
4.857929e-01
2.562253e-01
1.958823e-01
3.167602e-02
1.766309e-01
2.794002e-02
1.618108e-01
2.064465e-01
2.157113e-01
1.914455e-01
2.330403e-01
2.863220e-01
0
3.985136e-01
0
0
1.969751e-01
1.587561e-01
0
0
2.376255e-01
3.516325e-01
0
1.380978e-01
0
1.969998e-01
1.977528e-01
0
0
0
2.462462e-01
2.548621e-01
0
1.923274e-01
3.126475e-01
5.542617e-01
3.736864e-01
1
2.984789e-01
7.371639e-01
7.641702e-01
8.343917e-01
1.931743e-01
4.157492e-01
3.982845e-01
5.831690e-01
7.584564e-01
5.773598e-01
0
0
5.397286e-01
5.926761e-01
7.461494e-02
3.502792e-01
6.717996e-01
7.389432e-01
1.343452e-02
1.438161e-01
3.136213e-01
5.486884e-01
0
0
2.288044e-01
2.337098e-01
3.578268e-02
0
2.031013e-01
3.215097e-01
0
0
0
0
0
0
0
0
0
0
0
0
0
0
0
0
0
0
0
0
0
0
0
0
0
4.896020e-01
0
1.976718e-01
3.627666e-01
2.172797e-01
0
0
2.231870e-01
2.165187e-01
1.336836e-01
3.881457e-01
0
0
0
1.067832e-01
0
0
0
0
5.841923e-02
2.764547e-01
0
0
4.522373e-01
3.256521e-01
0
0
0
0
4.039903e-01
1.309871e-01
7.540026e-01
3.202049e-01
1.338238e-01
4.554258e-01
0
0
0
0
0
1.668744e-01
0
0
0
1.353095e-01
0
0
8.999809e-02
6.528378e-02
1.940448e-01
0
0
0
0
1.208783e-01
3.364667e-01
4.344140e-04
8.057887e-01
6.163996e-01
4.023877e-01
2.984789e-01
1.000000e+00
4.889885e-01
3.602331e-01
5.220995e-01
1.130644e-01
1.756951e-01
6.847459e-01
3.338262e-01
3.253397e-01
0
0
0
4.268973e-01
3.488759e-01
3.004675e-01
4.391102e-01
2.914381e-01
3.796072e-01
5.483944e-01
5.899868e-01
3.775195e-01
3.514390e-01
0
0
3.645333e-01
8.072487e-02
5.729209e-02
3.112859e-02
3.362986e-01
3.495713e-01
0
0
0
0
0
0
0
0
0
0
0
0
0
0
0
0
6.441606e-02
4.754776e-01
0
0
0
0
7.028098e-03
3.505740e-02
2.244346e-01
4.621751e-01
0
9.281285e-02
3.346635e-01
6.516643e-01
1.022858e-01
8.745203e-02
0
2.341891e-01
1.843935e-02
1.812960e-01
0
0
0
1.902858e-01
0
0
0
0
0
0
0
0
1.174117e-01
2.240486e-01
0
0
1.208805e-01
0
4.279362e-01
7.357992e-01
2.963608e-01
3.694277e-01
1.805322e-02
2.480733e-01
0
2.025777e-01
0
0
3.599412e-01
1.841463e-01
0
0
1.671292e-01
1.791925e-01
0
3.912754e-01
1.207190e-03
7.703710e-02
0
0
0
0
2.096546e-01
2.250648e-01
3.507582e-02
0
3.728215e-01
7.106030e-01
7.879219e-02
7.371639e-01
4.889885e-01
1
5.211281e-01
8.402807e-01
1.261370e-01
5.697083e-01
5.708359e-01
7.488924e-01
5.196504e-01
6.045436e-01
0
0
5.149231e-01
5.535606e-01
2.066692e-01
4.907192e-01
4.340917e-01
5.474416e-01
1.766376e-02
4.690881e-02
2.365109e-01
3.625356e-01
0
0
2.260952e-01
2.930240e-01
0
0
6.300417e-02
1.908902e-01
0
0
0
0
0
0
0
0
0
0
0
0
0
0
0
0
0
3.771612e-02
0
0
0
0
0
0
0
7.367186e-01
0
2.949537e-01
1.036366e-01
3.352208e-01
0
0
2.068581e-01
5.125979e-01
1.743464e-01
5.102416e-01
2.380056e-02
2.507260e-03
0
2.875991e-01
0
0
0
0
0
0
0
0
7.759507e-02
3.819481e-01
0
0
0
0
6.422275e-01
2.974177e-01
6.566072e-01
3.711423e-01
2.656035e-02
3.007608e-01
0
8.976337e-03
0
0
1.663679e-01
1.874806e-01
1.524834e-02
0
0
0
0
2.186854e-01
0
2.172200e-02
1.312982e-01
0
0
0
0
1.808049e-01
0
0
3.966895e-01
4.305314e-01
4.836136e-01
7.641702e-01
3.602331e-01
5.211281e-01
1
7.657849e-01
0
7.177424e-02
3.737809e-01
3.658681e-01
7.467948e-01
4.358932e-01
0
0
1.475487e-01
2.439648e-01
6.692959e-02
2.564704e-01
4.992846e-01
5.950646e-01
1.870853e-01
2.850526e-01
1.945722e-01
5.387546e-01
0
0
1.795237e-01
1.130172e-01
0
0
5.152140e-01
4.526146e-01
0
0
0
0
0
1.954719e-02
0
0
0
0
0
0
0
0
0
0
0
1.301234e-01
0
0
0
0
0
0
0
3.672692e-01
0
0
5.622642e-01
1.393842e-01
0
0
0
8.462220e-02
0
1.029146e-02
0
0
0
0
0
0
0
0
0
1.380956e-01
0
0
3.928548e-01
1.236668e-01
0
0
0
0
5.362394e-01
3.346889e-01
6.745513e-01
5.374720e-01
2.245267e-01
6.184202e-01
0
1.364784e-01
0
0
1.151924e-02
2.230667e-01
0
0
1.085169e-01
3.470302e-01
7.209466e-02
4.248737e-01
0
2.595103e-02
1.622276e-01
0
0
0
2.464804e-01
4.350013e-01
0
0
4.915293e-01
6.269914e-01
3.144669e-01
8.343917e-01
5.220995e-01
8.402807e-01
7.657849e-01
1
5.483846e-02
2.673445e-01
5.050839e-01
5.629241e-01
6.057603e-01
5.440298e-01
0
0
3.824389e-01
4.478350e-01
6.036336e-02
3.727830e-01
5.807624e-01
5.893921e-01
2.193363e-01
2.603684e-01
1.933212e-01
3.819931e-01
0
0
3.659339e-01
2.799550e-01
2.100461e-02
0
3.838852e-01
4.473030e-01
0
0
0
0
0
0
0
0
0
0
0
0
0
0
0
0
0
8.001088e-02
0
0
0
0
0
0
0
6.552104e-01
0
3.804794e-02
3.856478e-01
3.218810e-01
0
0
6.319763e-02
2.924992e-01
5.364604e-03
3.278793e-01
0
0
0
9.591053e-02
0
0
0
0
0
6.192546e-04
0
0
2.407977e-01
3.271030e-01
0
0
0
0
5.593430e-01
3.404942e-01
6.916104e-01
4.640311e-01
8.665593e-02
4.405345e-01
0
5.180511e-02
0
0
4.469593e-02
2.023354e-01
0
0
0
1.161564e-01
0
2.037214e-01
0
0
7.502129e-02
0
0
0
1.802426e-02
2.627109e-01
5.250347e-01
1.822462e-01
3.872343e-01
2.548781e-01
0
1.931743e-01
1.130644e-01
1.261370e-01
0
5.483846e-02
1
5.340224e-01
4.076853e-01
4.437636e-01
3.687674e-01
8.762443e-02
4.970687e-02
0
3.224566e-01
9.992822e-02
0
0
5.812873e-01
5.039955e-01
0
0
0
0
1.695413e-01
2.399706e-01
5.781730e-01
4.646090e-01
0
0
0
0
2.265555e-02
0
0
0
6.003662e-02
0
0
0
0
0
0
0
0
0
0
0
0
0
0
0
3.873700e-02
7.057603e-02
0
0
0
0
2.835051e-01
4.581957e-01
0
5.232155e-03
0
0
7.804573e-02
5.906501e-02
1.893081e-02
2.113189e-01
1.356143e-02
3.752969e-02
1.102119e-01
0
0
1.633085e-02
0
1.595867e-01
2.525935e-01
0
4.047895e-01
0
1.698562e-01
2.158902e-01
0
0
7.652543e-02
0
0
1.737149e-01
2.228240e-01
1.916182e-01
6.795230e-03
4.868370e-02
0
0
0
0
0
3.496521e-01
0
0
0
1.359406e-01
8.733446e-02
0
4.523803e-01
5.972787e-02
1.420348e-01
5.651301e-02
0
0
0
0
5.144426e-01
2.802350e-01
9.832150e-02
3.596638e-01
0
4.157492e-01
1.756951e-01
5.697083e-01
7.177424e-02
2.673445e-01
5.340224e-01
1.000000e+00
5.061608e-01
8.397109e-01
4.264116e-01
4.581942e-01
0
0
6.311079e-01
5.761099e-01
3.670556e-01
4.351674e-01
2.932450e-01
4.218473e-01
0
0
3.604907e-01
3.313136e-01
1.627474e-01
1.215791e-01
1.695192e-01
2.188205e-01
0
0
0
0
0
0
0
0
0
0
0
0
0
0
0
0
0
0
0
0
0
0
0
0
1.239071e-01
1.704822e-01
0
2.646773e-02
5.028523e-02
2.306125e-01
4.282648e-01
6.582241e-01
0
7.915916e-02
0
0
6.344232e-01
6.340070e-01
1.671426e-01
4.721242e-01
1.300467e-01
4.018382e-02
8.614924e-02
1.755095e-01
0
0
0
0
1.717192e-01
0
0
0
5.010033e-02
2.409952e-01
0
0
0
0
2.615811e-01
1.287708e-01
5.010693e-01
2.824281e-01
0
2.532223e-02
0
9.605356e-02
0
0
2.163880e-01
3.219805e-01
3.090302e-01
2.309198e-01
2.217074e-03
0
0
5.997279e-02
5.254414e-02
6.239215e-02
3.594866e-01
0
2.067029e-01
0
5.368551e-03
0
4.562885e-01
2.216210e-02
4.653653e-01
5.164349e-01
3.093772e-02
3.982845e-01
6.847459e-01
5.708359e-01
3.737809e-01
5.050839e-01
4.076853e-01
5.061608e-01
1
6.258539e-01
5.194084e-01
2.683687e-01
0
0
4.355703e-01
2.721474e-01
1.368881e-01
2.747888e-01
3.995067e-01
4.387230e-01
2.445489e-01
1.772766e-01
1.715883e-01
2.066748e-01
0
0
4.194774e-01
4.083041e-01
0
0
8.584645e-02
3.476266e-02
0
0
0
0
0
0
0
0
0
0
0
0
0
0
0
0
0
1.153657e-01
0
0
0
0
0
9.593029e-02
4.201462e-01
5.965138e-01
0
3.451047e-01
1.422443e-01
5.822391e-01
0
0
0
3.094001e-01
0
2.359745e-01
0
0
0
1.736563e-01
0
0
0
0
0
0
0
0
5.415919e-02
1.972597e-01
0
0
4.439193e-03
0
5.659791e-01
6.868625e-01
5.547717e-01
4.194125e-01
0
2.117942e-01
0
3.250390e-02
0
0
2.537747e-01
3.413540e-01
5.719513e-02
9.876132e-02
8.813037e-02
1.076007e-01
0
3.773646e-01
0
0
5.682682e-02
0
8.054102e-02
0
9.422195e-02
1.416000e-01
3.552003e-01
8.622406e-02
2.112011e-01
4.525000e-01
0
5.831690e-01
3.338262e-01
7.488924e-01
3.658681e-01
5.629241e-01
4.437636e-01
8.397109e-01
6.258539e-01
1
6.360538e-01
7.281289e-01
0
0
5.577312e-01
5.571332e-01
2.850194e-01
3.877457e-01
4.669694e-01
5.815497e-01
0
9.824083e-02
3.324167e-01
3.819954e-01
0
0
1.819575e-01
1.620692e-01
0
0
0
0
0
0
0
0
0
0
0
0
0
0
0
0
0
0
0
0
0
0
0
0
0
0
0
0
1.923213e-02
4.986385e-01
1.917007e-01
5.808280e-01
0
2.334717e-01
0
0
3.830736e-01
5.698525e-01
0
3.479318e-01
5.749590e-02
6.385073e-03
0
3.532910e-02
0
0
0
0
0
0
0
0
0
3.817859e-01
0
0
0
0
4.170458e-01
3.143089e-01
7.557801e-01
5.525421e-01
0
1.694977e-01
0
1.584937e-01
0
0
2.709815e-01
3.029908e-01
3.358969e-01
6.986120e-02
6.661576e-02
1.185771e-02
0
3.551939e-01
0
7.702395e-02
3.388071e-01
0
1.264839e-01
0
1.062247e-01
5.292296e-02
0
9.261784e-02
3.648953e-01
3.038483e-01
2.062390e-01
7.584564e-01
3.253397e-01
5.196504e-01
7.467948e-01
6.057603e-01
3.687674e-01
4.264116e-01
5.194084e-01
6.360538e-01
1.000000e+00
5.993345e-01
0
0
4.000178e-01
3.389097e-01
3.130608e-03
1.616822e-01
6.640736e-01
7.170100e-01
4.720746e-02
1.409166e-01
1.648361e-01
4.848361e-01
0
0
2.895402e-01
2.125775e-01
0
0
3.251793e-02
1.040944e-01
0
0
0
0
0
0
0
0
0
0
0
0
0
0
0
0
0
0
0
0
0
0
0
0
1.430986e-02
3.088954e-01
0
2.581098e-01
2.539556e-01
1.168348e-01
0
0
7.539302e-02
1.050788e-01
0
2.685474e-01
0
0
0
0
0
0
0
0
2.068212e-02
0
5.746122e-02
0
3.849684e-01
1.620528e-01
0
0
0
0
3.287668e-01
3.640587e-01
7.935742e-01
4.622485e-01
0
3.577270e-01
0
0
0
0
6.939207e-02
2.791788e-01
0
0
8.544713e-02
1.225371e-01
1.449400e-02
2.019620e-01
2.130930e-01
1.327773e-02
7.564154e-02
0
0
0
8.799557e-02
0
0
0
0
2.011079e-01
0
5.773598e-01
0
6.045436e-01
4.358932e-01
5.440298e-01
8.762443e-02
4.581942e-01
2.683687e-01
7.281289e-01
5.993345e-01
1
6.951921e-02
0
1.503195e-01
2.697685e-01
1.276562e-01
2.538359e-01
4.311773e-01
3.896443e-01
0
0
7.315025e-02
1.469817e-01
1.427011e-01
2.498109e-01
0
2.144725e-01
0
0
0
1.218524e-01
0
0
0
0
2.587873e-01
1.133776e-01
0
0
0
0
0
0
0
0
0
0
0
0
0
0
0
0
0
0
0
4.007938e-01
2.384203e-01
3.165278e-01
0
0
0
0
2.455502e-01
3.436114e-01
7.134014e-02
4.504296e-01
3.152153e-01
2.334345e-01
4.515880e-02
1.704606e-01
0
0
0
5.034151e-03
1.205968e-01
1.538662e-01
5.498709e-02
3.160098e-01
3.455129e-02
2.359897e-01
0
1.617529e-01
0
0
3.872765e-01
5.224184e-02
7.206443e-01
3.347402e-01
0
0
0
0
0
0
7.948789e-02
2.847543e-01
2.256626e-01
4.962375e-03
0
0
7.459501e-02
1.997148e-01
0
0
0
0
0
0
0
0
0
0
0
0
0
0
0
0
0
0
4.970687e-02
0
0
0
0
6.951921e-02
1
7.506915e-01
0
0
0
0
0
0
0
0
0
0
7.489540e-01
6.882981e-01
0
7.656509e-02
1.468497e-01
1.385264e-01
0
0
3.089106e-01
2.114319e-01
2.078619e-01
3.557771e-01
4.606314e-01
3.853177e-01
5.045085e-01
6.344654e-01
3.500863e-01
4.342616e-01
5.527579e-01
3.856939e-01
4.794936e-01
3.067389e-01
2.551398e-01
0
3.527436e-02
0
4.527455e-01
4.027119e-01
7.133205e-01
4.093365e-01
0
0
0
0
5.493757e-01
1.061368e-01
0
0
0
0
2.992237e-01
0
2.212620e-01
2.470614e-01
4.557525e-01
3.885656e-01
4.089096e-01
1.206713e-01
3.999346e-01
4.180970e-01
7.666793e-01
6.603492e-01
7.528834e-01
3.103797e-01
5.706601e-01
4.447141e-01
0
0
1.513774e-01
1.189078e-01
0
4.401507e-02
0
0
0
0
0
0
0
0
6.001291e-01
6.392498e-01
0
3.266538e-02
6.442902e-02
2.604584e-01
0
0
1.914984e-01
0
3.398417e-02
0
0
3.466988e-01
5.820965e-02
3.404030e-01
0
0
0
0
0
0
0
0
0
0
0
0
0
0
0
0
0
0
7.506915e-01
1
0
0
0
0
0
0
0
0
0
0
5.799179e-01
7.540468e-01
0
2.184590e-01
2.136656e-01
2.619617e-01
4.364270e-02
9.592350e-02
4.176138e-01
3.223147e-01
4.152062e-01
2.989697e-01
6.222674e-01
4.687245e-01
3.719094e-01
4.660661e-01
5.256813e-01
4.904596e-01
3.809029e-01
2.783678e-01
1.860438e-01
8.678508e-02
9.645119e-02
0
0
0
3.860137e-01
3.299264e-01
4.612639e-01
2.898381e-01
2.802540e-02
0
0
0
3.986629e-01
0
7.808586e-02
0
2.862830e-01
2.775506e-01
2.378064e-02
0
3.593653e-01
1.138146e-01
4.599070e-01
5.985122e-01
4.764178e-01
2.198879e-01
5.209458e-01
5.512037e-01
8.170949e-01
7.459559e-01
6.444809e-01
4.597194e-01
4.657102e-01
5.223406e-01
1.167945e-01
0
3.883018e-01
4.051447e-01
0
2.291890e-01
0
0
0
0
0
0
5.569810e-02
0
5.466597e-01
3.722049e-01
0
1.397444e-01
0
6.301065e-03
0
0
3.334862e-01
0
0
0
0
9.722303e-02
0
2.630085e-01
0
0
5.493360e-01
7.387001e-01
3.054544e-01
3.183080e-01
1.588414e-01
5.397286e-01
4.268973e-01
5.149231e-01
1.475487e-01
3.824389e-01
3.224566e-01
6.311079e-01
4.355703e-01
5.577312e-01
4.000178e-01
1.503195e-01
0
0
1
8.661448e-01
2.424140e-01
5.335245e-01
2.687941e-01
4.451076e-01
7.496881e-03
1.798537e-01
4.515719e-01
5.788399e-01
1.017797e-01
0
2.024716e-01
0
1.947489e-01
1.859609e-02
0
0
0
0
0
0
0
0
0
0
0
0
0
0
0
0
0
0
7.141575e-02
0
0
0
1.219583e-01
1.801251e-01
0
0
0
2.931624e-01
6.092280e-02
5.567818e-01
0
3.124990e-01
0
0
4.768992e-01
5.140035e-01
1.810196e-01
3.294253e-01
4.576004e-02
0
6.930288e-02
2.262777e-01
0
0
0
0
0
0
0
0
0
5.572245e-03
0
0
0
0
1.855658e-01
1.699333e-01
3.199421e-01
1.088075e-01
2.237413e-01
2.806923e-01
0
2.763013e-01
0
0
1.936361e-01
0
1.838703e-01
0
3.164378e-01
1.881760e-01
0
0
2.086244e-01
3.487707e-01
4.369019e-01
6.972551e-03
1.795678e-01
0
2.046734e-01
1.651717e-01
3.770409e-01
6.743399e-01
1.893111e-01
3.565441e-01
3.571379e-01
5.926761e-01
3.488759e-01
5.535606e-01
2.439648e-01
4.478350e-01
9.992822e-02
5.761099e-01
2.721474e-01
5.571332e-01
3.389097e-01
2.697685e-01
0
0
8.661448e-01
1
4.825949e-01
7.409377e-01
2.564766e-01
4.734389e-01
5.130224e-02
2.878436e-01
6.228835e-01
6.689433e-01
0
0
1.514515e-02
0
1.635746e-01
3.243885e-02
0
0
0
0
0
0
0
0
0
0
0
0
0
0
0
0
0
0
2.256087e-01
0
0
0
1.096901e-01
1.088654e-01
0
0
0
2.238419e-01
0
3.102746e-01
0
2.551857e-01
0
0
5.971176e-01
6.596846e-01
1.978137e-01
3.355439e-01
1.210254e-01
0
0
2.103506e-01
0
0
0
0
0
5.218551e-02
0
0
2.225033e-02
1.274348e-01
0
0
0
0
2.232779e-01
2.498611e-02
3.053908e-01
1.013507e-01
3.383140e-01
1.840114e-01
0
3.587071e-01
0
0
1.803840e-01
0
1.182670e-01
0
2.803695e-01
2.330702e-01
0
1.285131e-02
1.563027e-01
4.421311e-01
4.804943e-01
0
1.847520e-01
0
3.331361e-01
2.542649e-01
1.084715e-01
6.210170e-02
4.238254e-02
1.299848e-01
5.437571e-01
7.461494e-02
3.004675e-01
2.066692e-01
6.692959e-02
6.036336e-02
0
3.670556e-01
1.368881e-01
2.850194e-01
3.130608e-03
1.276562e-01
0
0
2.424140e-01
4.825949e-01
1.000000e+00
7.972522e-01
0
6.029463e-02
2.138176e-01
5.290923e-01
7.878963e-01
5.488929e-01
0
0
0
0
0
8.716109e-02
0
0
0
0
0
0
0
1.264639e-02
0
0
0
0
0
0
0
0
5.502537e-02
0
1.981704e-01
1.823669e-01
0
0
3.365864e-02
0
2.134359e-01
5.834641e-02
0
1.468977e-01
0
1.116646e-01
0
2.327452e-01
9.205592e-02
0
4.113941e-01
4.429311e-01
2.781481e-01
1.001129e-01
2.451258e-01
1.594088e-01
1.526155e-01
2.281704e-01
0
0
0
0
0
0
0
0
0
1.197526e-01
0
6.486520e-02
0
1.293255e-01
2.501878e-01
1.734889e-01
1.560057e-01
2.431943e-01
2.215731e-02
0
0
3.702521e-01
0
0
4.034188e-01
3.575313e-01
3.257748e-01
2.395256e-01
2.121204e-01
7.624658e-02
0
2.848490e-01
0
2.480582e-03
2.209281e-01
0
4.154562e-01
0
1.520403e-01
1.556120e-01
9.723947e-02
2.901677e-01
2.403516e-01
3.090231e-01
4.237779e-01
3.502792e-01
4.391102e-01
4.907192e-01
2.564704e-01
3.727830e-01
0
4.351674e-01
2.747888e-01
3.877457e-01
1.616822e-01
2.538359e-01
0
0
5.335245e-01
7.409377e-01
7.972522e-01
1
8.140341e-02
2.211725e-01
1.074272e-01
3.759990e-01
6.384317e-01
6.156609e-01
0
0
0
0
1.777927e-01
6.199056e-02
0
0
0
0
0
0
0
1.021917e-01
0
0
0
0
0
0
0
0
0
0
2.377028e-01
3.193183e-01
0
0
8.990996e-02
0
0
0
0
2.630453e-01
0
1.663774e-01
0
1.624497e-01
0
0
5.680333e-01
7.431963e-01
4.541022e-01
4.198262e-01
3.678482e-01
2.249221e-01
1.751799e-01
4.576905e-01
0
0
0
0
0
0
0
7.333136e-03
0
0
0
3.152513e-02
0
0
3.903899e-01
1.913222e-01
1.727845e-01
1.553593e-01
5.398266e-02
0
0
2.240144e-01
0
0
2.821515e-01
2.795403e-01
1.206265e-01
0
1.206772e-01
2.035526e-02
0
2.527993e-01
0
8.156228e-02
2.105525e-01
0
1.525354e-01
0
1.681344e-01
2.847812e-01
0
4.002090e-02
5.616533e-01
5.736970e-01
1.844686e-01
6.717996e-01
2.914381e-01
4.340917e-01
4.992846e-01
5.807624e-01
5.812873e-01
2.932450e-01
3.995067e-01
4.669694e-01
6.640736e-01
4.311773e-01
0
0
2.687941e-01
2.564766e-01
0
8.140341e-02
1
8.783184e-01
3.667068e-01
2.709813e-01
7.941243e-02
1.156504e-01
0
7.236058e-02
6.884015e-01
5.138227e-01
0
0
1.732797e-01
2.811510e-01
0
0
0
0
1.219428e-01
0
0
0
0
0
0
0
0
0
0
0
0
0
0
0
0
0
0
0
0
3.287990e-01
0
1.611413e-01
4.919627e-01
3.248067e-01
0
0
0
0
2.359244e-02
3.075457e-01
1.614385e-02
1.131271e-01
0
0
0
0
0
8.148451e-02
2.432391e-02
8.660503e-02
2.424493e-01
6.546878e-02
6.160579e-01
4.477094e-01
0
1.884706e-02
6.254406e-02
0
0
1.168926e-01
5.099631e-01
2.643423e-01
0
1.969580e-01
0
0
0
0
0
6.144820e-01
0
0
0
1.283912e-01
0
3.842740e-02
4.837544e-01
1.148890e-01
1.238597e-01
0
0
0
0
0
1.357174e-01
2.333182e-01
5.913267e-01
6.799015e-01
3.302793e-01
7.389432e-01
3.796072e-01
5.474416e-01
5.950646e-01
5.893921e-01
5.039955e-01
4.218473e-01
4.387230e-01
5.815497e-01
7.170100e-01
3.896443e-01
0
0
4.451076e-01
4.734389e-01
6.029463e-02
2.211725e-01
8.783184e-01
1
3.808078e-01
3.772943e-01
3.272665e-01
3.833345e-01
0
0
4.881868e-01
2.562244e-01
0
0
7.915615e-02
1.697593e-01
0
0
0
0
0
0
0
0
0
0
0
0
0
0
0
0
0
0
0
0
0
0
0
0
0
3.454352e-01
0
1.274294e-01
4.139349e-01
4.220324e-01
0
0
7.479161e-02
1.447667e-01
0
2.167461e-01
0
0
0
0
0
0
0
0
0
1.452309e-01
0
0
6.080946e-01
5.323717e-01
0
0
8.534715e-02
0
7.877117e-02
1.783496e-01
5.648551e-01
3.486550e-01
1.609670e-01
4.085149e-01
0
1.043917e-01
0
0
0
4.847336e-01
0
0
5.985278e-02
3.290874e-01
0
2.070264e-01
5.325328e-01
3.909711e-01
3.997570e-01
0
0
0
2.334771e-01
2.393927e-02
1.273946e-01
1.555069e-02
5.618991e-01
3.939075e-01
5.584798e-01
1.343452e-02
5.483944e-01
1.766376e-02
1.870853e-01
2.193363e-01
0
0
2.445489e-01
0
4.720746e-02
0
0
0
7.496881e-03
5.130224e-02
2.138176e-01
1.074272e-01
3.667068e-01
3.808078e-01
1
7.599319e-01
3.595846e-01
2.719303e-02
0
0
4.343701e-01
0
0
0
3.532955e-01
2.510126e-01
7.899641e-02
0
3.474427e-01
4.527594e-02
0
0
0
0
0
0
0
0
0
0
6.708025e-02
2.602900e-01
2.812210e-01
3.189969e-01
0
0
0
0
9.305333e-02
0
9.881055e-03
2.108809e-01
0
0
5.648407e-01
7.581315e-01
2.819076e-01
1.327146e-01
0
0
0
0
0
0
0
0
0
0
0
0
0
0
0
0
3.628919e-01
3.680745e-01
1.558936e-01
1.810482e-01
5.872135e-01
1.564110e-01
0
2.761544e-01
0
8.948138e-02
5.940585e-02
1.195512e-01
0
2.641407e-01
0
0
0
3.206347e-01
0
0
1.181919e-01
2.948322e-01
0
2.646994e-01
3.595740e-01
3.524079e-01
1.372685e-01
0
0
0
3.265166e-01
5.131940e-02
9.412204e-02
6.368756e-02
5.433127e-01
2.571509e-01
7.802628e-01
1.438161e-01
5.899868e-01
4.690881e-02
2.850526e-01
2.603684e-01
0
0
1.772766e-01
9.824083e-02
1.409166e-01
0
0
0
1.798537e-01
2.878436e-01
5.290923e-01
3.759990e-01
2.709813e-01
3.772943e-01
7.599319e-01
1.000000e+00
7.152811e-01
4.760940e-01
0
0
2.268663e-01
0
0
0
2.828632e-01
3.337531e-01
0
0
9.460549e-02
0
0
0
0
0
0
0
0
0
0
0
0
0
7.709881e-02
2.507251e-01
0
0
0
0
9.592033e-02
0
0
1.727352e-01
0
0
4.167251e-01
5.625430e-01
3.212782e-01
1.840516e-01
0
3.547215e-02
0
0
0
0
0
0
0
0
0
0
0
0
0
0
3.066854e-01
3.457885e-01
1.119469e-02
1.111209e-01
2.858416e-01
1.878639e-02
3.716597e-02
4.059633e-01
1.897707e-01
4.017814e-01
1.162980e-01
1.928711e-01
0
5.298714e-01
0
0
2.421791e-01
3.124868e-01
0
0
2.226097e-01
3.958608e-01
0
3.414038e-01
2.563296e-02
2.285243e-01
2.953213e-01
0
1.846655e-01
0
3.453492e-01
2.005389e-01
1.955095e-01
2.819654e-01
1.641401e-01
2.169187e-01
7.893915e-01
3.136213e-01
3.775195e-01
2.365109e-01
1.945722e-01
1.933212e-01
0
3.604907e-01
1.715883e-01
3.324167e-01
1.648361e-01
7.315025e-02
0
0
4.515719e-01
6.228835e-01
7.878963e-01
6.384317e-01
7.941243e-02
3.272665e-01
3.595846e-01
7.152811e-01
1
7.257973e-01
0
0
0
0
0
8.876705e-02
0
7.536678e-02
0
0
0
0
0
0
0
0
0
0
0
0
0
0
0
0
1.190121e-01
8.204112e-02
0
0
2.358517e-03
0
7.264383e-02
0
0
2.441521e-01
0
5.027653e-02
1.304513e-01
4.508188e-01
1.276115e-01
2.594053e-02
3.497586e-01
3.446349e-01
2.199726e-01
3.242176e-02
5.924040e-02
0
3.323782e-02
9.028952e-02
0
0
0
0
0
0
0
0
2.160673e-01
3.382820e-01
0
0
2.685292e-02
3.007158e-02
2.119142e-01
2.306734e-01
2.979997e-01
2.547170e-01
1.640695e-01
9.931743e-02
0
4.990393e-01
0
0
4.246689e-01
1.736900e-01
2.587367e-01
1.712641e-02
3.728206e-01
2.183851e-01
0
1.402409e-01
0
2.058582e-01
3.668829e-01
0
2.972070e-01
3.604208e-03
1.817475e-01
1.418896e-01
9.697430e-02
4.275339e-01
2.384233e-01
1.127674e-01
6.194838e-01
5.486884e-01
3.514390e-01
3.625356e-01
5.387546e-01
3.819931e-01
0
3.313136e-01
2.066748e-01
3.819954e-01
4.848361e-01
1.469817e-01
0
0
5.788399e-01
6.689433e-01
5.488929e-01
6.156609e-01
1.156504e-01
3.833345e-01
2.719303e-02
4.760940e-01
7.257973e-01
1
0
0
0
0
1.227375e-02
0
0
5.364330e-02
0
0
0
0
0
0
0
0
0
0
0
0
0
0
0
0
0
1.050133e-01
0
0
0
0
0
0
0
2.603598e-01
0
1.432483e-01
6.807919e-02
1.016766e-01
0
0
3.211638e-01
3.757873e-01
1.789627e-01
0
0
0
0
0
0
0
0
0
0
2.315016e-05
0
0
5.803152e-02
0
0
0
0
0
3.501009e-01
3.307202e-01
4.789540e-01
4.665172e-01
4.334280e-01
4.948862e-01
0
5.352431e-01
0
0
4.265784e-01
0
2.711647e-01
0
5.139090e-01
4.619459e-01
0
2.646699e-01
0
1.622776e-01
4.218323e-01
0
2.201782e-01
0
3.192786e-01
4.443212e-01
0
1.381665e-01
0
0
0
0
0
0
0
0
1.695413e-01
1.627474e-01
0
0
0
1.427011e-01
7.489540e-01
5.799179e-01
1.017797e-01
0
0
0
0
0
0
0
0
0
1.000000e+00
7.906093e-01
0
6.816435e-02
4.748788e-01
4.093994e-01
0
0
1.257397e-01
2.404211e-01
0
6.266825e-02
4.219960e-01
2.902864e-01
3.893971e-01
4.737498e-01
2.521832e-01
3.354456e-01
4.745386e-01
2.979736e-01
3.555894e-01
8.283804e-02
0
0
0
0
2.195809e-01
2.667716e-01
5.424121e-01
4.814943e-01
0
0
0
0
7.467744e-01
5.145609e-01
0
0
0
0
3.419374e-01
7.354632e-02
4.460240e-01
2.979321e-01
5.648611e-01
4.869905e-01
5.255231e-01
3.129932e-01
3.941675e-01
3.396119e-01
4.790406e-01
4.104498e-01
7.103321e-01
2.635417e-01
3.661062e-01
4.023780e-01
0
0
0
0
0
0
0
0
0
0
0
0
0
0
6.450495e-01
5.609587e-01
0
0
2.163591e-01
1.467809e-01
0
0
5.139641e-02
0
0
0
0
2.238956e-01
6.926354e-02
2.493906e-01
0
0
0
0
0
0
0
0
0
0
0
0
2.399706e-01
1.215791e-01
0
0
0
2.498109e-01
6.882981e-01
7.540468e-01
0
0
0
0
7.236058e-02
0
0
0
0
0
7.906093e-01
1
0
2.364062e-01
2.720213e-01
3.431055e-01
0
0
2.530743e-01
8.412136e-02
0
1.154835e-02
6.600818e-01
3.624547e-01
1.319746e-01
3.209260e-01
1.914987e-01
2.545000e-01
2.675790e-01
6.302140e-02
1.199417e-01
0
0
0
0
0
2.491133e-01
2.342418e-01
3.845121e-01
3.387469e-01
0
0
0
0
6.428332e-01
3.482758e-01
0
0
0
7.536816e-02
2.840129e-01
0
4.689233e-01
4.303615e-01
6.958366e-01
6.716453e-01
5.552350e-01
3.313328e-01
4.102845e-01
3.877882e-01
6.314301e-01
6.640022e-01
8.003815e-01
5.406473e-01
4.781584e-01
6.287340e-01
5.211746e-02
0
3.007982e-02
3.007877e-01
0
1.613781e-01
0
0
0
0
0
0
0
0
4.791126e-01
3.468981e-01
0
8.807835e-02
0
0
0
0
2.630265e-01
0
4.506061e-02
0
0
0
0
2.724629e-01
0
0
1.814891e-01
8.212577e-02
6.767376e-01
3.993675e-01
0
2.288044e-01
3.645333e-01
2.260952e-01
1.795237e-01
3.659339e-01
5.781730e-01
1.695192e-01
4.194774e-01
1.819575e-01
2.895402e-01
0
0
0
2.024716e-01
1.514515e-02
0
0
6.884015e-01
4.881868e-01
4.343701e-01
2.268663e-01
0
0
0
0
1
6.156368e-01
0
0
1.310096e-01
4.713636e-02
2.115153e-01
0
8.616337e-03
0
0
0
0
0
0
0
0
0
0
0
0
0
0
0
0
0
0
0
0
0
0
2.596657e-01
0
1.303900e-01
2.753030e-01
3.053763e-01
0
0
0
0
0
9.449436e-02
0
0
0
0
4.390110e-02
5.637646e-02
0
5.501671e-02
0
0
3.422017e-01
0
3.383217e-01
1.575987e-01
0
0
1.110374e-01
0
0
1.740182e-01
1.321356e-01
2.365419e-01
1.250251e-02
2.397531e-01
0
3.730525e-03
0
0
0
5.355134e-01
0
0
0
2.694621e-01
0
0
4.989071e-01
0
1.183993e-01
1.207459e-02
0
0
0
0
0
0
2.573645e-01
4.440814e-01
0
2.337098e-01
8.072487e-02
2.930240e-01
1.130172e-01
2.799550e-01
4.646090e-01
2.188205e-01
4.083041e-01
1.620692e-01
2.125775e-01
2.144725e-01
7.656509e-02
2.184590e-01
0
0
0
0
5.138227e-01
2.562244e-01
0
0
0
0
6.816435e-02
2.364062e-01
6.156368e-01
1.000000e+00
0
0
1.740978e-01
1.624253e-01
0
0
0
0
1.739080e-02
0
0
0
4.709144e-02
0
0
0
0
0
0
0
0
0
0
0
0
0
0
0
2.330630e-01
2.348108e-01
1.389368e-01
1.921559e-01
2.570080e-01
1.178646e-01
6.649281e-02
7.979336e-02
0
0
8.432252e-02
4.383791e-01
3.212937e-03
2.359079e-01
1.326298e-01
2.945285e-01
0
0
1.065618e-02
3.910001e-01
1.248619e-01
0
2.485275e-01
0
3.771998e-01
1.805710e-01
1.138262e-01
0
4.459570e-02
0
6.907449e-02
8.141530e-03
1.967859e-01
0
0
0
0
0
0
0
0
4.991786e-01
0
0
0
0
6.879934e-02
0
1.788063e-01
0
0
0
0
0
0
0
0
1.819705e-01
0
0
9.346215e-02
3.578268e-02
5.729209e-02
0
0
2.100461e-02
0
0
0
0
0
0
1.468497e-01
2.136656e-01
1.947489e-01
1.635746e-01
0
1.777927e-01
0
0
0
0
0
1.227375e-02
4.748788e-01
2.720213e-01
0
0
1
7.935437e-01
2.318146e-01
2.157218e-01
9.089165e-02
6.927167e-02
6.926076e-02
5.440239e-02
1.753053e-01
1.548250e-01
1.583099e-02
0
7.377431e-02
0
6.257324e-02
0
0
0
3.064471e-02
0
0
0
2.500481e-02
2.217056e-03
2.367065e-01
3.267314e-01
0
0
8.288093e-03
0
2.225846e-01
3.082231e-01
2.616041e-03
0
2.823040e-02
0
1.812540e-01
0
1.022758e-01
9.436578e-02
3.153711e-01
3.946043e-01
2.203631e-01
4.764727e-01
1.369568e-01
8.534784e-03
2.088765e-01
8.693811e-02
2.025957e-01
9.862658e-02
0
1.143080e-01
0
0
0
0
0
0
0
0
0
0
0
1.624197e-02
1.562192e-01
0
3.877223e-01
1.810365e-01
0
0
0
0
0
0
0
0
0
0
0
0
0
2.012099e-02
0
1.715429e-01
0
0
0
0
1.651729e-01
0
3.112859e-02
0
0
0
0
0
0
0
0
0
1.385264e-01
2.619617e-01
1.859609e-02
3.243885e-02
8.716109e-02
6.199056e-02
0
0
0
0
8.876705e-02
0
4.093994e-01
3.431055e-01
0
0
7.935437e-01
1
2.175033e-01
3.193251e-01
0
0
6.774928e-02
0
2.308833e-01
4.170519e-02
0
0
1.025258e-01
0
0
0
9.003568e-04
0
1.278746e-01
0
5.165303e-02
0
2.902234e-02
5.101829e-02
1.567118e-01
3.192145e-01
4.941074e-02
0
3.508347e-01
0
3.549431e-01
2.749715e-01
2.407327e-02
0
3.456693e-01
3.010063e-01
1.696763e-01
0
1.605352e-01
1.753244e-01
3.917227e-01
3.822219e-01
3.527242e-01
5.075739e-01
1.003864e-01
5.550267e-03
2.460642e-01
2.157428e-01
1.977951e-01
1.071489e-01
0
3.347501e-02
0
0
1.010310e-01
0
5.021412e-02
1.683461e-01
0
0
0
0
0
0
0
0
3.712787e-01
3.676930e-01
1.643595e-01
0
1.442305e-01
7.277807e-03
0
0
0
0
0
0
0
0
1.374976e-02
2.925115e-01
0
0
0
0
3.581110e-01
3.580420e-01
4.512990e-01
2.031013e-01
3.362986e-01
6.300417e-02
5.152140e-01
3.838852e-01
0
0
8.584645e-02
0
3.251793e-02
0
0
4.364270e-02
0
0
0
0
1.732797e-01
7.915615e-02
3.532955e-01
2.828632e-01
0
0
0
0
1.310096e-01
1.740978e-01
2.318146e-01
2.175033e-01
1.000000e+00
8.762118e-01
8.799126e-02
1.792653e-02
4.053886e-01
0
1.705705e-01
1.115945e-01
0
0
2.407090e-01
0
0
0
0
0
0
0
0
2.389889e-01
0
0
0
0
0
0
2.264939e-01
2.536659e-01
0
0
8.063341e-01
2.318098e-01
6.120777e-01
4.594086e-01
0
0
0
0
0
7.053574e-02
0
0
0
0
7.807192e-02
9.245390e-02
0
3.308228e-02
0
0
3.566253e-01
1.840978e-01
2.437511e-01
2.953843e-02
1.100614e-02
0
2.037905e-01
2.507623e-01
1.223208e-01
2.055896e-01
4.146253e-02
3.921387e-01
0
3.530047e-02
0
0
0
9.634328e-02
0
0
0
1.860790e-01
1.459523e-01
2.440854e-01
0
0
0
0
0
0
0
2.572014e-01
0
0
3.715575e-01
3.869556e-01
4.351905e-01
3.215097e-01
3.495713e-01
1.908902e-01
4.526146e-01
4.473030e-01
0
0
3.476266e-02
0
1.040944e-01
1.218524e-01
0
9.592350e-02
0
0
0
0
2.811510e-01
1.697593e-01
2.510126e-01
3.337531e-01
7.536678e-02
5.364330e-02
0
0
4.713636e-02
1.624253e-01
2.157218e-01
3.193251e-01
8.762118e-01
1.000000e+00
1.284778e-01
0
3.277429e-01
0
4.163209e-01
1.632883e-01
0
0
2.233171e-01
0
0
0
0
0
0
0
0
1.531135e-01
0
0
0
0
0
0
1.612870e-01
3.514767e-01
0
0
7.566450e-01
1.995640e-01
6.315577e-01
5.553451e-01
0
0
1.285500e-01
2.421701e-02
3.508046e-02
2.417897e-01
0
9.888473e-02
2.092863e-01
0
1.082780e-01
1.332212e-01
0
7.743114e-02
0
0
3.663067e-01
3.240369e-01
1.781832e-01
1.691764e-01
0
0
1.858480e-01
2.855745e-01
2.817129e-01
2.353795e-01
0
2.148303e-01
0
0
0
0
0
1.429242e-01
0
0
0
0
2.616240e-01
1.320716e-01
0
0
0
0
0
0
0
0
0
0
1.224540e-01
0
0
0
0
0
0
0
2.265555e-02
0
0
0
0
0
3.089106e-01
4.176138e-01
0
0
0
0
0
0
7.899641e-02
0
0
0
1.257397e-01
2.530743e-01
2.115153e-01
0
9.089165e-02
0
8.799126e-02
1.284778e-01
1
5.946261e-01
6.879343e-01
7.317650e-01
6.650481e-01
4.446529e-01
2.447940e-01
3.490718e-01
2.267712e-01
2.227124e-01
2.570272e-01
2.350640e-01
2.034685e-01
2.715588e-01
2.324182e-01
2.902608e-01
0
3.115785e-01
4.581465e-01
5.019165e-01
1.727298e-01
0
0
0
0
0
0
0
0
0
0
0
0
0
1.745010e-01
0
3.544503e-01
2.488235e-01
1.991536e-01
0
5.423591e-01
5.680573e-01
5.633715e-01
2.450074e-01
1.084663e-01
0
5.638404e-01
5.208595e-01
0
0
0
4.297487e-01
0
3.920526e-01
0
0
0
0
0
0
2.818756e-01
0
2.328413e-01
2.162902e-01
0
1.102273e-01
0
0
0
0
2.695315e-01
0
8.815653e-02
0
0
5.940467e-02
0
0
0
0
0
0
0
0
0
0
0
0
0
0
0
0
0
0
0
0
2.114319e-01
3.223147e-01
0
0
0
0
0
0
0
0
0
0
2.404211e-01
8.412136e-02
0
0
6.927167e-02
0
1.792653e-02
0
5.946261e-01
1.000000e+00
3.227838e-01
6.910683e-01
2.884332e-01
4.496366e-01
5.057709e-01
4.987626e-01
3.572725e-01
4.762118e-01
5.424379e-01
5.471595e-01
4.002437e-01
5.070340e-01
1.598492e-01
3.230514e-01
0
1.567690e-01
4.471753e-01
5.452449e-01
2.178590e-01
5.409233e-02
1.160085e-01
3.209862e-01
0
0
0
0
0
0
0
5.935835e-04
0
0
5.284310e-02
0
0
0
0
0
3.200394e-01
3.915772e-01
3.464507e-01
0
1.453782e-01
9.378360e-02
3.942406e-01
2.558568e-01
0
0
0
2.338702e-01
0
1.004689e-01
0
0
0
0
3.691339e-01
0
6.684404e-01
1.441229e-01
5.582092e-01
3.388277e-01
0
0
0
0
0
2.255264e-01
1.943082e-01
0
0
0
0
4.040684e-01
1.649267e-01
0
2.554472e-02
2.456820e-01
0
0
0
0
4.923661e-02
0
0
0
0
0
0
0
0
0
0
0
2.078619e-01
4.152062e-01
0
0
0
0
0
0
3.474427e-01
9.460549e-02
0
0
0
0
8.616337e-03
0
6.926076e-02
6.774928e-02
4.053886e-01
3.277429e-01
6.879343e-01
3.227838e-01
1
6.236083e-01
4.281521e-01
2.648260e-01
3.126177e-01
3.133301e-01
4.729786e-01
3.215328e-01
2.054913e-01
2.694280e-01
2.138840e-01
3.258430e-01
4.243425e-01
3.752009e-01
1.815138e-01
3.693982e-01
5.004185e-01
4.057990e-01
7.037145e-03
0
8.580534e-02
0
0
0
0
0
3.373797e-01
0
3.089017e-01
2.640252e-01
0
0
0
0
3.174958e-02
3.061247e-02
5.181533e-02
0
4.278042e-01
5.112338e-01
5.082184e-01
2.742393e-01
0
0
3.421642e-01
2.244067e-01
5.443019e-02
0
4.047146e-01
3.603274e-01
3.351990e-01
4.151519e-01
0
0
0
0
0
0
2.448988e-01
0
2.005294e-01
2.384572e-01
0
0
0
0
0
0
1.376573e-01
0
6.554737e-02
0
0
9.303885e-02
0
9.586840e-02
0
0
3.711940e-02
9.448604e-02
0
0
0
0
0
0
0
0
0
0
0
0
0
0
3.557771e-01
2.989697e-01
0
0
0
0
0
0
4.527594e-02
0
0
0
6.266825e-02
1.154835e-02
0
0
5.440239e-02
0
0
0
7.317650e-01
6.910683e-01
6.236083e-01
1.000000e+00
3.498460e-01
5.207146e-01
2.722648e-01
3.761353e-01
6.822249e-02
1.730403e-01
3.304526e-01
3.243835e-01
3.716870e-01
4.467536e-01
5.236776e-01
5.502045e-01
2.730145e-01
4.393750e-01
5.809491e-01
6.097245e-01
5.026377e-01
1.944557e-01
2.611637e-01
1.043498e-01
0
0
0
0
0
0
0
0
0
0
0
0
1.072732e-01
8.744893e-03
4.372921e-02
0
2.917642e-01
3.217945e-01
4.962645e-01
1.083139e-01
1.115817e-01
0
4.117640e-01
3.408961e-01
0
0
0
2.945207e-01
5.524368e-02
3.507313e-01
0
0
0
0
1.572788e-01
0
4.366698e-01
7.999460e-02
4.209694e-01
4.565434e-01
0
0
0
0
0
1.100666e-01
2.794448e-01
3.745053e-02
1.227144e-01
1.185654e-01
0
3.126090e-01
1.825216e-01
0
2.252848e-01
7.537113e-02
0
0
0
0
0
0
0
0
0
0
6.003662e-02
0
0
0
0
2.587873e-01
4.606314e-01
6.222674e-01
0
0
0
0
1.219428e-01
0
0
0
0
0
4.219960e-01
6.600818e-01
0
1.739080e-02
1.753053e-01
2.308833e-01
1.705705e-01
4.163209e-01
6.650481e-01
2.884332e-01
4.281521e-01
3.498460e-01
1
6.839782e-01
3.881847e-02
1.548696e-01
2.251322e-01
1.908689e-01
2.093377e-02
0
0
0
0
0
0
4.230540e-02
1.418622e-01
1.498217e-01
7.578725e-02
0
0
0
0
0
1.124850e-01
0
1.342881e-01
0
1.752902e-01
2.924308e-01
0
0
3.850945e-01
1.795370e-01
6.729384e-01
6.469206e-01
4.196601e-01
7.853684e-02
5.269664e-01
4.671942e-01
6.611384e-01
4.575221e-01
3.685403e-01
1.908708e-01
5.154354e-01
7.188333e-01
0
0
0
5.277058e-01
0
2.184938e-01
0
0
0
0
0
0
0
0
1.868308e-01
2.703634e-01
0
2.225879e-01
0
0
0
0
5.016706e-01
0
0
0
0
0
0
0
0
0
0
0
0
0
0
0
0
0
1.954719e-02
0
0
0
0
0
0
1.133776e-01
3.853177e-01
4.687245e-01
0
0
1.264639e-02
1.021917e-01
0
0
0
0
0
0
2.902864e-01
3.624547e-01
0
0
1.548250e-01
4.170519e-02
1.115945e-01
1.632883e-01
4.446529e-01
4.496366e-01
2.648260e-01
5.207146e-01
6.839782e-01
1
0
0
1.635566e-02
4.092050e-02
0
0
0
0
7.638967e-03
0
0
2.710216e-01
2.904597e-02
2.176531e-02
2.387695e-01
1.570605e-01
1.385303e-01
9.966549e-02
0
0
8.560368e-03
0
7.763082e-02
0
8.861401e-02
1.167887e-01
0
9.780890e-02
2.132363e-01
0
4.814049e-01
5.943596e-01
1.795902e-01
6.463795e-02
1.834594e-01
7.432812e-02
4.715524e-01
1.583603e-01
2.217029e-01
2.164981e-01
3.350062e-01
6.620526e-01
0
0
0
6.468813e-01
0
0
0
0
0
0
0
0
4.601644e-02
0
1.759249e-01
2.401252e-01
0
4.406299e-02
6.006613e-02
0
0
0
5.652641e-01
3.681810e-01
0
0
0
0
0
0
0
9.542024e-02
0
0
0
0
0
0
0
0
0
0
0
0
0
0
0
0
5.045085e-01
3.719094e-01
0
0
0
0
0
0
0
0
0
0
3.893971e-01
1.319746e-01
0
0
1.583099e-02
0
0
0
2.447940e-01
5.057709e-01
3.126177e-01
2.722648e-01
3.881847e-02
0
1
9.124826e-01
8.141550e-01
8.835082e-01
9.217877e-01
9.420524e-01
8.502940e-01
7.912427e-01
2.898398e-01
2.563911e-01
0
0
6.398288e-01
5.836891e-01
2.413772e-01
0
0
0
0
0
2.078175e-01
0
0
0
0
0
0
0
0
0
0
0
0
0
4.437627e-01
5.821172e-01
3.759854e-01
1.927169e-01
2.703433e-01
7.359568e-02
3.937435e-01
7.235568e-02
0
0
2.358112e-01
0
0
0
0
0
0
0
5.167590e-02
0
4.636851e-01
0
7.146007e-01
5.077417e-01
0
0
1.762235e-01
1.749585e-01
0
0
0
0
0
0
0
7.282595e-01
3.532789e-01
3.508197e-01
0
0
0
5.951512e-03
0
0
0
0
0
0
0
0
0
0
0
0
0
0
6.344654e-01
4.660661e-01
0
0
0
0
0
0
0
0
0
0
4.737498e-01
3.209260e-01
0
0
0
0
0
0
3.490718e-01
4.987626e-01
3.133301e-01
3.761353e-01
1.548696e-01
0
9.124826e-01
1
6.524979e-01
8.362014e-01
9.359999e-01
8.803544e-01
8.843046e-01
7.971883e-01
4.460222e-01
3.261533e-01
1.345189e-02
0
8.019563e-01
7.443092e-01
3.770463e-01
1.043837e-01
3.747064e-02
0
0
0
3.562249e-01
0
0
0
0
0
0
0
0
0
0
0
1.265796e-01
0
4.609749e-01
6.605502e-01
4.732860e-01
3.243322e-01
4.302983e-01
1.247920e-01
5.238602e-01
2.451114e-01
0
0
2.038962e-01
3.928493e-02
0
1.239622e-01
0
0
0
0
1.975808e-02
0
4.524139e-01
0
7.455048e-01
6.151545e-01
0
0
7.678368e-02
2.677694e-01
0
0
0
0
5.814194e-04
0
0
7.478871e-01
3.428555e-01
4.787347e-01
0
0
0
0
0
0
0
0
0
0
0
0
0
0
0
0
0
0
3.500863e-01
5.256813e-01
0
0
0
0
0
0
0
0
0
0
2.521832e-01
1.914987e-01
0
4.709144e-02
7.377431e-02
1.025258e-01
2.407090e-01
2.233171e-01
2.267712e-01
3.572725e-01
4.729786e-01
6.822249e-02
2.251322e-01
1.635566e-02
8.141550e-01
6.524979e-01
1
8.700692e-01
6.214149e-01
6.733829e-01
4.585648e-01
4.761118e-01
0
0
0
0
3.584125e-01
2.542778e-01
0
0
0
0
0
0
0
0
1.420610e-01
0
2.668543e-01
2.003046e-01
0
0
1.217551e-01
0
0
0
0
0
6.235026e-01
6.347391e-01
4.614950e-01
3.432512e-01
2.137512e-01
1.977634e-01
3.197617e-01
4.278123e-02
1.107086e-02
0
5.408297e-01
1.150737e-01
0
0
0
0
0
0
0
0
2.526017e-01
0
4.895856e-01
2.191946e-01
0
0
0
0
0
0
0
0
0
0
0
4.362949e-01
0
2.045146e-01
0
0
0
0
0
0
0
0
0
0
0
0
0
0
0
0
0
0
4.342616e-01
4.904596e-01
0
0
0
0
0
0
0
0
0
0
3.354456e-01
2.545000e-01
0
0
0
0
0
0
2.227124e-01
4.762118e-01
3.215328e-01
1.730403e-01
1.908689e-01
4.092050e-02
8.835082e-01
8.362014e-01
8.700692e-01
1
7.564523e-01
8.374318e-01
6.859719e-01
7.391677e-01
1.644189e-01
1.270424e-01
0
0
5.441944e-01
5.222956e-01
8.589098e-02
0
7.482826e-02
1.505902e-01
0
0
1.744437e-01
0
0
0
1.318039e-01
1.786486e-01
0
0
1.493152e-01
0
0
0
4.879133e-02
0
5.853698e-01
6.348395e-01
4.375895e-01
3.003225e-01
2.806458e-01
1.840307e-01
3.666061e-01
1.478097e-01
0
0
3.885363e-01
1.164745e-01
0
0
0
0
0
0
0
0
3.457167e-01
0
6.192707e-01
4.602495e-01
0
0
1.438231e-01
1.836625e-01
0
0
9.638812e-02
0
0
0
0
5.483113e-01
1.606521e-01
3.674441e-01
0
0
0
1.038945e-01
0
0
0
0
0
0
0
0
0
0
0
0
0
0
5.527579e-01
3.809029e-01
0
0
0
0
0
0
0
0
0
0
4.745386e-01
2.675790e-01
0
0
6.257324e-02
0
0
0
2.570272e-01
5.424379e-01
2.054913e-01
3.304526e-01
2.093377e-02
0
9.217877e-01
9.359999e-01
6.214149e-01
7.564523e-01
1.000000e+00
9.059171e-01
9.013031e-01
7.633987e-01
4.006670e-01
3.310041e-01
2.044744e-02
0
7.818409e-01
7.246777e-01
3.678152e-01
1.763624e-01
0
0
0
0
3.617341e-01
0
0
0
0
0
1.638813e-02
0
0
0
0
0
6.713447e-05
0
3.152348e-01
5.188367e-01
3.813199e-01
2.408392e-01
4.420025e-01
2.355563e-01
4.576009e-01
1.773121e-01
0
0
9.445075e-02
4.891622e-03
0
6.574488e-02
0
0
0
0
1.718254e-01
0
5.908407e-01
0
8.245005e-01
5.402171e-01
0
0
9.774194e-02
1.616067e-01
0
0
0
0
0
0
0
7.602561e-01
2.983067e-01
4.057003e-01
0
0
0
0
0
0
0
0
0
0
0
0
0
0
0
0
0
0
3.856939e-01
2.783678e-01
0
0
0
0
0
0
0
0
0
0
2.979736e-01
6.302140e-02
0
0
0
0
0
0
2.350640e-01
5.471595e-01
2.694280e-01
3.243835e-01
0
0
9.420524e-01
8.803544e-01
6.733829e-01
8.374318e-01
9.059171e-01
1
9.094105e-01
8.642801e-01
3.850433e-01
4.288850e-01
1.353530e-03
0
7.175404e-01
7.177312e-01
2.532204e-01
3.016650e-02
1.467321e-01
1.956033e-01
0
0
2.148385e-01
0
0
0
0
0
0
0
0
0
0
0
8.651915e-03
0
3.330084e-01
5.523768e-01
2.490854e-01
4.722377e-02
1.529333e-01
1.532531e-02
3.149995e-01
7.806431e-02
0
0
1.199655e-01
1.090654e-02
0
6.934505e-02
0
0
0
0
9.105552e-02
0
5.820987e-01
0
7.396146e-01
5.406589e-01
4.581085e-02
0
2.940831e-01
2.706219e-01
0
0
0
0
0
0
0
6.987724e-01
4.444432e-01
4.234993e-01
0
0
7.915384e-02
1.333498e-01
0
0
0
0
0
0
0
0
0
0
0
0
0
0
4.794936e-01
1.860438e-01
0
0
0
0
0
0
0
0
0
0
3.555894e-01
1.199417e-01
0
0
0
9.003568e-04
0
0
2.034685e-01
4.002437e-01
2.138840e-01
3.716870e-01
0
0
8.502940e-01
8.843046e-01
4.585648e-01
6.859719e-01
9.013031e-01
9.094105e-01
1.000000e+00
8.539299e-01
6.175185e-01
5.333306e-01
3.041277e-01
0
8.320851e-01
8.186543e-01
4.112885e-01
1.830220e-01
1.596922e-01
5.279962e-02
0
0
3.056025e-01
0
0
0
0
0
7.063983e-02
0
0
0
0
0
6.001014e-02
0
2.396751e-01
4.524438e-01
2.650963e-01
8.270343e-02
2.546064e-01
2.443534e-02
2.711080e-01
1.212174e-01
0
0
3.386559e-02
0
1.012702e-05
2.050987e-01
0
0
0
0
9.528037e-02
0
5.295548e-01
0
7.702666e-01
6.866756e-01
8.944383e-02
0
3.246619e-01
3.713481e-01
0
0
0
0
0
0
0
7.208356e-01
5.273087e-01
5.540726e-01
0
0
2.935094e-02
0
0
0
0
0
0
0
0
0
0
0
0
0
0
0
3.067389e-01
8.678508e-02
0
0
0
0
0
0
0
0
0
0
8.283804e-02
0
0
0
0
0
0
0
2.715588e-01
5.070340e-01
3.258430e-01
4.467536e-01
0
0
7.912427e-01
7.971883e-01
4.761118e-01
7.391677e-01
7.633987e-01
8.642801e-01
8.539299e-01
1
5.005995e-01
6.791888e-01
1.983213e-01
4.979258e-02
6.891586e-01
7.213301e-01
1.636392e-01
0
2.577849e-01
2.862376e-01
0
0
0
0
0
0
0
0
0
0
0
0
0
0
0
0
2.651324e-01
4.059929e-01
1.766258e-01
0
2.080190e-02
0
3.830599e-01
1.424912e-02
0
0
1.074984e-01
0
4.329907e-04
7.516070e-02
0
0
0
0
1.641595e-01
0
4.853781e-01
0
5.245499e-01
5.533145e-01
1.044505e-01
0
2.486138e-01
3.230277e-01
5.545178e-02
0
0
0
3.421324e-02
0
0
6.288146e-01
3.672378e-01
3.209355e-01
0
0
2.135688e-01
1.308732e-01
0
0
0
0
0
0
0
0
0
0
0
0
0
0
2.551398e-01
9.645119e-02
0
0
5.502537e-02
0
0
0
6.708025e-02
0
0
0
0
0
0
0
3.064471e-02
1.278746e-01
0
0
2.324182e-01
1.598492e-01
4.243425e-01
5.236776e-01
0
7.638967e-03
2.898398e-01
4.460222e-01
0
1.644189e-01
4.006670e-01
3.850433e-01
6.175185e-01
5.005995e-01
1
7.417803e-01
8.256406e-01
4.075715e-01
7.651187e-01
7.297010e-01
3.971281e-01
3.136852e-01
4.837293e-01
7.363193e-02
0
0
3.527375e-02
0
0
0
0
0
9.032014e-03
8.376899e-04
0
0
8.849489e-02
0
1.802735e-01
3.359830e-02
0
1.862587e-01
1.776927e-01
1.823740e-02
0
0
0
1.223217e-01
0
0
8.325189e-02
9.895882e-02
4.651708e-01
6.202277e-01
0
0
0
0
6.462294e-02
0
4.864535e-01
0
4.223165e-01
5.956127e-01
6.804028e-02
0
3.882134e-02
4.339926e-01
1.541069e-01
0
0
0
1.597245e-01
2.959091e-01
0
3.355661e-01
3.807148e-01
5.633667e-01
3.173719e-01
0
3.556727e-01
9.204682e-02
0
0
0
0
0
0
0
0
0
0
0
0
0
0
0
0
0
0
0
0
0
0
2.602900e-01
0
0
0
0
0
0
0
0
0
0
0
2.902608e-01
3.230514e-01
3.752009e-01
5.502045e-01
0
0
2.563911e-01
3.261533e-01
0
1.270424e-01
3.310041e-01
4.288850e-01
5.333306e-01
6.791888e-01
7.417803e-01
1
6.484182e-01
4.848107e-01
5.983610e-01
6.419211e-01
7.681977e-02
0
4.220128e-01
3.089234e-01
0
0
0
0
0
4.816751e-02
0
0
0
6.315156e-02
0
0
0
0
0
0
0
6.015824e-02
0
0
0
0
1.961217e-02
0
0
1.469034e-02
0
3.035724e-03
3.547070e-01
4.666264e-01
0
0
0
0
3.684553e-01
0
5.589161e-01
1.545698e-01
1.383374e-01
2.688549e-01
1.628412e-01
0
1.714912e-02
2.444107e-01
1.972507e-01
1.844456e-01
0
9.456953e-02
2.604021e-01
3.689119e-01
0
3.480189e-01
3.577956e-01
1.556299e-01
4.333415e-01
1.184803e-01
2.918096e-01
2.869404e-01
0
0
7.567272e-02
0
6.441606e-02
0
0
0
0
0
0
0
0
0
3.527436e-02
0
7.141575e-02
2.256087e-01
1.981704e-01
2.377028e-01
0
0
2.812210e-01
7.709881e-02
1.190121e-01
0
0
0
0
0
0
5.165303e-02
0
0
0
0
1.815138e-01
2.730145e-01
0
0
0
1.345189e-02
0
0
2.044744e-02
1.353530e-03
3.041277e-01
1.983213e-01
8.256406e-01
6.484182e-01
1
4.520664e-01
4.408275e-01
4.016140e-01
3.261667e-01
2.825739e-01
3.506574e-01
0
0
0
0
0
0
1.250173e-01
0
0
2.401569e-01
2.720491e-01
0
1.700297e-01
1.184767e-01
0
1.125295e-01
2.463167e-01
0
0
0
0
0
0
0
2.526706e-02
0
0
0
7.968097e-02
5.119642e-01
5.558113e-01
0
0
0
0
3.832129e-02
0
2.167896e-01
0
6.755928e-02
2.643724e-01
1.597920e-01
0
3.075256e-02
3.096486e-01
2.009248e-01
0
0
1.006359e-02
3.418649e-01
5.546260e-01
4.122670e-02
4.138757e-02
1.907311e-01
4.191265e-01
3.954242e-01
0
2.667212e-02
0
3.120724e-01
9.109918e-02
2.404947e-01
0
4.754776e-01
3.771612e-02
1.301234e-01
8.001088e-02
0
0
1.153657e-01
0
0
0
0
0
0
0
1.823669e-01
3.193183e-01
0
0
3.189969e-01
2.507251e-01
8.204112e-02
1.050133e-01
0
0
0
0
0
0
2.389889e-01
1.531135e-01
3.115785e-01
1.567690e-01
3.693982e-01
4.393750e-01
4.230540e-02
2.710216e-01
0
0
0
0
0
0
0
4.979258e-02
4.075715e-01
4.848107e-01
4.520664e-01
1
0
1.142098e-01
0
0
2.656673e-01
1.844920e-01
6.792493e-02
0
0
0
1.370690e-01
7.171553e-02
8.362990e-03
2.067101e-04
0
2.295756e-01
4.479830e-02
4.549157e-02
4.184381e-02
0
0
1.386719e-01
0
0
0
0
0
0
0
0
0
0
0
2.371521e-02
4.706795e-02
2.663132e-01
3.497880e-01
4.817034e-01
0
0
9.576974e-02
0
6.983903e-02
0
0
1.610874e-01
3.750150e-01
0
0
0
1.814498e-01
2.756491e-02
2.774239e-01
4.048402e-01
0
5.094887e-02
0
0
1.515759e-02
0
2.907024e-01
2.740541e-01
0
7.356904e-02
0
0
0
0
0
0
0
0
0
0
0
0
0
0
4.527455e-01
3.860137e-01
0
0
0
0
0
0
0
0
0
0
2.195809e-01
2.491133e-01
0
0
2.500481e-02
2.902234e-02
0
0
4.581465e-01
4.471753e-01
5.004185e-01
5.809491e-01
1.418622e-01
2.904597e-02
6.398288e-01
8.019563e-01
3.584125e-01
5.441944e-01
7.818409e-01
7.175404e-01
8.320851e-01
6.891586e-01
7.651187e-01
5.983610e-01
4.408275e-01
0
1
9.132796e-01
4.213341e-01
2.371412e-01
2.018361e-01
0
0
0
2.093334e-01
0
0
0
0
0
0
0
0
0
6.667661e-02
0
1.258519e-01
0
2.722653e-01
5.460664e-01
4.342171e-01
2.528363e-01
3.127791e-01
2.017213e-01
3.582895e-01
3.833463e-01
0
0
1.344562e-01
2.546883e-01
2.555078e-01
5.568776e-01
0
0
0
0
9.830457e-02
0
6.603318e-01
0
7.406688e-01
5.807944e-01
0
0
0
1.763914e-01
0
0
0
0
1.628538e-01
1.801790e-01
0
5.742534e-01
2.493076e-01
5.903202e-01
7.528834e-02
0
1.271637e-01
0
0
0
0
0
0
0
0
0
0
0
0
0
0
0
4.027119e-01
3.299264e-01
0
0
0
0
0
0
0
0
0
0
2.667716e-01
2.342418e-01
0
0
2.217056e-03
5.101829e-02
0
0
5.019165e-01
5.452449e-01
4.057990e-01
6.097245e-01
1.498217e-01
2.176531e-02
5.836891e-01
7.443092e-01
2.542778e-01
5.222956e-01
7.246777e-01
7.177312e-01
8.186543e-01
7.213301e-01
7.297010e-01
6.419211e-01
4.016140e-01
1.142098e-01
9.132796e-01
1.000000e+00
4.118640e-01
2.110067e-01
3.409493e-01
2.005113e-01
0
0
2.140528e-01
0
0
0
0
0
0
0
0
0
1.410052e-01
0
2.054002e-01
0
2.592086e-01
4.666900e-01
3.918518e-01
2.092783e-01
2.518299e-01
5.271573e-02
2.807969e-01
2.705158e-01
0
0
0
9.655779e-02
1.187512e-01
6.036506e-01
0
0
0
0
5.266685e-02
0
6.068478e-01
0
7.390430e-01
7.027995e-01
0
0
4.797701e-02
2.485664e-01
0
0
1.297858e-02
0
4.899910e-04
2.471979e-02
0
5.112601e-01
3.068276e-01
4.256351e-01
0
0
2.172767e-01
4.991869e-01
0
0
0
0
0
0
0
0
3.873700e-02
1.239071e-01
0
0
0
0
7.133205e-01
4.612639e-01
1.219583e-01
1.096901e-01
3.365864e-02
8.990996e-02
0
0
0
0
2.358517e-03
0
5.424121e-01
3.845121e-01
0
0
2.367065e-01
1.567118e-01
0
0
1.727298e-01
2.178590e-01
7.037145e-03
5.026377e-01
7.578725e-02
2.387695e-01
2.413772e-01
3.770463e-01
0
8.589098e-02
3.678152e-01
2.532204e-01
4.112885e-01
1.636392e-01
3.971281e-01
7.681977e-02
3.261667e-01
0
4.213341e-01
4.118640e-01
1
7.217732e-01
1.679546e-01
0
0
0
4.646395e-01
1.774898e-01
0
0
0
0
5.774632e-01
2.463216e-01
1.467206e-01
1.176800e-01
3.428286e-01
2.467132e-01
3.647646e-01
1.441746e-01
1.852932e-01
1.935770e-01
5.131400e-01
3.501642e-01
5.782989e-01
2.562625e-01
1.892526e-01
2.584403e-01
0
0
4.150112e-02
2.095581e-02
4.006565e-02
1.788121e-01
0
0
0
0
0
0
9.974472e-02
2.984956e-02
5.654862e-01
4.920686e-01
0
0
1.332406e-01
2.630515e-01
0
0
0
0
1.484473e-01
1.032439e-01
1.535195e-01
4.325342e-01
3.070072e-01
3.230931e-01
0
0
3.618115e-01
5.250402e-01
0
0
0
0
0
0
0
0
7.057603e-02
1.704822e-01
0
0
0
0
4.093365e-01
2.898381e-01
1.801251e-01
1.088654e-01
0
0
0
0
0
0
0
0
4.814943e-01
3.387469e-01
0
0
3.267314e-01
3.192145e-01
0
0
0
5.409233e-02
0
1.944557e-01
0
1.570605e-01
0
1.043837e-01
0
0
1.763624e-01
3.016650e-02
1.830220e-01
0
3.136852e-01
0
2.825739e-01
0
2.371412e-01
2.110067e-01
7.217732e-01
1
2.639169e-01
6.377592e-02
2.044674e-01
0
6.566447e-01
4.205629e-01
0
0
0
0
3.416023e-01
1.314663e-01
0
0
2.151418e-01
2.843513e-01
3.514843e-01
2.707309e-01
0
0
9.566637e-02
1.159336e-01
4.176741e-01
2.424201e-01
0
1.468869e-01
0
0
7.274350e-02
0
2.161819e-01
1.123741e-01
0
0
0
0
2.672200e-03
0
1.217900e-01
3.487880e-02
4.710652e-01
3.841447e-01
0
0
1.878291e-01
4.032009e-01
2.772818e-01
0
0
0
1.076819e-01
2.881221e-01
2.972257e-01
1.689050e-01
1.607545e-01
4.690054e-01
1.856878e-01
5.074712e-02
3.855487e-01
0
0
0
0
0
7.028098e-03
0
0
0
0
0
0
0
0
0
0
2.802540e-02
0
0
2.134359e-01
0
0
0
9.305333e-02
9.592033e-02
7.264383e-02
0
0
0
0
0
0
4.941074e-02
0
0
0
1.160085e-01
8.580534e-02
2.611637e-01
0
1.385303e-01
0
3.747064e-02
0
7.482826e-02
0
1.467321e-01
1.596922e-01
2.577849e-01
4.837293e-01
4.220128e-01
3.506574e-01
2.656673e-01
2.018361e-01
3.409493e-01
1.679546e-01
2.639169e-01
1
7.778663e-01
4.933857e-01
0
1.272053e-01
0
0
1.064449e-01
3.814914e-01
5.246447e-01
0
5.397714e-02
0
0
6.272332e-02
5.480240e-02
2.087759e-01
3.312286e-04
0
0
0
0
0
0
0
1.200692e-02
0
0
0
7.236141e-02
4.064359e-01
3.654862e-01
0
1.441649e-01
0
0
0
0
1.474186e-01
1.843085e-01
7.836181e-02
4.153310e-01
3.719739e-01
0
4.281079e-01
7.185490e-01
3.571119e-01
0
2.709903e-01
3.196629e-01
0
6.965433e-02
5.138094e-02
0
3.948554e-01
3.365810e-01
1.580248e-01
0
3.050993e-01
0
0
0
0
0
3.505740e-02
0
0
0
0
2.646773e-02
9.593029e-02
0
0
0
0
0
0
0
5.834641e-02
0
0
0
0
0
0
0
0
0
0
0
0
0
0
0
0
3.209862e-01
0
1.043498e-01
0
9.966549e-02
0
0
0
1.505902e-01
0
1.956033e-01
5.279962e-02
2.862376e-01
7.363193e-02
3.089234e-01
0
1.844920e-01
0
2.005113e-01
0
6.377592e-02
7.778663e-01
1.000000e+00
4.973445e-01
1.474984e-01
1.807781e-02
3.180550e-02
0
1.234563e-01
3.357911e-01
5.551290e-01
0
3.510396e-02
0
0
0
3.589422e-03
0
0
0
0
0
0
0
0
0
0
0
1.229982e-01
0
0
4.903617e-02
1.420578e-01
1.795544e-01
2.490148e-01
0
1.170890e-01
1.776050e-02
0
1.531411e-01
2.125861e-01
3.788280e-02
2.320418e-01
4.071557e-01
0
4.403112e-01
4.838441e-01
3.019000e-01
0
3.182109e-01
3.123973e-01
0
0
1.137746e-02
0
1.974331e-01
0
0
1.102512e-01
1.610438e-01
0
0
1.050122e-01
0
0
2.244346e-01
0
0
0
0
5.028523e-02
4.201462e-01
1.923213e-02
1.430986e-02
0
0
0
0
0
0
0
0
0
9.881055e-03
0
0
0
0
0
0
2.330630e-01
8.288093e-03
3.508347e-01
2.264939e-01
1.612870e-01
0
0
0
0
0
0
0
0
0
0
0
0
0
0
0
0
0
6.792493e-02
0
0
0
2.044674e-01
4.933857e-01
4.973445e-01
1
1.140166e-01
2.186744e-01
2.101121e-01
1.489644e-01
3.188969e-01
4.857158e-01
5.725261e-01
0
0
0
0
0
5.689321e-02
7.554103e-02
2.667745e-01
0
0
0
1.219462e-02
0
0
0
0
6.293650e-02
2.203053e-02
3.006752e-01
0
3.878809e-01
0
3.791775e-01
3.502412e-01
1.144829e-01
0
0
0
0
0
0
1.889482e-01
3.737732e-01
0
2.884001e-01
5.392832e-01
1.948102e-01
0
1.346447e-01
2.052755e-01
0
0
0
0
3.353269e-02
1.681572e-01
0
0
0
0
3.039580e-01
4.642201e-01
1.062100e-01
4.896020e-01
4.621751e-01
7.367186e-01
3.672692e-01
6.552104e-01
0
2.306125e-01
5.965138e-01
4.986385e-01
3.088954e-01
4.007938e-01
0
0
2.931624e-01
2.238419e-01
1.468977e-01
2.630453e-01
3.287990e-01
3.454352e-01
2.108809e-01
1.727352e-01
2.441521e-01
2.603598e-01
0
0
2.596657e-01
2.348108e-01
0
0
2.536659e-01
3.514767e-01
0
0
0
0
0
0
0
0
0
0
0
0
0
0
0
0
0
0
0
0
0
0
0
1.474984e-01
1.140166e-01
1
0
2.324092e-01
3.275738e-01
5.672189e-01
0
1.802012e-02
0
1.392410e-01
1.919910e-01
2.080471e-01
2.729690e-03
1.528049e-01
3.555454e-03
2.401808e-01
0
0
0
0
0
0
0
0
0
3.228614e-01
0
4.167085e-03
0
0
5.142598e-01
4.347386e-01
5.585265e-01
3.840284e-01
0
2.848975e-01
0
4.922880e-02
0
0
1.799555e-01
1.764763e-01
9.518807e-02
0
0
0
0
2.211372e-01
0
0
0
0
0
0
0
4.793412e-02
1.528917e-01
1.142054e-01
0
0
0
0
0
0
0
0
2.835051e-01
4.282648e-01
0
1.917007e-01
0
2.384203e-01
5.493757e-01
3.986629e-01
6.092280e-02
0
0
0
0
0
0
0
0
0
7.467744e-01
6.428332e-01
0
1.389368e-01
2.225846e-01
3.549431e-01
0
0
0
0
0
0
1.124850e-01
8.560368e-03
2.078175e-01
3.562249e-01
0
1.744437e-01
3.617341e-01
2.148385e-01
3.056025e-01
0
3.527375e-02
0
0
0
2.093334e-01
2.140528e-01
4.646395e-01
6.566447e-01
1.272053e-01
1.807781e-02
2.186744e-01
0
1
6.218372e-01
0
0
0
0
4.107947e-01
7.994177e-02
4.920460e-02
1.068108e-01
2.899802e-01
3.187473e-01
3.395163e-01
1.597653e-01
0
3.595136e-02
2.170222e-01
3.614031e-01
6.438001e-01
2.913275e-01
1.327478e-01
2.544831e-01
0
0
0
0
0
0
0
0
2.196142e-02
0
0
0
0
0
5.307832e-01
4.667687e-01
0
0
3.766020e-01
5.148200e-01
0
0
0
0
0
0
1.148391e-01
2.104243e-01
2.364693e-01
5.004259e-01
0
0
4.186419e-01
2.577690e-01
0
1.296039e-01
0
1.976718e-01
9.281285e-02
2.949537e-01
0
3.804794e-02
4.581957e-01
6.582241e-01
3.451047e-01
5.808280e-01
2.581098e-01
3.165278e-01
1.061368e-01
0
5.567818e-01
3.102746e-01
1.116646e-01
1.663774e-01
1.611413e-01
1.274294e-01
0
0
5.027653e-02
1.432483e-01
5.145609e-01
3.482758e-01
1.303900e-01
1.921559e-01
3.082231e-01
2.749715e-01
0
0
0
0
0
0
0
0
0
0
0
0
0
0
0
0
0
0
0
0
0
0
1.774898e-01
4.205629e-01
0
3.180550e-02
2.101121e-01
2.324092e-01
6.218372e-01
1
0
1.321113e-02
0
0
3.195684e-01
2.158998e-01
9.397952e-02
2.865371e-01
3.263868e-01
3.653087e-01
3.152961e-01
3.127047e-01
0
0
0
0
1.955271e-01
0
1.094822e-02
3.198154e-02
0
0
0
0
0
0
0
7.345520e-02
2.808910e-01
1.088385e-01
0
3.881354e-02
0
0
0
4.659185e-02
1.029651e-01
1.372572e-02
3.897006e-01
2.056985e-01
9.487721e-02
0
0
2.792681e-02
0
0
1.987809e-01
0
1.479951e-01
2.793560e-02
0
0
0
0
4.416672e-01
4.448074e-01
5.656687e-01
3.627666e-01
3.346635e-01
1.036366e-01
5.622642e-01
3.856478e-01
0
0
1.422443e-01
0
2.539556e-01
0
0
7.808586e-02
0
0
0
0
4.919627e-01
4.139349e-01
5.648407e-01
4.167251e-01
1.304513e-01
6.807919e-02
0
0
2.753030e-01
2.570080e-01
2.616041e-03
2.407327e-02
8.063341e-01
7.566450e-01
0
0
3.373797e-01
0
1.342881e-01
7.763082e-02
0
0
1.420610e-01
0
0
0
0
0
0
0
0
1.370690e-01
0
0
0
0
0
0
1.489644e-01
3.275738e-01
0
0
1.000000e+00
4.315307e-01
5.616925e-01
3.546431e-01
0
0
2.088672e-02
0
0
1.641944e-01
0
8.482997e-02
4.531487e-02
0
0
9.244214e-02
0
6.504922e-02
0
0
6.816605e-01
2.638960e-01
4.647137e-01
1.952030e-01
1.934553e-01
0
7.137161e-02
1.634645e-01
1.729460e-01
4.454151e-02
0
2.842645e-01
0
0
0
0
0
3.761877e-01
0
0
0
9.985751e-02
7.022106e-02
1.331681e-01
1.204927e-01
0
0
0
0
0
0
0
3.328485e-01
8.469687e-02
4.338833e-01
5.769289e-01
4.076225e-01
2.172797e-01
6.516643e-01
3.352208e-01
1.393842e-01
3.218810e-01
5.232155e-03
7.915916e-02
5.822391e-01
2.334717e-01
1.168348e-01
0
0
0
3.124990e-01
2.551857e-01
2.327452e-01
1.624497e-01
3.248067e-01
4.220324e-01
7.581315e-01
5.625430e-01
4.508188e-01
1.016766e-01
0
0
3.053763e-01
1.178646e-01
0
0
2.318098e-01
1.995640e-01
0
0
0
0
0
0
0
0
0
0
0
0
0
0
0
4.816751e-02
1.250173e-01
7.171553e-02
0
0
0
0
1.064449e-01
1.234563e-01
3.188969e-01
5.672189e-01
0
1.321113e-02
4.315307e-01
1
2.600760e-01
1.764043e-01
0
0
0
0
0
0
0
1.756491e-01
0
0
0
0
0
0
0
0
2.621470e-01
5.355224e-01
9.024773e-02
0
4.725520e-01
0
2.591258e-01
3.867476e-01
2.176619e-01
1.281473e-01
0
1.645102e-01
0
2.451670e-01
0
0
1.088337e-01
1.864434e-01
0
0
2.356338e-01
1.623752e-01
0
1.942320e-01
1.130296e-01
2.395289e-01
1.795755e-01
0
0
0
1.552381e-01
3.532153e-02
0
0
9.694939e-02
1.533731e-01
3.344090e-01
0
1.022858e-01
0
0
0
0
0
0
0
0
0
0
2.862830e-01
0
0
9.205592e-02
0
0
0
2.819076e-01
3.212782e-01
1.276115e-01
0
0
0
0
6.649281e-02
2.823040e-02
3.456693e-01
6.120777e-01
6.315577e-01
0
0
3.089017e-01
0
1.752902e-01
8.861401e-02
0
0
2.668543e-01
1.318039e-01
0
0
0
0
0
0
0
8.362990e-03
0
0
0
0
3.814914e-01
3.357911e-01
4.857158e-01
0
0
0
5.616925e-01
2.600760e-01
1.000000e+00
9.027343e-01
0
0
3.537568e-02
0
0
2.129623e-01
4.094779e-02
4.913007e-02
7.224048e-02
5.615874e-02
1.244217e-01
1.643668e-01
0
4.090764e-02
0
0
3.584096e-01
3.145434e-01
4.681454e-01
2.059242e-01
3.314717e-01
1.911373e-01
0
7.793223e-02
0
3.209884e-02
0
0
0
2.509555e-02
0
0
0
1.713642e-01
0
2.997718e-02
0
0
2.341743e-01
1.183010e-01
0
0
0
0
0
1.100907e-01
0
0
0
0
9.017186e-02
7.382661e-02
1.024998e-01
0
8.745203e-02
0
0
0
0
0
0
0
0
0
0
2.775506e-01
0
0
0
0
0
0
1.327146e-01
1.840516e-01
2.594053e-02
0
0
7.536816e-02
0
7.979336e-02
0
3.010063e-01
4.594086e-01
5.553451e-01
0
5.935835e-04
2.640252e-01
0
2.924308e-01
1.167887e-01
0
0
2.003046e-01
1.786486e-01
0
0
0
0
0
0
0
2.067101e-04
0
0
0
0
5.246447e-01
5.551290e-01
5.725261e-01
1.802012e-02
0
0
3.546431e-01
1.764043e-01
9.027343e-01
1.000000e+00
0
0
7.920143e-02
0
4.014830e-02
2.524140e-01
1.630311e-01
0
1.066110e-01
1.080940e-01
1.116550e-01
1.489117e-01
0
0
0
0
1.639161e-01
3.108266e-01
3.564063e-01
1.172178e-01
2.808579e-01
1.863617e-01
0
2.275923e-01
0
9.183136e-02
0
0
0
0
0
3.631715e-02
3.967771e-02
1.232034e-01
2.574412e-02
1.504474e-01
1.505218e-02
0
3.953215e-01
1.267236e-01
0
0
0
0
0
9.063462e-02
0
0
1.852939e-01
3.989129e-01
0
3.439793e-02
5.811701e-02
2.231870e-01
0
2.068581e-01
0
6.319763e-02
7.804573e-02
6.344232e-01
0
3.830736e-01
7.539302e-02
2.455502e-01
2.992237e-01
2.378064e-02
4.768992e-01
5.971176e-01
4.113941e-01
5.680333e-01
0
7.479161e-02
0
0
3.497586e-01
3.211638e-01
3.419374e-01
2.840129e-01
0
0
1.812540e-01
1.696763e-01
0
0
0
0
0
0
0
0
0
0
0
0
1.638813e-02
0
7.063983e-02
0
9.032014e-03
0
2.401569e-01
0
0
0
5.774632e-01
3.416023e-01
0
0
0
0
4.107947e-01
3.195684e-01
0
0
0
0
1.000000e+00
7.293025e-01
2.238596e-01
4.556996e-01
2.927485e-01
1.718977e-01
6.861959e-02
2.788510e-01
0
0
1.950047e-01
2.486018e-01
5.157747e-01
3.837297e-01
0
5.868097e-02
5.664844e-02
0
0
0
0
2.662105e-02
2.447036e-02
0
2.372491e-02
0
3.188056e-02
0
0
2.081376e-01
1.804916e-01
7.669068e-02
1.938965e-01
1.025737e-01
2.802531e-01
1.180561e-01
0
0
0
0
9.451928e-03
1.758800e-01
4.118696e-01
1.169980e-01
1.814357e-01
1.150470e-02
6.201178e-02
1.385060e-01
3.338563e-01
3.005333e-01
7.992252e-02
2.319028e-01
0
2.165187e-01
2.341891e-01
5.125979e-01
8.462220e-02
2.924992e-01
5.906501e-02
6.340070e-01
3.094001e-01
5.698525e-01
1.050788e-01
3.436114e-01
0
0
5.140035e-01
6.596846e-01
4.429311e-01
7.431963e-01
0
1.447667e-01
0
3.547215e-02
3.446349e-01
3.757873e-01
7.354632e-02
0
0
0
0
0
0
0
0
0
0
0
0
9.780890e-02
0
0
0
0
0
0
0
0
8.376899e-04
6.315156e-02
2.720491e-01
2.295756e-01
0
0
2.463216e-01
1.314663e-01
5.397714e-02
3.510396e-02
0
1.392410e-01
7.994177e-02
2.158998e-01
0
0
0
0
7.293025e-01
1
2.472500e-01
4.223710e-01
2.518229e-01
6.964123e-02
1.126175e-02
2.864255e-01
0
0
0
0
3.307930e-02
1.043816e-03
0
2.444937e-02
0
0
0
0
0
1.634938e-02
4.304517e-01
1.040632e-01
1.551878e-01
1.865794e-01
1.300354e-01
0
0
2.433652e-01
0
0
3.650288e-01
1.176615e-01
2.913733e-01
1.190656e-01
9.238576e-02
0
8.331266e-02
3.020525e-01
0
1.706453e-01
3.467571e-01
0
2.162371e-01
0
2.419442e-01
3.531407e-01
0
0
6.607922e-02
3.070416e-02
2.482485e-02
1.336836e-01
1.843935e-02
1.743464e-01
0
5.364604e-03
1.893081e-02
1.671426e-01
0
0
0
7.134014e-02
2.212620e-01
3.593653e-01
1.810196e-01
1.978137e-01
2.781481e-01
4.541022e-01
2.359244e-02
0
0
0
2.199726e-01
1.789627e-01
4.460240e-01
4.689233e-01
0
8.432252e-02
1.022758e-01
1.605352e-01
0
1.285500e-01
1.745010e-01
5.284310e-02
0
0
3.850945e-01
2.132363e-01
0
0
1.217551e-01
1.493152e-01
0
0
0
0
0
0
0
4.479830e-02
0
0
1.467206e-01
0
0
0
0
1.919910e-01
4.920460e-02
9.397952e-02
2.088672e-02
0
3.537568e-02
7.920143e-02
2.238596e-01
2.472500e-01
1
5.875031e-01
6.673650e-01
4.825152e-01
6.773185e-01
5.390012e-01
5.870565e-01
3.737691e-01
2.083772e-01
1.559964e-01
1.980113e-01
6.206231e-02
0
2.248781e-01
3.762216e-02
0
2.843356e-03
1.606344e-01
0
1.612170e-02
0
4.219801e-02
0
0
0
0
0
0
1.449888e-02
4.236625e-02
0
2.127245e-01
0
0
0
0
2.151016e-01
0
0
0
0
0
0
0
0
0
0
0
1.454102e-01
3.610464e-01
0
3.881457e-01
1.812960e-01
5.102416e-01
1.029146e-02
3.278793e-01
2.113189e-01
4.721242e-01
2.359745e-01
3.479318e-01
2.685474e-01
4.504296e-01
2.470614e-01
1.138146e-01
3.294253e-01
3.355439e-01
1.001129e-01
4.198262e-01
3.075457e-01
2.167461e-01
0
0
3.242176e-02
0
2.979321e-01
4.303615e-01
9.449436e-02
4.383791e-01
9.436578e-02
1.753244e-01
0
2.421701e-02
0
0
0
0
1.795370e-01
0
0
0
0
0
0
0
0
0
0
0
1.700297e-01
4.549157e-02
0
0
1.176800e-01
0
0
0
0
2.080471e-01
1.068108e-01
2.865371e-01
0
0
0
0
4.556996e-01
4.223710e-01
5.875031e-01
1
6.119946e-01
4.205682e-01
5.048523e-01
7.154881e-01
1.231567e-01
0
1.106146e-01
3.032053e-01
2.628674e-01
7.943561e-02
0
4.814813e-02
2.341279e-01
1.104137e-02
0
0
0
1.348474e-01
1.480024e-01
0
1.423539e-01
0
0
0
0
0
0
1.666451e-02
0
2.749771e-01
0
0
0
0
8.441788e-02
0
1.196876e-01
0
0
0
0
0
0
0
0
0
0
0
0
0
0
2.380056e-02
0
0
1.356143e-02
1.300467e-01
0
5.749590e-02
0
3.152153e-01
4.557525e-01
4.599070e-01
4.576004e-02
1.210254e-01
2.451258e-01
3.678482e-01
1.614385e-02
0
0
0
5.924040e-02
0
5.648611e-01
6.958366e-01
0
3.212937e-03
3.153711e-01
3.917227e-01
0
3.508046e-02
3.544503e-01
0
3.174958e-02
1.072732e-01
6.729384e-01
4.814049e-01
0
0
0
0
0
0
0
0
8.849489e-02
0
1.184767e-01
4.184381e-02
6.667661e-02
1.410052e-01
3.428286e-01
2.151418e-01
6.272332e-02
0
0
2.729690e-03
2.899802e-01
3.263868e-01
0
0
0
4.014830e-02
2.927485e-01
2.518229e-01
6.673650e-01
6.119946e-01
1
8.096499e-01
8.240359e-01
6.411043e-01
3.609908e-01
3.327682e-01
3.617226e-01
2.245245e-01
2.907210e-01
6.383639e-02
1.191665e-01
6.498050e-01
0
0
0
4.321218e-01
0
2.828109e-01
0
0
0
0
0
0
0
0
1.616787e-01
3.134873e-01
0
1.767947e-01
8.454054e-02
8.787140e-03
0
0
1.791855e-01
0
0
0
0
0
0
1.569895e-01
0
0
0
0
0
8.086871e-02
0
0
0
2.507260e-03
0
0
3.752969e-02
4.018382e-02
0
6.385073e-03
0
2.334345e-01
3.885656e-01
5.985122e-01
0
0
1.594088e-01
2.249221e-01
1.131271e-01
0
0
0
0
0
4.869905e-01
6.716453e-01
0
2.359079e-01
3.946043e-01
3.822219e-01
7.053574e-02
2.417897e-01
2.488235e-01
0
3.061247e-02
8.744893e-03
6.469206e-01
5.943596e-01
0
0
0
0
0
0
0
0
0
0
0
0
0
0
2.467132e-01
2.843513e-01
5.480240e-02
3.589422e-03
5.689321e-02
1.528049e-01
3.187473e-01
3.653087e-01
1.641944e-01
0
2.129623e-01
2.524140e-01
1.718977e-01
6.964123e-02
4.825152e-01
4.205682e-01
8.096499e-01
1
6.688273e-01
6.407942e-01
1.509169e-01
1.586212e-01
3.665995e-01
3.087912e-01
2.890589e-01
1.456456e-01
1.602957e-01
5.639210e-01
0
0
0
4.530395e-01
0
9.633315e-02
0
0
0
0
0
0
0
0
4.810563e-02
7.019122e-02
0
3.216548e-01
0
0
0
0
2.699980e-01
2.065959e-02
0
0
0
0
0
0
0
0
1.292850e-02
0
0
0
0
0
0
0
0
0
1.102119e-01
8.614924e-02
0
0
0
4.515880e-02
4.089096e-01
4.764178e-01
6.930288e-02
0
1.526155e-01
1.751799e-01
0
0
0
0
3.323782e-02
0
5.255231e-01
5.552350e-01
0
1.326298e-01
2.203631e-01
3.527242e-01
0
0
1.991536e-01
0
5.181533e-02
4.372921e-02
4.196601e-01
1.795902e-01
0
1.265796e-01
0
4.879133e-02
6.713447e-05
8.651915e-03
6.001014e-02
0
1.802735e-01
0
1.125295e-01
0
1.258519e-01
2.054002e-01
3.647646e-01
3.514843e-01
2.087759e-01
0
7.554103e-02
3.555454e-03
3.395163e-01
3.152961e-01
0
0
4.094779e-02
1.630311e-01
6.861959e-02
1.126175e-02
6.773185e-01
5.048523e-01
8.240359e-01
6.688273e-01
1
6.630081e-01
3.858425e-01
5.144996e-01
1.782819e-01
1.259987e-01
1.306335e-01
0
2.616383e-02
3.979745e-01
0
0
5.516042e-02
2.449300e-01
3.322022e-02
2.851637e-01
0
0
0
0
0
0
0
0
1.694354e-01
3.332702e-01
0
1.560813e-01
1.349588e-02
1.809400e-01
0
0
0
0
0
0
0
0
0
3.575241e-01
0
0
0
0
0
3.029034e-01
0
1.067832e-01
1.902858e-01
2.875991e-01
0
9.591053e-02
0
1.755095e-01
1.736563e-01
3.532910e-02
0
1.704606e-01
1.206713e-01
2.198879e-01
2.262777e-01
2.103506e-01
2.281704e-01
4.576905e-01
0
0
0
0
9.028952e-02
0
3.129932e-01
3.313328e-01
0
2.945285e-01
4.764727e-01
5.075739e-01
0
9.888473e-02
0
0
0
0
7.853684e-02
6.463795e-02
0
0
0
0
0
0
0
0
3.359830e-02
0
2.463167e-01
1.386719e-01
0
0
1.441746e-01
2.707309e-01
3.312286e-04
0
2.667745e-01
2.401808e-01
1.597653e-01
3.127047e-01
8.482997e-02
1.756491e-01
4.913007e-02
0
2.788510e-01
2.864255e-01
5.390012e-01
7.154881e-01
6.411043e-01
6.407942e-01
6.630081e-01
1
0
0
0
6.361818e-02
6.684017e-03
0
0
7.924995e-02
9.326522e-03
0
0
6.818506e-02
0
1.341033e-01
2.331890e-01
0
0
0
0
0
0
0
0
5.903647e-02
3.894453e-03
6.687644e-02
0
6.686792e-03
0
0
0
0
0
0
0
0
0
5.057569e-02
0
0
0
0
4.123154e-03
0
0
0
0
0
0
0
0
0
0
0
0
0
3.999346e-01
5.209458e-01
0
0
0
0
0
0
0
0
0
0
3.941675e-01
4.102845e-01
4.390110e-02
0
1.369568e-01
1.003864e-01
0
2.092863e-01
5.423591e-01
3.200394e-01
4.278042e-01
2.917642e-01
5.269664e-01
1.834594e-01
4.437627e-01
4.609749e-01
6.235026e-01
5.853698e-01
3.152348e-01
3.330084e-01
2.396751e-01
2.651324e-01
0
0
0
0
2.722653e-01
2.592086e-01
1.852932e-01
0
0
0
0
0
0
0
4.531487e-02
0
7.224048e-02
1.066110e-01
0
0
5.870565e-01
1.231567e-01
3.609908e-01
1.509169e-01
3.858425e-01
0
1
7.852298e-01
5.622945e-01
3.392894e-01
2.891017e-01
1.590934e-01
3.981521e-01
3.303428e-01
2.991821e-02
0
3.344888e-01
2.358704e-01
0
0
0
0
0
0
0
0
2.300021e-02
0
3.279932e-01
2.005332e-01
0
0
0
0
0
0
1.357620e-01
0
0
0
0
2.421381e-01
0
4.983985e-02
0
0
0
0
0
0
0
0
0
0
0
0
1.633085e-02
0
0
0
0
0
4.180970e-01
5.512037e-01
0
0
0
0
0
0
0
0
0
0
3.396119e-01
3.877882e-01
5.637646e-02
0
8.534784e-03
5.550267e-03
0
0
5.680573e-01
3.915772e-01
5.112338e-01
3.217945e-01
4.671942e-01
7.432812e-02
5.821172e-01
6.605502e-01
6.347391e-01
6.348395e-01
5.188367e-01
5.523768e-01
4.524438e-01
4.059929e-01
1.862587e-01
6.015824e-02
0
0
5.460664e-01
4.666900e-01
1.935770e-01
0
0
0
0
0
3.595136e-02
0
0
0
5.615874e-02
1.080940e-01
0
0
3.737691e-01
0
3.327682e-01
1.586212e-01
5.144996e-01
0
7.852298e-01
1
4.125154e-01
1.741622e-01
1.668589e-01
2.333270e-02
4.610601e-01
4.289851e-01
0
0
2.935336e-01
3.606345e-01
4.182786e-03
2.535971e-01
0
0
0
0
0
0
2.640093e-01
0
4.108516e-01
2.486748e-01
0
0
0
0
0
0
0
0
5.683285e-02
0
0
3.100942e-01
6.399810e-02
3.541693e-01
0
0
0
0
0
0
0
0
0
0
0
0
0
0
0
0
0
0
7.666793e-01
8.170949e-01
0
0
0
0
0
0
0
0
0
0
4.790406e-01
6.314301e-01
0
1.065618e-02
2.088765e-01
2.460642e-01
7.807192e-02
1.082780e-01
5.633715e-01
3.464507e-01
5.082184e-01
4.962645e-01
6.611384e-01
4.715524e-01
3.759854e-01
4.732860e-01
4.614950e-01
4.375895e-01
3.813199e-01
2.490854e-01
2.650963e-01
1.766258e-01
1.776927e-01
0
0
0
4.342171e-01
3.918518e-01
5.131400e-01
9.566637e-02
0
0
0
0
2.170222e-01
0
0
0
1.244217e-01
1.116550e-01
1.950047e-01
0
2.083772e-01
1.106146e-01
3.617226e-01
3.665995e-01
1.782819e-01
0
5.622945e-01
4.125154e-01
1
8.404910e-01
7.245410e-01
4.711558e-01
5.321586e-01
4.232167e-01
1.186783e-01
0
2.424919e-01
2.140798e-01
0
2.451580e-01
0
0
0
0
0
0
3.263781e-03
0
5.402290e-01
4.621546e-01
0
5.976720e-02
0
0
0
0
4.451728e-01
0
0
0
0
2.490758e-01
0
7.156339e-02
0
0
0
0
0
0
0
0
0
0
0
0
1.595867e-01
0
0
0
0
5.034151e-03
6.603492e-01
7.459559e-01
0
0
0
0
8.148451e-02
0
0
0
0
0
4.104498e-01
6.640022e-01
5.501671e-02
3.910001e-01
8.693811e-02
2.157428e-01
9.245390e-02
1.332212e-01
2.450074e-01
0
2.742393e-01
1.083139e-01
4.575221e-01
1.583603e-01
1.927169e-01
3.243322e-01
3.432512e-01
3.003225e-01
2.408392e-01
4.722377e-02
8.270343e-02
0
1.823740e-02
0
0
0
2.528363e-01
2.092783e-01
3.501642e-01
1.159336e-01
0
0
1.219462e-02
0
3.614031e-01
0
9.244214e-02
0
1.643668e-01
1.489117e-01
2.486018e-01
0
1.559964e-01
3.032053e-01
2.245245e-01
3.087912e-01
1.259987e-01
6.361818e-02
3.392894e-01
1.741622e-01
8.404910e-01
1.000000e+00
7.901032e-01
5.381603e-01
4.416793e-01
2.110848e-01
4.368554e-01
0
3.858757e-01
0
0
1.968714e-01
0
0
0
0
0
0
0
0
3.502121e-01
2.772178e-01
0
2.302800e-01
0
0
0
0
4.740226e-01
0
1.145641e-01
0
0
1.562392e-01
0
6.833258e-02
0
0
0
1.391208e-01
0
0
0
5.841923e-02
0
0
0
0
2.525935e-01
1.717192e-01
0
0
2.068212e-02
1.205968e-01
7.528834e-01
6.444809e-01
0
0
0
0
2.432391e-02
0
0
0
0
0
7.103321e-01
8.003815e-01
0
1.248619e-01
2.025957e-01
1.977951e-01
0
0
1.084663e-01
1.453782e-01
0
1.115817e-01
3.685403e-01
2.217029e-01
2.703433e-01
4.302983e-01
2.137512e-01
2.806458e-01
4.420025e-01
1.529333e-01
2.546064e-01
2.080190e-02
0
0
0
0
3.127791e-01
2.518299e-01
5.782989e-01
4.176741e-01
0
0
0
0
6.438001e-01
1.955271e-01
0
0
0
0
5.157747e-01
3.307930e-02
1.980113e-01
2.628674e-01
2.907210e-01
2.890589e-01
1.306335e-01
6.684017e-03
2.891017e-01
1.668589e-01
7.245410e-01
7.901032e-01
1
7.355785e-01
4.927817e-01
3.540510e-01
1.691865e-01
0
1.063825e-01
5.726908e-03
0
3.182790e-02
0
0
0
0
0
0
0
0
5.871442e-01
3.458643e-01
0
2.645453e-03
0
0
0
0
2.461497e-01
0
1.439402e-01
0
2.542241e-02
3.384108e-01
0
1.847947e-01
0
0
0
1.115246e-01
0
0
4.973542e-02
2.764547e-01
0
0
1.380956e-01
6.192546e-04
0
0
0
0
0
1.538662e-01
3.103797e-01
4.597194e-01
0
5.218551e-02
0
0
8.660503e-02
1.452309e-01
0
0
0
2.315016e-05
2.635417e-01
5.406473e-01
0
0
9.862658e-02
1.071489e-01
3.308228e-02
7.743114e-02
0
9.378360e-02
0
0
1.908708e-01
2.164981e-01
7.359568e-02
1.247920e-01
1.977634e-01
1.840307e-01
2.355563e-01
1.532531e-02
2.443534e-02
0
0
0
0
0
2.017213e-01
5.271573e-02
2.562625e-01
2.424201e-01
0
0
0
0
2.913275e-01
0
6.504922e-02
0
4.090764e-02
0
3.837297e-01
1.043816e-03
6.206231e-02
7.943561e-02
6.383639e-02
1.456456e-01
0
0
1.590934e-01
2.333270e-02
4.711558e-01
5.381603e-01
7.355785e-01
1
2.401425e-01
3.540661e-01
3.759139e-01
4.967404e-02
2.089760e-01
3.039732e-01
0
8.363386e-02
0
0
0
0
1.578962e-01
2.087971e-01
1.506364e-01
0
4.050164e-01
0
0
0
0
0
0
0
1.512365e-01
0
1.578488e-01
2.334702e-01
2.778927e-01
1.172444e-01
0
1.572316e-01
0
4.075910e-02
0
0
0
0
0
0
0
0
0
0
4.047895e-01
0
0
0
5.746122e-02
5.498709e-02
5.706601e-01
4.657102e-01
0
0
0
0
2.424493e-01
0
0
0
0
0
3.661062e-01
4.781584e-01
3.422017e-01
2.485275e-01
0
0
0
0
5.638404e-01
3.942406e-01
3.421642e-01
4.117640e-01
5.154354e-01
3.350062e-01
3.937435e-01
5.238602e-01
3.197617e-01
3.666061e-01
4.576009e-01
3.149995e-01
2.711080e-01
3.830599e-01
0
1.961217e-02
0
0
3.582895e-01
2.807969e-01
1.892526e-01
0
0
0
0
0
1.327478e-01
1.094822e-02
0
0
0
0
0
0
0
0
1.191665e-01
1.602957e-01
2.616383e-02
0
3.981521e-01
4.610601e-01
5.321586e-01
4.416793e-01
4.927817e-01
2.401425e-01
1.000000e+00
4.485703e-01
0
0
3.117106e-02
2.182363e-01
0
0
0
0
0
0
0
0
2.253832e-03
0
2.802716e-01
1.867279e-01
0
6.015329e-02
0
0
0
0
2.927268e-01
0
3.682427e-01
0
0
2.391053e-01
0
0
0
0
0
0
0
0
0
0
0
0
0
0
0
0
0
0
0
3.160098e-01
4.447141e-01
5.223406e-01
0
0
0
7.333136e-03
6.546878e-02
0
0
0
0
0
4.023780e-01
6.287340e-01
0
0
1.143080e-01
3.347501e-02
0
0
5.208595e-01
2.558568e-01
2.244067e-01
3.408961e-01
7.188333e-01
6.620526e-01
7.235568e-02
2.451114e-01
4.278123e-02
1.478097e-01
1.773121e-01
7.806431e-02
1.212174e-01
1.424912e-02
1.223217e-01
0
2.526706e-02
0
3.833463e-01
2.705158e-01
2.584403e-01
1.468869e-01
1.200692e-02
0
0
0
2.544831e-01
3.198154e-02
0
0
0
0
5.868097e-02
2.444937e-02
2.248781e-01
4.814813e-02
6.498050e-01
5.639210e-01
3.979745e-01
7.924995e-02
3.303428e-01
4.289851e-01
4.232167e-01
2.110848e-01
3.540510e-01
3.540661e-01
4.485703e-01
1
0
0
0
8.421682e-01
0
2.537579e-01
0
0
0
0
0
0
1.648393e-01
0
2.884167e-01
1.775411e-01
0
1.330514e-01
0
0
0
0
2.009431e-01
0
4.805702e-02
4.797379e-02
0
0
0
2.653055e-01
0
0
0
0
3.520172e-01
4.697269e-01
4.857929e-01
4.522373e-01
1.174117e-01
7.759507e-02
3.928548e-01
2.407977e-01
1.698562e-01
5.010033e-02
5.415919e-02
0
3.849684e-01
3.455129e-02
0
1.167945e-01
0
2.225033e-02
0
0
6.160579e-01
6.080946e-01
3.628919e-01
3.066854e-01
2.160673e-01
5.803152e-02
0
5.211746e-02
3.383217e-01
3.771998e-01
0
0
3.566253e-01
3.663067e-01
0
0
5.443019e-02
0
0
0
0
0
1.107086e-02
0
0
0
0
0
0
0
0
0
0
0
0
0
0
0
6.293650e-02
0
0
0
6.816605e-01
2.621470e-01
3.584096e-01
1.639161e-01
5.664844e-02
0
3.762216e-02
2.341279e-01
0
0
0
9.326522e-03
2.991821e-02
0
1.186783e-01
4.368554e-01
1.691865e-01
3.759139e-01
0
0
1
4.254077e-01
5.696240e-01
0
3.787821e-01
9.922801e-02
0
0
1.971191e-01
0
0
1.857943e-01
0
0
0
0
0
4.974036e-01
0
0
0
9.163200e-02
4.903405e-02
0
4.482639e-01
1.381539e-01
4.758759e-02
0
0
0
0
0
8.895273e-02
0
2.279334e-01
5.656402e-01
2.562253e-01
3.256521e-01
2.240486e-01
3.819481e-01
1.236668e-01
3.271030e-01
2.158902e-01
2.409952e-01
1.972597e-01
3.817859e-01
1.620528e-01
2.359897e-01
0
0
5.572245e-03
1.274348e-01
1.197526e-01
0
4.477094e-01
5.323717e-01
3.680745e-01
3.457885e-01
3.382820e-01
0
0
0
1.575987e-01
1.805710e-01
0
0
1.840978e-01
3.240369e-01
0
0
0
0
0
0
0
0
0
0
0
0
0
0
0
1.469034e-02
0
0
0
0
0
0
0
1.229982e-01
2.203053e-02
3.228614e-01
0
0
2.638960e-01
5.355224e-01
3.145434e-01
3.108266e-01
0
0
0
1.104137e-02
0
0
0
0
0
0
0
0
0
4.967404e-02
0
0
4.254077e-01
1
0
3.326573e-02
2.390714e-01
3.236609e-01
1.108056e-01
1.286343e-01
4.393424e-01
3.123495e-01
8.030800e-02
3.294001e-02
0
1.111765e-01
0
0
0
3.016503e-01
0
0
0
1.085280e-01
0
2.104905e-02
8.264423e-02
1.768911e-01
1.437186e-01
0
0
0
0
0
0
0
0
0
1.958823e-01
0
0
0
0
0
0
0
0
0
0
0
1.513774e-01
3.883018e-01
0
0
0
0
0
0
1.558936e-01
1.119469e-02
0
0
0
3.007982e-02
0
1.138262e-01
0
1.010310e-01
2.437511e-01
1.781832e-01
0
0
4.047146e-01
0
0
0
2.358112e-01
2.038962e-01
5.408297e-01
3.885363e-01
9.445075e-02
1.199655e-01
3.386559e-02
1.074984e-01
8.325189e-02
0
0
0
1.344562e-01
0
4.150112e-02
7.274350e-02
0
0
3.006752e-01
0
0
0
4.647137e-01
9.024773e-02
4.681454e-01
3.564063e-01
0
0
2.843356e-03
0
0
0
5.516042e-02
0
3.344888e-01
2.935336e-01
2.424919e-01
3.858757e-01
1.063825e-01
2.089760e-01
3.117106e-02
0
5.696240e-01
0
1
0
5.158016e-01
0
0
0
0
0
0
4.072162e-02
0
0
9.494240e-02
0
0
0
0
0
0
0
3.849777e-03
0
2.139252e-01
0
0
2.372742e-01
0
3.696719e-01
0
0
0
0
0
0
3.167602e-02
0
0
0
0
0
0
0
0
0
0
1.617529e-01
1.189078e-01
4.051447e-01
0
0
6.486520e-02
3.152513e-02
1.884706e-02
0
1.810482e-01
1.111209e-01
0
0
0
3.007877e-01
0
0
0
0
2.953843e-02
1.691764e-01
4.297487e-01
2.338702e-01
3.603274e-01
2.945207e-01
5.277058e-01
6.468813e-01
0
3.928493e-02
1.150737e-01
1.164745e-01
4.891622e-03
1.090654e-02
0
0
9.895882e-02
3.035724e-03
7.968097e-02
2.371521e-02
2.546883e-01
9.655779e-02
2.095581e-02
0
7.236141e-02
0
0
4.167085e-03
0
0
1.952030e-01
0
2.059242e-01
1.172178e-01
0
0
1.606344e-01
0
4.321218e-01
4.530395e-01
2.449300e-01
6.818506e-02
2.358704e-01
3.606345e-01
2.140798e-01
0
5.726908e-03
3.039732e-01
2.182363e-01
8.421682e-01
0
3.326573e-02
0
1.000000e+00
0
2.651031e-01
0
0
0
0
0
0
2.800125e-01
0
7.795068e-02
0
0
1.381884e-01
0
0
0
0
1.598421e-01
1.183906e-01
4.521565e-02
1.424990e-01
3.792999e-02
0
0
1.928273e-01
0
0
3.550104e-01
1.054294e-01
1.152466e-01
1.030589e-01
1.766309e-01
0
1.208805e-01
0
0
0
7.652543e-02
0
4.439193e-03
0
0
0
0
0
0
0
0
0
6.254406e-02
8.534715e-02
5.872135e-01
2.858416e-01
2.685292e-02
0
0
0
1.110374e-01
4.459570e-02
0
5.021412e-02
1.100614e-02
0
0
0
3.351990e-01
5.524368e-02
0
0
0
0
0
0
0
0
1.012702e-05
4.329907e-04
4.651708e-01
3.547070e-01
5.119642e-01
4.706795e-02
2.555078e-01
1.187512e-01
4.006565e-02
2.161819e-01
4.064359e-01
4.903617e-02
3.878809e-01
0
0
0
1.934553e-01
4.725520e-01
3.314717e-01
2.808579e-01
0
0
0
0
0
0
3.322022e-02
0
0
4.182786e-03
0
0
0
0
0
0
3.787821e-01
2.390714e-01
5.158016e-01
0
1
4.051767e-01
0
0
0
0
0
0
1.930867e-02
1.516015e-02
0
0
0
4.035926e-02
0
2.504385e-01
1.890671e-01
1.054478e-01
0
0
4.204146e-01
4.436472e-01
7.303045e-02
7.244463e-02
5.017510e-02
4.893118e-01
2.956062e-01
0
9.176559e-02
0
0
7.535310e-02
2.794002e-02
0
0
0
0
0
0
0
0
0
0
0
4.401507e-02
2.291890e-01
0
0
1.293255e-01
0
0
0
1.564110e-01
1.878639e-02
3.007158e-02
0
0
1.613781e-01
0
0
0
1.683461e-01
0
0
3.920526e-01
1.004689e-01
4.151519e-01
3.507313e-01
2.184938e-01
0
0
1.239622e-01
0
0
6.574488e-02
6.934505e-02
2.050987e-01
7.516070e-02
6.202277e-01
4.666264e-01
5.558113e-01
2.663132e-01
5.568776e-01
6.036506e-01
1.788121e-01
1.123741e-01
3.654862e-01
1.420578e-01
0
0
0
0
0
0
1.911373e-01
1.863617e-01
2.662105e-02
1.634938e-02
1.612170e-02
1.348474e-01
2.828109e-01
9.633315e-02
2.851637e-01
1.341033e-01
0
2.535971e-01
2.451580e-01
1.968714e-01
3.182790e-02
8.363386e-02
0
2.537579e-01
9.922801e-02
3.236609e-01
0
2.651031e-01
4.051767e-01
1.000000e+00
0
0
0
0
0
0
2.975655e-01
0
2.023274e-01
2.466889e-01
0
1.432852e-01
0
8.870443e-02
0
0
1.479657e-02
0
1.077344e-01
2.099602e-01
0
0
2.676023e-02
3.125853e-01
4.834830e-02
0
0
0
6.669813e-02
3.559128e-01
1.618108e-01
4.039903e-01
4.279362e-01
6.422275e-01
5.362394e-01
5.593430e-01
0
2.615811e-01
5.659791e-01
4.170458e-01
3.287668e-01
3.872765e-01
0
0
1.855658e-01
2.232779e-01
2.501878e-01
3.903899e-01
0
7.877117e-02
0
3.716597e-02
2.119142e-01
3.501009e-01
0
0
0
6.907449e-02
0
0
2.037905e-01
1.858480e-01
0
0
0
0
0
0
0
0
0
0
0
0
0
0
0
0
0
3.497880e-01
0
0
0
0
0
1.795544e-01
3.791775e-01
5.142598e-01
0
0
7.137161e-02
2.591258e-01
0
0
2.447036e-02
4.304517e-01
0
1.480024e-01
0
0
0
2.331890e-01
0
0
0
0
0
0
0
0
0
1.108056e-01
0
0
0
0
1.000000e+00
5.284560e-01
5.704243e-01
4.224203e-01
7.548570e-02
2.450314e-01
0
6.803623e-02
0
0
5.319168e-01
0
2.505706e-01
1.160073e-01
2.182644e-01
0
2.737238e-02
4.035754e-01
0
0
0
0
2.734175e-02
0
8.195640e-02
4.496233e-01
2.673272e-01
0
5.391028e-01
2.213985e-01
2.064465e-01
1.309871e-01
7.357992e-01
2.974177e-01
3.346889e-01
3.404942e-01
1.737149e-01
1.287708e-01
6.868625e-01
3.143089e-01
3.640587e-01
5.224184e-02
0
0
1.699333e-01
2.498611e-02
1.734889e-01
1.913222e-01
1.168926e-01
1.783496e-01
2.761544e-01
4.059633e-01
2.306734e-01
3.307202e-01
0
0
1.740182e-01
8.141530e-03
0
0
2.507623e-01
2.855745e-01
0
0
0
0
0
0
0
0
0
0
0
0
0
0
0
0
0
4.817034e-01
0
0
0
0
1.441649e-01
2.490148e-01
3.502412e-01
4.347386e-01
0
7.345520e-02
1.634645e-01
3.867476e-01
7.793223e-02
2.275923e-01
0
1.040632e-01
4.219801e-02
0
0
0
0
0
0
0
0
0
0
0
0
0
0
1.286343e-01
0
0
0
0
5.284560e-01
1.000000e+00
4.759150e-01
6.128767e-01
0
1.318597e-01
0
6.880269e-02
0
0
4.519927e-01
1.715657e-01
9.376458e-02
6.002734e-02
2.417900e-01
1.687028e-01
1.372120e-01
4.422394e-01
0
0
0
0
2.205591e-01
0
8.724211e-02
1.548920e-01
0
0
1.828398e-01
3.324935e-01
2.157113e-01
7.540026e-01
2.963608e-01
6.566072e-01
6.745513e-01
6.916104e-01
2.228240e-01
5.010693e-01
5.547717e-01
7.557801e-01
7.935742e-01
7.206443e-01
0
0
3.199421e-01
3.053908e-01
1.560057e-01
1.727845e-01
5.099631e-01
5.648551e-01
0
1.897707e-01
2.979997e-01
4.789540e-01
0
0
1.321356e-01
1.967859e-01
0
0
1.223208e-01
2.817129e-01
0
0
0
0
0
0
0
0
0
0
0
0
0
0
0
0
0
0
0
0
0
0
0
0
1.144829e-01
5.585265e-01
2.196142e-02
2.808910e-01
1.729460e-01
2.176619e-01
0
0
2.372491e-02
1.551878e-01
0
1.423539e-01
0
0
0
0
0
0
0
0
0
0
0
0
1.971191e-01
4.393424e-01
0
0
0
0
5.704243e-01
4.759150e-01
1
7.029732e-01
0
3.005598e-01
0
3.416387e-02
0
0
2.370512e-01
2.561981e-01
1.815218e-01
0
2.951717e-02
7.881352e-02
0
2.296682e-01
0
0
8.505102e-02
0
1.378210e-02
0
0
4.370838e-02
6.664444e-02
0
3.675657e-01
1.775631e-01
1.914455e-01
3.202049e-01
3.694277e-01
3.711423e-01
5.374720e-01
4.640311e-01
1.916182e-01
2.824281e-01
4.194125e-01
5.525421e-01
4.622485e-01
3.347402e-01
0
0
1.088075e-01
1.013507e-01
2.431943e-01
1.553593e-01
2.643423e-01
3.486550e-01
8.948138e-02
4.017814e-01
2.547170e-01
4.665172e-01
0
0
2.365419e-01
0
0
0
2.055896e-01
2.353795e-01
0
0
0
0
0
0
0
0
0
0
0
0
0
0
0
0
0
0
0
0
0
0
0
1.170890e-01
0
3.840284e-01
0
1.088385e-01
4.454151e-02
1.281473e-01
3.209884e-02
9.183136e-02
0
1.865794e-01
0
0
0
0
0
0
0
0
0
0
0
0
0
0
0
3.123495e-01
0
0
0
0
4.224203e-01
6.128767e-01
7.029732e-01
1
2.094951e-01
4.177460e-01
0
4.530381e-01
0
0
2.952529e-01
2.814413e-01
2.424287e-01
0
2.050395e-01
4.211680e-01
1.175130e-01
5.820816e-01
0
0
2.792089e-01
0
2.419452e-01
0
2.349922e-01
3.730409e-01
3.255299e-01
5.181347e-01
8.666670e-02
8.029548e-02
2.330403e-01
1.338238e-01
1.805322e-02
2.656035e-02
2.245267e-01
8.665593e-02
6.795230e-03
0
0
0
0
0
0
0
2.237413e-01
3.383140e-01
2.215731e-02
5.398266e-02
0
1.609670e-01
5.940585e-02
1.162980e-01
1.640695e-01
4.334280e-01
0
0
1.250251e-02
0
0
0
4.146253e-02
0
0
3.691339e-01
0
1.572788e-01
0
0
5.167590e-02
1.975808e-02
0
0
1.718254e-01
9.105552e-02
9.528037e-02
1.641595e-01
6.462294e-02
3.684553e-01
3.832129e-02
9.576974e-02
9.830457e-02
5.266685e-02
0
2.672200e-03
0
1.776050e-02
0
0
0
0
0
0
0
0
3.188056e-02
1.300354e-01
0
0
0
0
0
0
0
0
0
0
0
1.578962e-01
0
0
0
8.030800e-02
0
0
0
0
7.548570e-02
0
0
2.094951e-01
1
5.967917e-01
5.810454e-01
6.544879e-01
6.637331e-02
0
1.445705e-02
0
0
0
5.021130e-01
8.659519e-01
0
1.564070e-01
2.519451e-01
5.336354e-01
5.780614e-01
4.786557e-01
1.805889e-01
0
6.833686e-01
6.926684e-01
5.481848e-02
2.820210e-01
3.831852e-01
3.363694e-01
2.863220e-01
4.554258e-01
2.480733e-01
3.007608e-01
6.184202e-01
4.405345e-01
4.868370e-02
2.532223e-02
2.117942e-01
1.694977e-01
3.577270e-01
0
0
0
2.806923e-01
1.840114e-01
0
0
1.969580e-01
4.085149e-01
1.195512e-01
1.928711e-01
9.931743e-02
4.948862e-01
0
0
2.397531e-01
0
1.624197e-02
0
3.921387e-01
2.148303e-01
0
0
0
0
0
0
0
0
0
0
0
0
0
0
0
0
0
0
0
0
0
0
0
0
0
2.848975e-01
0
3.881354e-02
2.842645e-01
1.645102e-01
0
0
0
0
0
0
0
0
0
0
0
0
0
0
0
2.087971e-01
0
0
1.857943e-01
3.294001e-02
4.072162e-02
0
0
0
2.450314e-01
1.318597e-01
3.005598e-01
4.177460e-01
5.967917e-01
1
0
5.900640e-01
0
0
5.566127e-02
0
0
0
3.907034e-01
6.893887e-01
5.540016e-02
3.499434e-01
1.443624e-01
3.436077e-01
5.869211e-01
2.680205e-02
0
0
4.200087e-01
6.965460e-01
4.673112e-02
1.983226e-01
0
0
0
0
0
0
0
0
0
0
0
0
0
0
0
5.569810e-02
0
0
0
0
0
0
0
0
0
0
0
0
0
0
1.562192e-01
0
0
0
2.818756e-01
6.684404e-01
2.448988e-01
4.366698e-01
0
4.601644e-02
4.636851e-01
4.524139e-01
2.526017e-01
3.457167e-01
5.908407e-01
5.820987e-01
5.295548e-01
4.853781e-01
4.864535e-01
5.589161e-01
2.167896e-01
6.983903e-02
6.603318e-01
6.068478e-01
9.974472e-02
1.217900e-01
1.474186e-01
1.531411e-01
0
0
0
0
0
0
0
0
0
0
0
0
0
0
0
0
2.300021e-02
2.640093e-01
3.263781e-03
0
0
1.506364e-01
2.253832e-03
1.648393e-01
0
0
0
2.800125e-01
1.930867e-02
2.975655e-01
0
0
0
0
5.810454e-01
0
1
3.254241e-01
5.553107e-01
1.433235e-01
0
0
0
0
2.149523e-01
3.631164e-01
0
0
0
3.134811e-01
2.271125e-01
4.698094e-01
2.199330e-01
2.250841e-01
3.840633e-01
3.866966e-01
3.731019e-01
3.813216e-01
1.367332e-01
5.022058e-02
3.985136e-01
0
2.025777e-01
8.976337e-03
1.364784e-01
5.180511e-02
0
9.605356e-02
3.250390e-02
1.584937e-01
0
0
0
0
2.763013e-01
3.587071e-01
3.702521e-01
2.240144e-01
0
1.043917e-01
2.641407e-01
5.298714e-01
4.990393e-01
5.352431e-01
0
0
3.730525e-03
0
0
0
3.530047e-02
0
0
1.441229e-01
0
7.999460e-02
0
0
0
0
0
0
0
0
0
0
0
1.545698e-01
0
0
0
0
2.984956e-02
3.487880e-02
1.843085e-01
2.125861e-01
0
4.922880e-02
0
0
0
2.451670e-01
2.509555e-02
0
2.081376e-01
2.433652e-01
0
0
0
0
0
0
0
0
0
0
0
0
0
0
0
1.111765e-01
0
0
1.516015e-02
0
6.803623e-02
6.880269e-02
3.416387e-02
4.530381e-01
6.544879e-01
5.900640e-01
3.254241e-01
1
0
0
3.605020e-01
0
3.243769e-01
0
5.784502e-01
7.460715e-01
0
4.712366e-01
0
4.893386e-01
8.059225e-01
1.777938e-01
4.172130e-01
0
6.717643e-01
7.083202e-01
0
1.163257e-01
0
0
0
0
0
0
0
0
0
0
0
0
0
0
6.001291e-01
5.466597e-01
0
0
0
0
0
0
0
0
0
0
6.450495e-01
4.791126e-01
0
0
3.877223e-01
3.712787e-01
0
0
2.328413e-01
5.582092e-01
2.005294e-01
4.209694e-01
1.868308e-01
1.759249e-01
7.146007e-01
7.455048e-01
4.895856e-01
6.192707e-01
8.245005e-01
7.396146e-01
7.702666e-01
5.245499e-01
4.223165e-01
1.383374e-01
6.755928e-02
0
7.406688e-01
7.390430e-01
5.654862e-01
4.710652e-01
7.836181e-02
3.788280e-02
0
0
5.307832e-01
0
0
0
0
0
1.804916e-01
0
1.449888e-02
0
1.616787e-01
4.810563e-02
1.694354e-01
0
3.279932e-01
4.108516e-01
5.402290e-01
3.502121e-01
5.871442e-01
4.050164e-01
2.802716e-01
2.884167e-01
0
0
9.494240e-02
7.795068e-02
0
2.023274e-01
0
0
0
0
6.637331e-02
0
5.553107e-01
0
1
7.107560e-01
0
0
2.226499e-01
1.730176e-01
0
0
0
0
0
0
0
5.944931e-01
2.386169e-01
4.936321e-01
0
0
5.799772e-02
0
0
0
0
0
0
0
0
0
0
0
0
0
0
0
6.392498e-01
3.722049e-01
0
0
0
0
0
0
0
0
0
0
5.609587e-01
3.468981e-01
0
0
1.810365e-01
3.676930e-01
0
0
2.162902e-01
3.388277e-01
2.384572e-01
4.565434e-01
2.703634e-01
2.401252e-01
5.077417e-01
6.151545e-01
2.191946e-01
4.602495e-01
5.402171e-01
5.406589e-01
6.866756e-01
5.533145e-01
5.956127e-01
2.688549e-01
2.643724e-01
1.610874e-01
5.807944e-01
7.027995e-01
4.920686e-01
3.841447e-01
4.153310e-01
2.320418e-01
1.889482e-01
0
4.667687e-01
4.659185e-02
0
0
0
3.631715e-02
7.669068e-02
0
4.236625e-02
1.666451e-02
3.134873e-01
7.019122e-02
3.332702e-01
5.903647e-02
2.005332e-01
2.486748e-01
4.621546e-01
2.772178e-01
3.458643e-01
0
1.867279e-01
1.775411e-01
0
0
0
0
0
2.466889e-01
0
0
0
0
0
0
1.433235e-01
0
7.107560e-01
1
2.966635e-01
0
4.391127e-01
5.645711e-01
1.940294e-02
0
1.744955e-01
0
0
0
0
3.624548e-01
4.266953e-01
4.789140e-01
0
0
2.462729e-01
0
0
0
1.969751e-01
0
3.599412e-01
1.663679e-01
1.151924e-02
4.469593e-02
0
2.163880e-01
2.537747e-01
2.709815e-01
6.939207e-02
7.948789e-02
0
0
1.936361e-01
1.803840e-01
4.034188e-01
2.821515e-01
0
0
0
2.421791e-01
4.246689e-01
4.265784e-01
0
0
0
0
0
1.643595e-01
0
0
0
0
0
0
0
0
0
0
0
0
0
4.581085e-02
8.944383e-02
1.044505e-01
6.804028e-02
1.628412e-01
1.597920e-01
3.750150e-01
0
0
0
0
3.719739e-01
4.071557e-01
3.737732e-01
1.799555e-01
0
1.029651e-01
0
1.088337e-01
0
3.967771e-02
1.938965e-01
3.650288e-01
0
0
0
0
0
3.894453e-03
0
0
0
0
0
0
0
0
0
0
0
0
0
0
5.319168e-01
4.519927e-01
2.370512e-01
2.952529e-01
1.445705e-02
5.566127e-02
0
3.605020e-01
0
2.966635e-01
1
0
7.526176e-01
4.008657e-01
3.928940e-01
0
7.637996e-02
3.164895e-01
0
0
1.096737e-02
0
5.565896e-01
0
1.188891e-01
2.441184e-01
0
0
3.861925e-01
3.796879e-01
1.587561e-01
1.668744e-01
1.841463e-01
1.874806e-01
2.230667e-01
2.023354e-01
3.496521e-01
3.219805e-01
3.413540e-01
3.029908e-01
2.791788e-01
2.847543e-01
3.266538e-02
1.397444e-01
0
0
3.575313e-01
2.795403e-01
6.144820e-01
4.847336e-01
3.206347e-01
3.124868e-01
1.736900e-01
0
0
8.807835e-02
5.355134e-01
4.991786e-01
0
0
9.634328e-02
1.429242e-01
1.102273e-01
0
0
0
2.225879e-01
4.406299e-02
0
0
0
0
0
0
0
0
0
0
0
0
0
0
0
0
0
0
0
1.764763e-01
0
1.372572e-02
3.761877e-01
1.864434e-01
1.713642e-01
1.232034e-01
1.025737e-01
1.176615e-01
2.127245e-01
2.749771e-01
1.767947e-01
3.216548e-01
1.560813e-01
6.687644e-02
0
0
5.976720e-02
2.302800e-01
2.645453e-03
0
6.015329e-02
1.330514e-01
4.974036e-01
3.016503e-01
0
1.381884e-01
4.035926e-02
1.432852e-01
0
1.715657e-01
2.561981e-01
2.814413e-01
0
0
0
0
0
0
0
1
0
2.498912e-02
0
0
2.259816e-01
2.458095e-01
2.056873e-01
0
0
0
0
0
0
0
2.463713e-01
0
0
0
0
0
0
1.524834e-02
0
0
0
3.090302e-01
5.719513e-02
3.358969e-01
0
2.256626e-01
6.442902e-02
0
1.838703e-01
1.182670e-01
3.257748e-01
1.206265e-01
0
0
0
0
2.587367e-01
2.711647e-01
2.163591e-01
0
0
0
0
1.442305e-01
0
0
0
0
0
0
0
6.006613e-02
1.762235e-01
7.678368e-02
0
1.438231e-01
9.774194e-02
2.940831e-01
3.246619e-01
2.486138e-01
3.882134e-02
1.714912e-02
3.075256e-02
0
0
4.797701e-02
1.332406e-01
1.878291e-01
4.281079e-01
4.403112e-01
2.884001e-01
9.518807e-02
3.766020e-01
3.897006e-01
0
0
0
2.574412e-02
2.802531e-01
2.913733e-01
0
0
8.454054e-02
0
1.349588e-02
0
0
0
0
0
0
0
0
0
0
0
0
0
0
0
2.505706e-01
9.376458e-02
1.815218e-01
2.424287e-01
0
0
0
3.243769e-01
2.226499e-01
4.391127e-01
7.526176e-01
0
1
6.322648e-01
4.582874e-01
0
0
2.133586e-01
0
0
1.803079e-01
4.775604e-02
6.088770e-01
3.015895e-01
1.421763e-02
3.725434e-02
3.340587e-01
0
0
0
0
0
0
0
0
0
0
2.309198e-01
9.876132e-02
6.986120e-02
0
4.962375e-03
2.604584e-01
6.301065e-03
0
0
2.395256e-01
0
0
0
0
0
1.712641e-02
0
1.467809e-01
0
0
0
0
7.277807e-03
0
0
0
0
0
0
0
0
1.749585e-01
2.677694e-01
0
1.836625e-01
1.616067e-01
2.706219e-01
3.713481e-01
3.230277e-01
4.339926e-01
2.444107e-01
3.096486e-01
0
1.763914e-01
2.485664e-01
2.630515e-01
4.032009e-01
7.185490e-01
4.838441e-01
5.392832e-01
0
5.148200e-01
2.056985e-01
0
0
2.997718e-02
1.504474e-01
1.180561e-01
1.190656e-01
0
0
8.787140e-03
0
1.809400e-01
6.686792e-03
0
0
0
0
0
0
0
0
0
0
0
0
2.504385e-01
8.870443e-02
1.160073e-01
6.002734e-02
0
0
0
0
0
0
1.730176e-01
5.645711e-01
4.008657e-01
2.498912e-02
6.322648e-01
1
3.480604e-01
0
4.841242e-02
1.864427e-01
0
0
0
1.450166e-01
5.745035e-01
5.408579e-01
6.234875e-02
0
4.328257e-01
4.368350e-01
0
0
2.376255e-01
0
1.671292e-01
0
1.085169e-01
0
0
2.217074e-03
8.813037e-02
6.661576e-02
8.544713e-02
0
0
0
3.164378e-01
2.803695e-01
2.121204e-01
1.206772e-01
0
5.985278e-02
1.181919e-01
2.226097e-01
3.728206e-01
5.139090e-01
0
0
0
0
0
0
0
0
0
0
0
0
0
0
0
0
0
0
0
0
0
5.545178e-02
1.541069e-01
1.972507e-01
2.009248e-01
1.814498e-01
0
0
0
2.772818e-01
3.571119e-01
3.019000e-01
1.948102e-01
0
0
9.487721e-02
0
2.356338e-01
0
1.505218e-02
0
9.238576e-02
0
0
0
0
0
0
0
0
0
0
0
0
0
0
0
0
0
0
1.890671e-01
0
2.182644e-01
2.417900e-01
2.951717e-02
2.050395e-01
5.021130e-01
3.907034e-01
2.149523e-01
5.784502e-01
0
1.940294e-02
3.928940e-01
0
4.582874e-01
3.480604e-01
1
4.945911e-01
0
4.183346e-01
3.614250e-02
5.106235e-01
4.953547e-01
5.722530e-02
3.609855e-01
2.350896e-01
6.316693e-01
4.696259e-01
3.424708e-01
4.469514e-01
3.126302e-01
1.474118e-01
3.516325e-01
1.353095e-01
1.791925e-01
0
3.470302e-01
1.161564e-01
1.359406e-01
0
1.076007e-01
1.185771e-02
1.225371e-01
0
0
0
1.881760e-01
2.330702e-01
7.624658e-02
2.035526e-02
1.283912e-01
3.290874e-01
2.948322e-01
3.958608e-01
2.183851e-01
4.619459e-01
0
0
2.694621e-01
0
0
0
1.860790e-01
0
0
2.255264e-01
0
1.100666e-01
0
0
0
0
0
0
0
0
0
0
0
1.844456e-01
0
2.756491e-02
0
0
0
0
0
0
0
0
0
0
9.985751e-02
1.623752e-01
0
0
0
0
0
0
0
0
0
0
0
0
0
0
0
0
0
0
9.163200e-02
1.085280e-01
0
0
1.054478e-01
0
0
1.687028e-01
7.881352e-02
4.211680e-01
8.659519e-01
6.893887e-01
3.631164e-01
7.460715e-01
0
0
0
0
0
0
4.945911e-01
1
0
3.717795e-01
2.631935e-01
4.781126e-01
6.632030e-01
3.433442e-01
1.944430e-01
0
7.520567e-01
7.083938e-01
0
0
1.590946e-01
0
0
0
0
0
7.209466e-02
0
8.733446e-02
0
0
0
1.449400e-02
7.459501e-02
1.914984e-01
3.334862e-01
0
0
0
0
0
0
0
0
0
0
5.139641e-02
2.630265e-01
0
6.879934e-02
0
0
1.459523e-01
2.616240e-01
2.695315e-01
1.943082e-01
1.376573e-01
2.794448e-01
5.016706e-01
5.652641e-01
0
0
0
9.638812e-02
0
0
0
0
0
0
0
2.774239e-01
0
1.297858e-02
0
0
2.709903e-01
3.182109e-01
1.346447e-01
0
0
0
7.022106e-02
0
2.341743e-01
3.953215e-01
0
8.331266e-02
2.151016e-01
8.441788e-02
1.791855e-01
2.699980e-01
0
0
1.357620e-01
0
4.451728e-01
4.740226e-01
2.461497e-01
1.512365e-01
2.927268e-01
2.009431e-01
4.903405e-02
0
3.849777e-03
1.598421e-01
0
1.479657e-02
2.737238e-02
1.372120e-01
0
1.175130e-01
0
5.540016e-02
0
0
0
1.744955e-01
7.637996e-02
2.259816e-01
0
4.841242e-02
0
0
1.000000e+00
3.159950e-01
0
0
0
0
0
0
0
1.646721e-02
1.430387e-01
0
2.922009e-01
2.693297e-01
1.380978e-01
0
3.912754e-01
2.186854e-01
4.248737e-01
2.037214e-01
0
5.997279e-02
3.773646e-01
3.551939e-01
2.019620e-01
1.997148e-01
0
0
0
1.285131e-02
2.848490e-01
2.527993e-01
3.842740e-02
2.070264e-01
2.646994e-01
3.414038e-01
1.402409e-01
2.646699e-01
0
0
0
0
0
0
2.440854e-01
1.320716e-01
0
0
0
3.745053e-02
0
3.681810e-01
0
0
0
0
0
0
0
0
0
9.456953e-02
1.006359e-02
4.048402e-01
0
0
0
0
3.196629e-01
3.123973e-01
2.052755e-01
2.211372e-01
0
2.792681e-02
1.331681e-01
1.942320e-01
1.183010e-01
1.267236e-01
0
3.020525e-01
0
0
0
2.065959e-02
0
0
0
0
0
0
0
0
0
0
0
2.104905e-02
0
1.183906e-01
0
0
4.035754e-01
4.422394e-01
2.296682e-01
5.820816e-01
1.564070e-01
3.499434e-01
0
4.712366e-01
0
0
3.164895e-01
2.458095e-01
2.133586e-01
1.864427e-01
4.183346e-01
3.717795e-01
3.159950e-01
1
0
2.000276e-01
3.659279e-01
0
9.532302e-02
0
5.950159e-01
5.772206e-01
2.682413e-01
4.598203e-01
3.861636e-01
2.594461e-01
0
8.999809e-02
1.207190e-03
0
0
0
4.523803e-01
5.254414e-02
0
0
2.130930e-01
0
3.398417e-02
0
2.086244e-01
1.563027e-01
0
0
4.837544e-01
5.325328e-01
3.595740e-01
2.563296e-02
0
0
0
4.506061e-02
4.989071e-01
1.788063e-01
0
0
0
0
8.815653e-02
0
6.554737e-02
1.227144e-01
0
0
0
5.814194e-04
0
0
0
0
0
3.421324e-02
1.597245e-01
2.604021e-01
3.418649e-01
0
1.628538e-01
4.899910e-04
1.484473e-01
1.076819e-01
0
0
0
0
0
0
1.204927e-01
1.130296e-01
0
0
9.451928e-03
0
0
1.196876e-01
0
0
0
0
0
5.683285e-02
0
1.145641e-01
1.439402e-01
1.578488e-01
3.682427e-01
4.805702e-02
4.482639e-01
8.264423e-02
2.139252e-01
4.521565e-02
4.204146e-01
1.077344e-01
0
0
0
0
2.519451e-01
1.443624e-01
0
0
0
0
0
2.056873e-01
0
0
3.614250e-02
2.631935e-01
0
0
1.000000e+00
6.218830e-01
2.663212e-01
1.107945e-01
0
4.155972e-02
2.711978e-01
0
4.323639e-01
5.915187e-01
1.743465e-01
3.048420e-01
1.969998e-01
6.528378e-02
7.703710e-02
2.172200e-02
2.595103e-02
0
5.972787e-02
6.239215e-02
0
7.702395e-02
1.327773e-02
0
0
0
3.487707e-01
4.421311e-01
2.480582e-03
8.156228e-02
1.148890e-01
3.909711e-01
3.524079e-01
2.285243e-01
2.058582e-01
1.622776e-01
0
0
0
0
0
0
0
0
0
0
0
1.185654e-01
0
0
0
0
0
0
0
0
0
0
2.959091e-01
3.689119e-01
5.546260e-01
5.094887e-02
1.801790e-01
2.471979e-02
1.032439e-01
2.881221e-01
6.965433e-02
0
0
0
0
0
0
2.395289e-01
0
0
1.758800e-01
1.706453e-01
0
0
0
0
0
0
0
0
0
0
0
2.334702e-01
0
4.797379e-02
1.381539e-01
1.768911e-01
0
1.424990e-01
4.436472e-01
2.099602e-01
0
0
0
0
5.336354e-01
3.436077e-01
3.134811e-01
4.893386e-01
0
0
0
0
0
0
5.106235e-01
4.781126e-01
0
2.000276e-01
6.218830e-01
1
6.892413e-01
2.006122e-02
0
1.885085e-01
7.413238e-01
3.409891e-01
4.187275e-01
5.639919e-01
8.764461e-02
2.287114e-01
1.977528e-01
1.940448e-01
0
1.312982e-01
1.622276e-01
7.502129e-02
1.420348e-01
3.594866e-01
5.682682e-02
3.388071e-01
7.564154e-02
0
0
0
4.369019e-01
4.804943e-01
2.209281e-01
2.105525e-01
1.238597e-01
3.997570e-01
1.372685e-01
2.953213e-01
3.668829e-01
4.218323e-01
0
0
1.183993e-01
0
0
0
0
0
0
0
0
0
0
0
0
0
0
0
0
0
0
0
0
0
4.122670e-02
0
0
0
1.535195e-01
2.972257e-01
5.138094e-02
1.137746e-02
0
0
1.148391e-01
1.987809e-01
0
1.795755e-01
0
0
4.118696e-01
3.467571e-01
0
0
0
0
0
0
0
0
0
0
2.542241e-02
2.778927e-01
0
0
4.758759e-02
1.437186e-01
0
3.792999e-02
7.303045e-02
0
0
0
8.505102e-02
2.792089e-01
5.780614e-01
5.869211e-01
2.271125e-01
8.059225e-01
0
0
1.096737e-02
0
1.803079e-01
0
4.953547e-01
6.632030e-01
0
3.659279e-01
2.663212e-01
6.892413e-01
1
1.060957e-01
1.551622e-01
0
6.713312e-01
5.983227e-01
2.037699e-01
4.139740e-01
0
0
0
0
0
0
0
0
5.651301e-02
0
0
0
0
0
3.466988e-01
9.722303e-02
6.972551e-03
0
0
0
0
0
0
0
0
0
2.238956e-01
0
1.207459e-02
0
0
0
0
0
5.940467e-02
4.040684e-01
9.303885e-02
3.126090e-01
0
0
7.282595e-01
7.478871e-01
4.362949e-01
5.483113e-01
7.602561e-01
6.987724e-01
7.208356e-01
6.288146e-01
3.355661e-01
3.480189e-01
4.138757e-02
0
5.742534e-01
5.112601e-01
4.325342e-01
1.689050e-01
0
0
0
0
2.104243e-01
0
0
0
0
0
1.169980e-01
0
0
0
0
0
0
0
2.421381e-01
3.100942e-01
2.490758e-01
1.562392e-01
3.384108e-01
1.172444e-01
2.391053e-01
0
0
0
2.372742e-01
0
7.244463e-02
0
0
0
0
0
4.786557e-01
2.680205e-02
4.698094e-01
1.777938e-01
5.944931e-01
3.624548e-01
0
0
4.775604e-02
1.450166e-01
5.722530e-02
3.433442e-01
0
0
1.107945e-01
2.006122e-02
1.060957e-01
1
4.932436e-01
2.783154e-01
1.434944e-01
9.259967e-02
5.020049e-01
2.526577e-01
0
0
0
0
0
0
0
0
0
2.067029e-01
8.054102e-02
1.264839e-01
0
0
5.820965e-02
0
1.795678e-01
1.847520e-01
4.154562e-01
1.525354e-01
0
0
0
1.846655e-01
2.972070e-01
2.201782e-01
6.926354e-02
0
0
0
0
1.374976e-02
0
0
0
1.649267e-01
0
1.825216e-01
0
0
3.532789e-01
3.428555e-01
0
1.606521e-01
2.983067e-01
4.444432e-01
5.273087e-01
3.672378e-01
3.807148e-01
3.577956e-01
1.907311e-01
1.515759e-02
2.493076e-01
3.068276e-01
3.070072e-01
1.607545e-01
3.948554e-01
1.974331e-01
3.353269e-02
0
2.364693e-01
1.479951e-01
0
0
0
0
1.814357e-01
2.162371e-01
0
0
0
0
0
0
0
6.399810e-02
0
0
0
0
0
0
0
0
0
0
5.017510e-02
2.676023e-02
2.734175e-02
2.205591e-01
1.378210e-02
2.419452e-01
1.805889e-01
0
2.199330e-01
4.172130e-01
2.386169e-01
4.266953e-01
5.565896e-01
0
6.088770e-01
5.745035e-01
3.609855e-01
1.944430e-01
0
9.532302e-02
0
0
1.551622e-01
4.932436e-01
1.000000e+00
3.065199e-01
2.948258e-01
1.047326e-01
5.177588e-02
1.331213e-01
0
0
0
0
0
0
0
0
0
0
0
0
0
0
3.404030e-01
2.630085e-01
0
0
0
0
0
0
0
0
3.604208e-03
0
2.493906e-01
2.724629e-01
0
0
2.012099e-02
2.925115e-01
0
0
0
0
9.586840e-02
0
0
0
3.508197e-01
4.787347e-01
2.045146e-01
3.674441e-01
4.057003e-01
4.234993e-01
5.540726e-01
3.209355e-01
5.633667e-01
1.556299e-01
4.191265e-01
0
5.903202e-01
4.256351e-01
3.230931e-01
4.690054e-01
3.365810e-01
0
1.681572e-01
0
5.004259e-01
2.793560e-02
0
0
1.100907e-01
9.063462e-02
1.150470e-02
0
0
0
1.569895e-01
0
3.575241e-01
5.057569e-02
4.983985e-02
3.541693e-01
7.156339e-02
6.833258e-02
1.847947e-01
1.572316e-01
0
2.653055e-01
0
0
3.696719e-01
1.928273e-01
4.893118e-01
3.125853e-01
0
0
0
0
0
0
2.250841e-01
0
4.936321e-01
4.789140e-01
0
0
3.015895e-01
5.408579e-01
2.350896e-01
0
0
0
4.155972e-02
1.885085e-01
0
2.783154e-01
3.065199e-01
1
0
0
4.686238e-01
4.582445e-01
1.705379e-01
1.422348e-01
2.462462e-01
0
2.096546e-01
0
2.464804e-01
1.802426e-02
0
5.368551e-03
9.422195e-02
1.062247e-01
8.799557e-02
0
0
0
2.046734e-01
3.331361e-01
1.520403e-01
1.681344e-01
0
2.334771e-01
3.265166e-01
3.453492e-01
1.817475e-01
3.192786e-01
0
0
0
0
0
0
0
0
0
2.554472e-02
0
2.252848e-01
0
0
0
0
0
0
0
0
0
0
3.173719e-01
4.333415e-01
3.954242e-01
2.907024e-01
7.528834e-02
0
0
1.856878e-01
1.580248e-01
0
0
0
0
0
0
1.552381e-01
0
0
6.201178e-02
2.419442e-01
0
0
0
0
0
0
0
0
0
0
0
0
0
0
0
0
0
0
2.956062e-01
4.834830e-02
8.195640e-02
8.724211e-02
0
2.349922e-01
6.833686e-01
4.200087e-01
3.840633e-01
6.717643e-01
0
0
1.188891e-01
0
1.421763e-02
6.234875e-02
6.316693e-01
7.520567e-01
0
5.950159e-01
2.711978e-01
7.413238e-01
6.713312e-01
1.434944e-01
2.948258e-01
0
1
6.937669e-01
1.446343e-01
2.848506e-01
1.548390e-01
1.961091e-01
2.548621e-01
1.208783e-01
2.250648e-01
1.808049e-01
4.350013e-01
2.627109e-01
0
0
1.416000e-01
5.292296e-02
0
0
0
0
1.651717e-01
2.542649e-01
1.556120e-01
2.847812e-01
0
2.393927e-02
5.131940e-02
2.005389e-01
1.418896e-01
4.443212e-01
0
0
0
0
1.715429e-01
0
2.572014e-01
0
0
2.456820e-01
0
7.537113e-02
0
9.542024e-02
0
0
0
0
0
0
0
0
0
1.184803e-01
0
2.740541e-01
0
0
0
5.074712e-02
0
1.102512e-01
0
4.793412e-02
0
0
0
3.532153e-02
0
0
1.385060e-01
3.531407e-01
0
0
0
0
0
0
0
0
0
0
0
4.075910e-02
0
0
0
0
0
0
0
0
4.496233e-01
1.548920e-01
4.370838e-02
3.730409e-01
6.926684e-01
6.965460e-01
3.866966e-01
7.083202e-01
0
0
2.441184e-01
0
3.725434e-02
0
4.696259e-01
7.083938e-01
1.646721e-02
5.772206e-01
0
3.409891e-01
5.983227e-01
9.259967e-02
1.047326e-01
0
6.937669e-01
1
